50
2
-0.41067	0.061174	-0.616958	-0.864199	0.573971	0.312667	0.275042	0.151206	-0.921874	-0.284373	0.891366	-0.879911	0.728084	0.754581	-0.897613	0.304837	0.103503	0.195027	-0.032943	-0.434024	-0.404549	0.123018	-0.207905	0.577401	-0.163031	-0.712192	-0.698187	-0.889517	0.436074	-0.415365	-0.602452	0.662728	0.135982	-0.835321	0.089997	-0.682083	0.353525	-0.763055	-0.110008	0.775965	0.594535	-0.864043	0.921576	0.318411	0.437552	0.487154	0.775473	-0.732109	0.553949	0.675983	
0.65861	-0.941686	-0.219251	-0.125496	0.04127	-0.014255	-0.739141	0.968767	-0.868595	0.158568	0.16155	0.908676	-0.605112	-0.833349	0.767728	-0.968608	0.591189	0.536381	0.744088	0.83222	-0.452374	-0.527238	-0.37896	0.431287	-0.834529	0.350973	0.717049	0.385794	0.570167	-0.293437	-0.559616	-0.509255	0.454825	-0.871744	-0.092525	-0.024645	0.28175	-0.787662	0.14722	0.920692	0.031361	0.13965	0.976013	0.665742	-0.003713	-0.839697	0.742094	0.426173	0.464224	0.64724	
0.489958	-0.173875	0.029411	0.693083	0.717724	-0.378993	-0.761227	0.041919	-0.1021	0.794575	-0.013795	0.008955	-0.269753	0.566012	0.895846	-0.73997	0.322225	-0.672535	-0.382122	0.93326	-0.034291	0.081495	0.422346	0.374863	-0.926062	0.776341	-0.622832	0.564056	0.287852	-0.029202	0.85809	-0.460237	0.628358	0.390084	-0.528938	0.906605	0.170871	0.166133	-0.685581	-0.149519	-0.529956	0.201015	-0.278783	-0.662253	-0.305507	-0.570966	0.589057	0.583419	-0.670919	0.500728	
-0.888207	-0.535059	0.300193	0.436484	-0.039901	-0.324771	-0.220587	0.717594	0.022771	0.74938	0.892877	0.871467	-0.013924	0.201037	-0.58566	0.912377	0.973621	0.658758	0.075779	-0.832925	-0.372225	-0.787773	-0.590183	-0.348963	0.003218	0.756638	-0.477982	0.060274	0.687725	-0.726871	-0.199552	0.136971	-0.627918	-0.972568	0.185578	-0.96857	0.171987	-0.182674	-0.542752	-0.620233	0.826606	0.180441	-0.657611	0.428949	-0.523108	0.84361	0.442548	0.353846	0.973621	0.07949	
-0.005386	0.796255	0.923054	-0.99559	0.662204	0.114522	0.870033	0.436882	0.91617	0.518301	-0.472212	-0.728497	0.803179	0.032146	0.698873	-0.889406	-0.140096	-0.588866	0.741183	0.388068	-0.875142	0.229526	0.67857	-0.932435	0.22523	0.851634	-0.697078	0.455873	-0.698359	0.679904	-0.634764	-0.217793	-0.279594	-0.204116	0.980434	-0.602515	-0.261493	0.538788	-0.109059	0.11254	0.527601	0.999567	0.63585	-0.122084	-0.316047	-0.327977	0.758926	0.503121	-0.845759	0.052489	
0.346135	-0.024758	0.047925	0.717734	-0.328703	-0.729689	0.219394	0.32044	0.954064	0.644443	0.557314	0.885704	-0.202567	-0.395524	0.386634	0.118801	0.031693	-0.554602	0.29972	0.354753	-0.227304	-0.477176	0.997523	-0.471169	-0.670497	0.566396	-0.039536	0.906636	-0.274324	0.206072	-0.980977	0.536359	0.931774	0.371596	0.674629	-0.793956	0.576523	-0.138802	-0.649484	0.800755	0.326039	-0.568528	-0.465508	-0.689424	0.306175	0.418702	-0.875895	0.952058	-0.396494	0.313759	
0.590887	0.750188	0.411909	0.326581	-0.041834	-0.282043	0.908735	0.218341	0.713951	0.760854	-0.641588	-0.566305	-0.929271	-0.699023	-0.769235	0.80737	0.960245	0.019824	-0.107143	0.369396	-0.75188	0.397722	-0.121208	0.311574	0.593901	0.096788	-0.389498	-0.341579	-0.579208	0.574917	-0.191636	0.419733	-0.42477	-0.427749	-0.333368	0.010852	0.84364	0.44341	-0.466089	-0.925121	-0.115451	-0.42048	0.543743	-0.198804	-0.627547	0.776633	0.618681	-0.315703	-0.424617	0.239785	
0.542437	0.404224	0.75831	0.175607	-0.435137	0.208795	0.288689	-0.852513	-0.803931	-0.175006	-0.324394	-0.310637	-0.013567	-0.36741	-0.6053	-0.12318	-0.620367	0.372475	-0.207784	-0.268719	0.190557	-0.718423	0.298145	-0.766071	0.62642	-0.05247	-0.851765	-0.128761	-0.008373	-0.147935	-0.79847	0.874269	-0.094174	0.82956	0.966649	-0.164144	0.901813	-0.21048	-0.194516	-0.809985	0.644929	-0.397994	0.199398	0.192029	-0.032898	-0.944297	-0.40747	0.816178	0.077886	-0.707906	
-0.696796	-0.189379	-0.736445	0.61411	-0.122712	-0.596087	-0.582035	-0.935977	0.403049	0.405527	0.545096	0.892076	-0.023999	0.902557	-0.557225	0.79545	-0.839576	-0.995467	-0.825588	0.062535	-0.375807	0.539038	-0.162392	0.106132	-0.10286	-0.921678	-0.47861	-0.898085	-0.794463	0.670213	0.559447	0.510697	0.703343	-0.450845	-0.261044	0.817989	-0.982559	-0.385406	-0.448896	0.207705	0.629694	-0.51993	0.899769	-0.335953	-0.008704	-0.841155	-0.361985	-0.275565	0.372739	-0.374572	
0.636133	-0.579484	-0.180465	-0.523795	0.045408	0.862048	0.977051	0.912199	-0.231111	0.015626	0.016541	0.158122	-0.092655	-0.531873	0.268718	-0.721337	0.203788	-0.721528	-0.800682	0.401086	-0.050957	0.914884	-0.13608	-0.886972	-0.966078	-0.229554	-0.972588	0.058861	0.107846	0.708615	0.390471	0.31064	0.91938	-0.686082	0.814175	0.054188	-0.950209	-0.162483	0.274341	0.518098	-0.797981	0.972653	-0.886897	0.136803	0.697215	0.522806	0.333031	-0.926139	0.729216	-0.95682	
-0.973216	0.635448	-0.497928	0.081469	0.169322	0.390701	0.144246	-0.206186	-0.511854	0.55834	-0.000583	-0.75732	0.361658	-0.774188	-0.228456	0.237197	0.515123	-0.009696	0.066062	0.352475	0.602059	-0.580616	-0.483394	-0.478235	0.100107	0.645857	-0.625356	0.320245	-0.72924	-0.553213	0.330065	-0.687202	-0.794968	0.149755	-0.294866	0.687766	-0.247249	-0.560517	-0.027155	0.995349	-0.96365	-0.854023	0.750858	-0.356609	-0.479319	0.119695	0.049718	-0.018394	-0.163388	0.189166	
-0.073857	0.237195	-0.543125	-0.733252	0.484556	0.077794	0.217142	0.223438	0.492084	0.69187	-0.854979	-0.137313	-0.054324	0.263569	0.221421	-0.282302	-0.346931	-0.938546	-0.301472	-0.955953	0.465426	-0.685758	-0.527777	0.134607	0.929065	0.022032	0.322732	-0.534307	0.591978	0.805527	0.251497	0.645051	-0.750243	0.731347	-0.488435	-0.449165	-0.228842	0.775599	-0.274773	-0.995337	-0.922564	-0.118367	-0.309489	0.847828	0.346856	-0.79571	0.173548	0.031166	0.37526	-0.378822	
0.039501	-0.901224	0.252844	0.790684	0.172081	0.563107	-0.30477	-0.938652	0.68456	-0.883696	0.687846	-0.845024	-0.735534	0.846151	-0.015622	-0.055477	0.67996	0.360899	0.592972	0.59728	0.271888	-0.046861	0.027676	-0.224478	0.141653	-0.594775	0.90963	-0.462583	-0.445496	0.584754	-0.304855	-0.328089	-0.919919	0.81623	-0.409218	-0.096785	-0.081239	0.4949	-0.858604	0.545726	-0.179812	0.482949	0.158857	0.854013	-0.900098	0.203065	-0.055302	0.465639	0.724465	0.541769	
-0.84551	-0.18599	0.008592	-0.406463	-0.154156	-0.712275	0.511215	0.376899	-0.275627	0.953651	0.490213	0.632438	-0.346884	-0.98665	-0.257549	0.429367	-0.400993	0.681082	-0.283075	0.568436	0.356249	-0.496393	0.36657	0.430987	0.921289	0.727588	0.634409	-0.533351	0.178053	0.470302	0.848885	0.41824	0.484023	0.256345	-0.276883	0.614386	0.141758	-0.297141	-0.132512	-0.579698	0.272214	-0.297349	-0.31946	-0.582537	0.518366	0.559279	-0.234094	-0.225223	0.709721	0.863162	
0.437176	0.251594	0.50865	0.616361	0.279884	-0.130273	0.349368	-0.325002	-0.667611	-0.511534	-0.886418	-0.048916	0.726775	0.020089	0.386892	0.736065	0.975633	0.616547	0.820155	0.903343	0.922491	-0.25082	-0.128111	0.138974	-0.074614	0.889019	0.67323	-0.973468	-0.117656	0.052087	0.302444	0.946725	0.057306	-0.548295	0.534907	-0.810039	-0.642325	0.338741	0.645253	-0.67234	-0.639757	-0.993698	0.047718	0.112453	0.38636	-0.185193	-0.97771	0.013839	0.960063	-0.044443	
-0.407528	0.144229	0.684193	0.177429	0.686781	-0.180898	-0.793737	0.114361	-0.215448	0.508205	0.96187	0.971415	0.817284	-0.378084	0.654813	0.611371	0.033341	0.51567	-0.123513	-0.704536	-0.773995	-0.320428	-0.119996	-0.923491	-0.188284	0.198428	0.436126	-0.384747	0.087884	0.119175	0.225478	0.230605	-0.007935	0.674842	-0.775225	0.100897	0.07953	-0.894543	-0.735886	-0.617878	-0.88145	0.890116	0.285228	-0.278832	0.392426	-0.175845	0.431861	-0.155312	0.753463	0.667157	
-0.114648	0.027485	-0.616962	-0.383014	0.122594	0.665304	0.996323	-0.004863	-0.866492	0.946933	0.32648	-0.808772	-0.310263	-0.497036	-0.23593	0.570352	0.124718	-0.354392	-0.515019	0.073184	0.033239	-0.979321	0.049789	-0.317221	-0.935641	-0.728668	0.020999	-0.340488	0.903044	-0.529357	0.754113	0.163831	0.576082	0.209634	0.702083	0.566958	0.944775	0.796524	-0.971792	0.298253	0.664444	0.589141	0.262824	0.5632	0.808704	-0.961039	0.967701	-0.856109	0.98806	-0.664814	
0.071759	0.994567	0.126697	-0.559288	-0.175497	0.124344	-0.410128	-0.935339	-0.08318	0.729866	0.722532	-0.508326	0.00651	0.014186	-0.112664	-0.993358	6.8e-05	-0.088604	-0.186772	0.146956	0.555941	0.500707	-0.204022	0.109351	0.021468	0.457752	-0.922448	0.82868	-0.893377	0.262476	0.645048	-0.109133	-0.397273	-0.059633	-0.329776	-0.084334	0.825696	0.331345	-0.209056	-0.364274	-0.140087	-0.996039	0.914193	0.232211	-0.455055	0.121885	-0.023257	-0.430308	-0.443473	0.137714	
-0.485733	-0.376378	-0.945426	-0.124224	0.684061	0.554527	0.170437	0.63335	-0.994133	0.570077	0.872455	0.007196	0.105244	-0.976761	-0.522049	0.277043	0.259627	0.287242	0.222888	-0.521184	-0.726579	-0.527959	-0.43801	-0.102207	0.467073	0.289691	-0.820756	-0.103155	-0.942617	0.551121	-0.041001	-0.747482	-0.642354	0.181575	-0.902176	-0.744621	-0.596671	0.063607	-0.604531	-0.171911	-0.066808	-0.17282	0.198582	0.555416	0.22444	0.551676	-0.590015	0.396195	-0.891465	-0.717308	
-0.885961	-0.760105	-0.306097	0.416791	0.21099	0.133576	-0.468427	0.453251	-0.89433	-0.8398	-0.294548	0.993601	-0.386907	0.591739	0.193181	0.456274	-0.907734	-0.40611	0.062091	-0.966049	-0.56382	-0.107693	0.057325	-0.09972	0.204356	0.714396	-0.102656	0.013983	-0.918516	0.407466	0.248252	-0.6282	-0.322646	-0.699615	-0.771239	-0.738321	0.554113	-0.979932	0.641317	0.901067	0.13942	0.509009	0.534853	-0.852092	0.56836	-0.795012	-0.580269	-0.641555	-0.617032	-0.349605	
0.651842	-0.346879	0.792101	-0.182253	0.143701	0.333247	0.648661	-0.900008	-0.805119	-0.958106	-0.046869	-0.183083	0.584409	0.248133	0.114251	-0.053816	0.458836	-0.386213	0.950725	-0.286593	-0.707641	-0.358867	0.474114	-0.647396	0.171464	-0.825781	0.508137	-0.320273	0.290537	-0.060286	-0.3018	0.058502	0.744541	-0.660723	-0.230428	0.917018	0.091819	0.634909	-0.254467	0.788943	-0.560633	-0.738273	-0.498202	-0.772626	-0.815168	0.189554	0.384039	0.200386	-0.049809	0.582377	
0.120852	-0.369859	0.649308	0.43128	-0.985152	-0.611424	-0.326692	-0.847612	-0.860218	0.787177	-0.53541	0.237096	-0.347384	-0.574633	-0.118015	-0.959893	0.604064	-0.806199	-0.519184	0.653419	-0.070309	-0.872086	-0.889283	-0.277752	-0.634453	0.256644	0.38813	-0.988327	0.782488	0.384791	0.900877	0.079791	0.28106	0.063959	-0.437817	0.176218	-0.72361	-0.404996	-0.473451	0.617652	0.995779	-0.568726	0.402732	0.99072	0.89348	0.702393	0.133913	-0.477231	-0.261156	-0.488258	
0.837787	-0.266467	-0.901854	-0.152366	-0.141187	0.795066	-0.705743	0.003044	-0.096358	-0.488608	0.197362	0.214117	-0.465123	-0.160311	-0.194241	0.936174	-0.062552	-0.679867	0.787389	-0.012486	0.578072	0.194073	-0.640132	-0.883443	0.749186	-0.241455	-0.320922	-0.560139	-0.607901	-0.889481	0.423216	0.276083	-0.641502	-0.177916	-0.210079	0.572353	0.438327	-0.871961	-0.847391	0.859928	0.023751	0.363749	0.221201	0.714287	0.962207	0.914599	0.537741	-0.440654	0.473912	0.773437	
-0.490524	-0.964809	0.301141	-0.013082	0.661745	0.420737	0.483938	0.865598	0.458344	-0.568923	-0.133275	0.783627	0.924968	-0.961477	-0.187404	0.067217	-0.16032	0.684276	-0.647053	-0.9275	-0.574723	-0.55748	-0.193845	-0.684783	-0.764557	0.353241	-0.009459	0.992433	-0.095651	-0.684578	0.621132	0.581881	0.759661	0.84744	0.130191	-0.459512	-0.584065	-0.563768	-0.725814	0.863094	0.492894	-0.504261	-0.687383	-0.817179	-0.36798	-0.374882	-0.214872	0.375446	0.921716	-0.08953	
0.795098	-0.279104	0.834118	-0.137912	0.783681	0.505491	0.98531	0.325646	-0.864226	-0.377348	0.189286	0.969075	0.700225	0.477331	-0.718641	-0.51938	0.932116	-0.015006	0.936697	-0.21137	0.442927	0.325804	0.441172	0.214004	-0.303597	0.186489	0.401926	-0.834875	-0.124426	0.518708	-0.084962	-0.577841	-0.837299	0.460824	-0.369283	0.793524	-0.767015	0.117077	0.584993	-0.185128	-0.674903	0.169225	0.122742	-0.293594	0.179648	-0.828727	0.467934	-0.522593	0.593661	-0.849471	
-0.730735	0.224019	-0.777707	-0.266781	-0.533294	-0.809526	0.438183	-0.938273	-0.748628	0.657535	-0.086903	0.263006	-0.321917	-0.099557	0.750691	-0.434297	0.629162	-0.516628	-0.9259	0.403745	0.267424	0.430722	0.540761	0.506019	0.146917	0.386026	0.283861	0.526175	-0.712237	0.315657	-0.357261	-0.571225	-0.188428	0.442421	0.51605	-0.789285	-0.292022	-0.141049	0.601028	0.085865	-0.579182	-0.163515	-0.306977	0.026322	-0.729677	0.292063	0.543793	-0.024385	-0.26419	0.985644	
0.988508	0.147412	0.478396	0.162109	0.498817	-0.6307	-0.668541	-0.082685	-0.582819	-0.216899	-0.323398	-0.652613	-0.265201	0.546683	0.561428	0.434729	-0.531455	0.814966	0.605531	-0.537014	-0.167367	0.798432	0.089404	-0.535127	0.705405	-0.764786	-0.425072	0.840204	0.405711	-0.837377	-0.758095	-0.310051	0.992536	0.065344	0.812129	-0.049157	-0.511642	-0.373622	0.194671	-0.00412	0.54494	0.875512	-0.927101	0.632186	0.421951	-0.423626	-0.373134	0.148294	0.00547	0.838771	
-0.411908	0.516089	0.985457	0.231587	0.179197	0.709069	0.267077	0.120745	0.545627	0.736841	-0.104541	0.118362	-0.374526	0.326289	0.55295	-0.903624	-0.278762	0.225594	0.030615	-0.178829	0.620336	-0.989222	-0.099296	-0.61527	-0.470004	-0.288758	-0.741696	-0.62232	0.087929	-0.473181	0.304886	0.975183	0.765514	0.448708	0.745879	-0.015891	0.394001	0.323894	0.966406	-0.663495	0.40376	0.45596	0.356803	-0.036185	-0.839938	0.195146	-0.102838	-0.47481	0.235425	0.752014	
-0.138827	-0.540754	0.356018	0.416768	-0.599992	-0.72186	0.237105	0.37967	-0.025554	-0.006756	0.328745	-0.59585	0.331436	-0.73832	-0.691034	-0.679823	-0.968339	0.415936	-0.990704	-0.368727	-0.244177	-0.899022	-0.91802	0.013059	-0.267816	-0.218386	-0.488098	0.236872	0.306442	-0.357321	-0.239378	0.059715	-0.21465	-0.257399	0.569369	-0.1912	0.453779	0.646137	0.511429	0.759377	-0.339596	0.514252	0.335208	0.410212	-0.456941	0.03141	0.398121	0.194073	0.5398	-0.908397	
0.63337	0.304693	0.022572	0.087674	0.592635	-0.398931	-0.176918	-0.680641	-0.161268	-0.681031	0.731844	-0.427596	-0.75124	-0.814256	-0.383971	-0.057992	0.992606	0.293468	0.138117	-0.101735	-0.852674	-0.707605	0.408988	0.544649	-0.255658	0.096502	-0.742375	-0.653457	0.589876	-0.430809	0.571236	0.050444	-0.871173	0.081819	-0.658905	0.030315	-0.006108	0.016547	-0.491884	-0.518945	-0.038047	0.372773	-0.823551	0.247896	-0.497717	0.45842	0.641819	-0.411718	0.48169	0.058164	
0.738448	0.35049	0.040739	0.876881	-0.630282	0.192615	-0.503291	-0.901683	0.479701	0.601758	0.884185	0.895127	0.037271	0.351977	0.482109	-0.917218	-0.481408	-0.612542	-0.298031	0.772032	-0.566426	0.027107	-0.521567	-0.585324	-0.180226	-0.674459	0.900783	-0.221814	-0.311343	-0.451734	0.204141	-0.976422	0.048394	-0.853511	0.986016	0.070007	0.419525	-0.902357	-0.772371	-0.905628	0.566251	0.281006	0.623156	0.250966	0.44077	0.002542	-0.027408	-0.682482	-0.463597	0.267671	
0.066131	-0.191543	0.686884	-0.856905	0.279318	0.178589	0.069597	0.144587	-0.168667	-0.950924	-0.419034	0.493011	-0.696325	-0.502999	-0.812037	0.020131	0.630339	-0.193848	-0.942743	-0.365615	0.241527	0.533208	0.388914	0.405981	0.13964	0.377735	0.312152	-0.394441	-0.013824	-0.932587	-0.591648	-0.366131	-0.493341	0.600467	0.110355	0.098104	-0.849237	-0.787624	0.610219	-0.697866	-0.357695	0.066274	0.587646	0.241343	-0.016757	0.747944	-0.656765	-0.474728	0.137187	-0.95828	
-0.153294	-0.620234	-0.374694	-0.144242	0.721199	0.718098	0.676444	0.01904	0.637215	0.731744	0.986402	-0.426759	0.419667	-0.895935	0.535381	-0.456717	0.391931	0.081823	-0.054989	-0.108356	-0.632632	-0.994701	-0.334872	-0.428665	0.723781	-0.878275	0.53482	0.559712	-0.92482	0.124005	-0.650164	-0.628501	0.874317	-0.79978	0.380911	-0.60838	0.118428	0.235847	0.013067	0.503061	-0.16288	-0.653934	-0.745669	-0.243243	-0.337299	0.834884	-0.818581	0.805583	0.516322	-0.64181	
0.225464	-0.712372	0.582478	0.42228	-0.869099	0.744479	0.240279	0.171116	0.878882	-0.446282	0.475071	-0.835064	0.537734	0.164039	-0.172991	0.525017	0.505728	-0.405487	-0.156055	-0.628254	0.080948	0.307202	0.117096	-0.901174	-0.985015	-0.88541	0.717927	-0.70831	0.812914	-0.182985	0.913335	0.814444	-0.379234	-0.341025	0.806599	-0.861186	-0.551571	0.230132	0.258383	-0.078843	-0.796191	-0.337201	-0.98923	-0.859059	-0.311282	-0.606193	-0.522204	-0.599548	-0.748166	0.7323	
-0.319803	0.75294	0.83239	-0.698014	-0.292001	-0.447094	0.662413	-0.971593	-0.929447	-0.830953	0.737909	0.229924	0.441989	-0.599747	0.486062	0.290845	-0.155257	-0.993104	-0.769587	-0.567417	-0.940332	-0.86206	-0.805502	0.991463	-0.573697	0.172443	-0.741836	-0.897556	0.763336	0.289137	0.48353	-0.261572	0.285974	-0.303101	-0.948993	-0.975883	-0.515986	-0.140576	-0.469442	-0.466838	0.601206	0.850809	-0.486484	0.453621	-0.702486	0.257329	0.270169	0.84097	0.01805	0.442947	
0.278397	0.378041	0.127539	0.484421	-0.681751	-0.547053	0.990293	0.794147	0.32126	0.975397	-0.759031	0.991881	0.5221	-0.445718	-0.358451	-0.195377	-0.539235	-0.723018	0.374005	-0.251586	-0.252488	-0.294064	0.089638	-0.232108	-0.149264	0.218837	0.618396	-0.288327	-0.494638	0.725708	-0.050224	-0.005459	0.033332	0.190945	0.353665	0.771614	-0.2105	0.348074	-0.563371	0.80221	0.283676	-0.074817	0.654816	-0.526107	0.937095	0.433642	-0.727278	0.877906	0.20833	0.43871	
-0.563346	0.852167	0.935926	0.573374	-0.673426	0.482728	0.229231	0.73142	-0.087598	0.919308	0.997407	-0.197843	0.441944	0.957247	0.60731	-0.27601	0.577723	0.149086	-0.106013	0.876943	0.891776	0.845077	-0.36279	0.625274	0.078543	0.462312	0.946031	0.10313	-0.131582	0.476038	-0.111037	0.324096	0.056631	-0.829347	0.090258	-0.765259	-0.984316	0.256098	0.649373	0.544016	0.298506	-0.189533	-0.338998	-0.99819	0.461001	0.739598	0.601349	-0.039572	-0.966794	-0.067448	
-0.487596	-0.427846	-0.674122	0.547939	0.154891	0.438065	0.805355	-0.860637	-0.524436	-0.62014	0.587225	0.529324	0.892191	0.000331	-0.068321	-0.766052	0.279486	-0.378681	0.585415	-0.130433	-0.977439	-0.23653	-0.571787	-0.29884	-0.540581	0.764636	0.43677	0.325223	0.523029	-0.09853	-0.071868	0.391483	-0.781756	-0.29115	-0.292587	-0.583457	-0.917511	-0.489851	0.275102	0.903968	0.008222	0.561679	-0.250014	0.762124	-0.736715	0.477726	-0.226305	-0.098481	-0.530714	-0.225861	
0.071297	0.388443	0.456621	-0.353584	0.987174	-0.310035	-0.00564	0.275714	0.596568	-0.467619	0.986142	0.966969	0.086761	0.419388	-0.913751	0.956194	-0.952147	0.184378	0.791174	-0.953034	0.540988	0.693751	-0.919648	-0.036203	-0.323936	0.496811	-0.964739	0.805095	0.819498	0.106218	-0.697544	-0.840326	0.568652	-0.472581	-0.980949	0.730602	0.211626	0.719349	-0.751334	0.35392	-0.535537	0.058757	-0.034401	-0.960548	0.63267	-0.20562	0.131933	0.739958	-0.217559	0.216955	
0.478095	-0.704085	-0.603758	0.110261	-0.05414	0.66258	0.356031	-0.898671	0.874014	-0.988096	-0.064188	0.522527	-0.384264	-0.433906	-0.043338	0.737972	-0.487589	0.387386	-0.068784	-0.82328	-0.168267	-0.108423	0.879273	0.625679	0.460035	0.479597	-0.97162	-0.04226	0.352192	0.261949	0.377557	0.229203	0.675068	-0.599446	-0.251163	-0.120907	0.516598	0.927803	0.364974	-0.793697	0.293893	0.852768	-0.797249	0.148771	-0.058261	-0.147139	0.415376	0.392287	0.415226	-0.338193	
0.711252	-0.237321	0.572317	-0.12089	0.512324	0.574295	-0.076757	0.681872	0.591374	0.437126	0.748196	-0.301022	0.574699	0.714353	0.839592	-0.35765	-0.95708	0.461746	-0.462629	0.694033	-0.380408	0.429488	0.375955	-0.691813	-0.346476	-0.732062	-0.898517	0.833311	0.477892	-0.191391	-0.590586	-0.472341	-0.525425	0.858647	0.344221	-0.157023	0.547772	0.664524	0.074337	0.493928	0.072887	-0.545181	0.260573	-0.002867	-0.516521	0.793192	-0.558373	-0.751266	0.64474	-0.933547	
-0.664406	-0.850412	-0.078601	-0.394297	-0.944853	0.622908	-0.398124	-0.112188	0.968004	0.145016	0.39607	-0.734812	-0.808991	0.460849	-0.237262	0.06728	0.054541	0.382625	-0.813603	0.619909	0.264403	0.238321	0.067842	-0.190142	-0.873039	0.394783	-0.941709	0.313561	0.866961	-0.517508	0.593162	0.931092	-0.947385	0.408089	-0.670874	-0.976513	0.368478	-0.365585	0.366572	0.018735	-0.390252	0.037325	-0.054649	0.208651	-0.055116	-0.798132	0.056377	-0.037418	-0.17167	0.657905	
-0.10775	0.219159	-0.437463	0.885925	-0.850657	0.254794	-0.439026	0.480907	0.457446	0.404685	-0.915358	0.624405	-0.734906	-0.327749	-0.069516	0.024298	-0.870605	-0.098468	-0.20809	0.622969	-0.505238	-0.208626	-0.750565	-0.99981	0.209412	-0.319912	0.683815	-0.616896	0.722744	0.112764	-0.541906	-0.77135	-0.341781	0.281608	0.411787	0.300067	0.130623	0.865375	0.483562	0.632887	-0.896357	-0.795847	-0.987149	0.695708	0.352826	0.566718	-0.149914	0.546937	-0.651695	-0.352078	
0.227597	0.531444	0.03624	-0.443088	-0.457867	-0.717276	0.327821	0.440203	-0.51724	0.902544	-0.78144	0.06379	0.443408	0.133826	0.222029	-0.035211	0.22515	-0.216909	-0.334551	-0.665033	0.399103	-0.290562	-0.908108	0.962587	-0.333139	0.389741	-0.021143	-0.999088	0.860082	0.106607	0.509245	-0.929284	-0.082692	0.617169	0.373322	-0.270029	-0.046472	0.769922	0.856403	0.646885	0.179276	0.299183	0.648596	0.257412	-0.010517	0.592408	0.37716	-0.70793	-0.804905	0.937508	
0.205549	0.869076	0.913996	0.825391	-0.582746	-0.426858	0.799149	0.116654	0.627936	-0.243666	-0.392874	0.645573	0.957265	0.020241	0.74991	0.429147	0.157188	0.033546	-0.966088	0.39323	-0.101089	0.872422	-0.685262	0.795727	0.182663	-0.686786	0.408253	-0.608668	0.147346	0.537937	-0.484283	0.418725	-0.496519	0.109724	-0.540465	0.732666	-0.042483	0.437803	-0.843533	-0.978061	-0.272411	-0.790782	-0.977498	-0.143711	-0.363193	0.551064	-0.661322	0.052638	-0.139522	-0.924542	
0.227606	-0.578088	-0.319165	-0.930522	-0.954902	0.678036	0.412255	-0.785666	-0.113756	0.934695	-0.699476	-0.812566	-0.533051	-0.37616	0.322279	0.942219	0.138591	-0.453982	0.241653	0.447481	-0.729178	-0.125646	-0.762483	-0.137356	-0.112725	0.205921	-0.721273	0.691104	0.512797	0.631648	0.985766	0.502624	0.396598	-0.63008	-0.278489	-0.570702	0.131141	0.316901	-0.826184	0.407559	-0.202703	-0.775049	-0.920446	-0.639445	-0.678147	0.207346	-0.609886	-0.804234	0.59297	-0.050409	
0.733654	0.588237	0.783696	0.783589	-0.36388	0.609972	0.226723	-0.07876	0.912312	-0.821881	0.721994	0.803903	0.525367	-0.959268	-0.612574	-0.828597	0.896879	-0.876678	0.131748	-0.198101	0.802485	0.551273	-0.893555	-0.875614	0.952631	0.577011	0.638038	0.954168	0.716304	0.835026	-0.672955	0.938949	0.195694	0.666369	0.883545	-0.293055	0.772329	0.060217	-0.103303	0.579133	-0.324808	-0.460943	0.806995	0.617262	-0.165508	0.565826	0.84281	-0.765533	-0.588786	-0.607367	
0.785183	0.173943	-0.827312	-0.584053	-0.947938	0.696203	0.649307	-0.647183	-0.208062	-0.513615	-0.162943	-0.456069	0.795258	0.290713	-0.456805	-0.686384	-0.747534	-0.045202	0.8434	0.437793	0.87833	-0.387601	-0.285552	0.240986	0.194564	-0.553873	-0.225606	-0.285406	0.242259	0.153929	-0.416784	-0.115491	-0.718736	0.775446	-0.749175	-0.20642	0.565932	0.475402	0.022724	0.634967	-0.982894	-0.622046	0.230372	0.410232	-0.643552	0.983959	-0.379054	0.903668	-0.567584	-0.133724	
0.649677	-0.264623	0.610344	-0.53563	0.602291	0.284613	0.80557	0.361415	0.118791	-0.282828	0.924485	-0.138155	0.775701	-0.920318	0.762612	0.401452	0.184479	0.8385	0.623296	0.364328	0.646782	0.111432	-0.968786	0.056216	0.531063	-0.765495	0.703368	0.667441	0.010282	-0.237427	-0.420866	0.945748	-0.529952	0.860691	0.417362	-0.238764	0.581534	-0.27577	0.652428	0.414688	0.15971	0.529221	0.018462	-0.837582	-0.246468	0.296482	0.424474	-0.805832	-0.291452	-0.695939	
-0.635688	0.634381	-0.165655	0.429223	0.130882	-0.892276	0.12042	-0.119731	-0.507451	-0.940447	-0.327927	-0.539544	-0.628756	0.021929	0.524632	0.641999	-0.772508	0.949857	-0.348778	0.07864	-0.005575	0.65378	0.415825	0.887939	-0.172693	0.186687	0.084002	0.489554	0.837294	-0.772457	0.245366	-0.274144	0.161934	-0.768914	0.681215	-0.190371	0.056006	-0.516035	-0.323254	0.610188	0.011117	-0.474017	0.92048	-0.917664	0.999147	-0.912425	0.485402	-0.266179	0.586528	-0.683597	
-0.524753	-0.571334	-0.06237	-0.420897	-0.455471	-0.899515	0.666738	0.301519	0.580825	-0.483007	0.846209	-0.944457	0.322152	-0.962744	-0.143654	0.40694	0.261563	-0.956542	-0.22748	0.877324	-0.74961	0.941777	0.680822	0.268819	0.311756	-0.832523	0.110794	-0.879127	0.80857	-0.862255	-0.556328	-0.690236	0.078782	0.113261	0.246222	0.238091	0.023325	0.452212	-0.802723	-0.19239	-0.881559	0.089685	0.181328	-0.150825	-0.732654	0.214996	-0.530009	-0.661883	-0.103442	-0.239864	
0.888907	-0.915133	-0.832558	0.807392	-0.479805	-0.616492	0.657989	-0.526616	-0.725653	0.686315	0.44615	-0.877864	0.087213	0.149683	-0.11932	0.764365	-0.54366	-0.050042	0.935032	0.39866	-0.145188	0.035066	0.024168	0.530418	-0.965761	-0.368542	0.940925	0.79957	-0.907626	0.842333	0.401909	-0.347969	-0.86182	0.004892	-0.773222	0.108554	0.727688	-0.479171	-0.322321	0.227329	0.8008	0.221948	0.271142	0.366926	-0.81481	0.387468	0.057252	-0.149109	-0.174001	0.92212	
-0.011278	0.441269	0.429334	-0.438013	0.349253	-0.579275	-0.094429	-0.766565	-0.749555	-0.518683	-0.263584	-0.138991	-0.707328	0.559271	-0.952526	0.373874	0.258209	0.120807	-0.239603	0.007602	0.602813	-0.026443	0.257946	0.432771	-0.878906	0.052305	0.949933	0.238884	0.810112	0.604701	0.442314	0.301996	-0.673786	-0.674402	0.337329	-0.422011	0.552728	0.816932	0.324963	0.376408	0.195381	0.812756	-0.948907	-0.322568	-0.716917	0.777746	-0.019957	-0.163487	-0.397639	-0.653006	
-0.221237	0.520889	-0.825977	-0.838395	0.551824	0.277672	-0.268982	0.537437	-0.602141	-0.450377	-0.930332	0.136742	-0.494683	-0.803366	0.46682	-0.37253	0.110843	-0.747789	-0.845645	0.965505	0.990076	-0.027062	-0.957097	-0.654382	0.225371	0.71402	-0.224418	0.605803	0.841971	-0.071357	-0.203099	-0.08516	-0.012267	-0.26576	0.787968	-0.668686	0.70798	-0.38953	-0.192922	0.052278	-0.802679	-0.226519	-0.239205	0.839065	0.685857	-0.676477	0.270033	0.028225	0.444378	0.993322	
0.457057	0.693106	-0.808435	0.116696	-0.349258	-0.462073	-0.748787	-0.381974	0.130388	-0.82289	-0.009238	-0.03456	-0.470664	0.012001	-0.387145	0.743154	0.208912	-0.478627	0.701239	0.736527	-0.919194	0.551803	-0.72037	0.118818	0.864452	0.949093	-0.779015	0.671375	-0.639877	0.806342	0.00399	0.64285	0.333174	-0.388299	0.748185	0.42267	0.786231	0.157871	-0.633588	0.244029	-0.05467	0.849647	0.251535	-0.274504	0.374934	0.692338	-0.569327	0.035342	0.515569	-0.202743	
0.650101	0.101092	0.026506	0.635982	-0.536206	0.410152	-0.549753	0.328874	-0.82925	-0.677805	-0.720015	0.54443	0.042415	-0.228555	0.525261	-0.755492	-0.535921	-0.847494	-0.167367	0.867711	-0.853126	-0.105456	0.46894	0.56136	-0.368572	-0.727475	-0.014907	-0.621758	-0.324672	-0.209176	-0.509815	-0.171338	0.927921	-0.364511	-0.055007	0.193315	-0.601873	-0.370863	-0.419358	-0.008322	0.647393	-0.857625	0.044149	-0.85154	-0.659637	0.389814	-0.237656	-0.030186	0.324091	-0.746984	
0.53329	-0.209375	-0.791812	0.335511	-0.673434	-0.581414	0.465608	-0.163358	0.139621	0.012275	0.574538	-0.123935	-0.408779	-0.381536	-0.775148	0.054207	-0.414832	-0.068837	-0.048516	0.655315	-0.058116	0.241387	-0.853387	0.323398	-0.895956	-0.149407	0.447673	-0.448859	0.999595	0.377429	0.480412	-0.954074	0.978295	0.939435	-0.062599	0.987705	0.161138	0.170611	0.437902	0.472155	-0.958242	-0.088048	-0.434434	0.738489	0.585083	0.443253	0.375178	-0.105589	0.32749	0.751937	
-0.158123	0.057195	-0.443816	-0.88996	0.709964	0.801302	-0.588932	0.67176	0.719369	-0.254079	0.422314	-0.420655	0.61673	-0.060429	0.946245	-0.70111	-0.532113	0.692621	0.078542	-0.98271	-0.632396	-0.875227	0.801759	0.652694	0.309387	-0.854117	0.79546	0.896907	-0.958909	-0.260626	0.220257	0.857803	-0.034015	0.976791	-0.775804	-0.283037	0.978823	-0.382081	-0.710429	-0.994799	0.905788	-0.571671	0.58751	0.891208	0.361592	-0.283583	0.169523	0.234484	-0.271253	-0.981427	
0.870034	0.728451	-0.197743	0.735758	-0.084374	0.886856	-0.770943	0.963636	-0.734127	0.536018	-0.005675	0.747552	0.665382	0.504545	0.964044	-0.702815	-0.142906	-0.30809	0.527758	-0.289774	-0.327302	-0.195012	0.144899	-0.241256	-0.671513	0.633158	0.849514	-0.492235	-0.875164	-0.558428	-0.251362	0.031854	0.907779	0.45485	0.861804	-0.470936	-0.491173	0.01264	0.561709	0.653191	0.908506	-0.759846	0.369354	-0.690609	-0.571653	-0.13135	-0.460181	0.112695	0.600547	-0.797182	
0.163695	-0.698505	-0.858852	-0.815381	-0.081404	0.655587	0.995304	0.331077	-0.841641	0.125001	0.948511	-0.189216	0.87231	-0.854005	-0.860503	-0.921296	0.292459	-0.616862	0.615578	0.762789	-0.979172	-0.849722	0.082381	-0.556574	0.021588	-0.791696	0.855745	-0.344227	0.432756	0.115053	0.385309	-0.142181	-0.409208	0.831755	-0.526663	0.103461	-0.342897	0.44344	-0.508622	-0.2104	-0.616203	0.40755	-0.62632	-0.125407	0.398581	0.434854	-0.486321	0.761046	0.005657	-0.851089	
0.322589	-0.834397	-0.514008	-0.309831	0.26953	0.000252	-0.46463	0.397444	-0.869473	0.275485	-0.83486	0.660166	-0.739782	-0.437097	0.23745	0.971478	-0.825065	-0.615036	0.92909	0.769583	-0.534172	-0.376813	-0.24625	-0.649403	-0.655909	0.054953	-0.990364	-0.691366	0.427897	-0.914091	-0.169837	0.516271	0.558473	-0.688711	-0.582055	0.574091	0.329307	-0.167334	-0.792792	0.054552	-0.529672	0.481906	0.716381	-0.97594	0.996358	-0.498265	0.291289	0.812705	-0.631686	0.525565	
-0.429554	0.942918	0.156361	-0.349922	-0.325681	0.790537	0.369347	-0.107679	-0.135531	-0.637205	-0.800004	-0.51643	-0.280354	0.137838	0.585333	-0.554575	-0.096933	0.952714	0.09053	0.301929	-0.773934	-0.276928	0.896122	0.137333	0.904821	0.026797	-0.939967	0.220182	-0.372345	-0.934413	0.080117	-0.612936	-0.792712	-0.005623	-0.665352	0.536779	0.494668	0.861045	-0.037791	0.822792	0.683869	0.208901	0.255069	0.799097	-0.065613	0.535228	-0.777606	-0.483066	-0.798103	0.393996	
-0.700425	-0.143974	0.586707	0.52434	-0.630932	-0.923134	0.615468	-0.342553	0.870798	-0.447611	0.680061	-0.433653	0.50929	0.876651	0.049897	0.651812	0.07402	0.415149	-0.043645	0.465224	0.480854	-0.538612	0.78001	0.103266	0.800877	-0.538536	-0.96468	0.095552	-0.592562	-0.322747	-0.954776	-0.338341	0.800292	-0.325682	0.652365	0.868365	0.429207	-0.884095	-0.434964	0.903252	-0.861364	-0.403807	0.123285	-0.347948	-0.711004	0.541293	-0.537382	-0.212584	0.500994	0.638788	
-0.444591	0.972585	0.405385	-0.804409	0.156679	0.33971	-0.324664	0.290478	0.666823	-0.241519	0.950199	-0.409074	-0.407605	-0.89561	-0.958452	-0.678977	-0.000118	0.221839	0.688281	0.083746	0.597214	-0.773657	-0.56425	-0.122661	-0.5736	0.432972	-0.041599	-0.596827	0.63391	0.339178	0.070718	0.308779	-0.733096	0.93847	0.309086	-0.213541	-0.491858	0.615894	-0.865388	-0.714699	0.018511	-0.208938	0.094933	-0.721117	-0.888956	-0.148037	-0.486084	-0.848293	-0.069491	-0.882315	
-0.68825	-0.292132	-0.998701	-0.950896	-0.942836	-0.633262	0.635134	-0.491601	-0.475949	-0.891808	0.69398	0.4605	0.823951	-0.629226	0.306344	0.988156	-0.352217	0.416074	-0.451292	-0.290131	0.984852	-0.308547	-0.572281	-0.106769	-0.858439	0.927786	-0.070089	-0.777804	0.467479	0.056348	-0.713418	-0.465418	-0.95825	-0.935861	0.623933	-0.374808	-0.393731	0.286402	-0.447649	-0.298511	-0.889312	0.443051	0.429061	0.957851	-0.169899	-0.446721	-0.264525	0.579409	-0.877872	0.258941	
0.671695	-0.796918	-0.514132	0.575854	-0.504678	0.581452	0.59008	0.079043	-0.784798	0.507452	-0.426002	-0.001369	0.953295	0.614713	0.811277	0.155125	-0.108623	0.07741	-0.792078	0.443689	0.103131	-0.965086	-0.111843	0.945613	0.828285	-0.712914	-0.858055	0.406804	0.950475	0.42807	-0.090314	0.676909	0.747104	-0.296851	-0.408837	-0.287691	-0.508047	0.641385	-0.961136	0.117697	-0.94827	-0.952533	-0.151661	0.88401	0.374475	0.084618	0.099902	0.908897	-0.104694	0.772501	
-0.27826	-0.949135	-0.118621	-0.171749	-0.297995	0.419023	-0.581297	-0.544079	-0.308448	-0.168459	0.316748	-0.699362	0.535101	-0.051191	0.731657	0.873557	0.076305	-0.118022	-0.286935	0.016338	0.449881	-0.673891	-0.884638	0.552395	0.532637	0.840406	-0.631342	0.395461	0.706836	-0.991496	-0.56859	0.626245	-0.231016	-0.681706	0.968199	0.827799	0.382487	0.479379	0.174012	0.771195	-0.123453	-0.035234	0.806049	-0.358333	0.837862	0.905437	-0.070425	-0.303162	0.110293	0.827341	
0.423239	0.145427	0.355641	0.634127	0.201054	-0.116237	-0.773189	0.393658	0.35434	0.281209	0.467283	-0.730938	-0.628566	-0.155393	-0.356927	-0.195547	0.503678	0.981966	0.459497	-0.754352	0.273265	-0.336011	-0.474852	0.371957	-0.177148	-0.376333	-0.152763	-0.169387	0.289995	0.078286	-0.350194	-0.762932	-0.471873	0.48016	-0.748607	0.903245	0.830572	0.245154	0.463924	-0.701287	0.483918	0.110968	-0.598644	-0.586642	-0.339765	0.103725	-0.973544	-0.797335	-0.040984	-0.420683	
-0.343774	0.721152	0.266553	0.173986	0.607205	0.873135	-0.546755	0.293957	0.119123	0.72852	-0.846303	-0.140348	-0.376581	0.036599	-0.209919	0.542958	-0.913405	-0.909303	0.869465	0.032457	0.6665	0.364445	-0.353297	0.876178	0.002915	0.333196	0.174438	0.518353	0.894276	-0.211338	0.562497	-0.475037	0.427031	0.814011	0.434867	-0.320683	0.899884	0.145626	-0.921093	0.34161	-0.319546	-0.002038	0.405438	0.901856	0.584613	-0.039838	0.441706	-0.621238	0.853194	-0.316392	
0.191818	0.746803	-0.046558	-0.975652	0.746992	0.228825	-0.309996	0.593106	-0.487719	0.674551	0.118963	-0.836231	-0.063914	-0.307671	-0.667737	-0.045878	0.170773	0.434342	-0.70041	-0.729747	-0.841202	0.605146	-0.819318	0.105417	-0.728779	0.510484	-0.836594	0.25734	-0.751533	-0.777167	0.150409	-0.77901	-0.800576	0.856214	-0.985937	-0.103555	-0.495966	-0.878474	-0.731676	0.097378	-0.452286	-0.76429	0.675312	0.820959	0.952216	0.05143	0.545726	-0.451641	-0.033742	0.909752	
0.697042	-0.095863	-0.473006	0.815375	0.439185	0.570097	0.702471	0.899252	-0.540489	-0.915315	0.879473	0.165371	-0.493439	0.820679	0.345457	-0.139408	0.006667	0.882874	-0.061422	0.860925	-0.350396	-0.002645	0.430884	0.113094	-0.28799	0.055774	0.78033	0.617976	0.893363	0.352021	0.98783	-0.772131	-0.904505	0.013694	0.250022	-0.902068	-0.862416	0.962602	-0.59914	-0.242743	-0.514803	-0.671518	-0.125293	0.101628	-0.660835	-0.281221	-0.636166	-0.25351	0.092417	0.470466	
0.385718	-0.787227	0.109463	0.778551	-0.780787	-0.570694	-0.898765	-0.066108	-0.284417	-0.453025	-0.592292	0.976934	0.721358	-0.659573	0.91739	0.577356	0.801874	-0.316204	0.267203	0.770961	0.25102	-0.896557	0.444066	-0.092774	-0.812392	-0.215465	0.008498	0.139488	-0.898333	-0.322959	0.60469	0.003163	0.649164	0.480373	0.336924	-0.528288	-0.416765	0.081442	-0.641356	-0.546915	-0.13373	-0.208452	-0.341786	-0.983533	0.694026	-0.064408	-0.095188	0.048541	0.448334	-0.314437	
0.879908	-0.164008	-0.917219	-0.799752	0.157155	-0.476711	0.87715	0.442694	-0.771616	0.616569	0.423771	0.082172	0.58064	0.91165	-0.688104	0.630073	-0.901794	0.912053	-0.546696	-0.720213	-0.347136	-0.737966	-0.63078	0.725624	0.303744	-0.406275	0.78868	-0.427124	-0.007551	-0.682416	-0.409881	-0.21571	-0.5809	0.428703	-0.109349	0.471703	0.851599	0.494844	-0.539189	0.39135	-0.811465	0.039652	0.570954	-0.275274	-0.13696	-0.772813	-0.511384	0.72781	-0.102686	-0.361907	
-0.720917	-0.679817	0.312711	-0.247592	-0.778249	0.502633	0.714668	-0.811561	-0.901168	-0.956401	-0.709061	-0.073788	0.291589	0.638535	0.649138	0.194105	0.955883	0.656459	0.284391	-0.775323	0.589652	-0.110838	0.612651	0.408167	0.246773	0.517025	0.870686	0.010665	-0.210211	0.686607	0.787204	0.419711	0.322164	0.252133	0.304126	-0.707405	0.339335	0.982961	-0.479187	0.082594	-0.688878	-0.278225	0.064215	-0.206272	-0.685424	0.905428	0.012582	0.763957	-0.638685	0.96656	
-0.816108	0.72688	-0.008432	-0.94529	-0.29628	-0.22759	-0.102243	0.098713	0.544871	0.46866	0.735673	-0.929217	-0.547014	-0.272465	-0.004708	-0.065347	0.904169	0.448735	0.656046	0.3064	0.028671	-0.804317	0.610934	0.423867	-0.278347	-0.198652	-0.764258	-0.650034	-0.225847	-0.385628	-0.971434	0.543789	0.213763	-0.617365	0.795471	0.526535	-0.479889	0.672488	-0.264864	0.371377	0.064046	0.103783	0.655623	0.464525	-0.802503	0.044258	0.132984	-0.087307	0.020016	0.021758	
-0.257999	0.309728	-0.322244	0.248695	0.992982	-0.571993	0.835223	0.006165	0.597209	-0.806565	-0.363983	-0.422177	-0.260967	-0.281754	0.998909	-0.203828	0.018561	0.600715	0.710076	-0.609857	-0.919309	-0.875896	-0.46134	0.667369	-0.536495	-0.540806	0.053197	-0.555236	-0.710448	-0.28775	-0.213023	0.957354	-0.217458	0.857521	-0.151604	-0.040153	0.375246	0.363835	0.239874	-0.178313	-0.461433	0.824821	-0.48932	-0.051759	-0.225319	0.35708	-0.602722	-0.753683	0.918558	-0.995264	
-0.041398	0.923569	-0.372318	0.985563	0.121624	0.391813	-0.431232	-0.947149	-0.155879	-0.711325	-0.023723	0.09497	-0.967326	-0.994314	-0.560998	-0.138355	-0.560337	-0.468886	0.756928	-0.688009	0.928518	0.277084	0.200791	0.794069	-0.810519	0.488531	0.348533	-0.506189	0.326804	0.106353	0.267556	0.358627	0.730617	-0.099247	-0.607196	-0.481805	0.438211	-0.25519	-0.83966	-0.75703	-0.836426	0.355103	0.587794	-0.917748	-0.13083	0.428183	-0.182866	-0.409823	0.812166	0.169951	
0.092186	-0.449562	0.218723	-0.482209	-0.539166	-0.329109	-0.555538	0.936478	-0.411337	-0.449964	-0.907629	0.547095	0.352916	-0.620253	-0.636642	-0.181579	-0.971563	0.306982	-0.798635	-0.134906	-0.279975	-0.22523	-0.862767	-0.084399	-0.105668	0.89668	-0.034533	-0.120877	0.790361	-0.918894	-0.978052	0.541939	0.72693	-0.041347	0.787771	-0.622842	-0.258453	-0.847469	-0.102297	0.203925	-0.383589	-0.112419	0.766473	-0.985985	-0.571827	0.565718	-0.51007	0.375836	0.147689	-0.105762	
0.408618	0.30933	-0.349733	-0.662873	-0.751504	-0.175391	-0.183846	0.898682	-0.866484	-0.91188	0.970513	-0.274577	0.464018	0.853577	0.780477	0.91786	0.5919	0.746889	-0.732621	-0.763848	0.945929	-0.857237	0.608424	-0.423582	0.523877	-0.386257	0.056455	0.393027	-0.086879	0.513145	-0.514629	-0.949881	-0.442118	-0.030047	0.455662	0.931338	-0.743469	0.822379	-0.299842	0.579652	-0.671752	-0.272406	0.419243	0.608984	0.654252	0.788026	-0.506443	-0.986923	0.770724	-0.472734	
-0.104518	0.829634	-0.590952	-0.94207	-0.846959	-0.944262	-0.213675	0.511514	-0.334561	-0.712998	-0.629085	0.812911	0.343064	-0.318092	0.519619	0.700348	0.261422	0.067425	0.624812	-0.341156	0.862275	-0.113286	0.127807	0.168819	0.748232	-0.416934	0.973212	0.954706	0.090011	-0.721544	0.102002	-0.866473	0.903875	0.226445	0.967108	0.957039	0.489757	-0.381151	-0.879783	0.297958	-0.672969	-0.248099	-0.308643	0.162855	0.186159	0.169664	0.032452	0.938625	0.351848	-0.642662	
-0.660805	-0.078593	-0.09326	-0.456981	-0.518356	-0.495326	-0.877358	0.305831	0.262946	0.387283	-0.672813	-0.988619	0.733443	0.390147	0.825041	-0.119546	0.902666	-0.950855	-0.985193	0.780812	-0.804983	-0.957081	0.27643	0.275387	-0.554581	0.835712	0.825259	0.518011	-0.724508	-0.429769	-0.192875	0.646701	-0.3485	0.547695	-0.084341	0.757562	0.226773	-0.631585	0.182603	-0.092436	-0.888652	0.381741	-0.562703	-0.380439	0.94503	-0.840472	-0.493601	0.429482	-0.24571	-0.650542	
-0.943154	-0.514029	-0.747623	0.00509	-0.5258	-0.297832	0.75645	-0.279388	0.54287	-0.859323	0.512804	0.191337	0.8271	0.112946	-0.633507	0.634671	0.321575	0.700142	-0.835174	-0.918829	0.231416	-0.508959	-0.933759	0.594558	0.986598	-0.211695	0.339692	-0.690438	-0.037715	-0.927934	-0.910467	0.923919	0.547486	-0.047578	-0.075423	-0.392396	-0.005134	0.28312	-0.497354	0.975949	-0.057902	0.167421	-0.402383	-0.528347	-0.790075	-0.313737	0.93499	0.987251	0.051778	0.597707	
-0.589574	-0.84101	0.122842	-0.194893	0.119053	-0.955977	-0.0327	-0.319297	-0.651547	0.33018	-0.805781	0.706725	-0.607321	0.810406	0.238197	0.432876	-0.107579	-0.634857	-0.779081	0.645502	-0.290089	0.822282	0.443154	0.309802	0.768838	0.941209	0.207699	0.674441	-0.112616	0.009314	-0.371739	0.876032	0.697299	0.552688	0.894834	-0.918467	-0.997579	-0.16969	-0.340842	-0.760605	0.375407	0.23934	0.097566	-0.274159	-0.344828	0.598481	0.61418	-0.156392	-0.233269	0.056096	
-0.084069	0.40423	-0.840634	-0.508911	0.372959	-0.198906	-0.308792	-0.130304	-0.235288	0.257111	-0.000441	0.476918	-0.932723	0.256051	-0.06824	0.069663	0.136928	-0.454981	0.544747	0.804406	-0.999887	0.70817	-0.86606	0.630264	-0.072238	-0.355085	-0.653556	0.273072	-0.013233	0.399988	-0.415714	-0.680267	-0.299142	-0.805359	-0.318956	-0.35542	-0.131211	0.626694	0.448481	-0.407448	-0.892039	0.691792	-0.048143	-0.366922	-0.417751	-0.05938	-0.560029	0.782341	-0.311632	-0.055434	
-0.385283	0.26942	0.502709	-0.207838	0.155684	0.887233	0.13358	-0.617749	-0.108232	0.358875	-0.913208	-0.120054	0.111822	-0.390334	0.410128	0.849721	0.582667	0.339537	0.60223	0.169735	0.351631	-0.955715	0.128439	-0.555547	-0.916278	0.909107	-0.010142	0.254589	0.65606	-0.621863	-0.041537	0.907113	0.327551	-0.673763	0.056833	-0.410613	-0.967684	-0.465437	-0.884606	0.902928	-0.612932	0.321632	-0.59758	-0.981041	0.1316	0.450522	-0.41667	-0.979643	-0.817716	-0.752559	
0.253554	0.585797	-0.282837	0.860743	0.082085	0.144187	0.849001	0.395355	-0.198417	0.007415	0.415241	-0.759951	0.547276	-0.024209	-0.602823	-0.052552	-0.647492	-0.873727	0.655875	-0.227174	-0.303659	0.87769	0.199801	-0.485997	0.286361	0.443569	0.383761	-0.701692	0.997764	-0.124521	0.69705	0.30987	0.552358	0.715681	-0.197699	-0.839436	0.689313	0.363929	-0.268706	0.680556	0.123722	-0.858108	-0.555608	-0.240667	0.405957	0.354599	0.127276	-0.236162	0.612134	-0.014572	
0.371845	-0.630193	0.440216	0.655793	-0.343646	-0.553914	-0.407989	0.095889	-0.548542	0.672342	-0.11022	-0.664657	-0.4283	0.021037	-0.015314	0.475785	-0.015725	0.047783	-0.222024	-0.735108	0.735799	-0.263286	-0.432109	0.483283	0.151435	-0.693749	0.585359	-0.65055	0.299277	0.30628	0.053125	-0.487074	-0.056625	-0.858242	0.901853	0.654845	-0.406987	-0.264211	0.023319	-0.069407	-0.895942	0.721304	-0.117652	-0.31226	0.262784	-0.187199	0.674867	-0.214377	0.761	-0.539106	
-0.217961	-0.965973	-0.990196	-0.699083	0.437874	0.034015	0.559766	-0.798654	-0.352313	-0.499349	-0.431593	0.496629	0.255863	-0.188419	-0.469218	-0.354558	0.990176	0.868094	0.329105	-0.13581	-0.30764	-0.784911	0.960889	0.11285	-0.613456	-0.871663	0.935552	0.477433	0.480336	-0.864597	0.252189	-0.825808	0.97343	0.716715	-0.232332	0.963702	0.428979	0.379461	0.44408	0.720542	0.504098	0.050832	-0.301926	-0.223361	-0.090359	-0.390463	-0.596133	-0.052431	0.000318	-0.181016	
-0.444813	0.830279	0.591492	-0.43609	-0.743041	0.931861	0.765946	0.963855	-0.281357	0.348046	0.422173	0.365182	0.717931	0.197135	0.572929	-0.278965	0.829523	0.516423	0.954799	-0.392245	0.78727	-0.898584	0.942513	0.546564	0.923663	-0.284238	-0.3248	0.008306	-0.489143	0.46307	-0.974604	-0.393164	-0.736299	-0.477228	-0.885769	-0.999578	0.514297	0.085954	0.834433	-0.448328	-0.229891	0.426851	-0.855041	-0.85488	0.806492	0.493892	0.224372	0.367413	-0.10257	-0.806063	
-0.846618	0.562811	0.000688	0.044663	-0.705707	-0.379493	-0.067455	-0.00033	-0.668613	0.961652	-0.234633	0.553108	0.085497	0.165426	-0.526931	-0.9915	0.36949	-0.7593	0.965687	-0.5205	0.343571	0.523842	0.527201	-0.576549	-0.178241	0.942807	0.519499	0.513704	-0.870052	0.234135	0.390831	0.279842	-0.403064	0.98368	0.341187	0.507032	-0.218453	0.775167	-0.400134	0.099459	-0.953905	-0.00056	0.231387	-0.751212	0.324621	0.288578	0.151323	0.965809	-0.101249	0.052349	
0.463324	-0.90604	0.145034	-0.898027	-0.32201	0.74207	0.264193	-0.580318	-0.856803	0.964856	-0.733136	-0.758021	-0.397848	-0.843661	-0.153984	-0.249276	0.676419	-0.641128	0.647787	-0.582715	-0.983921	-0.504568	0.529334	0.998357	-0.297837	-0.232378	0.009125	0.479478	-0.974094	-0.476914	-0.403733	-0.534487	0.400851	0.714822	-0.489409	0.707892	0.881753	-0.552379	-0.333768	0.183229	0.205231	-0.350322	0.225969	-0.594087	0.510273	-0.220738	0.919037	0.866515	0.880496	-0.404309	
-0.843143	-0.780967	-0.844748	-0.303907	-0.973424	0.839541	0.832914	0.031145	0.441588	0.838554	0.4405	-0.047854	0.08029	-0.624785	0.221102	0.576939	-0.424632	-0.756936	0.045638	0.429149	-0.589038	0.687039	0.371169	0.322513	0.793624	0.952195	0.388166	0.963304	-0.961075	-0.872312	-0.254914	0.948615	0.160296	-0.397116	0.57204	0.270317	-0.580452	0.903863	-0.45793	-0.752619	0.850398	0.632598	0.204505	-0.012612	-0.305512	0.151865	0.769801	-0.701017	-0.479747	-0.146283	
0.254749	-0.92964	0.699658	-0.6713	0.140749	0.167603	-0.272112	0.582359	-0.202396	-0.70746	0.43474	0.127289	0.843927	0.747088	-0.3347	0.579767	0.294202	0.304025	0.056642	-0.944004	-0.693458	-0.00972	-0.981344	0.276381	-0.644001	0.468009	-0.38185	0.881258	0.393199	-0.713814	0.822939	-0.335325	-0.809455	0.934099	-0.065093	-0.345595	-0.652492	0.187428	0.294476	0.272599	-0.087547	0.337651	-0.505273	0.005595	-0.264637	-0.882532	0.956801	-0.754791	-0.44178	-0.141002	
0.242487	0.554162	0.405392	-0.473935	0.593022	0.540304	-0.579513	0.721063	0.750316	-0.482952	0.706125	0.04637	-0.376623	0.587306	0.400535	0.341474	-0.898176	-0.898693	0.965333	0.168276	0.167082	0.598225	-0.94748	0.671122	0.299009	0.604163	0.502003	-0.648346	-0.157183	-0.318291	-0.667901	0.791137	0.452516	-0.822462	-0.883147	0.910586	0.970457	-0.458953	0.183837	0.541759	-0.683632	0.122229	-0.227771	-0.993286	0.060803	-0.162514	0.83792	0.440675	-0.583179	-0.82615	
0.013699	0.446115	-0.491271	-0.552317	0.364699	0.422947	-0.395074	0.520033	-0.926322	0.862196	-0.571798	-0.295577	0.469797	0.425405	-0.407118	0.723074	0.643229	0.820912	-0.600694	-0.143387	-0.911766	-0.774056	-0.072645	-0.434692	-0.541129	-0.016791	-0.043966	-0.364437	0.639189	-0.192016	0.910129	-0.254593	0.684401	0.06949	0.735504	-0.987143	0.244993	-0.027358	-0.840112	-0.22088	0.367349	0.544804	0.562851	-0.544798	-0.115114	0.311453	-0.040567	0.696487	-0.875361	0.041187	
0.779067	0.860967	0.469455	0.909334	0.392303	-0.451502	0.55954	-0.363676	0.946829	-0.295022	0.437927	-0.967252	-0.344529	0.321282	0.698371	-0.009824	-0.760371	0.560301	-0.847544	0.559228	-0.722293	0.327875	0.120571	0.929505	0.785326	0.49824	-0.476012	-0.580859	0.446243	-0.902931	-0.024091	-0.50576	0.3931	0.168941	0.264813	0.791012	-0.881675	0.060644	0.104018	0.034878	-0.205816	-0.345012	0.880504	0.428588	-0.052951	0.459237	-0.90185	-0.413221	-0.269509	-0.827109	
-0.338619	0.542005	-0.278486	0.348285	0.743707	0.615636	0.659723	-0.803185	0.770425	0.348643	0.536913	-0.659942	0.749049	0.463177	0.856527	0.099827	0.124275	-0.898515	0.595298	0.977436	0.762205	0.28499	0.526785	-0.483934	0.06971	0.24169	0.439105	-0.725011	0.084551	0.549665	0.462929	-0.406902	-0.827701	0.400067	0.759823	0.739427	0.658009	-0.020159	0.913939	-0.859671	0.634176	0.242912	0.360098	-0.635694	0.668046	0.919996	0.652337	-0.562557	-0.309054	0.903283	
-0.759314	-0.154747	0.89766	-0.645409	-0.813868	0.615107	0.558458	-0.469683	-0.354695	-0.61571	0.939728	-0.061668	0.162764	-0.336976	0.884861	0.350224	0.543147	-0.982411	0.543658	0.956044	-0.418793	0.78308	0.676522	-0.343757	0.311425	0.553433	-0.496541	0.911863	0.860922	0.236433	0.350447	0.086645	0.145922	0.155687	0.293585	0.135157	-0.738703	0.720573	0.945603	0.214603	-0.532071	-0.709544	-0.424349	0.437181	-0.438582	0.417171	0.484236	0.145345	0.944458	0.408685	
0.897183	0.906167	0.62591	-0.460664	0.025525	-0.660123	0.738062	0.303146	0.491888	0.249508	0.415174	-0.625129	0.254891	-0.075703	0.896717	0.993471	0.34065	0.419872	0.133026	0.428299	-0.886206	0.588416	0.62349	-0.951823	0.650551	0.218444	-0.446079	-0.717338	0.522264	-0.975743	0.200493	0.513831	-0.636043	-0.661156	-0.889681	0.70845	-0.260122	-0.239623	0.94191	-0.485138	-0.053607	0.911341	-0.173249	-0.454245	0.261041	-0.838019	0.796957	-0.502738	-0.009988	0.884579	
-0.728625	-0.986643	-0.227598	0.704731	-0.716935	0.304881	0.805172	-0.881291	-0.627575	-0.593082	0.421557	0.795425	-0.944492	0.157412	0.518624	0.264763	-0.374265	0.834608	0.346284	-0.676703	0.943127	0.554561	-0.789501	-0.217617	0.877541	-0.196083	-0.152904	-0.481015	-0.384081	0.669298	0.602384	-0.561331	-0.663004	-0.459045	-0.717308	0.536773	0.246139	0.677279	-0.545734	0.718057	0.666709	0.752043	0.402935	-0.405803	0.878445	-0.960382	0.539022	-0.779186	-0.640628	-0.545119	
0.031319	0.016152	0.003211	0.001346	0.040957	0.012764	0.043921	0.003552	0.024365	0.033684	0.022975	0.039904	0.037752	0.018631	0.012213	0.030019	0.023473	0.010877	0.033895	0.031897	0.015144	0.007599	0.023864	0.00399	0.025116	0.036184	0.025341	0.003435	0.004918	0.010026	0.014521	0.027609	0.017427	0.001898	0.004428	0.031525	0.026406	0.007145	0.010524	0.027852	0.007741	0.022191	0.016913	0.023325	0.031546	0.01649	0.036331	0.004999	0.02618	0.016425	
0.031184	0.031504	0.003307	0.028465	0.023802	0.026124	0.017047	0.032378	0.002569	0.028157	0.035798	0.016629	0.023297	0.005485	0.022401	0.031196	0.030427	0.037199	0.001147	0.008092	0.015531	0.022647	0.010771	0.008173	0.030727	0.028285	0.031453	0.023222	0.029303	0.036666	0.007216	0.027933	0.023527	0.000843	0.018825	0.009261	0.03734	0.002382	0.004289	0.032404	0.000159	0.028603	0.002177	0.026051	0.01139	0.007648	0.007486	0.018092	0.027931	0.033457	
0.006293	0.033751	0.000747	0.011906	0.038132	0.041238	0.004528	0.008881	0.013576	0.020011	0.013322	0.018172	0.043193	0.004468	0.023807	0.034468	0.030154	0.037862	0.004342	0.031907	0.005909	0.038424	0.019996	0.017975	0.019707	0.01082	0.015326	0.029335	0.036604	0.023066	0.024887	0.007444	0.037201	0.014546	0.00446	0.021245	0.028673	0.015032	0.006181	0.037427	0.022227	0.011333	0.037532	0.017032	0.001357	0.022691	0.001427	0.011569	0.02541	0.014406	
0.022835	0.020395	0.022648	0.00491	0.005246	0.00563	0.028843	0.022333	0.03145	0.010505	0.001907	0.02361	0.026698	0.003422	0.027272	0.034508	0.019684	0.022206	0.03412	0.010861	0.020165	0.018692	0.019903	0.009766	0.027893	0.010148	0.031573	0.036661	0.02196	0.002274	0.034276	0.029951	0.015357	0.034867	0.035935	0.01981	0.006201	0.001679	0.02932	0.020211	0.00045	0.027126	0.03666	0.029462	0.017118	0.000263	0.005945	0.035993	0.027081	0.014177	
0.019934	0.004469	0.016905	0.023752	0.015847	0.017013	0.01056	0.024951	0.022551	0.004222	0.017372	0.015625	0.005719	0.003796	0.006259	0.036832	0.039949	0.013799	0.028016	0.018659	0.010125	0.017538	0.013745	0.028525	0.030482	0.036802	0.036035	0.016812	0.018023	0.038967	0.016479	0.020051	0.035947	0.037937	0.010954	0.037846	0.035202	0.038518	0.034933	0.033554	0.013605	0.007312	0.003536	0.000889	0.011336	0.007646	0.00174	0.022189	0.023108	0.013934	
0.016724	0.022946	0.025898	0.012946	0.003612	0.037191	0.032294	0.017006	0.034157	0.024343	0.020632	0.034827	0.016481	0.022732	0.02748	0.032247	0.027146	0.034988	0.027477	0.012316	0.026648	0.014199	0.035006	0.008001	0.012882	0.019501	0.010731	0.03243	0.021333	0.004368	0.039521	0.007301	0.0183	0.001501	0.009909	0.006801	0.01412	0.005022	0.006131	0.012346	0.033259	0.028895	0.006568	0.00745	0.006063	0.018367	0.014527	0.036761	0.028635	0.029981	
0.014807	0.00601	0.0389	0.002779	0.000745	0.010085	0.002968	0.022849	0.032176	0.041468	0.017651	0.022305	0.028258	0.017348	0.02962	0.002209	0.028374	0.025752	0.024736	0.019592	0.024084	0.007923	0.009131	0.020818	0.007425	0.016384	0.02636	0.034209	0.005052	0.012861	0.01988	0.007185	0.01754	0.035362	0.028898	0.01882	0.029382	0.011382	0.039289	0.004027	0.011789	0.025989	0.027223	0.023194	0.01412	0.03431	0.03017	0.038285	0.012081	0.018195	
0.021718	0.019357	0.003896	0.005442	0.002023	0.013116	0.017093	0.020604	0.019122	0.033286	0.025835	0.01211	0.032891	0.024909	0.031556	0.022782	0.014006	0.028793	0.001864	0.037346	0.026349	0.025781	0.008561	0.017065	0.014341	0.000534	0.028756	0.03232	0.023891	0.011847	0.02826	0.016954	0.02322	0.015891	0.012934	0.038994	0.018257	0.024365	0.006484	0.000602	0.037733	0.023087	0.029244	0.019982	0.02591	0.021275	0.02495	0.028234	0.013454	0.012976	
0.003811	0.033068	0.001396	0.024295	0.017981	0.012648	0.025867	0.023416	0.031607	0.032	0.0222	0.031204	0.033019	0.004929	0.007288	0.018096	0.028252	0.019428	0.037468	0.036162	0.002236	0.00754	0.004674	0.01499	0.00697	0.038229	0.031362	0.018862	0.020292	0.026585	0.000655	0.002302	0.029301	0.02174	0.032312	0.03774	0.000656	0.01445	0.024514	0.011541	0.007218	0.026093	0.012932	0.028006	0.012446	0.033068	0.006156	0.017866	0.031456	0.033673	
0.030322	0.038592	0.023744	0.024375	0.017087	0.003913	0.004262	0.014126	0.021172	0.005612	0.029896	0.000875	0.008764	0.036891	0.02112	0.03726	0.006362	0.005265	0.002514	0.015899	0.023702	0.010053	0.032428	0.03424	0.013012	0.013436	0.031682	0.018933	0.028494	0.03742	0.023009	0.014005	0.001986	0.037988	0.012032	0.003211	0.016941	0.003691	0.037077	0.009618	0.032313	0.031211	0.012862	0.026759	0.037677	0.022187	0.004573	0.039581	0.006009	0.035819	
0.032101	0.007604	0.020881	0.020476	0.018108	0.034701	0.035679	0.001706	0.007965	0.028665	0.020652	0.016616	0.040451	0.039541	0.04016	0.015519	0.008941	0.004727	0.037832	0.000795	0.021751	0.027361	0.004408	0.035912	0.029798	0.017928	0.02234	0.030637	0.034013	0.011787	0.017278	0.020603	0.033875	0.027461	0.027536	0.00371	0.001354	0.000628	0.023824	0.004863	0.010421	0.014084	0.020965	0.03538	0.007772	0.023355	0.004963	0.014937	0.001683	0.036253	
0.034114	0.033202	0.010379	0.023883	0.011288	0.006112	0.014789	0.037367	0.025682	0.010747	0.002735	0.026327	0.014613	0.009672	0.018656	0.016886	0.028242	0.009441	0.031138	0.041758	0.036215	0.016063	0.028476	0.009858	0.030982	0.029032	0.031472	0.006725	0.005464	0.009933	0.02455	0.013686	0.041994	0.010447	0.03441	0.003777	0.006452	0.005315	0.002328	0.034363	0.010581	0.007566	0.010093	0.020307	0.019389	0.026763	0.018234	0.04049	0.029152	0.028852	
0.039264	0.016913	0.015672	0.03871	0.030147	0.031275	0.007438	0.021515	0.015817	0.016605	0.033872	0.020069	0.03135	0.002343	0.007084	0.021958	0.037361	0.008655	0.025603	0.032634	0.022061	0.018414	0.00038	0.008658	0.000535	0.026975	0.017391	0.026412	0.003035	0.015701	0.02735	0.01864	0.008079	0.001484	0.031917	0.004926	0.038048	0.034909	0.017925	0.011204	0.033851	0.000138	0.023628	0.032767	0.028262	0.012351	0.003122	0.028009	0.022637	0.026906	
0.002544	0.032278	0.008318	0.020807	0.00963	0.017382	0.025023	0.02605	0.013602	0.040579	0.029476	0.001467	0.018907	0.027124	0.023875	0.010663	0.018628	0.014653	0.033128	0.011059	0.013647	0.038395	0.011232	0.008287	0.028651	0.006306	0.031085	0.011046	0.000646	0.001644	0.017648	0.001227	0.036564	0.042294	0.029085	0.036816	0.001029	0.00107	0.005004	0.039941	0.013709	0.02992	0.03315	0.014029	0.033146	0.024877	0.028803	0.036784	0.031661	0.007111	
0.024821	0.000215	0.00345	0.011786	0.03436	0.012556	0.043518	0.000425	0.010323	0.031635	0.010715	0.037379	0.023299	0.005124	0.0406	0.01705	0.002179	0.037812	0.041635	0.019255	0.004868	0.028532	0.026645	0.011995	0.024045	0.020806	0.008475	0.016688	0.024506	0.03256	0.039389	0.004081	0.004262	0.015482	0.012481	0.0195	0.030779	0.013329	0.025637	0.016587	0.011203	0.02268	0.02096	0.03791	0.021857	0.031323	0.018726	0.008687	0.001993	0.035877	
0.041899	0.004291	0.013493	0.024532	0.023099	0.037458	0.009589	0.029488	0.02442	0.030558	0.016924	0.003214	0.001773	0.010045	0.027086	0.034526	0.030278	0.03371	0.023999	0.012068	0.037443	0.038104	0.001959	0.033109	0.037398	0.007489	0.014458	0.039553	0.031053	0.000635	0.026312	0.024387	0.021664	0.004811	0.024144	0.002686	0.018009	0.009909	0.010141	0.018279	0.01546	0.005302	0.028679	0.002847	0.032347	0.015552	0.011486	0.015922	0.024505	0.013907	
0.036406	0.014999	0.035816	0.023737	0.00865	0.023026	0.022181	0.033097	0.005467	0.008117	0.009942	0.035908	0.024486	0.011171	0.020584	0.001978	0.015058	0.029022	0.004418	0.014359	0.001406	0.018573	0.026971	0.012086	0.038861	0.038114	0.021513	0.011363	0.021523	0.012473	0.034452	0.005844	0.008366	0.027257	0.024603	0.004117	0.005468	0.022112	0.031289	0.029622	0.007739	0.024471	0.031416	0.009169	0.026176	0.028256	0.031973	0.03291	0.008879	0.024576	
0.025826	0.011668	0.031657	0.030592	0.001607	0.014626	0.02731	0.014347	0.026932	0.006258	0.020135	0.006228	0.035626	0.022719	0.029872	0.002745	0.019111	0.011432	0.01223	0.031008	0.011007	0.012821	0.004676	0.009568	0.036895	0.023078	0.025172	0.021347	0.025403	0.00671	0.037194	0.018896	0.012067	0.030089	0.007904	0.035854	0.03723	0.024452	0.033883	0.007859	0.014158	0.035842	0.002827	0.031243	0.034893	0.022654	0.011528	0.008666	0.012111	0.022044	
0.021177	0.010205	0.012522	0.03308	0.023315	0.013376	0.027434	0.011498	0.035171	0.036183	0.024961	0.020696	0.025867	0.009097	0.006055	0.01383	0.000909	0.025987	0.036052	0.035926	0.02138	0.018804	0.004394	0.02438	0.017924	0.027396	0.014503	0.032324	0.018809	0.011087	0.026902	0.029184	0.031776	0.022327	0.019261	0.031799	0.006796	0.026679	0.014382	0.001138	0.003357	0.032387	0.030323	0.01693	0.030611	0.008001	0.012409	0.012546	0.023563	0.005287	
0.000447	0.010982	0.013385	0.006562	0.020988	0.006442	0.016347	0.012289	0.004682	0.034991	0.022377	0.006372	0.027085	0.042096	0.03731	0.026077	0.025147	0.022458	0.023632	0.035005	0.002738	0.008024	0.007156	0.002445	0.028997	0.03505	0.022575	0.015089	0.030339	0.017552	0.012492	0.000526	0.032239	0.03648	0.010176	0.031216	0.034158	0.016653	0.020595	0.021277	0.016994	0.01954	0.030875	0.017536	0.007027	0.035508	0.022293	0.009774	0.032217	0.027785	
0.005844	0.022873	0.029619	0.044085	0.044897	0.006087	0.018259	0.035052	0.002105	0.006584	0.032444	0.014352	0.035403	0.038201	0.039803	0.014754	0.044512	0.002482	0.01102	0.005408	0.033545	0.027076	0.024215	0.035923	0.019295	0.016192	0.020147	0.018159	0.024475	0.024227	0.002808	0.00553	0.02155	0.013689	0.001757	0.006502	0.001788	0.00433	0.034995	0.021368	0.027381	0.022528	0.029105	0.006578	0.007285	0.028378	0.003355	0.016845	0.030013	0.017177	
0.020679	0.000274	0.004831	0.034804	0.042302	0.027418	0.002969	0.025675	0.009305	0.028565	0.018512	0.044591	0.031951	0.024825	0.021256	0.024473	0.0249	0.004382	0.001595	0.036585	0.029306	0.043433	0.007606	0.004825	0.020828	0.010278	0.035824	0.000327	0.042106	0.031597	0.02799	0.001037	0.015066	0.02487	0.000285	0.008184	0.021999	0.018073	0.007908	0.008585	0.035784	0.01533	0.027487	0.042226	0.027667	0.01496	0.008599	0.001829	0.006296	0.029803	
0.002006	0.028209	0.009749	0.013343	0.030313	0.003852	0.00112	0.029603	0.009895	0.038924	0.025498	0.011366	0.03578	0.033176	0.02354	0.004457	0.010402	0.036943	0.036674	0.011398	0.019774	0.03125	0.029755	0.023587	0.001097	0.003164	0.006153	0.003417	0.03386	0.029382	0.039106	0.039753	0.019511	0.018612	0.022756	0.014342	0.007375	0.014599	0.033917	0.019943	0.001254	0.017118	0.033864	0.02715	0.030363	0.004585	0.018	0.035534	0.002342	0.022189	
0.038391	0.012341	0.01743	0.004441	0.005645	0.031184	0.029768	0.009919	0.01971	0.018003	0.037813	0.007273	0.022618	0.017081	0.007354	0.023729	0.021152	0.033832	0.035633	0.016645	0.014188	0.01927	0.01785	0.034853	0.031451	0.016037	0.015231	0.005816	0.012912	0.013496	0.031353	0.00589	0.022576	0.035032	0.007959	0.027732	0.037951	0.030865	0.030461	0.002458	0.010028	0.025553	0.026099	6e-06	0.019993	0.011315	0.015507	0.02698	0.019135	0.022041	
0.024831	0.014544	0.026458	0.016429	2e-06	0.004108	0.016225	0.037468	0.010826	0.018402	0.012936	0.03237	0.033397	0.009881	0.028831	0.010699	0.012188	0.02826	0.021152	0.030585	0.003026	0.000752	0.034456	0.026476	0.040548	0.005055	0.039264	0.00823	0.006593	0.014325	0.028901	0.019276	0.03144	0.023263	0.001512	0.04097	0.030177	0.020151	0.03104	0.011114	0.003328	0.020269	0.015665	0.022335	0.019589	0.037959	0.004555	0.025545	0.02419	0.020404	
0.001532	0.034653	0.019581	0.035009	0.019523	0.02649	0.035196	0.031294	0.009252	0.014522	0.012496	0.005497	0.0341	0.03548	0.014704	0.013445	0.022597	0.020712	0.019289	0.030427	0.022028	0.036194	0.020536	0.005346	0.011193	0.023426	0.007449	0.032928	0.004672	0.029148	0.000343	0.028154	0.012355	0.004002	0.006276	0.008574	0.027591	0.021987	0.030022	0.006954	0.010317	0.00882	0.015826	0.023316	0.021782	0.03434	0.036843	0.034482	0.005382	0.033915	
0.011297	0.036923	0.011805	0.007634	0.000796	0.003066	0.023642	0.0398	0.022054	0.022476	0.035392	0.009979	0.042771	0.030086	0.046142	0.038669	0.033205	0.025491	0.012256	0.011314	0.01322	0.011003	0.011303	0.031682	0.034887	0.002994	0.046192	0.01531	0.030432	0.034058	0.035436	0.003734	0.012746	0.02768	0.010636	0.013006	0.016344	0.004431	0.006907	0.013002	0.006931	0.018701	0.000812	0.014239	0.014813	0.017491	0.041005	0.009438	0.02848	0.008289	
0.026055	0.025175	0.017759	0.004806	0.018425	0.034867	0.026667	0.022314	0.016923	0.006204	0.008244	0.032634	0.005402	0.004245	0.001012	0.003637	0.034051	0.009415	0.015557	0.036989	0.010866	0.004391	0.032638	0.019627	0.018319	0.020415	0.025789	0.038586	0.035828	0.035451	0.029673	0.016054	0.025345	0.029152	0.015584	0.009853	0.00628	0.018244	0.014442	0.023367	0.019308	0.020885	0.01207	0.008511	0.033216	0.016315	0.004415	0.033911	0.037319	0.033765	
0.027449	0.018241	0.024186	0.025735	0.031201	0.041533	0.029139	0.030089	0.02677	0.009264	0.012101	0.028949	0.025164	0.001079	0.039121	0.008726	0.020118	0.025456	0.029123	0.019253	0.037742	0.029711	0.010705	0.023209	0.003451	0.012105	0.002159	0.033712	0.034996	0.012444	0.022787	0.010844	0.001842	0.022295	0.035246	0.004874	0.012798	0.006422	0.003956	0.008632	0.012353	0.038778	0.007927	0.01601	0.006994	0.009655	0.041664	0.035764	0.011008	0.01722	
0.02818	0.027919	0.009467	0.031291	0.022878	0.028732	0.029747	0.022999	0.015566	0.001201	0.020483	0.008704	0.00946	0.030927	0.02251	0.019965	0.031471	0.022338	0.033213	0.032991	0.02731	0.010878	0.021068	0.033588	0.033268	0.027253	0.015328	0.007359	0.000126	0.021726	0.00869	0.028074	0.022613	0.032052	0.036274	0.030189	0.003371	0.017694	0.022852	0.010773	0.014187	0.008888	0.030328	0.006684	0.009701	0.017854	0.008847	0.009795	0.016896	0.016292	
0.01397	0.040475	0.013349	0.004773	0.002268	0.001511	0.031809	0.03609	0.031707	0.004112	0.007317	0.006513	0.031114	0.000428	0.004999	0.014757	0.009836	0.032527	0.027492	0.001222	0.032542	0.011574	0.025724	0.040282	0.005696	0.039193	0.002868	0.036876	0.023903	0.023833	0.038506	0.030949	0.033002	0.005375	0.007416	0.034564	0.022759	0.033853	0.036133	0.001355	0.016295	0.032794	0.035965	0.015047	0.009893	0.012243	0.01549	0.005311	0.017514	0.036776	
0.026353	0.021229	0.015312	0.016651	0.030171	0.02394	0.014119	0.035698	0.034379	0.038996	0.016941	0.008378	0.033608	0.038149	0.021555	0.009171	0.035266	0.017775	0.022654	0.033339	0.005767	0.013666	0.024649	0.0005	0.002061	0.027727	0.019521	0.030614	0.030674	0.037339	0.028209	0.014604	0.036101	0.019577	0.020488	0.009837	0.020923	0.005555	0.024457	0.003758	0.003623	0.004041	0.030709	0.01702	0.002019	0.007076	0.018594	0.028888	0.013944	0.004375	
0.008682	0.03454	0.00279	0.019887	0.032783	0.013081	0.020654	0.02273	0.026957	0.023405	0.007135	0.034966	0.024958	0.017386	0.032116	0.024626	0.020834	0.010466	0.021059	0.006265	0.007335	0.019474	0.002853	0.033432	0.024193	0.03331	0.014767	0.032647	0.03097	0.005332	0.030811	0.011345	0.016613	0.023914	0.023546	0.012645	0.01369	0.029165	0.013842	0.003818	0.032379	0.025056	0.014277	0.020876	0.004942	0.015984	0.015184	0.035063	0.012558	0.034659	
0.000316	0.037609	0.003767	0.004259	0.038522	0.017146	0.038417	0.018253	0.009983	0.008614	0.028442	0.010673	3.9e-05	0.034228	0.038619	0.033869	0.028302	0.003213	0.026627	0.012646	0.008683	0.015566	0.00562	0.006781	0.001065	0.01301	0.002179	0.025242	0.040317	0.007901	0.03408	0.013724	0.039832	0.01789	0.041202	0.016978	0.042094	0.014539	0.029175	0.034785	0.01839	0.029647	0.000538	0.027688	0.040424	0.026982	0.025456	0.017292	0.000801	0.008575	
0.02175	0.013272	0.037665	0.00024	0.03834	0.005808	0.031297	0.009232	0.02012	0.032848	0.032331	0.009583	0.009109	0.009089	0.00263	0.010462	0.015037	0.014806	0.040077	0.017088	0.016284	0.002124	0.028193	0.007252	0.033303	0.038767	0.019885	0.030688	0.020244	0.031048	0.016916	0.03338	0.010069	0.003976	0.03559	0.025422	0.022593	0.026829	0.028003	0.012955	0.003611	0.033523	0.001761	0.008268	0.019636	0.037593	0.018535	0.006477	0.016429	0.039862	
0.040507	0.040171	0.003585	0.004793	0.003794	0.035799	0.009756	0.013796	0.018065	0.029888	0.000659	0.00342	0.031097	0.037751	0.006525	0.021995	0.04076	0.034017	0.022245	0.020091	0.015476	0.030577	0.038501	0.034767	0.01423	0.025961	0.036983	0.00057	0.00551	0.000444	0.012017	0.007472	0.005241	0.04007	0.03656	0.036192	0.010582	0.029657	0.03123	0.006271	0.028636	0.001988	0.011536	0.036363	0.009819	0.022817	0.008282	0.003188	0.012642	0.027704	
0.020186	0.007127	0.032702	0.039495	0.024459	0.003588	0.006302	0.001269	0.02586	0.030137	0.016224	0.031038	0.030888	0.014002	0.012444	0.012106	0.017253	0.038079	0.037024	0.013224	0.026128	0.002869	0.029589	0.02667	0.021377	0.002341	0.038181	0.02401	0.001703	0.01145	0.007407	0.021609	0.028511	0.005311	0.017935	0.013559	0.019186	0.015453	0.010414	0.02427	0.031677	0.010715	0.02594	0.031636	0.009891	0.031219	0.031884	0.032775	0.005261	0.027622	
0.037263	0.003611	0.002757	0.007426	0.021089	0.026696	0.009328	0.021624	0.005803	0.016274	0.026968	0.037693	0.011762	0.004196	0.029214	0.033093	0.007667	0.001814	0.030856	0.023276	0.025153	0.034755	0.027047	0.027098	0.029775	0.028734	0.028318	0.006004	0.037847	0.019913	0.004899	0.004508	0.008112	0.028598	0.006437	0.02707	0.02461	0.028735	0.024419	0.015272	0.015891	0.026081	0.028384	0.004565	0.037775	0.007598	0.021675	0.023573	0.032156	0.006588	
0.020194	0.01728	0.002122	0.013948	0.008145	0.035156	0.021666	0.010478	0.020861	0.012316	0.022298	0.015171	0.034768	0.001981	0.009028	0.015823	0.032856	0.013297	0.022714	0.00549	0.030056	0.018761	0.02356	0.010408	0.03711	0.034879	0.027446	0.028658	0.008759	0.016834	0.03336	0.033537	0.025429	0.018843	0.01474	0.007265	0.032631	0.018154	0.025446	0.003791	0.035923	0.015663	0.00294	0.004764	0.03583	0.035964	0.030407	0.003008	0.033293	0.016949	
0.010537	0.038365	0.025667	0.027234	0.007527	0.035351	0.01341	0.001013	0.010864	0.035303	0.015353	0.019517	0.045993	0.008643	0.036497	0.046455	0.00556	0.042882	0.023977	0.022172	0.010869	0.009308	0.008545	0.019193	0.042976	0.038908	0.009608	0.001081	0.004508	0.031449	0.012256	0.019041	0.000509	0.043586	0.018908	0.018536	0.004237	0.006161	0.036824	0.025774	0.021784	0.036563	0.00042	0.011731	0.018445	0.014319	0.032726	0.014384	0.001159	0.013872	
0.006093	0.028778	0.042144	0.000468	0.029732	0.037757	0.016476	0.010678	0.015565	0.033189	0.021044	0.01726	0.038541	0.014823	0.02959	0.039318	0.031035	0.011645	0.029247	0.003004	0.003301	0.0131	0.012022	0.019021	0.042744	0.034388	0.008562	0.018669	0.033393	0.036243	0.015877	0.008239	0.001198	0.010115	0.008945	0.005415	0.012127	0.009807	0.038152	0.002194	0.007072	0.018694	0.038259	0.024432	0.007534	0.019283	0.03365	0.022686	0.017878	0.020613	
0.006137	0.039801	0.004608	0.024063	0.011165	0.014366	0.02091	0.041527	0.00645	0.040668	0.007599	0.041818	0.002106	0.004752	0.007614	0.01192	0.032461	0.023936	0.028963	0.011014	0.012389	0.015734	0.041622	0.018078	0.029574	0.025688	0.012604	0.038782	0.04033	0.008722	0.006492	0.024474	0.006302	0.038169	0.01837	0.002936	0.010775	0.000847	0.026728	0.021208	0.039643	0.031013	0.023201	0.017524	0.018031	0.014932	0.004946	0.027047	0.011209	0.030752	
0.002762	0.033064	0.020313	0.024487	0.026629	0.021742	0.019232	0.015259	0.031465	0.018554	0.00385	0.014334	0.027293	0.029782	0.001027	0.026867	0.024106	0.031548	0.021462	0.015123	0.001568	0.01354	0.011585	0.02516	0.018095	0.030402	0.000868	0.019567	0.00666	0.011836	0.020099	0.022806	0.022162	0.034362	0.033747	0.029959	0.025173	0.032673	0.027153	0.027705	0.003225	0.00683	0.033093	0.009604	0.01987	0.018673	0.029764	0.027423	0.003046	0.024453	
0.032149	0.01507	0.003308	0.023776	0.017089	0.028038	0.032373	0.031957	0.027023	0.031219	0.031537	0.015344	0.020861	0.009603	0.00959	0.0345	0.018159	0.015423	0.019299	0.025276	0.026497	0.017696	0.00559	0.010463	0.017864	0.020249	0.024567	0.023354	0.02298	0.028153	0.026899	0.012075	0.004047	0.009311	0.023334	0.015453	0.015169	0.012137	0.019385	0.002579	0.033844	0.00576	0.024407	0.035895	0.006638	0.026834	0.012335	0.028158	0.016072	0.030661	
0.015882	0.022265	0.029243	0.017377	0.033498	0.010513	0.001542	0.010405	0.007615	0.020079	0.017971	0.027854	0.013786	0.002642	0.027488	0.009963	0.002012	0.025569	0.031063	0.011049	0.023589	0.032696	0.022703	0.006984	0.021689	0.029567	0.003267	0.024871	0.033417	0.018762	0.025511	0.018701	0.026671	0.004166	0.029392	0.030489	0.024477	0.005793	0.014576	0.02164	0.029365	0.028813	0.030469	0.02617	0.017331	0.0203	0.012478	0.024365	0.021486	0.032446	
0.002721	0.022294	0.022608	0.037734	0.020444	0.023356	0.010431	0.003483	0.038479	0.029441	0.002431	0.011778	0.031869	0.012216	0.025103	0.025966	0.019168	0.034757	0.014239	0.019524	0.027307	0.00572	0.03321	0.005145	0.015597	0.020451	0.023993	0.009746	0.027926	0.007636	0.008163	0.028489	0.036365	0.03349	0.007955	0.03578	0.003615	0.014011	0.013216	0.017391	0.018067	0.005313	0.024085	0.036886	0.03891	0.019852	0.022353	0.018915	0.003347	0.029024	
0.0249	0.016095	0.010754	0.017892	0.016944	0.020865	0.033473	0.016755	0.034695	0.008133	0.022226	0.037164	0.015944	0.000812	0.009586	0.03231	0.001505	0.022335	0.043154	0.018038	0.008941	0.009969	0.046119	0.027785	0.026982	0.036838	0.018659	0.020766	0.002739	0.019004	0.005065	0.008304	0.002463	0.001487	0.015617	0.014294	0.004212	0.012639	0.046345	0.025486	0.006171	0.037954	0.01003	0.011128	0.03331	0.026818	0.027972	0.034183	0.038328	0.016812	
0.031538	0.009484	0.019402	0.035498	0.007953	0.030512	0.01103	0.019719	0.031119	0.032017	0.020813	0.014702	0.014409	0.004809	0.0223	0.007766	0.016295	0.017708	0.03225	0.01281	0.035649	0.008782	0.008903	0.028441	0.0061	0.035713	0.027371	0.002639	0.017068	0.02079	0.026824	0.026432	0.034813	0.022824	0.034405	0.006733	0.030985	0.013616	0.030516	0.025584	0.024297	0.007192	0.022212	0.005778	0.011067	0.022086	0.018871	0.01021	0.026088	0.015877	
0.036783	0.004841	0.028628	0.036379	0.01545	0.008871	0.00965	0.020669	0.010488	0.014576	0.032151	0.001518	0.017449	0.026296	0.028324	0.019387	0.035213	0.009154	0.035203	0.033512	0.009091	0.034098	0.001288	0.000315	0.002669	0.03032	0.03674	0.036405	0.037296	0.003664	0.036491	0.036523	0.004871	0.008136	0.029956	0.009999	0.030026	0.009337	0.017992	0.012359	0.00076	0.028684	0.026197	0.001151	0.033629	0.023866	0.02856	0.009903	0.033964	0.001168	
0.02308	0.002513	0.019447	0.030657	0.039369	0.033776	0.022736	0.026122	0.011597	0.007301	0.03214	0.036957	0.007344	0.032205	0.016356	0.007893	0.015397	0.011439	0.032582	0.018826	0.018467	0.040449	0.010787	0.022044	0.015145	0.041814	0.016792	0.027276	9.3e-05	0.02484	0.034665	0.009939	0.025558	0.007664	0.024256	0.006066	0.008472	0.007465	0.004492	0.016816	0.01401	0.033814	0.042801	0.002924	0.007292	0.013281	0.035166	0.009362	0.027629	0.022884	
0.000598	0.006624	0.009446	0.013076	0.01461	0.031334	0.034301	0.031251	0.019435	0.003416	0.011725	0.035545	0.008176	0.009002	0.029068	0.034262	0.032686	0.02458	0.004178	0.008512	0.036839	0.021101	0.010082	0.023958	0.037623	0.016436	0.029233	0.032357	0.00181	0.002112	0.030596	0.01856	0.03132	0.026402	0.030276	0.018819	0.028856	5e-05	0.03159	0.037161	0.024467	0.030261	0.028836	0.008372	0.028108	0.023412	0.000347	0.000801	0.023705	0.004685	
0.033429	0.005418	0.015072	0.000133	0.013367	0.009299	0.038486	0.03071	0.027397	0.029122	0.039529	0.007197	0.020417	0.025395	0.00865	0.002959	0.039415	0.023516	0.017835	0.007175	0.010365	0.040693	0.012863	0.03492	0.012436	0.032406	0.005835	0.033227	0.001886	0.025773	0.019703	0.017883	0.012394	0.020169	0.03395	0.025925	0.006497	0.029851	0.010653	0.007756	0.000565	0.031214	0.019007	0.034682	0.039095	0.017224	0.014924	0.019188	0.00672	0.027675	
0.014136	0.013934	0.022004	0.042751	0.040484	0.031418	0.013148	0.009704	0.014052	0.034748	0.007943	0.0001	0.003748	0.023182	0.029199	0.015661	0.042776	0.026142	0.042068	0.010872	0.031564	0.01069	0.012553	0.004047	0.018361	0.041043	0.02224	0.00717	0.0037	0.016216	0.015711	0.010733	0.033583	0.015625	0.033146	0.036177	0.005331	0.00413	0.019595	0.010065	0.023136	0.002641	0.027539	0.031079	0.040081	0.023437	0.008093	0.006525	0.038002	0.009717	
0.008377	0.013577	0.017203	0.000913	0.012794	0.001485	0.017889	0.042618	0.029436	0.031159	0.025501	0.0232	0.009428	0.032878	0.034961	0.001398	0.017736	0.046139	0.001484	0.014555	0.009522	0.02868	0.042749	0.018887	0.024955	0.020696	0.019522	0.017339	0.00928	0.006897	0.043711	0.007152	0.000791	0.00153	0.011927	0.000313	0.021635	0.017292	0.029206	0.01322	0.041749	0.045419	0.009041	0.016333	0.037967	0.032912	0.013177	0.003987	0.033631	0.037749	
0.042501	0.010045	0.006813	0.01094	0.02973	0.019723	0.036122	0.003376	0.025435	0.034538	0.018309	0.03486	0.036823	0.014758	0.037925	0.013537	0.005273	0.011972	0.003455	0.03081	0.004502	0.041417	0.008857	0.003396	0.030563	0.034002	0.001408	0.007448	0.039772	0.007125	0.017137	0.006399	0.008181	0.012675	0.006495	0.029381	0.024621	0.004406	0.020643	0.0188	0.033866	0.012276	0.039327	0.039231	0.019137	0.008192	0.009215	0.039029	0.003097	0.042457	
0.008729	0.024927	0.00442	0.036372	0.014577	0.009666	0.037044	0.0175	0.032335	0.018732	0.041228	0.007574	0.012837	0.01616	0.001016	0.027619	0.026529	0.007053	0.032171	0.019062	0.005104	0.014966	0.036397	0.035204	0.039859	0.007008	0.018758	0.033479	0.023242	0.039849	0.013269	0.008063	0.008767	0.017877	0.025999	0.010843	0.029928	0.028593	0.031936	0.013462	0.011376	0.019116	0.005446	0.028494	0.015266	0.012495	0.022129	0.012202	0.033082	0.00224	
0.024556	0.033796	0.007125	0.025941	0.032351	0.027413	0.011195	0.031976	0.03066	5.9e-05	0.032046	0.025999	0.033762	0.01414	0.022199	0.008236	0.005723	0.005217	0.012177	0.017056	0.009231	0.002674	0.03533	0.026196	0.022387	0.028586	0.006923	0.026752	0.004757	0.001365	0.009396	0.030368	0.012748	0.035318	0.025006	0.030412	0.032331	0.030453	0.014954	0.032042	0.034702	0.021973	0.006854	0.012593	0.029118	0.007397	0.006167	0.030277	0.030905	0.001158	
0.018877	0.026318	0.012916	0.034103	0.031126	0.00506	0.022781	0.031291	0.015656	0.030554	0.022715	0.024616	0.019215	0.023885	0.024768	0.016129	0.006563	0.016929	0.019929	0.024363	0.016524	0.011178	0.017842	0.018364	0.017202	0.023169	0.011062	0.030093	0.023486	0.021013	0.028819	0.018224	0.006946	0.035013	0.001963	0.033417	0.021329	0.002073	0.017839	0.027483	0.017995	0.029604	0.018998	0.01194	0.012043	0.012167	0.017869	0.033878	0.001445	0.033228	
0.028755	0.030886	0.026276	0.031359	0.001884	0.003163	0.000722	0.003136	0.007777	0.000734	0.014889	0.015966	0.043299	0.024719	0.009203	0.011918	0.024154	0.008386	0.038165	0.043706	0.011431	0.002167	0.036236	0.025103	0.029377	0.019804	0.023264	0.023769	0.041353	0.030292	0.022905	0.008793	0.040112	0.022221	0.018356	0.012373	0.007529	0.01409	0.016724	0.008728	0.039794	0.024949	0.032358	0.020765	0.00379	0.006801	0.034162	0.004971	0.008956	0.03973	
0.036982	0.029227	0.018509	0.012893	0.02439	0.001516	0.009305	0.005614	0.031207	0.015725	0.032782	0.022537	0.036322	0.033396	0.011302	0.007985	0.022296	0.015807	0.026276	0.032064	0.017273	0.032438	0.011295	0.013702	0.009997	0.027939	0.0228	0.035177	0.011261	0.028857	0.016342	0.019978	0.036058	0.002751	0.035472	0.037748	0.027931	0.021081	0.035397	0.030399	0.011927	0.009844	0.006904	0.002494	0.001006	0.017733	0.008465	0.011336	0.005105	0.025155	
0.009341	0.024471	0.025238	0.039553	0.011369	0.037786	0.034928	0.024273	0.03619	0.020809	0.008297	0.001069	0.004127	0.008095	0.029531	0.025199	0.030514	0.021337	0.032885	0.012997	0.007541	0.013846	0.015454	0.006907	0.002357	0.019338	0.001161	0.007824	0.017059	0.025698	0.019787	0.020856	0.034406	0.035576	0.029991	0.031537	0.023766	0.029997	0.00678	0.02004	0.036299	0.005713	0.021785	0.033577	0.019202	0.011646	0.009606	0.009171	0.026543	0.018528	
0.002184	0.003025	0.005869	0.026977	0.007785	0.015893	0.023426	0.012275	0.015556	0.018846	0.031839	0.029971	0.001524	0.005035	0.030107	0.026409	0.019598	0.028932	0.03671	0.024191	0.00422	0.021031	0.03184	0.02186	0.001992	0.002994	0.008406	0.02436	0.004726	0.032304	0.014114	0.000654	0.02345	0.013862	0.036547	0.036876	0.011721	0.034528	0.034033	0.033526	0.020797	0.020821	0.02266	0.025709	0.017064	0.033815	0.026927	0.026863	0.025233	0.020915	
0.006737	0.029289	0.031977	0.023505	0.00857	0.005516	0.020854	0.012814	0.000557	0.015675	0.009198	0.029242	0.029673	0.025364	0.035083	0.023192	0.01059	0.015003	0.001574	0.019939	0.005898	0.002809	0.033007	0.032929	0.021061	0.011242	0.01612	0.023923	0.029508	0.032622	0.000515	0.033467	0.009298	0.000359	0.028199	0.03495	0.008964	0.037252	0.033878	0.030906	0.029477	0.039148	0.011339	0.023651	0.023888	0.007538	0.014658	0.014324	0.02812	0.026598	
0.025264	0.003444	0.011179	0.019735	0.02621	0.03539	0.017411	0.034706	0.018694	0.011373	0.010258	0.012034	0.029998	0.000315	0.041975	0.006091	0.029614	0.017921	0.031443	0.04001	0.030847	0.016803	0.044024	0.032296	0.004972	0.028656	0.000718	0.029743	0.009447	0.018272	0.0164	0.029525	0.032715	0.023228	0.012995	0.018861	0.040033	0.03058	0.008974	0.0202	0.000572	0.005281	0.004685	0.00239	0.036928	0.018939	0.006104	0.032891	0.009515	0.010341	
0.014796	0.005251	0.001862	0.003315	0.009215	0.026062	0.038342	0.019804	0.030959	0.006152	0.038197	0.01013	0.029506	0.001692	0.016072	0.025093	0.014052	0.017175	0.020844	0.013046	0.034667	0.014708	0.02503	0.031316	0.024322	0.01261	0.003944	0.030609	0.002129	0.020458	0.037161	0.007057	0.026363	0.036261	0.00656	0.008278	0.037311	0.008715	0.021758	0.012505	0.034345	0.034921	0.021095	0.004975	0.029961	0.025675	0.037427	0.034179	0.028657	0.005438	
0.009783	0.015519	0.014344	0.024606	0.03119	0.029102	0.004594	0.019682	0.032805	0.004151	0.039053	0.006668	0.001461	0.027721	0.006772	0.021566	0.034736	0.027548	0.013632	0.005159	0.001769	0.005246	0.006001	0.032142	0.034587	0.032794	0.01554	0.038301	0.013268	0.010431	0.000455	0.00568	0.040356	0.026889	0.003785	0.035127	0.020223	0.017397	0.031112	0.027625	0.033465	0.039923	0.031082	0.035818	0.009811	0.005797	0.032367	0.001323	0.017689	0.023905	
0.007874	0.03067	0.006196	0.013211	0.025962	0.021444	0.005497	0.011223	0.00856	0.00598	0.003604	0.025012	0.033631	0.009807	0.02035	0.022842	0.024205	0.021221	0.03977	0.020967	0.030218	0.00733	0.038345	0.015956	0.0225	0.016086	0.019633	0.024773	0.007565	0.005488	0.024181	0.013449	0.007959	0.021553	0.031991	0.013044	0.033037	0.026279	0.030862	0.015698	0.026844	0.035305	0.01087	0.014009	0.037204	0.014913	0.007846	0.007077	0.042505	0.039454	
0.031303	0.012224	0.025127	0.032983	0.03208	0.001683	0.008984	0.023954	0.037161	0.010492	0.016357	0.036969	0.004244	0.002586	0.015979	0.021928	0.015967	0.042396	0.0164	0.02641	0.035621	0.006536	0.000841	0.026335	0.010226	0.012158	0.029944	0.041993	0.010651	0.015111	0.032025	0.04082	0.031325	0.010535	0.014358	0.016878	0.012852	0.012438	0.01795	0.012138	0.02671	0.028514	0.010092	0.023733	0.039706	0.009886	0.007675	0.006577	0.020259	0.020886	
0.030714	0.036726	0.021201	0.025764	0.034535	0.013861	0.010021	0.012878	0.023811	0.009832	0.010443	0.009869	0.012427	0.026028	0.02106	0.006636	0.010952	0.014184	0.028937	0.0268	0.032813	0.029765	0.033467	0.001208	0.018226	0.007534	0.030929	0.03242	0.013332	0.027818	0.026859	0.015608	0.020465	0.026604	0.008232	0.014302	0.03145	0.003149	0.011419	0.018491	0.005043	0.011558	0.016939	0.013492	0.036252	0.030399	0.020313	0.013895	0.041312	0.020027	
0.028366	0.013958	0.001727	0.024516	0.034274	0.037298	0.00997	0.028253	0.011635	0.007113	0.006652	0.012139	0.033075	0.007636	0.007046	0.037524	0.025682	0.03674	0.024667	0.031319	0.023575	0.014411	0.023956	0.004168	0.024443	0.017931	0.013904	0.011907	0.015801	0.022279	0.032318	0.003317	0.01731	0.033438	0.030849	0.030497	0.017923	0.030398	0.003712	0.016181	0.030189	0.018356	0.022186	0.0301	0.004084	0.025476	0.013978	0.01723	0.013884	0.016609	
0.002764	0.028526	0.016143	0.021153	0.021743	0.023904	0.023696	0.033486	0.02236	0.015124	0.005775	0.007206	0.03612	0.015689	0.036001	0.014006	0.011785	0.007533	0.029445	0.009812	0.000745	0.030824	0.000681	0.01002	0.027161	0.027607	0.017888	0.006025	0.028918	0.036941	0.033367	0.023688	0.007098	0.01428	0.013239	0.032147	0.01584	0.012197	0.028625	0.006339	0.035798	0.02663	0.033792	0.010648	0.024101	0.016271	0.029374	0.037634	0.019786	0.010065	
0.001465	0.035833	0.014306	0.013439	0.02096	0.015834	0.013967	0.028666	0.041802	0.027993	0.013286	0.031573	0.00957	0.037193	0.010917	0.029172	0.025916	0.001224	0.044342	0.004623	0.011332	0.013002	0.038666	0.008246	0.018485	0.037586	0.003366	0.013436	0.015014	0.00176	0.039913	0.031732	0.014517	0.016936	0.033006	0.022063	0.007691	0.025358	0.004531	0.003255	0.011505	0.004333	0.019184	0.03745	0.045048	0.037173	0.026166	0.007527	0.015423	0.014215	
0.000309	0.007235	0.011935	0.035897	0.024714	0.006248	0.007546	0.041594	0.038598	0.005155	0.002197	0.01723	0.013754	0.032508	0.02121	0.003635	0.030366	0.011421	0.018983	0.004	0.03527	0.0004	0.001761	0.023446	0.020943	0.031027	0.041099	0.030182	0.00914	0.016567	0.017401	0.037243	0.008531	0.009549	0.012864	0.034695	0.028785	0.019373	0.025936	0.022708	0.017822	0.028735	0.020316	0.009413	0.041921	0.015301	0.039933	0.014812	0.012818	0.037474	
0.02199	0.011259	0.011312	0.011036	0.013999	0.019536	0.007973	0.03242	0.010883	0.028269	0.002261	0.048752	0.000255	0.000884	0.016517	0.019452	0.018155	0.039868	0.01004	0.00391	0.047485	0.036696	0.001773	0.007359	0.02128	0.03645	0.015615	0.005038	0.044111	0.018019	0.009282	0.042717	0.01163	0.032176	0.034641	0.025824	0.007313	0.001136	0.031493	0.029436	0.009231	0.022948	0.040079	0.001575	0.008394	0.034946	0.001804	0.012303	0.041231	0.039244	
0.023755	0.019735	0.008832	0.027984	0.004116	0.028561	0.015999	0.038654	0.016698	0.035436	0.02679	0.021911	0.016343	0.013534	0.029694	0.00617	0.01942	0.008053	0.008995	0.039357	0.020469	0.032509	0.038958	0.040236	0.012332	0.015185	0.02345	0.019169	0.007184	0.019529	0.019791	0.014014	0.017279	0.035786	0.004452	0.002548	0.020106	0.020188	0.021897	0.020567	0.008102	0.003389	0.003867	0.022606	0.011187	0.020717	0.013799	0.022029	0.038406	0.040212	
0.0066	0.002646	0.032788	0.012117	0.027343	0.028773	0.012278	0.013605	0.024432	0.03274	0.034096	0.026047	0.024974	0.034385	0.005007	0.017132	0.017652	0.019026	0.020554	0.013417	0.031415	0.011986	0.00218	0.030815	0.030916	0.019489	0.033335	0.033564	0.021476	0.014401	0.01843	0.005318	0.015712	0.021798	0.034478	0.01387	0.017068	0.028275	0.000503	0.033104	0.002056	0.019785	0.032369	0.004603	0.028586	0.003673	0.034298	0.021495	0.00757	0.02182	
0.031951	0.014248	0.001136	0.01582	0.035506	0.026402	0.030677	0.020307	0.000982	0.004329	0.028823	0.041543	0.005315	0.000884	0.011429	0.001759	0.007409	0.010313	0.040601	0.030233	0.01983	0.028511	0.039965	0.040799	0.004206	0.028676	0.042711	0.001158	0.035177	0.041898	0.006925	0.019156	0.008342	0.034738	0.001762	0.01414	0.031085	0.016667	0.00598	0.042179	0.010412	0.019976	0.03093	0.040975	0.017671	0.036714	0.004817	0.00087	0.001292	0.012771	
0.003498	0.018027	0.004585	0.006952	0.021252	0.007803	0.01264	0.015715	0.002357	0.010378	0.021573	0.024737	0.038513	0.013216	0.030744	0.037277	0.016916	0.002172	0.012943	0.037009	0.024775	0.002821	0.01449	0.020543	0.04081	0.017302	0.007654	0.035574	0.011889	0.011972	0.027812	0.041858	0.005275	0.038445	0.02812	0.02926	0.030988	0.001812	0.039041	0.039962	0.039865	0.004482	0.01139	0.013139	0.009826	0.034902	0.037297	0.001168	0.013966	0.025255	
0.032961	0.01566	0.011589	0.024529	0.02145	0.031882	0.00228	0.004138	0.027684	0.00023	0.02882	0.023935	0.031472	0.000418	0.008873	0.008694	0.024021	0.031328	0.011676	0.023213	0.023262	0.030435	0.009147	0.01791	0.028293	0.030611	0.027043	0.018584	0.005712	0.028947	0.019619	0.034112	0.003402	0.015085	0.006182	0.032877	0.02137	0.029502	0.006925	0.034048	0.00587	0.029363	0.030973	0.03119	0.017317	0.019977	0.013713	0.00966	0.025613	0.028405	
0.025497	0.001259	0.025282	0.002475	0.040651	0.031796	0.002353	0.02407	0.001909	0.000699	0.049801	0.019624	0.013408	0.016459	0.019137	0.005805	0.029795	0.019981	0.022107	0.016562	0.038619	0.038182	0.04026	0.007693	0.020886	0.020473	0.012107	0.026181	0.003495	0.015725	0.046367	0.038823	0.031526	0.008992	0.008726	0.007043	0.006988	0.012715	0.04673	0.006834	0.013934	0.016561	0.050804	0.001022	0.01632	0.00987	0.023648	0.025847	0.014928	0.020031	
0.00303	0.037602	0.042033	0.020154	0.041284	0.008259	0.021838	0.003907	0.005921	0.008081	0.016339	0.042537	0.034106	0.005792	0.038099	0.00503	0.026594	0.023519	0.000937	0.016205	0.033792	0.012686	0.027489	0.017903	0.026838	0.04083	0.011197	0.039904	0.013414	0.021223	0.017939	0.004198	0.002341	0.014334	0.023072	0.006279	0.011295	9e-06	0.008021	0.009557	0.037612	0.002933	0.001139	0.040335	0.042752	0.04169	0.004328	0.03749	0.006435	0.041698	
0.007495	0.033846	0.001155	0.037308	0.000959	0.011066	0.001009	0.021756	0.014357	0.030506	0.027383	0.027215	0.042296	0.003325	0.004805	0.028345	0.040698	0.016995	0.042094	0.007112	0.015873	0.035346	0.021815	0.005945	0.008247	0.001173	0.002574	0.008777	0.010024	0.023044	0.018643	0.028049	0.039348	0.018424	0.037139	0.035485	0.001974	0.03982	0.02645	0.006826	0.01224	0.021837	0.042512	0.021192	0.027299	0.019564	0.008397	0.030152	0.021087	0.011019	
0.025034	0.000367	0.014482	0.01962	0.015763	0.00416	0.024017	0.014959	0.038762	0.034647	0.015457	0.001289	0.012246	0.000712	0.012281	0.000183	0.035733	0.010536	0.022207	0.035241	0.017296	0.024228	0.023629	0.035899	0.007272	0.024259	0.020492	0.029752	0.031154	0.004378	0.026743	0.015341	0.036917	0.036166	0.038088	0.003458	0.010116	0.004581	0.031804	0.00185	0.006576	0.026791	0.03428	0.029422	0.025568	0.036553	0.028695	0.004807	0.02614	0.020049	
0.004968	0.017459	0.010731	0.007492	0.040819	0.007445	0.025409	0.031157	0.000363	0.004786	0.035733	0.018497	0.024488	0.01006	0.01887	0.025539	0.008185	0.017714	0.008916	0.01228	0.004507	0.021989	0.023589	0.017558	0.041376	0.027338	0.010658	0.01079	0.00996	0.021721	0.011994	0.014897	0.024383	0.041048	0.018562	0.03812	0.010642	0.017964	0.02482	0.039712	0.012271	0.036401	0.02459	0.010667	0.020846	0.039208	0.032132	0.023346	0.004039	0.033961	
0.005861	0.027449	0.0155	0.002836	0.030196	0.018506	0.022388	0.018588	0.029127	0.013738	0.027908	0.040732	0.017916	0.016533	0.020107	0.007023	0.02383	0.025395	0.010525	0.024115	0.02525	0.032262	0.021009	0.017337	0.01325	0.037989	0.004202	0.040103	0.035007	0.02293	0.022628	0.01197	0.01868	0.009683	0.036075	0.024819	0.000818	0.018584	0.006966	0.014955	0.002783	0.021474	0.019449	0.014646	0.016153	0.003403	0.039454	0.034561	0.002753	0.032534	
0.035878	0.010525	0.020961	0.01313	0.001474	0.034118	0.031581	0.011831	0.032024	0.000771	0.018716	0.026815	0.004575	0.003157	0.031868	0.006719	0.011473	0.035034	0.036972	0.019332	0.021151	0.004853	0.022735	0.014386	0.033404	0.00692	0.015686	0.030455	0.015602	0.031191	0.007667	0.009038	0.020319	0.029964	0.011239	0.026772	0.037745	0.004107	0.011707	0.040081	0.029754	0.040215	0.006744	0.019881	0.005439	0.024082	0.031937	0.018496	0.030992	0.010484	
0.003353	0.019356	0.032603	0.014519	0.032783	0.037996	0.002491	0.00042	0.03863	0.020374	0.027031	0.04049	0.025206	0.012608	0.00297	0.007396	0.024081	0.038597	0.003528	0.023436	0.014137	0.013418	0.023974	0.005366	0.037633	0.034418	0.008022	0.009219	0.0174	0.015404	0.003587	0.027447	0.020045	0.028881	0.028634	0.023626	0.032016	0.035042	0.002453	0.000499	0.018473	0.017392	0.024655	0.002806	0.001497	0.043463	0.031935	0.03569	0.010092	0.024908	
0.002482	0.002343	0.033505	0.012824	0.017934	0.011017	0.040035	0.025779	0.012826	0.005372	0.010992	0.013848	0.03059	0.001879	0.011389	0.034119	0.034052	0.035427	0.0148	0.020396	0.003653	0.011633	0.025836	0.011993	0.021484	0.015352	0.026067	0.040273	0.027498	0.021418	0.031324	0.017762	0.000264	0.00023	0.032273	0.040099	0.035417	0.014655	0.03227	0.03906	0.011302	0.015238	0.031451	0.002859	0.023921	0.009907	0.01078	0.02166	0.02422	0.028492	
0.001193	0.040219	0.002401	0.034035	0.003201	0.030939	0.012261	0.036486	0.006063	0.012518	0.004691	0.02809	0.01875	0.00395	0.012847	0.036501	0.012305	0.015245	0.027087	0.036499	0.040612	0.01401	0.011066	0.040015	0.009885	0.017432	0.033392	0.006967	0.028341	0.00382	0.016969	0.042189	0.011567	0.01212	0.040677	0.019355	0.027502	0.012897	0.040757	0.002667	0.019486	0.028178	0.006897	0.024048	0.033162	0.01271	0.015211	0.009571	0.020771	0.022445	
0.00552	0.005531	0.001776	0.011142	0.029126	0.014417	0.017138	0.018227	0.010874	0.022195	0.034826	0.016249	0.001167	0.037819	0.029523	0.035835	0.035619	0.03422	0.015906	0.00867	0.034564	0.004334	0.003081	0.019159	0.037083	0.028798	0.004907	0.023905	0.015962	0.00692	0.032424	0.006977	0.023068	0.027563	0.036105	0.00139	0.014052	0.037969	0.032006	0.015129	0.012587	0.016804	0.012643	0.006596	0.021227	0.016989	0.02436	0.0379	0.020421	0.039297	
0.018596	0.036052	0.012249	0.023825	0.02143	0.037898	0.007715	0.022046	0.032235	0.015304	0.017967	0.018984	0.011865	0.004282	0.007464	0.008454	0.02685	0.032158	0.025391	0.032806	0.030896	0.020897	0.027711	0.023151	0.03659	0.019889	0.032576	0.021532	0.010371	0.012638	0.024962	0.009622	0.031691	0.00191	0.012794	0.011429	0.000139	0.038287	0.025884	0.021652	0.030307	0.006423	0.032769	0.013866	0.009236	0.002604	0.031915	0.017152	0.010911	0.016625	
0.035842	0.027689	0.010941	0.017387	0.02543	0.027686	0.005587	0.012112	0.017586	0.007939	0.033078	0.031807	0.018319	0.018545	0.032619	0.001127	0.034009	0.029011	0.031862	0.001516	0.006627	0.010279	0.0297	0.013351	0.026405	0.029712	0.021881	0.028963	0.005515	0.000842	0.027935	0.0146	0.021647	0.017544	0.014802	0.033195	0.026847	0.021228	0.011675	0.010572	0.016272	0.015696	0.027039	0.019245	0.032242	0.006246	0.033689	0.000501	0.031093	0.024565	
0.004745	0.037183	0.012969	0.001514	0.007209	0.024728	0.002361	0.010199	0.022621	0.007216	0.028411	0.029337	0.035414	0.022925	0.000793	0.01951	0.016196	0.021927	0.026215	0.019556	0.038677	0.023834	0.021672	0.012763	0.015999	0.033368	0.016754	0.000514	0.020476	0.001683	0.015224	0.036586	0.032818	0.018512	0.035729	0.015556	0.034217	0.029724	0.017301	0.035434	0.031582	0.024508	0.00358	0.022877	0.025984	0.013596	0.015936	0.039532	0.012131	0.002404	
0.005107	0.022587	0.040394	0.039301	0.025634	0.02509	0.032742	0.02441	0.039636	0.033073	0.003461	0.003098	0.04177	0.01052	0.005145	0.003843	0.012116	0.002255	0.018712	0.024654	0.004278	0.038496	0.001126	0.033851	0.032683	0.016003	0.027025	0.034373	0.011302	0.030863	0.034823	0.021328	0.010072	0.03014	0.00597	0.012738	0.016054	0.023712	0.00583	0.008862	0.006629	0.016726	0.025641	0.034084	0.016495	0.021508	0.001202	0.015972	0.034784	0.013882	
0.016755	0.00331	0.003009	0.003288	0.024784	0.004397	0.018441	0.014963	0.040238	0.015404	0.019635	0.015551	0.032234	0.031482	0.039295	0.040908	0.013648	0.004413	0.031879	0.038853	0.040757	0.038077	0.02723	0.024117	0.001107	0.038911	0.030966	0.004786	0.00484	0.005759	0.009772	0.025852	0.015333	0.040359	0.038939	0.040359	0.006165	0.007998	0.018805	0.030681	0.040713	0.000361	0.010568	0.010687	0.007887	0.010603	0.00191	0.0005	0.012637	0.040834	
0.008428	0.008221	0.015862	0.014641	0.00972	0.010158	0.001982	0.003256	0.004999	0.002241	0.006268	0.03777	0.03428	0.038309	0.039143	0.036467	0.038566	0.024014	0.028882	0.021786	0.039652	0.025732	0.024679	0.0015	0.039381	0.005802	0.001966	0.001862	0.028378	0.018303	0.002869	0.033509	0.016099	0.012408	0.020282	0.007191	0.036468	0.0064	0.039139	0.030226	0.028662	0.033529	0.028977	0.010965	0.006965	0.037266	0.016934	0.008627	0.0141	0.037136	
0.002418	0.020299	0.035314	0.036182	0.021222	0.031057	0.032047	0.019626	0.012348	0.026812	0.00016	0.037575	0.01862	0.02441	0.005353	0.017449	0.023591	0.026102	0.022852	0.017531	0.034385	0.023775	0.037103	0.022259	0.00764	0.027883	0.016756	0.007913	0.012449	0.000385	0.005603	0.00119	0.026085	0.037665	0.012029	0.027349	0.028603	0.016443	0.01874	0.015094	0.018327	0.004573	0.021776	0.003874	0.019823	0.030042	0.026178	0.019792	0.011779	0.033519	
0.027383	0.010503	0.031484	0.030995	0.032421	0.013522	0.02354	0.010234	0.013044	0.001157	0.026472	0.031647	0.025757	0.016431	0.012538	0.010485	0.027255	0.03011	0.029133	0.007897	0.025866	0.005283	0.033558	0.031846	0.015444	0.02936	0.024197	0.015015	0.034627	0.005479	0.019806	0.016922	0.030996	0.014661	0.013394	0.009324	0.017165	0.030773	0.032567	0.008091	0.030469	0.000142	0.033929	0.032889	0.022635	0.005405	0.000999	0.003134	0.033935	0.010081	
0.032784	0.026498	0.013402	0.015122	0.031263	0.013432	0.018485	0.031076	0.035554	0.000301	0.015419	0.034714	0.009705	0.043122	0.020035	0.012282	0.012055	0.004658	0.005744	0.037288	0.021168	0.013393	0.013257	0.028699	0.020481	0.032487	0.037533	0.005717	0.001757	0.017078	0.021974	0.02026	0.043629	0.033495	0.00927	0.042578	0.011333	0.0013	0.012701	0.043192	0.000467	0.018232	0.039439	0.006836	0.026878	0.014201	0.02374	0.003704	0.008775	0.013487	
0.030019	0.003263	0.021982	0.006925	0.032999	0.031054	0.007198	0.033728	0.004392	0.026393	0.016859	0.023113	0.026574	0.026176	0.000227	0.021659	0.032332	0.036548	0.031846	0.007982	0.006033	0.005815	0.019612	0.03232	0.027792	0.014778	0.010272	0.016858	0.036007	0.030547	0.014174	0.019646	0.015211	0.021779	0.024744	0.027703	0.008983	0.00874	0.005464	0.017315	0.029882	0.01955	0.02613	0.029624	0.011954	0.011682	0.024486	0.019444	0.030907	0.011279	
0.15