50
2
0.101596	0.416296	-0.418191	0.021655	0.785894	0.792586	-0.748829	-0.585514	-0.897066	-0.11838	-0.940248	-0.086334	0.298288	-0.443025	0.35251	0.181726	-0.952036	0.117708	-0.481495	-0.169798	-0.43295	0.386276	-0.119093	-0.686265	0.089298	0.56063	-0.387273	-0.556084	-0.224057	0.872767	0.951991	0.344767	0.805668	0.691502	-0.244012	-0.815566	0.306822	0.115682	-0.27687	-0.549891	-0.18696	-0.06212	-0.461529	-0.416414	-0.084627	0.721068	0.172506	-0.433024	-0.444045	-0.090756	
-0.589179	-0.597243	0.02807	-0.825541	-0.032829	-0.275648	0.415373	0.493492	0.382186	0.378361	-0.2528	0.33627	-0.320303	0.145588	-0.348386	-0.10971	-0.876942	-0.514649	0.943205	-0.538832	0.382955	0.300954	0.447878	-0.049823	0.193328	-0.866061	-0.854876	-0.602048	-0.696278	-0.799791	-0.741412	0.106555	-0.62437	0.904202	0.363224	0.082039	0.414361	-0.472227	0.853451	0.678386	0.452639	-0.03952	0.684206	0.489505	0.320652	0.827951	0.267331	-0.268119	0.105689	-0.607239	
-0.615855	0.451339	0.569873	0.944197	0.701943	0.087189	-0.820418	-0.022254	0.855873	0.575236	-0.029812	-0.089441	-0.564028	-0.645573	-0.852753	0.784786	0.280353	-0.713335	-0.171746	-0.901782	-0.581253	0.461416	0.302246	-0.042043	-0.450439	0.304446	0.912899	-0.128959	-0.859735	-0.884537	-0.834258	0.919414	0.081522	0.674925	-0.659933	-0.47931	0.383955	0.791141	-0.318623	-0.870654	0.728239	-0.418255	0.482165	-0.683933	0.389927	0.682839	0.454304	-0.281785	0.45338	-0.721066	
-0.372362	-0.160834	0.754424	-0.69252	0.76025	0.597929	0.943249	-0.264594	-0.59012	-0.518859	0.655726	0.930456	0.39762	-0.035006	-0.4259	0.667376	0.744359	-0.815737	-0.568101	0.663522	0.696608	-0.370694	-0.441411	-0.13837	0.078893	-0.808866	0.673824	0.06947	0.549936	-0.538327	0.930587	0.502055	-0.313812	0.897055	0.401024	0.681122	-0.909005	-0.888717	0.485475	-0.390627	0.033569	-0.687475	0.955905	0.005502	0.658002	-0.851924	-0.042169	-0.875441	0.768483	-0.10838	
-0.8629	-0.847007	0.077585	-0.848867	-0.632455	-0.127286	-0.004434	0.166624	0.241025	-0.254377	0.237473	-0.685511	-0.448983	0.597437	-0.693821	-0.553354	-0.514044	-0.040985	-0.998509	-0.939377	-0.076904	-0.674959	0.359004	0.590409	0.156327	0.38953	-0.218084	-0.907408	-0.121157	-0.256039	0.194006	-0.731564	-0.544574	0.629565	-0.471349	-0.17936	0.871944	-0.448895	-0.70942	0.40404	0.134133	0.223188	-0.915938	-0.165466	-0.991467	-0.506929	0.412112	-0.876919	-0.410613	0.976226	
0.942444	-0.036307	0.471387	0.265312	-0.068614	0.714133	-0.654963	0.656864	-0.915861	0.733907	0.351993	-0.108172	0.34314	-0.079263	0.560006	-0.773112	0.016315	0.742979	0.855059	-0.559327	-0.496139	0.808025	-0.308965	-0.886255	0.429773	-0.171162	0.470648	-0.045817	0.001131	-0.164876	-0.41903	0.801422	0.337575	0.577665	0.791479	-0.499622	0.839641	0.72521	0.012171	0.135804	-0.770136	0.524232	-0.65355	0.067672	-0.747125	-0.854166	0.218055	-0.017594	0.34962	0.581708	
0.965375	-0.831839	0.262424	0.15395	0.301284	0.086359	0.114735	0.737109	-0.095977	0.069951	0.381927	-0.82101	-0.136149	-0.795732	-0.72438	-0.995749	-0.580587	-0.566725	0.032489	0.140416	0.647922	-0.026578	0.782909	-0.209878	0.489223	0.105515	0.24765	-0.459216	0.87519	0.539309	-0.70881	0.074869	0.991573	-0.901887	-0.39436	0.481627	-0.921277	0.493342	0.146843	0.463411	0.101665	0.878807	-0.307197	0.148939	-0.89844	0.106866	-0.161214	0.966324	0.891215	-0.723441	
-0.916769	-0.75865	-0.614506	0.452336	0.087956	0.069851	-0.070926	-0.986612	-0.215056	0.997877	0.640582	0.145721	-0.607074	0.840939	-0.151706	0.238655	-0.593785	-0.343869	-0.310093	-0.210496	-0.955536	0.320694	-0.66002	0.206601	0.239161	0.395809	-0.416138	-0.415936	0.511059	-0.223552	-0.695073	0.81053	-0.973834	0.772969	-0.415486	-0.23635	0.95681	-0.126649	0.431764	-0.175234	0.827072	0.438981	-0.038616	-0.831557	-0.272732	-0.018787	-0.432272	0.069281	-0.580698	-0.011341	
0.05601	0.346719	0.490732	0.459947	-0.151768	-0.088095	0.747014	-0.274424	0.476066	0.988134	0.849617	0.098474	-0.389777	0.244625	0.368603	0.053925	-0.317047	-0.089147	-0.836419	-0.417436	-0.710206	0.332961	0.918468	-0.685531	-0.943412	0.482714	-0.291671	0.011933	-0.877904	-0.64447	0.391013	0.210421	0.706822	0.925846	-0.28077	0.240497	-0.104645	0.011194	-0.216996	0.954788	0.247276	-0.716229	0.395457	0.931513	0.789699	0.116008	-0.97057	0.611093	0.863723	0.467858	
-0.142094	-0.238318	0.48921	-0.784298	0.569392	-0.00239	-0.859762	0.64609	-0.216585	-0.78647	-0.652403	0.718865	-0.654516	0.568501	0.608232	-0.826964	-0.129227	0.574318	-0.019878	0.732032	-0.240557	0.256629	-0.572959	0.684513	0.678715	0.131669	-0.353823	-0.304864	0.189365	-0.743182	0.020946	-0.409147	-0.316843	-0.356322	0.669074	-0.648999	-0.527105	-0.67105	-0.969798	-0.148791	0.687895	0.805499	-0.025269	-0.157247	0.736334	0.05699	0.097334	0.298624	-0.840775	0.677011	
-0.788514	0.064643	0.852019	0.097414	-0.315584	0.453262	0.802029	0.232471	-0.888228	0.757617	-0.964045	0.356478	0.800092	-0.685109	0.05633	0.410109	-0.648977	-0.509605	-0.86686	-0.681995	-0.763676	-0.418715	0.501147	0.387369	0.525205	0.319328	0.588468	-0.702087	0.108627	-0.95708	-0.016672	0.686834	-0.055426	-0.408828	-0.45069	-0.212917	0.827646	0.948592	0.496766	0.97502	0.524477	-0.43152	-0.129836	0.446298	0.41868	0.35625	-0.024224	-0.713736	0.919277	-0.559754	
0.958769	-0.745153	0.960671	-0.247768	0.621873	-0.985416	-0.109998	-0.502116	0.38905	0.326053	-0.076163	0.413272	0.956523	-0.813505	0.125352	0.351922	0.266437	-0.475495	0.749908	-0.508938	0.689923	-0.058543	-0.713815	0.648259	-0.843635	0.589979	0.200024	0.753319	0.606409	-0.196058	-0.729616	-0.467617	-0.997355	0.306806	-0.828975	-0.641423	-0.510047	-0.187795	0.3736	-0.111065	0.007541	-0.813584	-0.323645	-0.586663	0.478275	-0.964695	0.233592	0.395774	0.009286	-0.911045	
-0.497815	-0.524349	-0.464466	-0.47362	0.945431	0.582323	0.781821	0.427006	-0.306677	0.883707	-0.03109	-0.62913	0.458998	-0.48139	0.645571	0.480958	-0.419599	-0.080714	0.430195	0.336031	0.053157	-0.571714	-0.351214	0.389586	-0.086034	0.43572	0.368232	-0.288697	-0.801804	0.361573	-0.288833	0.12993	-0.75001	-0.707958	-0.152322	0.338758	-0.765071	0.548894	0.702728	0.345246	0.499218	-0.523039	-0.799466	-0.341741	-0.748916	-0.16702	0.522249	-0.437806	0.711689	-0.094031	
-0.67619	0.28456	-0.122952	-0.339541	0.032771	0.982145	0.503766	-0.412884	0.85488	-0.631669	-0.183716	-0.254811	0.971393	-0.990963	0.298531	0.017323	-0.688131	0.283356	0.615716	0.533963	-0.844749	0.590199	-0.308185	0.705194	0.124191	-0.840135	0.489501	0.127189	-0.097145	0.276917	-0.112584	-0.926149	0.825409	-0.424389	-0.441312	-0.900552	0.434791	0.818908	-0.074091	0.628248	-0.34237	-0.23053	-0.416552	-0.410123	0.122578	-0.348117	-0.868408	0.380536	-0.382725	-0.21543	
-0.627414	-0.901271	0.308566	-0.153576	0.864781	-0.962151	0.649792	-0.962922	-0.654066	-0.972328	0.018768	-0.292591	-0.363303	0.948783	0.156095	0.852687	0.777919	-0.320866	0.307091	-0.609892	-0.269004	0.369572	0.137642	-0.830097	-0.843721	0.542004	0.402123	0.297152	-0.558359	0.567637	0.153882	-0.705774	-0.667654	0.241604	0.956547	0.172143	-0.409666	0.432206	-0.593572	0.282738	-0.172192	-0.938395	0.032798	0.015021	0.823847	0.421737	-0.392337	0.290305	-0.499996	0.3083	
0.202883	0.228972	-0.677748	0.421369	0.075447	0.48461	-0.910659	0.466027	0.900523	0.171302	-0.719702	0.847547	0.111399	-0.445167	0.244281	0.717786	-0.783402	0.119326	0.265473	0.852235	-0.923624	0.014864	0.465248	0.319385	0.722842	0.312873	0.263259	0.219806	-0.670625	0.709361	0.031715	-0.957298	0.640931	0.377083	0.314812	-0.896475	0.410894	-0.323972	0.628952	-0.687889	-0.329133	-0.793789	-0.963288	-0.352867	0.398759	-0.160441	-0.404114	0.872505	0.453401	0.943251	
-0.394108	-0.611951	0.936713	-0.841099	0.570985	0.894566	0.436137	0.148886	-0.262093	-0.40895	-0.865808	-0.242252	0.005847	-0.502388	0.939233	0.997093	-0.421038	0.200504	0.765572	0.167419	-0.29627	0.69174	0.057455	0.238544	0.513882	-0.423441	0.372385	-0.466938	0.304917	-0.486782	0.592481	-0.305355	0.920851	-0.653238	0.428654	0.709948	0.742514	0.04005	0.098722	-0.411578	0.713257	0.524564	0.026729	0.005965	0.838919	0.121779	-0.812306	-0.783651	0.533233	0.051662	
0.112723	-0.134157	-0.954603	0.606474	-0.236917	-0.071613	-0.11858	-0.732592	0.926434	0.918827	-0.98045	-0.890866	-0.227647	0.963564	-0.036405	0.845325	-0.316606	-0.009335	0.657617	0.317237	-0.386894	-0.086707	0.248223	-0.198231	-0.603503	-0.550492	0.481186	-0.579113	-0.629029	-0.425497	0.978097	0.982876	-0.04036	-0.563977	-0.113189	0.765865	0.159313	0.801187	0.760667	0.628333	0.767871	0.025771	-0.662377	0.558963	0.984729	0.324584	-0.505711	0.856248	0.847433	0.848177	
0.325965	0.87663	-0.534464	0.149986	0.986803	0.989751	0.601989	0.173955	0.255349	-0.215356	-0.554566	0.793009	0.170161	-0.282323	-0.345395	-0.655092	-0.629905	0.335291	-0.42731	-0.366273	0.690178	-0.812842	0.898272	-0.169967	0.654898	0.647831	0.365037	-0.894419	0.309414	-0.106878	-0.379118	0.037762	0.32914	-0.219791	-0.182314	-0.569185	-0.667045	0.245514	0.949449	-0.803801	0.313884	0.199388	0.495293	-0.361719	-0.476753	-0.425766	0.675631	0.697649	0.625532	-0.442789	
-0.244319	-0.419496	0.372739	-0.529777	0.486071	0.58589	0.06671	-0.650981	-0.474949	0.134425	0.470293	-0.598327	0.296421	0.817199	0.464453	0.776834	0.917551	-0.451035	-0.58392	0.801236	-0.220961	-0.784175	0.246969	-0.042932	-0.615929	0.832359	-0.040372	0.982354	-0.437394	-0.880738	0.815285	-0.407515	0.847607	-0.030771	0.386686	-0.767527	-0.470788	0.357766	0.904553	0.640005	0.809051	0.549383	0.944045	-0.523862	-0.755247	-0.518959	0.160164	-0.258604	-0.929669	-0.750612	
-0.437629	-0.329155	-0.364891	0.131021	0.310868	0.689629	-0.240203	0.87599	-0.237866	-0.153309	-0.171477	0.529323	0.475582	-0.155309	-0.31472	-0.835079	-0.492392	-0.848948	-0.334809	-0.621217	0.291613	0.492535	-0.022975	-0.034924	-0.310881	0.91826	0.986734	0.284616	0.69242	-0.2487	0.17567	-0.26129	0.898071	0.215494	0.788224	0.236027	-0.830461	-0.38338	0.186225	0.831216	0.313498	-0.291355	0.31573	0.265204	0.944116	0.214654	-0.983852	0.974196	-0.708552	-0.277893	
0.929307	0.344707	0.364802	-0.13214	-0.198604	-0.393609	0.522497	-0.271676	-0.751889	-0.593736	-0.712187	0.795325	-0.464148	-0.537608	0.310155	-0.398444	0.607662	0.373724	0.178937	-0.047183	-0.247068	-0.118049	0.414005	-0.881968	-0.53699	0.399189	0.417699	0.144509	-0.47701	-0.549034	0.066879	-0.47267	0.478897	0.53539	0.438735	0.258264	0.78673	0.105233	-0.435897	-0.524471	-0.799821	0.235507	0.530398	0.220523	-0.735186	0.402308	0.478314	-0.262205	0.094651	-0.8458	
0.197162	-0.96271	-0.303713	0.618014	0.257555	-0.25022	0.827603	0.25432	0.85935	-0.021415	0.308499	0.285562	-0.896398	-0.720574	-0.75154	-0.583587	0.974845	0.343545	0.442067	0.842579	-0.636538	0.506585	0.046788	-0.241695	0.491985	0.597748	0.191392	0.372674	0.702826	-0.276968	0.671647	-0.045445	0.829278	0.435178	0.229604	0.959291	0.022005	-0.570347	0.055301	-0.252459	0.938665	-0.643749	0.245905	0.11892	-0.752881	0.393073	0.159556	-0.130214	0.905688	-0.781979	
0.26168	-0.416769	-0.005901	-0.26431	0.372492	0.782494	-0.842203	-0.042422	0.469557	-0.42209	-0.327662	0.889057	-0.779039	0.17387	0.401975	0.325887	-0.868199	0.917315	-0.953864	-0.935847	0.11113	-0.849482	-0.357924	0.584569	0.119711	0.161232	0.834498	-0.790572	0.976898	0.28319	0.375505	-0.968089	0.742324	-0.211506	-0.203965	0.272513	-0.205204	0.880269	0.833361	-0.254049	-0.547892	-0.186738	0.985589	-0.390208	-0.008368	-0.603005	-0.034361	0.905071	-0.196634	-0.974316	
0.234043	0.568862	-0.307677	-0.79471	-0.277546	0.576176	-0.060938	-0.959711	0.397211	-0.46876	0.098437	-0.148497	-0.607307	-0.210312	-0.465142	0.076724	-0.700491	0.995299	0.657929	0.45699	-0.498179	0.906408	0.946868	-0.764834	-0.495983	-0.734496	-0.411919	0.582645	0.968093	0.062668	-0.1568	0.486212	0.725329	0.022222	-0.020046	-0.190558	-0.119601	-0.124121	-0.768511	0.869054	0.040748	0.377424	-0.091312	0.561119	-0.553729	0.693276	0.917236	-0.739103	-0.125292	-0.918138	
0.551377	0.046149	-0.935465	0.812454	0.848165	-0.439509	0.480592	-0.852329	0.309048	-0.371274	-0.950907	-0.390957	0.074241	-0.931063	0.758087	-0.164876	0.023261	0.9339	0.858509	0.437456	0.452431	0.675171	0.269216	0.213787	0.738373	-0.746324	0.962372	-0.496253	-0.53291	0.247562	0.11384	0.09255	0.742669	-0.988497	-0.695962	-0.612079	0.105388	-0.278454	0.294284	-0.162121	-0.94883	0.58036	0.00629	-0.215246	-0.43905	0.736119	0.251309	-0.802085	-0.20677	0.980032	
-0.493932	-0.759162	-0.862816	-0.861946	-0.922629	-0.065193	0.811808	0.895087	0.812129	-0.235334	0.373401	-0.879943	0.542183	-0.448686	0.31364	-0.422041	-0.0237	-0.078734	0.221054	-0.346667	-0.625644	0.128034	0.541121	-0.232654	0.919028	-0.112497	-0.222565	-0.22281	0.92424	-0.409586	0.24291	0.058944	0.964547	-0.909801	0.960727	-0.298901	0.608967	-0.596759	0.426626	-0.335841	-0.620689	-0.64557	-0.652928	0.821408	-0.085291	-0.369793	0.626215	0.073301	0.343898	-0.435822	
-0.611903	-0.714873	-0.321724	-0.1819	0.283009	-0.223104	-0.23379	-0.602497	-0.211008	0.103708	-0.726358	0.511788	0.832558	0.137901	-0.38154	0.942398	-0.752899	-0.618096	0.537822	0.61894	-0.252805	-0.810315	0.277434	-0.313068	0.704854	-0.871101	0.069989	-0.664008	0.893595	0.946174	0.172343	0.387078	0.759781	0.805784	-0.764598	-0.335576	0.58357	-0.451148	-0.15062	0.96606	-0.051215	0.150808	-0.550435	-0.705554	0.810685	0.537869	-0.734579	0.862817	0.791872	-0.342956	
0.760227	-0.731836	-0.503203	0.760163	0.053397	-0.176535	-0.398546	-0.565344	-0.645251	-0.097301	0.000485	-0.828693	0.468222	-0.819396	-0.718658	0.779988	-0.250258	-0.740399	-0.215193	-0.659999	-0.760843	0.965604	-0.829889	0.488083	-0.099309	-0.540156	0.759942	0.042386	-0.90602	-0.234848	0.22694	-0.149769	-0.402949	-0.34373	-0.394423	-0.048688	0.994909	0.840832	0.078402	0.776792	-0.676271	0.25996	0.628979	-0.474854	0.120187	0.036015	-0.785448	0.944631	-0.259898	0.135686	
-0.953729	0.039681	-0.113516	0.754847	-0.864757	0.764799	-0.614801	0.686532	0.528352	0.206642	-0.283897	-0.090977	0.341133	-0.247271	-0.87054	0.411857	0.421025	-0.430881	-0.568083	0.798068	-0.299793	-0.854316	0.733314	-0.526642	-0.21415	0.129973	-0.055981	-0.561805	-0.525275	0.008928	-0.742163	0.800732	-0.47443	-0.702155	-0.634092	-0.608793	0.825934	-0.13959	0.510501	0.650275	-0.818528	0.235099	0.642712	-0.540921	0.866576	0.070379	0.035173	0.988213	-0.637579	0.860223	
-0.496094	0.120784	-0.846789	-0.280707	-0.506226	0.552784	0.978698	-0.697337	-0.877826	0.322719	0.956979	0.926528	0.725366	0.459166	0.158584	-0.968753	0.867002	0.139258	-0.061577	-0.960331	-0.651553	-0.312307	0.925442	0.277296	0.403898	-0.236649	0.478312	-0.583491	-0.436499	0.073815	-0.655397	0.759893	-0.503891	-0.030943	0.866803	-0.265518	0.149515	0.374056	-0.129648	-0.48453	0.043195	0.598943	-0.179071	0.376127	-0.494698	-0.220262	0.883505	-0.865271	0.828626	-0.89528	
0.623191	-0.245515	0.402372	-0.538111	-0.645449	-0.820673	-0.984379	-0.252519	-0.916538	-0.43525	0.75049	0.401044	-0.162144	-0.957057	-0.902295	0.985338	-0.120837	0.186977	0.479264	0.225957	0.503817	0.121498	-0.011872	-0.093156	0.776301	0.96964	-0.235649	-0.58695	0.852652	-0.425313	0.437275	-0.527943	0.190753	-0.366002	-0.914834	-0.956987	-0.396833	-0.073444	-0.119538	-0.118225	0.00627	-0.738261	0.301012	0.539344	-0.117968	-0.070586	-0.750969	-0.934705	-0.508088	-0.137532	
-0.779052	-0.286147	-0.057208	0.075653	0.466937	0.050393	-0.64799	-0.383552	-0.126449	0.086596	-0.156941	-0.212662	0.822901	0.336178	0.854087	-0.655117	0.340532	-0.044377	-0.359651	-0.897062	0.777146	-0.986821	0.652317	-0.260494	0.70656	-0.932544	-0.909797	-0.201428	0.227803	0.30329	-0.424378	0.276714	-0.191266	-0.657152	-0.746608	-0.508155	0.785058	-0.441932	0.10702	-0.723868	0.969081	0.790461	-0.663547	-0.564806	0.761121	-0.411215	-0.799024	0.196147	-0.703235	-0.853738	
0.268146	0.94331	-0.622298	0.709893	0.259962	0.727364	-0.336935	-0.302094	0.141706	-0.553692	-0.391643	-0.750645	0.688375	-0.053263	-0.713047	0.821264	-0.564849	-0.911458	-0.017942	0.303762	0.090564	0.333505	-0.159722	0.663642	0.227391	-0.594998	0.779366	-0.841966	-0.274136	0.224889	0.943481	-0.291354	-0.595777	0.323296	0.635355	-0.387013	0.024013	0.439144	0.131768	0.770052	-0.618661	0.679262	-0.84141	-0.337959	0.732596	0.06381	0.856153	0.24497	0.58796	-0.531141	
-0.019837	-0.043872	-0.410696	-0.076781	0.308602	0.861134	0.075857	-0.801404	-0.233051	-0.387534	-0.483794	-0.1178	-0.36791	0.573132	-0.11467	0.757716	-0.395354	0.96264	-0.749507	0.248436	-0.751488	-0.550547	0.60666	0.101521	-0.26006	-0.877785	0.743845	0.308814	-0.920051	-0.273549	0.007419	-0.916865	-0.826589	0.288316	0.782504	-0.319395	-0.91916	-0.042998	0.550994	0.547521	0.600156	0.550591	0.435025	-0.846078	0.350969	0.906295	-0.004927	-0.461359	0.743362	0.528023	
0.10625	-0.971951	-0.160707	-0.194227	0.473433	0.911196	-0.008352	-0.108306	0.175572	0.162917	0.327126	-0.566258	-0.153853	0.638398	0.134213	-0.185246	-0.688613	-0.628208	-0.856148	0.813326	0.120529	0.437207	0.387027	0.204081	-0.778234	-0.114626	-0.380722	-0.992785	0.015877	0.852167	0.923347	-0.756145	0.568372	-0.951245	-0.713681	-0.711359	-0.433557	-0.948868	-0.583542	-0.851124	0.401565	0.723031	0.065271	-0.86965	-0.535576	-0.805091	0.963162	-0.017552	-0.658984	0.130606	
-0.494278	0.237974	-0.07441	0.232999	0.619228	-0.007565	-0.677128	-0.085899	0.138109	-0.585531	0.694523	0.363018	-0.75204	0.546585	0.50784	0.176931	0.031742	-0.006625	-0.80715	-0.911011	0.608634	-0.174711	0.138415	0.279218	0.762128	0.345302	-0.101037	0.053708	-0.530586	0.736888	0.211029	-0.868025	0.503742	0.985611	0.851211	0.349741	0.262485	0.983412	0.597519	-0.282206	0.735076	0.880218	-0.114783	-0.251355	0.072432	-0.693128	0.654069	-0.582272	0.484718	-0.289699	
-0.45721	0.673494	0.959185	-0.304758	0.854391	-0.622463	-0.197378	-0.280618	0.232666	-0.290627	-0.496826	0.295999	-0.062217	0.396418	0.090222	-0.187016	0.003533	0.652667	0.450974	-0.32736	-0.03167	-0.93755	0.767059	0.938326	0.504023	0.774315	-0.661278	-0.291283	-0.720237	-0.894661	-0.241156	0.082299	0.604127	0.739541	-0.513849	0.740832	0.811485	0.226647	0.569328	0.91232	0.041253	-0.759948	-0.620288	0.189137	0.366092	-0.218148	-0.384892	0.541084	0.414927	0.730076	
0.275974	0.339233	-0.027045	-0.222305	0.241299	0.203253	-0.558169	-0.278415	-0.821537	0.336371	-0.711316	-0.007114	0.966851	0.807356	0.474592	0.635341	0.39262	0.936549	-0.646096	0.274048	-0.197332	-0.260789	0.923264	0.643741	-0.403331	0.112412	0.380593	0.141717	-0.252127	-0.863233	0.431417	0.463987	-0.241609	-0.870547	-0.879462	0.430688	0.445553	0.772926	-0.248975	0.192527	0.336111	0.485462	0.914003	-0.265801	0.229999	0.729745	0.748547	-0.609149	-0.51479	-0.27156	
-0.473894	-0.538753	0.816711	0.203754	0.565031	0.098653	-0.897563	-0.1083	-0.563718	-0.453217	0.591083	-0.123328	0.197743	-0.505472	-0.987468	-0.545581	-0.794162	0.86438	0.831205	0.005905	0.71108	-0.419951	0.693119	-0.488689	0.098177	-0.356865	-0.419221	0.211148	-0.471586	0.384905	0.973644	0.78664	-0.740839	-0.967326	0.032689	0.764097	0.416925	0.7226	0.308464	-0.219806	-0.318101	0.422178	0.542946	0.648245	-0.607931	-0.38263	-0.950939	-0.581413	-0.145371	0.599459	
0.866606	0.603436	0.265695	0.131519	-0.64549	0.445711	-0.383781	0.313693	0.084623	-0.023382	0.430528	-0.72099	-0.03466	-0.785316	-0.186769	0.020303	0.631753	-0.494394	0.307425	0.702449	-0.588342	-0.851977	0.370655	-0.689147	-0.726432	-0.434884	0.251409	0.007556	-0.453208	-0.913079	0.494409	-0.37079	-0.575152	0.131099	-0.101195	-0.828239	-0.577031	0.838769	0.586137	-0.727348	-0.460898	-0.449486	0.022406	0.750739	0.068144	-0.85282	0.876099	-0.746852	-0.100226	0.366102	
0.268261	-0.384166	0.126759	0.194611	-0.869735	0.74771	-0.208571	-0.130755	-0.062976	0.643057	-0.225464	0.893683	0.031713	0.472563	0.533528	-0.814012	0.119231	-0.695943	-0.336499	-0.009106	-0.394304	0.98681	-0.371971	-0.336992	0.125549	-0.514912	0.917425	0.952171	0.198211	0.670914	-0.204819	-0.170003	-0.297723	0.781057	0.583181	-0.957023	-0.654473	-0.048102	0.077359	-0.070845	-0.27824	-0.858341	-0.609243	0.868213	0.320897	-0.242922	-0.411599	-0.867331	-0.690433	0.722787	
-0.20919	0.159168	-0.597718	0.56461	-0.714285	-0.480301	-0.962245	-0.927611	-0.598152	0.182345	0.58685	-0.628138	-0.551873	-0.65408	0.154151	0.957823	0.050649	-0.965146	0.454846	-0.510566	-0.903252	0.529868	-0.834518	-0.720407	0.912218	0.676653	-0.305049	-0.209701	-0.585103	0.166454	-0.193375	-0.741378	-0.520893	0.654743	-0.619541	-0.637525	-0.78045	0.447477	0.643567	0.090763	-0.781849	-0.513358	-0.420791	-0.508785	-0.310008	-0.347464	0.338384	-0.817338	-0.69169	0.575306	
-0.606499	0.110977	0.067449	0.056081	0.866572	-0.378464	-0.905819	-0.805953	0.881763	0.034807	-0.430863	-0.190264	-0.526793	0.334426	-0.738074	0.209113	0.501003	-0.461214	0.950122	-0.326001	0.975286	-0.289965	-0.078486	0.540131	0.393265	-0.841975	-0.383689	-0.131177	-0.264537	-0.010333	-0.756018	0.473374	-0.549457	0.042741	0.411827	-0.680164	0.29066	0.489661	-0.665042	0.176206	0.113487	0.932014	0.629792	-0.198856	0.369155	-0.183983	-0.551377	-0.529742	-0.607909	-0.074397	
0.010866	-0.929412	-0.962945	-0.34873	-0.169945	-0.332988	-0.904455	-0.963962	-0.181438	-0.517797	-0.304308	0.637376	-0.984527	0.39934	0.485642	-0.848247	0.089135	-0.694588	-0.620551	-0.511251	0.107676	-0.99814	-0.146554	-0.370104	0.440528	0.373011	0.567976	0.857384	-0.01274	-0.966207	0.840308	-0.844493	0.835411	0.580937	-0.613991	-0.259637	0.14078	-0.161566	0.549	-0.922763	0.09961	-0.745947	-0.158799	0.525837	0.656773	-0.723006	0.408844	-0.856497	0.676463	-0.241792	
-0.615426	0.222536	-0.933262	0.683772	0.859322	0.95582	-0.24789	-0.499727	0.867589	0.836958	0.842519	0.836909	0.279472	-0.993244	0.479889	0.890945	-0.596075	-0.498394	-0.456147	0.545839	0.221715	-0.913785	0.069812	-0.343011	0.533199	0.216195	-0.318858	-0.66353	-0.851115	0.430592	0.249365	-0.40863	0.715319	-0.831851	0.72173	-0.6192	0.394365	-0.447665	-0.764274	-0.374136	0.516058	0.367315	0.457329	-0.431308	0.633713	-0.843016	-0.632832	0.860453	0.081559	0.505413	
0.210297	-0.521131	-0.401572	0.420772	-0.056343	0.489466	0.732907	-0.076869	0.65821	0.112357	0.961674	-0.013521	0.977713	0.118399	0.551802	0.664019	0.747676	-0.233714	-0.757905	-0.964286	0.847826	-0.613186	0.691495	-0.045598	-0.116843	0.898111	0.059837	-0.874702	0.605959	-0.846051	0.086131	0.603124	-0.06157	0.782999	-0.793308	-0.352213	0.791812	0.654799	0.062507	-0.378015	-0.724175	0.688208	-0.526546	0.421454	-0.185924	0.216443	-0.676462	0.144127	0.684115	-0.16049	
0.067576	-0.565231	0.845909	0.513162	-0.684646	0.944745	0.800434	0.25223	0.831138	0.761892	0.550403	0.724027	-0.8964	-0.573135	0.43877	0.591821	-0.677204	-0.07293	-0.336591	0.758836	-0.154232	0.446109	0.343475	-0.370057	0.983087	0.65734	-0.440992	-0.220512	-0.665989	0.854132	-0.629607	0.964214	-0.325433	0.260016	-0.307285	0.416417	0.447742	0.838598	-0.006452	-0.434509	0.372841	-0.948199	0.241826	-0.92007	0.749737	0.738581	0.481222	0.159533	-0.974241	-0.643443	
0.79104	-0.952185	-0.402732	-0.894865	0.088486	0.266178	-0.80737	-0.843779	-0.431553	0.209224	-0.209187	-0.520907	-0.883103	0.578652	0.861433	-0.364958	0.893559	-0.640898	-0.044397	0.095402	0.96019	-0.477499	0.715445	-0.495137	-0.568076	-0.858346	-0.522986	-0.881338	0.781255	-0.998976	0.705724	0.163201	-0.752733	-0.250334	0.065309	0.319743	-0.191996	-0.641509	-0.56285	-0.03012	0.143957	0.852799	-0.742827	-0.427724	-0.035274	0.517428	-0.26801	-0.104066	0.976111	-0.97684	
-0.830883	-0.567993	0.33945	-0.570229	-0.262191	0.31631	-0.001423	-0.336728	0.83897	-0.09229	-0.900364	0.59825	0.830366	-0.593368	0.072672	-0.863383	-0.388341	0.99145	-0.149997	-0.222661	-0.5503	-0.664321	-0.838316	-0.999461	0.616241	0.254379	-0.960584	-0.815925	0.955231	0.595346	-0.658279	0.984326	0.222324	-0.198961	-0.78213	-0.872655	-0.409548	-0.69808	-0.153198	0.067965	-0.238288	-0.409473	0.760956	0.029753	0.943433	-0.394026	-0.40242	0.448341	-0.723391	0.957958	
-0.449519	0.704858	-0.120297	0.562559	-0.41645	0.403474	-0.47119	0.251172	-0.347619	-0.966648	0.889684	-0.801395	-0.953097	0.874396	0.699312	-0.838552	-0.505389	0.024084	-0.822223	-0.173532	0.937313	0.457977	0.160939	-0.751578	0.104137	0.856581	0.801799	0.328161	0.348134	0.417574	-0.971905	-0.904051	0.355189	0.06907	0.66381	-0.447556	0.156392	-0.076594	0.449585	-0.868156	-0.095552	0.614259	-0.998596	-0.323722	-0.312709	-0.144109	0.34806	-0.05058	0.477291	0.04038	
-0.409089	0.692227	-0.089058	-0.580282	-0.351624	0.831062	0.894313	0.230613	-0.532837	-0.14246	0.739153	-0.515593	-0.479294	-0.376983	-0.194935	-0.71646	-0.525621	-0.837766	-0.014023	-0.642955	-0.568069	-0.389208	-0.147937	-0.240374	0.096559	-0.883809	-0.960595	-0.351714	-0.108142	0.965153	-0.952587	0.687939	-0.686379	0.091851	0.544713	0.531785	-0.567483	0.619384	-0.890821	-0.252533	0.92541	0.518712	-0.166746	-0.570179	-0.169045	-0.148695	0.926795	-0.589893	0.621674	0.631083	
-0.436986	0.679879	0.942728	-0.062445	-0.312971	-0.064168	0.101169	0.186103	0.025808	0.69405	-0.339827	0.986219	0.042946	-0.836237	-0.591976	0.106673	0.634573	-0.601061	0.932668	-0.785547	0.942804	-0.618256	0.194789	0.492275	-0.595645	-0.193488	-0.786681	0.716991	0.019857	0.360311	0.027229	0.866088	0.16716	-0.104045	0.543251	0.295908	-0.037855	-0.85351	0.976204	-0.821818	-0.155507	0.589396	-0.535494	-0.343184	-0.692067	-0.753714	0.274055	-0.454092	-0.828097	0.857878	
-0.440697	-0.015973	0.240731	0.287234	-0.258149	0.160026	0.654748	0.050344	-0.396562	-0.51203	-0.35	-0.04235	0.757981	0.162257	0.470077	0.208089	-0.356053	0.931984	-0.843863	-0.230752	-0.370032	-0.53381	-0.91407	-0.150344	0.978247	0.44684	-0.702273	0.73199	0.584607	0.806533	-0.536768	0.652273	-0.953772	-0.385313	-0.113456	-0.243257	0.127506	0.325563	-0.428931	-0.844989	-0.926383	-0.17745	0.848486	0.23872	-0.191955	0.639298	0.935417	0.97954	-0.715019	-0.628043	
-0.65868	0.895107	0.754014	0.019208	0.242422	-0.083261	0.608421	0.303797	-0.302162	-0.726964	0.083427	-0.929252	0.079279	-0.323178	0.105286	-0.463536	-0.036041	0.766647	-0.788992	-0.816956	-0.688133	-0.708673	0.786536	-0.567659	0.420829	0.581112	0.047137	0.550158	-0.604472	-0.674513	-0.184232	-0.658837	0.380951	-0.109536	0.365506	0.115702	0.083472	-0.407567	0.86105	-0.941253	0.242528	0.664501	0.527002	-0.789613	0.745135	0.63597	0.701818	0.239209	0.723344	0.60069	
0.903787	0.186357	0.60749	-0.539056	0.765962	-0.168174	0.122558	-0.93699	-0.817286	-0.051974	0.261458	0.617667	0.626497	0.073768	0.440173	-0.88341	0.121183	0.058006	0.462059	0.055487	-0.798344	0.356268	0.51916	0.240158	0.784795	0.427109	-0.231395	-0.103131	-0.603345	0.159688	-0.917886	0.016653	0.78895	0.177676	-0.041297	-0.505105	-0.856122	-0.536969	0.631499	-0.066102	-0.842371	0.065849	0.393634	-0.128542	0.03817	-0.819707	-0.690135	0.154974	-0.294878	-0.122707	
0.944014	-0.770583	-0.966308	-0.510191	0.42396	-0.596736	-0.40316	0.044219	-0.264784	0.284403	0.362885	-0.216564	-0.15386	0.934287	-0.02863	0.573986	0.99964	-0.753939	-0.77728	-0.634101	-0.764212	0.467957	-0.502593	-0.858923	-0.332453	0.583675	-0.305938	-0.02816	-0.486906	0.998267	0.160119	-0.397537	-0.622218	-0.694261	-0.441553	0.771939	-0.764286	0.7426	0.890893	-0.51738	-0.945835	-0.520561	-0.938214	0.272969	0.093022	-0.316888	0.927744	0.893992	0.261184	0.330507	
0.972546	0.159927	0.547401	0.133092	-0.212122	0.657039	0.335492	-0.986827	-0.801091	-0.563025	-0.59671	-0.55795	-0.791127	0.864568	-0.221051	-0.016138	0.537321	-0.945121	-0.783132	0.469178	-0.130585	-0.641813	0.49804	-0.365886	-0.78044	-0.813366	-0.007653	-0.707735	-0.768462	0.219829	0.139723	-0.624153	-0.660238	-0.312436	-0.946009	-0.714086	0.173062	-0.49894	-0.218817	0.512687	0.615178	-0.935489	0.462149	0.933088	-0.741999	-0.796838	0.676324	0.299105	-0.822754	0.765037	
-0.421051	0.597177	0.956459	-0.926669	0.692027	0.517015	0.014612	0.221867	0.415259	0.532982	-0.606556	0.371183	-0.996271	0.46908	0.567025	0.103754	0.502822	-0.810231	0.280919	-0.800323	0.480283	0.974251	0.37417	-0.946324	0.769583	0.388235	-0.679574	-0.629719	-0.861022	0.527691	0.414533	-0.812521	0.2937	0.024611	0.6097	-0.537934	-0.579462	-0.675527	0.267131	0.670781	-0.569652	0.233901	0.04495	0.055949	-0.522117	-0.275302	0.297507	-0.8246	0.244297	-0.76665	
-0.908155	-0.646481	0.145272	-0.033631	-0.916141	0.834017	-0.848317	-0.415682	0.062772	0.367288	0.797686	0.955456	-0.75584	0.654339	-0.518751	0.720138	-0.906195	0.216462	0.842616	-0.568341	0.97991	0.968927	-0.145461	-0.62718	0.538629	0.060513	-0.783102	0.558227	0.890977	0.201961	-0.053103	-0.29164	0.418809	0.923531	-0.1053	-0.130086	0.909751	0.991771	-0.144404	-0.868739	0.921545	0.374641	0.207626	0.594686	-0.565525	0.754149	0.151353	0.22523	-0.607911	-0.613349	
-0.76907	0.788407	0.530963	0.41475	0.884421	-0.752202	0.696164	-0.177397	-0.080235	-0.722434	-0.331902	0.641505	0.107191	0.986525	-0.444356	-0.054471	0.578661	-0.77868	0.812647	0.243185	-0.234724	0.74493	0.880259	0.771275	0.488384	-0.048737	0.066026	0.810016	0.732826	-0.103642	-0.017052	0.74176	0.179608	0.918963	-0.832133	0.57106	0.415369	0.005847	0.338763	-0.497924	-0.985066	-0.551464	-0.389128	-0.608733	-0.459514	0.3344	-0.489761	-0.39964	0.957356	-0.690967	
0.504231	-0.7521	-0.283431	0.579602	-0.446633	0.370977	-0.057594	0.306536	0.509729	-0.782676	-0.795557	0.591725	0.194724	-0.382548	-0.414154	0.745554	0.151325	-0.693771	-0.303891	0.192234	0.047921	-0.734044	-0.330488	-0.753355	0.857861	-0.137265	0.547889	0.431878	-0.4422	0.606122	0.029362	-0.240906	0.645939	0.649751	0.355045	-0.129553	0.184144	-0.394118	0.625133	0.420131	-0.508806	-0.983354	0.196837	0.567819	-0.65516	0.694526	0.37664	0.755761	-0.62342	0.80506	
-0.865156	-0.7947	-0.518569	0.353154	0.017344	-0.567587	-0.504296	0.167395	-0.249333	-0.710918	0.711608	0.643205	-0.136532	0.77714	0.371938	-0.929842	0.618616	0.202412	0.287999	-0.03514	0.221701	0.99613	-0.583948	-0.960207	0.313972	-0.912245	-0.018746	-0.427834	-0.652874	-0.543599	-0.710925	0.192003	-0.383232	0.044024	0.571735	-0.206752	0.936571	0.392269	0.890164	0.196824	-0.452234	-0.313311	0.292137	0.397485	1.7e-05	0.837944	-0.230857	0.651417	0.554508	0.582805	
-0.887205	0.958408	0.434615	-0.271385	0.837906	0.136523	0.872839	0.967491	-0.26264	-0.33121	0.989714	0.848308	0.700535	-0.565933	0.217184	0.664873	0.901251	-0.181408	0.608683	-0.770131	-0.739379	0.442982	-0.562783	0.161744	0.488594	-0.594366	0.519221	-0.681306	-0.625112	0.753079	-0.964809	0.795432	0.16541	0.520778	-0.573009	-0.653009	-0.587319	0.049914	-0.043021	0.727097	-0.197073	-0.341867	0.096475	0.608181	0.003108	0.328202	0.907856	-0.459318	0.374507	0.089131	
-0.111111	0.252955	-0.490813	0.408906	0.918922	0.839011	-0.442037	-0.118981	0.940524	0.536335	-0.627493	0.35425	0.333543	-0.136752	-0.159425	0.809816	0.076341	-0.444145	-0.08529	-0.215231	0.859405	-0.952453	0.597633	0.492384	0.883187	-0.561405	0.839593	0.146976	-0.834267	0.194803	0.492433	0.005381	0.963541	-0.16916	-0.547118	0.214294	-0.359928	-0.235369	-0.679467	0.649651	-0.334797	-0.32779	-0.883458	0.57556	0.565664	0.496215	0.723214	-0.904429	-0.832515	-0.925881	
0.036069	0.961226	0.001022	0.944078	-0.725896	0.583366	-0.398783	-0.539265	0.505469	0.071816	-0.481212	-0.372653	0.5619	0.55813	0.601724	-0.913001	0.832818	0.599105	-0.506445	-0.613303	0.363432	-0.811933	0.990004	-0.279716	-0.023981	0.09413	-0.832271	0.384959	0.934692	0.248774	0.804047	0.650284	0.884716	-0.667508	-0.738093	0.156568	-0.521744	0.857933	0.408303	-0.493195	0.509232	0.844395	0.771787	0.955381	-0.68079	0.420008	-0.377736	0.477825	0.587111	-0.881836	
-0.376995	-0.403923	0.20867	-0.017539	0.964378	-0.224602	-0.179748	0.549361	-0.932371	-0.598447	-0.222064	-0.45487	-0.43441	-0.121515	-0.048841	-0.962977	0.122872	0.351924	-0.905434	0.004685	-0.3087	-0.136887	-0.245971	-0.028793	0.557693	-0.109361	0.421018	-0.815371	-0.260232	-0.131181	-0.925432	0.254675	-0.863017	0.970548	-0.063123	0.973702	-0.696962	0.51573	0.734412	0.332531	-0.484925	-0.698857	0.288497	0.73788	-0.487068	-0.102422	0.589791	-0.17686	-0.431429	-0.793991	
-0.169904	-0.748164	0.775356	-0.615555	0.629624	0.99666	0.793343	-0.655928	-0.507182	-0.318212	-0.477375	-0.974128	0.00586	0.396837	-0.222163	-0.745265	0.731216	0.26554	-0.878199	0.350567	-0.54503	0.140997	0.412769	-0.387954	-0.871845	0.470966	-0.513246	-0.300407	-0.428866	0.896745	-0.218751	0.37114	0.93495	0.496342	-0.927052	-0.196747	0.338016	-0.198886	0.01794	0.68524	0.075771	-0.571169	-0.752674	0.400165	0.176981	-0.180249	0.257512	-0.395821	-0.891571	-0.926229	
-0.440201	-0.67896	-0.460772	0.326649	-0.340954	-0.881764	0.409529	0.486635	-0.644832	0.009011	-0.311482	0.635969	-0.926183	0.471086	-0.392753	0.034717	0.769216	-0.546876	0.658071	-0.604688	0.682712	-0.880886	0.328722	0.264877	0.734531	0.963196	-0.440205	-0.177609	-0.033015	-0.195096	0.094191	-0.461397	-0.969527	-0.762358	0.098692	-0.227535	-0.492205	-0.017703	-0.993777	0.317707	0.906682	0.960597	0.894223	0.308458	-0.28387	0.906625	0.569398	0.70828	-0.089022	-0.943005	
0.221395	-0.50528	-0.884218	-0.512746	-0.130687	-0.580592	0.293071	-0.483477	-0.712529	0.012014	-0.922087	0.281908	-0.217567	0.91151	-0.841401	-0.445479	0.073492	-0.435576	-0.603378	0.303213	0.726332	0.243054	0.621749	0.884563	0.535313	0.351062	-0.618157	-0.979169	-0.474947	0.656926	-0.007283	0.362666	0.508937	-0.251481	0.531783	-0.521191	0.494341	-0.379401	-0.241226	0.604247	-0.363741	-0.949388	0.655628	0.51543	0.917426	-0.214396	-0.87685	-0.169793	0.195811	-0.742613	
0.668606	0.430428	0.69155	0.482682	0.595909	-0.851973	0.455843	-0.08871	0.520576	-0.52034	-0.87308	-0.449493	0.086542	0.30971	0.270705	-0.670532	0.387163	-0.07561	0.16246	-0.858255	-0.672047	-0.591513	0.50936	0.337285	-0.025904	0.661482	0.666411	-0.542359	-0.509613	0.91038	-0.846722	0.713087	0.504145	-0.098691	0.230119	-0.577421	-0.369511	-0.464092	-0.249688	-0.306312	-0.636689	0.535672	-0.416538	-0.362486	-0.333885	-0.713265	0.614407	0.944698	0.023229	0.833369	
-0.922651	-0.374739	-0.574847	0.433279	0.898638	-0.927381	-0.698954	0.192589	0.348361	-0.601655	-0.967054	0.20748	0.577417	-0.906837	0.305931	-0.693705	0.076003	0.296777	-0.153405	0.911812	-0.214719	0.657345	0.519765	0.979177	0.011255	0.124443	0.689754	0.043536	-0.35445	-0.581178	-0.240669	-0.848014	-0.176737	0.344168	0.066899	0.167172	0.0846	0.527209	0.948211	0.712429	-0.264687	-0.337561	-0.128379	0.621455	-0.845445	0.867314	0.998294	-0.174919	0.608187	0.712953	
0.244737	0.277311	0.367232	0.884016	-0.414643	0.437673	-0.563738	-0.283474	-0.441248	-0.258561	-0.163268	0.79276	-0.057492	0.429864	-0.705112	0.610268	0.490397	0.59322	0.794797	-0.516205	-0.488681	-0.68948	-0.808091	-0.592787	0.461106	-0.467905	-0.489368	-0.414881	-0.055941	0.78549	0.819913	0.609086	-0.513051	-0.977103	-0.787831	0.721643	-0.31138	-0.378615	-0.607656	-0.319948	-0.700456	-0.057597	0.317456	-0.521892	0.217549	0.274579	0.694984	-0.572352	0.465225	-0.056881	
0.800325	0.474861	0.164244	0.249272	-0.776857	0.098107	0.971697	-0.484722	-0.678444	0.852817	0.950283	0.452868	-0.590615	-0.154001	-0.048429	0.505105	0.247851	0.844539	0.323546	-0.802461	-0.088141	0.960889	0.969743	-0.060325	-0.093216	-0.80358	-0.715445	-0.427796	-0.324448	0.021979	-0.093868	-0.628601	0.184823	0.496959	0.474822	-0.248629	-0.873698	0.184615	-0.858822	-0.819177	0.583457	-0.051903	-0.511253	0.565833	0.338075	-0.618992	-0.265089	-0.629582	-0.577275	0.375265	
0.207746	-0.821873	0.646301	-0.146538	0.919817	-0.023364	-0.565754	0.613363	0.48616	0.308091	-0.866475	-0.293842	0.611956	-0.122034	-0.937239	-0.070541	-0.032447	-0.683707	-0.951473	0.616465	0.798949	-0.725039	0.293801	-0.448332	-0.482722	-0.306358	0.242071	0.75544	-0.702836	0.321118	0.304316	0.810696	0.828934	0.12727	-0.070272	0.775197	0.171325	0.515807	0.902293	-0.157432	-0.479405	-0.965924	0.570049	0.084851	-0.547344	0.813521	0.864159	-0.0212	-0.236985	-0.282313	
0.787029	-0.5147	-0.43714	0.778852	-0.147794	-0.109513	-0.837735	-0.406205	0.790466	0.195593	0.443041	-0.318732	-0.953461	0.930316	-0.428333	-0.829222	-0.405418	0.021109	-0.04432	0.276627	-0.388225	0.558733	0.90716	0.63275	-0.220582	-0.324965	-0.245438	-0.148539	-0.460879	0.949243	0.044351	-0.177052	0.049386	-0.865544	-0.313001	0.594338	0.811805	-0.053356	-0.724048	0.843265	0.391961	0.891995	-0.42828	-0.436523	0.780349	-0.766171	0.730647	-0.950513	-0.397326	0.793382	
0.479707	0.606074	0.77191	0.437357	-0.662139	0.854112	0.727934	0.106012	-0.099128	-0.27287	0.526209	0.089302	-0.915376	0.538815	-0.148007	-0.438351	0.64194	0.199055	-0.330295	-0.079346	0.795549	0.326629	-0.926621	0.523813	0.631648	0.673244	-0.649468	0.471996	0.665399	0.445685	-0.830284	-0.026452	0.969803	0.318958	0.586386	-0.573723	0.558714	0.902941	0.546325	-0.304529	-0.819148	0.526507	-0.064676	0.855978	0.123295	0.186522	-0.386038	-0.747858	0.115128	-0.309346	
0.937908	0.946632	-0.562852	0.84659	0.351885	0.892456	0.252877	-0.246368	-0.254202	0.622712	-0.526945	-0.652555	0.310841	0.803379	-0.78904	0.718111	-0.868788	-0.431455	-0.238164	-0.50183	0.174253	-0.342414	-0.552875	-0.824883	-0.63885	-0.306175	-0.108765	-0.243728	-0.554593	-0.640924	0.545949	0.524188	-0.388512	-0.435095	-0.218991	0.082055	0.747465	-0.445779	-0.928039	0.043769	-0.647949	0.51469	-0.718044	0.899329	0.117958	-0.8038	0.859706	-0.3718	0.391729	0.334101	
0.022802	-0.224412	0.700249	0.435156	-0.645901	-0.667277	-0.380201	-0.995736	-0.778066	0.262238	0.15229	-0.415304	-0.563995	0.273678	-0.437293	0.457684	-0.970748	0.894853	-0.614271	0.137563	0.951131	0.4256	-0.849528	-0.077112	0.333373	-0.841255	-0.785093	0.955295	-0.923507	-0.719575	-0.642084	0.324404	0.867984	-0.65543	-0.278826	0.415136	-0.114351	-0.473275	-0.134627	0.405711	-0.750837	-0.775162	-0.246103	-0.454698	0.8438	0.41549	0.731368	0.265798	0.008158	0.407683	
-0.506633	0.999113	-0.09557	0.964454	0.679193	0.188368	-0.727921	-0.79105	0.779131	-0.745139	-0.718666	0.219702	0.858242	-0.674135	-0.622203	-0.836764	0.756274	0.815126	0.430811	0.249606	0.430645	0.042249	-0.377657	0.251635	-0.620686	-0.263571	0.946506	0.647061	-0.641519	-0.394536	0.894947	0.218896	0.107726	-0.308982	-0.844122	0.774642	-0.882983	0.863344	0.791266	-0.164615	-0.258233	-0.038599	0.826786	-0.50844	-0.374381	0.894421	-0.384045	-0.436403	-0.481886	-0.388717	
0.973647	-0.081784	0.331376	0.78726	0.87016	-0.305248	-0.760058	-0.047326	-0.098991	0.83481	0.841309	0.618777	0.71366	-0.074832	0.674888	0.529847	0.152051	0.259258	0.089197	0.841348	-0.974633	0.837636	0.870521	0.616376	-0.06438	-0.052544	0.209157	-0.091291	-0.857211	-0.361584	0.643022	0.295867	0.769624	0.48867	-0.835743	0.783221	-0.750904	0.558421	-0.24328	-0.063597	-0.999971	0.09871	-0.67857	-0.725533	0.795935	0.190313	-0.27161	-0.307496	-0.427006	0.150082	
-0.722164	0.686618	-0.396257	0.934864	-0.717069	0.280372	-0.587903	0.20121	-0.212038	0.874176	0.034825	-0.925531	0.990015	0.337964	-0.384091	0.354523	0.943221	-0.423274	-0.58733	-0.145066	0.457002	0.656665	-0.26655	-0.679741	-0.072607	-0.667097	-0.484367	0.557933	-0.445311	-0.03934	-0.247051	0.276671	-0.92861	-0.088069	-0.328653	0.725756	-0.500704	-0.191767	-0.976139	-0.299934	-0.284066	0.153369	0.292317	0.359006	-0.205442	0.324844	0.054929	-0.834662	-0.436082	0.374058	
-0.382245	0.342762	-0.062674	0.912415	-0.772166	0.622257	-0.391719	0.131016	-0.408332	0.607161	-0.77617	-0.260014	0.435437	0.784808	-0.686151	-0.305162	-0.075428	0.456888	-0.530103	0.744393	0.40856	0.314247	0.354499	0.223982	-0.871441	-0.786462	-0.136166	0.107042	-0.555991	-0.299295	0.361218	0.808784	0.30815	-0.225161	0.518619	0.054485	0.628095	-0.435637	-0.157019	0.634632	-0.961088	0.522979	0.050007	0.966323	0.677691	-0.653079	-0.454006	0.99845	0.758766	0.712761	
0.134421	-0.34553	-0.695857	0.074518	-0.334376	0.124178	0.3816	-0.359075	-0.635157	0.552052	-0.12192	0.581743	0.307124	-0.94402	0.515005	0.657757	-0.308009	-0.718955	0.783591	0.70259	0.591146	0.312787	0.915595	-0.403329	0.766899	0.240327	-0.490334	0.438132	-0.924539	0.633303	0.326846	-0.027081	-0.800393	-0.989347	0.82085	-0.240285	0.065691	-0.026903	0.549784	-0.556655	-0.505469	0.185578	0.718805	-0.093072	0.620689	-0.380308	0.677565	-0.809378	0.655382	-0.136686	
-0.088994	0.199774	0.853222	0.544286	-0.949652	0.709904	-0.602999	-0.990213	-0.75752	0.432164	0.046023	-0.815403	0.833673	0.421081	-0.300491	0.062239	-0.322598	-0.073206	0.765115	0.29061	-0.789498	0.472709	0.744451	0.354386	-0.653524	0.777653	-0.60378	0.619165	0.633449	-0.175806	0.992065	-0.017486	0.713954	-0.766182	0.641573	-0.901532	0.912879	0.076237	-0.43571	0.797743	-0.619855	-0.724686	0.889789	0.224063	0.3418	-0.976626	0.943654	0.957739	-0.991792	0.979695	
0.26254	-0.24072	0.067067	-0.760188	-0.303294	-0.634707	0.92057	-0.16446	0.809283	0.23106	0.530221	-0.110676	0.076018	-0.530305	-0.780532	0.50628	-0.833735	-0.050977	-0.693161	0.615465	0.370538	0.771099	0.232458	0.933412	0.464519	-0.58385	-0.326511	0.765311	-0.353072	-0.58483	-0.343475	0.218516	0.899251	0.72835	-0.670324	0.666129	-0.474135	0.242087	-0.680367	0.294311	0.458818	0.142474	0.426403	-0.051591	-0.757747	0.97025	0.880906	0.066459	0.090394	0.207004	
-0.258841	0.057362	-0.899811	0.897054	0.362306	-0.746586	-0.648304	0.770453	0.907061	0.693781	-0.554629	-0.428934	-0.908832	-0.899327	-0.55787	0.190553	-0.910573	-0.690989	0.338173	-0.565074	-0.120288	0.316357	0.916711	0.17114	-0.600513	-0.4613	-0.683076	0.247307	0.358505	-0.149879	0.121914	-0.122066	-0.227108	0.52476	-0.924031	-0.921183	0.123061	0.715314	-0.391506	-0.640107	0.448785	-0.215874	-0.801005	-0.671941	-0.346016	-0.321905	-0.73157	-0.445813	-0.0791	0.310439	
-0.541378	-0.503933	-0.824372	0.998354	0.571415	-0.862376	-0.637704	-0.838957	-0.278955	-0.114526	0.949781	0.941654	-0.853457	-0.014667	0.648906	-0.960393	0.675766	-0.233163	0.433049	0.573429	-0.138381	-0.762703	-0.490335	-0.729529	-0.837561	-0.307386	-0.448562	0.517059	0.168664	0.632966	0.970821	0.813131	0.848093	-0.439399	-0.639719	-0.664444	-0.275034	0.739223	-0.003008	0.009898	0.285225	-0.330379	-0.636726	-0.513035	-0.196421	-0.68425	0.439663	-0.611077	0.612613	0.924308	
-0.155996	-0.856369	0.49707	-0.908104	-0.75666	-0.901302	-0.855734	-0.720367	0.185366	0.916458	-0.579066	-0.308502	-0.192998	-0.185881	-0.627331	0.516557	0.060896	-0.923108	0.801263	0.168753	0.548347	0.931976	-0.720001	0.608985	0.15089	-0.630386	-0.559895	-0.804703	0.134544	-0.770612	-0.30868	0.809067	-0.099589	0.920597	0.661508	-0.247537	0.445391	-0.851564	0.973262	0.766992	0.207676	-0.42351	-0.354403	-0.866122	0.398163	-0.850328	-0.569714	-0.336616	0.9865	0.857312	
0.91198	0.381273	0.626638	-0.567847	-0.413287	0.527792	0.538947	-0.87919	0.665106	0.645193	-0.838653	-0.675406	-0.228369	-0.282164	0.094087	-0.161909	-0.588762	-0.680022	-0.970938	0.593606	0.484119	0.182602	0.50664	0.136	0.022275	0.00758	-0.328016	-0.68558	0.484907	-0.621557	0.481698	-0.547485	0.146326	-0.290305	0.893387	0.658544	0.529896	0.173695	0.160945	0.887935	-0.341683	0.054573	0.325471	-0.919417	0.015033	0.477778	0.132785	-0.100573	0.972662	-0.876337	
-8.8e-05	-0.77614	-0.031236	-0.009314	-0.492501	0.644895	-0.556109	0.553326	-0.500257	-0.881511	0.489036	0.175907	-0.315222	0.860422	-0.102445	-0.912411	0.98365	0.484964	0.016207	-0.617028	-0.474661	0.182643	0.238658	-0.179757	0.462608	-0.019796	0.667597	0.519164	-0.646853	0.913262	0.78885	0.936386	0.508679	0.036868	-0.058508	0.654306	0.758107	-0.938566	-0.139491	-0.204152	-0.740952	-0.121426	0.516372	0.749439	0.699486	0.568393	0.929239	0.285216	-0.706603	0.073696	
-0.686284	-0.718358	0.850188	0.635737	-0.402469	0.684781	0.306566	-0.167166	0.972939	0.675609	0.566962	0.380479	-0.123485	0.515527	0.10175	0.776618	0.098169	-0.68524	0.900587	0.267849	-0.661983	-0.673734	0.320696	-0.520721	-0.012667	-0.340887	-0.585928	-0.613108	0.950782	-0.720512	-0.899359	0.27942	-0.099229	-0.085239	0.673727	0.83876	-0.132122	-0.279079	-0.652097	-0.620426	0.630487	-0.771285	-0.488662	-0.173327	-0.636964	-0.48627	0.214363	0.38696	-0.177873	-0.766903	
0.076213	0.697711	0.83017	-0.873896	0.139903	0.773367	0.804925	0.924451	0.855628	0.310206	-0.589972	-0.504435	0.690545	-0.263414	-0.627757	0.131648	0.310234	0.676027	-0.835612	-0.898828	0.220407	0.775296	-0.362556	0.001239	-0.421397	0.053764	0.452585	-0.068234	0.862099	0.447873	0.337708	-0.844322	-0.1391	-0.606398	-0.798338	0.541765	0.917633	0.557036	-0.145045	-0.071142	0.238446	-0.974452	-0.981087	0.964667	-0.579393	-0.438555	0.440643	-0.739234	0.124053	-0.348082	
0.119547	-0.074429	0.27421	0.601472	0.067417	-0.802209	-0.877826	0.102234	0.595968	-0.379091	0.431257	0.015331	-0.073122	0.721807	0.159909	0.907988	0.888244	-0.614571	0.224025	-0.583579	0.443066	-0.282092	-0.163235	0.064999	-0.736891	0.03994	-0.053263	0.518991	0.831537	0.370851	0.073674	-0.763542	-0.284925	0.53896	-0.807984	0.794777	-0.42707	0.807103	0.07894	0.088982	-0.966064	-0.189036	-0.272651	0.900356	-0.867977	-0.248356	0.117418	0.089286	-0.455925	0.137461	
0.176076	-0.538679	-0.370862	-0.602741	-0.93443	0.105414	-0.33663	0.283879	-0.681388	0.030685	-0.397031	0.023949	0.624757	-0.336298	0.211405	-0.82202	0.141132	-0.900241	0.683071	-0.593144	0.467347	0.934642	-0.747003	0.727697	-0.165037	-0.68936	-0.587101	0.495097	0.574341	0.476022	-0.323689	0.029845	-0.201749	0.263718	-0.35277	-0.95342	0.838804	0.948463	0.957534	-0.084236	-0.691964	0.916933	0.014657	0.518761	0.397112	-0.926814	0.422282	-0.608742	-0.212472	0.345423	
-0.047902	0.910085	-0.825952	0.516932	0.759252	0.458111	-0.058232	0.075333	0.03506	0.494514	-0.373193	-0.257097	-0.233258	0.195271	0.735665	0.817505	-0.827924	-0.830045	-0.149821	0.203299	-0.697801	0.309998	-0.226704	-0.510389	0.037126	0.374129	0.733486	0.219206	-0.329978	0.451276	-0.951583	0.802356	0.188419	0.920408	-0.995943	0.369964	-0.306565	-0.051013	0.413836	0.513424	0.030497	-0.003984	-0.586735	0.964467	-0.129354	-0.675687	-0.923872	-0.663498	-0.786894	0.312184	
0.549609	-0.005598	-0.239353	-0.123395	0.743458	0.94427	-0.689348	0.897761	-0.601023	-0.387922	-0.66233	-0.475036	0.265247	-0.010567	0.325654	-0.001595	-0.873708	-0.210266	0.937795	0.953129	0.01871	-0.332869	0.851708	0.702621	0.175215	0.029903	-0.140755	-0.324581	-0.523186	-0.755171	-0.773709	-0.144978	0.643888	-0.847369	-0.708453	-0.137804	0.080893	-0.714916	-0.373116	0.5096	-0.9481	0.847504	-0.93569	0.796538	0.634559	0.854381	-0.106557	-0.317592	-0.836576	-0.5247	
0.955779	0.648018	-0.377693	0.354076	-0.731526	-0.378087	0.690112	0.963412	0.069056	0.517368	-0.697242	-0.301196	-0.789308	-0.80373	-0.436377	0.226193	0.411512	0.45593	0.126121	0.926291	0.873458	-0.076452	0.754132	-0.259768	-0.97086	-0.386644	0.228817	-0.28514	0.702913	-0.122971	-0.80759	0.374702	-0.831963	-0.241519	-0.836122	0.789788	-0.442397	0.214938	0.225682	-0.402489	-0.709916	0.19683	-0.539666	0.198129	-0.594331	-0.001811	-0.195594	0.875913	-0.291345	0.021914	
-0.279811	-0.211601	-0.19707	-0.891314	-0.124696	-0.360134	0.681671	-0.680954	0.287697	-0.936219	-0.276902	0.177549	-0.347562	0.240694	-0.793398	-0.146023	-0.899678	0.347685	-0.29477	0.192615	0.310371	0.715418	-0.345972	0.556474	0.082223	0.631249	0.029539	0.914916	0.935015	0.804432	0.549312	0.236176	-0.353419	-0.060289	0.905061	0.064465	-0.447054	-0.652353	0.099707	-0.469421	0.79531	-0.969608	0.335252	-0.497946	0.306107	0.163825	0.363727	0.40916	0.4004	-0.00363	
0.363542	0.933019	-0.113648	-0.186474	-0.18552	0.372889	-0.314708	-0.490254	0.547396	0.407652	-0.594415	0.594882	0.784639	-0.462343	0.708912	-0.568291	-0.820077	0.848479	0.951489	-0.774115	0.27863	-0.365802	-0.903132	0.416668	-0.846513	-0.602187	-0.213997	-0.056713	-0.283075	0.54662	-0.788225	-0.603132	-0.225206	0.79238	0.130127	0.375563	-0.673888	-0.528215	-0.060767	0.156329	-0.616451	-0.861863	-0.583096	-0.274309	-0.855462	0.496641	-0.352174	0.39479	0.207916	-0.185288	
0.01982	0.017113	0.021791	0.012449	0.027995	0.007561	0.035314	0.03316	0.000568	0.000415	0.025426	0.002413	0.018537	0.007347	0.030768	0.036459	0.028598	0.029862	0.018964	0.021711	0.013798	0.038199	0.031212	0.023988	0.022451	0.023266	0.011581	0.011207	0.018141	0.005365	0.018057	0.010147	0.017906	0.011123	0.034396	0.018111	0.010364	0.03927	0.033675	0.004943	0.002198	0.013196	0.007004	0.027227	0.023324	0.039596	0.018469	0.033753	0.007894	0.033868	
0.002177	0.030485	0.001127	0.016927	0.018681	0.002295	0.010481	0.022882	0.000643	0.037474	0.033822	0.018163	0.03188	0.014349	0.008541	0.025203	0.028629	0.013904	0.023511	0.031709	0.014766	0.019135	0.010828	0.018425	0.010044	0.002641	0.035282	0.011665	0.006533	0.019559	0.031628	0.011842	0.016637	0.023141	0.036842	0.036917	0.031543	0.023795	0.01206	0.035325	0.023663	0.022102	0.003674	0.022041	0.023486	0.010288	0.01692	0.030572	0.036901	0.028862	
0.000467	0.023018	0.018129	0.025186	0.010372	0.032739	0.029892	0.033774	0.018486	0.033782	0.031045	0.000868	0.010185	0.006894	0.029101	0.011381	0.01057	0.02017	0.003587	0.028848	0.037314	0.008915	0.034786	0.004188	0.018635	0.011616	0.03495	0.004951	0.038718	0.033909	0.002508	0.017827	0.00915	0.014797	0.02483	0.017256	0.024434	0.009569	0.01882	0.039651	0.038	0.037143	0.022475	0.016004	0.025427	0.018443	0.008069	0.015258	0.00181	0.032053	
0.001958	0.00047	0.001963	0.038703	0.01736	0.037353	0.011808	0.043267	0.040611	0.026698	0.013847	0.016275	0.040546	0.02187	0.001844	0.002207	0.002981	0.01406	0.029194	0.031323	0.030061	0.022665	0.001155	0.012671	0.033184	0.004407	0.031963	0.008661	0.02035	0.039311	0.025251	0.009936	0.042659	0.013889	0.026285	0.008321	0.03506	0.011954	0.00136	0.029574	0.042644	0.026584	0.0213	0.034333	0.003928	0.027893	0.000782	0.007399	0.009065	0.023017	
0.029414	0.016995	0.000702	0.019474	0.006095	0.012469	0.009991	0.032514	0.026075	0.015998	0.022464	0.032886	0.028581	0.014197	0.018961	0.0264	0.033091	0.02893	0.022843	0.028411	0.008149	0.033599	0.028666	0.004941	0.004815	0.030757	0.016016	0.038122	0.016858	0.00441	0.0246	0.002073	0.000227	0.004712	0.026755	0.028305	0.015157	0.022062	0.036448	0.03129	0.013989	0.024796	0.014616	0.036775	0.007368	0.026056	0.011894	0.021506	0.01229	0.026257	
0.022664	0.030563	0.005904	0.009636	0.005991	0.002257	0.035392	0.001318	0.013664	0.044442	0.047312	0.01123	0.005784	0.014649	0.04258	0.021285	0.026382	0.002224	0.012112	0.006372	0.038544	0.043179	0.028835	0.009084	0.04237	0.008437	0.024288	0.031018	0.028771	0.017763	0.014545	0.011215	0.03685	0.008738	0.02065	0.015264	0.032622	0.008768	0.003515	0.03622	0.006673	0.021384	0.031075	0.01246	0.019908	0.00342	0.048213	0.002401	0.013387	0.018642	
0.024706	0.009946	0.021422	0.031593	0.019652	0.035232	0.005806	0.000551	0.041181	0.01203	0.019895	0.006859	0.032861	0.005359	0.001999	0.000746	0.029039	0.044531	0.024481	0.017647	0.026259	0.040853	0.004232	0.034247	0.003863	0.000101	0.029759	0.002219	0.016782	0.013911	0.029067	0.020495	0.030943	0.02015	0.021613	0.022273	0.020177	0.000609	0.018545	0.029615	0.006158	0.027902	0.040702	0.032858	0.031532	0.011481	0.04233	2.7e-05	0.006526	0.029235	
0.011315	0.031004	0.007061	0.03211	0.030035	0.013182	0.023948	0.027071	0.001603	0.037634	0.040825	0.024449	0.010545	0.035415	0.020838	0.026935	0.040597	0.00733	0.006049	0.029778	0.024712	0.007812	0.000123	0.026138	0.00854	0.027934	0.018499	0.001573	0.006569	0.020933	0.016933	0.011818	0.038078	0.026478	0.029593	0.017789	0.015918	0.009612	0.033096	0.004398	0.004128	0.024048	0.037152	0.006422	0.013119	0.01636	0.008256	0.029831	0.037166	0.019248	
0.009938	0.022657	0.033759	0.003557	0.024838	0.033965	0.024102	0.022458	0.028433	0.039266	0.033853	0.043777	0.045181	0.00395	0.045041	0.009324	0.013897	0.016386	0.037198	0.005481	0.001639	0.008904	0.033173	0.005864	0.012207	0.02125	0.019367	0.025715	0.014089	0.036392	0.021022	0.018761	0.003454	0.000104	0.015522	0.027708	0.034913	0.016528	0.029098	0.009314	0.001195	0.005474	0.021365	0.011025	0.014455	0.002744	0.033487	0.014657	0.026684	0.016829	
0.004742	0.017344	0.035554	0.030976	0.001682	0.016737	0.0047	0.03418	0.020968	0.029242	0.026171	0.017097	0.020376	0.038218	0.028055	0.011199	0.009215	0.006041	0.009767	0.016883	0.021592	0.027348	0.011643	0.032385	0.019341	0.02105	0.004989	0.002307	0.018132	0.020003	0.038145	0.026086	0.009671	0.023664	0.001843	0.013526	0.035289	0.023205	0.034814	0.037375	0.031952	0.009566	0.032738	0.030469	0.002267	0.032473	0.010727	0.009687	0.038094	0.000472	
0.003112	0.038799	0.007881	0.014984	0.005949	0.000223	0.01024	0.011088	0.003659	0.026727	0.009011	0.032907	0.020119	0.029755	0.007169	0.019223	0.030455	0.027691	0.036085	0.012784	0.01645	0.027602	0.014989	0.036738	0.005767	0.018492	0.010331	0.002748	0.010223	0.033081	0.02661	0.019074	0.03836	0.024528	0.006897	0.023954	0.03971	0.025968	0.013667	0.001003	0.023436	0.017795	0.036021	0.037874	0.007405	0.009806	0.037432	0.025946	0.022403	0.037829	
0.024724	0.031102	0.040841	0.029632	0.001442	0.001198	0.039747	0.022557	0.009873	0.004393	0.005649	0.030294	0.022732	0.002751	0.005833	0.006747	0.030032	0.016199	0.002035	0.006069	0.011294	0.001591	0.037764	0.015779	0.007446	0.027591	0.039965	0.02625	0.037343	0.001554	0.013822	0.025182	0.027317	0.011822	0.012185	0.012559	0.013652	0.038062	0.016181	0.022981	0.037178	0.033798	0.030716	0.03146	0.006697	0.010407	0.036809	0.038844	0.011723	0.028178	
0.033859	0.008582	0.019533	0.022276	0.017462	0.006703	0.03198	0.0216	0.033267	0.001104	0.025653	0.00369	0.00265	0.010272	0.03039	0.008256	0.035267	0.016146	0.020208	0.035318	0.021634	0.023956	0.0352	0.031699	0.007085	0.024568	0.020409	0.030334	0.003001	0.021504	0.027072	0.016242	0.018669	0.034093	0.003011	0.025835	0.008792	0.030324	0.027319	0.013862	0.032387	0.016425	0.001274	0.00914	0.011982	0.004472	0.022167	0.033923	0.024521	0.034884	
0.022708	0.013381	0.031718	0.002012	0.010337	0.021378	0.032473	0.029457	0.003869	0.041704	0.001395	0.005562	0.020765	0.029777	0.013195	0.024073	0.020719	0.026037	0.010872	0.039415	0.0329	0.001014	0.002139	0.031364	0.015496	0.040236	0.012741	0.016102	0.009516	0.024635	0.009213	0.032883	0.038654	0.005838	0.015759	0.039741	0.004022	0.040745	0.007107	0.010015	0.033862	0.0304	0.014296	0.026822	0.01818	0.000826	0.019795	0.03366	0.018759	0.012433	
0.022127	0.016608	0.039829	0.002764	0.038521	0.019092	0.019789	0.016966	0.01859	0.00572	0.011199	0.027687	0.018133	0.032786	0.010418	0.033544	0.034622	0.021177	0.02104	0.017017	0.033813	0.028428	0.007658	0.031228	0.00751	0.017233	0.035954	0.029254	0.012147	0.012918	0.010927	0.004454	0.035444	0.019882	0.01653	0.005122	0.038409	0.015002	0.023021	0.009866	0.012284	0.018159	0.012999	0.029922	0.002465	0.038738	0.012166	0.008148	0.007338	0.035352	
0.027263	0.034329	0.01896	0.005213	0.003143	0.04402	0.019467	0.017295	0.004806	0.03609	0.042665	0.014855	0.006779	0.028489	0.007496	0.006761	0.038959	0.034513	0.041595	0.009691	0.03793	0.016513	0.022406	0.006788	0.008333	0.00812	0.021634	0.026107	0.00224	0.011141	0.019787	0.037029	0.034016	0.014103	0.038	0.040039	0.016913	0.009074	0.008456	0.020541	0.018634	0.03344	0.007303	0.028763	0.004226	0.009352	0.015899	0.036413	0.002315	0.002096	
0.027443	0.009367	0.007451	0.016195	0.028136	0.00279	0.026198	0.029087	0.027648	0.023746	0.0241	0.006246	0.033335	0.030279	0.00434	0.013571	0.004053	0.005684	0.035525	0.033525	0.007501	0.018375	0.008276	0.015615	0.032353	0.030091	0.036686	0.031218	0.019103	0.011495	0.031634	0.010345	0.005284	0.031539	0.009916	0.028452	0.003583	0.012424	0.024504	0.026831	0.016693	0.027906	0.021035	0.033814	0.011326	0.031917	0.027237	0.014469	0.024047	0.007612	
0.035732	0.033898	0.017347	0.021953	0.034509	0.000347	0.030884	0.036763	0.034765	0.011383	0.020769	0.01102	0.036705	0.033512	0.013843	0.015252	0.004017	0.019238	0.028165	0.029364	0.008408	0.027326	0.021765	0.003255	0.02016	0.012253	0.029174	0.02407	0.004972	0.016696	0.011471	0.025381	0.013141	0.035174	0.018438	0.012455	0.034811	0.025347	0.01055	0.021121	0.01183	0.001069	0.004851	0.026956	0.031075	0.011054	0.024613	0.01196	0.010715	0.020443	
0.034689	0.004807	0.037874	0.008351	0.00891	0.011077	0.025933	0.003804	0.027024	0.024125	0.03507	0.013355	0.014114	0.002599	0.034206	0.014877	0.01559	0.009246	0.022383	0.007278	0.031828	0.004463	0.035894	0.025875	0.017662	0.014432	0.026654	0.003275	0.025282	0.007592	0.01958	0.037328	0.018499	0.017711	0.015329	0.034365	0.01425	0.014979	0.023854	0.001671	0.018057	0.012107	0.035552	0.034254	0.029932	0.027849	0.009837	0.015817	0.035822	0.034938	
0.00925	0.025735	0.029179	0.03912	0.021869	0.015603	0.016697	0.021316	0.004971	0.038871	0.020448	0.036914	0.034963	0.005149	0.002643	0.006692	0.006327	0.015428	0.005311	0.031359	0.012987	0.030786	0.032952	0.016726	0.00274	0.018626	0.021414	0.036902	0.018102	0.01309	0.042787	0.034424	0.021632	0.009569	0.018631	0.005018	0.030778	0.004537	0.038321	0.013022	0.035162	0.007838	0.017795	0.018717	0.006042	0.026023	0.009673	0.044615	0.007949	0.015297	
0.021548	0.035013	0.007057	0.02428	0.005034	0.012418	0.039524	0.028448	0.036916	0.011115	0.004494	0.016681	0.023587	0.026589	0.030771	0.037644	0.011555	0.010541	0.007881	0.035481	0.006255	0.033704	0.029907	0.001075	0.014369	0.007977	0.031223	0.040111	0.01509	0.001942	0.01676	0.019648	0.000371	0.039021	0.012297	0.039424	0.030083	0.015083	0.028434	0.017301	0.009084	0.017727	0.030578	0.006741	0.037385	0.020661	0.001053	0.010505	0.002622	0.036992	
0.035942	0.02143	0.009437	0.016755	0.028633	0.02803	0.009666	0.019459	0.038378	0.031216	0.034649	0.016791	0.029074	0.037502	0.00616	0.008503	0.025942	0.010056	0.034805	0.03676	0.01253	0.030486	0.020775	0.034373	0.019371	0.02505	0.03618	0.005773	0.015941	0.013219	0.012076	0.029382	0.021582	0.016341	0.008997	0.014012	0.010722	0.024128	0.006516	0.004096	0.022544	0.020717	0.002342	0.025734	0.004137	0.032974	0.030223	0.001063	0.010001	0.009527	
0.020347	0.023829	0.003755	0.029637	0.026419	0.008198	0.00443	0.03556	0.030667	0.005116	0.012049	0.006906	0.012027	0.017385	0.035994	0.014486	0.015736	0.007541	0.028504	0.014383	0.015393	0.020141	0.030735	0.023344	0.026401	0.024493	0.031611	0.029931	0.00186	0.012727	0.029686	0.022146	0.019121	0.030436	0.029156	0.016126	0.006213	0.028193	0.02507	0.0377	0.000327	0.011374	0.012252	0.009262	0.013587	0.039775	0.026852	0.012912	0.03674	0.023467	
0.016371	0.037659	0.000871	0.023915	0.01801	0.009565	0.002145	0.016856	0.001708	0.012355	0.038066	0.024753	0.000762	0.024056	0.02728	0.025062	0.017275	0.032943	0.022076	0.00578	0.006202	0.010456	0.033867	0.029858	0.027036	0.018671	0.00273	0.028138	0.03357	0.002078	0.030772	0.02903	0.037916	0.006363	0.033415	0.011314	0.009389	0.013764	0.031517	0.012018	0.012541	0.01642	0.027102	0.006838	0.024371	0.035109	0.03483	0.024798	0.023677	0.028702	
0.025752	0.014143	0.010578	0.026172	0.014898	0.009752	0.00069	0.031386	0.021889	0.025578	0.018682	0.013599	0.006912	0.030699	0.013166	0.020991	0.034691	0.035273	0.030055	0.0336	0.028302	0.03578	0.037115	0.035216	0.001461	0.009373	0.036096	0.008427	0.006168	0.029091	0.009938	0.025424	0.006527	0.030362	0.027002	0.02085	0.008516	0.009079	0.005429	0.032388	0.005636	0.018739	0.030882	0.012393	0.028903	0.007087	0.036885	0.002397	0.016912	0.019116	
0.020413	0.011497	0.019511	0.03545	0.004755	0.017838	0.000765	0.023664	0.02743	0.025319	0.015458	0.020538	0.036368	0.020564	0.030165	0.018684	0.012232	0.01611	0.012626	0.031891	0.035489	0.03414	0.016188	0.005174	0.016177	0.005749	0.011917	0.005068	0.011928	0.028389	0.034326	0.02917	0.007491	0.016369	0.03167	0.027309	0.00731	0.007475	0.030171	0.003571	0.00535	0.032909	0.028733	0.032771	0.032154	0.017565	0.026283	0.023023	0.032103	0.00275	
0.03464	0.020811	0.002172	0.015534	0.000114	0.018539	0.044911	0.009741	0.012537	0.023703	0.034579	0.03683	0.017419	0.004995	0.022312	0.03878	0.043196	0.016268	0.00668	0.021436	0.003067	0.009796	0.008343	0.004774	0.012641	0.020094	0.017795	0.003408	0.00834	0.007606	0.023802	0.014768	0.014648	0.041385	0.034942	0.013147	0.034221	0.01181	0.014213	0.013605	0.035385	0.014515	0.001489	0.014898	0.016407	0.029916	0.037211	0.03323	0.034039	0.045308	
0.000273	0.01395	0.01905	0.012311	0.030613	0.016064	0.015527	0.018923	0.028083	0.009079	0.029702	0.012234	0.037181	0.027744	0.040608	0.032292	0.030233	0.006606	0.013918	0.003936	0.036133	0.009826	0.030218	0.019507	0.021212	0.007543	0.008486	0.035797	0.02172	0.028441	0.005139	0.041274	0.029165	0.03287	0.00591	0.024657	0.013617	0.013184	0.008866	0.004188	0.014853	0.026152	0.028844	0.011099	0.023525	0.034892	0.030207	0.021214	0.006379	0.006755	
0.027002	0.041568	0.030031	0.02841	4.4e-05	0.023091	0.031428	0.015549	0.036424	0.013419	0.041603	0.011975	0.009568	0.024116	0.009005	0.035117	0.007248	0.009152	0.003639	0.020926	0.009794	0.008625	0.04058	0.038808	0.018764	0.036775	0.01028	0.0028	0.028569	0.016341	0.003365	0.02901	0.015956	0.006465	0.015776	0.031701	0.010764	0.010163	0.031759	0.028512	0.036893	0.02907	0.024743	0.006893	0.022733	0.01215	0.019382	0.019398	0.008889	0.005727	
0.006139	0.023168	0.014435	0.021486	0.036189	0.005049	0.027969	0.033132	0.006896	0.014105	0.025741	0.034487	0.026461	0.010182	0.005696	0.035583	0.017771	0.020453	0.003589	0.006743	0.023099	0.022876	0.02962	0.020031	0.021766	0.030927	0.012038	0.028083	0.012284	0.008726	0.000685	0.029089	0.03147	0.034644	0.024729	0.017404	0.019676	0.014979	0.027289	0.008205	0.014565	0.028752	0.035488	0.005479	0.029036	0.021567	0.006617	0.016185	0.033987	0.01543	
0.004612	0.018153	0.017739	0.034206	0.014623	0.015555	0.033489	0.010895	0.042249	0.02002	0.014543	0.002758	0.022817	0.035	0.033807	0.003749	0.007684	0.001051	0.008797	0.002987	0.040735	0.020826	0.011086	0.040472	0.013923	0.009382	0.008205	0.038438	0.02439	0.008788	0.030368	0.034931	0.009888	0.026907	0.033373	0.019166	0.00458	0.038025	0.030591	0.024484	0.027962	0.023481	0.012112	0.017763	0.015436	0.013568	0.004251	0.011752	0.019652	0.040731	
0.027026	0.021808	0.012306	0.019387	0.031585	0.026576	0.037266	0.034457	0.022658	0.029633	0.027728	0.033825	0.02477	0.022657	0.018201	0.011152	0.00674	0.026042	0.028401	0.029004	0.000761	0.035018	0.029512	0.029506	0.003439	0.029573	0.002099	0.002247	0.030413	0.033587	0.033255	0.027646	0.000398	0.023746	0.017269	0.001438	0.003105	0.020014	0.008472	0.034527	0.020692	0.0043	0.012756	0.018829	0.004655	0.01024	0.013834	0.01019	0.025006	0.022251	
0.011569	0.003097	0.013319	0.015617	0.001551	0.009362	0.008515	0.008264	0.029692	0.024769	0.008256	0.008559	0.014411	0.000519	0.013728	0.029781	0.024473	0.027261	0.039265	0.034383	0.013021	0.040553	0.041439	0.026726	0.009455	0.030272	0.040006	0.005166	0.022941	0.001437	0.040465	0.041556	0.030669	0.006379	0.019843	0.006804	0.005262	0.034888	0.007657	0.027061	0.036037	0.024619	0.008161	0.001442	0.027302	0.024423	0.023646	0.011504	0.041039	0.023836	
0.011047	0.031243	0.005469	0.027562	0.010497	0.00615	0.01229	0.020472	0.013407	0.027191	0.041574	0.025856	0.038739	0.023929	0.00214	0.002527	0.037866	0.004116	0.023168	0.001636	0.038394	0.014485	0.020892	0.007579	0.025909	0.023225	0.014073	0.028587	0.03378	0.013388	0.009328	0.013254	0.025783	0.040804	0.037961	0.017086	0.018084	0.01854	0.040434	0.00603	0.015973	0.025236	0.008723	0.01434	0.006996	0.017558	0.039281	0.017644	0.005512	0.034242	
0.038133	0.035457	0.028672	0.009336	0.019437	0.019318	0.00824	0.000848	0.004743	0.011275	0.028036	0.030116	0.036408	0.004979	0.017313	0.013268	0.023449	0.013092	0.015262	0.006634	0.039671	0.008549	0.032485	0.017977	0.000195	0.015199	0.00829	0.026822	0.034676	0.038017	0.035065	0.022242	0.015739	0.010658	0.022816	0.024076	0.024175	0.039299	0.003163	0.027601	0.023311	0.01724	0.004841	0.021169	0.010671	0.028564	0.022026	0.030876	0.008945	0.021626	
0.03337	0.021836	0.00921	0.033653	0.002725	0.029759	0.033978	0.033458	0.032924	0.011672	0.030288	0.000921	0.020662	0.038197	0.000437	0.016622	0.006678	0.004494	0.006035	0.015804	0.012157	0.005972	0.016427	0.025024	0.023037	0.003015	0.015367	0.037124	0.010854	0.014701	0.036885	0.008412	0.034447	0.00924	0.037338	0.028127	0.034719	0.029629	0.01018	0.01978	0.026855	0.026295	0.014632	0.021009	0.025697	0.016399	0.017003	0.028869	0.005485	0.022598	
0.000877	0.027271	0.015444	0.037506	0.014766	0.017774	0.010252	0.030257	0.030512	0.021224	0.029064	0.021432	0.023311	0.027182	0.039598	0.0353	0.000386	0.037857	0.025936	0.035773	0.010574	0.020288	0.017638	0.033039	0.036061	0.014769	0.019604	0.009359	0.011546	0.025153	0.002451	0.022168	0.00854	0.009367	0.040324	0.007571	0.004537	0.004897	0.006687	0.03791	0.036494	0.040245	0.020505	0.012221	0.0045	0.023062	0.011248	0.013869	0.009764	0.003887	
0.027991	0.025732	0.042195	0.018577	0.019203	0.020191	0.004971	0.008482	0.007549	0.017281	0.012696	0.012757	0.005266	0.031676	0.00184	0.011354	0.035444	0.038154	0.015668	0.033307	0.017339	0.017206	0.003209	0.009039	0.006564	0.009331	0.034025	0.028416	0.016724	0.00876	0.024294	0.040568	0.021084	0.029789	0.014532	0.02452	0.031462	0.014355	0.022642	0.03289	0.023016	0.011148	0.025795	0.041174	0.006984	0.00679	0.031885	0.004752	0.037198	0.014175	
0.005789	0.031081	0.021986	0.001757	0.015755	0.038563	0.030345	0.039083	0.006213	0.011222	0.032196	0.036411	0.002578	0.000114	0.027062	0.000775	0.040202	0.00225	0.017742	0.014052	0.034636	0.013586	0.03638	0.043117	0.011759	0.003716	0.021018	0.018417	0.006834	0.006725	0.038139	0.001759	0.008863	0.020419	0.027835	0.043076	0.004062	0.010484	0.022894	0.02516	0.032779	0.006311	0.004835	0.04138	0.001934	0.018643	0.040967	0.01641	0.036684	0.026002	
0.019631	0.009777	0.030965	0.000411	0.013847	0.022837	0.026563	0.012328	0.038296	0.008509	0.033303	0.010812	0.025507	0.001935	0.005041	0.038351	0.001324	0.014554	0.0032	0.018691	0.030397	0.008505	0.033914	0.013288	0.025051	0.014882	0.021571	0.016393	0.032835	0.005978	0.007284	0.016622	0.033126	0.011821	0.029928	0.018325	0.005421	0.007475	0.038303	0.030938	0.017443	0.033346	0.038721	0.037159	0.034664	0.02188	0.00296	0.036123	0.000961	0.038804	
0.026461	0.024489	0.003722	0.001811	0.042207	0.007674	0.006698	0.031325	0.018046	0.008496	0.027164	0.017485	0.039987	0.002297	0.001993	0.015726	0.035183	0.004702	0.042102	0.003155	0.03501	0.040271	0.031007	0.011082	0.011075	0.015786	0.005466	0.003405	0.010604	0.041487	0.026303	0.035214	0.020972	0.03075	0.01959	0.032818	0.015799	0.000844	0.023695	0.015423	0.007521	0.028323	0.001218	0.018599	0.03356	0.040654	0.025473	0.012599	0.006076	0.038653	
0.009292	0.013196	0.012216	0.012895	0.032383	0.017392	0.000585	0.030345	0.00336	0.045319	0.025761	0.024154	0.014616	0.029792	0.010694	0.021787	0.012966	0.039202	0.030453	0.044035	0.012178	0.02921	0.00741	0.033185	0.008138	0.010606	0.00464	0.04014	0.031056	0.016238	0.009292	0.048326	0.017398	0.000116	0.040539	0.006896	0.013396	0.010563	0.050181	0.010753	0.000166	0.008759	0.004274	0.025844	0.0408	0.032288	0.033842	0.0015	0.018186	0.003637	
0.000936	0.009821	0.004646	0.007009	0.0199	0.030795	0.009778	0.012279	0.030486	0.023617	0.010769	0.005066	0.007019	0.029964	0.038938	0.016267	0.037879	0.00998	0.038898	0.017003	0.03073	0.018918	0.034586	0.003966	0.010298	0.018703	0.040534	0.018407	0.032881	0.006298	0.00035	0.035063	0.00769	0.039064	0.00927	0.036176	0.004769	0.038637	0.042184	0.039813	0.004114	0.040501	0.01768	0.022114	0.024256	0.030109	0.012724	0.01154	0.002577	0.004998	
0.029784	0.037859	0.030354	0.023509	0.011009	0.031999	0.01735	0.01426	0.019431	0.00071	0.012694	0.009474	0.000822	0.023648	0.028462	0.004365	0.024996	0.027829	0.018191	0.022224	0.012306	0.006986	0.025968	0.030619	0.016011	0.017268	0.018713	0.036855	0.020286	0.036589	0.025986	0.029823	0.011965	0.032025	0.007816	0.02818	0.035979	0.006396	0.012892	0.026553	0.004915	0.027289	0.006349	0.03416	0.001073	0.009502	0.024253	0.00678	0.02277	0.034723	
0.005713	0.02079	0.016008	0.039412	0.028452	0.00139	0.035212	0.020233	0.018204	0.008559	0.023964	0.019562	0.017357	0.008465	0.032324	0.030831	0.010396	0.004063	0.036233	0.000372	0.023234	0.005114	0.014492	0.008585	0.011037	0.038999	0.033103	0.033682	0.035073	0.036488	0.019644	0.021271	0.007991	0.007955	0.027166	0.026254	0.026015	0.006991	0.024311	0.008244	0.002179	0.028974	0.029814	0.021435	0.008572	0.022564	0.005033	0.032286	0.026136	0.029818	
0.032681	0.037953	0.00785	0.032013	0.034011	0.037817	0.019017	0.018409	0.028035	0.030103	0.000979	0.013943	0.026854	0.011743	0.037149	0.037001	0.004977	0.02107	0.001602	0.00204	0.033063	0.03758	0.007541	0.039509	0.008376	0.021201	0.005743	0.039866	0.019867	0.000973	0.039294	0.010224	0.028194	0.018359	0.030176	0.015839	0.025172	0.016584	0.010734	0.003582	0.023871	0.013095	0.031275	0.013127	0.003223	0.000213	0.030423	0.027424	0.009408	0.000817	
0.038063	0.030139	0.015354	0.028148	0.02949	0.031085	0.033697	0.026988	0.014366	0.029917	0.023647	0.006701	0.019063	0.02396	0.01345	0.031244	0.019126	0.030367	0.008113	0.030706	0.027733	0.02644	0.024132	0.032826	0.011207	0.000145	0.020609	0.008849	0.033584	0.00591	0.008625	0.010915	0.01056	0.006476	0.000136	0.029272	0.022493	0.032071	0.019564	0.02165	0.034701	0.017782	0.024206	0.003126	0.022588	0.002381	0.00804	0.026595	0.00599	0.01777	
0.011584	0.011729	0.035595	0.015828	0.017516	0.020512	0.005399	0.020573	0.016554	0.027505	0.00102	0.002124	0.013427	0.010586	0.00028	0.006133	0.018011	0.032815	0.034153	0.028751	0.03073	0.034127	0.018171	0.021586	0.007754	0.02365	0.03367	0.009563	0.033013	0.006204	0.038128	0.033041	0.034465	0.01698	0.039425	0.003176	0.014993	0.023593	0.002337	0.012918	0.000397	0.011736	0.02672	0.028736	0.033871	0.023382	0.030529	0.032954	0.029581	0.014475	
0.005478	0.01286	0.022621	0.031789	0.019574	0.023771	0.04075	0.012003	0.029143	0.036543	0.036067	0.007629	0.002838	0.023573	0.003633	0.017038	0.034294	0.007341	0.041826	0.006376	0.012544	0.02503	0.015042	0.018787	0.034326	0.020953	0.006473	0.015962	0.015927	0.009106	0.028271	0.016056	0.002495	0.027065	0.034197	0.027117	0.031928	0.029201	0.032065	0.018755	0.037891	0.019377	0.003319	0.005621	0.021336	0.009996	0.005658	0.009186	0.013694	0.037475	
0.006306	0.031422	0.002876	0.033505	0.005925	0.027181	0.010269	0.033646	0.030086	0.004619	0.014796	0.028145	0.016758	0.010757	0.005287	0.010037	0.037467	0.014548	0.016882	0.02397	0.039038	0.038714	0.040315	0.003251	0.011247	0.035058	0.01578	0.026633	0.000668	0.033615	0.036156	0.012438	0.017144	0.033957	0.023473	0.011781	0.002566	0.022129	0.022187	0.040218	0.02799	0.006617	0.032186	0.020051	0.008531	0.017211	0.000532	0.019335	0.011303	0.025394	
0.028923	0.012267	0.031895	0.021059	0.017343	0.031721	0.003835	0.022938	0.022092	0.036548	0.004755	0.011822	0.023219	0.036588	0.028004	0.003028	0.008933	0.024857	0.023027	0.038005	0.012696	0.005847	0.013128	0.023922	0.026109	0.030758	0.005725	0.006784	0.037353	0.002871	0.001265	0.007227	0.004951	0.035709	0.033425	0.014414	0.036433	0.018906	0.008545	0.003096	0.03668	0.028117	0.026476	0.00911	0.036554	0.024116	0.021355	0.017801	0.037066	0.002702	
0.013769	0.019653	0.025154	0.039342	0.011036	0.014989	0.02502	0.033891	0.034058	0.000824	0.011902	0.017576	0.028865	0.022551	0.020903	0.000451	0.021164	0.005068	0.037329	0.040594	0.014662	0.009113	0.010356	0.003259	0.000953	0.007682	0.004038	0.006997	0.03802	0.030038	0.039509	0.000943	0.042536	0.010051	0.017589	0.011557	0.022835	0.005179	0.004751	0.015789	0.036126	0.001522	0.016057	0.034251	0.031482	0.017316	0.034232	0.039091	0.042069	0.027858	
0.030179	0.013109	0.025737	0.016158	0.016006	0.023015	0.021326	0.008379	0.03046	0.028464	0.011915	0.026592	0.028659	0.004909	0.018585	0.031425	0.019323	0.027209	0.01533	0.028695	0.029194	0.015335	0.004366	0.020686	0.014463	0.030357	0.0202	0.024313	0.012904	0.003527	0.026492	0.005759	0.012932	0.01362	6.8e-05	0.020114	0.007365	0.030531	0.021485	0.027854	0.033082	0.028026	0.033177	0.027745	0.020596	0.023013	0.018312	0.025486	0.014365	0.009158	
0.020987	0.0143	0.018551	0.030856	0.024904	0.009679	0.013577	0.035165	0.023888	0.036618	0.032754	0.006034	0.011473	0.03291	0.020361	0.007934	0.011781	0.027945	0.030815	0.033438	0.022828	0.037508	0.006517	0.026135	0.033436	0.002771	0.012103	0.009764	0.019738	0.008655	0.00446	0.00677	0.037917	0.012424	0.005861	0.021688	0.0186	0.026068	0.030942	0.013415	0.003028	0.031893	0.015158	0.022327	0.037477	0.001856	0.020121	0.017832	0.037817	0.010921	
0.003519	0.025096	0.025942	0.015551	0.0253	0.033842	0.016929	0.024179	0.002846	0.026403	0.003117	0.026296	0.006145	0.012735	0.016658	0.005004	0.011233	0.004283	0.038563	0.014859	0.034666	0.034893	0.005051	0.025887	0.033443	0.007717	0.037981	0.027634	0.036717	0.03056	0.030522	0.037301	0.040819	0.011317	0.011891	0.015194	0.016125	0.027076	0.000505	0.033505	0.007379	0.00923	0.032352	0.041842	0.006937	0.005114	0.018727	0.000674	0.001372	0.039069	
0.026813	0.019506	0.045189	0.010726	0.021693	0.029167	0.000909	0.039912	0.028606	0.011938	0.003352	0.003623	0.006359	0.041319	0.043172	0.033135	0.016069	0.012443	0.016267	0.023082	0.031649	0.012186	0.046132	0.027272	0.017582	0.01696	0.041792	0.016647	0.025053	0.004394	0.039636	0.003666	0.016467	0.016008	0.015781	0.006916	0.006546	0.002017	0.004566	0.028677	0.021725	0.019515	0.032282	0.004356	0.001273	0.034998	0.003858	0.039508	0.008694	0.020564	
0.009232	0.026907	0.004176	0.041077	0.008227	0.005472	0.039085	0.017672	0.03801	0.014034	0.039384	0.020388	0.014037	0.023769	0.005526	0.023655	0.000515	0.030606	0.015119	0.00692	0.005872	0.015342	0.025058	0.008112	0.025739	0.016486	0.038109	0.038978	0.011294	0.015925	0.030599	0.011071	0.02127	0.008171	0.020359	0.022905	0.02244	0.006157	0.021411	0.026119	0.033199	0.037307	0.017266	0.010011	0.012834	0.037642	0.016955	0.030923	0.013709	0.014926	
0.025923	0.026813	0.044785	0.017954	0.00301	0.008212	0.00048	0.040669	0.026064	0.038244	0.012212	0.031435	0.027976	0.01505	0.036303	0.01744	0.035717	0.018238	0.001159	0.037374	0.014174	0.005258	0.002753	0.015255	0.001342	0.010168	0.037836	0.045083	0.027215	0.001213	0.006816	0.012906	0.016295	0.011705	0.024677	0.010266	0.016608	0.015678	0.047801	0.031766	0.013053	0.006348	0.014332	0.044469	0.007694	0.011835	0.006962	0.014547	0.01925	0.041637	
0.015983	0.009787	0.001981	0.03306	0.034755	0.021674	0.032121	0.017993	0.022365	0.014648	0.020242	0.001257	0.014084	0.019496	0.011923	0.026716	0.037146	0.00716	0.022129	0.035272	0.03226	0.023151	0.033277	0.012572	0.0066	0.027482	0.02308	0.032692	0.005049	0.004119	0.026808	0.009027	0.025157	0.023326	0.023282	0.011739	0.008024	0.026731	0.031977	0.013775	0.026007	0.019975	0.030337	0.01571	0.008692	0.01358	0.00072	0.0307	0.029834	0.024525	
0.027956	0.032396	0.004222	0.030627	0.029594	0.025646	0.018755	0.00152	0.018518	0.029027	0.033054	0.032259	0.006039	0.024582	0.017157	0.001458	0.031899	0.024645	0.004443	0.020974	0.017943	0.019608	0.003757	0.018432	0.003709	0.002565	0.028765	0.00028	0.019652	0.030984	0.028221	0.03192	0.032558	0.031975	0.011014	0.015666	0.024711	0.013143	0.013614	0.034815	0.0186	0.033289	0.021754	0.03296	0.024944	0.004311	0.009168	0.031654	0.019009	0.006208	
0.003468	0.02491	0.002333	0.013068	0.018252	0.019213	0.003046	0.026956	0.034457	0.029428	0.017366	0.019144	0.007074	0.02576	0.016765	0.000972	0.027011	0.011697	0.025292	0.032856	0.002202	0.035751	0.018975	0.0063	0.023517	0.019546	0.032305	0.023561	0.038293	0.034008	0.017801	0.002264	0.023172	0.026635	0.013742	0.026317	0.035275	0.011663	0.007887	0.037313	0.035631	0.010139	0.027989	0.033123	0.008052	0.02908	0.000592	0.016874	0.028573	0.014352	
0.02932	0.015572	0.029511	0.019625	0.012049	0.020178	0.035279	0.019122	0.029421	0.006395	0.03558	0.009187	0.027656	0.00684	0.025297	0.016924	0.006396	0.035776	0.011436	0.001157	0.016535	0.020232	8.2e-05	0.01911	0.036814	0.005262	0.020141	0.021067	0.003578	0.01303	0.029301	0.02881	0.013174	0.031246	0.026973	0.035018	0.036625	0.007828	0.018407	0.026973	0.018193	0.018084	0.023082	0.0286	0.021496	0.015733	0.015922	0.017167	0.007398	0.031398	
0.012389	0.028051	0.026903	0.038713	0.038666	0.04039	0.009278	0.007604	0.026283	0.032264	0.013582	0.021823	0.003097	0.000765	0.031046	0.014449	0.001233	0.000823	0.022219	0.008708	0.007765	0.032278	0.009057	0.002785	0.019421	0.021886	0.014535	0.008861	0.020333	0.001233	0.023806	0.011951	0.031101	0.013384	0.011377	0.001484	0.008937	0.039502	0.026723	0.036767	0.037553	0.006429	0.022002	0.017412	0.033635	0.025081	0.033006	0.032006	0.034749	0.036655	
0.013315	0.014154	0.028587	0.035108	0.005459	0.012504	0.029635	0.020362	0.035654	0.003218	0.002723	0.03169	0.011974	0.003919	0.022185	0.017368	0.010488	0.035593	0.023793	0.010618	0.002694	1.4e-05	0.022354	0.00965	0.023329	0.029065	0.027448	0.025907	0.021769	0.033673	0.023757	0.006338	0.025259	0.024184	0.006611	0.029359	0.008999	0.027828	0.031529	0.030338	0.031727	0.022611	0.028766	0.011816	0.033133	0.031418	0.035447	0.008278	0.014416	0.003936	
0.018037	0.042149	0.000915	0.022679	0.018454	0.027849	0.001346	0.024485	0.039309	0.032596	0.018115	0.00343	0.005085	0.010685	0.006533	0.036515	0.039858	0.000329	0.024218	0.006467	0.028311	0.00119	0.036525	0.036346	0.039161	0.037681	0.019095	0.006084	0.009498	0.017126	0.017749	0.015161	0.034107	0.009029	0.03212	0.003931	0.019676	0.003772	0.041972	0.021351	0.023563	0.008285	0.024996	0.028568	0.016683	0.023466	0.017964	0.009698	0.001785	0.036053	
0.024523	0.003911	0.017791	0.003602	0.001231	0.028689	0.043953	0.02686	0.017111	0.033711	0.039255	0.011669	0.037627	0.005435	0.034016	0.019312	0.009936	0.014464	0.009173	0.017104	0.002684	0.019672	0.019577	0.010686	0.007472	0.027787	0.017454	0.013325	0.016655	0.010176	0.044146	0.020674	0.041576	0.01133	0.026488	0.028682	0.005555	0.029129	0.044369	0.003578	0.042498	0.010685	0.000998	0.033269	0.034241	0.008112	0.007248	0.035987	0.006355	0.020219	
0.03463	0.022061	0.003713	0.014303	0.028534	0.016681	0.024942	0.003072	0.011486	0.004534	0.024384	0.040729	0.037022	0.018666	0.023479	0.041695	0.004376	0.007647	0.021784	0.013327	0.010339	0.037442	0.006163	0.038384	0.037861	0.04228	0.016142	0.026698	0.018125	0.022362	0.029077	0.01545	0.000563	0.029356	0.01917	0.036297	0.002623	0.029635	0.028461	0.029806	0.005258	0.006446	0.01232	0.012684	0.007572	0.008918	0.011265	0.033648	0.023324	0.005266	
0.006795	0.03753	0.033271	0.041606	0.005115	0.00578	0.037026	0.001511	0.033018	0.030663	0.02158	0.012399	0.009337	0.013597	0.020737	0.041291	0.040955	0.032167	0.001495	0.036763	0.032709	0.004511	0.004696	0.012826	0.008826	0.03739	0.016955	0.039653	0.02401	0.005705	0.022278	0.033055	0.009097	0.02044	0.002623	0.012151	0.041547	0.026823	0.009428	0.007799	0.009897	0.000879	0.028752	0.014515	0.013652	0.009792	0.040399	0.001839	0.032985	0.012132	
0.013031	0.017764	0.025977	0.034302	0.039754	0.016537	0.020996	0.033057	0.012096	0.020777	0.019613	0.034043	0.017622	0.026602	0.010124	0.008676	0.006629	0.033365	0.017074	0.006994	0.035613	0.022295	0.034053	0.038085	0.020996	0.006262	0.003012	0.029986	0.033762	0.005353	0.001193	0.011522	0.017053	0.031696	0.001669	0.003023	0.012304	0.01628	0.011886	0.008959	0.032656	0.013124	0.011555	0.030653	0.033844	0.030007	0.025063	0.034876	0.014157	0.01403	
0.033591	0.024114	0.035755	0.029613	0.001386	0.02845	0.028442	0.03293	0.034027	0.030528	0.032817	0.002379	0.003657	0.022351	0.000231	0.001552	0.01028	0.008594	0.034838	0.032401	0.006697	0.016147	0.022927	0.036022	0.034212	0.037501	0.001828	0.021618	0.028266	0.019421	0.024234	0.036248	0.017067	0.027346	0.02428	0.02712	0.003495	0.023043	0.004423	0.036322	0.002062	0.009345	0.032164	0.007421	0.007355	0.010847	0.000756	0.031819	0.020402	0.001676	
0.022857	0.025095	0.015131	0.025043	0.032961	0.001279	0.024682	0.002979	0.032838	0.013954	0.03127	0.002357	0.035807	0.016376	0.023328	0.007109	0.022863	0.025847	0.034897	0.00658	0.022125	0.037324	0.034196	0.010497	0.007698	0.001941	0.007064	0.036416	0.001155	0.016915	0.031996	0.033375	0.011354	0.024024	0.030964	0.009924	0.028971	0.005818	0.008726	0.024616	0.015537	0.017341	0.025678	0.030975	0.013735	0.004599	0.032233	0.032848	0.020255	0.018447	
0.026752	0.017152	0.015523	0.030098	0.019012	0.03072	0.007044	0.032476	0.016216	0.013905	0.02269	0.017167	0.024049	0.014682	0.008375	0.006828	0.017871	0.014721	0.029875	0.029127	0.026916	0.029081	0.031974	0.026976	0.003956	0.010544	0.016013	0.03182	0.022588	0.016793	0.027846	0.001883	0.000564	0.03025	0.026782	0.018221	0.0212	0.031585	0.019912	0.032272	0.014594	0.032498	0.018329	0.020439	0.019355	0.016405	0.007686	0.006804	0.02149	0.020941	
0.020901	0.02762	0.023686	0.003887	0.019069	0.013785	0.013311	0.016761	0.028169	0.029873	0.02342	0.005074	0.031664	0.009365	0.017308	0.005118	0.01536	0.01775	0.024052	0.026825	0.001743	0.031117	0.031363	0.032301	0.008978	0.019885	0.034211	0.01161	0.008437	0.032698	0.018981	0.024156	0.016188	0.020621	0.028292	0.023036	0.033397	0.024341	0.002339	0.033611	0.032319	0.031853	0.003107	0.013575	0.019211	0.017068	0.011727	0.024862	0.020767	0.015208	
0.020399	0.034061	0.021608	0.001635	0.031984	0.025562	0.039265	0.024592	0.027129	0.031388	0.026307	0.016927	0.019532	0.007913	0.013029	0.040393	0.014401	0.028766	0.0366	0.036199	0.021618	0.026815	0.001427	0.035637	0.022602	0.006035	0.004907	0.006736	0.026175	0.006614	0.01009	0.000501	0.024557	0.014604	0.012876	0.039519	0.032944	0.019598	0.006949	0.009309	0.026328	0.006735	0.009054	0.027563	0.014868	0.031259	0.012742	0.007291	0.030351	0.006606	
0.021018	0.019344	0.001471	0.002056	0.00579	0.016389	0.034116	0.019146	0.015496	0.003362	0.030342	0.027771	0.028734	0.002795	0.018148	0.006311	0.022465	0.034621	0.015324	0.033327	0.034265	0.021374	0.031127	0.023807	0.018796	0.034261	0.02439	0.015681	0.031632	0.013817	0.012357	0.02988	0.022587	0.009403	0.034103	0.031421	0.006108	0.02482	0.030493	0.02383	0.023168	0.027608	0.032002	0.012068	0.006813	0.0017	0.006448	0.005533	0.026563	0.025919	
0.029406	0.001229	0.031052	0.036242	0.001441	0.032302	0.008519	0.030463	0.006418	0.031817	0.032052	0.00651	0.026324	0.00112	0.003016	0.020099	0.02432	0.009871	0.028355	0.028436	0.003636	0.031018	0.033698	0.020478	0.034886	0.004783	0.023805	0.005284	0.003321	0.001255	0.034429	0.014036	0.00949	0.029002	0.007645	0.034237	0.034229	0.030076	0.011625	0.018188	0.031199	0.002185	0.033765	0.018467	0.033124	0.003236	0.022682	0.034079	0.020067	0.027083	
0.022891	0.036883	0.000591	0.040237	0.017858	0.014018	0.0011	0.027333	0.030444	0.033352	0.013052	0.024248	0.032576	0.034195	0.026698	0.037	0.032005	0.03292	0.015673	0.024933	0.00337	0.002339	0.006286	0.015196	0.009014	0.003995	0.003255	0.011039	0.041839	0.027591	0.020662	0.014168	0.032772	0.005518	0.028228	0.016192	0.003478	0.011574	0.00444	0.005869	0.025537	0.036141	0.033385	0.025271	0.01871	0.024423	0.024796	0.016977	0.023084	0.006844	
0.010291	0.030489	0.031751	0.034756	0.011716	0.009917	0.016988	0.014789	0.033319	0.013355	0.002981	0.031485	0.03648	0.026924	0.02268	0.010953	0.010008	0.016556	0.021432	0.015344	0.000461	0.021211	0.002078	0.032323	0.039277	0.039509	0.012995	0.002518	0.006523	0.015324	0.028397	0.028538	0.023284	0.01779	0.038817	0.024833	0.026725	0.002481	0.01912	0.026422	0.03387	0.013865	0.007366	0.019502	0.038342	9e-06	0.014199	0.024204	0.024731	0.013072	
0.020736	0.025854	0.006265	0.006847	0.000794	0.028025	0.010065	0.026145	0.03718	0.024633	0.019183	0.025365	0.032206	0.025995	0.013716	0.033951	0.024954	0.010723	0.005793	0.004662	0.02257	0.042995	0.005507	0.000536	0.025792	0.032213	0.02194	0.045381	0.04681	0.017556	0.005797	0.006168	0.0329	0.023336	0.011709	0.04219	0.002737	0.002396	0.033408	0.008232	0.009595	0.045131	0.005218	0.004242	0.047974	0.004612	0.010595	0.008472	0.015872	0.035024	
0.010459	0.020341	0.010226	0.021299	0.034787	0.003166	0.006072	0.030219	0.009262	0.003782	0.009851	0.021909	0.023381	0.032706	0.029194	0.028751	0.01549	0.02507	0.010717	0.034234	0.021045	0.030386	0.001822	0.039042	0.036525	0.04022	0.017621	0.017328	0.03134	0.00901	0.017029	0.001428	0.004228	0.038921	0.012677	0.040797	0.025516	0.022741	0.000203	0.027553	0.00239	0.01179	0.020033	0.02273	0.000365	0.014295	0.031596	0.015053	0.02475	0.04065	
0.019099	0.019372	0.020649	0.009247	0.036109	0.022933	0.03188	0.017528	0.009702	0.016376	0.007365	0.002444	0.009751	0.033152	0.027076	0.001952	0.00972	0.027225	0.013498	0.004539	0.034021	0.025819	0.028227	0.028635	0.031088	0.026331	0.012709	0.037182	0.021133	0.033456	0.003623	0.012463	0.007612	0.026453	0.035692	0.018756	0.026971	0.014348	0.035987	0.008386	0.023356	0.010454	0.034622	0.019493	0.009437	0.032691	0.016079	0.015297	0.010597	0.019465	
0.017137	0.020482	0.028873	0.013723	0.026982	0.024212	0.029495	0.011969	0.031645	0.022877	0.016473	0.032267	0.031117	0.020599	0.036323	0.0288	0.005854	0.008539	0.00675	0.020827	0.003256	0.025036	0.011617	0.000239	0.021327	0.004048	0.013985	0.01635	0.009633	0.011842	0.026454	0.021028	0.017057	0.033107	0.012094	0.015148	0.008644	0.030852	0.033797	0.031273	0.002327	0.021657	0.017716	0.013724	0.005302	0.036162	0.036022	0.03501	0.031615	0.018734	
0.020434	0.031329	0.031802	0.019086	0.009998	0.015783	0.025567	0.019109	0.012981	0.015565	0.034655	0.020734	0.024111	0.010081	0.013399	0.027973	0.019102	0.020425	0.021426	0.001789	0.0247	0.034834	0.034578	0.006929	0.010159	0.032146	0.010101	0.008511	0.014533	0.026238	0.02123	0.030773	0.017981	0.019746	0.029295	0.019014	0.00364	0.019421	0.032696	0.026092	5.1e-05	0.006803	0.002986	0.017326	0.032409	0.028348	0.006047	0.035097	0.028334	0.024633	
0.012283	0.02034	0.020956	0.013548	0.035805	0.035615	0.009624	0.035326	0.027769	0.010829	0.010389	0.033936	0.036919	0.020122	0.002229	0.018574	0.01065	0.028568	0.032213	0.029677	0.024764	0.036284	0.014528	0.007262	0.019895	0.008821	0.034737	0.010316	0.014574	0.001469	0.004158	0.024052	0.016802	0.033325	0.020932	0.004414	0.001546	0.002585	0.004293	0.019997	0.010169	0.008429	0.032355	0.03519	0.017629	0.029236	0.031191	0.027592	0.025546	0.032537	
0.022874	0.023623	0.029744	0.013268	0.03112	0.037129	0.03082	0.005649	0.019881	0.01998	0.01731	0.03179	0.032566	0.030685	0.026892	0.011959	0.028787	0.019252	0.012071	0.01749	0.014077	0.029293	0.029445	0.009952	0.006198	0.029491	0.020037	0.029341	0.011699	0.003217	0.023485	0.021438	0.011684	0.012885	0.031591	0.019006	0.01607	0.001883	0.00099	0.019146	0.018578	0.013643	0.030054	0.018474	0.036819	0.023008	0.010469	0.022086	0.003118	0.019933	
4e-05	0.03659	0.02342	0.025856	0.008189	0.026609	0.012621	0.010028	0.024892	0.027487	0.032065	0.001333	0.003968	0.02207	0.003623	0.019108	0.009741	0.035108	0.020748	0.030243	0.026303	0.007913	0.017698	0.027752	0.028483	0.040239	0.000985	0.007308	0.019802	0.029268	0.038371	0.034413	0.015485	0.019369	0.02459	0.027633	0.011415	0.022089	0.002208	0.029961	0.012048	0.034576	0.036005	0.008371	0.032103	0.01078	0.001085	0.034282	0.020374	0.005352	
0.019818	0.02992	0.041204	0.009665	0.031287	0.012715	0.004403	0.015717	0.030282	0.000246	0.026372	0.003378	0.040891	0.025245	0.017535	0.011772	0.026189	0.008702	0.040482	0.031777	0.008962	0.000779	0.022454	0.005518	0.027852	0.037283	0.033821	0.008956	0.023647	0.035093	0.037284	0.018787	0.005108	0.013565	0.013768	0.023266	0.000448	0.008496	0.02719	0.0187	0.04262	0.006655	0.033645	0.03198	0.012971	0.013631	0.010739	0.036253	0.003382	0.009547	
0.027779	0.022685	0.032991	0.005396	0.022442	0.021197	0.023316	0.017835	0.037815	0.027781	0.022142	0.00516	0.036816	0.015909	0.003914	0.003613	0.004951	0.026356	0.023335	0.030236	0.024275	0.02333	0.016365	0.023209	0.032513	0.003578	0.030204	0.003636	0.038103	0.000874	0.019456	0.000701	0.012117	0.027076	0.010536	0.020103	0.012069	0.028027	0.019013	0.026677	0.020337	0.033474	0.000763	0.027935	0.032555	0.023849	0.030986	0.003673	0.007361	0.035536	
0.024631	0.001769	0.017954	0.002677	0.002275	0.033514	0.020323	0.011595	0.016161	0.014582	0.010675	0.025876	0.001746	0.031512	0.043581	0.037925	0.021958	0.002349	0.0388	0.028859	0.031492	0.040097	0.015167	0.010477	0.030683	0.00109	0.016142	0.027885	0.001278	0.007367	0.033736	0.019597	0.036214	0.015354	0.004542	0.02719	0.02045	0.016508	0.002308	0.043838	0.025276	0.007582	0.002009	0.027014	0.032146	0.007202	0.040844	0.01781	0.012002	0.037938	
0.017887	0.031231	0.033263	0.004486	0.003799	0.003491	0.031061	0.008532	0.038641	0.001067	0.006428	0.026671	0.021862	0.025223	0.039829	0.032053	0.037724	0.005043	0.002506	0.008785	0.039031	0.00112	0.011556	0.026004	0.009662	0.00916	0.034423	0.018023	0.01715	0.024843	0.035878	0.008677	0.014621	3.1e-05	0.034162	0.006062	0.028558	0.021557	0.040911	0.016138	0.030924	0.036495	0.014439	0.033771	0.012725	0.010513	0.013644	0.017982	0.022099	0.030259	
0.009517	0.011364	0.014676	0.033977	0.005333	0.000474	0.029259	0.034263	0.036634	0.030254	0.011445	0.010523	0.024111	0.002488	0.028336	0.034326	0.003644	0.004409	0.009118	0.028229	0.026577	0.033107	0.039111	0.000616	0.042591	0.024034	0.00993	0.008631	0.04111	0.010116	0.040807	0.017706	0.022835	0.017001	0.032853	0.005345	0.024025	0.00746	0.025638	0.019037	0.010127	0.03385	0.003279	0.007533	0.032518	0.036804	0.00337	0.015028	0.030758	0.015823	
0.031993	0.030427	0.026251	0.003694	0.003134	0.031075	0.035742	0.002391	0.022977	0.035792	0.020274	0.03911	0.019309	0.028365	0.020843	0.036185	0.002012	0.019932	0.000969	0.00833	0.036384	0.012371	0.022646	0.010451	0.028811	0.000634	0.003766	0.020988	0.036193	0.02234	0.029661	0.002253	0.008559	0.03019	0.001017	0.021345	0.032723	0.032904	0.013697	0.007137	0.020876	0.030787	0.006614	0.007557	0.027439	0.00711	0.021554	0.035293	0.034617	0.015278	
0.029149	0.025087	0.016644	0.023303	0.006296	0.008394	0.017609	0.001332	0.019974	0.024697	0.033307	0.004944	0.016625	0.035574	0.018393	0.011385	0.004799	0.012896	0.032227	0.01667	0.036398	0.02264	0.021451	0.034318	0.025189	0.033966	0.034683	0.010525	0.022201	0.019599	0.019972	0.034508	0.017051	0.020776	0.029664	0.017015	0.032037	0.034374	0.011821	0.006633	0.014879	0.038225	0.024208	0.004745	0.002399	0.014058	0.00636	0.003944	0.023471	0.023585	
0.009438	0.037883	0.010261	0.013653	0.015397	0.010124	0.019272	0.009728	0.002255	0.036878	0.022345	0.037342	0.005397	0.00626	0.040406	0.035041	0.034223	0.009259	0.004381	0.005316	0.006423	0.039969	0.008713	0.036234	0.023154	0.023201	0.000814	0.017799	0.031416	0.036652	0.013109	0.037043	0.007873	0.023797	0.027658	0.02403	0.023879	0.016994	0.010686	0.024095	0.037636	0.030089	0.030234	0.032479	0.027544	0.010197	0.008455	0.007539	0.012178	0.005251	
0.013705	0.015029	0.029095	0.036311	0.017487	0.028639	0.036123	0.00496	0.032661	0.031575	0.001283	0.034076	0.027565	0.010947	0.008404	0.030614	0.015935	0.019338	0.030277	0.020285	0.000587	0.017786	0.01279	0.006319	0.010759	0.019664	0.000591	0.004778	0.026405	0.03657	0.019207	0.016559	0.025955	0.033333	0.03377	0.02371	0.018345	0.003262	0.013122	0.035551	0.01952	0.02584	0.008951	0.000489	0.027	0.003802	0.019473	0.029781	0.026511	0.035261	
0.005407	0.038697	0.035128	0.015988	0.011179	0.017562	0.024921	0.031953	0.018446	0.013201	0.008927	0.023395	0.034737	0.025813	0.020464	0.032609	0.028474	0.025152	0.00506	0.009961	0.035765	0.02874	0.008203	0.032984	0.005003	0.010616	0.035783	0.005194	0.002771	0.008741	0.004391	0.01421	0.017586	0.011134	0.010852	0.027321	0.038198	0.032664	0.014815	0.025467	0.018109	0.019975	0.024791	0.023988	0.011033	0.028483	0.013234	0.022795	0.002946	0.037134	
0.018162	0.029977	0.019255	0.010035	0.018947	0.012815	0.00036	0.040336	0.014041	0.002562	0.013434	0.022926	0.01271	0.018943	0.012418	0.03394	0.024807	0.026689	0.018031	0.01113	3.1e-05	0.037361	0.008156	0.02012	0.022864	0.030968	0.034589	0.037628	0.039807	0.000794	0.019952	0.01709	0.00771	0.006643	0.019558	0.026963	0.041068	0.012532	0.020894	0.006519	0.019639	0.015941	0.018754	0.004205	0.020203	0.015849	0.03207	0.039535	0.030999	0.03004	
0.011752	0.025942	0.00667	0.017008	0.007197	0.02347	0.020199	0.025794	0.031552	0.027471	0.004184	0.006644	0.01626	0.008611	0.005769	0.022683	0.02166	0.012771	0.007018	0.012503	0.01889	0.027966	0.009135	0.020937	0.037806	0.014818	0.024985	0.03762	0.026145	0.011056	0.022799	0.011332	0.016967	0.006716	0.019167	0.037538	0.019319	0.0265	0.013365	0.00782	0.042849	0.038079	0.038206	0.033248	0.014097	0.02732	0.011747	0.013153	0.020146	0.035116	
0.032173	0.006972	0.019028	0.013106	0.031182	0.035816	0.022136	0.030008	0.017439	0.003047	0.017053	0.029037	0.017198	0.025433	0.034581	0.00928	0.0339	0.000741	0.008891	0.029774	0.010636	0.006468	0.022686	0.032501	0.011881	0.015405	0.009456	0.017169	0.004917	0.002462	0.004015	0.033988	0.001182	0.03494	0.035112	0.030253	0.034927	0.019513	0.01409	0.033104	0.028393	0.007266	0.024514	0.033049	0.001804	0.023128	0.01598	0.03082	0.033913	0.009633	
0.033345	0.021118	0.022703	0.033893	0.023293	0.015022	0.007224	0.003973	0.020168	0.0226	0.037306	0.00051	0.030159	0.038195	0.02129	0.01191	0.011383	0.029091	0.033923	0.019688	0.004797	0.001269	0.032104	0.01591	0.029771	0.02868	0.026796	0.007094	0.014502	0.030801	0.02374	0.008091	0.011882	0.027127	0.005015	0.030447	0.010356	0.019185	0.015636	0.010062	0.005702	0.036977	0.010788	0.030278	0.035753	0.001246	0.025351	0.001073	0.037115	0.025658	
0.33