50
2
-0.427892	0.916211	0.540626	0.97374	-0.583669	-0.726166	0.816748	-0.862723	-0.849335	0.087069	-0.821201	-0.235213	0.337121	-0.141662	-0.912087	-0.611428	-0.106681	-0.874853	-0.404865	0.887262	-0.434378	-0.464613	-0.185562	0.651981	0.013401	-0.461049	-0.319623	0.948944	-0.631391	-0.515456	0.380919	-0.232129	-0.077115	0.35045	-0.828539	-0.531967	0.044918	-0.861767	-0.819527	-0.832064	-0.354399	0.821807	0.66398	0.500161	-0.061492	0.734649	-0.441424	-0.836728	-0.701577	-0.010465	
-0.392576	-0.396466	-0.985226	0.158927	0.436636	-0.185473	-0.674072	-0.579387	0.520246	-0.284424	-0.225898	0.507847	0.734873	0.49925	-0.205128	-0.15984	0.107152	-0.069034	0.723138	0.647467	-0.851911	-0.358682	-0.159228	0.322684	0.263026	0.030338	-0.292906	-0.915533	-0.926156	0.560513	-0.639535	-0.194198	0.651104	-0.121924	0.085032	-0.969406	-0.135641	-0.071748	-0.362511	0.237664	-0.537995	-0.696571	-0.250192	0.267172	-0.279884	0.104	0.564513	0.36459	0.80882	0.542984	
-0.289809	0.972697	0.813735	0.10039	0.16537	-0.04408	-0.333001	-0.841148	-0.412304	-0.877217	-0.384113	-0.669075	0.62757	0.784757	0.815973	0.927207	-0.07334	-0.061922	0.9722	-0.379784	0.020749	-0.523933	-0.209166	0.160826	-0.374495	0.932331	0.96008	-0.702876	-0.462866	-0.085663	-0.915822	-0.688202	-0.567191	0.643017	-0.930423	0.41733	-0.029691	0.094616	-0.21245	0.664101	0.722229	-0.541825	0.316234	-0.507809	0.572255	-0.603679	0.492836	0.932579	-0.999059	-0.716124	
0.980066	-0.506207	-0.278585	0.083265	-0.067148	-0.868409	0.437352	-0.725019	0.896449	-0.910091	-0.746524	0.589344	-0.071293	0.891155	0.591494	-0.470508	0.812056	-0.257973	-0.531123	-0.618004	0.864471	-0.840292	-0.013392	-0.932032	0.039011	-0.362064	-0.737349	-0.555613	-0.489786	-0.946276	-0.011686	-0.593001	0.877128	0.145681	0.805282	-0.498021	-0.671592	0.566712	-0.434426	0.002023	0.098603	-0.630532	-0.668161	-0.895136	-0.772804	0.564477	0.694059	-0.029162	0.152988	-0.636353	
-0.118914	-0.300973	-0.310305	0.909203	0.288965	-0.193201	-0.271193	-0.21505	0.937099	0.4132	-0.775412	-0.796266	-0.77977	0.054102	-0.155482	0.862937	0.891974	0.330502	0.673778	0.828554	0.036606	0.76137	-0.731373	-0.390459	0.881655	-0.291916	-0.649171	0.236743	-0.771353	0.262397	-0.777843	0.741204	0.233008	-0.054714	0.489166	-0.236948	0.793147	-0.619951	0.974796	-0.569493	-0.947715	0.719848	0.541387	-0.365613	0.27702	-0.994877	0.838292	-0.534886	0.103817	0.365501	
-0.67794	-0.508897	0.46837	-0.222768	-0.383874	0.64917	0.449775	0.023578	-0.916168	0.307733	0.050264	0.371266	0.57922	0.102777	0.693299	-0.769261	0.230685	0.297693	-0.555619	-0.539732	0.517265	-0.739117	-0.696417	-0.839458	0.481642	-0.585052	-0.10116	-0.757666	0.896049	-0.052445	0.028616	-0.751201	0.284699	0.485577	0.210091	-0.40322	0.891345	-0.80236	-0.30684	0.485357	-0.16008	-0.439645	-0.349284	0.082714	0.466685	-0.02284	0.548605	-0.645994	-0.436635	0.745845	
0.068863	-0.308204	0.689393	-0.901483	0.751095	0.029851	0.420069	-0.432251	-0.94585	-0.942216	-0.359854	0.814217	0.907118	-0.562834	-0.605555	0.51511	0.640942	-0.923373	0.334704	0.491837	0.278464	0.761772	-0.685477	-0.127918	0.858427	-0.537464	0.690294	0.536766	-0.333356	0.874714	-0.241717	0.31672	0.109591	0.793181	-0.411191	-0.127401	-0.288224	-0.691187	0.631401	-0.172909	-0.059918	0.332394	-0.695966	-0.788282	0.783001	-0.674729	-0.79497	-0.912821	-0.282802	0.35967	
0.925441	0.636075	0.845138	-0.318038	0.908835	0.610421	-0.448012	0.625871	-0.161106	-0.118487	-0.145342	-0.429754	0.560225	0.264097	-0.542576	0.857911	0.428262	0.047773	-0.359953	-0.611415	0.011596	0.791803	-0.140454	-0.066289	-0.909934	0.312084	-0.525909	0.012589	0.347995	0.572866	-0.445116	-0.027838	0.586479	-0.106476	-0.519137	0.40734	0.524763	0.19346	-0.995971	-0.185273	-0.365364	0.712256	-0.994663	-0.270839	0.104656	-0.667213	0.660628	-0.121798	0.650134	0.789837	
-0.13263	-0.145419	0.019931	0.077372	0.282896	0.243272	0.667558	-0.836431	-0.906105	-0.77479	-0.33294	-0.310805	-0.279481	-0.972796	-0.247272	0.278942	-0.252167	0.769846	-0.29952	-0.132401	0.438458	0.715502	0.810599	-0.698691	-0.918386	0.24793	0.917486	0.513337	0.182322	-0.403523	0.298435	-0.352532	-0.137179	-0.701442	0.803739	-0.057785	0.241746	0.678335	0.571343	-0.510353	0.335373	-0.427795	-0.381929	0.44565	-0.32752	0.524681	-0.983734	-0.494115	0.317249	-0.485665	
-0.35711	0.555014	-0.974502	0.400207	-0.072994	-0.050219	-0.045383	0.374955	0.469221	0.168441	-0.348995	-0.149637	-0.449488	-0.8899	-0.892341	0.198686	-0.211116	0.001928	-0.732839	-0.517614	0.388979	-0.808749	-0.933159	0.684227	-0.407228	-0.23613	0.048097	-0.706219	-0.841205	-0.482043	0.586625	-0.815908	0.568759	-0.404926	-0.766994	0.895442	-0.129216	0.104276	-0.142659	-0.900108	0.88353	0.642264	-0.495419	-0.212415	-0.747972	-0.241448	0.256856	-0.68318	-0.312165	0.965967	
0.183709	0.621265	0.611069	0.813539	-0.757069	0.657107	-0.413678	0.475128	0.012748	0.902944	-0.496971	-0.867375	-0.405798	0.33842	-0.915216	0.852977	0.351163	-0.049546	-0.252223	-0.979796	-0.860986	-0.184673	-0.246	0.291725	0.265478	-0.184269	0.973879	0.288543	0.916715	0.252733	0.212647	0.461823	0.86007	-0.500888	0.626863	0.828822	-0.347309	0.194399	-0.630595	0.080799	-0.67768	-0.118685	-0.066279	0.397533	-0.009922	0.713658	-0.622208	-0.772855	0.170436	-0.239234	
0.154181	0.539409	0.541641	0.846496	0.470959	0.77094	0.99614	-0.59518	0.215151	0.803731	-0.593673	0.378762	-0.886414	-0.052269	0.690798	0.620975	0.461933	-0.114119	-0.745227	-0.576093	-0.484196	0.940018	0.964164	0.420258	0.74264	-0.094419	0.916415	0.313477	-0.338408	0.402066	-0.07698	-0.22755	0.781102	-0.747029	0.730312	-0.240839	-0.448111	0.631833	0.24599	-0.851799	-0.503442	-0.971705	0.12444	-0.158691	-0.211552	-0.771566	-0.26984	-0.617795	0.922411	-0.377078	
-0.663461	-0.867577	0.232226	0.262989	0.027015	0.631156	-0.669328	0.551337	-0.500335	-0.006343	-0.064549	0.253707	0.677065	-0.733115	-0.799476	0.916516	-0.673515	0.876097	0.62865	0.981877	0.329405	0.947757	-0.604654	0.048168	0.166848	0.914742	-0.260155	0.325068	-0.636077	0.780796	0.832398	0.331313	0.729599	0.26425	0.961071	-0.602083	0.306406	-0.196966	-0.667506	0.583329	0.802582	0.134682	0.423068	-0.353305	0.050817	0.252954	0.820634	-0.918386	-0.321994	-0.193276	
0.384995	0.388438	0.133768	-0.70482	0.699927	0.590694	-0.155094	-0.755802	0.709304	-0.57678	-0.092908	0.464619	0.203647	0.78364	-0.671266	0.314563	-0.9835	-0.766085	0.595302	0.361919	0.419626	-0.215693	0.349831	-0.126753	-0.959763	-0.358073	0.630393	0.959411	0.252699	-0.528966	0.154391	0.550829	0.236095	0.658147	0.958521	0.611518	-0.867385	-0.540398	0.191752	-0.372117	0.743452	0.10782	-0.349085	-0.23178	-0.759685	0.346639	0.008784	0.750958	-0.731233	-0.752614	
-0.352917	0.517867	0.39791	-0.176526	-0.018816	-0.356693	-0.585111	0.868874	-0.098139	0.852051	0.284212	-0.226283	0.846966	0.384417	-0.963929	-0.446901	-0.903487	-0.493354	0.859399	-0.01337	-0.130715	-0.214067	-0.300552	0.483925	0.518966	-0.884861	-0.269161	0.566207	-0.84942	0.807061	-0.184535	-0.464435	0.770999	0.993611	0.747521	-0.621961	-0.896892	-0.413629	0.731121	0.750183	-0.915823	0.493456	0.627833	-0.807124	0.675193	0.0815	-0.490343	-0.363782	-0.053581	0.756746	
-0.82791	0.176609	0.043175	-0.733851	0.02534	0.059881	0.813731	0.396649	-0.848901	0.481821	0.487513	-0.958656	-0.043316	-0.608904	0.648918	0.711528	0.671426	0.672741	0.568616	-0.394344	0.069784	0.530753	0.63655	-0.832728	-0.289026	-0.648004	-0.268559	0.804047	0.226181	-0.189215	0.475909	0.602339	0.223442	-0.746734	0.781928	0.310949	-0.548354	-0.793448	0.157207	0.116059	-0.931238	0.672936	0.550332	-0.841671	0.486121	0.012744	0.882873	0.732205	-0.455007	-0.842561	
-0.777998	-0.783933	0.489769	0.714211	0.094563	-0.609538	0.969837	-0.32131	0.776297	-0.729269	0.650802	0.801063	0.56496	0.092519	-0.392877	-0.543865	0.364623	0.541862	-0.868597	-0.370426	-0.569615	0.802022	-0.902878	0.094797	-0.519724	0.860634	-0.309402	-0.544655	-0.529618	0.073898	-0.656762	-0.035579	0.439774	-0.371714	0.178399	-0.318855	0.448736	0.765951	0.426789	0.512562	-0.929255	-0.484573	-0.976446	0.477841	0.767251	-0.942918	0.099113	-0.796264	-0.770548	0.813374	
0.987831	0.369195	-0.786156	-0.013982	-0.235097	-0.589629	-0.342341	-0.193998	-0.238101	0.758841	-0.229413	0.362122	0.667915	0.799774	-0.243999	-0.250873	-0.860511	0.074178	0.065701	0.723809	0.3074	0.488064	-0.290655	0.82397	0.093849	-0.184486	0.145328	0.710572	-0.398998	-0.035279	-0.649795	0.351433	0.022299	0.161799	0.404408	0.804644	-0.53519	-0.542928	-0.744069	-0.034325	0.208334	-0.597041	0.780323	0.931378	0.277121	-0.209014	0.702758	0.628916	-0.502457	-0.881999	
0.600069	-0.649101	-0.633324	-0.558191	-0.259639	-0.662175	0.17326	-0.723491	-0.369042	0.253593	0.68521	0.802889	-0.205847	-0.541026	0.468513	-0.116226	0.153902	-0.959585	0.967354	0.074546	0.953682	0.819492	0.979135	-0.285927	-0.98379	0.774821	0.724111	-0.795121	-0.192989	0.259469	-0.687749	0.604091	-0.571374	0.59973	-0.626627	-0.465807	0.454546	0.966799	0.331026	0.651945	-0.667692	-0.869854	0.852748	-0.730906	0.624012	0.76778	-0.959664	-0.579742	0.84733	-0.062961	
0.151656	0.517975	0.248104	-0.022811	-0.826185	0.911301	-0.695554	-0.095745	-0.259349	-0.118205	0.115956	-0.540837	0.479742	-0.796592	-0.423977	0.935242	-0.347531	0.188108	0.247575	0.379588	-0.146848	0.064117	0.953724	-0.245618	-0.252976	-0.517745	0.735564	-0.48579	-0.084039	0.384771	-0.31031	0.706692	-0.312864	0.130969	-0.119929	-0.440592	0.045271	-0.148451	-0.352877	-0.022213	0.60313	-0.274622	0.514467	-0.703604	-0.887791	0.573838	0.952824	-0.381688	-0.716216	0.282598	
0.229436	0.439247	-0.553595	-0.103329	-0.883641	0.763153	0.724072	0.210493	0.440631	0.677061	-0.922194	-0.849991	0.293604	0.036896	-0.881115	-0.006634	-0.200754	-0.076251	0.927479	-0.484384	0.141481	-0.894861	0.667633	-0.560444	-0.088174	0.425047	-0.834534	0.394899	-0.814904	-0.696247	-0.232521	0.441393	0.858419	-0.178484	0.001901	-0.813692	0.543394	0.448246	0.36064	0.308882	-0.9039	-0.851258	0.022636	0.269948	-0.607537	-0.659197	0.983934	-0.174551	0.100201	0.424249	
-0.071651	-0.502107	-0.679358	-0.907478	-0.647381	0.183354	-0.118359	0.206649	0.751633	0.630559	-0.565184	0.188811	-0.15619	0.510606	0.221417	-0.655568	-0.369004	0.459067	-0.932345	-0.652554	-0.063851	0.249654	0.869047	0.80331	0.074113	0.439976	0.283129	0.28288	0.282633	0.964866	0.810154	0.003895	-0.020596	-0.472543	0.177402	-0.160423	-0.47348	0.012737	0.191315	-0.430701	-0.078537	0.943421	-0.303199	-0.591582	0.290353	0.282033	-0.37056	-0.467828	-0.949672	-0.981603	
0.599754	-0.171592	-0.384328	0.772162	-0.315011	0.618319	0.115825	0.485234	-0.879492	0.200136	-0.306188	0.621122	-0.638294	0.229561	0.62025	-0.713673	-0.897199	-0.922066	-0.121789	0.552343	0.790164	0.377916	0.488907	0.135958	0.458638	0.81864	-0.663689	-0.576335	-0.904272	0.10182	-0.211501	-0.327178	0.224908	-0.083516	-0.081565	-0.979473	-0.727369	0.193847	-0.174372	-0.861728	0.368243	0.016614	-0.757726	-0.428299	0.458245	0.133733	0.051979	-0.306303	0.36298	-0.5601	
0.514836	-0.481236	0.228909	-0.462325	-0.103517	0.644411	0.271887	-0.122534	-0.850631	0.154269	0.202587	0.776608	0.724514	-0.543264	0.892652	-0.94169	0.097578	-0.894884	0.702871	0.114097	0.467227	-0.308956	0.554367	0.228074	-0.725347	-0.160165	0.659588	-0.421781	0.867541	0.924088	-0.171508	0.8422	0.187132	-0.438248	-0.985133	0.162778	0.429141	-0.14376	-0.303244	-0.395526	-0.217522	-0.431364	0.511994	0.464373	0.438556	-0.923444	0.674029	-0.2	0.834455	0.655792	
-0.892249	0.7514	0.80746	-0.263139	0.094656	-0.28818	-0.727888	0.043505	-0.390356	0.168594	-0.422179	0.346266	-0.138458	-0.935239	0.895897	-0.782057	-0.133859	-0.750852	0.895839	0.914062	-0.588698	-0.435464	-0.576062	-0.489444	0.662071	0.073481	0.064578	0.356413	0.111042	0.039296	-0.349258	-0.837531	0.747141	-0.962809	0.586156	-0.959459	0.694364	-0.432819	-0.114905	0.763774	-0.722326	-0.907319	0.531285	-0.761275	0.766717	-0.803873	0.132744	-0.868372	0.683154	-0.278833	
-0.967703	0.43847	0.694676	-0.954288	-0.489719	-0.710958	-0.449307	0.495063	-0.672834	0.749608	-0.997967	0.638087	-0.972707	0.041858	0.621101	-0.515072	0.316234	0.166966	0.524405	-0.506587	0.255261	0.859504	-0.055401	-0.775174	-0.296918	0.508056	-0.372531	-0.897402	0.813169	0.485986	-0.788286	0.963116	0.737288	-0.97459	-0.205264	-0.186362	0.32977	0.882356	0.194299	0.427673	-0.4456	0.231189	0.03503	-0.249429	-0.103277	-0.548007	-0.868393	-0.028849	-0.138751	0.496615	
0.922107	-0.237711	-0.33794	0.815638	0.543926	-0.05276	0.324453	-0.608176	-0.92761	0.752282	0.030796	-0.927399	0.048945	-0.638095	0.526745	0.024839	0.544737	0.135457	-0.927986	-0.521548	0.907024	-0.675587	0.546393	-0.925553	-0.468006	-0.981161	0.73588	-0.758949	0.007706	-0.827804	-0.070059	0.913659	0.090441	-0.757753	0.795804	-0.898899	0.813948	-0.142534	-0.187188	0.536688	-0.052498	0.634839	-0.593906	-0.834513	0.134641	-0.183835	0.073056	0.565021	0.079153	0.243828	
-0.918306	0.721349	-0.564256	-0.487818	0.212337	-0.263067	-0.786401	-0.965557	0.015117	0.350867	0.095641	0.811584	0.990363	-0.265671	-0.36497	0.407003	-0.921748	0.565541	-0.332733	0.504828	0.493634	-0.15551	-0.755917	-0.633885	0.078391	-0.032502	-0.238978	-0.744826	0.15476	-0.068028	-0.875	-0.57055	0.649738	-0.74248	-0.435145	0.639917	-0.349275	0.421472	-0.986005	-0.776562	0.17198	-0.84142	0.075333	0.498721	0.161597	-0.77095	0.104375	0.760698	0.73548	0.687425	
0.224682	0.308957	0.282995	0.011408	-0.528173	-0.464949	0.00638	0.919979	-0.462431	0.838677	0.48688	0.110339	0.177266	0.473316	-0.088852	0.195364	0.631174	0.030252	-0.986474	-0.847814	-0.881025	0.745179	-0.392216	-0.130965	-0.746651	0.107304	0.887571	-0.799608	-0.721119	-0.789327	-0.942238	0.78582	-0.376633	0.704498	0.323039	0.335216	0.966913	0.475484	-0.934397	-0.967528	-0.812785	-0.15723	0.995151	0.04074	0.045161	0.602098	0.90582	0.964123	0.565104	0.954736	
-0.236982	0.019634	0.167519	-0.090776	0.259587	-0.325328	-0.860132	0.208614	0.613862	-0.181102	-0.63336	0.474568	-0.196533	0.94339	-0.338773	0.745904	-0.663024	-0.956313	-0.376092	0.573097	0.95555	0.130278	-0.870313	0.588421	0.696248	0.494272	0.728352	0.547554	0.666963	0.248099	0.571253	0.885054	0.2793	-0.551157	0.946357	0.994606	0.262298	0.033777	0.941284	0.891535	0.144094	0.02028	-0.152445	0.350997	0.245928	0.107888	-0.568976	-0.092328	0.522839	0.842132	
-0.626844	0.556664	0.211147	0.028717	0.375264	0.681893	-0.615141	-0.586408	-0.6111	-0.708248	-0.682275	-0.740969	0.594634	-0.753349	0.568233	0.983497	0.271916	0.439018	-0.073482	-0.674625	-0.153003	0.961135	0.425849	-0.14349	0.155666	-0.518174	0.81229	-0.866823	-0.89878	-0.594784	-0.468359	-0.87337	-0.311263	0.262629	0.942443	0.188454	0.776228	-0.380007	-0.945052	0.018916	0.87626	-0.039888	-0.565927	0.219474	-0.99855	0.899199	-0.605068	0.157163	-0.688298	0.58829	
0.910678	0.972605	0.147995	-0.581192	0.200846	-0.918161	0.534434	-0.310289	0.782878	0.182585	0.593273	-0.609226	-0.553086	-0.797238	0.71996	-0.521695	-0.163264	0.656827	-0.244327	0.961384	-0.357668	0.280416	0.937975	-0.58579	-0.052903	-0.297547	0.097829	0.234342	0.561182	-0.223733	-0.561125	0.543549	-0.063615	0.750381	0.423565	-0.535807	-0.738683	0.844245	-0.622241	-0.564544	0.526367	0.583838	-0.200802	0.931827	0.927508	-0.696371	-0.244805	0.55551	0.457494	-0.202912	
-0.282687	0.191151	0.380373	0.44531	0.524423	0.131156	-0.274865	0.100676	-0.879607	0.395937	0.899451	-0.840978	0.435349	-0.022539	0.897187	-0.145879	-0.964927	-0.215502	0.577839	-0.537303	-0.728261	-0.844	0.016509	0.212431	0.233294	0.358066	-0.762119	0.192662	0.068647	0.123412	0.631463	0.108124	0.85187	-0.143339	0.36883	-0.502702	0.965355	0.218464	0.740425	0.428988	-0.672396	-0.539618	-0.393494	0.823749	0.862483	-0.35785	-0.87177	-0.001559	-0.085594	0.852689	
0.764609	-0.272874	0.362346	0.257289	-0.649793	0.829682	0.512245	-0.192125	-0.640531	-0.505415	-0.100346	0.619577	0.375233	-0.728671	-0.499758	0.459081	0.833461	-0.055153	-0.870135	-0.820936	0.868017	-0.758999	-0.741339	-0.874777	-0.145803	-0.25446	-0.561628	-0.957421	0.212873	-0.978451	-0.286541	-0.825749	0.336414	0.817508	0.268888	0.243316	0.830971	-0.969756	0.950276	-0.74339	0.958805	0.07001	-0.96995	0.418231	0.633761	-0.290569	0.369299	0.403086	-0.940826	-0.594439	
-0.775345	-0.837178	0.438024	0.768185	0.46615	-0.88096	0.255837	-0.513802	-0.771377	0.309852	-0.453821	0.25165	0.344729	0.681814	0.316971	-0.164451	-0.591594	-0.178893	-0.869673	-0.826155	0.654073	-0.45	-0.323348	-0.001444	-0.638425	-0.754121	0.968426	-0.067469	0.630144	0.283084	-0.584411	-0.261728	-0.219608	0.819019	0.322343	-0.314739	0.336037	0.877488	0.366633	-0.13324	-0.671155	-0.610774	0.808545	-0.340878	-0.367252	-0.549024	-0.125605	0.171303	0.151656	-0.848637	
0.816177	-0.230354	-0.172366	-0.436795	-0.442886	-0.392643	-0.211871	0.10079	-0.427321	0.94192	-0.31369	-0.632039	0.246907	-0.604351	0.242868	-0.159432	0.460467	0.39806	0.963128	0.942873	0.551199	-0.888524	-0.627152	0.994917	0.683367	0.876985	-0.528158	0.655477	-0.359071	-0.424003	-0.689349	-0.089375	0.466586	0.018787	-0.189389	-0.111418	0.073035	0.803376	-0.477128	-0.636896	0.411596	0.723697	-0.499963	-0.345131	0.114659	0.261651	-0.227999	0.693891	0.545611	-0.529109	
-0.63996	0.210059	0.457579	0.645901	-0.237454	-0.0705	-0.925644	0.765546	0.290566	-0.115993	-0.411993	-0.981885	0.778858	-0.61325	-0.89556	-0.079232	-0.501239	0.944592	-0.649837	-0.676859	0.233881	-0.586473	-0.181406	0.877957	-0.340584	-0.1982	0.011721	0.329634	-0.957569	-0.608389	0.568154	-0.038091	0.309012	0.793407	0.125409	0.127238	0.555954	-0.816538	-0.67541	-0.936857	0.53528	0.554746	-0.169594	0.942978	0.634818	-0.307342	-0.807974	0.47522	0.415821	0.563719	
-0.408992	-0.86987	-0.970639	0.216514	-0.522118	-0.591306	0.545787	0.092807	0.13399	-0.149351	-0.336133	-0.838361	0.796015	-0.619361	-0.167122	-0.123405	0.596411	-0.678762	0.56853	-0.858777	-0.047909	-0.035832	-0.240695	-0.496023	-0.074873	-0.530652	0.187365	-0.147301	0.482636	0.781121	0.586223	-0.698404	-0.216775	-0.613595	-0.550177	0.535979	0.503884	0.47936	0.441957	0.509334	0.071361	-0.674049	-0.708752	0.203026	-0.521297	0.433698	-0.097488	0.724337	0.629393	-0.803667	
-0.681696	0.294573	-0.152546	-0.801861	0.211549	0.017722	0.009896	-0.990644	0.266318	0.491072	0.415393	-0.011997	-0.110926	0.565074	-0.586147	0.105713	0.270578	-0.597073	-0.813831	0.21296	-0.697277	0.100327	-0.237181	-0.608102	-0.813423	0.219222	0.58028	-0.840143	-0.580589	-0.437586	-0.048866	-0.655169	-0.444801	-0.599643	0.987136	0.334389	0.719133	-0.402414	0.076491	-0.45121	0.135811	0.634039	0.136393	-0.041856	-0.853743	0.950103	-0.854153	-0.733602	-0.90075	-0.007733	
-0.058836	0.497254	0.452764	0.568457	0.748892	0.89581	-0.953415	-0.663156	0.828871	0.753901	-0.775118	-0.025432	-0.505617	0.05586	-0.880496	0.368903	0.959638	0.234307	-0.066896	0.491542	0.7988	0.395176	0.051989	-0.412014	-0.800961	-0.575543	-0.746282	0.788095	-0.626389	0.172799	-0.778453	0.858104	0.926409	0.566954	0.854371	0.76963	0.018994	-0.301354	0.137583	-0.692083	0.699193	-0.692955	-0.222346	-0.735825	0.723564	-0.044849	-0.024907	-0.344455	0.855454	-0.91481	
0.315606	0.687542	0.644047	0.711399	0.769241	0.124776	-0.586997	-0.376223	0.875359	0.921295	0.240561	-0.279483	0.911876	-0.92424	-0.064576	0.016783	-0.119266	-0.297217	-0.957113	0.759838	0.33271	0.357786	0.967023	0.544834	-0.655808	0.991966	0.466253	-0.470193	0.121494	0.578618	0.456256	-0.249264	-0.969445	0.974436	0.653267	-0.157873	-0.38867	0.720631	0.870594	-0.166817	0.153655	0.809921	0.595884	0.924184	-0.855849	-0.670247	-0.987678	0.927748	0.152786	0.10916	
-0.949134	-0.546725	-0.449993	-0.942296	0.791553	-0.988229	-0.129356	-0.605501	0.742435	0.548519	0.492574	-0.203781	0.778656	-0.237027	-0.085563	0.452143	0.415325	0.581044	0.960497	0.001432	0.547579	-0.664335	-0.782463	0.011538	0.526393	-0.231638	0.912274	-0.006037	0.839646	-0.029332	-0.017686	0.540713	0.966713	0.737804	0.61807	-0.508327	0.824213	0.947469	0.391495	-0.79581	-0.86461	0.305057	-0.510338	0.690695	0.434038	-0.826659	-0.378898	-0.932915	0.778395	-0.071685	
0.966412	0.427975	0.670931	-0.687468	0.046297	0.510851	-0.244872	0.523621	-0.848467	0.479847	-0.205303	0.677595	0.26301	0.94239	-0.831703	0.696302	-0.691293	0.227713	-0.767082	-0.297502	-0.670819	0.995599	0.877686	0.685169	-0.368094	0.475472	0.5417	0.641385	-0.393519	-0.008418	0.499163	-0.46232	0.334982	-0.861352	0.083756	-0.360453	-0.119816	-0.873815	-0.50264	-0.965288	-0.342055	0.739062	-0.266029	-0.779961	0.808935	0.84741	0.455912	0.24026	0.448719	0.059376	
-0.830604	0.466431	-0.984236	0.988587	-0.549494	-0.15748	0.620861	-0.961953	-0.494288	0.418036	0.80159	0.442287	0.947326	-0.184627	0.338155	0.402512	-0.491564	-0.502135	-0.723008	0.429155	-0.75839	0.898502	-0.968701	0.116681	-0.711851	0.141086	-0.980081	-0.064422	-0.624486	-0.983145	-0.377599	-0.774154	0.784503	-0.151158	0.666555	-0.620199	0.167582	0.431401	-0.807399	0.543184	0.654763	0.890897	0.642123	0.993991	-0.651198	-0.325672	-0.035308	-0.192156	0.452496	-0.827816	
0.613719	0.663158	0.454865	0.119873	-0.485135	0.277041	0.246948	-0.425356	-0.426328	-0.6229	-0.321731	0.368586	-0.240673	-0.167104	-0.309556	0.2504	0.077484	-0.56203	-0.82057	0.119248	0.474655	0.151282	0.260761	-0.599659	0.044431	-0.046565	-0.512871	-0.175754	-0.704503	-0.575254	-0.457225	0.974728	-0.674781	0.634909	-0.729009	0.859786	0.940624	-0.836616	0.745312	0.033998	-0.672636	0.345708	0.664013	-0.776826	0.259226	-0.040882	0.638791	0.88035	-0.076751	0.221065	
-0.723114	0.853555	0.701695	-0.364298	0.519413	0.744928	-0.219984	-0.170356	0.543949	-0.105637	0.148727	-0.121432	-0.846547	-0.249652	0.348796	0.117316	0.257116	0.230669	0.740006	0.317821	-0.686464	-0.684066	0.122536	0.473255	0.764808	-0.943529	0.903244	0.451229	0.213571	0.167207	0.872122	-0.710457	-0.740545	0.971176	0.338303	0.904435	-0.679717	0.160152	0.969118	-0.728835	0.177364	-0.685711	-0.268981	0.228861	-0.331741	-0.594741	0.537551	0.730272	0.405641	0.458098	
-0.038781	0.845248	0.174493	-0.883838	0.704078	0.312155	-0.366323	-0.942435	-0.649092	0.725991	-0.345689	-0.792582	-0.821118	0.609398	-0.976796	0.351004	-0.735107	-0.345065	0.740201	-0.508192	-0.488065	-0.102068	-0.924925	-0.596074	-0.7096	0.096962	0.916207	0.024935	0.310701	-0.480707	0.237247	-0.268622	-0.537079	0.246895	0.532175	-0.937297	0.141213	0.701038	-0.382253	0.229583	-0.228217	0.595702	0.187479	0.473302	-0.456406	0.92802	0.867017	-0.678105	0.797444	0.166253	
0.825168	-0.168374	-0.017404	-0.402546	0.845933	0.602256	-0.850143	-0.474248	0.321752	-0.910537	-0.364164	-0.074384	0.777586	-0.432315	-0.757446	-0.447983	-0.993318	0.763309	0.365622	-0.831167	-0.635697	0.351218	-0.046235	-0.162974	0.940168	0.700842	-0.249196	0.320188	-0.469688	-0.689651	-0.451176	-0.594968	-0.612525	-0.435576	-0.868005	-0.283806	0.788018	0.553686	-0.164785	-0.474382	-0.555615	-0.912431	-0.619525	0.477858	-0.664231	-0.547898	-0.688958	0.344942	-0.307254	0.332511	
-0.397225	0.112147	-0.735873	0.539629	-0.068426	0.605215	0.787547	0.958542	0.827909	0.391969	0.119047	-0.828567	-0.19986	0.541141	-0.95641	-0.680176	0.272931	-0.190324	-0.170663	-0.721595	-0.221208	0.298683	0.497013	-0.795481	0.566285	-0.501292	-0.18069	-0.242134	0.490393	-0.925149	0.455343	0.935308	-0.833733	-0.990973	0.679388	0.258845	-0.142445	0.391561	-0.999837	-0.917036	0.577444	0.769747	0.337227	0.012545	-0.345271	0.685764	-0.049148	-0.294533	0.786506	-0.159567	
0.402499	0.44393	0.188158	0.406317	0.444233	-0.424938	0.559767	-0.629632	0.962057	-0.147213	-0.611155	-0.473661	-0.638287	0.455321	0.796358	-0.575938	-0.294316	0.394265	-0.706267	-0.771412	0.235757	0.281812	-0.371335	0.203854	0.450115	-0.361938	0.466232	-0.30089	-0.957858	-0.386128	0.035119	-0.346059	0.150949	0.875528	0.911553	-0.305283	0.557864	-0.648226	0.858988	-0.497673	-0.3156	-0.921651	-0.759578	-0.965253	-0.907239	0.877561	-0.535005	0.803893	-0.4263	-0.381498	
-0.918518	-0.547507	0.851538	-0.420419	-0.30886	0.012282	-0.475881	0.977221	-0.292372	-0.049346	0.486263	-0.417139	0.593625	-0.698171	-0.776747	0.620847	-0.70917	-0.00705	0.000676	-0.431605	0.992617	-0.314182	0.964131	-0.01924	0.410773	0.350877	-0.857623	0.259408	0.336454	-0.085315	-0.391951	0.700541	-0.896794	-0.759045	-0.486124	0.114911	0.199602	-0.688487	0.24418	-0.02786	-0.994928	0.169845	0.553663	-0.078411	-0.907729	0.002577	-0.18963	-0.618944	-0.599282	-0.281464	
-0.477881	-0.215826	0.535673	0.318663	-0.311882	0.863197	0.002034	0.277202	-0.424744	0.612309	0.64769	-0.278116	-0.422681	0.986543	0.415073	-0.709538	-0.478378	0.155427	-0.411912	0.766252	0.010414	0.234693	-0.676458	-0.202316	0.55425	-0.285346	-0.077074	0.976391	-0.584455	0.559349	-0.250637	0.689332	0.987369	0.507082	0.049608	0.750071	-0.360112	0.926006	0.948844	0.503448	0.154082	-0.689386	-0.168759	0.52663	0.553058	-0.373049	-0.716261	0.217173	0.667574	-0.295675	
0.181918	0.340078	-0.042358	-0.810212	0.226986	0.885407	-0.270336	-0.712524	-0.274551	0.384457	0.860343	-0.01485	-0.026751	-0.07563	0.672286	-0.441	0.013611	-0.044856	0.743274	0.357383	0.985759	-0.125767	0.568904	0.286247	0.771272	-0.704196	-0.574697	-0.130867	-0.097174	0.354685	-0.216854	0.919037	0.464074	-0.935974	0.150775	0.075554	0.460676	0.091057	-0.634599	-0.573387	-0.710813	0.705215	0.044428	0.778256	-0.029234	-0.302934	0.789471	0.548394	-0.175145	0.230794	
0.536108	-0.082002	-0.67512	-0.50061	-0.996165	0.802343	-0.230843	-0.620191	-0.955789	0.677171	-0.801143	-0.651722	-0.038946	-0.602807	0.10308	-0.322985	-0.77618	-0.960063	0.549494	-0.714181	0.17293	0.519971	-0.210921	0.183655	0.543072	0.971544	-0.40062	-0.363403	-0.786507	-0.007791	-0.85593	-0.141059	-0.734013	-0.139574	0.702976	0.874935	-0.248699	0.941889	0.243755	-0.306968	-0.050447	-0.365462	0.450981	0.095348	-0.75226	-0.938796	0.735413	0.755813	-0.217713	0.219624	
0.68224	0.017095	-0.023426	0.741012	0.33768	-0.028949	-0.275648	-0.349821	0.06539	0.770521	0.032478	-0.879537	-0.043913	0.742844	0.378017	-0.367656	-0.354046	-0.656554	-0.034795	-0.647327	-0.415036	-0.218078	-0.593458	-0.219521	-0.792901	0.156184	-0.591383	0.817539	0.094858	0.189864	0.879778	-0.632001	0.336567	-0.08487	-0.845268	0.839909	0.906583	-0.423054	-0.548089	0.186321	-0.543436	-0.399427	-0.431021	0.414375	0.946629	0.108047	0.406247	-0.025202	-0.985588	-0.738517	
-0.621522	0.190579	-0.34443	0.541264	0.899214	0.852649	0.360802	-0.92882	-0.117558	-0.239343	-0.66908	0.330393	-0.451695	-0.244629	-0.027203	0.179219	-0.776022	0.708255	-0.071892	-0.37512	0.675505	-0.645647	-0.833458	-0.884419	-0.363315	0.470641	-0.210292	-0.997617	-0.42383	-0.960074	0.597704	0.300157	-0.232472	-0.416991	0.290358	-0.363269	0.824187	0.386388	-0.803907	-0.501891	-0.333522	0.645287	-0.606876	-0.201131	0.809518	0.413654	-0.10476	0.07698	0.816855	0.9769	
-0.81342	0.132944	-0.260886	-0.643775	-0.441072	0.053005	0.994081	0.758734	0.996554	0.85194	0.845086	0.062288	0.194317	-0.376288	0.386579	-0.629185	0.549123	-0.393626	0.810562	-0.205938	-0.13959	-0.399012	-0.164774	0.678487	-0.973994	-0.667978	-0.315552	0.194832	-0.183912	-0.405599	-0.200436	-0.516326	0.674283	0.838042	0.587967	0.859575	0.881881	0.989233	-0.271172	-0.273907	0.092471	0.792445	0.185878	-0.166437	-0.242379	-0.709876	-0.909879	-0.332138	0.855008	0.343874	
-0.341264	0.772694	0.473475	-0.692592	-0.43724	0.075206	-0.348838	-0.924983	-0.136644	0.718661	0.092629	-0.525638	0.650077	-0.371168	0.337869	-0.59093	0.047796	0.942688	0.074729	0.68293	-0.710928	-0.385801	-0.307867	0.764643	0.7689	-0.383057	-0.700319	0.019094	-0.257865	-0.658025	0.048981	0.123192	-0.929697	-0.65381	0.376377	-0.250391	0.607807	-0.799366	0.266038	-0.824133	-0.243483	-0.530312	0.206308	-0.818122	0.644537	-0.433206	0.45577	0.841943	-0.559659	0.88827	
-0.257538	-0.531539	-0.407563	-0.087104	-0.3976	-0.470068	0.685563	0.485152	-0.971001	0.552631	-0.285766	-0.431438	-0.186184	0.98007	-0.129195	-0.324877	0.819242	-0.838987	-0.80092	-0.058677	-0.463603	-0.667863	-0.445818	0.701074	-0.16045	0.69094	0.960501	0.008595	0.508297	0.01623	-0.007277	0.292896	0.541825	0.140042	0.528918	0.718263	0.852114	0.916488	0.931064	-0.756164	-0.005001	0.6846	0.754034	-0.069293	-0.507672	-0.456061	-0.982055	-0.208551	-0.048575	-0.634666	
-0.286326	-0.951005	0.166644	0.816129	0.799649	0.432655	0.84606	0.730539	-0.733232	0.317104	-0.718464	-0.50132	0.804409	0.743197	0.24087	0.780382	-0.827095	-0.139982	-0.746474	-0.579467	-0.007379	-0.753291	0.596308	0.43386	0.801069	-0.264915	0.611572	-0.666097	0.490436	-0.587593	-0.649514	0.120636	0.623051	-0.931351	-0.826651	-0.412196	0.807326	0.707777	-0.562366	0.75435	0.880223	0.358261	-0.771231	0.038215	0.935844	0.933571	0.857722	0.824139	0.119791	-0.195291	
-0.604989	-0.041673	0.535973	0.041633	-0.647314	0.812315	0.67854	0.793726	-0.770525	-0.043108	0.33525	-0.249302	-0.760852	0.666873	0.252675	0.012676	-0.276702	0.864292	-0.386226	0.07307	-0.344069	0.918684	-0.441338	0.352866	0.661486	-0.182878	-0.829297	-0.724963	-0.244847	-0.254742	0.275282	-0.852644	0.304223	-0.116964	-0.555552	0.565989	0.589007	0.516145	0.455984	-0.336052	0.767507	-0.998989	0.767228	0.611587	0.512666	-0.631564	0.820208	0.817416	0.845502	0.003328	
-0.632081	-0.503908	0.832578	0.742186	-0.229816	-0.251355	-0.794139	-0.098699	-0.434021	-0.682476	-0.585872	-0.721064	-0.427594	-0.357989	-0.020162	-0.807903	0.0923	0.717401	0.922952	-0.45642	0.564154	0.88985	-0.558347	-0.376462	0.013071	-0.901699	0.627984	-0.649649	0.610988	-0.652718	-0.783366	0.72159	-0.209893	0.414516	0.597528	-0.243689	0.030113	0.945366	0.917526	-0.887474	0.034193	0.493562	-0.783021	0.570717	0.256956	-0.008994	0.622614	0.948524	0.945242	0.347892	
-0.723665	-0.875258	0.070272	0.811193	0.854957	0.14578	0.392951	0.387581	0.070473	0.874963	-0.382216	-0.828509	-0.027354	0.867609	-0.323566	0.835588	0.750238	-0.918651	-0.3198	-0.52388	0.867555	0.942958	-0.587243	-0.026538	0.431809	0.574249	-0.109511	0.314705	-0.750348	-0.607056	0.361834	0.875287	-0.762067	0.344838	-0.866073	0.663083	-0.372906	0.949648	-0.166952	-0.804975	0.693612	-0.96865	0.651537	-0.985609	-0.310539	-0.403891	-0.030038	0.811228	0.927925	-0.892853	
0.571496	0.546457	0.351751	0.043061	0.965034	0.857246	-0.932363	-0.740792	-0.15814	0.251716	0.091921	-0.737573	0.8044	0.011165	-0.57674	-0.256204	0.668749	-0.426096	0.900634	0.164588	0.074265	-0.874881	-0.834285	-0.9676	0.49639	0.166864	-0.700814	-0.006243	0.639552	0.119574	-0.828597	-0.674383	-0.500433	0.666674	-0.214245	0.921055	-0.87661	-0.036933	-0.764317	-0.083151	-0.392374	-0.866091	0.439902	0.77936	0.342598	0.860034	0.526706	0.530988	-0.449971	0.535058	
0.061438	-0.612649	0.854167	0.526145	-0.044416	0.797014	-0.856162	-0.43845	-0.8233	-0.225734	-0.149742	0.917321	0.96569	-0.311113	-0.479843	0.141908	0.44042	-0.799272	0.867865	0.189403	0.795301	0.075956	-0.181639	-0.488672	0.86153	-0.199335	-0.575872	0.498723	-0.400728	0.489301	0.049155	0.569551	0.833841	0.469453	0.763766	-0.748352	-0.666828	-0.16879	-0.260634	0.319863	-0.307635	0.910922	-0.125338	-0.158118	0.411549	-0.274687	-0.809384	0.035506	0.020616	-0.025178	
-0.241083	0.819823	-0.756571	0.47251	0.259814	0.199548	0.456204	0.257525	-0.942666	0.161615	-0.100343	-0.014115	-0.884394	0.935955	0.769107	-0.933878	0.471412	0.061613	0.961496	-0.411411	0.601825	0.525565	0.850788	-0.936982	-0.890738	0.457248	-0.090084	-0.085766	-0.09804	-0.750956	0.024003	-0.312558	-0.856326	-0.692948	-0.852332	-0.315839	0.694274	0.738844	-0.181566	0.742222	0.018913	-0.616654	-0.871403	0.481364	-0.975518	0.220009	0.662703	0.669433	0.573395	-0.119351	
0.590443	0.088491	0.126599	-0.276432	0.607471	0.843213	0.019488	0.410212	0.138473	0.500828	-0.660938	0.539171	0.265036	-0.094606	-0.731795	0.357005	0.823696	0.364923	-0.397101	-0.901232	-0.510831	-0.836121	0.897714	0.941161	-0.114394	-0.366666	0.588217	-0.747018	-0.065536	-0.252076	-0.536948	-0.723858	-0.646247	0.160285	0.895192	0.077089	-0.820859	-0.076237	-0.318586	-0.052825	-0.785319	-0.357101	-0.335144	-0.809032	0.641712	-0.668352	0.050623	-0.736589	-0.988263	0.014876	
0.641114	0.139064	-0.578262	0.261859	0.200175	-0.118259	0.1462	-0.02753	0.527144	-0.831338	0.399138	0.716185	-0.721999	-0.309205	0.401982	-0.881408	-0.353873	-0.007251	0.8271	0.000578	-0.358389	-0.181514	-0.115112	0.483	0.694686	-0.670281	-0.371584	-0.58942	0.863035	0.868745	-0.698025	0.199777	0.506368	0.60315	0.477633	-0.109681	-0.634015	-0.913444	-0.760429	-0.833355	0.342464	0.217976	-0.952691	-0.012358	0.465892	0.799886	0.78404	-0.250952	-0.090904	0.71151	
-0.22152	0.180462	0.887582	0.873969	-0.071606	-0.817087	-0.2525	0.197766	-0.413071	0.294656	0.418407	0.985377	0.812803	-0.13444	0.333483	0.172861	0.817016	0.519609	-0.36547	0.113782	-0.993853	-0.730899	-0.154061	-0.600249	-0.830419	-0.92027	0.945052	0.079439	-0.240431	0.083452	-0.4754	0.524266	0.163966	0.424616	0.784215	0.011511	0.997183	0.642467	-0.949326	-0.959611	-0.841962	-0.310916	0.970755	0.28413	-0.158593	-0.552286	0.846258	0.590734	0.978709	0.788639	
-0.285958	0.236091	0.36458	0.403195	-0.463279	0.712659	-0.902674	0.588433	-0.823073	0.738383	-0.330311	-0.449899	-0.588994	-0.733565	-0.469638	-0.085962	-0.853663	-0.711995	-0.94406	-0.08494	0.84408	0.665529	-0.762258	-0.665006	0.231568	0.299728	-0.776749	-0.680807	0.905157	-0.910966	-0.873655	0.160135	-0.108521	-0.601737	0.777364	0.618634	0.849316	0.728708	-0.16881	0.245141	-0.04453	-0.3955	-0.097186	0.541562	0.905722	0.982207	0.87882	-0.948024	0.476356	0.585597	
-0.146657	0.55297	0.741727	-0.854821	0.853083	-0.054227	-0.881118	0.868702	0.27815	0.36421	-0.861032	0.183121	-0.159983	-0.423692	-0.521227	0.461299	0.237773	-0.155745	-0.432448	0.233963	-0.968781	-0.29555	-0.616997	-0.746246	-0.039753	0.738718	-0.840785	-0.67217	0.780756	-0.78178	0.09771	0.08442	0.097026	-0.618213	0.997824	0.612975	0.214464	0.860079	-0.058945	-0.021394	0.025483	-0.073616	0.610705	-0.922499	0.826325	0.966101	0.877668	-0.546422	-0.635544	0.56642	
-0.724505	-0.006737	-0.674591	-0.71558	0.472165	0.046588	0.69908	-0.793628	-0.553452	0.536429	-0.04662	-0.107154	0.837608	-0.825627	0.779937	0.99691	-0.218	-0.049635	0.58371	0.262233	0.342973	0.766169	0.5467	-0.940556	0.489673	0.406367	-0.337274	-0.923161	-0.82235	0.647545	-0.657601	-0.365251	0.146948	0.259068	0.107732	0.863084	0.97375	-0.66392	-0.31196	-0.642161	0.296076	-0.465685	-0.167258	0.005126	0.990761	-0.483912	-0.866807	-0.25446	0.202522	0.091448	
0.918928	0.007816	-0.967901	0.972166	-0.677908	-0.076781	0.998628	-0.364969	0.149722	-0.053952	-0.905421	-0.815304	-0.450765	-0.827323	0.668764	0.118604	-0.476769	0.214147	-0.295921	0.5464	0.449729	0.062105	0.036662	0.194832	-0.061917	-0.950516	-0.759232	0.518308	-0.798994	0.450463	0.282928	0.906231	-0.468822	0.702972	0.658921	-0.894367	0.150255	-0.487409	0.435449	0.669796	-0.218318	-0.332346	0.936898	0.252292	-0.188645	0.109387	-0.080271	-0.193243	0.717668	0.121487	
-0.140166	-0.075105	0.61876	0.700306	0.493376	0.408503	0.374957	-0.889194	0.842069	0.027923	-0.835222	0.291818	-0.149336	0.654688	-0.27298	0.485033	-0.981323	0.6453	0.327436	-0.0404	0.268777	0.670877	-0.800318	0.206421	-0.180339	0.903324	-0.398391	-0.852311	-0.186823	-0.37033	-0.419086	0.469949	0.047479	0.845909	-0.151032	0.121074	0.723781	0.087429	-0.292327	-0.828251	-0.523049	-0.762552	0.923616	-0.873116	-0.041484	0.175727	0.306138	-0.309456	-0.095795	0.559098	
-0.844632	-0.060224	-0.618815	-0.177214	-0.394978	-0.281294	-0.070005	0.880258	-0.689406	0.066655	0.251293	-0.353673	-0.225623	0.819907	-0.611879	-0.644157	-0.981791	0.259119	-0.426046	0.659484	0.931686	0.330463	0.5319	-0.995735	-0.040456	-0.912522	-0.618586	0.326262	0.340799	0.409834	-0.587816	-0.99876	0.568139	0.230264	0.524738	0.47227	0.553646	0.980409	-0.358029	-0.899457	0.410681	-0.480695	0.029577	0.362101	-0.93638	-0.188101	0.36256	-0.017795	-0.917746	-0.076392	
0.260794	-0.410842	-0.935713	0.231718	0.934554	-0.138158	0.260007	-0.129413	-0.467961	0.318799	-0.427025	-0.501632	0.067988	-0.063348	0.768054	-0.185789	-0.040617	0.504014	0.863682	0.371031	0.866033	0.738117	0.218119	0.989603	-0.209349	-0.114843	-0.710332	0.472779	-0.759919	-0.599801	0.313924	-0.167311	0.831781	-0.609189	0.429765	0.579992	-0.036181	-0.456549	0.870973	-0.132095	0.605813	-0.195282	-0.135961	0.09018	-0.112643	0.303055	0.98638	0.455678	-0.799711	0.709531	
-0.349257	-0.974744	-0.880251	0.607857	0.028131	0.615974	0.895002	0.545837	0.135234	-0.816169	-0.67831	0.293518	0.5337	-0.721036	0.398276	0.425459	0.642779	0.431611	-0.9868	0.305143	-0.953023	-0.42782	-0.314984	-0.517816	-0.338382	-0.357921	-0.185873	0.372057	-0.009358	-0.755804	0.349795	-0.475492	-0.378623	-0.198334	0.189488	0.304458	-0.079031	-0.732184	-0.229365	-0.896152	-0.904034	0.264742	-0.228546	0.132021	-0.849903	-0.000725	0.978805	0.101838	-0.028644	0.736042	
-0.4827	0.340722	-0.15362	0.004096	-0.801588	-0.396423	-0.343568	-0.015704	-0.435679	-0.456751	-0.157171	0.860396	-0.726506	0.988307	-0.664089	-0.676816	0.564438	-0.526029	-0.737627	-0.773606	0.088488	0.43241	-0.973475	-0.334581	-0.288578	0.870811	0.10028	-0.349352	-0.452871	-0.673483	0.705698	-0.283907	-0.433691	0.650168	-0.374775	0.845967	0.205688	0.358371	0.98387	0.43263	-0.901725	-0.842432	-0.760861	0.867001	-0.314767	-0.963709	0.006889	0.843561	-0.822878	-0.799044	
0.073103	-0.045207	0.054156	0.871525	0.223521	-0.159461	0.422924	-0.731139	0.426758	-0.088186	-0.615555	-0.76017	0.511003	-0.778951	-0.375911	-0.231127	0.322883	-0.577515	-0.159951	0.180589	-0.649277	0.313458	-0.646521	0.009123	-0.328358	-0.157174	-0.025373	0.65255	-0.321897	0.88584	-0.19851	0.975356	-0.005987	-0.225943	-0.204701	0.044648	0.516086	0.947456	0.00209	-0.901721	0.899346	0.925161	-0.144508	0.10151	-0.220519	0.070762	0.806359	0.173395	0.654268	0.455512	
-0.066597	-0.290971	0.924965	-0.262027	-0.01954	-0.609524	0.795728	0.715087	-0.078095	0.394754	-0.953137	0.47425	0.502702	0.523413	-0.587699	-0.345492	0.526591	-0.033763	-0.739196	0.752291	0.739498	0.162024	0.848561	-0.766342	0.645802	0.203891	-0.240015	-0.052113	-0.520877	-0.233919	-0.01291	0.18549	-0.210766	-0.204285	0.937117	-0.863971	-0.428241	0.568674	-0.761291	-0.982326	0.149357	0.829363	-0.001282	-0.753852	0.782137	-0.031277	0.533121	-0.160171	0.479554	0.641143	
-0.516874	-0.306101	0.453137	-0.580045	-0.110431	0.689176	0.266427	0.026419	0.086017	-0.933117	-0.63593	0.507088	0.117183	-0.528257	0.569248	0.244792	-0.794783	0.335887	0.947622	0.436154	0.529897	0.997704	-0.964681	-0.183036	0.559637	0.330673	-0.757452	0.575266	0.561329	0.186786	0.783772	-0.067832	-0.433553	0.476043	-0.592447	-0.067833	-0.729722	0.704999	-0.29645	-0.365951	0.214319	0.770062	0.412923	0.388702	0.292255	-0.839502	-0.852947	-0.090815	-0.70213	-0.838247	
-0.217716	0.788062	0.023443	0.133237	0.237895	0.828157	0.0619	-0.055985	-0.252133	-0.15443	-0.093174	0.512279	-0.899403	0.119723	-0.232936	0.927639	-0.443301	0.88191	-0.40611	-0.934012	0.250011	0.334733	0.257993	0.823311	0.486552	-0.958012	-0.234752	0.986781	-0.349253	0.484101	-0.380975	-0.777986	0.620213	0.360323	0.186726	0.823669	-0.666861	-0.246285	-0.468375	-0.257049	-0.151836	0.308072	0.366281	0.325574	-0.777969	-0.490327	0.300449	0.989199	-0.27937	0.474276	
-0.513635	0.8919	0.763114	0.449089	0.857387	0.656192	0.475584	-0.275268	-0.157761	0.437626	0.996579	-0.414859	0.221002	-0.634507	-0.245913	0.277608	0.058976	-0.735499	-0.037778	0.746266	0.447111	-0.723323	-0.783645	0.69373	0.746597	0.03713	-0.21831	-0.222118	0.807434	0.604301	-0.031638	-0.792918	-0.907033	0.543247	0.566025	0.949985	0.495435	0.077134	-0.60487	-0.796219	-0.730029	0.231894	-0.56497	-0.290168	0.246133	0.107941	0.252388	-0.799961	-0.586515	-0.431648	
0.32739	-0.436997	0.091855	-0.457079	0.746951	0.079046	-0.277334	0.576904	0.966432	0.542271	0.693977	-0.727912	0.484151	0.513156	0.338634	-0.545238	-0.939116	0.202653	-0.392242	0.561924	-0.684393	-0.219065	0.948391	0.532282	-0.5609	-0.066909	0.361941	0.547053	0.943379	0.12815	0.774796	0.996303	-0.931605	0.978398	0.914345	0.656211	0.666168	0.089449	0.720951	0.621587	-0.209743	-0.109151	-0.343031	0.533124	-0.449127	0.191169	-0.530463	0.981373	-0.347171	-0.879109	
-0.525993	0.637908	0.642783	-0.799347	0.908452	-0.307054	-0.645411	-0.397585	-0.359942	-0.309303	-0.273504	0.081361	0.965926	-0.759946	0.545481	0.280365	-0.255299	-0.360133	-0.003573	0.445835	0.117664	-0.622355	0.22162	0.240846	0.906263	0.229758	-0.41135	0.185302	-0.357616	0.285346	-0.075709	-0.856652	0.562812	-0.727784	0.063154	0.240672	-0.196371	-0.640782	-0.269862	0.924931	-0.27982	-0.490999	0.455844	-0.211498	-0.144899	-0.465902	0.409673	-0.491192	0.758877	-0.900779	
0.607941	-0.115092	-0.095116	-0.2173	-0.4715	0.408103	0.844428	0.799494	0.893224	0.391436	0.147991	0.083439	0.161691	-0.56518	-0.549145	-0.31518	-0.541526	-0.878352	-0.539725	-0.540154	-0.348744	0.53464	0.117103	0.624638	0.411976	-0.234027	0.578548	-0.714994	0.699855	-0.611375	-0.453653	0.946601	-0.85079	-0.62192	0.340242	-0.945458	-0.05709	-0.024016	0.658689	0.800707	0.891968	0.647356	-0.058728	-0.352754	-0.906599	0.49226	0.474403	-0.038937	-0.312334	0.605205	
-0.891526	-0.090763	-0.361587	0.778948	0.942363	-0.134207	0.921628	0.60784	-0.917526	0.101855	-0.236929	0.73815	0.483698	-0.743915	0.133789	0.772336	0.768716	-0.525085	-0.215467	-0.099317	0.296611	-0.436977	0.252722	-0.528987	-0.977803	-0.015435	0.050554	-0.498201	-0.262007	0.474012	-0.191884	0.253598	0.976731	0.285993	-0.285791	0.210464	-0.623551	-0.133127	-0.65735	0.678456	-0.745732	-0.734256	-0.655382	-0.693783	0.265655	-0.026114	0.279786	-0.80252	-0.145678	0.029091	
0.051914	0.167663	-0.958997	0.178226	0.914616	0.267234	0.785209	-0.271945	0.675991	-0.691568	-0.627467	0.615824	0.031315	0.837448	0.700062	-0.466299	0.751672	0.841552	0.255292	-0.716016	-0.852962	0.941722	0.155225	-0.821736	0.612169	-0.044252	-0.695239	-0.060849	0.088149	0.148606	0.301065	0.930691	0.591865	-0.242604	-0.238557	-0.77483	0.212145	-0.146385	0.850536	-0.988705	0.680755	-0.251505	-0.208121	0.677518	0.696081	0.44161	-0.902136	-0.638122	0.351491	0.430924	
0.357713	-0.792363	0.85972	-0.501752	-0.80065	-0.940218	0.258604	0.939674	-0.85392	-0.979127	-0.296014	0.249203	0.482334	-0.167272	0.659919	-0.570302	0.391851	-0.36953	0.126633	-0.237971	-0.67984	0.104131	-0.75519	-0.483347	-0.566362	0.515821	-0.311003	-0.254665	0.667463	-0.890616	-0.602685	-0.213431	0.876302	-0.894547	-0.566689	0.404367	0.35597	0.815675	0.948976	-0.266381	0.757726	0.739538	0.968881	-0.510198	0.136903	-0.448332	0.219933	0.338171	0.774922	0.028015	
0.77602	-0.454429	0.676378	0.43026	0.248318	0.657755	0.673748	0.181932	-0.465508	-0.009017	0.524548	0.779265	-0.139236	-0.97757	-0.744605	-0.196375	-0.07097	-0.345847	-0.000613	-0.274996	-0.208499	0.729725	-0.946635	-0.425625	-0.856777	0.781847	-0.222509	0.114881	0.541155	0.38475	-0.028274	-0.858219	0.974723	-0.79088	0.111009	-0.399745	0.145544	0.625123	0.088669	-0.987507	0.321298	0.079387	-0.630259	-0.218103	-0.150051	0.688619	0.033334	0.068713	-0.327152	0.881252	
0.215804	-0.283741	0.387596	-0.175743	-0.464989	0.571196	0.250502	-0.016788	0.899753	0.645143	-0.968019	0.531365	-0.073839	-0.123983	-0.295895	-0.648816	0.762717	-0.205572	0.611496	-0.422252	-0.591353	-0.311014	0.743637	0.361961	-0.009218	0.902297	0.222683	0.317773	-0.084394	-0.20673	-0.647699	0.536671	0.86463	-0.745656	0.238762	-0.407921	-0.216935	-0.595243	-0.180228	-0.041215	0.991522	-0.523729	0.887477	0.765456	0.72051	0.321679	-0.622623	-0.35566	-0.6843	-0.696855	
0.301442	-0.367497	0.177918	-0.782671	-0.995951	-0.781854	-0.194959	-0.953796	-0.693402	0.630541	0.007039	-0.177621	-0.96552	-0.182522	0.038037	-0.812727	-0.562971	0.12148	-0.130341	0.542572	-0.573614	-0.37084	-0.915105	-0.325957	-0.819403	-0.836085	-0.098	0.568632	-0.605016	0.705778	0.594093	0.457604	0.241157	0.301247	0.662723	-0.072156	0.809375	0.244808	-0.435017	0.784377	-0.81663	-0.990659	-0.055106	-0.241658	0.079076	0.487641	0.335364	0.717932	0.501802	-0.141966	
-0.670246	-0.75061	0.562521	0.820371	-0.907493	0.235241	0.660773	-0.166527	-0.628011	0.160056	-0.559331	0.143388	-0.479025	-0.73874	0.041402	0.433139	0.076366	-0.651862	-0.789414	0.559569	-0.515092	0.457206	-0.844956	0.943068	-0.316201	0.667862	-0.325509	0.073084	-0.772883	0.799175	-0.187187	-0.363648	0.696224	-0.246722	-0.503722	0.275892	-0.374209	0.521599	0.268435	0.033673	-0.239478	0.343676	0.975869	-0.514697	-0.990732	-0.545557	0.026895	-0.339539	0.437344	0.739822	
-0.967484	0.605293	-0.47726	0.908824	0.788536	0.065396	-0.979257	0.93586	-0.226803	-0.520392	0.419307	-0.136428	-0.167411	-0.704041	-0.26002	0.578209	-0.172885	-0.959612	0.507795	-0.104764	0.393195	-0.289814	-0.684402	0.425229	-0.668281	0.834106	-0.70323	-0.091864	0.465475	0.216067	0.976406	-0.961278	0.297331	0.212669	-0.773706	-0.638925	0.954915	-0.360412	-0.473483	-0.257647	-0.524523	0.383606	-0.628695	-0.516153	-0.648888	-0.411435	-0.654773	0.608562	0.191603	-0.645994	
-0.241894	-0.298582	-0.402376	-0.262893	-0.144541	-0.010963	-0.668087	0.139598	-0.39246	-0.462795	0.01695	-0.054041	-0.639893	0.54295	0.985823	0.115529	0.422294	-0.375676	-0.039992	0.405894	-0.058696	0.479834	-0.61782	-0.658878	-0.304005	0.384958	-0.234608	0.676471	0.577192	0.247602	0.956467	0.935694	-0.520302	-0.561876	-0.677838	0.150518	0.034348	0.480239	0.213879	-0.71257	0.006431	0.821867	0.922199	-0.886598	-0.010724	-0.420514	0.492829	0.919057	0.658666	-0.446069	
0.805247	-0.303499	0.682367	-0.822884	-0.725659	0.804626	0.981031	0.974585	-0.569069	0.822852	0.723506	-0.688026	0.099937	0.586603	-0.307672	0.646681	0.005362	-0.663679	0.647767	-0.957658	-0.13666	0.750579	-0.002929	0.844793	-0.640254	0.735528	-0.591372	0.207318	0.078449	-0.230152	-0.623631	0.771012	0.638352	0.556859	-0.101976	0.276543	-0.221741	0.039701	0.208737	0.619687	0.980668	-0.959364	-0.479527	0.934681	0.426783	0.002794	0.221736	0.003293	-0.756495	-0.917966	
0.915079	0.391786	0.093247	0.518598	0.388698	0.836735	0.182438	-0.412221	-0.392636	-0.272524	-0.23794	0.687501	0.99774	-0.34842	0.799799	0.22449	0.279302	0.752718	-0.150037	0.825547	-0.988918	-0.973199	0.703523	-0.52776	0.066859	-0.41848	0.29431	0.763336	0.940604	0.477201	-0.262256	-0.146711	0.782485	-0.84508	-0.371219	-0.317671	-0.71987	-0.21208	0.802214	-0.011892	0.313831	0.265496	0.418239	0.456382	0.20309	-0.104251	0.694785	-0.995219	-0.43055	0.068763	
0.520624	-0.953816	0.523718	0.567981	-0.53519	0.443949	0.207128	0.280916	0.325578	0.884473	0.875653	-0.310093	-0.432089	-0.714911	0.064369	0.263689	0.185252	0.358035	0.285279	0.89664	0.097531	0.548644	-0.557284	0.950212	-0.723835	-0.149624	0.771997	0.767011	-0.234378	0.196513	-0.036588	0.383442	-0.321724	-0.372608	0.381239	-0.612562	0.320045	0.436375	-0.967934	0.351002	0.004962	0.11069	-0.382964	0.99022	-0.165179	-0.47279	0.18324	0.336702	0.131039	0.83053	
0.660743	0.371074	-0.423925	0.167788	-0.176838	-0.810758	0.053032	0.472909	-0.594832	0.956282	-0.730903	0.931662	-0.726004	-0.350958	-0.707192	-0.705519	-0.451214	-0.495717	0.80993	-0.953714	-0.361179	-0.994983	-0.293341	-0.864208	0.32286	-0.265362	0.119257	0.41165	0.635205	-0.543782	-0.059017	-0.869937	0.295074	-0.945507	0.918517	0.450178	0.183255	-0.608963	-0.805265	0.222039	-0.586427	0.781509	-0.807031	-0.819653	0.045692	0.860952	0.464656	0.727412	-0.469662	-0.132175	
-0.947353	0.188081	0.673699	0.527379	-0.154396	0.813289	0.625738	-0.911683	-0.807954	-0.089476	-0.661833	-0.653019	-0.243707	-0.891523	0.16961	0.428908	0.187261	-0.631328	0.502774	0.009614	-0.499443	0.543082	0.442478	0.386774	-0.074053	-0.619876	0.202922	-0.515801	-0.968412	0.256024	-0.352064	-0.052532	0.580019	-0.219939	0.142582	0.114134	0.094915	0.424147	0.809813	0.745996	-0.048767	0.9386	-0.039553	0.655707	-0.434714	0.853464	-0.475291	-0.179311	-0.985215	-0.69988	
0.015778	0.026322	0.034035	0.034032	0.012263	0.007465	0.011844	0.024428	0.023731	0.030735	0.015517	0.030144	0.02709	0.023208	0.020129	0.024217	0.007432	0.000812	0.033302	0.009495	0.019581	0.012234	0.036359	0.040366	0.034821	0.038633	0.000419	2.7e-05	0.010276	0.002789	0.008497	0.03985	0.013304	0.032493	0.029091	0.005189	0.019499	0.012687	0.003348	7.8e-05	0.017931	0.033251	0.000494	0.026958	0.041995	0.017236	0.026297	0.013241	0.028252	0.022825	
0.002948	0.007899	0.007266	0.026461	0.032639	0.001048	0.01125	0.008726	0.035455	0.005649	0.031899	0.026203	0.004508	0.016775	0.010414	0.005936	0.018777	0.028279	0.024127	0.026255	0.006401	0.013772	0.036144	0.032704	0.008683	0.002376	0.028545	0.016383	0.032218	0.037031	0.026548	0.024077	0.003216	0.006466	0.032619	0.012673	0.017363	0.025023	0.022674	0.034074	0.010893	0.028749	0.030543	0.021895	0.006435	0.030867	0.036659	0.033709	0.021658	0.027088	
0.024285	0.026131	0.030917	0.032939	0.0178	0.032117	0.026745	0.000366	0.030616	0.00163	0.009665	0.010705	0.011012	0.037919	0.007703	0.017115	0.037999	0.012312	0.003503	0.007298	0.025762	0.007695	0.010534	0.036106	0.026697	0.009735	0.000732	0.002212	0.023621	0.034433	0.012177	0.02233	0.018232	0.023419	0.015932	0.021357	0.006327	0.017868	0.036276	0.038596	0.033025	0.027854	0.034568	0.018801	0.010668	0.027926	0.021216	0.017961	0.033453	0.00571	
0.035422	0.024855	0.039136	0.009922	0.019536	0.039454	0.03091	0.029498	0.019485	0.004553	0.011357	0.009758	0.023061	0.032869	0.00939	0.006158	0.019229	0.012788	0.015014	0.009399	0.025718	0.015525	0.002597	0.008352	0.004417	0.013008	0.009043	0.002267	0.013721	0.019024	0.002865	0.038549	0.018542	0.038387	0.038897	0.030797	0.01844	0.02986	0.030219	0.029381	0.001892	0.020747	0.013779	0.011241	0.008481	0.021253	0.032855	0.020132	0.038418	0.039799	
0.002146	0.007606	0.003135	0.030185	0.026814	0.00765	0.01799	0.032204	0.036342	0.025874	0.017146	0.011936	0.018233	0.034493	0.028409	0.017073	0.002207	0.030941	0.018572	0.023459	0.032626	0.029597	0.033005	0.025505	0.00298	0.024114	0.018782	0.022359	0.030399	0.033612	0.002122	0.030086	0.010875	0.01074	0.029519	0.025897	0.035371	0.006949	0.01817	0.03179	0.007395	0.014642	0.024348	0.019293	0.012396	0.014936	0.008846	0.036498	0.006039	0.008694	
0.011883	0.040431	0.038038	0.034243	0.005663	0.030006	0.039962	0.017996	0.02016	0.000193	0.030895	0.000933	0.01292	0.033881	0.029886	0.014151	0.006753	0.008578	0.021688	0.016613	0.020532	0.010192	0.032307	0.024287	0.020834	0.004105	0.029777	0.034793	0.014484	0.015737	0.01833	0.034667	0.004894	0.000448	0.012288	0.02629	0.025511	0.005403	0.010919	0.025261	0.03877	0.028655	0.025613	0.01902	0.036624	0.004063	0.015938	0.000506	0.027644	0.017235	
0.026093	0.008019	0.038618	0.039082	0.035255	0.01776	0.001532	0.008703	0.038873	0.018928	0.00629	0.022326	0.020608	0.011683	0.014991	0.030093	0.014473	0.032662	0.001712	0.001132	0.033637	0.02774	0.011153	0.025897	0.012747	0.029211	0.016945	0.02236	0.037232	0.006609	0.020072	0.029563	0.033882	0.017146	0.009	0.011276	0.01808	0.031321	0.017003	0.038727	0.031782	0.005307	0.018799	0.028078	0.037234	0.005773	0.005995	0.004477	0.010435	0.013686	
0.01063	0.007342	0.037652	0.030907	0.029562	0.014146	0.004809	0.026201	0.024212	0.015285	0.037129	0.007538	0.033085	0.003432	0.030008	0.001982	0.024804	0.009063	0.008914	0.027073	0.009736	0.014773	0.017478	0.025715	0.012943	0.035186	0.02579	0.03808	0.016162	0.022477	0.0123	0.024311	0.032	0.031539	0.034859	0.032082	0.001558	0.007251	0.031544	0.029031	0.013	0.036341	0.014341	0.017187	0.025992	0.024492	0.001395	0.002505	0.021439	0.004719	
0.008425	0.016561	0.010838	0.014383	0.008393	0.01824	0.008619	0.030868	0.037134	0.026857	0.01709	0.023334	0.006524	0.019673	0.002185	0.007183	0.034659	0.02477	0.038228	0.000231	0.030821	0.027234	0.02449	0.011238	0.000747	0.02744	0.017274	0.024924	0.008783	0.041024	0.032598	0.033097	0.022353	0.009436	0.016521	0.004009	0.022948	0.007481	0.029673	0.020876	0.007538	0.023606	0.031756	0.038131	0.008012	0.023522	0.013226	0.022127	0.034049	0.030871	
0.025245	0.028352	0.032978	0.006041	0.00717	0.030431	0.03152	0.024527	0.003562	0.006723	0.021052	0.014312	0.013233	0.030344	0.003809	0.015712	0.024692	0.031332	0.017565	0.007585	0.02108	0.028844	0.019288	0.030758	0.026479	0.018236	0.030208	0.016733	0.029657	0.030009	0.026623	0.01323	0.018971	0.000963	0.023009	0.021199	0.02118	0.012128	0.029789	0.032857	0.005738	0.003073	0.010524	0.028211	0.000315	0.024546	0.014425	0.029092	0.025975	0.030675	
0.011839	0.021842	0.005324	0.032461	0.027629	0.037907	0.030933	0.001628	0.0182	0.007637	0.002212	0.004135	0.012814	0.029963	0.023623	0.014589	0.038475	0.027252	0.02716	0.005742	0.009016	0.013137	0.027197	0.038342	0.016773	0.03665	0.014003	0.012327	0.022516	0.034827	0.001891	0.024538	0.017947	0.028509	0.035005	0.012365	0.022384	0.007693	0.027143	0.028457	0.003636	0.038387	0.010285	0.012423	0.008227	0.019737	0.025435	0.001476	0.032698	0.035611	
8.7e-05	0.03967	0.021875	0.028021	0.00346	0.003052	0.028471	0.031274	0.006663	0.027227	0.025963	0.019389	0.007556	0.026121	0.023083	0.033008	0.013607	0.034167	0.022708	0.031096	0.0002	0.036276	0.025132	0.038766	0.040658	0.008929	0.014841	0.014541	0.004731	0.0332	0.002908	0.005985	0.015486	0.018713	0.025198	0.002735	0.037496	0.019654	0.009146	0.010558	0.007196	0.019897	0.026164	0.011793	0.015638	0.004449	0.039621	0.039858	0.002528	0.041205	
0.00796	0.022305	0.007528	0.006464	0.041637	0.01864	0.039316	0.027808	0.00605	0.01675	0.015502	0.006936	0.010799	0.017306	0.020795	0.019442	0.003919	0.034107	0.007105	0.040246	0.000148	0.024642	0.031607	0.012092	0.029738	0.033705	0.021594	0.041411	0.016251	0.013086	0.036822	0.008438	0.007619	0.004988	0.035823	0.033427	0.002682	0.028265	0.007592	0.004851	0.002954	0.010331	0.030564	0.033408	0.033582	0.039595	0.016672	0.024284	0.030291	0.012923	
0.028382	0.010053	0.011727	0.024391	0.037056	0.013296	0.007546	0.032003	0.002848	0.026482	0.024307	0.003036	0.039057	0.009946	0.025216	0.038571	0.016333	0.018014	0.011274	0.028224	0.024215	0.034529	0.025656	0.013776	0.020757	0.030087	0.011714	0.036689	0.010564	0.008243	0.037633	0.035583	0.033582	0.034613	0.021036	0.002945	0.02473	0.016435	0.004196	0.002936	0.003143	0.005672	0.036911	0.02446	0.008138	0.029354	0.026681	0.010492	0.004525	0.012943	
0.036639	0.003388	0.008498	0.002305	0.026934	0.004332	0.010153	0.036604	0.034237	0.002044	0.012116	0.040172	0.024651	0.007875	0.021514	0.011641	0.015394	0.013923	0.018406	0.024263	0.036363	0.025402	0.036108	0.037332	0.025718	0.009435	0.016585	0.020717	0.019188	0.030271	0.016429	0.020204	0.013791	0.002057	0.032813	0.022201	0.027981	0.028694	0.02465	0.011399	0.036371	0.036285	0.025576	0.017908	0.00261	0.010933	0.030032	1e-06	0.022388	0.005469	
0.013748	0.039471	0.021729	0.004781	0.016343	0.007082	0.016755	0.02916	0.000114	0.029669	0.011185	0.009991	0.03884	0.03087	0.015806	0.007674	0.015653	0.027228	0.007928	0.006212	0.037534	0.034348	0.032939	0.016718	0.020668	0.017715	0.021823	0.031883	0.018948	0.03719	0.004095	0.023403	0.033171	0.014306	0.000484	0.001274	0.021195	0.008353	0.029918	0.012518	0.034804	0.007746	0.009364	0.035007	0.026715	0.039341	0.018147	0.023727	0.004618	0.031809	
0.03279	0.00909	0.026086	0.035907	0.037778	0.01964	0.010603	0.021891	0.022117	0.026707	0.033864	0.032695	0.006799	0.030793	0.012022	0.005857	0.002071	0.025953	0.002443	0.014988	0.027918	0.003364	0.009194	0.035701	0.014163	0.016854	0.030192	0.036206	0.020456	0.013657	0.005504	0.035316	0.029974	0.018647	0.008137	0.011035	0.017324	0.001688	0.037557	0.036956	0.008418	0.031593	0.01303	0.036567	0.006853	0.013353	0.021412	0.0048	0.025339	0.018698	
0.008001	0.021072	0.025264	0.016413	0.003635	0.028534	0.00339	0.029435	0.000735	0.032998	0.030777	0.011187	0.032958	0.024111	0.014969	0.001234	0.02728	0.022734	0.035998	0.03689	0.009955	0.03625	0.017456	0.013634	0.007506	0.035845	0.038412	0.030998	0.03389	0.001499	0.026387	0.029603	0.016735	0.012059	0.005593	0.010877	0.030924	0.0311	0.029043	0.007302	0.007711	0.009079	0.006297	0.019849	0.037279	0.015701	0.006929	0.006571	0.025006	0.032895	
0.006697	0.003684	0.020628	0.020691	0.006744	0.012274	0.022662	0.039435	0.035181	0.021963	0.012878	0.022183	0.034414	0.029336	0.032577	0.017756	0.039737	0.033768	0.00739	0.031115	0.000921	0.001418	0.025516	0.033632	0.011474	0.026307	0.000231	0.029111	0.006159	0.035675	0.036927	0.019747	0.00086	0.004541	0.001494	0.010955	0.015267	0.035515	0.024671	0.012631	0.022084	0.034355	0.007602	0.028787	0.008498	0.027683	0.030365	0.01256	0.040435	0.003466	
0.034731	0.032113	0.033765	0.012446	0.037441	0.035977	0.002723	0.025597	0.005731	0.006296	0.021674	0.005648	0.0084	0.00276	0.018319	0.009505	0.035064	0.000805	0.030973	0.040254	0.040154	0.017583	0.014011	0.003794	0.016258	0.024884	0.007971	0.025405	0.00927	0.036152	0.009177	0.030496	0.000895	0.030943	0.017291	0.023293	0.015974	0.008555	0.009582	0.001924	0.026205	0.018671	0.010301	0.018143	0.040905	0.037001	0.02804	0.017424	0.029436	0.03004	
0.020142	0.021592	0.026989	0.034066	0.024541	0.030624	0.006649	0.026464	0.002587	0.026038	0.025646	0.032966	0.021326	0.036436	0.040043	0.013616	0.01336	0.016123	0.038745	0.010188	0.02662	0.007719	0.005281	0.024271	0.005983	0.01009	0.025058	0.030806	0.025777	0.019945	0.02068	0.022798	0.01571	0.028067	0.011215	0.038097	0.023749	0.019465	0.011036	0.026198	0.003111	9e-06	0.017668	0.008659	0.017554	0.004989	0.017961	0.023523	0.029485	0.010335	
0.010619	0.013132	0.021988	0.002085	0.030485	0.019935	0.033608	0.016283	0.020137	0.011664	0.008465	0.014019	0.004819	0.027707	0.000498	0.024361	0.012196	0.039246	0.0215	0.022335	0.020047	0.029545	0.02292	0.02767	0.023301	0.021352	0.016528	0.034224	0.014124	0.010631	0.029039	0.013782	0.021116	0.015935	0.002541	0.030011	0.021615	0.000428	0.014698	0.028412	0.015467	0.028732	0.031818	0.008523	0.02012	0.022266	0.03915	0.025507	0.032601	0.022815	
0.003028	0.005924	0.026414	0.021516	0.002022	0.029067	0.010275	0.021537	0.008256	0.025708	0.012257	0.008736	0.016232	0.013513	0.024651	0.031851	0.024023	0.007674	0.022006	0.011146	0.037803	0.021997	0.03576	0.028722	0.031507	0.033971	0.025574	0.000914	0.017907	0.022911	0.016011	0.027234	0.026582	0.005992	0.01714	0.032625	0.025186	0.034133	0.012121	0.024389	0.023688	0.003083	0.025776	0.007913	0.020783	0.03709	0.003143	0.002876	0.037737	0.033596	
0.028988	0.02859	0.029784	0.012094	0.030001	0.005614	0.016338	0.012941	0.007209	0.004786	0.013008	0.013913	0.033142	0.019494	0.020538	0.024832	0.013535	0.029842	0.011431	0.02031	0.028792	0.025154	0.029321	0.030091	0.032974	0.019636	0.026183	0.023117	0.00016	0.006755	0.012773	0.027442	0.000771	0.009533	0.027565	0.020365	0.017552	0.018674	0.016164	0.027736	0.014045	0.025074	0.026202	0.014947	0.023614	0.025118	0.027108	0.028503	0.021632	0.016609	
0.007064	0.000434	0.037114	0.026448	0.003961	0.030092	0.004489	0.00052	0.005287	0.008448	0.004274	0.020999	0.035941	0.017614	0.019958	0.026964	0.00155	0.043294	0.004326	0.010729	0.02487	0.015199	0.040026	0.029663	0.008099	0.033228	0.011132	0.000375	0.044566	0.039901	0.02488	0.02651	0.017183	0.007562	0.009652	0.009572	0.034322	0.009358	0.015989	0.028405	0.041233	0.002121	0.007137	0.022811	0.016807	0.02745	0.023779	0.042156	0.043678	0.03283	
0.016986	0.034739	0.002766	0.025755	0.031391	0.031622	0.029836	0.028751	0.029316	0.034134	0.002779	0.019065	0.027634	0.02103	0.019769	0.034661	0.024966	0.038008	0.00741	0.020213	0.007455	0.022624	0.011216	0.025976	0.013855	0.026289	0.010677	0.011789	0.002611	0.030487	0.024638	0.013484	0.024009	0.001106	0.007805	0.00623	0.009838	0.030311	0.018173	0.020332	0.032892	0.001843	0.019499	0.002533	0.002829	0.017045	0.03053	0.032571	0.025095	0.035427	
0.000296	0.012815	0.029191	0.030516	0.031578	0.019513	0.023441	0.012455	0.020912	0.024222	0.009898	0.036334	0.009941	0.019668	0.038229	0.030893	0.03746	0.035762	0.002614	0.022711	0.01952	0.030495	0.017128	0.002374	0.010407	0.009804	0.015419	0.03718	0.03757	0.012597	0.019595	0.030648	0.030888	0.017584	0.038568	0.038306	0.008292	0.021562	0.005213	0.010748	0.003468	0.021828	0.03048	0.015344	0.003787	0.020763	0.008795	0.023961	0.006142	0.003085	
0.010583	0.020128	0.024001	0.025655	0.035126	0.036245	0.027523	0.002445	0.015769	0.03305	0.031888	0.0316	0.012912	0.020071	0.016343	0.009597	0.002949	0.022705	0.019578	0.010469	0.019584	0.021612	0.008818	0.036619	0.025063	0.03119	0.023644	0.00833	0.022911	0.01475	0.014426	0.0039	0.036054	0.005659	0.023429	0.008023	0.01199	0.034449	0.01257	0.008746	0.024196	0.034657	0.010128	0.030928	0.016544	0.027551	0.019083	0.003841	0.036498	0.01617	
0.038137	0.002468	0.01313	0.006521	0.038092	0.003158	0.000849	0.01873	0.040856	0.038825	0.019475	0.002499	0.029305	0.00307	0.034022	0.02838	0.042629	0.0031	0.030865	0.002223	0.020072	0.002453	0.021508	0.028321	0.042653	0.010306	0.015047	0.026602	0.029305	0.028883	0.021139	0.0031	0.022303	0.007562	0.006845	0.039352	0.013206	0.000748	0.002358	0.018935	0.026216	0.031575	0.040754	0.006281	0.039034	0.027914	0.015601	0.015161	0.014743	0.025689	
0.027909	0.042077	0.026094	0.020085	0.039733	0.012382	0.012782	0.009744	0.002972	0.028802	0.004295	0.009638	0.032559	0.005461	0.020373	0.000388	0.043681	0.03007	0.00223	0.041949	0.020441	0.005197	0.033566	0.002091	0.009852	0.030084	0.039284	0.003752	0.039494	0.029797	0.011242	0.020015	0.008762	0.006318	0.043732	0.003784	0.027943	0.015828	0.03357	0.018209	0.025252	0.031827	0.028451	0.01676	0.019524	0.00796	0.007839	0.00679	0.033551	0.005861	
0.02803	0.008821	0.01553	0.016453	0.00331	0.032091	0.004796	0.020545	0.031292	0.014014	0.004118	0.024699	0.034223	0.0062	0.012717	0.009081	0.019654	0.030437	0.033585	0.007415	0.037886	0.036856	0.005486	0.008004	0.011567	0.020794	0.03523	0.038774	0.009669	0.033283	0.00227	0.00659	0.027662	0.025501	0.03613	0.00996	0.008923	0.023619	0.03023	0.020924	0.012813	0.032655	0.028026	0.034048	0.005232	0.027705	0.027544	0.026866	0.002132	0.01661	
0.018582	0.01903	0.027367	0.035086	0.017307	0.037157	0.028827	0.011998	0.002458	0.011771	0.027935	0.018994	0.012777	0.01989	0.004445	0.01139	0.026389	0.034882	0.024692	0.026097	0.015732	0.003954	0.011272	0.029791	0.034082	0.02508	0.025732	0.021578	0.016273	0.031979	0.029533	0.013534	0.019963	0.02671	0.002908	0.031966	0.011226	0.013488	0.020862	0.013323	0.022515	0.031299	0.00111	0.020366	0.027532	0.002591	0.036732	0.01955	0.007437	0.014808	
0.029411	0.002957	0.033321	0.006448	0.022728	0.016264	0.022064	0.017553	0.013537	0.005717	0.001613	0.028512	0.016188	0.025868	0.023381	0.007949	0.021378	0.000237	0.024226	0.027599	0.005897	0.009668	0.027524	0.034849	0.012325	0.029957	0.022431	0.022786	0.000944	0.028612	0.010882	0.009331	0.029267	0.035206	0.020532	0.011994	0.010669	0.033857	0.030351	0.01343	0.02589	0.026628	0.023055	0.029474	0.015256	0.030815	0.032781	0.012316	0.021353	0.034969	
0.002854	0.013613	0.005753	0.038923	0.018745	0.005353	0.033074	0.012707	0.031158	0.03067	0.008239	0.031608	0.004021	0.009901	0.036836	0.004754	0.015571	0.035564	0.024373	0.03087	0.002402	0.001906	0.029528	0.029366	0.010905	0.021228	0.032177	0.027936	0.005763	0.000166	0.001074	0.036747	0.026792	0.03328	0.013637	0.017217	0.018903	0.021054	0.009807	0.025241	0.002097	0.01532	0.027695	0.039526	0.033505	0.03039	0.042269	0.000737	0.012393	0.036352	
0.006109	0.026744	0.018277	0.036844	0.017082	0.01602	0.032359	0.027089	0.031024	0.003763	0.005984	0.016503	0.010747	0.036015	0.009965	0.017706	0.027411	0.003326	0.039771	0.004105	0.03876	0.027229	0.002714	0.033283	0.00217	0.013931	0.00507	0.029923	0.020652	0.007116	0.023747	0.031284	0.023249	0.036449	0.028601	0.032895	0.034723	0.029482	0.015326	0.00087	0.0026	0.001391	0.038581	0.032382	0.002162	0.017793	0.035042	0.004538	0.021188	0.020005	
0.019458	0.029927	0.002943	0.021372	0.023699	0.036672	0.003625	0.008752	0.032435	0.030065	0.015171	0.016068	0.012042	0.004717	0.014483	0.027946	0.027572	0.010852	0.009714	0.034476	0.018194	0.005305	0.000962	0.037759	0.023784	0.002359	0.020912	0.02307	0.026621	0.018939	0.019229	0.033811	0.018519	0.030839	0.013269	0.011984	0.032677	0.039852	0.020797	0.033091	0.002803	0.021	0.007395	0.038025	0.000439	0.040071	0.003086	0.02131	0.034049	0.01786	
0.027576	0.037139	0.032126	0.003547	0.015182	0.035822	0.03318	0.03253	0.023185	0.033083	0.031228	0.008425	0.008272	0.029508	0.00672	0.027454	0.02299	0.008414	0.007779	0.012597	0.002095	0.018904	0.033107	0.037849	0.003016	2e-06	0.005442	0.030967	0.010563	0.004814	0.034129	0.030662	0.033666	0.031403	0.037155	0.014814	0.024954	0.025759	0.007212	0.014879	0.022707	0.011996	0.014921	0.004832	0.010024	0.007925	0.025296	0.02841	0.011537	0.024203	
0.027041	0.022371	0.016165	0.024363	0.009134	0.014838	0.02646	0.02987	0.031616	0.002547	0.033373	0.002515	0.027963	0.01806	0.026963	0.033627	0.023861	0.038258	0.014616	0.00742	0.029486	0.016286	0.021304	0.013613	0.032079	0.020686	0.026383	0.011169	0.022662	0.016184	0.000878	0.034112	0.005519	0.012946	0.036509	0.014058	0.007832	0.004898	0.011674	0.018458	0.017774	0.018287	0.01197	0.026619	0.016054	0.036562	0.022437	0.015723	0.024119	0.022658	
0.029188	0.006844	0.026069	0.042861	0.038012	0.026908	0.021682	0.030623	0.005037	0.006518	0.013537	0.025742	0.024876	0.02841	0.018933	0.006333	0.006798	0.043528	0.024516	0.010738	0.004335	0.016828	0.024576	0.010571	0.016683	0.005089	0.008813	0.015955	0.010989	0.038424	0.046062	0.016966	0.025956	0.030722	0.042172	0.005896	0.036674	0.004487	0.018783	0.017065	0.001647	0.031421	0.019178	0.016491	0.019079	0.009565	0.021097	0.029699	0.003488	0.014136	
0.032993	0.026245	0.033015	0.035521	0.007852	0.01379	0.030909	0.016251	0.030748	0.013097	0.021796	0.025024	0.029997	0.003462	0.014352	0.009385	0.00824	0.041098	0.001981	0.004293	0.02405	0.036125	0.003497	0.036038	0.022065	0.019039	0.00344	0.011802	0.037964	0.004208	0.015447	0.025103	0.010539	0.03554	0.033645	0.00809	0.007018	0.00148	0.0344	9.6e-05	0.025541	0.021954	0.022957	0.023365	0.010328	0.021195	0.033488	0.033683	0.021408	0.016446	
0.02837	0.017651	0.023723	0.022641	0.008791	0.031067	0.00311	0.011632	0.013651	0.000506	0.025325	0.03275	0.032245	0.026723	0.030715	0.016987	0.038058	0.021411	0.035372	0.03385	0.026183	0.011879	0.012729	0.02024	0.041844	0.007097	0.016593	0.001339	0.00361	0.028778	0.019781	0.035606	0.026162	0.008227	0.036738	0.003677	0.000242	0.005682	0.019727	0.014251	0.033599	0.039764	0.013371	0.021266	0.027677	0.008615	0.000187	0.036746	0.011446	0.012366	
0.024312	0.013665	0.002198	0.038624	0.027788	0.004188	0.009049	0.033776	0.011801	0.018624	0.024784	0.03554	0.031242	0.015857	0.028805	0.020652	0.023283	0.038686	0.00601	0.034279	0.015208	0.028604	0.025626	0.009377	0.028438	0.018654	0.006296	0.013669	0.008012	0.013927	0.014151	0.017342	0.025069	0.005267	0.04157	0.024703	0.010645	0.004049	0.026822	0.013983	0.015958	0.010032	0.015336	0.021972	0.016542	0.018037	0.022431	0.023613	0.038969	0.022535	
0.033711	0.010558	0.019171	0.040095	0.008754	0.013233	0.018028	0.005013	0.024899	0.016016	0.015446	0.016631	0.018559	0.041039	0.024972	0.007726	0.009428	0.009677	0.006761	5e-05	0.003037	0.023039	0.035944	0.013523	0.019951	0.020328	0.032375	0.005354	0.016201	0.024474	0.043609	0.018159	0.018629	0.022917	0.030034	0.032386	0.043545	0.008308	0.006703	0.025768	0.021177	0.044733	0.005209	0.033158	0.033811	0.014377	0.003895	0.022678	0.011729	0.025182	
0.006072	0.023234	0.00141	0.00485	0.001393	0.012638	0.021344	0.02949	0.021756	0.003164	0.038296	0.008341	0.008967	0.029014	0.033377	0.011551	0.032647	0.01756	0.037643	0.024472	0.022581	0.032764	0.025869	0.036595	0.031455	0.006218	0.035172	0.029307	0.024683	0.020024	0.016578	0.003089	0.004795	0.013415	0.029934	0.024316	0.006085	0.020922	0.027558	0.025929	0.013866	0.035338	0.025359	0.009458	0.016964	0.02339	0.004409	0.033824	0.005098	0.027786	
0.033232	0.022381	0.0041	0.034589	0.033592	0.037526	0.027623	0.026216	0.00434	0.034507	0.026557	0.021887	0.008554	0.031885	0.020892	0.030243	0.001202	0.007205	0.028416	0.00793	0.018095	0.023635	0.00178	0.034524	0.02404	0.000869	0.029899	0.018515	0.026322	0.01797	0.024584	0.011865	0.007553	0.022396	0.029749	0.009732	0.00392	0.016866	0.007697	0.021031	0.028729	0.030891	0.023173	0.003287	0.016682	0.030092	0.020191	0.019846	0.015386	0.017804	
0.021766	0.041081	0.023741	0.043355	0.021843	0.027097	0.007759	0.017939	0.036113	0.002751	0.019401	0.000921	0.013063	0.002301	0.007283	0.011909	0.011495	0.016636	0.002887	0.030574	0.017947	0.042607	0.01566	0.040808	0.011045	0.011759	0.019698	0.034222	0.014525	0.009857	0.009533	0.026879	0.01872	0.037272	0.025676	0.017509	0.039297	0.003304	0.031598	0.018861	0.039032	0.035006	0.023757	0.014681	0.021	0.009262	0.018496	0.003563	0.016261	0.01225	
0.021828	0.006649	0.032492	0.032769	0.02802	0.029637	0.018326	0.011163	0.027379	0.013332	0.024873	0.032684	0.001256	0.002299	0.013708	0.00743	0.025903	0.019341	0.023854	0.021067	0.005581	0.018695	0.018031	0.029743	0.002408	0.033334	0.03453	0.000474	0.017795	0.010814	0.014593	0.017387	0.032625	0.027195	0.032846	0.025999	0.002423	0.034586	0.032107	0.000381	0.015461	0.026978	0.025334	0.034586	0.013908	0.033175	0.016692	0.010364	0.020523	0.017422	
0.016235	0.029013	0.033594	0.005789	0.001613	0.032334	0.002866	0.004665	0.02801	0.001081	0.01639	0.027334	0.015953	0.039015	0.016667	0.003626	0.015969	0.004935	0.032135	0.035725	0.02459	0.027818	0.007027	0.029722	0.006445	0.035016	0.010914	0.025806	0.017204	0.022824	0.024073	0.031263	0.014577	0.027091	0.032796	0.023504	0.015954	0.018383	0.032143	0.008257	0.023253	0.00643	0.038576	0.029309	0.009167	0.026326	0.003327	0.011021	0.035698	0.018537	
0.029445	0.014788	0.007327	0.006755	0.030267	0.017333	0.037325	0.003338	0.037166	0.004865	0.030439	0.038798	0.011236	0.040957	0.014141	0.034875	0.040063	0.000988	0.039482	0.026734	0.025606	0.004441	0.042564	0.017366	0.012932	0.009168	0.035667	0.018593	0.010805	0.001873	0.028934	0.032018	0.035612	0.012743	0.009461	0.015398	0.034029	0.018845	0.0016	0.000614	0.02128	0.026736	0.002391	0.018616	0.018946	0.012499	0.005953	0.014575	0.023007	0.021406	
0.034906	0.028588	0.02107	0.006251	0.00875	0.023361	0.020567	0.030972	0.002629	0.010089	0.03767	0.02358	0.00647	0.036071	0.01492	0.026682	0.02206	0.025063	0.000407	0.002867	0.00371	0.030301	0.016367	0.030081	0.023506	0.03271	0.010737	0.013998	0.008811	0.040387	0.028842	0.040569	0.040928	0.022365	0.02074	0.037831	0.005374	0.00928	0.039599	0.028008	0.036601	0.017826	0.033327	0.005848	0.010994	0.011894	0.000508	0.005329	0.000749	0.009807	
0.037909	0.001087	0.024705	0.002873	0.028301	0.014142	0.036654	0.012601	0.036879	0.01795	0.019112	0.022627	0.039172	0.027992	0.018244	0.027278	0.005493	0.033989	0.035792	0.029801	0.007324	0.029506	0.008646	0.005425	0.025883	0.010629	0.03797	0.032427	0.000867	0.006581	0.019002	0.005497	0.018483	0.036813	0.016088	0.003565	0.012302	0.00198	0.026198	0.033601	0.038973	0.004823	0.016133	0.030912	0.002452	0.018192	0.009479	0.017926	0.022742	0.02698	
0.028783	0.00235	0.004768	0.023233	0.007911	0.025109	0.03416	0.026041	0.029015	0.004565	0.029372	0.025497	0.008522	0.019548	0.00722	0.007238	0.033235	0.030428	0.028179	0.03487	0.009122	0.001949	0.009181	0.031089	0.026836	0.014406	0.001059	0.018646	0.016178	0.029612	0.032177	0.009844	0.021951	0.03006	0.033694	0.003142	0.030916	0.016379	0.020486	0.002031	0.03009	0.012869	0.010897	0.028604	0.02373	0.029605	0.018826	0.032144	0.014481	0.029952	
0.023827	0.018901	0.029433	0.039642	0.031071	0.034856	0.003475	0.008439	0.010486	0.004103	0.02249	0.04248	0.033068	0.006863	0.021611	0.026242	0.019151	0.038385	0.020563	0.04087	0.007393	0.018332	0.007989	0.042574	0.025028	0.011047	0.016929	0.003583	0.011084	0.00328	0.002457	0.04015	0.013324	0.009724	0.001331	0.001088	0.038154	0.002205	0.03323	0.040044	0.026923	0.01852	0.005543	0.035738	0.018842	0.001606	0.017883	0.028655	0.039749	0.001639	
0.037947	0.02673	0.010061	0.028664	0.010827	0.010757	0.039397	0.00647	0.025291	0.030676	0.022527	0.019974	0.024393	0.020746	0.017291	0.011688	0.012831	0.030105	0.0003	0.009407	0.020459	0.019018	0.010074	0.008216	0.023155	0.004639	0.027396	0.023471	0.018313	0.005295	0.021728	0.006109	0.014008	0.024469	0.036809	0.029262	0.021628	0.018016	0.024884	0.000421	0.02921	0.009478	0.039348	0.03442	0.030853	0.004558	0.018361	0.025666	0.014052	0.040602	
0.004922	0.000221	0.034079	0.024736	0.012976	0.016261	0.005619	0.015013	0.024056	0.042496	0.034167	0.004205	0.027212	0.033427	0.013077	0.005856	0.037827	0.011543	0.004162	0.006207	0.034466	0.026628	0.004058	0.040891	0.001925	0.019978	0.03197	0.013319	0.012395	0.037239	0.022449	0.033384	0.036565	0.04187	0.00586	0.010988	0.010305	0.017986	0.03557	0.027389	0.026468	0.005052	0.036618	0.019898	0.009969	0.010478	0.043953	0.001959	0.004757	0.017551	
0.031859	0.019115	0.021206	0.000149	0.006351	0.017905	0.029013	0.003745	0.031046	0.016327	0.017231	0.020905	0.000966	0.005479	0.014335	0.038465	0.024105	0.009432	0.030291	0.023447	0.002602	0.030264	0.02396	0.032742	0.023598	0.031831	0.001391	0.014157	0.022937	0.017957	0.013947	0.033128	0.005378	0.027368	0.037898	0.00202	0.019149	0.03076	0.014852	0.025518	0.030835	0.024698	0.026733	0.019237	0.004898	0.027962	0.039264	0.031701	0.02155	0.000293	
0.014829	0.03195	0.009109	0.018215	0.004492	0.013173	0.030878	0.028962	0.007445	0.011044	0.015785	0.030358	0.024541	0.022671	0.024547	0.0025	0.031226	0.032153	0.024677	0.032508	0.025717	0.000249	0.00532	0.026454	0.033649	0.036102	0.031469	0.029237	0.02397	0.007069	0.004347	0.028516	0.029158	0.000847	0.021979	0.020807	0.019928	0.008285	0.007363	0.035436	0.013186	0.016895	0.026789	0.027358	0.018141	0.004267	0.034851	0.005705	0.032872	0.012971	
0.023631	0.005295	0.024125	0.019395	0.029176	0.005655	0.008246	0.036014	0.003417	0.028527	0.023751	0.034669	0.018994	0.002769	0.035282	0.025476	0.009982	0.015595	0.018065	0.023402	0.006497	0.02445	0.003641	0.030595	0.034429	0.000395	0.032005	0.032457	0.007369	0.034923	0.017133	0.024186	0.014949	0.012981	0.022894	0.035609	0.009933	0.014966	0.029143	0.020354	0.005566	0.015049	0.021282	0.011594	0.026924	0.031962	0.018253	0.009719	0.036788	0.022488	
0.008582	0.038036	0.032034	0.021402	0.027065	0.003219	0.028659	0.023738	0.010679	0.003851	0.020419	0.034668	0.027068	0.0133	0.032466	0.02474	0.032364	0.010152	0.010565	0.033887	0.016172	0.000562	0.016795	0.03159	0.01855	0.00738	0.009952	0.02614	0.03032	0.028439	0.010348	0.025708	0.030302	0.026063	0.013875	0.001722	0.023718	0.032052	0.009562	0.010958	0.010572	0.007397	0.038828	0.015871	0.030645	0.022678	0.009523	0.017726	0.029328	0.01033	
0.035233	0.027871	0.037371	0.008865	0.016242	0.031809	0.010954	0.005632	0.005192	0.025852	0.001262	0.003129	0.031625	0.002483	0.027136	0.035763	0.010336	0.028056	0.005156	0.012897	0.043391	0.022907	0.038379	0.013574	0.034245	0.001016	0.028343	0.009534	0.002328	0.032853	0.017805	0.036029	0.036174	0.020459	0.007705	0.021198	0.01586	0.026063	0.030439	0.025526	0.02095	0.033077	0.000263	0.000652	0.024413	0.002434	0.034809	0.007169	0.028449	0.021092	
0.010171	0.022587	0.020808	0.037164	0.00975	0.035471	0.028461	0.022597	0.018834	0.023774	0.010001	0.024055	0.020229	0.005459	0.002902	0.015583	0.037226	0.008075	0.004523	0.031684	0.022724	0.006359	0.037326	0.016534	0.013788	0.033915	0.01997	0.0041	0.040059	0.037895	0.021374	0.022797	0.026921	0.019765	0.022519	0.022257	0.031394	0.008916	0.017867	0.016319	0.03977	0.007604	0.033078	0.00028	0.022702	0.013193	0.015554	0.002736	0.006588	0.026342	
0.01747	0.004433	0.011791	0.024415	0.022007	0.004419	0.024372	0.027774	0.01449	0.017045	0.000251	0.017583	0.025784	0.024045	0.017438	0.005306	0.032467	0.034377	0.001926	0.004624	0.008743	0.033943	0.017763	0.030752	0.031677	0.010017	0.025714	0.035285	0.0356	0.010255	0.031936	0.006882	0.031879	0.027808	0.009778	0.029021	0.037317	0.023735	0.014389	0.003288	0.032449	0.036039	8.1e-05	0.009499	0.014106	0.034147	0.030437	0.012059	0.026382	0.017002	
0.032645	0.002094	0.007424	0.013573	0.031281	0.001802	0.000601	0.006495	0.029225	0.028215	0.036923	0.037995	0.015689	0.004401	0.03468	0.008206	0.016035	0.017655	0.023094	0.026964	0.03818	0.008843	0.023148	0.036488	0.016494	0.013858	0.017058	0.019834	0.001924	0.005236	0.019406	0.033029	0.007692	0.019477	0.024628	0.032272	0.019942	0.029685	0.014187	0.013518	0.012255	0.033908	0.019419	0.035659	0.017485	0.01408	0.021629	0.035132	0.02437	0.016167	
0.015374	0.00703	0.03753	0.025484	0.023397	0.020061	0.014468	0.003847	0.031764	0.038392	0.008362	0.037649	0.002712	0.011032	0.001043	0.037963	0.002804	0.006199	0.009588	0.036516	0.003369	0.01094	0.026323	0.006147	0.008665	0.02373	0.013834	0.037838	0.04104	0.01147	0.03272	0.005069	0.028377	0.041105	0.027972	0.018712	0.016352	0.023352	0.008518	0.028846	0.006998	0.018872	0.037656	0.027219	0.026492	0.026407	0.037515	0.014982	0.004617	0.013648	
0.001657	0.008838	0.014486	0.022796	0.031678	0.013581	0.036857	0.042524	0.010688	0.023143	0.041839	0.023274	0.004682	0.013842	0.043219	0.02918	0.000892	0.041116	0.009898	0.010351	0.026848	0.038424	0.038531	0.000993	0.037619	0.005414	0.030314	0.011204	0.023224	0.012706	0.024522	0.028113	0.037807	0.011645	0.017331	0.004748	0.019559	0.012027	0.001663	0.037485	0.001321	0.016965	0.005007	0.003662	0.029198	0.035091	0.022503	0.025138	0.009242	0.007155	
0.026832	0.018364	0.013603	0.023142	0.014598	0.007847	0.026742	0.013383	0.031609	0.02176	0.012919	0.022411	0.0264	0.030787	0.019976	0.022254	0.029837	0.01455	0.014612	0.018715	0.013229	0.00872	0.031601	0.030806	0.005652	0.002069	0.019226	0.018937	0.016722	0.03451	0.011343	0.02612	0.001481	0.006823	0.003409	0.029073	0.0315	0.036486	0.029048	0.031727	0.010615	0.036163	0.016126	0.00592	0.023192	0.017169	0.026912	0.000244	0.029338	0.035498	
0.029871	0.031161	0.002381	0.008379	0.013344	0.011593	0.031127	0.002301	0.007756	0.030974	0.031984	0.017036	0.023883	0.04031	0.012854	0.032855	0.025712	0.010775	0.009052	0.014648	0.040539	0.01587	0.032257	0.032414	0.010608	0.01821	0.026187	0.012056	0.031644	0.010665	0.016971	0.027564	0.037322	0.03819	0.000817	0.002327	0.029479	0.001243	0.026584	0.015248	0.000993	0.005613	0.031523	0.013733	0.017	0.038008	0.006717	0.037124	0.001305	0.033793	
0.002756	0.035636	0.02622	0.036122	0.017403	0.015354	0.008979	0.027798	0.006133	0.02324	0.016058	0.020286	0.032313	0.0264	0.030592	0.014814	0.035282	0.021226	0.011238	0.034725	0.02328	0.030201	0.009154	0.016681	0.01521	0.010082	0.03048	9.3e-05	0.019788	0.008044	0.005901	0.035991	0.035277	0.029797	0.004611	0.009244	0.023671	0.020515	0.017863	0.031548	0.034055	0.025183	0.004077	0.023046	0.017846	0.006216	0.00672	0.026653	0.003951	0.032247	
0.004598	0.005648	0.033187	0.015668	0.035076	0.035448	0.042663	0.020103	0.023107	0.039335	0.022069	0.032474	0.030866	0.001603	0.009473	0.035149	0.001459	0.014469	0.026586	0.000397	0.019828	0.008945	0.032851	0.006992	0.037532	0.032849	0.019418	0.023715	0.01119	0.034011	0.004152	0.03022	0.022937	0.015104	0.011872	0.002021	0.012991	0.00508	0.038236	0.02861	0.005334	0.018886	0.008651	0.02789	0.034664	0.004431	0.006262	0.027303	0.000768	0.037879	
0.001423	0.031983	0.03345	0.041374	0.039826	0.006345	0.040735	0.028793	0.020638	0.041703	0.021092	0.03727	0.035715	0.000778	0.001554	0.020568	0.020576	0.031839	0.024726	0.005178	0.009794	0.022115	0.003802	0.02431	0.034955	0.01602	0.014166	0.031102	0.005793	0.036164	0.001133	0.022503	0.00341	0.009406	0.019059	0.00105	0.027493	0.006524	0.018452	0.021232	0.011982	0.02259	0.010473	0.007709	0.021434	0.031836	0.033573	0.008789	0.028125	0.00944	
0.022007	0.021587	0.017125	0.008486	0.024794	0.015277	0.021785	8.2e-05	0.037675	0.034604	0.024669	0.025755	0.035031	0.006677	0.000994	0.006304	0.030819	0.037156	0.031205	0.031877	0.039346	0.02006	0.010462	0.004585	0.030795	0.000667	0.023067	5.8e-05	0.026343	7.2e-05	0.037642	0.000757	0.004202	0.029178	0.011827	0.02942	0.001007	0.016682	0.02007	0.011963	0.007316	0.027115	0.02585	0.015587	0.012462	0.029406	0.038476	0.030749	0.035678	0.025249	
0.023407	0.002055	0.040242	0.043362	0.021693	0.002357	0.024589	0.025912	0.022415	0.018553	0.029491	0.014067	0.029819	0.02058	0.038456	0.02585	0.032989	0.009079	0.020002	0.014911	0.026711	0.009983	0.01413	0.013242	0.002904	0.028853	0.00968	0.043241	0.011794	0.000833	0.011102	0.014932	0.003987	0.02329	0.017155	0.03575	0.020124	0.020894	0.020666	0.016758	0.023931	0.016735	0.027032	0.018574	0.033761	0.012002	0.035175	0.022599	0.002249	0.002084	
0.020243	0.024467	0.010107	0.000384	0.020718	0.009926	0.012067	0.032518	0.006311	0.025235	0.027396	0.015628	0.033673	0.009975	0.030374	0.011912	0.020914	0.024413	0.012362	0.018195	0.001472	0.008167	0.019607	0.021877	0.009748	0.016878	0.017184	0.011511	0.033352	0.026826	0.025331	0.021411	0.027604	0.03413	0.030635	0.007166	0.03872	0.014535	0.038507	0.018995	0.015689	0.02282	0.038099	0.036641	0.001025	0.001235	0.017628	0.027299	0.033632	0.015458	
0.025578	0.003026	0.006709	0.032402	0.014087	0.004886	0.029792	0.033257	0.002846	0.001222	0.022987	0.017899	0.025467	0.033475	0.024907	0.037902	0.015568	0.009549	0.027485	0.033503	0.001667	0.037421	0.0272	0.013631	0.019201	0.033659	0.025347	0.006621	0.016036	0.002734	0.028922	0.025275	0.016899	0.038001	0.00497	0.012769	0.034163	0.026629	0.02088	0.021726	0.032948	0.006904	7.9e-05	0.00441	0.038602	0.017354	0.004357	0.026008	0.026379	0.026661	
0.019814	0.000844	0.035667	0.012724	0.036601	0.014122	0.015453	0.031873	0.011119	0.033156	0.022059	0.004776	0.008776	0.026162	0.029431	0.010274	0.021775	0.031337	0.015117	0.012725	0.020382	0.026713	0.031395	0.01641	0.033412	0.027326	0.022264	0.034943	0.018603	0.002373	0.012235	0.02379	0.014618	0.033476	0.001518	0.032836	0.030784	0.0332	0.020419	0.020485	0.025649	0.012129	0.011542	0.006421	0.023588	0.009614	0.002112	0.003185	0.018566	0.036207	
0.020642	0.025873	0.001723	0.032298	0.021138	0.034333	0.005235	0.014705	0.035777	0.022362	0.003909	0.026831	0.034723	0.020095	0.027691	0.014843	0.000985	0.018015	0.032612	0.006191	0.001841	0.020512	0.026988	0.03183	0.005115	0.035493	0.009243	0.013821	0.037786	0.015905	0.025935	0.035891	0.016441	0.019426	0.003849	0.020654	0.015541	0.019681	0.01356	0.031181	0.015171	0.004527	0.018925	0.010987	0.026123	0.029528	0.014421	0.014485	0.028256	0.036903	
0.018901	0.015048	0.025953	0.020736	0.010215	0.024631	0.035245	0.028897	0.018396	0.030449	0.033934	0.02721	0.006644	0.023402	0.020426	0.021747	0.02019	0.0087	0.019352	0.019746	0.020803	0.03545	0.024242	0.025266	0.011817	0.034938	0.003494	0.002102	0.001361	0.02029	0.013713	0.021239	0.015475	0.016834	0.002281	0.015552	0.017946	0.024871	0.034375	0.014607	0.012597	0.0176	0.006572	0.035659	0.032592	0.023083	0.026134	0.01301	0.022184	0.024091	
0.016636	0.035753	0.023977	0.035426	0.016928	0.034186	0.032375	0.026357	0.005826	0.022968	0.007086	0.025046	0.000839	0.009563	0.004337	0.005566	0.000989	0.032656	0.010954	0.020029	0.012152	0.015086	0.002721	0.03511	0.008843	0.008492	0.035054	0.026587	0.035169	0.018542	0.032118	0.03234	0.010158	0.033486	0.027572	0.028234	0.03272	0.015675	0.016971	0.007623	0.014277	0.030933	0.016067	0.013411	0.039004	0.01176	0.00123	0.012227	0.022844	0.036097	
0.012687	0.005206	0.035035	0.038206	0.038614	0.004846	0.003612	0.0206	0.036192	0.014239	0.013813	0.021845	0.008016	0.020695	0.029227	0.028447	0.017335	0.036831	0.001074	0.012003	0.020571	0.02212	0.012972	0.028627	0.036939	0.033357	0.009459	0.011736	0.023111	0.015462	0.028847	0.036139	0.017491	0.026891	0.001672	0.009203	0.027267	0.003949	0.027465	0.022391	0.031069	0.024177	0.00418	0.025984	0.02394	0.02311	0.00039	0.012741	0.036257	0.00396	
0.014012	0.001709	0.031655	0.02838	0.021376	0.039854	0.034183	0.00176	0.014834	0.003811	0.008536	0.02216	0.008139	0.039523	0.011447	0.012574	0.020037	0.005885	0.001556	0.039945	0.020953	0.007752	0.005371	0.007095	0.024936	0.035953	0.013938	0.011563	0.037622	0.037498	0.018215	0.021195	0.038836	0.001812	0.018243	0.016588	0.020214	0.037877	0.019393	0.014337	0.032497	0.033273	0.038166	0.032514	0.001653	0.013114	0.036142	0.00888	0.020334	0.01266	
0.012493	0.01853	0.034757	0.029137	0.037043	0.017154	0.002071	0.022806	0.030597	0.03212	0.006074	0.024394	0.034307	0.019599	0.022012	0.02728	0.037159	0.023559	0.030204	0.002535	0.029292	0.033128	0.020104	0.025593	0.005678	0.005229	0.005338	0.006796	0.032374	0.013061	0.022916	0.019863	0.008239	0.022849	0.01772	0.023346	0.009859	0.022245	0.008255	0.008772	0.038474	0.012127	0.020994	0.003632	0.017661	0.024959	0.020412	0.02799	0.017775	0.011488	
0.040922	0.003867	0.029371	0.036357	0.040576	0.009835	0.009987	0.018028	0.037571	0.02002	0.010072	0.008025	0.003487	0.026138	0.014045	0.008557	0.009439	0.014631	0.008249	0.01268	0.001533	0.036185	0.037155	0.034937	0.040781	0.008518	0.000633	0.001459	0.008021	0.011601	0.010013	0.005682	0.039522	0.035661	0.040052	0.013973	0.037669	0.019575	0.006058	0.00248	0.006023	0.034718	0.006216	0.032128	0.034718	0.026886	0.017694	0.039866	0.038891	0.009495	
0.040135	0.026572	0.039572	0.039066	0.0361	0.037522	0.022848	0.007105	0.003902	0.01287	0.023112	0.009363	0.023953	0.004939	0.038527	0.026477	0.013857	0.0293	0.009486	0.014365	0.000447	0.027115	0.007479	0.01437	0.037063	0.03486	0.010327	0.03008	0.011336	5.4e-05	0.015093	0.016036	0.00523	0.001555	0.024141	0.002548	0.007826	0.002953	0.030686	0.034665	0.019795	0.010748	0.025661	0.007603	0.036204	0.023734	0.02611	0.021673	0.031125	0.024412	
0.024239	0.027691	0.029224	0.032554	0.027052	0.020654	0.010015	0.034975	0.018578	0.013232	0.014604	0.026664	0.011868	0.031588	0.029739	0.022751	0.035525	0.007393	0.01576	2e-05	0.018639	0.02506	0.005871	0.037076	0.028872	0.015111	0.008812	0.014763	0.036399	0.033801	0.036881	0.001297	0.02978	0.010338	0.031703	0.022051	0.024219	0.018783	0.020843	0.010085	0.001668	0.011726	0.004709	0.021702	0.01142	0.012241	0.024742	0.019145	0.004962	0.023175	
0.007773	0.007457	0.00102	0.034891	0.018103	6.6e-05	0.013433	0.036455	0.023287	0.029842	0.022583	0.020962	0.035652	0.007199	0.033181	0.039963	0.020646	0.008411	0.002263	0.000412	0.006761	0.019716	0.028915	0.005858	0.004926	0.040898	0.000268	0.000914	0.012758	0.034253	0.027592	0.013563	0.045304	0.008386	0.028058	0.039569	0.025109	0.034505	6.4e-05	0.002295	0.040304	0.022409	0.030228	0.024205	0.037003	0.010248	0.030295	0.018881	0.021964	0.021152	
0.032965	0.002979	0.010192	0.023164	0.005316	0.014248	0.019658	0.032497	0.011899	0.011411	0.014343	0.017102	0.000993	0.020558	0.008002	0.007023	0.029517	0.02909	0.03396	0.028179	0.026414	0.017819	0.03529	0.023881	0.034617	0.02602	0.034667	0.026886	0.015403	0.027811	0.01597	0.007498	0.001665	0.037333	0.030366	0.013208	0.007981	0.012301	0.0352	0.012507	0.02184	0.03157	0.023312	0.025453	0.030859	0.005733	0.028799	0.005876	0.003071	0.027554	
0.016097	0.003285	0.005257	0.019128	0.015355	0.000846	0.010596	0.034713	0.019648	0.011428	0.038294	0.022336	0.02103	0.005917	0.017424	0.024825	0.02824	0.030134	0.03588	0.028271	0.035215	0.0245	0.030045	0.027308	0.003508	0.006829	0.032136	0.020441	0.007343	0.020529	0.010802	0.037875	0.036057	0.0023	0.006708	0.035091	0.027668	0.035236	0.022002	0.021845	0.026733	0.025484	0.004804	0.004853	0.002663	0.023353	0.011384	0.014292	0.022766	0.031526	
0.027558	0.004337	0.031472	0.012785	0.037246	0.036369	0.002966	0.000607	0.026207	0.024365	0.00891	0.018675	0.02645	0.03694	0.034277	0.027464	0.007266	0.009409	0.013513	0.0024	0.01761	0.010867	0.024977	0.025631	0.010603	0.031402	0.016446	0.033494	0.033342	0.018161	0.01382	0.025286	0.021761	0.016677	0.009058	0.012552	0.01362	0.011042	0.011082	0.014261	0.014126	0.020989	0.031015	0.012944	0.035877	0.027393	0.024206	0.019985	0.020022	0.032535	
0.008562	0.011229	0.037598	0.020834	0.002198	0.025242	0.014999	0.012117	0.000615	0.00848	0.02055	0.02284	0.005667	0.020613	0.020415	0.02758	0.018751	0.017307	0.016349	0.009864	0.023399	0.028271	0.019372	0.012145	0.037521	0.003887	0.034391	0.023984	0.034337	0.037226	0.04221	0.035836	0.016481	0.001124	0.006766	0.011967	0.001793	0.02356	0.034997	0.026855	0.023104	0.0283	0.040698	0.033602	0.035097	0.000292	0.0223	0.007433	0.012104	0.019138	
0.012233	0.007418	0.010417	0.027416	0.003323	0.02993	0.018584	0.02345	0.029518	0.034992	0.019706	0.023521	0.002609	0.008354	0.030383	0.005858	0.016597	0.019834	0.01808	0.007885	0.005925	0.027047	0.006972	0.034668	0.036078	0.018667	0.035056	0.009943	0.007087	0.035357	0.01013	0.026741	0.020925	0.036007	0.024393	0.017605	0.03046	0.035091	0.024936	0.004097	0.019878	0.035333	0.012405	0.025806	0.016338	0.011679	0.01674	0.033971	0.030102	0.000455	
0.011233	0.002671	0.026902	0.039882	0.009238	0.034708	0.028695	0.037569	0.000225	0.036345	0.011142	0.007351	0.029775	0.023395	0.012481	0.031822	0.009401	7.7e-05	0.011493	0.014931	0.020918	0.017266	0.021288	0.023087	0.022089	0.038711	0.021914	0.018055	0.019214	0.024167	0.038184	0.018804	0.015779	0.002443	0.017647	0.029619	0.032454	0.030088	0.026625	0.009616	0.014422	0.021118	0.017741	0.030453	0.025241	0.009918	0.004371	0.018522	0.002769	0.028141	
0.02151	0.031947	0.026866	0.007979	0.034948	0.017695	0.005896	0.001176	0.011029	0.005589	0.023122	0.02685	0.025996	0.001717	0.027404	0.008759	0.00269	0.035165	0.017509	0.027291	0.015784	0.024737	0.013832	0.028786	0.03463	0.029859	0.019936	0.01379	0.015123	0.025143	0.017804	0.030321	0.015053	0.013062	0.021486	0.023403	0.015177	0.01941	0.021886	0.028457	0.035594	0.004065	0.018847	0.030146	0.034356	0.016817	0.011798	0.029625	0.004673	0.025262	
0.029175	0.006145	0.037396	0.007294	0.001178	0.035422	0.032579	0.015009	0.033479	0.000745	0.012271	0.037307	0.000659	0.024756	0.00798	0.004685	0.024901	0.020724	0.012098	0.016129	0.034186	0.015859	0.026737	0.038621	0.001955	0.036707	0.029447	0.018135	0.031961	0.016564	0.020527	0.028218	0.014973	0.032647	0.033469	0.009391	0.003407	0.014512	0.034137	0.003816	0.016729	0.011032	0.025759	0.006162	0.016405	0.00269	0.024453	0.035279	0.029479	0.026811	
0.039358	0.018478	0.021126	0.005981	0.000444	0.030605	0.008396	0.021002	0.013785	0.020338	0.032907	0.024828	0.008114	0.028245	0.035051	0.035673	0.02088	0.010857	0.017825	0.035892	0.019827	0.020284	0.007743	0.009665	0.036763	0.03139	0.001229	0.014844	0.013029	0.003611	0.032089	0.009854	0.037938	0.031749	0.019894	0.034033	0.019335	0.026569	0.029604	0.011493	0.013375	0.001787	0.01197	0.027174	0.01606	0.012816	0.000495	0.028221	0.023009	0.024365	
0.010792	0.007532	0.010872	0.02828	0.015216	0.037731	0.019564	0.033331	0.040823	0.0033	0.034254	0.000465	0.040202	0.024615	0.018531	0.026089	0.019241	0.013735	0.038153	0.021569	0.035206	0.018217	0.001126	0.001971	0.031658	0.026781	0.003894	0.030328	0.003465	0.004116	0.011953	0.027805	0.010259	0.038035	0.015958	0.017706	0.010703	0.041312	0.034872	0.008661	0.00911	0.009062	0.023734	0.002933	0.02223	0.015638	0.003589	0.038312	0.026058	0.031013	
0.020092	0.01668	0.030888	0.036416	0.007434	0.00732	0.006053	0.022357	0.031866	0.022996	0.033128	0.00416	0.039606	0.016406	0.037036	0.023889	0.002533	0.037197	0.026147	0.027959	0.021942	0.021592	0.018777	0.023458	0.000903	0.016542	0.038826	0.030329	0.004412	0.027009	0.012917	0.036868	0.004203	0.010015	0.00604	0.023621	0.031026	0.012389	0.002257	0.037171	0.031082	0.030318	0.004553	0.008582	0.026469	0.012188	0.024626	0.012549	0.007475	0.011698	
0.005243	0.011517	0.002707	0.0315	0.034863	0.026856	0.019501	0.024276	0.005944	0.022226	0.014279	0.005348	0.019367	0.029959	0.022534	0.028909	0.023696	0.027738	0.025687	0.027135	0.012678	0.025911	0.021075	0.03218	0.015369	0.002472	0.024112	0.024857	0.014781	0.024285	0.013406	0.034861	0.017525	0.024216	0.030835	0.004395	0.028336	9.6e-05	0.024237	0.00479	0.020555	0.024463	0.01408	0.012536	0.032703	0.01125	0.018007	0.0341	0.034024	0.00858	
0.004437	0.003687	0.021993	0.012659	0.015607	0.002704	0.035151	0.01485	0.027875	0.024645	0.010839	0.014152	0.011277	0.040409	0.010711	0.004384	0.041745	0.011349	0.012547	0.001137	0.03345	0.020615	0.016971	0.021434	0.017793	0.037273	0.014663	0.032533	0.019328	0.019842	0.032315	0.02722	0.025879	0.003242	0.002919	0.040218	0.012308	0.024097	0.001902	0.031858	0.010914	0.008211	0.042548	0.020124	0.035427	0.03412	0.013124	0.029957	0.02373	0.023827	
0.040024	0.033947	0.034501	0.01433	0.006514	0.033658	0.010791	0.003485	0.006769	0.015705	0.016816	0.034939	0.018975	0.007638	0.017324	0.006811	0.000607	0.017565	0.028966	0.024415	0.019574	0.026015	0.005747	0.004962	0.030486	0.013563	0.00259	0.043143	0.013659	0.001045	0.013263	0.033636	0.031609	0.029222	0.008719	0.042157	0.013409	0.030312	0.027697	0.01711	0.007945	0.034944	0.032336	0.029207	0.005514	0.022278	0.027872	0.02858	0.010516	0.01911	
0.019558	0.013553	0.012372	0.002661	0.005714	0.005136	0.032177	0.034754	0.038636	0.027669	0.03978	0.021776	0.028516	0.014837	0.014851	0.024958	0.043	0.032142	0.038468	0.010232	0.036189	0.024161	0.000891	0.007067	0.001963	0.004353	0.007544	0.009731	0.040015	0.016588	0.001299	0.008341	0.024254	0.042675	0.017015	0.013874	0.023263	0.021333	0.01701	0.008547	0.021007	0.012946	0.015691	0.028483	6e-05	0.038411	0.002726	0.03968	0.013639	0.040454	
0.45