50
2
0.093778	0.595798	0.640804	-0.7559	0.204004	0.051029	-0.072183	-0.057109	0.265426	0.851328	0.631006	0.888884	0.83917	-0.170338	0.651624	0.89252	0.256092	-0.49546	0.184702	0.720808	-0.903095	0.709597	0.440428	-0.408053	-0.029187	0.688551	0.204982	-0.685708	0.052204	-0.624806	0.340894	0.097498	-0.687148	0.864992	0.085907	0.305114	0.342695	0.63789	-0.972883	0.69569	-0.129856	-0.045086	0.430528	0.680383	-0.773494	0.224724	-0.557285	-0.920554	-0.438686	-0.412694	
-0.733019	0.445923	-0.593205	0.581703	0.445794	-0.306706	-0.561546	-0.530541	-0.781314	0.879757	0.08236	0.791649	0.773154	-0.972726	0.737739	-0.397089	0.895898	-0.967846	0.952585	0.628798	-0.363689	-0.40311	-0.177416	-0.32	0.901001	-0.123174	-0.384483	0.381532	-0.818351	0.901274	0.668225	0.438263	0.444881	-0.771287	-0.038142	0.135108	-0.382651	0.593198	0.763598	0.407704	0.907652	-0.196437	0.0425	0.555283	-0.976962	0.12661	-0.014054	0.294492	0.740794	0.192051	
-0.314831	-0.344437	0.614442	0.810858	0.299083	-0.46001	-0.934221	-0.901755	-0.074808	-0.663124	0.846368	0.125414	-0.68169	-0.281556	-0.906506	-0.202475	0.882217	0.523072	-0.212348	0.572015	-0.331418	-0.661562	0.355621	0.691453	-0.225612	-0.651374	0.134596	0.968034	0.058293	-0.123608	0.827489	0.464984	-0.707629	-0.598785	-0.155804	-0.794066	0.204073	-0.50935	0.963742	-0.838527	0.271609	-0.773476	-0.487656	-0.352413	0.333928	0.626041	0.671928	-0.348972	0.696876	0.612533	
0.985334	0.926471	-0.499123	0.904169	-0.383865	0.494667	-0.593939	-0.503035	0.442445	-0.134471	-0.662249	-0.458361	0.907541	-0.119578	-0.203599	-0.202563	-0.540215	0.121075	-0.072967	-0.346476	0.688455	0.361533	-0.02796	0.145341	0.602591	-0.057755	0.361478	-0.08726	-0.503421	0.478729	-0.727879	0.929475	-0.511896	-0.874002	-0.411893	0.208811	-0.469061	0.270596	0.196504	-0.449202	0.347725	0.598672	0.898983	0.162438	-0.542776	-0.438556	0.996378	0.745428	0.028426	-0.525087	
0.300412	0.435361	-0.36355	-0.242486	-0.601456	0.279392	-0.023939	-0.71507	0.038662	0.219492	0.128264	-0.131206	-0.611419	0.836277	0.591357	-0.519199	-0.051272	-0.70615	-0.198042	0.576027	0.046151	0.832015	-0.888582	0.781003	0.846612	-0.096034	0.406975	-0.068504	-0.73277	-0.953464	-0.459582	0.50177	-0.65064	0.554862	-0.881875	0.104266	-0.771255	-0.584554	-0.940003	0.252495	-0.51364	0.178878	0.241645	-0.177663	0.810476	0.052179	0.057603	0.236196	0.297382	-0.046916	
-0.895931	0.815718	0.570833	-0.412211	0.800466	-0.037956	-0.267159	0.989774	0.740353	0.8662	-0.871456	0.624783	-0.101236	-0.790348	0.758541	0.390846	-0.764826	0.918199	0.911877	-0.374683	0.920998	-0.422586	-0.566383	-0.077635	0.794167	-0.653276	-0.324564	0.341971	0.793844	0.867162	-0.174274	0.100891	0.437158	0.435562	0.080291	0.992819	0.059595	0.894037	0.572544	0.898816	-0.776756	-0.931965	0.115527	-0.63375	0.846697	0.895389	-0.54884	0.61102	0.525716	0.345431	
0.100612	-0.360657	-0.084203	-0.826555	-0.892308	-0.080299	-0.034778	-0.846558	-0.458037	-0.329665	0.861304	0.045806	0.435433	0.188531	-0.671301	0.771274	0.758036	-0.149888	-0.50228	-0.362113	0.014288	-0.712374	0.845035	0.161688	0.886024	0.14532	0.739608	0.128121	-0.877875	0.564037	0.628395	-0.64057	0.250324	-0.292037	-0.326826	0.098572	0.708188	-0.242878	-0.715001	0.985158	-0.585277	-0.207191	0.77676	-0.151349	0.829494	-0.978641	-0.570424	-0.272883	-0.111241	0.120956	
-0.374805	0.704996	0.859485	-0.620482	0.808864	-0.814608	-0.399847	0.998405	-0.565428	0.335514	0.25217	0.154609	-0.938235	0.603841	0.166112	0.611804	0.403077	-0.182445	0.999762	-0.699911	0.003904	-0.283863	-0.642734	0.232813	0.651652	0.814842	-0.318423	0.393111	-0.065027	0.204261	-0.500342	-0.572954	0.96023	-0.666619	-0.753733	-0.116404	-0.857418	-0.659604	0.77613	0.200324	-0.677881	0.802529	0.408505	0.731432	-0.673383	0.779501	-0.65469	0.883407	0.135321	-0.837933	
-0.313333	-0.111408	0.408081	0.381617	-0.180133	-0.577494	-0.52461	0.652879	0.127014	0.553428	-0.087143	0.413787	-0.07945	-0.940477	0.162418	-0.177806	0.163082	-0.56294	-0.577317	0.780934	-0.225386	0.008629	-0.998979	0.168786	-0.632724	0.191455	-0.244989	0.599958	0.645199	0.903775	0.170772	0.269987	-0.60815	0.255741	-0.974764	-0.164588	0.880162	0.21953	0.29793	-0.049119	0.706437	0.437882	-0.14935	-0.93422	0.331887	-0.28005	0.179818	0.439059	-0.441035	-0.256115	
0.47366	-0.855947	-0.515468	0.146941	0.79174	0.224201	-0.108336	0.166019	-0.049975	-0.03633	-0.029605	-0.405298	0.469468	-0.364284	-0.961007	0.034516	-0.440014	-0.573047	0.0463	-0.936495	-0.402418	-0.941026	-0.066373	-0.417551	-0.080583	-0.630944	-0.165599	-0.682754	0.514204	0.874591	-0.187447	-0.443206	-0.259595	0.797434	-0.032341	0.979955	0.10348	-0.79518	0.975663	0.387498	0.73758	0.25429	0.764614	-0.369309	0.936422	0.773904	-0.48411	0.508294	0.59155	0.560874	
-0.115709	0.746603	0.204383	-0.442132	0.956701	0.374428	-0.135427	-0.90034	0.095387	0.82874	0.266352	-0.774157	0.237921	-0.16936	-0.805131	0.735605	-0.599808	0.865862	-0.457727	0.644612	0.411077	-0.6028	-0.485719	-0.406435	0.090446	0.746416	-0.171413	0.106841	-0.257791	-0.31849	-0.11713	0.137932	-0.095806	0.864302	0.598819	0.496201	0.963284	0.577265	-0.60884	0.735381	-0.622218	0.397274	0.20723	0.965695	-0.627372	-0.115659	0.216037	-0.676268	-0.201594	-0.923418	
0.834666	0.883469	0.939405	0.569983	0.716575	0.522751	0.806111	-0.302597	-0.845138	0.572124	-0.827867	0.473635	-0.862933	0.114091	-0.269234	0.969085	-0.043952	0.102659	-0.202272	-0.918078	0.40347	-0.540764	0.198369	-0.389255	-0.572092	0.156469	0.016924	0.614952	0.665286	0.748541	-0.511644	-0.758877	0.498488	0.015931	-0.586536	0.198257	0.502761	-0.252331	-0.623533	0.906951	-0.980757	0.504069	0.520083	-0.096221	-0.154527	-0.727482	0.737283	-0.69033	0.527023	0.261404	
-0.338074	-0.112369	0.942899	0.246017	-0.723111	0.41071	-0.436731	-0.898644	-0.755901	0.642355	-0.207334	0.277897	0.418266	-0.333921	-0.522178	-0.433588	0.507195	0.324623	0.550346	0.262382	0.424279	-0.66181	-0.686791	-0.149438	-0.994399	0.484591	0.864739	-0.18305	-0.20608	0.257028	-0.974335	0.006509	0.420335	-0.67901	0.065953	-0.077421	0.41512	-0.798826	-0.280593	-0.337746	0.280064	-0.857416	0.872982	0.055466	-0.161778	-0.30114	0.639536	0.967942	-0.648127	-0.194068	
-0.203053	0.945755	-0.487948	0.656222	-0.341837	0.271814	0.919868	0.859794	-0.210987	0.626476	0.904894	0.402265	-0.594222	-0.477899	-0.367573	0.794562	-0.290403	0.635722	-0.411733	0.309922	0.6422	-0.595294	0.49364	0.387378	-0.088178	-0.388204	-0.633812	-0.085579	-0.052408	0.148652	-0.283896	0.617219	-0.775275	0.96934	-0.348127	0.75869	-0.708819	-0.32616	-0.663369	-0.68453	-0.524092	-0.203745	-0.053886	-0.166335	0.009229	0.204483	-0.52984	0.847877	-0.261662	0.606939	
0.754167	0.627421	-0.138381	0.577509	-0.19272	0.108925	0.901538	0.417415	0.995932	-0.965108	-0.841984	0.668591	-0.50519	-0.102637	-0.149353	0.149046	-0.386403	0.27809	0.618125	0.116822	-0.51686	-0.569386	-0.176865	0.533223	0.613849	0.125234	0.087155	0.88115	0.602423	-0.776357	0.195217	-0.281755	-0.985949	0.6252	-0.109601	0.467093	-0.954682	0.671788	-0.089769	0.87947	0.578922	-0.278297	-0.90022	0.761384	0.319761	0.420453	-0.049114	0.094672	0.135152	0.801622	
-0.614708	-0.237884	0.503172	0.592758	0.096256	0.225528	0.896488	0.236426	-0.698841	0.570505	0.507935	-0.210495	-0.042736	-0.174931	0.300734	0.5221	-0.2779	0.666362	-0.839215	-0.548748	0.463838	-0.113239	-0.212149	0.616868	-0.743295	0.961393	-0.002958	0.765894	-0.767968	-0.61365	-0.933246	0.276295	0.570399	-0.504523	-0.8459	-0.200085	0.541671	0.72211	-0.297114	0.320719	0.782579	-0.461632	0.335145	0.254971	0.640893	-0.299237	0.609053	-0.108341	-0.395639	0.435045	
0.526784	-0.844098	-0.602006	0.345899	-0.975828	-0.799342	0.983109	-0.86536	0.042356	-0.743328	0.421613	-0.753292	-0.731545	0.595471	-0.49857	-0.269898	-0.294808	-0.574912	-0.58156	-0.832665	-0.772717	-0.59842	-0.901968	-0.635276	0.268082	-0.020492	-0.394018	0.300981	-0.422984	-0.509385	0.392129	0.710376	-0.556248	0.585517	0.47607	-0.31231	-0.482235	0.393291	0.344574	0.182185	0.085069	-0.191913	-0.511646	0.905389	0.536448	-0.459153	-0.997917	0.496259	0.00411	-0.744359	
-0.254618	0.149827	-0.142476	0.661739	0.3968	-0.33187	-0.836647	0.693262	0.912749	0.647717	-0.902881	-0.739114	0.640954	-0.575278	-0.604695	0.165501	-0.190799	-0.335564	0.101165	0.525396	0.907945	-0.851359	0.010677	0.672595	0.959595	0.999408	0.797161	-0.088944	0.465393	-0.682104	0.725363	0.477881	-0.376845	0.021461	-0.972818	-0.32807	0.936134	-0.443869	0.807629	-0.345997	-0.53932	0.26866	-0.550468	0.268339	-0.862776	-0.673951	0.580188	-0.93071	-0.414888	0.38178	
-0.861073	0.433597	0.939154	0.339913	-0.858016	0.866125	-0.401079	-0.020304	-0.272824	-0.941568	0.843025	0.090894	0.796254	0.504116	-0.719507	0.393669	0.039349	-0.314067	-0.259378	0.154997	0.194971	0.368966	0.971562	-0.817581	0.858819	-0.231402	-0.095649	0.929817	-0.381652	0.665303	-0.556478	-0.38244	0.053908	0.35782	0.58666	-0.407087	0.568772	-0.269649	-0.672261	-0.158074	-0.34081	0.368131	0.730618	-0.753896	-0.627422	0.582402	-0.109154	0.274908	-0.72368	0.04793	
0.460759	0.605246	-0.270688	0.051544	0.063588	0.086291	-0.950548	-0.69695	0.280826	0.324841	-0.830515	0.269571	0.417217	0.796477	-0.81183	-0.17047	0.979282	-0.666938	-0.310389	-0.593365	0.704369	-0.576952	0.875686	0.741936	-0.253987	-0.426287	-0.39885	-0.896775	-0.018031	-0.085619	-0.671591	0.672847	-0.020196	0.546747	-0.382412	0.272564	0.470817	-0.265977	-0.350098	0.69881	0.000491	0.967346	-0.870045	-0.191715	-0.752191	0.74888	-0.368349	0.581749	0.108866	-0.1569	
-0.25287	-0.263971	-0.616431	-0.620265	0.463993	0.151875	-0.648919	-0.369497	-0.649828	0.866295	-0.948837	-0.831839	-0.925842	0.092322	-0.396783	-0.027951	0.077551	0.07758	0.212326	0.777736	0.107862	-0.860118	0.262947	-0.357172	-0.043901	0.73951	0.913834	-0.271108	-0.278384	0.125219	0.704346	-0.026868	-0.903036	-0.880539	-0.262143	-0.94671	0.675629	-0.853881	0.31951	-0.624288	-0.513269	-0.848775	-0.143452	0.441153	-0.334732	-0.701127	0.936856	-0.212327	0.43087	-0.954686	
-0.864629	-0.230948	-0.736018	-0.684993	-0.882796	-0.160761	0.276813	-0.238555	-0.711554	-0.385748	0.038102	0.393955	0.93397	0.793991	0.492832	0.928388	0.625794	-0.574808	-0.00325	0.062661	0.64822	-0.945924	0.140484	0.11167	0.648148	-0.721929	0.712321	-0.04736	0.178992	-0.414532	0.891343	0.636272	0.347078	0.063914	0.768029	-0.170259	-0.310607	0.883734	-0.493111	-0.435948	0.526623	0.803472	0.665218	-0.866414	0.00039	0.860517	0.679034	0.533496	-0.121263	0.780386	
-0.219327	0.524767	-0.020001	0.787687	-0.922626	-0.105401	-0.56877	-0.936467	-0.291388	0.073472	0.47796	-0.375393	0.164584	0.181198	-0.685533	-0.167513	-0.05831	0.029963	-0.384558	-0.980524	-0.969193	0.269081	0.177083	-0.186715	0.949836	-0.743563	0.168677	-0.181179	0.765261	-0.614674	-0.259521	-0.103388	-0.735357	0.364942	-0.881372	0.939335	-0.204707	-0.060133	0.255811	0.902319	-0.363393	-0.454058	0.412516	0.178458	-0.743541	0.895156	0.497494	-0.419012	0.402601	-0.355489	
0.849733	-0.646346	0.011227	0.853747	-0.911579	0.296906	0.658149	-0.866454	0.356312	-0.774109	-0.011444	-0.766472	0.929233	0.133867	0.794721	-0.163547	-0.066305	-0.625823	-0.15891	0.160695	0.158255	-0.862305	0.624137	-0.047816	0.575729	-0.574967	0.021548	-0.30317	0.084515	-0.832398	0.700594	-0.356487	-0.122554	0.540933	-0.687108	-0.861461	-0.609956	-0.399383	0.030918	-0.332144	-0.591219	-0.449485	0.303306	-0.681523	-0.429982	-0.541979	-0.806725	-0.75224	0.412331	0.10006	
0.490066	-0.733946	0.067475	0.500712	-0.111184	0.960087	0.410342	0.046087	0.486461	0.381679	-0.149006	-0.798131	0.907833	-0.8732	-0.774646	-0.991192	-0.426593	-0.192277	-0.038989	-0.489181	0.465534	0.731065	0.063735	0.789725	0.298445	-0.789129	0.511379	0.935642	0.562539	-0.96897	0.026957	-0.148168	0.644382	-0.548388	-0.212476	-0.762471	-0.801401	0.567601	-0.753974	0.033397	0.382621	0.714445	-0.829058	-0.075748	-0.624849	-0.573794	0.436473	0.85181	-0.540865	-0.656745	
-0.663711	-0.787394	-0.530615	-0.553578	0.01331	-0.154914	0.325582	0.355577	0.57472	-0.640811	0.905936	0.934039	-0.862662	0.191965	0.078351	-0.857087	0.896018	-0.461499	0.561087	-0.656981	0.878566	0.321628	-0.250501	0.289572	-0.200836	-0.376008	0.219647	0.875726	0.031708	-0.710184	-0.676314	0.100256	-0.42757	-0.349072	0.461463	-0.725038	-0.255079	-0.64271	-0.105485	-0.188265	0.010927	0.447165	0.059703	0.414578	0.452419	-0.83113	0.168006	0.524594	0.236939	-0.737259	
-0.536386	-0.090485	0.488631	0.194651	-0.630233	0.331569	0.569616	0.238425	-0.317112	-0.64966	-0.961274	-0.687071	0.128757	-0.411836	-0.086747	0.512262	0.155877	-0.020811	0.697393	-0.463184	0.475562	0.343481	-0.977864	0.622075	0.359889	0.709853	-0.663203	-0.234714	0.085777	0.551271	0.230356	-0.507309	0.220256	-0.541864	0.76026	0.328317	-0.58746	-0.780451	-0.761202	0.663952	-0.730284	0.254431	0.798549	0.094568	-0.631035	-0.642906	-0.262595	-0.194799	0.164062	0.896495	
-0.262214	-0.69624	0.320643	-0.167488	0.147145	0.187264	0.037074	0.168253	0.049725	0.439639	-0.310653	-0.977304	0.939804	-0.612824	-0.926713	-0.030923	0.793075	0.654361	-0.746271	-0.844082	0.993171	-0.320349	-0.882837	-0.361864	-0.339909	-0.658565	0.478546	0.815502	0.705212	0.699689	-0.561074	-0.098869	0.693042	-0.247222	-0.365885	0.378719	-0.060957	-0.704999	0.450234	0.070676	-0.30806	0.65327	-0.167852	0.97106	0.112264	-0.668228	0.211009	-0.555324	-0.91744	0.092474	
0.87103	0.304085	0.398359	0.86906	0.705221	0.572153	-0.716536	0.912955	-0.748549	-0.350085	0.083315	0.301389	0.581629	0.609678	-0.747374	0.776634	0.519655	0.756733	0.334427	-0.806371	-0.462833	-0.899792	0.6919	0.474599	0.088411	0.781747	0.141672	-0.477124	-0.756195	0.847487	-0.561429	-0.993675	0.637077	-0.058559	0.641651	0.884	-0.631631	0.741572	-0.407663	0.814687	-0.376109	-0.552647	0.493944	0.079162	-0.290936	0.273348	0.519375	0.504728	0.531217	-0.656128	
-0.270525	0.616466	-0.420882	-0.645562	-0.897589	-0.183888	-0.506583	-0.331639	0.44566	0.536967	-0.779497	0.386437	-0.59801	-0.157852	-0.332611	0.001568	-0.609754	0.288746	0.472577	-0.398524	0.82168	-0.386131	-0.731755	0.08399	0.406829	-0.236261	0.696503	-0.093464	0.234347	0.049213	0.831064	-0.447183	0.587231	-0.698523	-0.316954	-0.211582	0.84015	-0.872746	0.885018	-0.61709	0.059694	0.237389	0.265949	-0.350513	-0.988193	-0.764452	-0.7269	-0.135049	-0.698828	-0.139118	
-0.31088	-0.868507	-0.474845	-0.035426	-0.083977	-0.917462	0.93757	0.687692	0.319063	-0.378376	0.990337	-0.400061	-0.549709	-0.678386	-0.417803	0.675952	-0.429258	-0.104246	-0.876604	-0.754239	-0.496513	-0.143295	0.955969	0.400815	-0.177304	0.811252	-0.751836	0.739172	0.945374	0.05814	-0.895011	-0.260785	0.234868	0.094481	-0.691825	-0.043513	0.537596	-0.629922	0.198177	0.503772	-0.731628	0.289319	-0.654851	0.688689	-0.551338	-0.480254	-0.069563	-0.371117	0.208213	0.135813	
0.087522	-0.147568	0.108158	-0.108432	0.5312	-0.914399	0.702671	0.073782	-0.065379	-0.343673	-0.362567	-0.053764	0.472362	-0.747893	0.012267	0.524864	-0.125771	-0.711336	-0.660155	-0.308871	0.769457	-0.943446	-0.991932	0.753113	-0.31348	0.042671	-0.272526	0.574624	-0.953843	-0.421785	-0.436968	-0.038113	-0.446811	0.119222	-0.978974	-0.196052	0.57295	-0.442871	0.010524	-0.634985	-0.865476	0.434405	0.183967	-0.164528	-0.715945	-0.939173	0.411103	-0.611746	0.09896	0.290133	
-0.56496	0.772665	-0.555276	-0.863116	0.15292	-0.502056	-0.083194	-0.606577	0.196228	0.756469	0.407086	0.914344	-0.538757	-0.707657	-0.330149	-0.353671	-0.616007	-0.223451	-0.059395	-0.36658	-0.106594	0.313046	-0.199586	-0.662085	0.064548	0.325585	0.052474	0.871353	0.362861	0.083799	0.134851	-0.65141	-0.364684	-0.679132	-0.503437	0.928815	0.984857	0.595101	0.453648	0.550289	0.90399	0.291751	-0.846986	0.885958	-0.698655	-0.904529	0.96118	-0.901306	0.917367	0.992467	
-0.442275	0.343269	-0.822703	0.677028	-0.229684	-0.636145	-0.425806	0.550329	0.521553	-0.555831	0.591975	-0.182291	-0.562429	0.198158	-0.702173	0.869462	0.22443	-0.81332	0.178109	0.339101	-0.853399	0.502367	-0.608573	0.930362	0.898581	0.640067	0.796945	0.775513	-0.503182	0.22326	-0.556453	-0.403161	-0.89065	0.300561	0.47572	0.605049	-0.343276	0.991688	0.38295	0.570512	-0.975549	0.786932	-0.76911	0.957314	-0.581445	-0.300924	-0.318009	0.819543	0.829263	-0.260374	
0.666243	0.96404	-0.69602	0.235145	0.35347	-0.437548	0.931711	0.682713	-0.140625	-0.219923	0.142919	0.886104	-0.336707	0.245555	0.795873	0.854461	-0.219354	-0.767021	-0.85032	0.731033	-0.169019	0.138407	0.565368	-0.084612	0.915427	-0.940486	0.584048	0.645751	0.378132	0.685931	0.370106	-0.751106	0.274774	-0.474335	0.636538	-0.323815	-0.433641	-0.998787	-0.368159	-0.097306	0.062886	0.633399	0.293048	0.850028	-0.865378	0.360707	-0.091159	0.559844	0.980456	-0.501371	
0.467015	0.967582	0.629922	0.750707	-0.999061	0.480216	0.877377	-0.991125	-0.428244	0.917692	-0.477898	0.40376	0.412194	0.140042	0.446147	0.039612	-0.31355	0.376032	-0.880752	0.809764	0.775216	0.281577	0.509825	0.467427	-0.04119	-0.735743	0.546788	-0.14769	-0.632424	-0.174006	0.9583	0.725562	-0.370686	0.265314	-0.44428	0.287906	-0.29912	0.702745	-0.897067	0.403285	-0.583091	0.316043	-0.817139	0.841938	-0.107556	-0.472164	0.920886	0.316536	-0.51504	0.887766	
-0.313081	0.415757	-0.90799	-0.779302	-0.830145	0.890557	-0.086071	-0.527137	0.910426	0.78996	0.175358	-0.673502	0.02953	-0.891573	0.136036	-0.60706	-0.376809	-0.364537	0.330768	0.352415	-0.179693	0.989947	-0.99661	-0.652528	0.780615	-0.315587	-0.975391	0.823568	-0.231772	-0.501992	0.306032	-0.961476	-0.94085	0.401638	-0.973074	-0.949256	-0.194657	0.152288	-0.040264	0.277906	-0.825635	-0.621811	0.75681	0.260276	-0.222424	-0.512673	0.631239	0.915454	-0.886156	-0.852879	
0.086484	0.375499	0.198715	-0.120284	0.01468	0.462652	0.286686	-0.532888	-0.297886	-0.627763	-0.323237	-0.514321	-0.051007	0.054791	0.992415	-0.056908	-0.822286	0.833543	-0.448242	-0.761057	-0.002865	-0.053853	0.150205	-0.79123	0.576321	0.487663	0.148725	-0.621075	0.497376	0.618773	-0.390149	0.179283	0.865281	-0.791524	-0.348236	0.375463	0.745948	-0.751938	0.983442	-0.518924	0.040398	0.640356	0.760163	-0.61364	-0.620266	-0.026428	-0.089548	-0.073725	0.011771	-0.099876	
0.328787	-0.029501	-0.607796	-0.295614	-0.155532	0.264725	0.742118	-0.884804	-0.89366	0.642621	0.037253	-0.485877	0.177537	-0.85411	0.583548	-0.641819	-0.216391	-0.483732	0.959352	-0.145278	0.307408	0.467988	0.862436	-0.00653	0.699216	0.325044	0.927518	0.078203	-0.856354	-0.002027	-0.708841	-0.245852	0.796986	-0.769828	0.298589	-0.431561	0.025302	0.589904	-0.734137	-0.82583	0.933695	0.978764	-0.807844	-0.254601	0.538938	-0.757821	0.916158	0.513512	-0.927379	-0.09278	
-0.795789	-0.153466	0.291553	0.887233	-0.643069	0.015013	0.733576	-0.166646	-0.291752	-0.096993	0.241928	-0.748121	-0.62365	0.977623	0.677603	-0.848105	-0.368702	-0.393918	0.507209	-0.014077	-0.305672	-0.225795	0.909382	0.594138	-0.04369	0.75444	0.875628	0.810466	0.279684	0.526573	-0.895041	-0.20517	-0.219946	-0.153748	0.046876	0.959624	0.001329	0.125529	-0.206506	0.6597	0.192159	-0.211931	0.023255	-0.593274	0.902403	-0.64047	0.30221	0.483639	-0.66085	-0.647452	
-0.197544	-0.620046	-0.943743	0.524806	-0.446332	0.908963	0.854744	-0.467178	-0.50281	0.033709	0.318113	-0.005788	0.212974	0.456848	0.648615	0.405372	-0.153433	-0.414675	0.523963	0.206629	0.802052	0.230751	0.376742	-0.371795	0.649863	0.588045	0.202334	0.186811	-0.677402	-0.606207	-0.691758	-0.789467	-0.668902	-0.467142	-0.359043	0.966628	-0.579432	-0.623702	-0.43408	0.424926	-0.663175	0.063751	-0.527476	-0.181272	-0.499141	0.794327	-0.54269	-0.82962	0.686274	0.722599	
-0.625183	-0.528379	0.12895	-0.008623	-0.999114	-0.620553	0.888231	-0.088789	0.627498	0.788274	0.517089	0.117402	-0.146656	0.882771	-0.924005	-0.559249	0.370401	-0.598648	0.734461	-0.305269	-0.768473	0.261974	-0.680923	-0.914327	-0.274699	-0.63124	-0.458692	-0.450908	-0.504108	-0.552083	0.829424	-0.760613	0.854023	-0.10749	-0.558031	-0.826185	-0.81803	0.108203	-0.038865	-0.396991	-0.103608	-0.083608	-0.445105	-0.038112	0.467416	-0.916903	0.774478	0.97161	0.043821	-0.021224	
0.995585	0.334218	-0.057435	-0.475867	0.361087	-0.157046	-0.975968	-0.983823	0.272824	-0.801256	-0.974009	-0.042704	-0.289023	-0.207939	-0.106543	0.13287	-0.477281	-0.867771	0.576355	-0.864722	0.622658	0.717323	0.483581	-0.045956	0.611454	-0.071051	-0.26017	0.314794	-0.115052	0.261737	-0.664852	-0.901985	-0.734887	0.000861	0.619741	0.838277	0.329545	-0.646801	0.72813	-0.293666	0.716145	0.106003	0.126177	0.980467	-0.519945	-0.59457	-0.186962	0.846456	-0.153657	-0.332159	
0.912948	-0.129874	-0.584732	-0.134648	-0.498313	-0.220401	-0.557666	0.683383	-0.229494	0.598551	0.839213	-0.500575	0.031885	0.757286	0.989242	0.245601	-0.680929	-0.360379	-0.705267	0.307511	-0.249215	-0.140285	-0.827972	0.295329	-0.045022	0.942438	-0.811634	-0.493476	0.548077	0.282068	0.412839	0.145619	-0.777438	0.655252	-0.266919	-0.008177	-0.519028	-0.526719	0.422389	-0.239607	-0.92716	0.757858	-0.529924	-0.806619	0.743704	0.90659	0.506796	-0.578109	0.93519	-0.945244	
-0.214095	-0.504648	-0.704339	-0.607745	-0.93603	-0.08188	0.972597	-0.107791	-0.59659	-0.552497	-0.897628	0.171943	0.698373	0.683785	-0.421339	0.07938	-0.357336	0.517197	0.542681	0.616175	-0.029173	0.486184	-0.222357	-0.064724	0.05671	0.343523	0.274976	-0.950669	-0.612649	-0.439969	0.372388	0.640617	0.084711	0.141924	-0.281369	0.194871	0.17295	-0.48816	-0.661745	0.16256	0.253462	-0.856907	-0.678035	-0.973137	0.431821	0.76085	-0.147163	0.86322	-0.495842	-0.862529	
0.151211	0.036719	0.886375	0.395384	0.569658	-0.387315	-0.295445	-0.107165	-0.088257	0.201848	0.385422	-0.033037	0.697938	-0.377316	0.863714	0.18391	0.958088	-0.962949	0.018156	-0.679503	-0.228708	-0.319239	0.383388	-0.100966	-0.437095	0.172446	-0.603273	-0.507409	-0.472842	-0.385159	0.382485	-0.558341	-0.188093	-0.591893	-0.240718	0.1683	0.071172	-0.978749	0.891891	0.174229	-0.632719	-0.232379	-0.928851	-0.639561	0.940763	0.658459	-0.158327	-0.027502	-0.165348	-0.721044	
0.079265	0.199553	-0.399514	-0.62756	0.880946	0.706781	-0.273426	-0.22053	-0.587159	0.387704	0.334802	0.630459	-0.133388	0.536137	0.475992	-0.454365	0.038094	0.767793	-0.820226	-0.714393	0.73161	-0.542535	-0.764423	-0.370104	0.674691	-0.529581	-0.282134	-0.571046	0.467123	-0.795047	0.404805	0.611337	-0.390675	0.235505	0.795281	-0.644739	-0.353219	0.412578	-0.942184	0.084692	0.263786	0.372361	-0.393876	-0.132763	-0.574793	0.672417	0.735212	-0.623496	-0.247596	0.586104	
-0.909231	0.947953	0.423921	0.393517	0.554232	0.200315	0.762797	0.126815	-0.985716	0.585535	0.421838	-0.621794	-0.706779	0.07079	-0.882078	0.960226	0.844298	0.106541	0.974711	-0.378545	-0.106233	0.456488	0.762322	-0.295648	-0.806299	-0.525415	0.407433	-0.672396	-0.621875	0.665998	0.577562	-0.64128	-0.132374	0.693348	-0.056734	-0.185935	-0.563329	-0.517671	0.387553	-0.576202	-0.101737	0.799823	0.375458	0.586981	0.878329	0.765374	0.521733	-0.659625	0.655482	0.332909	
0.076323	-0.362782	0.715747	0.98058	0.011647	-0.993711	0.051129	-0.514543	0.733565	0.722172	0.542578	-0.897485	0.482567	-0.536089	-0.691491	0.395093	-0.31316	0.92264	0.501044	0.848244	-0.354264	-0.81249	-0.864438	0.837321	0.923425	0.606743	-0.323116	0.901882	-0.429021	-0.58759	0.597195	0.400258	0.946337	-0.349575	0.449064	-0.283628	-0.506501	0.292171	0.867647	0.375637	0.17033	-0.991542	-0.959655	-0.662735	0.259854	-0.944773	-0.168736	-0.992055	0.921026	-0.380165	
0.327802	-0.339295	-0.517531	0.610128	0.831178	-0.624338	0.820406	0.346847	0.321735	0.430551	-0.629969	-0.917704	-0.283127	0.046281	0.393151	0.850177	0.571568	0.718575	0.778529	0.803965	-0.883066	-0.671957	-0.162231	0.281015	-0.446713	0.758029	0.734036	0.840231	0.169149	-0.851102	-0.059912	-0.407873	-0.365993	0.341902	0.215307	0.049078	-0.468437	0.921198	0.400576	-0.112879	-0.082208	-0.260643	0.485298	-0.681699	-0.390981	0.807154	0.568843	-0.528151	-0.676375	-0.695512	
-0.335649	0.593269	0.827462	-0.780486	0.184379	-0.603148	0.213598	-0.749226	0.991927	-0.672065	-0.05145	-0.409556	0.63625	0.359895	0.123441	-0.0864	0.321442	0.561926	-0.207163	-0.318549	-0.248761	0.695614	-0.233788	-0.644155	0.969039	0.969828	0.157981	-0.820935	0.019641	0.196997	-0.766503	0.474507	-0.614161	0.511627	-0.797926	-0.335213	-0.543079	0.240035	0.571107	-0.706841	0.125061	0.476313	-0.360034	-0.734856	0.991557	-0.817601	-0.05811	0.396181	-0.762783	-0.335751	
0.226509	0.626593	-0.192412	-0.04404	0.093832	0.652598	-0.912127	-0.904785	-0.522291	0.02658	-0.546781	0.728909	0.602311	0.076188	-0.268283	-0.54429	0.208609	0.364755	-0.095748	-0.737556	-0.800342	0.690418	-0.124985	-0.747835	0.600128	0.698633	-0.1515	-0.629496	0.194189	0.393897	-0.158419	0.498311	0.478229	0.128915	-0.478488	-0.171262	-0.354764	-0.100941	-0.651526	0.855971	0.649169	-0.283447	0.193171	-0.239887	-0.506934	0.015754	0.677439	0.738641	-0.738941	0.533292	
0.758072	-0.517036	0.192166	0.656463	0.713419	-0.194488	-0.416413	0.330453	0.25634	0.243417	-0.581628	0.748469	0.054792	0.080773	-0.699601	0.920717	0.347536	-0.971606	0.190843	0.118642	-0.491122	-0.532177	-0.529351	-0.642207	0.751758	-0.099253	-0.364218	-0.312112	-0.275459	-0.035012	-0.144313	0.284381	-0.33886	0.845978	0.190033	-0.145378	0.189518	0.841981	-0.868486	0.10403	0.657216	0.24612	0.124101	-0.510665	-0.703387	-0.412742	0.549141	0.247922	-0.110763	-0.430227	
-0.320666	-0.523602	0.147882	-0.069477	-0.808486	0.200605	0.891704	-0.175036	-0.726135	0.072045	-0.843231	-0.73609	-0.72213	-0.758912	0.303152	-0.961478	0.251356	0.954955	0.269972	0.35558	0.980694	-0.315095	-0.148181	0.353344	0.466832	-0.976133	0.085403	-0.005027	0.465718	0.282351	0.903832	-0.252805	-0.507821	0.982444	0.844847	0.488138	-0.778365	-0.264797	0.862301	0.391993	0.520227	0.938483	-0.536421	-0.774362	0.183397	0.740676	-0.522541	-0.825111	0.540986	0.278612	
-0.148276	0.450034	0.485756	-0.281832	0.202313	-0.381564	0.310473	-0.66364	-0.963341	0.236304	0.314463	0.554076	0.72437	0.727839	0.97464	-0.275801	-0.715288	-0.855167	0.986644	-0.810255	-0.254786	-0.888155	-0.262098	0.369135	0.48331	0.932885	-0.284771	0.521471	0.819415	0.964107	-0.650772	0.903772	-0.59069	0.867015	0.333833	0.883915	0.595215	-0.952858	0.274633	0.986434	0.161375	0.887406	0.222698	0.057144	0.280637	0.884038	-0.45268	-0.376302	0.462509	0.233444	
-0.897894	-0.351151	-0.364165	0.899869	-0.429935	0.526057	0.669126	0.708129	0.395175	0.705177	0.460719	0.75205	0.141136	-0.673005	-0.836888	0.342663	0.62982	0.841025	0.097978	-0.09966	0.68273	0.543347	-0.70051	-0.85523	0.563462	0.538003	0.906151	0.805838	0.128236	0.107131	0.036616	-0.673876	-0.52095	-0.733851	-0.439529	0.543495	-0.155069	-0.30409	0.090289	-0.334086	0.238452	-0.233999	0.466947	0.059549	-0.950524	-0.70145	0.27355	0.274839	-0.463206	-0.304022	
0.774572	0.40171	0.103147	-0.610669	0.95802	-0.458546	-0.909553	0.575063	-0.901648	-0.394303	0.062228	0.514402	0.783014	0.746447	0.877278	0.77129	0.915452	-0.598885	0.589019	0.291433	0.803252	0.321599	-0.558073	-0.917395	-0.684615	0.473744	-0.270378	-0.733179	0.534791	-0.83309	-0.394518	0.615476	0.856104	0.020514	-0.349047	-0.667277	0.84189	-0.802231	-0.114543	-0.286508	-0.828657	0.980695	-0.808264	0.51742	-0.347819	0.717427	0.200972	0.582536	0.452023	-0.924707	
-0.677491	-0.576123	-0.544388	0.393394	-0.03881	-0.963721	0.15135	0.149058	-0.452063	-0.278748	0.023077	0.873222	0.784767	-0.215336	-0.568501	0.463809	-0.313042	-0.172923	0.058722	0.110975	0.025544	0.620163	0.746341	-0.614938	0.662277	0.499003	-0.483185	-0.110533	-0.742766	0.606153	-0.62376	0.565937	-0.246421	-0.006733	-0.214073	-0.376395	-0.096352	0.400657	-0.20964	0.482338	0.096247	0.221491	-0.175368	0.895297	0.556128	0.649078	0.550227	0.527177	-0.697874	0.843694	
0.049565	0.197289	0.896598	0.725477	-0.002624	-0.021417	0.391426	0.059772	0.857691	0.527398	-0.689564	0.553153	-0.568043	-0.119253	-0.902077	0.151748	0.669888	0.409588	-0.446584	0.845789	-0.222508	-0.891897	-0.106311	-0.730309	-0.405312	0.778836	0.891565	0.906372	0.81598	-0.223755	0.551086	-0.526722	-0.10033	-0.946102	0.625909	0.739971	0.909584	-0.153444	-0.89858	0.088727	0.590457	-0.346785	0.867585	0.831347	0.997406	0.073494	-0.495537	0.281855	-0.954588	0.485122	
-0.966916	-0.243621	0.59168	-0.592342	-0.88859	0.01054	-0.002658	0.590234	-0.208116	-0.00603	-0.48733	0.377281	0.150709	-0.461465	0.309294	-0.361127	-0.991817	0.733686	-0.860425	-0.14721	0.519641	0.725985	0.170218	0.05219	0.968074	-0.562567	0.960755	-0.883206	0.122908	-0.360671	-0.485892	-0.970606	0.3478	0.172707	-0.309674	0.051166	0.39435	-0.866106	-0.479798	0.911266	-0.722568	0.067556	0.225246	-0.461596	-0.217382	0.648869	0.052395	-0.786407	0.738607	-0.570303	
-0.402093	-0.005748	0.305604	0.149154	-0.057429	-0.113755	-0.544154	0.131597	0.259342	-0.414825	-0.107914	-0.332562	0.470567	0.870761	-0.060319	0.694843	0.533977	-0.734964	0.315838	-0.017478	-0.872872	0.94579	0.32109	0.609238	-0.766791	0.452423	0.180363	-0.80771	-0.585563	0.025603	-0.919074	0.574363	-0.007913	-0.842712	0.829953	0.639345	-0.871586	0.428079	0.620686	-0.960254	0.73987	-0.644568	-0.234105	0.518571	0.664553	0.008597	0.701588	-0.124804	0.512514	-0.672155	
0.372552	0.23407	-0.6524	0.315562	-0.472882	-0.921162	0.481786	0.606038	0.983664	0.463035	0.046494	-0.33575	0.824615	0.658199	0.855343	-0.905244	-0.674692	-0.395128	0.337115	-0.069827	0.720202	-0.795899	0.118152	-0.383641	0.796248	-0.747232	0.555258	0.705675	-0.686182	0.521081	-0.61408	0.419154	0.291784	-0.167358	-0.756382	-0.536488	-0.940023	-0.735286	0.476114	-0.405163	0.432946	0.2678	0.661967	-0.729345	0.509478	0.133552	-0.981826	0.331895	0.72918	-0.092092	
0.279235	-0.046238	0.728508	0.956406	0.653169	0.100371	-0.412785	-0.882978	0.4124	-0.155827	-0.672005	-0.439424	0.39143	0.973116	-0.862845	0.854618	0.712026	0.55672	0.697379	-0.081529	0.944182	-0.589122	-0.115092	0.808979	0.180444	0.176435	0.976155	-0.660045	-0.950853	-0.253333	0.924657	0.036185	-0.700001	-0.349439	-0.144925	-0.568558	0.648318	0.058184	-0.82451	0.142419	0.159948	0.78822	0.069179	-0.194904	-0.012851	0.930672	0.573747	-0.223952	0.966963	-0.442238	
0.800139	-0.614767	-0.347135	0.263407	0.817787	-0.095958	-0.033935	-0.118058	-0.536558	0.299332	-0.199973	0.15214	0.145167	0.98198	0.850728	0.261039	0.069785	-0.977046	0.076196	-0.848561	-0.863186	0.91475	-0.863628	-0.031982	0.810112	-0.717414	-0.8713	-0.842072	-0.49838	0.943038	0.883119	-0.217626	-0.812894	0.455799	-0.437374	-0.628494	0.849301	0.993645	0.562381	0.066964	0.164057	0.047167	0.513436	-0.581714	-0.247147	-0.426036	0.837524	-0.266088	-0.110677	0.128833	
-0.362712	-0.410091	-0.200698	0.724113	0.062074	0.057353	-0.607456	-0.028522	-0.215157	-0.630429	-0.580903	0.008549	0.204203	-0.404006	0.589624	-0.277938	-0.327439	-0.117581	0.947423	-0.068871	0.777496	0.480688	-0.162194	-0.675891	0.729922	0.704395	0.016672	0.276202	-0.455852	0.606628	0.587463	0.94811	0.348984	-0.840897	0.864268	-0.968881	-0.589075	-0.407994	-0.626546	0.004602	0.814164	-0.338979	0.841642	-0.325521	-0.949362	-0.934075	-0.186651	-0.422544	-0.356258	0.990211	
0.659278	0.380349	0.333818	0.485872	0.8168	0.748846	0.601659	0.175855	-0.933653	-0.872834	0.484761	-0.634915	-0.348011	0.304105	0.485983	0.516612	0.208838	0.893305	0.689071	-0.955656	-0.999693	-0.342559	0.964093	0.449545	0.021423	0.910123	-0.124448	0.535817	-0.638072	-0.67921	0.975335	0.962881	-0.580028	0.930313	0.305474	0.886877	0.347804	0.757133	-0.722229	-0.510252	-0.526464	0.995274	0.248648	-0.255015	0.29553	0.684901	0.642518	0.248704	0.630024	-0.234246	
-0.964834	-0.329539	0.607036	-0.819184	0.997568	-0.919988	0.638076	-0.345848	0.219996	-0.785928	-0.244824	-0.657578	0.913967	-0.541353	-0.726047	-0.624381	-0.405106	0.519752	0.326006	-0.395685	0.571238	-0.952264	0.923199	0.944952	0.213995	0.31052	0.335144	-0.416006	-0.412274	0.412632	0.494098	-0.452273	0.224378	0.012869	0.108255	0.861828	-0.262514	-0.437447	-0.791168	0.855032	-0.139541	-0.035689	-0.480914	0.429511	0.038307	0.3605	-0.089644	-0.855757	0.592628	-0.455679	
-0.871847	-0.440236	-0.34238	0.469003	0.372715	0.912828	0.695539	-0.021788	0.524067	-0.021646	0.470507	-0.538792	0.012199	0.331464	-0.525763	0.085971	0.714146	0.78328	-0.050534	0.240135	-0.336832	0.219758	-0.691961	0.82987	-0.288917	0.391278	-0.59875	0.581592	-0.328904	-0.940431	-0.585333	-0.503384	0.388667	0.994983	0.923373	0.672189	0.05406	0.137796	0.871677	-0.585431	0.206236	0.963039	-0.776968	0.807458	-0.725976	0.771812	-0.135134	-0.056821	0.411808	0.253913	
0.194163	0.01613	0.451122	0.947698	0.541064	-0.05203	-0.32742	0.057936	0.015813	-0.053865	-0.941267	-0.420511	-0.394303	-0.190409	0.208616	-0.842556	0.399858	0.87942	0.164046	-0.356367	0.806562	0.660032	-0.954856	0.923496	-0.51537	0.792534	-0.329876	-0.364932	-0.643214	0.89264	-0.972675	-0.876759	-0.485818	-0.323371	-0.596496	-0.010193	-0.099733	0.53305	0.442321	-0.107914	0.690235	0.168424	-0.928081	0.383185	0.160491	0.349263	-0.327659	-0.718033	0.621768	-0.466793	
-0.909012	0.258639	-0.53963	0.226205	0.16847	0.270477	0.421829	0.797109	-0.153964	0.113811	-0.75952	-0.84467	0.787062	-0.103759	0.823003	-0.594026	-0.760381	-0.541221	0.449601	-0.713605	0.033931	0.126055	-0.657654	0.155871	-0.868923	0.020167	-0.618319	0.378887	0.46575	0.878107	-0.976366	-0.779909	0.7668	0.249443	0.560487	0.209203	0.053449	-0.112305	-0.637449	0.010413	0.29275	0.262814	0.695977	-0.549885	0.943455	0.215482	-0.044443	0.56168	0.1948	-0.693582	
0.54412	-0.353513	0.594136	-0.089435	0.085046	-0.337915	0.572878	0.742623	0.805824	-0.012648	-0.338639	0.005119	-0.593787	-0.653921	-0.271784	-0.004567	-0.537069	-0.073737	-0.323347	-0.698136	-0.336514	0.200901	0.975047	-0.410135	0.029418	0.108404	0.292246	-0.195608	-0.069224	0.323518	-0.258276	0.773366	0.045022	0.203298	0.674499	0.577874	0.67583	0.897654	-0.34063	-0.317623	0.371425	0.403293	-0.941371	0.256269	0.852117	0.844196	-0.484459	-0.921058	-0.191121	0.881401	
0.881413	0.340422	0.066329	0.394148	-0.787357	-0.180195	-0.508772	-0.090545	-0.043626	-0.929678	0.056407	-0.429835	0.614747	-0.783198	-0.187941	-0.937909	-0.589924	-0.747993	0.017219	0.627541	-0.36194	0.515883	0.351158	0.885029	0.143895	-0.292408	0.312909	-0.239107	-0.696173	-0.980512	-0.237661	0.140242	0.178788	-0.082227	0.873211	-0.483541	0.164511	-0.193472	0.526027	0.756926	-0.905209	-0.163529	-0.681893	0.616678	-0.075807	0.463371	-0.438436	0.095937	0.054802	0.304227	
0.022612	0.693547	0.207226	-0.496385	0.676898	-0.627883	-0.01355	0.988405	0.628212	0.167011	-0.427127	0.895443	-0.44085	-0.390618	-0.546048	-0.433952	0.82359	0.289536	0.424387	-0.001743	0.987437	-0.374044	0.454185	-0.577042	-0.916599	-0.441972	0.41732	-0.154086	0.316188	-0.896458	0.870464	0.363297	-0.055159	-0.510125	-0.6664	0.461184	0.549683	0.077528	-0.822301	-0.48655	0.773277	-0.012585	0.759678	0.045216	-0.710608	-0.518737	-0.750024	0.713145	-0.08295	-0.004346	
0.657123	-0.163277	-0.854847	0.180133	-0.614204	0.352149	0.938233	-0.769043	0.554632	-0.273305	-0.734298	0.035492	-0.154304	-0.150332	-0.786402	-0.832482	0.960856	0.12816	-0.345551	0.835843	-0.854749	0.740806	0.507525	0.65523	-0.707209	-0.016197	0.898409	0.653908	-0.3184	-0.669305	0.576122	-0.453683	-0.264964	0.521989	0.397816	0.945152	-0.502263	0.972475	-0.874995	-0.537538	-0.717269	-0.473633	0.94512	-0.187594	-0.414278	-0.294666	-0.88895	0.612847	-0.499417	0.207776	
-0.753437	0.940723	0.194562	0.688382	-0.103176	0.771048	-0.202614	0.39595	-0.723529	0.126	0.203794	0.347576	-0.2781	-0.22539	0.931608	-0.792929	-0.074862	-0.398335	0.317106	0.232152	-0.569489	-0.772121	0.447431	0.64494	-0.163638	0.855905	0.997566	0.126966	0.503413	0.014315	-0.492833	0.984105	0.182975	0.592085	0.551297	0.08522	0.202053	0.780757	-0.797628	0.085039	-0.707375	-0.118848	-0.427007	0.525699	0.461223	-0.14888	0.160865	-0.616922	0.667456	-0.858022	
-0.303792	-0.464399	0.702257	0.272279	0.394115	-0.172519	0.626562	0.717909	0.87192	0.097307	-0.866632	-0.089971	-0.235191	0.53342	0.233667	0.204906	0.641883	0.994947	-0.696285	0.601438	0.438625	-0.597082	0.393079	0.137867	0.718771	-0.259938	-0.586796	-0.866202	0.941812	0.667951	-0.581723	-0.865522	0.16019	-0.198843	0.930729	-0.832366	-0.287525	-0.863838	-0.777005	-0.773633	-0.509677	-0.552628	-0.990562	0.411867	0.374277	0.268122	0.577097	0.430182	-0.10396	-0.281626	
0.225131	0.55291	0.089848	0.389907	-0.15514	-0.935704	0.348557	0.571715	0.016702	0.702529	0.515802	0.122398	0.339972	0.552895	-0.229661	0.997233	0.599953	-0.018964	0.252349	-0.251586	0.545606	0.455128	-0.082168	0.340479	0.158773	0.932313	0.193682	-0.673269	-0.645071	-0.581593	-0.044017	0.431524	0.216491	-0.882835	0.387438	-0.050876	-0.261016	0.885962	-0.542863	0.437356	0.943247	-0.351751	0.557571	0.859035	-0.786624	-0.957757	0.813975	-0.566735	0.849674	-0.141464	
0.633352	0.366352	0.496077	0.829592	-0.287282	-0.840902	0.922432	0.141035	-0.522338	0.907919	0.664144	-0.660709	-0.79357	0.83067	-0.463371	-0.640702	0.584109	-0.139561	0.968199	0.811921	-0.138122	0.206688	0.786933	0.371845	0.185791	-0.524185	-0.133435	-0.330831	0.726273	-0.694755	-0.342457	0.396559	0.010188	0.697547	-0.882605	-0.446683	0.443088	0.916675	0.347613	-0.04927	-0.499945	-0.201724	0.813576	-0.681962	0.437999	0.518459	-0.558359	-0.010485	-0.026177	0.519961	
0.573721	-0.60243	-0.398489	0.714614	-0.593554	-0.038358	0.389641	-0.236565	0.784801	-0.680662	-0.800093	-0.80228	0.964865	-0.990405	-0.25452	-0.084913	0.575094	0.592639	-0.491362	-0.579853	0.647955	-0.53836	0.737135	0.846546	0.877203	0.29743	0.286316	0.056683	0.4652	0.297505	-0.065152	-0.285252	-0.561274	0.197211	0.809478	-0.437697	-0.833455	0.536632	-0.665551	-0.679521	0.111307	-0.886849	0.984524	-0.446091	-0.029205	0.993475	0.698598	-0.277901	0.199207	0.124853	
0.999953	0.952397	0.070041	0.084211	-0.726112	0.950173	0.391294	0.420384	0.764172	-0.549861	0.469165	0.044776	-0.788501	-0.536996	0.872482	0.851631	-0.407397	-0.633631	0.206438	-0.358745	0.381177	0.971054	0.731418	-0.477902	-0.603197	-0.577808	0.797751	0.548413	-0.571376	-0.031763	0.03564	0.885283	-0.416069	-0.569894	0.764033	0.648526	0.000971	-0.676192	-0.254782	0.387169	-0.541595	-0.114017	0.065097	-0.752002	0.179975	0.422614	0.68354	-0.03175	0.032377	-0.364235	
0.218677	-0.506698	0.263147	0.270044	0.237602	-0.451825	-0.658327	0.464292	0.848112	-0.889108	-0.861279	-0.869382	-0.56302	0.011822	0.050446	0.103798	-0.638545	-0.003413	0.058819	-0.333536	-0.899425	0.665187	0.52463	0.492028	-0.974765	0.560893	-0.876588	-0.485182	0.817631	-0.166792	-0.851148	-0.670669	-0.802311	-0.557892	-0.828156	-0.695924	-0.17206	-0.803921	-0.412065	-0.717485	-0.927397	-0.626544	0.023216	0.416271	-0.638957	0.068258	0.57774	-0.368781	-0.668073	-0.739458	
0.361089	0.359313	0.085703	-0.370531	-0.102492	-0.026928	0.222421	-0.954105	-0.055808	0.929544	0.728076	0.903393	-0.16011	-0.528338	-0.754961	0.589095	0.759776	0.918308	0.535393	-0.460143	-0.006397	0.238666	-0.719554	-0.944886	0.212663	0.652513	-0.475715	-0.6845	0.941391	0.843053	-0.351043	0.374031	0.154991	-0.123473	-0.519753	0.289144	-0.288159	0.586117	0.709898	0.054468	-0.956502	0.957904	-0.297455	0.942837	-0.604798	0.27459	0.001326	0.009998	-0.648875	0.462626	
-0.970759	0.457372	0.964763	0.122185	0.610268	0.251857	0.817774	0.510181	-0.696789	0.975565	0.723309	0.788427	0.59773	0.450507	0.170264	0.561733	-0.511275	-0.109625	0.922063	-0.317906	0.08465	-0.992916	0.941349	-0.107893	-0.860734	-0.835966	-0.739587	-0.60557	-0.265999	-0.853325	0.09232	-0.933541	0.428263	-0.244593	-0.605557	-0.097189	-0.101476	-0.529661	0.176844	-0.719509	-0.001364	0.142143	-0.01657	0.013023	0.101465	-0.488106	-0.837854	-0.237377	0.198004	0.875914	
-0.384644	-0.785846	-0.558708	0.238042	0.012447	-0.6294	0.96825	0.733109	0.630937	0.731602	-0.044644	-0.721906	-0.441564	0.70952	-0.85223	-0.51938	-0.260196	0.779978	-0.37963	0.23671	0.722623	-0.883049	0.840561	-0.090818	0.60732	-0.798281	0.895301	0.508263	-0.421881	0.304601	-0.030601	0.523211	0.420182	-0.52397	-0.827911	-0.632803	-0.845325	0.004028	0.551378	-0.218197	0.257185	-0.662971	-0.467872	0.56728	0.710205	-0.093449	0.282652	0.78243	-0.002533	0.834221	
-0.946786	-0.000509	-0.952736	-0.598266	0.187306	-0.201484	0.719251	-0.182376	-0.625654	0.066239	0.914773	-0.549857	-0.149943	-0.686213	-0.159049	0.149737	-0.60318	-0.406322	-0.644317	0.886127	0.943	0.801103	0.231051	0.189662	0.537992	0.942998	0.081777	0.280453	0.985988	-0.216917	0.628029	0.810071	-0.166126	-0.339729	-0.520661	0.881543	0.664425	-0.54572	-0.492436	0.630695	0.461069	-0.385005	-0.382815	0.878115	-0.551118	0.576555	-0.776238	-0.262915	0.798122	-0.780234	
-0.697454	0.596456	0.333823	0.099177	-0.555567	0.886157	-0.291181	0.194547	0.517028	0.93162	0.766903	-0.743223	0.420356	0.976743	0.501491	0.784294	-0.19122	-0.371767	0.171182	0.690732	-0.581892	-0.821395	-0.121225	-0.217646	-0.830324	-0.995908	0.772109	0.351724	-0.196663	-0.643082	-0.454454	-0.106281	0.370166	0.606926	-0.83932	0.237504	0.023566	0.825043	0.969328	-0.565413	-0.828969	0.840376	-0.360178	0.268009	0.6672	0.030591	0.767177	-0.957697	0.291093	-0.867219	
0.485896	0.18459	-0.02987	0.809368	0.206452	-0.095489	0.645364	0.120042	0.87354	-0.170351	0.971219	-0.00242	0.096027	0.646403	0.595787	-0.28863	-0.003357	0.551662	0.718591	-0.425365	-0.978869	0.894519	0.537533	-0.703992	0.306366	-0.229998	-0.985127	0.940096	-0.23198	0.748281	0.00013	-0.408069	0.285048	0.097111	0.48051	0.642646	-0.886476	0.510453	-0.649604	0.772928	-0.802678	0.045807	-0.100317	0.570063	0.434256	0.661955	0.024787	0.874318	0.991509	0.620247	
-0.460174	-0.156905	0.911033	0.857551	-0.251368	-0.29893	0.728378	-0.350176	-0.925686	-0.858785	0.63686	-0.337232	-0.957802	0.829576	-0.234714	-0.500432	-0.158284	-0.342254	-0.945015	0.772162	0.62333	0.985057	-0.508247	-0.146661	-0.458342	-0.252153	-0.157562	-0.994112	-0.759923	-0.586493	-0.080586	0.479203	-0.263187	0.277064	-0.055502	0.596782	-0.835136	0.033143	-0.665611	-0.165839	0.134431	0.83539	-0.93154	-0.190733	-0.081845	0.174122	0.543598	0.547954	0.983093	0.138592	
0.538115	0.450606	0.837609	0.202942	-0.482993	-0.726324	0.570158	-0.626691	0.299638	-0.646892	0.083291	-0.778355	-0.394234	-0.787002	-0.602002	0.615426	0.255151	-0.274014	0.381298	-0.377637	-0.053352	-0.508189	-0.815987	-0.838475	0.955737	0.287081	-0.389771	-0.708314	-0.058404	0.458367	0.399766	0.999512	0.187352	-0.865183	0.896187	0.050946	-0.674158	-0.510888	-0.79759	0.615646	-0.089459	-0.472589	0.21267	-0.629081	-0.771427	0.246728	-0.767208	0.186633	-0.72271	0.574879	
0.340618	0.04229	-0.482902	0.048808	-0.580243	-0.209607	0.441808	0.032949	-0.669389	-0.463756	-0.072278	0.183457	0.231262	-0.599939	0.869279	-0.43224	0.689397	0.758481	0.768562	-0.670862	-0.959177	-0.213016	-0.97747	-0.187132	-0.145264	0.713008	0.967482	0.389417	0.510971	0.991445	-0.433956	-0.97345	-0.793587	-0.547023	-0.827799	0.706634	0.391695	-0.363197	0.68589	0.359984	0.695123	0.620108	-0.251467	0.062101	-0.856252	-0.516176	0.167246	0.380226	0.976334	-0.682684	
0.162202	-0.33426	-0.304229	0.096975	0.363008	-0.532153	0.974999	-0.150954	0.654652	-0.293367	-0.517925	-0.107359	-0.794995	0.133164	0.730658	0.077175	-0.496528	0.395217	0.398616	-0.910094	0.4932	0.574479	0.842482	0.196721	0.538067	0.273759	0.96589	0.884341	-0.379493	-0.383054	-0.22028	-0.832821	0.320676	-0.652218	0.194075	-0.765415	0.210793	-0.766999	0.095989	0.367233	0.646076	-0.620592	0.102204	-0.672925	0.46579	0.701128	0.868726	0.949944	-0.625107	-0.394067	
0.957715	0.962712	-0.90524	-0.191733	0.4617	-0.109765	0.788968	-0.956539	0.492483	-0.974691	0.928603	-0.03251	-0.106923	0.46132	0.87309	-0.278886	-0.454805	0.914449	0.182879	-0.361863	0.234296	0.303643	-0.312682	-0.563961	-0.126318	-0.422564	-0.446396	-0.267984	0.549023	-0.901484	-0.403548	0.104609	0.89808	0.417672	-0.092324	0.485393	0.339832	-0.908874	0.697903	-0.316242	-0.4676	-0.67558	-0.55389	-0.381492	-0.774491	0.208509	0.25064	-0.756875	-0.505708	-0.039933	
0.618717	0.330945	0.949701	0.259819	0.469062	-0.178181	-0.062959	0.802614	0.450895	-0.368168	-0.260077	0.843009	0.007079	0.439381	-0.62467	0.597729	-0.313873	0.848718	0.757868	0.422833	0.968464	-0.762009	0.720316	0.88725	0.780819	0.043537	-0.421221	-0.177149	0.400226	0.189824	-0.510562	-0.438686	0.534296	-0.183884	0.77438	0.478376	-0.597545	0.667629	-0.129974	0.629097	0.188421	-0.96217	0.5593	0.939115	-0.850925	-0.200769	-0.766665	0.741442	0.507228	0.972348	
-0.500147	-0.659119	0.659614	0.317923	0.412152	0.403859	0.583552	0.512762	0.158396	0.387986	0.564349	-0.187233	-0.945722	0.572239	0.106555	0.964975	-0.140665	0.778141	0.571891	-0.12455	-0.48408	0.742702	-0.333222	0.19711	0.206098	0.823383	0.58273	0.751645	0.229648	0.529249	-0.532056	-0.894978	0.375679	0.62954	-0.375241	-0.157949	0.332033	0.398008	0.194652	0.771024	0.510891	0.96005	-0.121403	0.89414	0.558472	0.251792	-0.298626	0.622364	0.74806	0.661592	
-0.822895	0.716765	0.662121	-0.984349	0.890973	0.001056	-0.829024	-0.786979	0.581099	-0.241389	0.341597	0.544418	-0.588466	-0.071239	0.352037	-0.933966	-0.578418	0.543876	0.808541	-0.947595	0.434258	-0.851047	0.975108	0.58449	0.908856	-0.095126	0.803033	-0.756281	0.855374	0.718552	0.021066	-0.405784	-0.229286	0.09105	0.805921	-0.533615	-0.422784	0.590723	-0.02456	-0.465045	0.890302	0.941899	0.608429	-0.441522	0.77796	0.875949	0.481265	0.300689	0.96809	0.39507	
-0.326717	0.385339	-0.237872	0.4649	0.029067	-0.677168	0.130462	0.879798	-0.1738	-0.902415	0.033316	0.682978	-0.085726	-0.18854	0.448956	-0.971486	0.008614	0.837923	0.562193	-0.082896	-0.819429	0.22136	-0.590277	0.297877	-0.084512	0.04876	-0.03782	0.875476	0.096071	-0.570856	-0.508677	0.889788	0.797832	0.008934	0.638763	0.927636	0.384388	-0.163679	-0.527022	-0.596804	-0.33175	0.831313	-0.326509	0.823813	0.350165	-0.151974	0.308473	0.169037	-0.441433	-0.423088	
0.454234	-0.787422	0.763963	0.037427	0.385832	0.01645	-0.412025	0.55114	-0.953102	-0.116397	0.313772	-0.45105	0.44974	0.343857	-0.982067	0.651483	-0.147595	0.197144	-0.805903	0.730757	0.310601	0.193394	0.845782	-0.801499	0.197405	-0.219854	0.265695	-0.659483	0.253451	0.568392	0.270215	-0.722298	0.584727	-0.979266	0.910441	-0.335947	-0.384162	-0.116567	-0.27408	0.054539	-0.463732	-0.284872	0.609355	-0.121833	0.821797	0.163471	-0.694619	-0.98712	-0.041512	0.602424	
0.498864	0.49859	0.590358	0.488771	-0.27792	0.414338	0.977009	0.174955	-0.750101	-0.007078	-0.56858	-0.228714	-0.702073	-0.952587	-0.899264	0.061799	-0.864261	-0.940883	-0.917795	0.809194	-0.228456	-0.174985	0.316942	-0.405949	-0.037712	-0.206105	-0.01894	0.572701	-0.570281	0.617831	-0.450859	0.675967	0.966518	0.484403	0.18543	-0.579143	-0.79589	-0.018676	-0.983302	-0.300069	-0.398533	0.697312	0.042813	0.571685	-0.957168	-0.819672	-0.653161	-0.17326	-0.758165	0.427218	
-0.246115	-0.112282	0.211662	0.46443	0.550908	-0.426206	-0.363603	0.962279	0.291041	-0.693685	-0.188136	0.76037	0.163493	-0.305308	-0.560636	0.514404	-0.328863	0.25322	0.401137	-0.052889	0.078193	-0.544134	-0.638209	-0.055827	0.320674	0.846509	0.887605	0.787291	0.812766	0.401825	0.05276	-0.937498	-0.814787	-0.648156	-0.836656	0.048656	0.393276	0.085733	0.888075	0.903839	-0.293049	0.947685	-0.889995	-0.952432	-0.047312	0.911115	-0.762876	-0.283547	0.135888	-0.195201	
0.182612	0.037457	-0.219067	-0.661478	0.238987	0.157072	0.250225	0.175904	-0.283979	0.945114	0.705298	0.408852	0.30663	-0.542568	0.397927	-0.142246	0.673407	-0.666124	-0.612947	-0.567651	0.793068	-0.743816	0.647012	-0.37803	0.810939	-0.471313	0.017918	0.135217	-0.334365	0.055025	-0.78287	-0.902854	0.115934	-0.105762	0.855548	-0.405897	-0.313582	-0.629715	-0.776242	0.302354	-0.67949	0.838815	0.188484	0.793619	0.38328	0.15858	0.014588	-0.10274	-0.964367	-0.46581	
0.028185	0.019053	0.008135	0.035449	0.027749	0.019888	0.037812	0.031629	0.005987	0.001299	0.005397	0.013635	0.023173	0.019113	0.031978	0.018828	0.009639	0.036468	0.000991	0.023245	0.009461	0.03864	0.008728	0.021632	0.025318	0.003953	0.008196	0.001276	0.031638	0.006617	0.025321	0.034425	0.002889	0.010294	0.034013	0.036065	0.040393	0.023712	0.006031	0.013303	0.008883	0.002698	0.004056	0.02885	0.022791	0.039531	0.024247	0.033905	0.019386	0.036095	
0.02511	0.029999	0.01992	0.034701	0.041992	0.005214	0.033186	0.024703	0.017781	0.016218	0.036047	0.015263	0.021794	0.014725	0.034782	0.002998	0.008029	0.00089	0.018219	0.02105	0.011956	0.011605	0.005958	0.017571	0.019749	0.037873	0.000907	0.025116	0.010046	0.005472	0.029753	0.025741	0.03255	0.004416	0.011841	0.033778	0.021748	0.029912	0.032416	0.000504	0.002645	0.030359	0.026818	0.040726	0.013129	0.00323	0.037341	0.01804	0.009568	0.026611	
0.003141	0.02409	0.015646	0.032576	0.012294	0.04484	0.045435	0.026794	0.02915	0.035708	0.006958	0.004427	0.03544	0.045209	0.01072	0.02285	0.008929	0.003903	0.016618	0.009271	0.017979	0.006343	0.031657	0.031341	0.002894	0.008514	0.032236	0.008966	0.014316	0.005973	0.000684	0.040963	0.037183	0.023782	0.033965	0.016232	0.008577	0.007472	0.033062	0.006923	0.033096	0.026377	0.040748	0.012055	0.008475	0.000201	0.021314	0.025149	0.019468	0.010056	
0.030895	0.014488	0.035191	0.001495	0.002477	0.035507	0.007821	0.000277	0.034082	0.038112	0.002085	0.003382	0.002742	0.030563	0.012082	0.0204	0.03709	0.028308	0.006824	0.021158	0.034215	0.005745	0.013221	0.006012	0.024988	0.006813	0.023107	0.036328	0.010794	0.011643	0.02233	0.025958	0.014683	0.009212	0.038821	0.028622	0.016978	0.016121	0.035028	0.02771	0.03138	0.00704	0.006895	0.022181	0.018098	0.032251	0.035158	0.00361	0.03382	0.036259	
0.034985	0.036389	0.005144	0.014433	0.000145	0.031589	0.020492	0.033669	0.008624	0.036121	0.026998	0.035453	0.006443	0.035886	0.005328	0.030607	0.033804	0.001847	0.035911	0.007675	0.006094	0.023103	0.00367	0.037607	0.032726	0.0176	0.032989	0.002715	0.022534	0.020114	0.015042	0.032741	0.022041	0.029472	0.017176	0.01132	0.015252	0.025473	0.010635	0.012173	0.009388	0.025601	0.01096	0.022178	0.026622	0.011679	0.010862	0.003054	0.028946	0.01869	
0.03615	0.01132	0.015902	0.014828	0.024962	0.003292	0.003855	0.02956	0.036396	0.009478	0.032623	0.022711	0.017906	0.013752	0.031198	0.000154	0.023687	0.007793	0.012515	0.003972	0.037878	0.000562	0.03384	0.021633	0.030267	0.036085	0.034669	0.012804	0.02006	0.024594	0.014038	0.009345	0.03789	0.017413	0.000785	0.035514	0.041542	0.016444	0.012449	0.007756	0.004047	0.012717	0.00568	0.033707	0.040957	0.025516	0.015672	0.040144	0.013382	0.010556	
0.0147	0.029268	0.015564	0.024136	0.029817	0.029884	0.011377	0.020081	0.009671	0.017608	0.035533	0.033367	0.034707	0.035242	0.029548	0.031249	0.013387	0.011027	0.020674	0.015144	0.025731	0.001247	0.005408	0.036094	0.018629	0.018696	0.019559	0.001031	0.023848	0.032748	0.002665	0.014739	0.029471	0.021306	0.006805	0.022305	0.025167	0.024059	0.007689	0.000685	0.021619	0.015983	0.028566	0.010283	0.026452	0.011145	0.026435	0.005372	0.028809	0.02547	
0.032858	0.001763	0.016911	0.013344	0.03838	0.017806	0.000793	0.016499	0.038095	0.000428	0.004911	0.024126	0.034489	0.00179	0.023807	0.039564	0.02433	0.009382	0.036333	0.006059	0.008044	0.000117	0.005855	0.004392	0.036093	0.03197	0.034933	0.012931	0.021561	0.001697	0.024616	0.033029	0.02843	0.025114	0.026771	0.017586	0.006771	0.035183	0.023397	0.025247	0.015478	0.012934	0.034927	0.004912	0.032698	0.022769	0.036388	0.001429	0.025214	0.027846	
0.034382	0.036258	0.041789	0.011082	0.022471	0.012401	0.0322	0.012536	0.037848	0.006105	0.005126	0.0335	0.022183	0.000357	0.037944	0.026725	0.016449	0.022617	0.014724	0.002339	0.011157	0.031437	0.037484	0.013339	0.034004	0.010154	0.003791	0.008775	0.016452	0.038016	0.018733	0.003784	0.012693	0.005493	0.040864	0.034304	0.011531	0.006222	0.035577	0.024425	0.024086	0.000486	0.030333	0.01257	0.005969	0.041719	0.005253	0.031605	0.002796	0.017912	
0.038757	0.015003	0.007269	0.034044	0.021237	0.004085	0.003452	0.034006	0.008542	0.005534	0.036193	0.038748	0.001889	0.01143	0.007896	0.024891	0.036968	0.004735	0.021555	0.005844	0.00822	0.026144	0.023157	0.028647	0.014289	0.035787	0.016255	0.012887	0.014942	0.030438	0.01673	0.005575	0.028336	0.026033	0.012758	0.014147	0.02018	0.011513	0.003886	0.038248	0.026928	0.024157	0.019149	0.023129	0.026879	0.035929	0.037883	0.00237	0.016357	0.036969	
0.030188	0.025575	0.035659	0.026118	0.027534	0.001336	0.002503	0.023645	0.017043	0.021618	0.004093	0.016174	0.001288	0.015407	0.025589	0.012562	0.035957	0.020551	0.007876	0.022345	0.020924	0.032865	0.005077	0.016807	0.015121	0.027596	0.025294	0.029774	0.03354	0.01858	0.017183	0.006671	0.028688	0.03283	0.017228	0.030689	0.003571	0.014065	0.017077	0.028993	0.012536	0.0115	0.024311	0.025129	0.025359	0.023442	0.007371	0.003633	0.035006	0.036079	
0.00706	0.026719	0.026546	0.033474	0.030814	0.028981	0.000849	0.031313	0.008821	0.01566	0.026276	0.001114	0.030629	0.034761	0.016643	0.01321	0.001707	0.023312	0.001194	0.01942	0.031053	0.022219	0.008098	0.031463	0.003295	0.021419	0.017372	0.022352	0.013777	0.014704	0.025308	0.00724	0.029419	0.009331	0.033211	0.031113	0.030219	0.019406	0.015976	0.003796	0.014351	0.031106	0.025843	0.015174	0.010219	0.033606	0.017322	0.019582	0.034792	0.028731	
0.038528	0.006053	0.038143	0.015397	0.015665	0.021582	0.007618	0.023687	0.017705	0.033857	0.039144	0.010689	0.03502	0.02635	0.007704	0.015875	0.029901	0.022329	0.032747	0.031414	0.039346	0.008734	0.025816	0.008697	0.001497	0.012675	0.034518	0.017668	0.004189	0.006765	0.009412	0.036424	0.02286	0.007439	0.031281	0.003325	0.007767	0.018988	0.003962	0.033105	0.028456	0.005739	0.017406	0.005838	0.022659	0.03412	0.031185	0.037	0.01027	0.003451	
0.031067	0.032566	0.028586	0.028083	0.038084	0.011086	0.02516	0.013639	0.006808	0.030272	0.015283	0.026628	0.016838	0.038582	0.003665	0.009067	0.025262	0.028412	0.037146	0.005641	0.00348	0.003229	0.007854	0.012209	0.023224	0.038186	0.039675	0.003452	0.005568	0.030658	0.025042	0.038905	0.020034	0.01301	0.039965	0.002487	0.000451	0.003082	0.000398	0.031014	0.009543	0.022396	0.021661	0.008559	0.013524	0.023312	0.029365	0.025266	0.03453	0.018046	
0.019553	0.030109	0.024666	0.003979	0.014004	0.018253	0.025474	0.024836	0.032888	0.002129	0.030852	0.00171	0.027245	0.001859	0.03701	0.007617	0.026347	0.020887	0.01193	0.0226	0.025175	0.004228	0.0034	0.009914	0.0341	0.010186	0.017421	0.006167	0.023339	0.036422	0.005349	0.032492	0.029083	0.035245	0.037462	0.032026	0.036076	0.005885	0.023681	0.004671	0.033278	0.011054	0.033456	0.023492	0.004849	0.017807	0.037098	0.026696	0.004491	0.011509	
0.028999	0.032229	0.004139	0.026487	0.036106	0.005462	0.034008	0.015159	0.006303	0.018358	0.010092	0.01156	0.014969	0.006609	0.034129	0.005159	0.031915	0.017109	0.037649	0.031908	0.030077	0.027554	0.0369	0.00218	0.020104	0.031628	0.022587	0.005255	0.007496	0.024582	0.012846	0.015708	0.01694	0.027988	0.000151	0.037154	0.025886	0.035195	0.008513	0.002366	0.011035	0.030508	0.015924	0.007427	0.033321	0.006427	0.00168	0.037003	0.021555	0.035661	
0.007308	0.003616	0.00402	0.008531	0.010816	0.017918	0.017622	0.033213	0.005799	0.000638	0.035529	0.029278	0.025049	0.014628	0.027843	0.026612	0.019148	0.013293	0.018681	0.022	0.023081	0.007145	0.004608	0.016463	0.034954	0.029707	0.028962	0.028298	0.003431	0.018998	0.027553	0.02892	0.00168	0.035824	0.028028	0.036353	0.034568	0.015668	0.036699	0.034872	0.024293	0.033587	0.021318	0.000849	0.025633	0.029339	0.002159	0.024243	0.010822	0.010403	
0.00137	0.002179	0.031867	0.004276	0.037835	0.023574	0.019874	0.026791	0.034533	0.011238	0.011701	0.016865	0.033496	0.006407	0.017371	0.001718	0.037442	0.042358	0.019032	0.030651	0.016705	0.019053	0.019765	0.014389	0.018899	0.02733	0.000511	0.019315	0.002659	0.039461	0.038545	0.009324	0.016814	0.025342	0.017362	0.038351	0.014661	0.03756	0.034454	0.012215	0.018498	0.012844	0.004539	0.01341	0.031611	0.025353	8.9e-05	0.032356	0.010439	0.017568	
0.034061	0.009264	0.009025	0.034077	0.02299	0.005984	0.02886	0.012226	0.015248	0.018128	0.015855	0.023316	0.03011	0.002754	0.033603	0.02065	0.022174	0.021331	0.00689	0.037397	0.023544	0.026994	0.026568	0.035627	0.017079	0.029332	0.005628	0.002768	0.037255	0.011483	0.029361	0.004569	0.002132	0.035511	0.008146	0.017279	0.035035	0.030981	0.005982	0.004285	0.011454	0.036135	0.021733	0.033929	0.022954	0.00622	0.03148	0.020416	0.019698	0.002479	
0.011593	0.035572	0.015189	0.016931	0.023917	0.027803	0.020954	0.040029	0.015344	0.002361	0.020847	0.033451	1e-06	0.002197	0.003136	0.005744	0.02283	0.036192	0.013596	0.027521	0.01231	0.032266	0.029852	0.035729	0.009806	0.005617	0.009414	0.023814	0.040863	0.021941	0.032161	0.023218	0.040702	0.022891	0.000914	0.017437	0.041439	0.019659	0.007098	0.007995	0.040872	0.027996	0.007052	0.030769	0.020508	0.005467	0.012676	0.011946	0.025261	0.007119	
0.007404	0.007222	0.012811	0.026363	0.035117	0.027389	0.037359	0.03525	0.026899	0.013963	0.022546	0.029331	0.025238	0.035243	0.002588	0.031974	0.001961	0.001014	0.02744	0.001273	0.00141	0.035527	0.012067	0.02273	0.001697	0.002769	0.028692	0.025282	0.015524	0.002747	0.020557	0.029142	0.008762	0.014792	0.037325	0.021298	0.023964	0.016958	0.019479	0.023943	0.020144	0.022833	0.022217	0.029283	0.023921	0.00419	0.019506	0.034239	0.022086	0.028531	
0.004827	0.007381	0.029322	0.001943	0.006327	0.009313	0.031378	0.018306	0.026575	0.024809	0.027126	0.036825	0.000249	0.034064	0.020226	0.019221	0.031218	0.023911	0.010201	0.025723	0.034065	0.032892	0.002858	0.028042	0.030853	0.012091	0.023584	0.032432	0.01648	0.017838	0.033208	0.037304	0.008859	0.031834	0.028465	0.005506	0.014032	0.004746	0.022822	0.002438	0.003372	0.030296	0.011443	0.007387	0.028215	0.021399	0.032182	0.031311	0.014613	0.010488	
0.009085	0.001457	0.030825	0.006133	0.02058	0.033478	0.018832	0.009523	0.038031	0.010579	0.026992	0.025407	0.020569	0.015348	0.003146	0.014856	0.0155	6.9e-05	0.022071	0.032814	0.00618	0.038265	0.011249	0.02432	0.006508	0.021674	0.010218	0.025057	0.021095	0.020109	0.028289	0.020966	0.026927	0.037046	0.010599	0.009189	0.004468	0.003959	0.008987	0.034934	0.018798	0.022227	0.025732	0.039251	0.037619	0.036776	0.002624	0.037302	0.020725	0.033612	
0.034506	9.4e-05	0.035953	0.037437	0.038989	0.035434	0.026713	0.028278	0.009446	0.025525	0.015243	0.023623	0.007359	0.001469	0.021539	0.011499	0.029577	0.012118	0.039094	0.027267	0.025269	0.023873	0.011771	0.001658	0.037804	0.014969	0.03537	0.033241	0.023188	0.002811	0.004387	0.026224	0.025571	0.025152	0.016873	0.01645	0.016573	0.006691	0.007161	0.024481	0.012909	0.007522	0.016972	0.028861	0.009415	0.019678	0.012416	0.025209	0.024351	0.001987	
0.031869	0.019133	0.033297	0.008764	0.023583	0.028099	0.011025	0.019848	0.004918	0.019297	0.013062	0.016494	0.012821	0.013418	0.02729	0.035048	0.018425	0.00985	0.018634	0.012879	0.027549	0.032601	0.000818	0.026285	0.025268	0.011463	8.5e-05	0.032052	0.022753	0.007602	0.003837	0.015323	0.036574	0.016695	0.033505	0.035701	0.00299	0.001958	0.02708	0.01091	0.02424	0.036128	0.013617	0.028713	0.027511	0.03277	0.01671	0.01243	0.028087	0.030991	
0.027627	0.020262	0.015458	0.015491	0.004345	0.024895	0.032463	0.012046	0.00467	0.02943	0.021793	0.013036	0.021177	0.014826	0.028791	0.025801	0.004665	0.038403	0.038547	0.034502	0.008209	0.002885	0.034082	0.031683	0.031328	0.003739	0.012777	0.010845	0.01606	0.03428	0.01666	0.0292	0.030983	0.02578	0.007832	0.003764	0.011985	0.007668	0.019536	0.02776	0.032458	0.039044	0.003563	0.037879	0.005931	0.024908	0.010025	0.033728	0.008645	0.008535	
0.022238	0.024837	0.008403	0.032977	0.01998	0.037987	0.013032	0.030612	0.020112	0.005248	0.032877	0.015268	0.00671	0.005188	0.000119	0.033802	0.039298	0.00424	0.026856	0.011827	0.017974	0.018254	0.01978	0.019776	0.013244	0.002511	0.035019	0.032258	0.019188	0.023239	0.01549	0.000336	0.012964	0.007973	0.03077	0.028008	0.016808	0.012975	0.031046	0.017984	0.016063	0.030535	0.024079	0.036695	0.007725	0.030736	0.006927	0.029387	0.031252	0.019393	
0.018631	0.002674	0.04332	0.015048	0.021113	0.031729	0.041328	0.019938	0.025698	0.025417	0.004239	0.007464	0.005181	0.030103	0.03921	0.043354	0.030535	0.004253	0.027408	0.011901	0.018432	0.039634	0.01473	0.009254	0.015098	0.032068	0.000995	0.01852	0.01547	0.01627	0.013007	0.003696	0.04133	0.034432	0.030561	0.01667	0.015656	0.002771	0.02126	0.009165	0.00286	0.017487	0.029988	0.024559	0.042951	0.0112	0.019383	0.016863	0.015747	0.001399	
0.043271	0.026911	0.001142	0.022344	0.031742	0.020403	0.014965	0.003086	0.011463	0.004393	0.025414	0.004935	0.022168	0.043133	0.000183	0.038948	0.003429	0.030318	0.034932	0.025575	0.008508	0.018176	0.012467	0.011518	0.03437	0.03253	0.012851	0.022228	0.041269	0.037868	0.031099	0.026332	0.003172	0.024405	0.00558	0.003453	0.040199	0.027665	0.011281	0.009134	0.027715	0.020904	0.000944	0.031288	0.019657	0.01538	0.005503	0.002703	0.04563	0.007416	
0.027091	0.00264	0.035552	0.033299	0.036524	0.019267	0.032995	0.006975	0.033799	0.006496	0.002295	0.017011	0.032884	0.010317	0.028474	0.032022	0.008195	0.026698	0.045085	0.014244	0.018631	0.02787	0.003766	0.037244	0.030028	0.000166	0.000512	0.00711	0.01402	0.011178	0.042811	0.040493	0.026687	0.023155	0.011789	0.004601	0.023984	9.6e-05	0.017479	0.033732	0.026846	0.007267	0.022258	0.039119	0.029214	0.004068	0.011659	0.025075	0.000822	0.006457	
0.021922	0.026363	0.033477	0.014416	0.001327	0.009468	0.03292	0.03258	0.011525	0.009517	0.008483	0.000205	0.000604	0.03092	0.03634	0.016868	0.030548	0.035334	0.015463	0.030018	0.034245	0.012723	0.018567	0.001692	0.011922	0.01074	0.019947	0.029783	0.014421	0.012566	0.033774	0.034688	0.023245	0.031362	0.015119	0.014601	0.028339	0.01671	0.012752	0.030716	0.007009	0.021071	0.031757	0.001218	0.023223	0.025969	0.011959	0.029089	0.031519	0.010976	
0.028074	0.013212	0.03578	0.007886	0.014138	0.03429	0.015383	0.012703	0.031397	0.018243	0.01685	0.026141	0.02007	0.00892	0.006125	0.004033	0.027626	0.012609	0.006683	0.026611	0.022979	0.031458	0.010193	0.016354	0.010696	0.013214	0.035641	0.008939	0.01964	0.033165	0.009051	0.035262	0.014308	0.015016	0.011551	0.019734	0.029241	0.03615	0.03715	0.013653	0.001046	0.023832	0.014309	0.032619	0.00551	0.016181	0.022698	0.024807	0.036855	0.031974	
0.017986	0.034502	0.022928	0.011742	0.001386	0.007089	0.023251	0.021838	0.006085	0.023847	0.026011	0.031786	0.035908	0.022031	0.033423	0.007662	0.032447	0.036298	0.026861	0.031793	0.02799	0.006919	0.037623	0.003129	0.009673	0.023345	0.010643	0.020959	0.007458	0.034004	0.006229	0.030735	0.016316	0.021293	0.000349	0.019811	0.001629	0.02093	0.005171	0.027141	0.015069	0.035296	0.029729	0.023957	0.00182	0.019621	0.022481	0.005464	0.030887	0.029455	
0.032986	0.01199	0.030621	0.009541	0.010736	0.030922	0.015457	0.009635	0.010362	0.02229	0.006253	0.020564	0.005544	0.016532	0.013351	0.022401	0.00018	0.033144	0.022388	0.024377	0.032949	0.036215	0.005026	0.024758	0.019997	0.014586	0.03009	0.012085	0.01432	0.014961	0.003014	0.036002	0.028316	0.020091	0.026887	0.031496	0.012751	0.031506	0.019156	0.014727	0.018063	0.013598	0.017385	0.032958	0.03035	0.018005	0.030525	0.015603	0.035087	0.010219	
0.017073	0.009803	0.02682	0.005546	0.017801	0.006345	0.044017	0.007099	0.020006	0.032506	0.028984	0.005271	0.009174	0.009715	0.005868	0.025662	0.016332	0.017478	0.006579	0.035946	0.032998	0.016493	0.033404	0.017902	0.026225	0.024672	0.022379	0.017799	0.030023	0.008184	0.010861	0.029316	0.035286	0.013497	0.041934	0.028484	0.037537	0.041986	0.021478	0.013303	0.004682	0.010853	0.002066	0.016801	0.007412	0.028718	0.027941	0.031394	0.012623	0.005724	
0.003751	0.019332	0.035046	0.031319	0.040959	0.007521	0.03908	0.034957	0.013676	0.017226	0.011037	0.020516	0.005733	0.015998	5.1e-05	0.027173	0.033299	0.005683	0.015799	0.022935	0.040997	0.017136	0.018846	0.008971	0.005818	0.032378	0.034417	0.015136	0.02208	0.022636	0.025672	0.007496	0.001575	0.008059	0.03827	0.025016	0.021368	0.033553	0.002131	0.013768	0.018358	0.035044	0.037826	0.030167	0.003854	0.004198	0.019191	0.012851	0.040373	0.001724	
0.012362	0.013153	0.011794	0.019588	0.026966	0.030556	0.003451	0.033348	0.023301	0.007933	0.03141	0.001819	0.017969	0.026108	0.017909	0.027815	0.006816	0.02308	0.012776	0.032046	0.031608	7.6e-05	0.019229	0.024537	0.020271	0.015801	0.022671	0.01727	0.019707	0.001988	0.016715	0.031223	0.018855	0.032829	0.022154	0.027208	0.016544	0.02305	0.004987	0.027664	0.028541	0.02881	0.005256	0.0032	0.035644	0.01998	0.033571	0.028704	0.02049	0.021217	
0.012878	0.009533	0.027478	0.034392	0.024082	0.004224	0.001189	0.015613	0.014552	0.024642	0.02025	0.030741	0.014274	0.028189	0.030087	0.019844	0.017987	0.031785	0.00987	0.031093	0.006808	0.009248	0.035866	0.031276	0.019572	0.020629	0.01068	0.017375	0.009241	0.004796	0.005872	0.007878	0.040243	0.039623	0.00914	0.037007	0.022615	0.02627	0.006093	0.042259	0.015346	0.022547	0.030749	0.008239	0.001468	0.034533	0.000775	0.008816	0.030106	0.042227	
0.002259	0.00443	0.019769	0.018481	0.007808	0.017343	0.019604	0.029371	0.00871	0.025014	0.005312	0.030346	0.029987	0.01297	0.015571	0.028992	0.01451	0.001126	0.003047	0.021745	0.040288	0.03364	0.03564	0.029779	0.024045	0.020791	0.015297	0.011949	0.019593	0.011096	0.023304	0.012855	0.020883	0.023034	0.016432	0.039272	0.038145	0.01387	0.016371	0.022743	0.022558	0.037782	0.018203	0.009355	0.014423	0.002552	0.018553	0.037441	0.018901	0.03481	
0.03126	0.01903	0.031523	0.033714	0.00897	0.019987	0.016799	0.014325	0.012279	0.01874	0.012621	0.002442	0.034243	0.017021	0.024187	0.01906	0.006042	0.008307	0.008935	0.020869	0.002114	0.027225	0.021204	0.01934	0.031109	0.021688	0.029954	0.014716	0.010877	0.011405	0.019713	0.034645	0.023834	0.022547	0.002287	0.02726	0.011121	0.012906	0.035648	0.031811	0.035286	0.027581	0.035525	0.001364	0.015116	0.021396	0.022941	0.02868	0.008985	0.031368	
0.015733	0.03206	0.004475	0.013085	0.019959	0.025957	0.03047	0.015919	0.011498	0.025595	0.013831	0.013448	0.006338	0.028087	0.016647	0.027478	0.021657	0.029083	0.02396	0.02763	0.025932	0.007652	0.027188	0.025491	0.032841	0.030477	0.004569	0.022545	0.032385	0.018119	0.029038	0.025837	0.02539	0.005287	0.016015	0.028754	0.005913	0.00663	0.012579	0.022187	0.012582	0.006172	0.02717	0.006987	0.030111	0.02116	0.01155	0.018294	0.027436	0.030799	
0.014744	0.007707	0.029178	0.031745	0.013622	0.031821	0.024126	0.018547	0.036731	0.019247	0.02038	0.02211	0.003499	0.026677	0.024626	0.00915	0.036127	0.006023	0.005415	0.020092	0.006139	0.006583	0.024459	0.028614	0.019717	0.036528	0.008255	0.036253	0.005747	0.000601	0.025632	0.022638	0.008103	0.032951	0.033807	0.026361	0.03775	0.006012	0.012366	0.032092	0.02058	0.032438	0.006427	0.000578	0.001532	0.025146	0.013927	0.026482	0.035246	0.025469	
0.034834	0.014686	0.011594	0.025086	0.003284	0.005423	0.008156	0.005775	0.021132	0.007189	0.02409	0.041232	0.032748	0.002422	0.035563	0.014504	0.028466	0.003405	0.011186	0.008692	0.01195	0.037382	0.006466	0.037772	0.002775	0.029854	0.037532	0.015841	0.015275	0.032909	0.042169	0.00392	0.001166	0.03257	0.037687	0.012843	0.002843	0.019111	0.04034	0.041501	0.006878	0.01041	0.022263	0.019256	0.033606	0.03432	0.019305	0.033747	0.014436	0.004406	
0.035341	0.008929	0.032736	0.037228	0.017859	0.007283	0.023509	0.025392	0.014022	0.003188	0.026071	0.000669	0.017864	0.036445	4.2e-05	0.01041	0.00127	0.029459	0.02333	0.001694	0.008876	0.02614	0.044135	0.020493	0.011319	0.0083	0.037533	0.002442	0.026515	0.000992	0.033616	9.1e-05	0.046559	0.015585	0.008517	0.046071	0.045217	0.010896	0.004866	0.021191	0.020488	0.006379	0.007117	0.048098	0.021842	0.038425	0.018035	0.03064	0.00396	0.032921	
0.026463	0.03894	0.005596	0.011521	0.038598	0.025762	0.009477	0.030288	0.032412	0.007012	0.007975	0.010681	0.018318	0.016842	0.022159	0.015832	0.024926	0.039091	0.013163	0.009144	0.035432	0.023156	0.025065	0.016351	0.03034	0.001989	0.034259	0.000425	0.013894	0.01612	0.029015	0.028742	0.021062	0.001006	0.015316	0.023545	0.038042	0.0325	0.035162	0.014586	0.03034	0.008142	0.013425	0.016591	0.023616	0.03461	0.009024	0.000977	0.016547	0.006521	
0.028747	0.030532	0.03098	0.01394	0.022439	0.029505	0.007991	0.012242	0.024108	0.022449	0.015233	0.026779	0.028408	0.000547	0.015079	0.03127	0.021474	0.023402	0.025706	0.016788	0.02458	0.032693	0.02829	0.030621	0.009285	0.004396	0.022117	0.03089	0.029085	0.027141	0.001286	0.002035	0.012761	0.028312	0.031011	0.002885	0.03048	0.022119	0.01728	0.014782	0.014342	0.019613	0.014599	0.003801	0.027886	0.008133	0.030199	0.006449	0.019609	0.025701	
0.032365	0.017982	0.001407	0.012354	0.032752	0.018319	0.03205	0.031686	0.014049	0.005151	0.017749	0.014127	0.022472	0.009562	0.018156	0.012019	0.021974	0.006425	0.033796	0.02509	0.026431	0.008515	0.003193	0.024151	0.023521	0.000975	0.036454	0.036465	0.00812	0.014477	0.036304	0.019604	0.023596	0.016075	0.017542	0.005933	0.021446	0.035909	0.014569	0.007387	0.025794	0.03512	0.031061	0.019565	0.034637	0.012198	0.022535	0.007322	0.017475	0.034141	
0.017137	0.008512	0.029444	0.023302	0.028463	0.006938	0.029698	0.001308	0.000338	0.034868	0.01149	0.024516	0.017811	0.006258	0.013153	0.020837	0.021679	0.01477	0.02868	0.019718	0.010373	0.033191	0.038306	0.020342	0.028538	0.012933	0.029029	0.030133	0.022269	0.023825	0.00851	0.010288	0.016086	0.025699	0.036909	0.03512	0.001685	0.006386	0.035142	0.023184	0.010284	0.00417	0.024163	0.038247	0.009508	0.020819	0.035953	0.019539	0.001014	0.029435	
0.034982	0.008186	0.029865	0.021858	0.031206	0.034284	0.026373	0.041459	0.036051	0.020025	0.028352	0.009019	0.030728	0.00289	0.033508	0.019368	0.014564	0.038317	0.005223	0.005387	0.012241	0.001344	0.016777	0.003202	0.01154	0.010847	0.040926	0.031329	0.00612	0.010435	0.036281	0.007276	0.022549	0.039372	0.008926	0.005525	0.013233	0.024495	0.018192	0.007577	0.038366	0.034045	0.008935	0.032304	0.006748	0.021017	0.014459	0.013454	0.020384	0.010456	
0.007804	0.034767	0.003653	0.03283	0.021463	0.004402	0.002338	0.03991	0.017216	0.043653	0.002081	0.006931	0.019656	0.001975	0.010313	0.024332	0.004803	0.025934	0.026383	0.011807	0.016488	0.027477	0.032405	0.035441	0.023541	0.010289	0.003461	0.018704	0.025822	0.025959	0.003914	0.019523	0.002326	0.017564	0.002348	0.032187	0.003893	0.034078	0.02594	0.0152	0.025662	0.043459	0.023904	0.006928	0.02272	0.040919	0.037067	0.013434	0.039672	0.027424	
0.033106	0.026802	0.02131	0.018469	0.005166	0.033123	0.029103	0.02832	0.00808	0.001651	0.013782	0.009565	0.016179	0.014092	0.001584	0.018049	0.020755	0.010675	0.040838	0.021618	0.041336	0.025141	0.006206	7e-06	0.017631	0.041522	0.008284	0.002274	0.031706	0.022744	0.01832	0.023379	0.039752	0.034626	0.033746	0.013278	0.024228	0.019859	0.031487	0.02352	0.022967	0.006809	0.019217	0.010111	0.020437	0.002401	0.021976	0.020192	0.020757	0.02382	
0.02744	0.021645	0.022558	0.005213	0.020492	0.007102	0.038713	0.033162	0.031184	0.00811	0.01333	0.013316	0.033281	0.019205	0.015649	0.026836	0.000417	0.01077	0.034592	0.024769	0.009172	0.02147	0.007583	0.024186	0.016632	0.015634	0.032806	0.00968	0.019491	0.018671	0.022484	0.006821	0.016514	0.026148	0.028162	0.002143	0.024004	0.00931	0.027054	0.031175	0.002323	0.007016	0.028343	0.02377	0.031845	0.027094	0.03531	0.000403	0.037919	0.029053	
0.029606	0.040419	0.025503	0.010216	0.008595	0.0108	0.022041	0.006391	0.026923	0.011082	0.025526	0.028582	0.038419	0.02011	0.039481	0.019684	0.014833	0.01474	0.033429	0.00404	0.011213	0.038426	0.006527	0.03631	0.006232	0.01847	0.005385	0.03174	0.012984	0.021986	0.020553	0.012247	0.016994	0.009956	0.039658	0.022563	0.019082	0.023528	0.008142	0.029071	0.020458	0.029598	0.022706	0.027929	0.004561	0.013577	0.009853	0.023725	0.020839	0.005267	
0.015997	0.02757	0.003508	0.047226	0.007154	0.022348	0.040859	0.013388	0.033712	0.012591	0.003845	0.039684	0.00337	0.040364	0.037726	0.03103	0.037766	0.024895	0.033557	0.014259	0.00278	0.004357	0.020803	0.012962	0.031038	0.033669	0.02352	0.010424	0.016097	0.005193	0.041469	0.022257	0.005225	0.008142	0.028786	0.001831	0.007425	0.002093	0.014413	0.028143	0.011772	0.002191	0.042134	0.039301	0.020379	0.036344	0.00019	0.011662	0.013277	0.011274	
0.022098	0.028872	0.032839	0.018109	0.017034	0.026103	0.017159	0.008858	0.012547	0.006955	0.020855	0.004525	0.015937	0.016166	0.032194	0.008254	0.013014	0.035543	0.017708	0.028581	0.035325	0.018909	0.038427	0.036955	0.034864	0.032316	0.031568	0.017649	0.035091	0.02843	0.004899	0.002685	0.027164	0.012902	0.00564	0.038028	0.015434	0.024147	0.028247	0.007824	0.031751	0.013985	0.002035	0.009007	0.005039	0.012262	0.020361	0.014955	0.001538	0.029212	
0.035319	0.023381	0.011528	0.013377	0.02287	0.034915	0.03474	0.035867	0.010942	0.023561	0.016043	0.002081	0.000952	0.00661	0.011753	0.003102	0.035754	0.028925	0.027893	0.010502	0.014521	0.024654	0.010274	0.02185	0.020794	0.021653	0.034625	0.015671	0.009756	0.036466	0.017301	0.004965	0.001072	0.011083	0.031522	0.035042	0.038489	0.030144	0.026375	0.00867	0.019223	0.00405	0.028537	0.009125	0.025878	0.028482	0.030855	0.012723	0.0254	0.010685	
0.021766	0.000119	0.039345	0.042492	0.011996	0.019757	0.015653	0.007338	0.035459	0.011826	0.00577	0.028038	0.001849	0.026935	0.00055	0.032599	0.040298	0.001197	0.026622	0.026453	0.018036	0.023916	0.016751	0.036401	0.02263	0.002944	0.001989	0.013704	0.039965	0.025424	0.042512	0.025172	0.000976	0.038733	0.032036	0.001093	0.032377	0.006929	0.018722	0.039878	0.001417	0.009482	0.016508	0.00319	0.007648	0.029254	0.015202	0.035457	0.024397	0.021195	
0.013206	0.011592	0.022888	0.000898	0.035347	0.01545	0.012814	0.030743	0.032809	0.032095	0.033248	0.027586	0.040926	0.036042	0.018879	0.020937	0.002314	0.016517	0.035822	0.013361	0.013896	0.005568	0.017863	0.013065	0.035845	0.025942	0.002033	0.017358	0.017184	0.001698	0.02843	0.016771	0.008515	0.032889	0.004443	0.012426	0.035817	0.005654	0.037867	0.033012	0.026694	0.023994	0.022146	0.016836	0.026599	0.007268	0.009048	0.001895	0.01314	0.03263	
0.034255	0.016221	0.028353	0.032132	0.035218	0.030082	0.02745	0.036402	0.008119	0.005136	0.032417	0.012256	0.01142	0.020992	0.01841	0.032144	0.024671	0.008757	0.015163	0.017075	0.020659	0.009625	0.01511	0.01956	0.027107	0.026527	0.023604	0.021249	0.015491	0.00738	0.02718	0.011598	0.016547	0.002149	0.013736	0.025328	0.006714	0.006634	0.029032	0.008743	0.012557	0.017168	0.008166	0.013881	0.031975	0.025771	0.028555	0.033963	0.02841	0.018908	
0.021416	0.014816	0.027491	0.041061	0.008658	0.026478	0.012042	0.038738	0.023759	0.00177	0.026767	0.024378	0.020747	0.024207	0.004832	0.013003	0.020699	0.021937	0.00145	0.029687	0.028881	0.037103	0.007163	0.004446	0.01365	0.034387	0.000565	0.021057	0.035402	0.002734	0.026298	0.040589	0.037567	0.013087	0.005416	0.008599	6e-05	0.037601	0.033232	0.027436	0.022773	0.017963	0.023397	0.036339	0.025345	0.005999	0.006171	0.003124	0.008196	0.031484	
0.003553	0.036151	0.026904	0.00179	0.002126	0.012203	0.006637	0.021122	0.00852	0.016248	0.017181	0.016073	0.028096	0.027989	0.038231	0.012628	0.033461	0.01729	0.023412	0.02081	0.02557	0.010107	0.005094	0.033832	0.034236	0.00048	0.027359	0.018534	0.007397	0.036609	0.009745	0.039102	0.012136	0.037706	0.019398	0.006417	0.021441	0.026319	0.005496	0.034182	0.036246	0.001994	0.026236	0.028648	0.012507	0.011394	0.01963	0.032205	0.021824	0.027731	
0.020894	0.016335	0.008929	0.011518	0.021777	0.020872	0.022146	0.030809	0.014164	0.017391	0.004003	0.034666	0.007923	0.010348	0.020354	0.009331	0.022609	0.030084	0.011094	0.024706	0.002123	0.01153	0.020685	0.031695	0.016907	0.013497	0.008512	0.0045	0.033437	0.013587	0.016725	0.036447	0.027825	0.026619	0.0131	0.035066	0.03624	0.033509	0.024716	0.01272	0.006656	0.009067	0.037734	0.029223	0.02308	0.029898	0.001306	0.022715	0.030043	0.030885	
0.037608	0.008509	0.039924	0.008956	0.025805	0.004447	0.01324	0.028559	0.007119	0.011209	0.036297	0.02091	0.017641	0.016675	0.016545	0.01599	0.021709	0.03148	0.033845	0.022402	0.027476	0.033835	0.037778	0.007969	0.001788	0.03989	0.005789	0.034822	0.008094	0.004718	0.032205	0.012882	0.019235	0.015032	0.031193	0.020295	0.000181	0.018642	0.024605	0.020295	0.034277	0.006216	0.015804	0.005167	0.037768	0.010832	0.031252	0.006625	0.006094	0.030371	
0.000777	0.042135	0.035174	0.023167	0.038563	0.000478	0.00902	0.009973	0.033321	0.022194	0.032558	0.031255	0.015105	0.006984	0.00127	0.011897	0.038119	0.012369	0.011673	0.027423	0.003184	0.032843	8.6e-05	0.02143	0.029362	0.036318	0.014235	0.033115	0.035244	0.023668	0.004181	0.007066	0.002355	0.02404	0.005878	0.042201	0.008324	0.019733	0.017507	0.021872	0.014623	0.004174	0.010913	0.018515	0.040314	0.010417	0.025084	0.019726	0.034206	0.035931	
0.032143	0.000533	0.02641	0.030908	0.037236	0.034848	0.020944	0.016932	0.020046	0.019707	0.007581	0.010366	0.035323	0.003177	0.022043	0.000791	0.02031	0.000276	0.039241	0.007178	0.017335	0.035083	0.039804	0.031244	0.025032	0.034394	0.011843	0.018527	0.014744	0.008053	0.036653	0.000893	0.014372	0.031682	0.018909	0.019799	0.025436	0.003872	0.031477	0.019332	0.038243	0.019824	0.014556	0.007407	0.011144	0.030062	0.026126	0.007195	0.006397	0.014569	
0.02945	0.001357	0.033885	0.002562	0.016156	0.03358	0.021967	0.010766	0.010437	0.004485	0.009209	0.017915	0.023257	0.019989	0.026969	0.012689	0.015937	0.019565	0.033494	0.025697	0.007237	0.014577	0.028604	0.027525	0.016506	0.028781	0.027281	0.002742	0.007809	0.013741	0.015272	0.028665	0.025299	0.01109	0.031426	0.002345	0.032729	0.032341	0.019769	0.024587	0.028122	0.033699	0.029971	0.033945	6.8e-05	0.020289	0.034039	0.013471	0.013347	0.025357	
0.034935	0.021584	0.016092	0.008952	0.032608	7.3e-05	0.033751	0.004541	0.024199	0.034583	0.002606	0.004055	0.032338	0.032597	0.005519	0.024974	0.014637	0.021504	0.032606	0.001437	0.035144	0.022674	0.016699	0.007371	0.019858	0.034896	0.003889	0.019254	0.011736	0.027237	0.024856	0.017224	0.018149	0.035223	0.003564	0.033448	0.01822	0.013636	0.011782	0.027959	0.014166	0.033199	3.4e-05	0.036729	0.03043	0.014699	0.023518	0.012823	0.025746	0.022246	
0.009079	0.006849	0.02472	0.005673	0.032194	0.034618	0.019258	0.029109	0.030858	0.018805	0.022462	0.007526	0.011607	0.02866	0.034215	0.023636	0.027213	0.019404	0.027596	0.016553	0.016559	0.010779	0.019664	0.019793	0.022365	0.026981	0.000383	0.016239	0.030463	0.00808	0.024402	0.027195	0.00272	0.00662	0.015528	0.007932	0.017947	0.023909	0.02471	0.011168	0.002409	0.033663	0.035878	0.024029	0.024476	0.018856	0.011665	0.035598	0.01941	0.030544	
0.004547	0.03067	0.027953	0.031611	0.022518	0.041643	0.012033	0.040508	0.014607	0.015961	0.026281	0.013587	0.012707	0.030625	0.024632	0.040302	0.005766	0.028776	0.03318	0.022392	0.004805	0.026742	0.001756	0.029709	0.023084	0.022358	0.029152	0.005505	0.010475	0.010271	0.040669	0.032751	0.009844	0.022251	0.011511	0.019525	0.002786	0.013588	0.017962	0.00361	0.025634	0.025211	0.013605	0.00755	0.037968	0.006626	0.002397	0.033749	0.004452	0.024155	
0.000343	0.028728	0.003539	0.016472	0.026579	0.026632	0.000707	0.042761	0.043422	0.03789	0.002616	0.025825	0.009527	0.033297	0.004754	0.02271	0.023038	0.009908	0.007994	0.00515	0.00091	0.003494	0.035102	0.023567	0.003337	0.011556	0.035647	0.00945	0.003818	0.042429	0.034467	0.015977	0.037166	0.03441	0.010013	0.021738	0.023218	0.006535	0.035178	0.019246	0.034973	0.000361	0.002901	0.024802	0.01399	0.004794	0.036151	0.026489	0.033307	0.043082	
0.030952	0.023833	0.022495	0.019993	0.004791	0.003078	0.038145	0.021512	0.007424	0.021745	0.035702	0.003028	0.010969	0.000406	0.027414	0.001888	0.02543	0.016936	0.020472	0.024414	0.013324	0.036211	0.03925	0.037071	0.017029	0.005913	0.013514	0.030614	0.023866	0.01692	0.01579	0.026245	0.027879	0.009754	0.017371	0.023726	0.017386	0.004742	0.017367	0.005351	0.034248	0.018092	0.003139	0.03657	0.00085	0.009948	0.03075	0.029809	0.033804	0.04284	
0.026462	0.013937	0.036995	0.017688	0.031687	0.019707	0.021747	0.007906	0.032441	0.016789	0.019064	0.008672	0.019029	0.01092	0.004571	0.03584	0.040396	0.014999	0.03862	0.03003	0.018337	0.015913	0.025423	0.026522	0.035482	0.037211	0.018476	0.016574	0.009506	0.007111	0.034288	0.039222	0.009482	0.030615	0.016422	0.007772	0.028651	0.008095	0.037261	0.006994	0.006171	0.00454	0.00221	0.030325	0.010573	0.000255	0.022483	0.018399	0.007615	0.020572	
0.000525	0.008735	0.032151	0.009998	0.036555	0.013053	0.014838	0.028984	0.03546	0.000623	0.004177	0.005965	0.03442	0.032647	0.023168	0.033899	0.014905	0.038429	0.016389	0.010526	0.023322	0.007905	0.040575	0.019072	0.021431	0.035767	0.011547	0.024767	0.038834	0.000874	0.035249	0.002918	0.004658	0.006925	0.030689	0.020083	0.02557	0.032462	0.011045	0.014807	0.01938	0.00906	0.029697	0.016277	0.03441	0.023585	0.008707	0.026019	0.019318	0.0096	
0.011642	0.021707	0.040605	0.020569	0.01735	0.024231	0.012261	0.010126	0.03966	0.035063	0.024738	0.035911	0.025061	0.032395	0.005557	0.00868	0.000278	0.020141	0.00553	0.036382	0.00821	0.005812	0.008486	0.0016	0.0299	0.014981	0.011256	0.041222	0.009752	0.034264	0.039655	0.006762	0.009004	0.042597	0.042511	0.033002	0.001556	0.001437	0.030756	0.031625	0.001762	0.001254	0.007402	0.018799	0.03227	0.033232	0.022115	0.025697	0.012428	0.012766	
0.022199	0.017556	0.00098	0.027641	0.003527	0.024222	0.03648	0.028443	0.01885	0.001567	0.012817	0.021036	0.024274	0.033328	0.027939	0.003632	0.006575	0.004916	0.03718	0.010299	0.023566	0.019637	0.031498	0.012515	0.033016	0.002272	0.019687	0.028828	0.003733	0.037252	0.014896	0.00716	0.01261	0.020422	0.019108	0.031989	0.007473	0.019943	0.024512	0.023886	0.018014	0.03546	0.023934	0.033483	0.023896	0.006098	0.021146	0.031819	0.035103	0.013583	
0.013615	0.015164	0.037365	0.024704	0.008956	0.015039	0.028532	0.034287	0.020809	0.008373	0.003734	0.015784	0.031983	0.017246	0.010623	0.010138	0.0306	0.025302	0.03572	0.033078	0.014957	0.001598	0.028678	0.036307	0.032321	0.013084	0.031544	0.013826	0.015571	0.030812	0.007791	0.007435	0.037216	0.033465	0.016031	0.01541	0.029514	0.000803	0.019203	0.00189	0.028778	0.024373	0.017255	0.022015	0.009923	0.010918	0.030135	0.013316	0.014852	0.019927	
0.022394	0.012643	0.016371	0.003427	0.015189	0.027583	0.016927	0.040572	0.023657	0.040108	0.028385	0.006432	0.031774	0.022081	0.032189	0.042911	0.012001	0.010923	0.036024	0.003856	0.022867	0.024067	0.024596	0.004396	0.01256	0.013675	0.014749	0.018355	0.007182	0.008735	0.028246	0.018831	0.018662	0.021225	0.01526	0.006301	0.035627	0.03842	0.042682	0.006092	0.001046	0.016909	0.026735	0.010677	0.014481	0.025021	0.005471	0.027675	0.040299	0.003711	
0.026254	0.012284	0.015008	0.016462	0.018824	0.025692	0.032522	0.025395	0.014288	0.006707	0.015338	0.027313	0.001052	0.004197	0.000267	0.028775	0.034332	0.011404	0.013249	0.00884	0.033511	0.032604	0.013793	0.005555	0.037932	0.016355	0.005794	0.019332	0.00822	0.035038	0.007889	0.014639	0.030303	0.032438	0.019801	0.02276	0.028647	0.025869	0.030365	0.023511	0.017901	0.025048	0.004025	0.039301	0.005649	0.018021	0.009168	0.039611	0.031734	0.026983	
0.004927	0.036694	0.00179	0.021133	0.010107	0.03964	0.035958	0.041792	0.020274	0.001146	0.043056	0.020843	0.030324	0.034893	0.027337	0.001107	0.039936	0.001964	0.020407	0.019275	0.035507	0.005781	0.002411	0.012691	0.021709	0.012024	0.016282	0.032963	0.003766	0.020351	0.027736	0.002341	0.031038	0.002588	0.003192	0.032989	0.002661	0.025993	0.015682	0.026725	0.040196	0.016457	0.029157	0.022842	0.006886	0.00081	0.000767	0.035863	0.025836	0.034153	
0.031988	0.036465	0.025468	0.027835	0.006686	0.030794	0.036618	0.026713	0.025183	0.037705	0.027226	0.000839	0.015069	0.016446	0.028716	0.029154	0.025685	0.011963	0.031122	0.038798	0.015458	0.014568	0.022956	0.019069	0.015663	0.015492	0.004264	0.034849	0.000668	0.009234	0.019681	0.029302	0.017486	0.000419	0.025576	0.006708	0.028652	0.021097	0.013981	0.037851	0.000637	0.020671	0.004119	0.005041	0.032274	0.022441	0.000847	0.007849	0.031576	0.011098	
0.044479	0.029017	0.000737	0.002645	0.014614	0.019452	0.028322	0.001831	0.022755	0.035692	0.006737	0.019869	0.008998	0.000288	0.029093	0.022751	0.037517	0.002169	0.038677	0.012575	0.00808	0.003397	0.033718	0.017723	0.036216	0.04021	0.019534	0.030342	0.004756	0.037101	0.018161	0.001552	0.017345	0.03806	0.001993	0.042328	0.037805	0.012893	0.022219	0.017937	0.034303	0.008669	0.012244	0.007253	0.000744	0.001631	0.026231	0.035154	0.028158	0.026025	
0.005652	0.033918	0.005143	0.017803	0.016573	0.005701	0.01176	0.036455	0.004261	0.022262	0.03364	0.030102	0.007627	0.016347	0.031918	0.014209	0.030946	0.000262	0.026797	0.025859	0.026675	0.032162	0.021957	0.02277	0.008789	0.001703	0.032238	0.019564	0.035107	0.031563	0.018786	0.019606	0.010037	0.025589	0.003175	0.008531	0.027956	0.021279	0.012827	0.033339	0.033489	0.010418	0.035766	0.017309	0.011888	0.000687	0.012852	0.029285	0.022639	0.034779	
0.024121	0.023789	0.028997	0.01223	0.012348	0.031436	0.037194	0.02796	0.03147	0.02149	0.000285	0.034684	0.008055	0.02508	0.023659	0.000396	0.021147	0.022526	0.0317	0.032967	0.030384	0.011944	0.000906	0.001948	0.01745	0.023074	0.026133	0.006244	0.008129	0.02855	0.031177	0.003916	0.03573	0.034115	0.008037	0.027366	0.003781	0.037186	0.002227	0.013169	0.014461	0.020696	0.036855	0.01107	0.014237	0.008329	0.03586	0.014381	0.028603	0.012508	
0.043025	0.029731	0.011695	0.042315	0.010381	0.022581	0.0235	0.038464	0.01735	0.013683	0.023829	0.003036	0.017424	0.010697	0.043963	0.027923	0.031246	0.015488	0.000315	0.023814	0.0374	0.016141	0.001421	0.005034	0.035238	0.028012	0.037651	0.002632	0.003473	0.005112	0.033907	0.018263	0.019683	0.000681	0.029719	0.014563	5.8e-05	0.025969	0.037789	0.005491	0.009012	0.002576	0.031889	0.03947	0.030232	0.000305	0.019515	0.031638	0.015289	0.011377	
0.03294	0.017737	0.008715	0.004635	0.039129	0.009606	0.007796	0.020117	0.014587	0.023159	0.002773	0.023097	0.024339	0.038594	0.026411	0.005802	0.027747	0.020559	0.010148	0.028646	0.035233	0.016952	0.00476	0.039024	0.001547	0.022787	0.032228	0.00015	0.034103	0.000667	0.024174	0.021597	0.025666	0.039825	0.016467	0.001393	0.016841	0.028718	0.011573	0.010472	0.007508	0.033107	0.037146	0.021656	0.037126	0.001023	0.006209	0.01578	0.029728	0.040003	
0.013001	0.032406	0.010527	0.030964	0.009801	0.021965	0.011261	0.019128	0.032933	0.002259	0.022752	0.028589	0.017255	0.002201	0.032245	0.007695	0.032233	0.029972	0.034436	0.015456	0.012631	0.019541	0.004059	0.034058	0.025002	0.022331	0.021268	0.033936	0.015924	0.019647	0.017315	0.002777	0.011299	0.023716	0.009676	0.01602	0.018448	0.023104	0.031599	0.008933	0.028324	0.035214	0.007089	0.024676	0.023822	0.011172	0.027087	0.030941	0.001794	0.031518	
0.043157	0.02191	0.002017	0.004833	0.037417	0.037626	0.004808	0.022518	0.00732	0.044199	0.000627	0.024163	0.027867	0.038352	0.008903	0.029711	0.034319	0.014339	0.037505	0.012298	0.03106	0.030968	0.001107	0.003847	0.008551	0.022548	0.009627	0.003728	0.009154	0.01559	0.043477	0.012374	0.029503	0.046194	0.036629	0.005537	0.003451	0.021825	0.03444	0.044627	0.001258	0.011929	0.022382	0.010495	0.021722	0.006442	0.016808	0.027041	0.006578	0.007219	
0.019077	0.033811	0.025465	0.02069	0.000104	0.011679	0.024249	0.02463	0.02222	0.013873	0.029211	0.034419	0.036273	0.005266	0.018651	0.012483	0.008366	0.034049	0.016834	0.015383	0.000736	0.012492	0.009222	0.010049	0.006801	0.021991	0.023353	0.003419	0.028526	0.018479	0.011336	0.043099	0.013772	0.043563	0.005332	0.004691	0.029865	0.043367	0.00208	0.030032	0.039832	0.01343	0.010755	0.020377	0.038099	0.002495	0.03352	0.021157	0.020183	0.031214	
0.029656	0.024538	0.035744	0.027748	0.030624	0.012301	0.017104	0.032426	0.016007	0.002028	0.030525	0.025825	0.026064	0.002117	0.030951	0.01793	0.030912	0.006341	0.015672	0.015304	0.014301	0.037059	0.038039	0.013266	0.021869	0.015624	0.005577	0.026523	0.031868	0.018281	0.021352	0.011516	0.014448	0.009483	0.027481	0.008709	0.027949	0.011828	0.035872	0.016736	0.035563	0.003564	0.030629	0.029152	0.003084	0.024927	0.003159	0.008655	0.003845	0.019824	
0.028335	0.011621	0.030713	0.028302	0.042301	0.0028	0.033867	0.012421	0.028763	0.043024	0.025961	0.013344	0.009316	0.00575	0.027688	0.016844	0.015855	0.028056	0.020184	0.031451	0.000757	0.009522	0.019304	0.010912	0.002956	0.017655	0.008057	0.030433	0.013846	0.017696	0.02379	0.023579	0.017705	0.015744	0.038142	0.028778	0.021955	0.026282	0.001342	0.029161	0.018955	0.025003	0.015242	0.012172	0.018912	0.037712	0.006802	0.010886	0.035812	0.004292	
0.014383	0.015778	0.023396	0.032879	0.029984	0.013517	0.013907	0.017256	0.028956	0.034407	0.019061	0.013488	0.035071	0.024181	0.001575	0.027894	0.002442	0.033461	0.005594	0.00915	0.005071	0.004028	0.023702	0.036645	0.015722	0.010922	0.011347	0.026839	0.003105	0.009855	0.01605	0.023295	0.02325	0.035639	0.017916	0.030489	0.009026	0.034972	0.034215	0.03516	0.027064	0.034731	0.009543	0.022752	0.013575	0.004158	0.025148	0.017673	0.019378	0.02235	
0.017253	0.019909	0.012851	0.016038	0.003014	0.002732	0.00294	0.024721	0.017744	0.01401	0.003567	0.022741	0.033634	0.037969	0.008689	0.029363	0.026079	0.016456	0.030358	0.011006	0.038265	0.031054	0.000257	0.031487	0.027474	0.021467	0.029421	0.02942	0.006178	0.01981	0.010466	0.008408	0.035862	0.025381	0.013099	0.026583	0.021578	0.037082	0.021566	0.001249	0.025392	0.024728	0.019789	0.025935	0.001024	0.028453	0.028208	0.010828	0.018677	0.029785	
0.007989	0.00754	0.016657	0.032291	0.003033	0.018065	0.012926	0.026903	0.030469	0.02171	0.037911	0.003036	0.027086	0.020872	0.008028	0.027011	0.034465	0.018862	0.034521	0.0197	0.023911	0.017478	0.007096	0.017687	0.016355	0.036942	0.002684	0.016488	0.037765	0.021726	0.009168	0.00642	0.02095	0.02158	6.2e-05	0.016252	0.001276	0.027492	0.026227	0.034765	0.018081	0.033576	0.006281	0.034605	0.0344	0.023431	0.034713	0.008807	0.016458	0.018249	
0.010277	0.021891	0.035262	0.005868	0.029563	0.027246	0.014015	0.036781	0.030366	0.010669	0.006999	0.005063	0.012179	0.027752	0.01312	0.017453	0.024409	0.00671	0.031257	0.031047	0.021689	0.017223	0.022338	0.011936	0.001442	0.021836	0.001189	0.02557	0.031728	0.034988	0.010231	0.020936	0.015562	0.024361	0.014506	0.022217	0.037996	0.017871	0.033519	0.010219	0.002417	0.006915	0.008685	0.032115	0.03234	0.028784	0.032889	0.014373	0.015889	0.030309	
0.011193	0.015812	0.014695	0.015179	0.009768	0.020133	0.008865	0.028468	0.014868	0.010799	0.006548	0.024337	0.032981	0.038006	0.036811	0.020653	0.00655	0.029949	0.008376	0.034026	0.003656	0.035689	0.031097	0.003837	0.003135	0.018798	0.016785	0.028413	0.032622	0.02596	0.022133	0.002485	0.011542	0.000125	0.031074	0.033396	0.019319	0.034319	0.010449	0.026079	0.016177	0.033289	0.028334	0.03529	0.027048	0.00237	0.019072	0.013951	0.012612	0.032927	
0.021769	0.035814	0.030488	0.02671	0.017611	0.035825	0.036569	0.024221	0.036675	0.033305	0.008377	0.012358	0.002082	0.026725	0.017145	0.025872	0.024196	0.000592	0.004318	0.032248	0.039335	0.038239	0.024896	0.00598	0.00327	0.017306	0.004195	0.036046	0.008929	0.002188	0.038344	0.009966	0.038419	0.015529	0.007284	0.027954	0.013896	0.000896	0.026869	0.006698	0.032862	0.01216	0.023533	0.023964	0.014538	0.02321	0.018992	0.005073	0.009434	0.017095	
0.01002	0.01465	0.007839	0.031065	0.01753	0.032014	0.024594	0.00751	0.023731	0.022277	0.031441	0.015093	0.023793	0.028441	0.017483	0.03402	0.013612	0.026589	0.032344	0.021073	0.009359	0.024227	0.011459	0.001032	0.005532	0.036248	0.018165	0.03274	0.03024	0.027706	0.012376	0.002825	0.02322	0.004881	0.004055	0.009287	0.016148	0.019421	0.027838	0.028522	0.019377	0.005901	0.035997	0.009515	0.029511	0.032316	0.000836	0.019113	0.028547	0.038487	
0.02638	0.026472	0.016305	0.016826	0.016227	0.007674	0.04061	0.03611	0.006173	0.001343	0.006404	0.009454	0.037247	0.01527	0.008422	0.006433	0.024306	0.006276	0.006411	0.012585	0.028731	0.039155	0.029053	0.036395	0.032303	0.007767	0.000805	0.007196	0.002669	0.015432	0.0402	0.002165	0.0313	0.004133	0.026525	0.029449	0.039869	0.022883	0.005994	0.01618	0.011939	0.024482	0.029755	0.030603	0.023729	0.032978	0.025	0.037051	0.018773	0.020558	
0.034588	0.019931	0.036477	0.021824	0.004806	0.030098	0.024268	0.040422	0.007046	0.029896	0.029113	0.034738	0.009355	0.005095	0.038531	0.032719	0.027104	0.025129	0.024911	0.007022	0.003359	0.025055	0.002094	0.027051	0.027798	0.007884	0.036152	0.041298	0.033629	0.041536	0.003854	0.008398	0.030184	0.005633	0.009116	0.000864	0.02299	0.002219	0.028809	0.017963	0.005101	0.007822	0.039183	0.004008	0.035996	0.001513	0.002136	0.031009	0.007227	0.007046	
0.025183	0.025261	0.005244	0.02549	0.015583	0.001382	0.015128	0.010459	0.00796	0.028374	0.016165	0.024802	0.019198	0.039689	0.002513	0.04008	0.009015	0.011325	0.038394	0.005117	0.024702	0.002762	0.023393	0.024086	0.015064	0.011397	0.00802	0.026624	0.020546	0.031306	0.006117	0.036349	0.015785	0.018294	0.008908	0.015227	0.038568	0.027127	0.019623	0.02728	0.037406	0.017423	0.02953	0.023387	0.026989	0.014638	0.011444	0.014201	0.03299	0.024452	
0.08