50
2
0.93406	0.094464	0.945369	0.429632	0.395458	-0.567821	0.952549	-0.987539	-0.494035	-0.130417	0.558766	-0.60463	0.725986	0.966801	-0.672316	0.194668	-0.982028	-0.226857	-0.91168	0.913306	-0.127707	0.897955	0.572612	0.732579	-0.653669	-0.850103	0.201485	-0.664056	0.46676	-0.183112	0.055818	0.875143	0.043392	-0.783613	-0.683553	0.090405	0.048808	0.27522	-0.197009	0.29961	-0.2062	0.247832	0.53481	-0.642052	-0.248848	0.005066	0.373334	-0.492641	0.109482	0.249862	
0.791002	-0.274293	0.275114	-0.617107	-0.004412	-0.635109	0.836766	-0.136356	0.660376	-0.166447	0.809335	-0.19035	-0.337651	0.144278	0.690887	0.722029	0.191376	-0.830677	0.194533	-0.509093	0.465187	0.789303	0.029468	0.207127	-0.869864	0.080149	-0.741626	0.229126	-0.272699	0.535516	-0.902932	-0.780364	0.368046	0.029307	0.143283	0.687414	-0.024525	0.620289	0.020487	0.853441	0.333856	-0.702546	-0.270894	0.73155	-0.29943	-0.621948	-0.054757	-0.214438	0.23786	-0.126467	
-0.478156	-0.175056	-0.161932	0.804844	0.959233	0.247138	-0.833632	0.465997	0.357371	0.652046	-0.305097	-0.88224	0.223644	-0.751971	0.519059	0.588847	-0.182746	0.887595	-0.65244	0.885172	-0.069021	0.525987	0.50564	0.96242	0.946556	-0.919818	-0.968057	0.086581	-0.932245	0.314969	0.069805	0.333117	-0.117319	-0.455057	0.899338	0.456539	-0.987352	-0.801344	0.263384	-0.423926	-0.184757	0.563062	-0.291709	0.851617	0.440904	0.103853	-0.63807	-0.180817	0.525764	0.981594	
-0.852695	-0.730495	0.480089	0.667563	-0.822454	0.658836	0.573465	0.376443	-0.320147	-0.110919	-0.267328	0.680932	-0.343356	-0.35485	0.870582	0.839975	0.937348	0.615098	-0.826169	-0.818179	0.114164	0.712368	0.768396	0.273697	0.911609	-0.696229	-0.556838	-0.33501	-0.48639	-0.37559	-0.763109	-0.24932	-0.940452	0.075563	0.891657	-0.10975	0.248306	0.223625	0.866758	0.469038	0.649642	-0.328301	0.814929	-0.629582	-0.184035	0.474904	-0.333087	0.772268	0.721312	-0.669764	
-0.538508	-0.89513	0.717442	-0.32155	-0.213507	-0.459269	-0.753544	-0.086122	-0.530566	0.126306	-0.59447	0.022775	0.896652	-0.256333	0.908438	-0.885588	0.09761	0.199595	0.923507	0.85037	0.021812	0.518972	0.951811	0.473001	0.907912	0.877788	-0.036466	0.319788	-0.640301	-0.125953	0.732248	0.154464	-0.441093	-0.754421	-0.53629	-0.750015	-0.532439	-0.23284	-0.914203	0.677421	-0.192379	0.134738	0.272268	-0.734316	-0.834585	-0.686936	0.972449	-0.79097	-0.154688	0.750125	
0.168551	-0.964933	0.777405	-0.231705	-0.66454	-0.32564	0.188296	-0.92451	0.286617	0.220213	-0.542412	-0.147964	-0.61297	-0.95734	0.16784	-0.109286	0.684113	-0.601889	-0.118802	0.334909	-0.863331	-0.289327	0.372073	-0.509856	-0.272045	0.154727	-0.181129	0.753563	0.719763	0.667954	-0.147458	-0.61974	0.277726	-0.14369	0.011614	0.302103	0.879883	0.616499	-0.753567	0.814924	0.354135	-0.36115	0.459986	-0.050072	0.122065	0.143649	-0.697022	-0.276036	-0.128531	-0.88455	
0.447465	-0.34639	-0.046294	0.896116	0.735937	-0.453808	-0.199457	0.142468	-0.761036	0.592369	-0.352496	-0.768743	0.4144	0.029816	-0.945799	0.125567	0.528418	-0.937915	0.315175	-0.499716	-0.129447	-0.855665	0.064457	0.877658	-0.390369	-0.872925	0.696453	0.895187	-0.017858	0.817019	0.817281	0.469038	0.662655	-0.675992	0.691078	-0.168715	-0.426626	0.123725	0.714986	-0.133663	-0.844462	-0.425443	-0.429378	0.394103	0.910132	0.100295	-0.492775	0.40626	-0.704546	-0.876742	
0.298015	-0.248495	-0.098385	-0.852035	-0.040624	0.212288	0.965024	-0.95706	0.033494	-0.026466	0.250282	0.706347	-0.003934	0.145162	0.005109	0.592884	0.81387	-0.354678	0.448794	0.309512	-0.253424	0.606992	0.390107	-0.016253	0.143845	0.897879	0.28034	0.269782	-0.23872	0.563809	0.744768	-0.381018	-0.347176	0.346393	-0.42229	-0.836572	-0.423802	0.394157	0.005331	0.160127	0.252475	0.070209	0.922608	0.621327	0.926764	0.386689	0.603428	0.502767	0.882195	-0.319095	
-0.351157	-0.976157	-0.864384	0.923349	-0.050146	-0.756725	-0.784232	0.0352	0.303003	0.668235	0.142891	-0.332195	0.401614	-0.624615	-0.334417	-0.758137	0.361378	0.079303	-0.121052	-0.539468	0.687384	-0.207071	0.824599	-0.456413	0.274504	0.474963	-0.661453	-0.63585	0.529313	-0.821169	-0.043299	-0.834353	0.927499	0.670398	-0.535251	0.686837	0.495044	-0.783107	-0.466195	0.28369	0.414293	-0.312759	-0.742032	-0.010261	0.527984	0.042241	-0.611202	-0.391317	0.514753	-0.078599	
0.530487	-0.647973	0.369858	0.599163	0.774925	-0.403346	0.824311	0.171367	-0.411666	-0.938086	0.329342	0.898803	0.149	-0.399437	-0.340476	-0.018656	0.967931	-0.138907	-0.225588	-0.010929	-0.556569	-0.418509	0.620165	0.785752	-0.259552	-0.035804	0.807015	0.426835	-0.084482	0.916238	0.770916	-0.074927	-0.613162	0.672114	0.795247	0.343913	0.610777	-0.961962	0.241247	0.614041	-0.428286	-0.689257	0.780916	0.56468	-0.283564	0.155341	-0.544165	-0.337372	0.373199	0.522371	
0.759237	0.317798	0.598853	-0.620886	0.438197	0.961719	0.817557	0.568575	0.785998	-0.089834	-0.364542	0.277729	0.170975	-0.919284	-0.460188	0.168901	-0.870201	-0.874496	-0.247249	-0.757652	-0.170565	0.349761	-0.055532	-0.962858	0.857029	-0.498128	-0.985222	-0.114881	0.701209	0.867275	-0.733624	-0.861805	0.669405	0.688477	0.829765	0.580964	0.672753	0.635495	-0.920381	-0.64781	-0.912836	-0.998187	0.953194	0.998728	0.111061	-0.704029	-0.727651	0.823012	0.835483	0.169525	
0.444616	0.199222	0.425893	0.956643	-0.130384	-0.845585	-0.844181	0.308274	-0.88223	-0.783978	0.766121	0.876008	-0.772926	-0.558142	0.981336	0.8393	0.256387	-0.052072	0.579705	-0.02446	0.95134	0.536524	0.274102	-0.775842	0.44079	-0.765065	-0.707377	0.724942	0.146745	0.125957	0.396856	0.690643	0.893539	-0.870755	-0.919604	-0.844882	0.955992	0.06818	-0.24887	0.218527	-0.757479	-0.222421	-0.407858	0.349656	-0.686855	0.946093	-0.917694	-0.794158	-0.669478	0.979639	
-0.483382	0.373927	0.356165	-0.24298	-0.403974	0.490616	-0.835976	-0.956116	-0.188674	-0.353562	-0.858524	-0.827393	0.001432	0.910203	0.399269	-0.64014	-0.283794	0.362147	-0.845138	-0.606664	-0.860809	-0.058105	0.090647	0.725994	-0.936217	-0.723722	-0.445405	-0.171827	-0.391468	0.981052	-0.291917	0.815405	0.986978	-0.41611	-0.690853	0.705789	-0.970814	-0.749027	-0.607908	-0.953903	0.271135	-0.966993	-0.453137	0.113775	0.343705	-0.756173	0.078042	0.418956	-0.907728	-0.07359	
-0.259833	-0.855625	0.162336	-0.845489	0.369315	0.006338	0.728286	-0.043612	0.70515	-0.28467	-0.044582	0.204164	0.382391	-0.389187	-0.902204	0.398008	0.51824	0.757604	0.215168	0.595731	-0.635711	-0.313766	-0.202091	-0.328602	-0.345797	0.285966	0.669172	0.051701	0.458943	0.184149	0.410823	0.199285	-0.724103	0.721554	-0.663739	-0.449372	0.069025	0.355737	0.856992	-0.707241	-0.902591	0.226185	0.14706	0.458708	-0.634632	0.566762	-0.871667	-0.741613	-0.644269	-0.824183	
-0.913589	0.295692	0.954316	-0.160194	-0.696824	-0.408815	-0.511203	0.431108	0.243759	0.222672	0.969304	-0.448177	0.252294	-0.207834	0.4745	-0.277196	0.657546	-0.446686	0.384559	-0.579719	0.521788	0.03715	-0.526292	0.484986	-0.766915	0.426064	0.530506	0.07463	0.066422	0.518426	0.132386	-0.85074	-0.852374	0.912035	-0.01345	0.32854	-0.270741	-0.284969	0.36998	-0.378436	-0.797385	-0.338756	-0.763054	0.951998	0.698244	0.273292	-0.85526	-0.123587	0.788582	0.231845	
-0.214569	-0.254215	-0.647852	-0.993908	0.077211	0.333942	-0.586203	0.172167	-0.183864	-0.769662	0.06485	0.659165	0.205687	-0.207527	-0.953138	-0.488169	0.209221	0.37355	-0.343257	-0.596343	0.53977	-0.818168	-0.167745	0.231556	0.014181	-0.890584	-0.584175	-0.652903	0.023223	-0.588646	0.499026	-0.829358	-0.210295	0.765239	0.902975	-0.376382	-0.589333	-0.958855	0.398388	-0.85488	0.99453	-0.399824	0.925349	0.447433	-0.175129	-0.356916	0.341993	0.861123	-0.465879	0.290236	
-0.132212	-0.922804	-0.897768	-0.908975	-0.907538	-0.385982	0.595064	0.887675	-0.178087	0.5506	0.774674	-0.48699	0.254983	0.907576	0.151556	0.445459	-0.76346	-0.185814	-0.286023	0.561294	-0.725341	0.533446	0.096735	0.280708	0.863799	0.533905	0.073306	-0.453289	-0.219281	-0.535476	-0.481523	0.29705	-0.239594	0.943356	-0.549594	0.417432	-0.459255	0.75434	0.023248	0.775779	0.777596	0.988225	0.528463	0.256368	-0.032326	0.750984	-0.023815	0.890079	0.496351	0.125855	
-0.468615	-0.34161	-0.689387	0.536019	0.335378	0.486636	-0.065408	0.912412	-0.678737	-0.366312	-0.089951	-0.916647	0.441114	-0.435666	-0.536906	0.244669	0.70739	-0.938609	0.044997	-0.114111	0.967632	-0.281962	-0.799373	0.948741	-0.078995	-0.033637	0.054003	-0.492659	0.297749	0.436886	0.213654	0.175884	-0.157421	0.30335	-0.857929	-0.269977	-0.958052	0.1482	0.88517	0.863683	0.426896	0.061604	0.55869	-0.533089	-0.420704	-0.316012	-0.103415	0.766116	0.595158	0.029284	
0.037379	-0.645434	-0.260521	0.371457	0.765053	0.214852	0.424015	0.583442	0.332006	0.666425	0.36484	0.740614	0.751046	0.836094	0.501812	-0.978891	0.107284	-0.810797	0.720532	-0.066334	-0.973178	-0.29142	0.624188	0.613388	0.850697	0.251279	0.436414	-0.802495	-0.390603	-0.778444	0.19525	-0.096261	-0.611701	0.404369	0.66239	-0.666608	0.721743	-0.41148	0.636164	0.250005	0.032631	-0.119591	0.742558	0.181333	0.58888	0.927259	-0.650227	-0.495116	0.274641	-0.63723	
-0.703134	0.890417	0.78106	0.76152	-0.490735	0.050735	-0.024761	-0.927301	-0.93189	-0.68661	-0.199509	-0.657802	-0.910562	-0.15462	0.539913	-0.93555	0.220655	-0.309004	0.944161	0.48004	0.773029	0.559786	0.28107	-0.872196	-0.149321	-0.880279	0.886703	0.217181	-0.637155	-0.482884	-0.315191	0.287726	-0.432362	0.8879	-0.442978	0.726876	0.093619	-0.765426	-0.301558	-0.387284	0.982981	-0.162383	0.264231	-0.303413	0.685839	-0.020585	0.04	0.738397	-0.569711	-0.161337	
0.36512	0.236972	0.351846	0.927305	-0.479909	-0.426729	0.689631	-0.056566	-0.987691	0.791896	0.777494	-0.232484	-0.225167	0.93103	-0.329091	-0.753106	0.349056	-0.477357	-0.659095	0.357476	-0.849046	0.983608	-0.532794	-0.271108	0.870943	0.241573	-0.980786	0.848776	-0.342975	-0.719326	-0.489266	0.120226	0.522896	0.084964	-0.032074	0.51163	0.862066	-0.019933	-0.807706	-0.72116	0.866143	0.875839	0.462446	0.215923	0.750896	0.571989	0.449324	0.098734	0.447367	-0.287405	
0.712898	0.607042	0.094027	-0.877038	-0.189833	-0.059432	-0.64975	0.191167	-0.931869	-0.425175	-0.701026	0.102826	-0.728602	-0.635765	0.910201	-0.481014	0.043678	-0.533651	-0.951024	0.432424	-0.269101	-0.056724	-0.970742	-0.629335	0.111597	0.354186	0.289058	0.895103	-0.275392	0.724094	0.501758	0.39619	0.68755	0.782072	0.39415	-0.875171	-0.620372	0.126704	0.110034	0.938748	0.131428	0.621055	0.262282	-0.818278	-0.282089	-0.051042	-0.705292	-0.068208	0.175282	0.59463	
0.316771	0.701285	0.71981	-0.87114	0.854394	-0.144025	0.254259	-0.431632	-0.414753	-0.014084	0.888333	-0.133043	0.9241	0.87777	0.561849	-0.161635	-0.223692	0.559908	-0.194317	-0.863297	0.735685	-0.382129	0.338586	0.541903	0.387768	0.940528	0.0186	0.872282	-0.907715	-0.085559	0.074605	0.181634	-0.547205	0.62004	0.791072	0.895919	-0.264827	0.98619	-0.231655	-0.487978	0.421591	-0.938056	-0.597855	-0.736515	-0.356806	0.788733	-0.734061	0.949253	0.511979	0.644163	
-0.051888	0.870549	0.208039	0.805733	-0.341229	0.92048	0.959796	-0.19189	-0.673997	0.94851	-0.517882	0.599451	0.883904	-0.952448	0.452656	-0.873362	0.047589	0.711442	-0.838471	-0.576073	0.568946	0.407453	0.522202	0.03156	-0.452679	-0.316659	0.435731	0.976255	-0.381694	-0.535839	-0.356052	-0.854415	-0.648958	0.651056	-0.775399	-0.685777	0.679687	-0.521943	0.889734	-0.40713	-0.636411	-0.191865	-0.986522	-0.154006	0.092654	0.955223	0.43906	-0.228322	-0.257884	-0.167372	
-0.538071	-0.657169	-0.645964	0.579937	0.985654	0.023377	-0.431584	0.183607	-0.669443	0.129986	-0.366828	0.528295	0.943365	0.967522	-0.872788	-0.598988	-0.511753	0.923433	0.494509	-0.672425	-0.946723	-0.312832	-0.488769	0.678553	0.892751	-0.475432	0.606451	-0.371029	-0.149155	-0.999122	0.283959	-0.875467	-0.015427	-0.691572	0.718002	-0.608806	-0.079693	0.091953	-0.247914	-0.730139	-0.589096	0.054995	-0.829564	0.752723	0.641512	-0.811439	-0.841927	-0.050517	-0.929186	0.985724	
-0.80182	0.055744	0.011132	0.147963	-0.224492	0.068002	-0.172127	-0.826945	-0.766197	0.855435	-0.183736	0.372777	0.695501	-0.767228	-0.731423	0.30217	-0.407148	-0.028089	-0.131822	-0.326787	0.504123	0.498213	-0.653904	-0.099793	0.777906	0.890483	-0.216475	0.678903	-0.308767	-0.718974	0.473708	-0.072479	-0.931214	-0.043522	-0.499569	-0.145178	-0.334896	0.428965	-0.77782	0.090086	-0.248282	-0.090425	0.299194	0.01002	0.096261	0.420472	-0.252838	0.460305	0.370563	-0.364709	
0.277545	-0.086728	-0.281676	0.346197	-0.658169	-0.668738	-0.37135	0.746655	-0.565832	-0.011437	0.87806	-0.919987	0.20627	0.377449	-0.572751	0.943264	-0.528735	0.024849	0.107211	0.005805	0.620598	0.205937	-0.043162	-0.305418	0.719867	-0.155142	-0.863347	-0.673247	0.428681	-0.497613	0.061752	0.74078	-0.83664	-0.681603	0.926701	0.845554	0.878459	-0.345351	-0.335829	-0.214735	0.804565	-0.716988	0.038195	-0.472735	-0.457757	-0.853659	-0.211694	-0.885455	-0.081238	0.415205	
-0.422595	-0.318117	-0.842882	0.898571	-0.85284	0.538441	0.321522	-0.651761	-0.791319	-0.490738	-0.548042	-0.100607	-0.329709	-0.669968	0.313037	-0.88067	-0.501612	0.541617	0.764579	0.587995	0.469285	-0.700714	0.677687	-0.883641	-0.352787	0.1842	0.661645	0.676926	-0.575862	-0.910294	-0.513013	0.075149	0.856884	0.559966	-0.182165	0.778625	-0.367169	-0.197887	0.864196	-0.897726	-0.571099	0.766761	0.236916	-0.220159	0.246674	-0.543872	-0.185967	-0.728455	-0.416099	0.788192	
-0.04747	0.941234	0.222634	0.467233	-0.584764	0.840472	-0.694876	0.449338	0.413361	-0.852178	0.182222	0.205517	0.68941	0.112908	0.799154	0.560066	-0.916474	0.347373	0.078421	0.013711	0.67581	-0.133006	0.084883	0.79449	-0.341617	0.737861	-0.99802	-0.580436	0.555399	0.072773	0.013456	0.511206	-0.664019	-0.059076	-0.419371	0.680757	-0.598657	-0.993781	0.261989	-0.792879	-0.612742	0.003004	-0.281766	0.206367	0.552344	0.950309	0.207858	-0.356029	-0.457384	-0.08042	
0.415029	0.485399	-0.441523	-0.881429	0.832482	0.168265	-0.709931	-0.100111	-0.899057	-0.214144	-0.142896	-0.442782	0.044026	-0.739469	-0.962774	0.91701	0.248316	0.633268	0.02009	0.136165	-0.793149	0.099542	0.303479	0.760529	-0.166765	-0.41095	-0.527279	0.674618	0.426699	0.851919	-0.118135	0.160026	-0.618782	-0.085036	0.285577	-0.134041	0.401443	0.623072	0.551872	0.91376	-0.921621	-0.586854	0.431623	-0.900724	-0.122196	0.23933	0.933189	0.747529	0.31399	0.36441	
0.759488	-0.730319	0.204672	-0.774586	0.0768	-0.880852	0.264977	0.75151	0.305387	0.491375	0.085123	-0.225789	-0.07179	-0.03096	-0.771643	-0.484344	0.112246	0.222747	0.078895	0.816466	-0.405109	0.60209	-0.239592	0.641269	0.899553	-0.365717	0.088529	-0.020077	-0.74488	-0.998252	-0.799071	0.512731	-0.898193	-0.632145	-0.417058	-0.607946	0.918025	-0.025528	-0.15963	-0.533777	0.074451	0.400245	-0.959227	0.133122	0.654404	-0.732951	0.255451	0.264092	-0.669735	-0.405002	
-0.619211	0.607605	0.416527	0.366679	-0.277299	-0.095336	-0.042824	-0.622601	0.176384	-0.663288	0.186101	0.971086	-0.857461	-0.187477	-0.342827	0.105085	0.248612	0.046614	0.005162	0.657037	0.760515	-0.558344	0.497978	-0.041595	-0.618127	-0.799024	-0.286896	-0.868607	0.282657	-0.577977	0.205688	-0.398939	-0.566494	0.240202	-0.515333	0.79005	-0.517487	-0.888054	-0.545586	-0.224134	-0.199988	-0.223675	0.008046	-0.488266	0.226645	-0.110272	0.667544	0.209168	0.441331	-0.198078	
0.971842	0.774608	0.678274	-0.310125	0.772148	0.376276	-0.357595	-0.439324	-0.860144	0.542543	0.330803	0.688585	-0.94203	-0.646214	0.590189	-0.597083	-0.904443	0.549824	-0.904097	0.143628	0.956371	-0.625556	-0.069992	0.062083	-0.880967	-0.491551	0.746181	0.856904	-0.936933	0.413136	0.769745	-0.260021	0.355543	0.074627	0.564364	0.648289	0.434098	-0.169587	-0.443805	-0.767187	-0.945217	0.802523	0.768906	-0.417186	-0.10004	-0.910553	-0.417046	-0.122558	0.294042	-0.097225	
0.374822	-0.878282	0.853857	0.912528	-0.046429	0.153972	0.525512	0.306732	0.370632	-0.227303	-0.455313	0.344517	0.979748	-0.770979	-0.687177	0.042504	0.026886	0.035524	-0.890992	0.02767	-0.637343	0.252356	-0.706267	-0.15137	0.80193	-0.493174	0.777052	0.350527	0.669028	-0.385054	0.934483	0.247342	0.016955	0.567716	0.409535	-0.572893	0.064293	-0.761686	-0.331057	-0.007888	-0.261893	-0.405626	0.275952	-0.979935	0.7396	0.279273	0.257667	0.007991	-0.411679	0.218745	
-0.593619	0.37766	-0.286942	-0.788753	0.699966	0.959113	0.781352	-0.554631	0.523251	0.359378	0.63244	-0.874586	0.153862	-0.909626	-0.355886	0.381675	0.399167	0.546704	0.641359	-0.185916	0.726673	0.423817	-0.027296	0.523606	-0.25655	-0.642934	0.393423	-0.421153	-0.705549	-0.591965	0.576925	-0.330942	-0.926131	-0.450582	0.785413	0.306927	-0.995645	0.685063	-0.82194	0.254422	0.789872	-0.703408	-0.954966	0.983319	0.448353	-0.345017	0.803429	-0.348606	-0.182473	-0.678351	
-0.637801	-0.419323	0.64779	0.420327	0.329566	-0.04286	0.896103	0.581323	-0.516278	-0.01357	-0.571714	0.221015	0.510166	-0.796621	0.290188	0.606469	0.506238	-0.2939	0.647779	0.12271	0.003628	0.656529	-0.993803	0.722582	0.532931	-0.565479	-0.75142	0.87583	-0.800138	0.595373	-0.818354	0.124965	-0.332195	-0.631891	-0.887932	0.388024	0.6093	0.51481	-0.684376	0.277927	-0.252912	-0.377444	0.331349	-0.49688	-0.392027	0.180908	-0.348635	-0.879486	-0.275313	-0.744178	
-0.361131	-0.690085	0.968034	-0.122323	0.472131	-0.57958	-0.322969	-0.723206	0.822804	-0.881647	-0.758607	-0.191402	-0.726297	0.438159	0.35079	-0.209447	0.366525	0.975271	-0.646666	-0.786667	-0.769119	-0.51819	-0.02203	-0.253159	-0.144539	0.536707	0.764905	-0.367995	0.498758	0.359637	-0.341808	0.813337	0.484286	-0.65227	0.6141	0.640364	-0.493879	-0.672991	-0.138002	0.524934	-0.006134	0.915179	0.137918	-0.431828	0.873993	-0.989414	0.334864	-0.222633	-0.735631	-0.446846	
0.987741	-0.957253	0.452538	0.998588	-0.334083	-0.928276	-0.598008	-0.699023	0.761547	-0.815393	0.089184	0.759677	0.074748	0.876278	-0.620226	0.539999	-0.238972	0.390007	-0.179497	-0.228238	-0.223081	-0.717967	-0.206128	0.270011	-0.583103	0.400437	0.229173	0.566697	0.868746	0.918041	-0.071895	0.429423	0.542325	0.494222	-0.245167	-0.913147	-0.805107	-0.720416	0.580516	-0.837095	-0.588961	-0.478194	-0.551465	-0.294457	-0.939889	0.692863	-0.158756	0.837845	-0.018377	-0.801188	
-0.799899	0.507887	-0.899548	-0.994133	-0.839342	-0.668261	0.96432	0.491507	-0.22066	0.73505	0.322799	0.013135	-0.025434	-0.913004	-0.639847	0.115813	0.695935	-0.448195	0.812083	-0.643178	-0.202639	0.431779	-0.573323	0.733204	-0.593822	-0.23149	-0.308564	0.050338	0.272827	0.866414	-0.686236	0.682528	-0.26004	-0.21779	0.93455	0.141416	-0.784373	0.099237	-0.902192	0.88915	-0.589592	0.915676	0.218014	0.080262	-0.670797	-0.310683	0.949021	-0.667768	0.43504	-0.105663	
-0.410891	-0.667118	0.760986	0.906868	-0.826857	-0.494395	-0.509127	0.679563	0.072572	-0.677542	0.377846	0.001308	0.262617	0.175674	0.952686	0.105978	0.009724	0.943558	0.162073	-0.457316	0.498999	0.063324	0.747012	-0.826415	0.961516	0.787707	-0.297194	0.634786	0.941146	0.78501	-0.682556	0.224111	-0.104818	0.691897	-0.169041	-0.103004	-0.726149	0.748849	0.476049	0.624071	0.198488	-0.080292	0.459244	-0.17248	0.269019	-0.823906	-0.776559	0.974076	0.302025	-0.083835	
0.198239	0.74801	0.352632	0.891202	-0.6164	0.088201	0.564133	0.179441	-0.506813	-0.274345	-0.272382	-0.394316	0.302143	0.691842	0.278054	-0.266232	0.371802	-0.948575	0.757122	-0.445157	0.978559	-0.593266	-0.69366	-0.234117	0.888884	0.921806	-0.910322	0.289591	0.151308	0.975366	0.226498	-0.626032	0.546428	0.902637	0.652583	-0.616809	-0.958031	0.439017	0.361057	0.693097	0.350591	0.187126	0.9353	0.509374	-0.784006	-0.387105	0.404466	-0.424592	0.976945	-0.860542	
0.96917	0.396856	0.422851	-0.607339	-0.261733	0.424538	-0.266703	0.376701	0.015967	0.876827	-0.025305	-0.550633	-0.072456	0.550454	0.331896	-0.439088	-0.448494	0.373634	-0.641257	0.053743	0.950862	-0.551261	0.8838	0.975903	0.688866	0.93256	0.221355	-0.468694	0.437375	0.205803	-0.237787	0.825656	-0.379945	0.472425	-0.900489	-0.761485	0.232607	-0.922683	-0.344367	-0.872573	0.611822	0.917665	0.497493	-0.457906	0.259219	0.338581	0.36241	-0.945152	0.14813	0.285626	
-0.462458	0.291179	-0.579342	0.070318	0.14257	0.720901	-0.920697	-0.253728	-0.134	-0.87872	0.697298	-0.640572	-0.205107	-0.59273	-0.171851	0.129192	-0.591239	-0.215673	0.978492	0.504121	0.755588	0.378982	-0.719629	-0.700194	-0.741219	-0.395463	0.764972	-0.232045	-0.295147	-0.784724	-0.644155	0.864949	0.772355	-0.842059	-0.399647	0.398206	-0.995264	-0.31338	0.887706	-0.724441	0.2656	-0.506951	0.288681	0.49892	-0.080877	0.181893	0.473873	-0.735836	-0.054079	-0.247133	
0.124241	0.203101	0.208304	-0.100624	0.098686	0.547167	-0.636982	0.810356	0.651524	-0.490686	0.049175	0.589816	0.452787	-0.648505	0.929225	0.726711	-0.523582	0.152632	0.961488	-0.919336	-0.284323	-0.391006	-0.515819	0.329267	0.691593	-0.679569	-0.421146	-0.411731	-0.269416	-0.754579	0.305904	-0.172052	0.666101	0.30687	0.921342	-0.701216	-0.404345	-0.407182	-0.322139	-0.410082	0.590872	0.321261	-0.892696	-0.812997	0.390667	0.500045	0.907641	0.65711	-0.064992	-0.293346	
0.773048	0.376868	0.789497	-0.551005	0.558633	0.996535	-0.853624	-0.484112	-0.672154	0.395915	0.362063	-0.804522	0.13225	0.976719	0.489743	0.895494	-0.451573	0.646042	0.66139	-0.784814	0.71808	0.147068	-0.403959	-0.739563	-0.17228	0.628189	-0.596679	0.449693	-0.524976	-0.286774	0.291012	-0.356738	-0.871228	-0.157177	-0.86174	-0.888255	-0.520709	0.871472	0.166215	0.789163	0.218183	0.93032	-0.456221	0.247275	-0.154453	-0.526239	0.119956	0.990699	0.458506	-0.708366	
-0.366305	0.906716	0.827774	0.885595	0.67842	-0.081844	-0.636088	-0.140792	0.957865	-0.912259	0.379416	-0.438472	0.646521	-0.716818	-0.079503	0.964344	-0.146755	-0.852387	-0.603022	0.410835	-0.682866	0.820888	0.970176	0.240358	-0.163949	-0.638902	0.097462	0.960555	0.465634	-0.310146	0.793471	-0.763637	0.615851	-0.469356	-0.89556	0.582342	0.069363	0.928759	-0.619357	-0.97874	0.123482	0.068968	0.359066	0.646749	0.446424	0.987118	0.39418	0.895033	-0.803177	0.970004	
0.266607	-0.44946	-0.195667	-0.064591	-0.928995	0.260658	-0.857356	-0.791122	0.242821	-0.440001	0.721496	0.14084	-0.612242	-0.719094	0.742454	0.242628	0.536338	0.994001	-0.802769	0.799304	0.482179	0.058611	-0.616961	-0.727539	-0.603589	-0.477767	-0.741904	0.813303	0.500864	-0.929717	-0.327005	-0.269173	0.718427	-0.570476	-0.004596	0.541286	0.18984	-0.3806	0.505897	-0.537302	-0.866898	0.33428	-0.74616	-0.502856	0.918727	0.748194	-0.592659	0.52105	-0.802429	-0.389183	
0.604082	-0.510892	-0.856341	-0.97849	-0.182811	0.654468	0.962953	0.319874	0.776023	0.132732	-0.4247	0.685565	0.102076	0.834518	-0.186125	-0.622731	0.377614	-0.639117	0.544205	0.427846	-0.852068	-0.353739	0.152043	-0.968514	0.396027	-0.768935	-0.697923	-0.875399	-0.334367	0.177015	0.49453	0.488802	-0.826343	0.833324	0.007634	-0.002258	0.83053	-0.867611	0.287221	0.755018	0.068106	-0.545428	0.925428	0.101343	-0.656631	-0.302768	0.147748	-0.712681	0.271328	-0.805041	
-0.188077	0.185433	0.3045	-0.039341	-0.995518	-0.179237	0.427835	0.109026	0.533955	0.05222	0.40948	0.37861	0.675085	0.747885	0.34619	-0.287685	-0.93857	0.141159	-0.439341	0.643751	0.069307	-0.718688	-0.228565	0.700901	0.497809	0.226581	-0.961922	-0.263699	-0.512876	-0.633904	-0.208488	-0.008778	0.433188	0.042845	0.339071	0.937395	0.552467	-0.582449	0.404677	-0.069781	0.671194	0.547855	-0.673589	0.639239	-0.032631	-0.18341	-0.325549	0.118993	0.860541	0.990166	
0.631405	0.653141	0.281871	0.865731	0.967331	-0.355435	-0.789272	0.53194	-0.338921	0.286691	0.838657	0.821118	-0.36864	-0.427707	0.430843	-0.577073	0.781506	-0.260211	-0.20457	-0.580942	-0.591386	-0.835393	0.04293	-0.847114	0.725909	0.658858	0.529672	-0.28762	0.758913	-0.332156	0.195021	0.24876	0.243839	-0.182795	0.850798	-0.240769	-0.088228	0.993034	0.577931	0.862386	0.488777	-0.936909	0.923046	0.148013	-0.497238	0.445929	-0.123552	-0.442486	-0.286864	-0.403847	
0.302344	0.597237	-0.485352	-0.582245	-0.431386	-0.952655	-0.545223	-0.663268	0.231708	-0.952735	-0.239312	0.766105	-0.002791	-0.416459	-0.843365	-0.349188	-0.309261	0.120155	-0.344552	-0.469775	-0.244255	0.370914	0.544291	-0.733727	-0.972019	0.617695	-0.279926	0.00401	-0.916394	0.0462	0.711758	0.844851	0.774974	0.295596	-0.843544	0.145504	0.012781	-0.205411	-0.430717	-0.96182	-0.898076	0.646773	-0.841644	-0.577479	0.201502	0.987742	0.379255	0.855811	-0.179266	-0.378134	
0.010017	-0.447134	0.208918	-0.797851	-0.464435	-0.213336	0.195686	-0.519517	-0.614728	0.620991	-0.236333	-0.372152	-0.7822	0.452085	0.422881	-0.520992	0.484965	-0.957359	-0.770105	0.115803	0.199188	-0.223191	-0.65155	0.34469	-0.897733	0.350551	0.324124	0.964583	-0.052224	-0.547553	0.192882	-0.910464	0.470079	-0.932993	0.182842	-0.743153	-0.978553	0.52954	-0.744924	0.889966	0.905259	0.169633	0.451816	0.903549	-0.821817	0.837816	0.527517	-0.287962	-0.931959	0.820664	
-0.551121	-0.900798	0.310452	-0.029876	0.070089	0.980171	0.534217	-0.39178	0.111515	0.387184	0.328448	-0.9252	0.981187	-0.960124	-0.147523	0.548412	-0.923444	0.096684	0.45157	0.755504	-0.459973	-0.916887	-0.850013	0.883083	0.538491	0.78632	0.752584	-0.572368	-0.509743	-0.091145	0.958855	-0.792354	-0.517099	0.447088	0.286562	0.757073	-0.178128	0.852908	-0.039048	-0.356702	0.240934	-0.347206	-0.591017	-0.995644	-0.927239	0.686358	0.983755	-0.636547	-0.362718	0.099791	
-0.585069	-0.875434	-0.167326	0.900315	-0.052535	-0.18015	0.415615	-0.787882	-0.352096	0.01164	-0.454591	0.558998	-0.745182	0.321973	-0.075195	0.874459	-0.894053	-0.925258	-0.371612	-0.338473	0.526069	0.68225	0.638186	-0.594549	-0.081158	0.612801	0.299594	-0.333008	0.932071	0.651085	-0.319508	-0.85836	0.176568	-0.509558	-0.796162	0.37081	-0.745525	0.574403	-0.424173	-0.170575	0.118747	0.793762	0.204895	0.28567	0.727786	-0.473215	0.120218	-0.822227	0.07398	0.486334	
-0.679285	0.320149	-0.603653	-0.767099	0.932066	0.828618	-0.64454	0.423221	-0.98691	0.229044	0.340515	-0.123269	0.185742	0.324664	-0.702186	-0.461183	0.605626	-0.108437	0.48444	0.52323	0.56492	0.276231	0.851874	-0.244053	-0.249905	-0.324112	0.735645	-0.468163	0.760149	-0.35585	0.59406	0.457587	0.723627	-0.311895	0.966144	-0.481142	0.82051	-0.474365	-0.930119	0.686576	0.056159	-0.221906	0.928129	-0.945068	0.703849	-0.825244	0.877216	0.002335	0.896732	-0.740639	
0.877352	-0.107799	-0.522856	0.572122	-0.290943	-0.029131	-0.851127	0.493772	0.169336	0.664773	-0.627902	-0.154843	-0.369906	0.778239	-0.981238	-0.10074	0.472034	-0.743106	-0.307907	0.545855	0.911149	0.25417	0.69019	-0.260235	0.204573	0.87746	-0.889572	-0.174982	0.379336	-0.568733	0.797984	-0.396584	-0.256692	-0.621496	0.165697	0.272792	0.858838	-0.756996	-0.960085	-0.858274	-0.480071	-0.986699	0.751083	0.115228	0.623113	0.339367	-0.305637	-0.049199	-0.007766	-0.961702	
0.841644	-0.57786	-0.977079	-0.417925	0.706205	-0.046103	0.30491	-0.835432	0.356453	-0.406956	0.332706	-0.264934	-0.482993	0.273226	0.369338	0.141911	0.820963	-0.16022	0.667603	-0.839249	0.960462	0.025043	0.360128	0.187192	-0.056076	0.117424	-0.131117	-0.819083	-0.746112	0.476684	0.776155	0.877575	-0.283924	0.34999	0.772601	0.931635	-0.668607	-0.771857	0.960069	-0.954939	0.856548	0.921153	-0.783174	0.988606	0.087181	-0.49453	0.110861	-0.417987	-0.834291	-0.766928	
-0.497527	-0.019164	0.501018	-0.73205	0.40127	0.481602	0.78908	0.614776	-0.06073	-0.941271	-0.208144	0.98242	0.254877	-0.126212	0.732343	-0.344945	-0.397188	0.472956	-0.718914	0.771281	0.61548	0.3826	0.250046	0.454247	0.156661	0.243751	0.618919	-0.574505	-0.245381	-0.13943	0.049193	0.413566	-0.522718	-0.870777	0.705255	-0.654647	0.427123	-0.910881	-0.439814	0.250314	0.877375	0.77087	0.169956	0.674011	-0.767425	0.845963	0.680985	0.341478	-0.928053	-0.638549	
-0.803265	0.337451	0.633104	0.902827	0.386514	-0.237993	-0.649296	0.662655	0.564998	-0.594	0.22226	0.454217	-0.963793	-0.156961	0.994367	0.17564	-0.036066	0.029842	0.865978	0.957263	-0.405726	-0.79002	0.97703	-0.511956	0.08393	-0.755637	0.538474	0.964347	0.117491	0.584428	-0.21488	-0.239811	-0.38893	0.976248	-0.476556	-0.954438	0.844168	-0.247782	-0.482773	0.510064	0.646523	-0.825623	-0.578689	0.587654	0.077407	-0.330675	0.703122	-0.144727	0.117673	-0.635182	
-0.894402	0.125139	-0.762748	0.786055	0.3393	-0.988014	0.21264	-0.539154	0.572899	-0.04502	0.464781	-0.446557	0.10569	-0.22376	0.204143	-0.84492	0.594106	0.718439	0.373423	-0.607782	-0.520865	-0.963804	0.062761	0.934796	-0.758661	0.204769	-0.085145	-0.992642	-0.165959	-0.50961	-0.672619	0.980277	0.617395	-0.873756	-0.76677	-0.845539	-0.157497	0.869767	0.810898	0.930419	-0.678041	0.018555	-0.448921	0.60255	-0.631285	-0.173988	-0.470052	0.83909	0.362918	-0.495246	
-0.979173	0.092183	-0.28782	0.673911	0.293558	-0.110986	0.719387	0.062991	-0.4059	0.218719	-0.854855	0.652479	0.165735	-0.968058	0.356562	-0.824916	-0.900821	0.656872	-0.284944	0.594501	-0.943374	-0.321208	-0.92606	0.094386	-0.596334	0.976198	-0.469748	0.239105	-0.461278	-0.345868	0.49752	-0.965859	0.824971	0.197637	0.44518	0.369581	-0.029904	-0.675773	-0.122683	0.821794	0.62131	0.53685	-0.906346	-0.121705	0.556337	-0.181003	-0.876912	0.320617	0.575386	-0.384249	
0.283194	-0.617415	0.008095	0.322538	-0.297711	-0.175084	-0.496171	0.361021	0.434737	0.065515	-0.31899	0.889329	-0.793015	0.854899	0.81176	-0.124953	-0.373806	-0.81506	0.431445	0.315662	0.642553	-0.256317	-0.568349	0.11577	0.40635	0.904397	0.774178	-0.619118	-0.017493	0.505281	0.450863	0.155	-0.486296	-0.130425	-0.312819	-0.265739	0.870841	-0.674043	0.380703	0.232919	0.492881	-0.059421	0.744998	-0.386185	-0.654922	0.483867	0.833387	-0.159934	-0.036097	-0.633807	
-0.509548	-0.498486	-0.813333	-0.654621	-0.615413	0.387657	0.161273	0.639458	-0.513563	-0.255579	0.855888	-0.91576	0.561402	-0.845059	0.356755	0.784435	0.287264	-0.633163	0.509731	-0.110802	-0.927201	-0.896422	-0.645254	0.450523	0.583606	-0.040072	0.561554	0.902135	-0.221416	0.622322	-0.23965	0.977621	-0.819037	0.660163	0.256122	-0.342244	0.283726	-0.104056	-0.216964	-0.618768	0.081417	0.515605	0.898016	-0.873574	0.386225	0.334493	-0.118738	-0.303091	0.478721	0.693368	
-0.63006	-0.323901	0.899079	0.909182	0.847403	0.155715	0.830986	0.826493	-0.558677	0.321918	0.60655	-0.33385	0.292895	0.699581	0.68815	-0.394266	-0.414585	-0.064353	-0.160395	-0.124145	0.779958	0.104439	0.528788	0.733108	-0.955718	-0.905846	0.372817	-0.590982	-0.351024	-0.563131	0.512954	0.685646	-0.064948	-0.64739	-0.54495	-0.767042	-0.457293	-0.674624	-0.777492	-0.756017	-0.71227	0.813921	0.694626	-0.210041	-0.011299	0.65433	0.725471	0.463478	0.984584	-0.182037	
-0.624288	-0.793953	0.54469	-0.509278	-0.628884	0.071107	0.537624	0.818671	-0.62226	-0.315917	-0.439111	-0.534104	-0.034055	0.084232	0.526791	-0.803235	-0.879346	-0.689314	-0.849073	-0.558672	-0.452461	0.433969	-0.951319	-0.722584	-0.057158	-0.470809	-0.118909	-0.142956	0.090534	0.750834	-0.233223	0.294856	0.660889	-0.622105	0.150812	0.678822	-0.684037	-0.154315	-0.433905	0.12664	0.285653	0.844598	0.160968	0.947942	0.162105	0.227919	-0.224766	0.357533	-0.59415	0.310305	
0.733482	0.668518	0.785685	0.388698	0.194152	0.845614	0.962843	0.844465	-0.810043	0.709243	-0.569212	0.43723	0.44868	0.190904	0.487597	-0.466176	0.654533	-0.48453	0.45925	-0.475053	0.657101	-0.296871	0.370995	0.912342	-0.655818	0.501083	-0.110617	-0.834505	0.830066	0.697466	-0.493228	0.847124	-0.778469	-0.106656	0.189054	0.872246	0.981125	-0.616601	0.32879	-0.865027	0.098644	0.867779	0.615992	0.337642	0.014925	0.830112	0.043304	-0.196054	-0.086639	-0.507658	
0.745879	-0.185144	-0.711712	0.587293	0.857987	-0.258555	-0.77911	-0.956947	-0.887035	0.833399	0.185413	-0.146008	0.699412	0.935621	0.233433	0.985488	-0.940557	0.539526	-0.477735	-0.432948	0.209613	-0.109389	0.014756	-0.72807	0.259926	-0.38595	-0.607023	-0.670371	0.315963	-0.807431	0.574415	0.450497	-0.719014	0.18739	-0.575842	0.038749	0.080571	-0.765933	-0.970973	-0.128795	-0.446116	-0.248753	-0.390663	-0.997781	0.992251	0.369866	-0.096486	-0.873086	0.489389	-0.887681	
0.007799	-0.863644	-0.727324	-0.819881	-0.657521	-0.621902	-0.661689	-0.004378	-0.321504	0.989501	-0.767828	-0.838531	-0.430291	-0.320325	0.104592	0.430062	0.75099	0.75681	-0.227684	0.016773	-0.977269	0.663753	-0.619273	-0.965203	0.43528	-0.184011	-0.83609	-0.571076	-0.846873	0.036927	0.305542	0.086711	0.193303	-0.945502	-0.367822	-0.838448	-0.154786	-0.132752	-0.854644	0.675908	-0.72653	0.149618	0.77233	0.839375	-0.471721	-0.550943	-0.553461	-0.506636	0.328274	-0.534615	
0.253653	-0.848755	-0.176068	0.27796	-0.206121	0.514586	-0.657907	0.643776	0.124037	0.05257	0.948678	0.881074	0.851256	0.40108	0.452192	-0.028868	-0.054909	-0.220794	0.083909	-0.995202	0.907644	-0.908613	0.213421	0.430356	0.477611	-0.34221	-0.146497	-0.050476	-0.629559	-0.103309	-0.953489	-0.088557	-0.86212	-0.515727	-0.953423	-0.90691	0.179982	-0.799585	-0.472011	0.879925	0.316043	0.938133	0.496545	-0.656933	0.885019	0.73404	0.633017	-0.907554	-0.256157	-0.638084	
-0.570947	0.332992	0.783678	0.433212	-0.629668	0.666226	0.276849	0.782746	-0.022598	-0.102274	-0.38837	-0.968993	-0.630145	-0.090114	0.472736	-0.484163	0.444047	-0.840276	-0.174823	0.243483	-0.61813	-0.2266	0.302495	-0.589155	-0.455892	0.083101	0.225475	0.588756	0.550866	0.738965	0.59146	0.863729	0.117001	0.984844	0.822693	-0.28187	-0.11225	0.263724	0.702171	0.596168	-0.566253	0.173223	0.332999	-0.964805	0.417147	-0.89888	0.66622	0.991606	0.770136	-0.412212	
0.002902	0.625301	-0.888279	0.061206	-0.850613	0.261632	-0.327488	0.606895	0.637	-0.299663	-0.802709	-0.942913	0.302232	0.074582	0.570999	-0.831859	-0.817957	0.205086	-0.552708	0.40374	-0.6124	-0.636992	-0.389969	-0.14589	0.152176	0.910462	-0.481982	0.655792	-0.456752	0.479594	0.756526	-0.841499	0.272665	0.317623	0.091991	-0.10513	0.084485	0.814424	-0.916827	-0.143761	0.169314	0.233011	-0.017963	-0.675656	0.651759	0.608007	0.933443	-0.631128	-0.976026	0.755317	
-0.853005	0.570236	0.777554	0.762231	-0.419581	0.93825	-0.589592	-0.88153	0.095742	-0.679949	-0.536209	0.377134	-0.590898	-0.892996	-0.579673	0.06337	0.870499	0.019779	0.333882	0.734358	0.594238	0.721717	0.071741	0.206716	-0.699253	-0.909013	0.329781	0.064281	0.356449	-0.493037	0.981463	-0.643565	0.956422	-0.514077	-0.578626	0.631479	-0.254993	-0.003957	-0.352372	0.27441	-0.508594	-0.792436	0.109797	0.213126	-0.234793	0.516393	0.442675	-0.124778	0.873051	0.751118	
-0.227832	-0.867874	0.360496	-0.100326	0.159087	-0.90403	-0.758725	-0.40611	-0.030693	-0.455085	0.453997	-0.071336	0.633352	0.889739	0.172564	0.012409	0.087477	0.57955	0.616412	0.279899	-0.198576	0.59553	-0.643567	0.476602	-0.110424	0.858475	0.279698	-0.915222	0.166303	-0.524484	-0.273954	-0.374288	-0.682221	-0.796519	0.060779	-0.706165	0.432612	-0.966392	0.129166	0.200174	0.865459	-0.513217	-0.575389	0.227095	0.55452	0.700073	0.841208	0.187725	0.618194	0.328886	
-0.686123	-0.702383	0.441504	0.911831	-0.176429	-0.714831	-0.026717	-0.581025	-0.449305	-0.258427	0.377741	0.970268	-0.699215	0.920126	-0.187139	-0.367499	0.958246	-0.993708	0.712975	0.237521	0.355012	0.411303	0.752029	-0.124445	0.801484	0.394017	-0.636386	-0.223203	-0.897173	-0.131068	-0.304688	-0.641782	0.739939	-0.001459	0.591636	0.683875	0.657947	0.606215	-0.142993	0.73913	-0.049457	0.617965	-0.181577	0.013168	-0.900357	-0.660867	-0.210055	0.252456	0.625068	0.856376	
0.825038	0.050753	-0.104752	0.845138	-0.727375	-0.868915	0.752483	0.206857	0.514439	-0.233627	-0.54624	0.348403	0.173511	0.795641	0.558244	0.917797	0.332167	0.269289	0.345799	0.731862	-0.401908	-0.548418	0.607699	-0.588903	-0.232827	0.365354	-0.046817	-0.253128	0.861663	-0.217865	0.381688	0.085734	-0.382811	0.025558	0.738614	-0.915497	0.293749	-0.829784	0.987751	0.391476	-0.106943	-0.291393	-0.787645	-0.219247	-0.945612	-0.652436	0.687542	0.010684	-0.068787	-0.285272	
-0.224849	0.309793	-0.330835	-0.40591	-0.315416	0.267036	0.331385	0.692183	0.738243	0.065457	-0.959579	0.88409	-0.984733	0.978379	-0.576935	0.90951	0.358945	0.138517	0.220739	-0.999223	-0.638615	0.798447	0.94602	-0.230152	0.556849	-0.28812	0.849966	-0.453663	0.740081	0.91498	-0.720228	-0.321186	-0.677253	-0.644695	-0.092284	0.694067	0.945264	-0.87742	0.282687	0.865613	-0.251754	-0.338133	0.829166	-0.410229	-0.825852	0.951665	0.131338	0.770222	-0.276236	0.485985	
-0.062944	0.015328	-0.806666	-0.539208	-0.941026	0.667182	0.87655	-0.192024	0.426177	-0.452302	-0.658141	-0.180852	0.963139	-0.237621	0.432185	0.326792	-0.052008	-0.25988	0.39747	-0.173615	-0.940253	-0.065103	-0.955886	0.745911	-0.25217	-0.603559	0.394046	-0.91251	0.840682	0.090274	0.653877	0.689172	0.911901	0.14997	-0.805693	0.552324	-0.820495	-0.71363	-0.083074	-0.010417	-0.713023	-0.311421	-0.686685	-0.594719	0.943953	-0.356715	-0.215553	-0.598593	-0.350112	-0.505555	
-0.958648	0.29871	0.387131	-0.137355	-0.251664	-0.084919	0.42738	-0.505855	-0.160754	0.430947	-0.752383	-0.377952	-0.900322	-0.078899	-0.6813	-0.31636	0.677369	-0.592871	0.855921	-0.888914	0.877579	-0.858185	-0.844734	-0.066455	-0.188589	-0.287197	-0.279049	0.1314	-0.364805	0.436727	0.823985	-0.906763	-0.44484	0.001747	-0.757585	0.588539	0.342998	-0.016044	0.078939	-0.698796	-0.091343	-0.67036	0.292602	-0.957519	-0.743908	0.191002	-0.581906	-0.931313	-0.848339	-0.202544	
0.409858	-0.083678	-0.160456	-0.468022	-0.531138	-0.098071	0.003871	0.301114	-0.899309	0.641601	0.241641	0.203242	-0.590485	0.83343	0.345204	0.331944	-0.342269	0.352657	0.218878	0.467204	0.800587	0.165282	-0.973185	-0.077399	0.125012	0.293458	-0.487167	-0.968778	-0.322349	-0.469201	-0.250835	-0.07128	0.429601	0.485576	0.349095	0.177374	-0.618712	0.591451	0.478704	0.52693	-0.546869	0.820783	-0.763314	-0.93757	-0.660511	-0.144516	0.47242	-0.065184	-0.799684	0.739017	
-0.12068	0.146829	-0.208264	-0.489594	0.341202	-0.28941	-0.447411	-0.770679	-0.698018	0.867352	-0.414256	0.560171	-0.709399	-0.29463	0.17469	0.06035	-0.303306	0.590829	-0.3076	-0.792156	0.930907	0.607285	0.184824	-0.414808	-0.152887	-0.407519	0.917248	-0.290239	0.287878	0.422383	-0.372921	0.403564	0.190911	0.808302	0.262067	-0.947171	-0.226909	-0.341763	0.277882	-0.728338	0.433353	0.49905	-0.160361	-0.858064	-0.99025	0.363169	0.704386	0.548849	0.997046	0.496621	
0.006667	-0.579945	-0.179715	0.955791	0.353184	0.305081	-0.807562	-0.618826	0.099164	-0.463504	-0.766331	0.293539	0.201916	0.987556	0.022757	0.607487	0.892994	-0.495432	-0.642826	-0.301818	0.552652	-0.90286	-0.038669	0.264567	0.862776	-0.772624	0.822589	-0.873585	0.354505	0.617514	0.217387	-0.850398	0.047359	-0.534236	-0.487368	0.15504	-0.614109	-0.04216	-0.610495	0.522622	-0.45199	0.496313	-0.030422	-0.705094	0.103336	0.74969	0.145987	0.478789	-0.382013	0.851878	
-0.633696	0.406875	-0.249688	0.182565	-0.468961	-0.636084	-0.884954	0.567594	-0.477237	-0.87952	0.019224	0.236305	0.744823	0.180138	0.196521	-0.154618	-0.123587	-0.494028	-0.824225	0.650741	-0.561565	-0.826163	0.752368	-0.902311	-0.278266	0.259532	0.819011	0.591262	0.763215	0.115643	-0.583611	0.587681	0.416896	-0.330223	-0.034676	0.063347	0.932411	-0.445385	0.703987	-0.961787	-0.917105	-0.548106	-0.002173	-0.20099	-0.277467	0.067017	-0.771434	0.829135	0.736853	-0.719794	
0.600044	0.221032	0.503399	-0.252609	0.794962	-0.521822	-0.206413	0.441707	-0.6666	-0.003524	0.669954	-0.069783	0.922092	-0.471299	-0.272802	0.428348	0.795156	0.568634	0.132312	-0.71194	0.567019	-0.646147	0.378001	0.753279	-0.814458	-0.200924	0.058161	-0.106756	0.465246	0.240834	0.01916	-0.179561	0.363554	0.326588	0.475259	0.587592	-0.999233	0.641329	0.348686	-0.71445	0.659701	-0.987924	-0.096727	0.889955	-0.096309	0.287933	-0.052867	-0.673696	0.599677	0.255205	
0.339985	-0.916289	0.472398	-0.949609	-0.541933	0.278575	0.569197	0.132486	0.647132	0.764523	0.530566	0.262533	0.841522	-0.095418	-0.712676	-0.462621	-0.935005	-0.926581	-0.34892	0.078097	-0.737961	-0.434032	0.374726	0.798179	0.683599	-0.100233	0.008603	-0.774724	0.415817	-0.104466	-0.897179	-0.316671	-0.130406	-0.781579	-0.789925	0.360802	-0.149238	0.919475	-0.970838	0.319912	0.791661	-0.979222	0.61178	-0.559342	-0.895204	0.035852	0.534446	0.082285	0.856987	0.530808	
-0.511411	0.624926	-0.618722	-0.634689	-0.16593	0.394828	-0.705979	-0.974651	-0.66702	-0.42248	-0.842482	-0.832654	-0.116237	0.935045	0.235303	0.979554	0.324167	-0.056697	0.474755	-0.243485	-0.78688	-0.668969	0.523237	-0.482044	-0.240046	0.640621	0.895316	-0.876572	0.369783	0.979392	0.755955	-0.300528	-0.777713	-0.084697	-0.75288	0.991007	-0.216915	0.195674	0.49744	-0.282256	-0.681384	0.183046	0.18658	0.844761	-0.683535	0.673727	0.367321	-0.325049	-0.777705	0.588731	
-0.179211	0.44059	-0.391133	0.456414	-0.800987	-0.17528	-0.800721	0.111067	0.123523	0.045766	0.544239	0.692801	-0.812808	0.174468	0.386506	0.364792	-0.16019	-0.507002	0.064751	-0.93553	0.029117	0.621785	-0.461181	0.205229	-0.279731	-0.747255	-0.328083	-0.38711	-0.876424	0.894423	-0.241988	0.987608	-0.954095	-0.794536	-0.324028	0.816882	0.964817	-0.514993	0.494791	-0.063908	0.978492	0.755857	-0.434618	-0.723065	0.008734	0.603085	-0.093062	0.903954	0.355726	-0.960394	
0.112049	0.961357	-0.20991	-0.636937	0.756949	-0.120325	0.634085	-0.959898	-0.930702	0.292851	-0.259525	-0.8099	-0.730278	-0.171937	0.948607	-0.818367	0.097378	0.797238	-0.07144	-0.206323	-0.701304	-0.673975	0.481718	-0.460675	0.373117	-0.738371	-0.016607	-0.583606	0.04198	-0.466847	0.960242	-0.029389	0.265309	-0.399455	0.551087	-0.517236	-0.025866	0.334919	0.994681	-0.841165	0.376834	-0.917587	-0.110486	-0.76022	-0.57692	-0.033572	0.954979	0.897085	0.192291	0.351691	
-0.296331	-0.798302	-0.847033	-0.090547	0.64124	-0.801445	-0.956776	0.89427	-0.454202	0.575134	0.322365	-0.183463	0.909166	0.057934	-0.066877	0.38085	0.696355	-0.419488	0.616661	0.974726	0.046083	-0.659871	-0.536999	0.003482	-0.090437	-0.443701	-0.375047	-0.769046	-0.040662	0.273283	-0.959246	-0.075345	-0.929168	0.855281	0.224499	-0.399275	0.567073	0.042615	0.387933	0.952305	0.530405	-0.960934	-0.913177	0.010501	0.068952	0.324926	-0.24264	0.959744	0.569135	0.487607	
0.920272	0.169216	-0.227843	-0.760926	0.074904	-0.359932	0.865709	0.970445	0.779914	0.288223	0.504333	-0.343725	0.784649	0.239739	0.118348	-0.09348	-0.231296	0.94949	-0.143384	0.787038	0.328115	0.276055	0.353477	-0.223783	-0.909015	0.602432	-0.025576	0.089146	-0.860879	-0.134468	-0.61226	-0.000461	-0.907449	-0.093828	-0.976079	-0.011618	-0.740858	-0.12231	0.889538	-0.208578	0.173305	-0.483427	0.146505	-0.965337	0.164008	0.037069	0.157939	0.727933	-0.157179	-0.692304	
-0.262861	-0.082092	-0.113473	-0.263418	0.97782	0.587128	-0.455062	0.489113	0.613353	-0.166072	-0.056334	-0.804994	0.201553	0.808009	0.381517	-0.065212	-0.149414	-0.478159	0.000176	0.12979	0.532336	0.365371	0.886902	-0.979627	0.213232	0.323577	-0.124231	-0.073604	0.708892	0.622953	-0.798862	-0.506674	0.124375	0.127829	-0.783307	-0.407853	-0.071903	-0.27005	-0.568735	-0.489513	0.165444	-0.310615	0.903459	-0.591221	-0.552856	0.088964	0.675923	-0.646767	0.016059	0.520224	
0.07065	-0.841314	-0.258031	-0.538734	0.93921	0.429098	0.353981	-0.218672	-0.258786	0.259394	0.309769	-0.617078	0.280392	0.374086	0.433301	-0.078222	-0.666595	-0.922464	0.392184	0.657075	0.966807	-0.328234	0.793922	0.047108	0.79995	0.367713	-0.255755	-0.567583	0.300022	0.626113	0.005671	-0.706031	0.94853	-0.585898	-0.695267	-0.727657	0.003342	-0.753369	0.257732	0.773791	-0.226592	-0.710303	-0.59138	-0.152231	0.484102	-0.370209	0.035337	0.187686	0.514604	-0.788057	
-0.923298	-0.041859	0.671637	0.668438	-0.531776	0.630145	0.603415	-0.16117	0.53722	0.304029	0.982168	-0.25744	-0.602669	-0.624393	-0.825331	-0.723415	-0.477689	-0.646584	0.81609	-0.688352	0.624098	-0.679023	0.85409	0.722721	-0.434264	-0.053495	0.23166	0.547788	-0.636967	-0.416534	-0.232097	-0.782391	0.037422	-0.306003	-0.515352	0.93934	-0.202818	-0.635349	-0.262416	-0.171795	0.889859	0.734705	-0.945527	-0.197062	0.066589	-0.566704	0.873471	0.319485	-0.352963	-0.847272	
0.411944	-0.321457	-0.024437	-0.282459	-0.457747	0.676416	-0.411298	0.865054	-0.279098	-0.017413	-0.903657	-0.381419	0.619882	-0.271973	-0.981325	0.921403	0.333083	-0.925163	0.024099	-0.887107	0.994536	0.879834	0.854804	-0.452189	0.822659	0.244313	0.606037	-0.345062	-0.056585	-0.651858	-0.488557	0.599158	-0.108311	-0.278951	-0.761526	0.988478	-0.179497	0.0404	-0.680991	0.596161	0.312866	-0.809004	-0.740933	-0.955676	-0.632367	0.630091	0.918324	-0.786993	0.187453	0.849978	
0.343023	0.587473	0.282339	0.817911	0.096813	0.375004	0.37476	0.091611	0.805094	-0.441883	-0.412574	-0.466879	0.825256	-0.299057	-0.833941	0.020553	-0.657178	0.692225	0.225641	-0.712878	0.852823	-0.389327	0.674831	0.44813	0.036513	-0.845413	0.18482	-0.381093	0.836723	-0.101774	-0.915772	0.546677	-0.299629	-0.881983	-0.748725	0.795894	-0.993848	0.983592	-0.957163	0.967335	0.449859	-0.127677	-0.271971	-0.300027	0.276577	0.246373	-0.260666	0.908599	0.779456	-0.143456	
-0.769256	0.586605	-0.009597	0.506318	-0.361473	0.955269	-0.042243	0.615323	-0.721971	-0.234003	-0.096972	0.559775	0.344003	0.43095	-0.089584	-0.238102	-0.057676	-0.019902	0.341656	-0.745931	0.297949	0.172057	-0.455623	0.040495	0.092748	-0.444914	-0.203187	-0.055011	0.714975	-0.169438	0.806091	0.488752	0.442796	-0.531941	0.275069	0.344708	0.24039	0.056107	-0.051335	-0.582407	0.813707	-0.184245	0.698765	-0.672421	0.974556	-0.983116	0.270738	0.365239	-0.747003	0.782786	
-0.282748	0.46727	0.806103	-0.003622	0.838593	0.283732	-0.740342	-0.799966	-0.855047	-0.915943	0.330993	-0.927686	0.141691	0.832743	-0.170244	0.655727	-0.44738	-0.261794	-0.997048	-0.819577	-0.955783	-0.73806	-0.882849	0.896035	-0.480851	-0.361218	0.095203	-0.931406	0.857966	0.282036	0.248705	-0.688806	-0.031933	0.23427	0.381724	0.374264	-0.82469	-0.991317	-0.696365	0.945517	0.201308	-0.157051	0.243114	-0.473554	-0.463567	-0.040539	0.233515	-0.613431	0.702225	-0.846226	
-0.307401	-0.264095	-0.368113	-0.320613	-0.176581	-0.793924	0.089905	0.180053	0.653164	0.835215	-0.581164	-0.650244	-0.522062	0.023429	-0.831106	0.577589	-0.656536	0.328844	-0.175305	0.75749	-0.597261	0.230282	0.321626	0.892708	0.476858	-0.519898	-0.344218	0.722312	-0.477245	0.223915	-0.429731	-0.569587	0.706277	0.55388	0.559875	-0.244085	-0.468497	0.628938	0.455789	-0.009502	-0.917413	0.649413	-0.002161	-0.340881	-0.777246	0.656798	-0.642943	-0.265728	-0.662964	0.159562	
-0.754542	-0.564344	-0.773712	0.897094	-0.546765	0.078332	0.882231	-0.828558	0.914777	-0.685269	0.362574	-0.686835	0.8149	-0.089553	0.41997	0.905274	0.532261	-0.314197	-0.322983	0.185119	-0.267659	-0.935528	0.035292	-0.58694	0.431775	-0.506363	0.253172	0.638265	-0.361771	-0.867014	-0.244774	0.321702	0.817292	0.149598	0.943171	-0.313155	0.465309	-0.30235	-0.713619	0.983178	-0.062828	-0.911467	-0.879351	0.456387	-0.629903	-0.965259	-0.101385	-0.391333	0.444283	0.357945	
0.325005	-0.501446	0.943755	-0.247081	0.990306	0.994688	0.124385	0.750912	0.049893	0.425985	0.883665	-0.593107	-0.923202	0.280912	0.08168	0.422808	-0.8893	0.155508	-0.063839	0.073549	0.196736	0.04182	0.392549	0.376628	-0.793627	0.506623	0.679808	-0.027779	0.280173	-0.934398	-0.433062	-0.853025	0.832568	0.021966	-0.882598	0.765107	-0.906919	-0.44315	0.841731	0.987716	-0.416868	-0.573621	0.419797	0.149231	-0.057295	0.159893	-0.96064	0.670691	-0.933522	-0.140164	
-0.36756	0.127101	-0.331908	0.767601	0.388638	-0.171996	0.825495	0.784465	-0.68309	-0.828693	0.520775	-0.449076	0.663117	0.02781	0.604334	-0.704044	0.649949	0.813463	0.429916	-0.835093	-0.232295	0.295281	0.076546	-0.211492	-0.972694	0.499903	-0.240117	-0.632691	0.920502	-0.241837	-0.647513	0.475148	-0.342034	-0.065096	0.935176	0.369495	-0.464002	-0.898203	-0.338724	-0.51667	0.072086	0.866188	0.802693	0.573718	0.756451	0.47303	0.034964	-0.7965	-0.618939	0.710487	
0.005004	0.036977	0.022812	0.014005	0.001864	0.009647	0.00735	0.008237	0.006771	0.025521	0.033222	0.002964	0.023707	0.001947	0.033038	0.023846	0.027692	0.031117	0.037131	0.00797	0.03684	0.026355	0.031259	0.032491	0.035036	0.013472	0.012839	0.00683	0.034023	0.015575	0.032973	0.023064	0.032649	0.027898	0.030792	0.009366	0.001359	0.005839	0.029025	0.033706	0.018349	0.014836	0.012572	0.033058	0.013892	0.013469	0.019866	0.01764	0.01824	0.005865	
0.035677	0.034069	0.017745	0.029049	0.003559	0.022373	0.016506	0.005857	0.018365	0.006759	0.034498	0.019418	0.030883	0.014493	0.010346	0.02336	0.018052	0.019853	0.032881	0.03067	0.014182	0.016441	0.015812	0.03073	0.028813	0.001378	0.010071	0.012832	0.021951	0.007024	0.007769	0.009465	0.036502	0.035072	0.006931	0.018523	0.034451	0.026251	0.033314	0.028458	0.017164	0.011096	0.005043	0.000401	0.036223	0.000503	0.031347	0.007873	0.036599	0.033368	
0.004686	0.005563	0.000291	0.001727	0.031193	0.008066	0.039995	0.00748	0.035446	0.00575	0.006628	0.002697	0.029652	0.026274	0.040651	0.038153	0.010886	0.039718	0.04148	0.018862	0.01145	0.019418	0.042008	0.001999	0.01195	0.028393	0.025287	0.010372	0.013894	0.025381	0.019354	0.034223	0.014869	0.039968	0.014765	0.001841	0.020332	0.030442	0.029477	0.019305	0.021902	0.010603	0.022688	0.022027	0.010723	0.00832	0.029839	0.015432	0.016214	0.032326	
0.004329	0.023469	0.018932	0.004468	0.003806	0.02795	0.008499	0.029507	0.031397	0.019638	0.032391	0.022653	0.026796	0.018443	0.0178	0.001988	0.006686	0.001858	0.016721	0.03045	0.026798	0.010568	0.029962	0.022394	0.004452	0.032556	0.040063	0.000465	0.026751	0.017659	0.014798	0.009333	0.031229	0.025147	0.037659	0.020551	0.03394	0.024654	0.024562	0.023787	0.038173	0.035318	0.008667	0.004637	0.000685	0.009986	0.02668	0.030935	0.004636	0.035174	
0.006051	0.011858	0.021605	0.037036	0.014451	0.009205	0.032688	0.01061	0.039799	0.028348	0.036036	0.027578	0.027592	0.001688	0.027431	0.000484	0.012864	0.015319	0.040687	0.012779	0.003582	0.021022	0.008583	0.024987	0.011862	0.006374	0.031802	0.016059	0.006222	0.013112	0.025533	0.000381	0.016451	0.037763	0.023033	0.017415	0.03065	0.032812	0.016596	0.016984	0.011227	0.02819	0.020262	0.039832	0.005454	0.028539	0.016055	0.035185	0.038178	0.001746	
0.00123	0.028776	0.022917	0.001792	0.034741	0.009602	0.020571	0.003454	0.040103	0.013246	0.042961	0.01848	0.007767	0.015305	0.037304	0.013415	0.000429	0.035561	0.006746	0.037477	0.003342	0.036921	0.003132	0.0285	0.009864	0.02057	0.040791	0.031497	0.036139	0.008687	0.016572	0.015166	0.006359	0.033512	0.015733	0.037584	0.038791	0.002898	0.036219	0.032022	0.001626	0.024165	0.009711	0.011106	0.00694	0.03421	0.030967	0.01376	0.010649	0.01069	
0.013867	0.034389	0.022804	0.020208	0.01315	0.023013	0.014202	0.013693	0.017525	0.027667	0.028814	0.036111	0.018042	0.009703	0.008823	0.025054	0.026832	0.025832	0.032728	0.007101	0.016872	0.011337	0.028506	0.000464	0.040055	0.008905	0.026318	0.022817	0.028144	0.026007	0.014722	0.027834	0.003741	0.021954	0.006748	0.027105	0.022874	0.004606	0.020462	0.003188	0.037004	0.003562	0.034676	0.00327	0.021554	0.03314	0.022431	0.007515	0.020234	0.034397	
0.029612	0.031685	0.022879	0.038913	0.036634	0.034968	0.031977	0.000313	0.018062	0.00994	0.001577	0.007089	0.028529	0.022449	0.027866	0.000707	0.027072	0.029709	0.02559	0.002614	0.00503	0.006099	0.024742	0.028428	0.016474	0.014848	0.002212	0.043153	0.026312	0.016576	0.039701	0.024846	0.016828	0.020549	0.012101	0.008881	0.014966	0.036043	0.024211	0.005576	0.01029	0.006099	0.008362	0.004045	0.017112	0.040556	0.04277	0.015691	0.00555	0.033764	
0.007981	0.024754	0.03877	0.027472	0.036196	0.025809	0.011293	0.005553	0.036576	0.027509	0.027706	0.011149	0.031078	0.036333	0.032858	0.013753	0.002963	0.030746	0.009939	0.038367	0.001305	0.018254	0.003276	0.016507	0.029107	0.013886	0.004523	0.019244	0.02304	0.025389	0.013525	0.021766	0.02253	0.01074	0.007169	0.016802	0.034397	0.019131	0.003505	0.022588	0.00141	0.017135	0.014568	0.030685	0.000703	0.015788	0.027129	0.022746	0.030087	0.03626	
0.016457	0.036036	0.033334	0.023118	0.019573	0.009147	0.027499	0.019006	0.018581	0.000439	0.035172	0.012787	0.005353	0.024037	0.036333	0.009092	0.018618	0.035887	0.006932	0.010444	0.007943	0.006671	0.020626	0.037346	0.030093	0.033598	0.003118	0.026552	0.026251	0.036604	0.033343	0.021469	0.001562	0.006701	0.013202	0.018682	0.026004	0.015924	0.004219	0.011443	0.004444	0.032789	0.018922	0.009594	0.018329	0.017074	0.036022	0.014377	0.031636	0.037617	
0.011467	0.027844	0.007108	0.007655	0.019852	0.007645	0.016621	0.00903	0.025923	0.025537	0.005209	0.025477	0.040938	0.040908	0.004519	0.022045	0.000898	0.009346	0.003518	0.013619	0.021079	0.01151	0.032012	0.003194	0.011817	0.0401	0.018386	0.029041	0.015844	0.031739	0.027231	0.029488	0.014545	0.028157	0.012866	0.016218	0.040326	0.023237	0.001194	0.018067	0.016091	0.03919	0.0392	0.027768	0.005009	0.037433	0.008711	0.001023	0.035974	0.038391	
0.033615	0.021999	0.017031	0.006138	0.037837	0.014499	0.023099	0.023543	0.021765	0.035818	0.032832	0.031216	0.018303	0.013681	0.029115	0.034326	0.004118	0.028918	0.008557	0.020834	0.013399	0.022573	0.006311	0.028214	0.023411	0.005441	0.034486	0.008582	0.016878	0.001997	0.028126	0.009216	0.029092	0.037134	0.0087	0.016127	0.021427	0.034323	0.007059	0.037421	0.021631	0.0091	0.020263	0.029963	0.022424	0.004414	0.007358	0.008173	0.001576	0.027937	
0.015839	0.027615	0.033475	0.039908	0.02436	0.015222	0.004679	0.006201	0.010143	0.024662	0.017892	0.036069	0.019835	0.004789	0.013818	0.002888	0.030538	0.047162	0.020884	0.009711	0.004898	0.003914	0.00215	0.039554	0.018321	0.036323	0.033211	0.046964	0.038234	0.008005	0.016727	0.001233	0.030784	0.010797	0.026921	0.018718	0.023762	0.021159	0.040067	0.030449	0.025871	0.000558	0.005337	0.029366	0.029879	0.019515	0.007513	0.011371	0.007751	0.004958	
0.012043	0.016415	0.033262	0.030846	0.032491	0.019404	0.001859	1.1e-05	0.035594	0.033205	0.002941	0.016728	0.034369	0.036713	0.007986	0.007829	0.026516	0.007687	0.019756	0.024987	0.028848	0.027026	0.035551	0.020346	0.024143	0.037577	0.000198	0.005433	0.019231	0.034278	0.026871	0.023598	0.007097	0.010297	0.013215	0.02504	0.025779	0.003053	0.033719	0.032105	0.003448	0.029533	0.001945	0.037031	0.004476	0.011175	0.017371	0.021312	0.020635	0.019027	
0.026622	0.028059	0.014861	0.018296	0.030168	0.03392	0.0026	0.033579	0.007485	0.007556	0.001446	0.020409	0.025729	0.001468	0.030352	0.001327	0.025661	0.000248	0.025401	0.02291	0.003467	0.010674	0.030055	0.013456	0.025671	0.03235	0.009384	0.025678	0.021967	0.03091	0.033136	0.00099	0.010368	0.00788	0.023761	0.024321	0.017266	0.033396	0.001023	0.025536	0.030105	0.024177	0.035151	0.034207	0.013631	0.0286	0.026941	0.009418	0.028387	0.029997	
0.035025	0.027222	0.004426	0.033217	0.007655	0.013318	0.024219	0.034127	0.021006	0.002195	0.010838	0.022546	0.021943	0.035152	0.031819	0.016719	0.029192	0.023784	0.018456	0.019534	0.015541	0.03059	0.033345	0.022353	0.006957	0.006692	0.026004	0.026019	0.034187	0.014587	0.007264	0.011247	0.005221	0.004888	0.022957	0.023812	0.017917	0.013905	0.014633	0.035722	0.031214	0.030145	0.019027	0.032035	0.016544	0.008627	0.001063	0.027141	0.008438	0.019532	
0.036048	0.011446	0.000239	0.037497	0.0352	0.009053	0.023026	0.028019	0.019383	0.013069	0.026536	0.01569	0.005565	0.012432	0.025127	0.004303	0.005552	0.034812	0.024638	0.037259	0.01053	0.017856	0.022085	0.035402	0.031249	0.021039	0.003688	0.002619	0.00617	0.004358	0.005514	0.018359	0.032149	0.010447	0.036475	0.029423	0.033772	0.005982	0.001411	0.033884	0.00071	0.034255	0.023427	0.029937	0.021447	0.037563	0.028711	0.013073	0.002472	0.041099	
0.016789	0.013417	0.019316	0.039012	0.028472	0.011414	0.012478	0.005609	0.020783	0.038523	0.031246	0.005477	0.012488	0.025493	0.006018	0.035872	0.027161	0.029866	0.012262	0.008331	0.042014	0.024446	0.022625	0.005682	0.025867	0.028252	0.004374	0.030454	0.042511	0.009353	0.000455	0.010188	0.003594	0.018652	0.03801	0.007306	0.01603	0.032205	0.032551	0.024368	0.011641	0.017732	0.011787	0.040997	0.002569	0.024108	0.026246	0.007488	0.031384	0.007084	
0.020532	0.022949	0.008437	0.040571	0.029542	0.038678	0.030523	0.017907	0.01725	0.004039	0.005436	0.017835	0.015611	0.009183	0.038411	0.037898	0.039852	0.006171	0.030601	0.036133	0.009534	0.016741	0.039626	0.018698	0.015445	0.042814	0.029441	0.018164	0.008609	0.002059	0.004777	0.008497	0.025508	0.008598	0.019077	0.027303	0.013588	0.015839	0.013603	0.010445	0.026322	0.012616	0.030384	0.023735	0.001807	0.038762	7.5e-05	0.002676	0.008822	0.038876	
0.002836	0.004059	0.035114	0.038433	0.034916	0.003729	0.008811	0.034164	0.029229	0.017948	0.025119	0.002399	0.037537	0.01118	0.037027	0.007409	0.030721	0.001947	0.002489	0.014557	0.028328	0.008559	0.038047	0.008164	0.012106	0.020551	0.022482	0.019392	0.003421	0.001102	0.036424	0.010541	0.014782	0.030068	0.02678	0.035069	0.030223	0.007398	0.027133	0.010547	0.007449	0.036795	0.025437	0.022646	0.029332	0.033538	0.010596	0.03693	0.023781	0.002755	
0.009728	0.016361	0.008418	0.038719	0.026508	0.014331	0.009236	0.014825	0.01449	0.013727	0.015539	0.031708	0.017893	0.022507	0.008998	0.018397	0.000807	0.003715	0.027962	0.004496	0.018724	0.018572	0.034266	0.005351	0.034416	0.015994	0.013233	0.022655	0.024015	0.002182	0.023286	0.019229	0.038764	0.026694	0.038493	0.013134	0.016314	0.032623	0.028529	0.0054	0.034465	0.030195	0.033334	0.034313	0.023896	0.022965	0.037082	0.025015	0.001564	0.006932	
0.013131	0.031311	0.000652	0.043515	0.02113	0.037847	0.023795	0.019881	0.029443	0.017594	0.008972	0.009469	0.038961	0.007388	0.035813	0.011882	0.020069	0.031777	0.009355	0.024235	0.019962	0.020177	0.01361	0.012311	0.009246	0.035257	0.003294	0.007129	0.005671	0.005975	0.01049	0.029709	0.035335	0.018964	0.031065	0.033816	0.036667	0.009224	0.034846	0.025987	0.00225	0.023299	0.017741	0.014316	0.006133	0.002645	0.001679	0.02735	0.041316	0.028316	
0.016431	0.018848	0.034002	0.028582	0.026505	0.007096	0.009379	0.035375	0.030087	0.013624	0.007171	0.025256	0.030439	0.000788	0.007038	0.033458	0.034347	0.031239	0.019505	0.013142	0.018456	0.007899	0.028859	0.026241	0.034981	0.002199	0.014598	0.019682	0.019342	0.024049	0.030314	0.033692	0.003808	0.010266	0.00413	0.009079	0.034658	0.024171	0.025384	0.025133	0.018395	0.015466	0.010457	0.018495	0.034842	0.009475	0.013857	0.017491	0.032362	0.009907	
0.004714	0.035024	0.019299	0.034035	0.022311	0.028408	0.010375	0.019044	0.010888	0.003504	0.025682	0.020479	0.030378	0.008823	0.024553	0.022522	0.031206	0.007382	0.034564	0.000252	0.020705	0.036614	0.0119	0.037155	0.023211	0.006524	0.024826	0.033784	0.010605	0.031494	0.027056	0.005998	0.036881	0.015714	0.006524	0.007034	0.030857	0.028093	0.015176	0.000694	0.036544	0.019771	0.030967	0.001019	0.010953	0.035808	0.028951	0.007517	0.011332	0.01285	
0.042263	0.009497	0.027027	0.039508	0.015556	0.005241	0.015465	0.002821	0.008357	0.012077	0.003888	0.016738	0.004756	0.038019	0.001184	0.039659	0.021892	0.040673	0.019055	0.003741	0.025676	0.035104	0.016304	0.010944	0.027588	0.035387	0.031815	0.017647	0.03189	0.033094	0.011781	0.022229	0.005314	0.001081	0.030011	0.022703	0.006275	0.015476	0.024458	0.027035	0.041775	0.030791	0.011496	0.00036	0.032452	0.01754	0.011397	0.006931	0.036571	0.011458	
0.033331	0.031903	0.00905	0.037293	0.035919	0.020961	0.031718	0.004574	0.029823	0.044466	0.002017	0.012301	0.008724	0.005443	0.009948	0.014831	0.008549	0.025692	0.002229	0.035784	0.015855	0.004566	0.038631	0.005987	0.002189	0.012486	0.016224	0.038208	0.008408	0.031772	0.015964	0.031723	0.038837	0.02562	0.017508	0.032423	0.040326	0.025336	1.6e-05	0.006758	0.005159	0.030312	0.037267	0.034241	0.011218	0.018281	0.033075	0.006693	0.009914	0.000447	
0.036199	0.042309	0.028182	0.017835	0.003018	0.011985	0.007158	0.021766	0.032943	0.0342	0.026531	0.018118	0.006557	0.022168	0.009095	0.043164	0.003454	0.016619	0.008116	0.038285	0.044207	0.004574	0.020736	0.012357	0.000585	0.028723	0.001891	0.015342	0.027074	0.02724	0.004398	0.01423	0.018614	0.027047	0.026519	0.007873	0.006419	0.005207	0.025141	0.02753	0.01172	0.027774	0.00905	0.032051	0.019105	0.040273	0.007502	0.028632	0.012086	0.038398	
0.008917	0.013014	0.028929	0.037125	0.030702	0.014603	0.012949	0.01641	0.007626	0.019284	0.023331	0.029131	0.016578	0.027371	0.008641	0.019613	0.006177	0.034749	0.003484	0.006707	0.024362	0.036574	0.023615	0.024526	0.030237	0.008144	0.035171	0.021749	0.020935	0.001194	0.035245	0.022981	0.032099	0.016373	0.010082	0.034376	0.021377	0.037217	0.024769	0.009999	0.019064	0.001488	0.005051	0.032378	0.013366	0.014295	0.009532	0.028229	0.015279	0.024952	
0.02951	0.013307	0.032904	0.033027	0.029113	0.007832	0.012648	0.005839	0.020627	0.028181	0.013186	0.001934	0.029318	0.012267	0.027004	0.020481	0.023077	0.033207	0.020802	0.024965	0.009621	0.032188	0.003081	0.021401	0.033275	0.024595	0.005344	0.02364	0.022533	0.030037	0.004329	0.033585	0.00645	0.012802	0.026597	0.020331	0.033099	0.016317	0.017442	0.012694	0.033276	0.010705	0.018118	0.018916	0.025464	0.031711	0.020418	0.001632	0.029232	0.001938	
0.029382	0.033888	0.024325	0.004916	0.023182	0.011888	0.022473	0.01523	0.022488	0.007737	0.030332	0.023332	0.017355	0.032268	0.002863	0.015193	0.002244	0.0043	0.037592	0.03722	0.008065	0.000656	0.022155	0.03702	0.018108	0.036862	0.012823	0.011832	0.01968	0.035424	0.026295	0.034364	0.029901	0.031799	0.021809	0.022343	0.015983	0.020669	0.024409	0.01103	0.011022	0.024107	0.021591	0.012915	0.026473	0.002813	0.020386	0.03254	0.007914	0.000804	
0.028851	0.005578	0.032011	0.02883	0.016331	0.023687	0.00517	0.029037	0.026491	0.021272	0.016451	0.023513	0.013938	0.020102	0.004632	0.022583	0.029269	0.000151	0.021251	0.035522	0.023541	0.013467	0.032988	0.020477	0.012829	0.004263	0.015406	0.01747	0.012359	0.014473	0.032185	0.025404	0.022796	0.002787	0.021939	0.028985	0.035898	0.017682	0.02275	0.029438	0.019798	0.024045	0.009391	0.009552	0.011594	0.02788	0.034474	0.015785	0.023001	0.012673	
0.004577	0.022198	0.010491	0.016064	0.01346	0.012302	0.039258	0.037722	0.025176	0.039613	0.001191	0.031398	0.009424	0.036073	0.034758	0.020991	0.015885	0.038131	0.008278	0.038887	0.038207	0.031097	0.00726	0.036179	0.01491	0.031099	0.000567	0.008929	0.014757	0.010556	0.004061	0.012077	0.00077	0.037649	0.017104	0.003004	0.01475	0.024024	0.006807	0.016998	0.015139	0.023749	0.00908	0.028606	0.021461	0.015815	0.030921	0.018514	0.021155	0.028878	
0.034169	0.022363	0.003619	0.026574	0.003769	0.034086	0.006007	0.029368	0.015323	0.020644	0.012965	0.007932	0.032409	0.036397	0.031846	0.029661	0.01483	0.031039	0.00868	0.028955	0.029464	0.000687	0.037053	0.007949	0.013987	0.03961	0.002671	0.025508	0.006402	0.03847	0.021202	0.009666	0.007594	0.011699	0.026224	0.029435	0.031785	0.007676	0.008028	0.039327	0.024305	9e-06	0.025979	0.028365	0.024223	0.01145	0.015252	0.014538	0.010525	0.020281	
0.008605	0.005372	0.0129	0.006008	0.011276	0.038961	0.015181	0.030242	0.019774	0.018902	0.036505	0.035489	0.032402	0.010133	0.022079	0.005791	0.035096	0.019571	0.035183	0.003752	0.02654	0.000905	0.035786	0.005237	0.029833	0.005454	0.036595	0.010194	0.000382	0.034258	0.035064	0.035712	0.013603	0.01349	0.015476	0.023531	0.004746	0.01355	0.019309	0.027556	0.037045	0.032032	0.008776	0.020854	0.021066	0.02993	0.021498	0.022036	0.008089	0.008231	
0.001759	0.006612	0.004422	0.005527	0.014132	0.033212	0.016532	0.007196	0.024679	0.026816	0.00473	0.000666	0.029499	0.043146	0.013281	0.037647	0.037605	0.016418	0.036581	0.021713	0.003576	0.041658	0.000809	0.034877	0.020933	0.003392	0.044411	0.00336	0.032772	0.014384	0.019674	0.022167	0.028366	0.018864	0.040174	0.01208	0.044532	0.004859	0.021472	0.018288	0.0225	0.032718	0.010668	0.024295	0.009961	0.042272	0.003331	0.001753	0.014998	0.024683	
0.03102	0.007888	0.011441	0.02531	0.028411	0.010309	0.020288	0.036361	0.033732	0.013694	0.015197	0.024295	0.027638	0.014017	0.030615	0.015983	0.018819	0.029886	0.033826	0.033086	0.015872	0.027809	0.014087	0.035955	0.030302	0.028115	0.002574	0.00337	0.030587	0.017912	0.026422	0.026204	0.004634	0.007518	0.00239	0.032454	0.009254	0.032874	0.000336	0.023105	0.024895	0.021643	0.008931	0.001426	0.008861	0.017669	0.028313	0.025817	0.017036	0.011819	
0.011846	0.033479	0.032756	0.028148	0.001235	0.021128	0.011754	0.014623	0.011309	0.033932	0.037498	0.035087	0.004021	0.015219	0.019188	0.03188	0.025525	0.022627	0.018658	0.035033	0.018318	0.012134	0.022828	0.006035	0.020474	0.000824	0.002851	0.030584	0.019922	0.023566	0.001504	0.003295	0.008805	0.014189	0.004355	0.03208	0.016088	0.032758	0.036074	0.015824	0.000958	0.01133	0.037108	0.027914	0.030807	0.037389	0.030104	0.013102	0.036333	0.007501	
0.004777	0.023152	0.022888	0.0285	0.009238	0.033307	0.03138	0.023185	0.005135	0.020362	0.017765	0.009988	0.03648	0.033757	0.031603	0.023655	0.010579	0.003593	0.036529	0.028592	0.026826	0.011461	0.012733	0.004488	0.006778	0.000779	0.027892	0.031494	0.011068	0.015518	0.007537	0.025022	0.000514	0.03105	0.033744	0.011041	0.028826	0.025237	0.00284	0.009443	0.035306	0.012895	0.015441	0.016108	0.025946	0.036178	0.035415	0.00943	0.019732	0.034793	
0.020375	0.037134	0.029021	0.003178	0.016154	0.034601	0.008411	0.03693	0.000485	0.031486	0.012814	0.032915	0.009786	0.025904	0.00419	0.034261	0.000597	0.026471	0.009996	0.011769	0.021329	0.012924	0.023564	0.024893	0.032866	0.008352	0.023865	0.026192	0.013203	0.028592	0.032217	0.019432	0.01311	0.005492	0.029083	0.004308	0.023977	0.028386	0.016864	0.017361	0.013277	0.026036	0.020923	0.020503	0.003497	0.036025	0.022841	0.019095	0.017939	0.027376	
0.015167	0.003892	0.002074	0.015483	0.010626	0.024616	0.014071	0.021504	0.02938	0.026762	0.040599	0.024334	0.003811	0.019278	0.026921	0.016526	0.028578	0.035427	0.001197	0.002044	0.026512	0.037072	0.003923	0.001255	0.016981	0.008625	0.008008	0.014972	0.037141	0.009033	0.03757	0.031567	0.026096	0.021008	0.036603	0.007983	0.011376	0.028599	0.033269	0.022922	0.008435	0.023829	0.021716	0.031382	0.008103	0.019292	0.027129	0.026022	0.037263	0.014024	
0.015201	0.006435	0.030336	0.027518	0.000532	0.031214	0.004957	0.002348	0.029926	0.033864	0.01706	0.001058	0.026845	0.010976	0.015321	0.027049	0.01928	0.027776	0.022595	0.003388	0.014394	0.0162	0.040105	0.008697	0.035991	0.004615	0.031631	0.034968	0.015301	0.025555	0.031675	0.014967	0.019214	0.031936	0.013786	0.003765	0.036781	0.039447	0.012926	0.031315	0.022881	0.007304	0.021993	0.005369	0.025105	0.027857	0.017892	0.006185	0.034706	0.01376	
0.012021	0.037659	0.006357	0.013748	0.030079	0.010647	0.026547	0.035843	0.029315	0.0088	0.03437	0.035678	0.026162	0.00394	0.032655	0.007906	0.018956	0.044233	0.004958	0.024707	0.034353	0.006057	0.033128	0.035119	0.00788	0.013631	0.010223	0.026778	0.017995	0.00878	0.033709	0.002651	0.017627	0.017137	0.003848	0.003355	0.001375	0.033115	0.044737	0.009563	0.006556	0.019705	0.033376	0.029351	0.01534	0.004845	0.018656	0.024578	0.016674	0.025277	
0.012611	0.036919	0.030909	0.01975	0.016507	0.008811	0.024715	0.010288	0.015328	0.031005	0.030155	0.02101	0.028743	0.037577	0.034859	0.010603	0.005609	0.007882	0.007395	0.016213	0.00716	0.018544	0.025683	0.004712	0.013743	0.01114	0.034773	0.003482	0.02413	0.035792	0.026612	0.008585	0.030217	0.029784	0.025664	0.022321	0.008498	0.020838	0.003807	0.02783	0.025279	0.03145	0.019245	0.005035	0.031477	0.029694	0.008593	0.005535	0.018347	0.035141	
0.041889	0.01435	0.004769	0.030464	0.014711	0.006384	0.014625	0.002906	0.032595	0.025792	0.03026	0.023799	0.00539	0.027354	0.042896	0.000183	0.000351	0.002986	0.03457	0.009475	0.006057	0.022534	0.032721	0.031427	0.000648	0.010602	0.000818	0.037013	0.01933	0.007321	0.027454	0.009698	0.018572	0.041321	0.003386	0.04096	0.003746	0.004393	0.03002	0.030114	0.02181	0.037224	0.010304	0.019194	0.036836	0.045268	0.026875	0.020043	0.002442	0.03612	
0.010092	0.001707	0.004469	0.029999	0.034814	0.022854	0.03142	0.034957	0.019289	0.024622	0.027366	0.022548	0.026011	0.033211	0.036631	0.028947	0.02976	0.002946	0.006933	0.036236	0.009171	0.006405	0.011142	0.033378	0.030184	0.029654	0.03295	0.022203	0.028687	0.005868	0.011213	0.010335	0.005297	0.035926	0.024031	0.019503	0.01691	0.000765	0.02804	0.008567	0.015169	0.001484	0.007866	0.006128	0.028789	0.032314	0.016081	0.028709	0.016046	0.012373	
0.012385	0.025192	0.017102	0.014678	0.019583	0.015216	0.015432	0.018736	0.038243	0.006482	0.038216	0.020773	0.007876	0.001891	0.01682	0.026872	0.023339	0.029439	0.027741	0.027596	0.010895	0.014689	0.0095	0.000433	0.045018	0.013985	0.009404	0.013301	0.040815	0.040294	0.014621	0.011075	0.022162	0.030164	0.002482	0.001407	0.019051	0.007956	0.004505	0.003455	0.020345	0.025813	0.006701	0.026617	0.039398	0.041007	0.041616	0.012743	0.032263	0.034673	
0.009704	0.000507	0.008291	0.02925	0.02861	0.029391	0.02718	0.02864	0.027329	0.029799	0.036748	0.022315	0.000911	0.005538	0.023131	0.033921	0.024531	0.020445	0.038587	0.003263	0.017462	0.004181	0.023101	0.021157	0.034924	0.003393	0.013675	0.031411	0.031103	0.014485	0.001906	0.038162	0.035102	0.034241	0.03333	0.010371	0.006474	0.012034	0.019628	0.010034	0.007096	0.027214	0.017862	0.015272	0.007163	0.018584	0.023408	0.035807	0.013557	0.009772	
0.036173	0.027429	0.029275	0.014278	0.011247	0.005312	0.002847	0.038482	0.025951	0.026212	0.00797	0.00433	0.017635	0.016065	0.023075	0.016231	0.031965	0.031233	0.039188	0.010174	0.024456	0.023118	0.00174	0.037925	0.0181	0.007889	0.025444	0.005411	0.009672	0.030888	0.041909	0.041296	0.00349	0.003729	0.04057	0.0131	0.029303	0.007203	0.013113	0.003636	0.013683	0.020454	0.017824	0.005359	0.008135	0.036247	0.003068	0.033749	0.034318	0.030099	
0.006495	0.013906	0.028287	0.017997	0.014885	0.035116	0.019023	0.007349	0.008651	0.01532	0.032348	0.036746	0.026973	0.022037	0.034272	0.019708	0.000524	0.031927	0.01584	0.021444	0.034567	0.022652	0.020321	0.02187	0.013685	0.03106	0.013999	0.034802	0.014276	0.012593	0.024888	0.029749	0.034171	0.032047	0.006881	0.009144	0.011474	0.018495	0.005893	0.028311	0.003992	0.011039	0.031791	0.006257	0.029241	0.021295	0.018562	0.016342	0.022698	0.009057	
0.005302	0.02337	0.002772	0.009494	0.030133	0.011649	0.032401	0.034478	0.030103	0.018846	0.019099	0.025213	0.007413	0.035504	0.002762	0.02535	0.024204	0.034998	0.03536	0.024946	0.00684	0.015797	0.015694	0.038919	0.022553	0.026676	0.006145	0.002046	0.042222	0.019226	0.016808	0.040935	0.003373	0.025092	0.021132	0.009676	0.017372	0.008262	0.04071	0.036578	0.001969	0.035194	0.006585	0.024068	0.021294	0.020787	0.013591	0.006903	0.000563	0.019593	
0.01078	0.021264	0.024634	0.003435	0.003423	0.025231	0.032025	0.00796	0.035239	0.018131	0.018523	0.011907	0.030342	0.034699	0.025499	0.008145	0.013855	0.003473	0.034521	0.027178	0.001043	0.007246	0.038241	0.008712	0.004336	0.030154	0.015529	0.031667	0.030402	0.004197	0.012968	0.018799	0.004746	0.021982	0.026363	0.014578	0.022879	0.01747	0.025851	0.028743	0.033826	0.039964	0.005783	0.040114	0.026565	0.001048	0.008173	0.040398	0.036238	0.011721	
0.000136	0.023357	0.011323	0.023436	0.026711	0.029016	0.005757	0.037747	0.00781	0.001115	0.024458	0.00263	0.011283	0.022871	0.026786	0.02041	0.011722	0.02349	0.033598	0.027029	0.033466	0.031011	0.012295	0.012618	0.021175	0.004149	0.027863	0.025225	0.037476	0.031797	0.001446	0.026692	0.03462	0.034361	0.016742	0.020057	0.004145	0.007196	0.02065	0.027031	0.007689	0.015154	0.032621	0.017705	0.021038	0.023408	0.02086	0.014625	0.014969	0.031231	
0.021002	0.010892	0.010591	0.015146	0.026822	0.03743	0.014752	0.03134	0.000805	0.023327	0.034677	0.008832	0.006466	0.010534	0.001878	0.022641	0.034473	0.012475	0.029109	0.036047	0.006936	0.015933	0.018556	0.031796	0.003362	0.017746	0.017099	0.026329	0.038256	0.006003	0.037968	0.038797	0.03661	0.03494	0.019426	0.014467	0.013025	0.000477	0.035032	0.020708	0.022069	0.01758	0.010346	0.006296	0.017986	0.02112	0.005813	0.033655	0.016351	0.026079	
0.019835	6.1e-05	0.028423	0.000351	0.009464	0.015462	0.013101	0.002398	0.001393	0.034895	0.02308	0.034329	0.000347	0.02715	0.003285	0.02414	0.014675	0.024153	0.029012	0.0082	0.001006	0.02431	0.033703	0.026234	0.023894	0.031132	0.019142	0.016539	0.020023	0.020717	0.004392	0.028768	0.020189	0.035678	0.023387	0.005055	0.036419	0.030723	0.031577	0.024927	0.025263	0.026915	0.002249	0.032758	0.031328	0.030153	0.027278	0.012063	0.006214	0.03421	
0.032161	0.010549	0.008272	0.014867	0.031413	0.014469	0.025148	0.017079	0.021064	0.029638	0.034158	0.022685	0.024611	0.023478	0.022615	0.026943	0.030629	0.010934	0.003094	0.024514	0.022335	0.01318	0.015909	0.025737	0.020999	0.008509	0.005636	0.010316	0.008424	0.032625	0.024302	0.028868	0.028653	0.012214	0.00658	0.010207	0.034836	0.001886	0.009249	0.034991	0.00574	0.034817	0.033745	0.011566	0.01544	0.025032	0.016761	0.028957	0.028433	0.015732	
0.0211	0.004118	0.021435	0.018897	0.00624	0.0217	0.010812	0.020065	0.002492	0.004541	0.003583	0.035087	0.012169	0.028279	0.034343	0.016328	0.016427	0.006664	0.008031	0.036489	0.024078	0.026142	0.033216	0.036022	0.02316	0.015239	0.006226	0.008141	0.01067	0.022282	0.034193	0.030151	0.033886	0.001887	0.037026	0.036093	0.03305	0.002475	0.021762	0.009199	0.036951	0.018782	0.036599	0.025446	0.033325	0.011484	0.014659	0.031458	0.008892	0.008706	
0.026459	0.031106	0.024896	0.024707	0.007974	0.025081	0.004667	0.000744	0.028133	0.021942	0.02417	0.017745	0.019033	0.035699	0.004587	0.000279	0.019957	0.008031	0.037333	0.019377	0.017497	0.031615	0.02262	0.017165	0.009641	0.025199	0.019742	0.014572	0.029515	0.023201	0.010812	0.009602	0.028723	0.011532	0.010703	0.007275	0.022325	0.009001	0.031485	0.038184	0.001903	0.023861	0.023353	0.036825	0.035026	0.034787	0.037908	0.007804	0.023654	0.00255	
0.026901	0.026212	0.027499	0.029142	0.00137	0.000886	0.024066	0.002	0.014911	0.028866	0.009426	0.033862	0.015094	0.036111	0.018201	0.006861	0.037454	0.012471	0.019183	0.00824	0.021176	0.020733	0.033244	0.019588	0.011734	0.002196	0.025479	0.025111	0.006484	0.01527	0.020649	0.034659	0.006254	0.036964	0.037402	0.030409	0.017444	0.014958	0.020135	0.029599	0.009144	0.003064	0.02786	0.017933	0.003789	0.023048	0.025353	0.034143	0.012095	0.035327	
0.013379	0.013034	0.002828	0.022218	0.001925	0.015457	0.02874	1.8e-05	0.026117	0.01224	0.028406	0.018039	0.013974	0.024154	0.030271	0.00554	0.030841	0.017718	0.027617	0.035911	0.038659	0.030017	0.036201	0.028594	0.031	0.010699	0.03453	0.002156	0.036895	0.016028	0.002273	0.001306	0.017062	0.031023	0.008611	0.018529	0.008163	0.002565	0.007512	0.033959	0.027791	0.00785	0.010045	0.02992	0.021065	0.031784	0.02512	0.020858	0.021885	0.039473	
0.020064	0.016859	0.031946	0.028857	0.006875	0.030973	0.02914	0.007744	0.00347	0.022973	0.013193	0.028351	0.035895	0.017267	0.001668	0.01953	0.034787	0.038658	0.012224	0.036095	0.012953	0.01888	0.001124	0.000208	0.035246	0.015135	0.031837	0.014837	0.035583	0.006968	0.029763	0.03442	0.000245	0.001858	0.001427	0.017741	0.022407	0.02293	0.007149	0.018212	0.038276	0.015247	0.028197	0.03127	0.011435	0.021952	0.038494	0.010525	0.035847	0.003265	
0.044343	0.00627	0.041186	0.027922	0.005053	0.002118	0.025577	0.002803	0.035509	0.010117	0.033819	0.021439	0.016538	0.01375	0.036833	0.00901	0.019255	0.041253	0.017327	0.013917	0.011383	0.04651	0.027886	0.025616	0.01618	0.016123	0.034153	0.011717	0.039253	0.030891	0.009521	0.007038	0.006252	0.01927	0.025484	0.006083	0.016249	0.013524	0.003215	0.006421	0.030942	0.013573	0.036536	0.002208	0.025382	0.02148	0.013654	0.000192	0.014193	0.045032	
0.039209	0.01451	0.018993	0.022064	0.023173	0.039504	0.040944	0.002861	0.038521	0.02568	0.018634	0.039272	0.013564	0.007806	0.028913	0.034734	0.006655	0.015964	0.019165	0.010991	0.014155	0.04102	0.01125	0.000918	0.028841	0.011688	0.014653	0.021435	0.030692	0.036085	0.012925	0.006299	0.016353	0.013538	0.029029	0.010512	0.006559	0.007891	0.015831	0.022561	0.033421	0.016857	0.039868	0.01966	0.006157	0.021834	0.013762	0.009112	0.025473	0.000464	
0.036203	0.013501	0.023186	0.026175	0.006085	0.024065	0.000381	0.015821	0.000244	0.001548	0.031535	0.027345	0.029955	0.029539	0.032763	0.01166	0.010075	0.017171	0.037572	0.020113	0.032798	0.015759	0.037711	0.010802	0.037385	0.000338	0.036042	0.000738	0.015035	0.020837	0.01152	0.034168	0.032516	0.004365	0.017497	0.013491	0.013148	0.011887	0.034828	0.005927	0.01227	0.02474	0.009713	0.034488	0.015692	0.029306	0.012012	0.034085	0.011846	0.034119	
0.004299	0.002776	0.013825	0.033137	0.035034	0.002442	0.015825	0.010192	0.036751	0.013656	0.021102	0.025368	0.026827	0.029468	0.041856	0.000689	0.022807	0.020462	0.021058	0.017081	0.03639	0.025151	0.001581	0.019747	0.002911	0.027272	0.006231	0.040156	0.004573	0.000774	0.033198	0.028312	0.020332	0.013278	0.031122	0.0107	0.020289	0.012285	0.032084	0.035993	0.007751	0.033343	0.039293	0.036647	0.005907	0.008144	0.001326	0.00985	0.026913	0.033792	
0.007453	0.006533	0.027976	0.021717	0.018032	0.022525	0.00176	0.007079	0.03396	0.025587	0.034505	0.023234	0.033977	0.015176	0.015871	0.038192	0.040367	0.013718	0.024018	0.028487	0.012447	0.005605	0.010375	0.005159	0.0315	0.018243	0.001729	0.035275	0.016789	0.006971	0.008765	0.018026	0.018466	0.025005	0.025709	0.00608	0.018177	0.010314	0.023814	0.037586	0.031498	0.014031	0.034362	0.031976	0.023878	0.006947	0.009648	0.026038	0.03782	0.0076	
0.019923	0.028742	0.015987	0.040568	0.037308	0.026655	0.018391	0.012936	0.018206	0.001246	0.024713	0.018331	0.028619	0.00116	0.026673	0.033802	0.03402	0.027965	0.011228	0.010082	0.024073	0.028402	0.011269	0.033725	0.021153	0.009008	0.031091	0.024989	0.017911	0.025778	0.016124	0.004023	0.019011	0.001648	0.040801	0.023463	0.000983	0.008494	0.010049	0.014788	0.025794	0.02041	0.031433	0.00497	0.026693	0.024233	0.009511	0.007343	0.022357	0.023918	
0.005382	0.026359	0.035068	0.015405	0.015507	0.006719	0.014166	0.017264	0.03236	0.013745	0.027118	0.034059	0.025976	0.007404	0.023073	0.03343	0.034367	0.011137	0.035904	0.027727	0.001207	0.01831	0.035578	0.007884	0.002702	0.020292	0.018093	0.00805	0.023221	0.028979	0.038781	0.005999	0.012443	0.026681	0.006737	0.014089	0.017239	0.031541	0.02741	0.036838	0.009691	0.030909	0.017089	0.006321	0.001657	0.030248	0.037173	0.003423	0.009149	0.030096	
0.012102	0.035361	0.012252	0.000125	0.017243	0.028976	0.027083	0.000465	0.020349	0.033602	0.024411	0.023544	0.037291	0.004198	0.035559	0.032137	0.035934	0.015068	0.026346	0.018281	0.003789	0.024453	0.033538	0.002306	0.00395	0.028265	0.039412	0.036729	0.01587	0.036042	0.01639	0.011728	0.016401	0.022443	0.003627	0.030586	0.011136	0.014774	0.020545	0.014339	0.011274	0.0331	0.006269	0.022863	0.014215	0.020012	0.001543	0.031597	0.011695	0.020782	
0.002317	0.031664	0.034238	0.033368	0.027404	0.034946	0.035117	0.009531	0.025241	0.003357	0.030265	0.005908	0.026901	0.028657	0.011093	0.036792	0.026461	0.014764	0.02177	0.004138	0.012339	0.010598	0.005908	0.021076	0.011358	0.009778	0.015948	0.005673	0.032635	0.013712	0.000667	0.02671	0.011487	0.034522	0.018575	0.007295	0.018053	0.022135	0.033445	0.004254	0.021977	0.017605	0.032463	0.026261	0.032428	0.032317	0.012911	0.02753	0.020583	0.015825	
0.031883	0.017377	0.015732	0.005934	0.003099	0.009721	0.026081	0.004687	0.020685	0.033444	0.030155	0.036433	0.029301	0.032604	0.030885	0.004057	0.030785	0.02131	0.033617	0.002271	0.001006	0.013376	0.009253	0.015922	0.016978	0.014659	0.02746	0.004875	0.011962	0.000663	0.031809	0.023677	0.020468	0.037863	0.015857	0.037599	0.002958	0.031446	0.024539	0.039656	0.00295	0.040784	0.000383	0.014358	0.005795	0.025965	0.005361	0.040453	0.022946	0.038918	
0.024755	0.005608	0.00771	0.023578	0.016663	0.023706	0.016892	0.000734	0.028394	0.020412	0.008016	0.030625	0.00908	0.029657	0.035757	0.030037	0.037153	0.027179	0.006315	0.002542	0.036223	0.020705	0.010077	0.004068	0.02812	0.019502	5.5e-05	0.028908	0.032039	0.02995	0.015624	0.012917	0.008025	0.00946	0.034305	0.02522	0.015567	0.001804	0.031284	0.042757	0.03716	0.022167	0.042236	0.024393	0.010662	0.029867	0.007564	0.030173	0.002849	0.001506	
0.00961	0.002032	0.034325	0.008193	0.010944	0.013054	0.020323	0.009839	0.018947	0.011933	0.038739	0.002273	0.040755	0.036677	0.02711	0.00067	0.020708	0.02799	0.033177	0.036705	0.006256	0.004277	0.000746	0.028196	0.01669	0.014715	0.038711	0.016559	0.026481	0.04021	0.026159	0.018967	0.006981	0.000857	0.025221	0.032448	0.013581	0.014265	0.012132	0.012607	0.034578	0.029163	0.010677	0.014074	0.035538	0.03078	0.00571	0.010751	0.037924	0.030742	
0.032359	0.029033	0.013578	0.029941	0.000375	0.004776	0.033239	0.031521	0.000806	0.033112	0.001986	0.038964	0.020386	0.003016	0.037678	0.037349	0.03667	0.023007	0.015972	0.012118	0.018455	0.028224	0.001409	0.002995	0.032546	0.017768	0.032638	0.026036	0.02741	0.033388	0.034792	0.011372	0.022594	0.020898	0.000792	0.012953	0.017115	0.00551	0.035916	0.016296	0.030883	0.001416	0.008999	0.002387	0.020226	0.038183	0.027688	0.010574	0.004133	0.020518	
0.040908	0.041398	0.014044	0.006898	0.016738	0.031794	0.038762	0.021923	0.01649	0.041723	0.016866	0.007189	0.022747	0.002735	0.008553	0.010647	0.03865	0.017185	0.02912	0.025968	0.04085	0.011719	0.024486	0.023225	0.022876	0.009073	0.01769	0.014939	0.000124	0.025066	0.038294	0.00526	0.006332	0.00113	0.022155	0.00562	0.001992	0.000336	0.012745	0.014937	0.005138	0.002997	0.031621	0.034354	0.038067	0.034116	0.03632	0.020768	0.032048	0.015384	
0.032126	0.013418	0.023734	0.009398	0.038573	0.038173	0.035939	0.031713	0.028124	0.003977	0.021213	0.017562	0.001471	0.005046	0.028787	0.038665	0.03205	0.00195	0.021213	0.0171	0.017932	0.025797	0.027985	0.016606	0.027059	0.03038	0.01359	0.012994	0.037791	0.036475	0.000447	0.023249	0.007059	0.020814	0.011363	0.020611	0.012169	0.026821	0.002514	0.004209	0.008433	0.022847	0.010215	0.03291	0.006137	0.01058	0.014545	0.021761	0.02048	0.035995	
0.02613	0.005178	0.002348	0.039443	0.033931	0.009988	0.000637	0.035676	0.008212	0.009661	0.029836	0.005124	0.004337	0.026554	0.010206	0.00886	0.041635	0.023631	0.039902	0.007453	0.039845	0.008472	0.033838	0.039288	0.031918	0.021856	0.01613	0.007474	0.025759	0.02623	0.024594	0.019843	0.000486	0.007543	0.040333	0.003117	0.011257	0.012727	0.004381	0.025547	0.039026	0.013302	0.003629	0.021313	0.002423	0.040479	0.034181	0.020416	0.039997	0.015854	
0.030289	0.019828	0.032243	0.010778	0.029459	0.014029	0.030773	0.030442	0.033158	0.028852	0.007343	0.02796	0.024024	0.033986	0.021529	0.013315	0.024758	0.017063	0.013928	0.004053	0.029304	0.029584	0.034979	0.025095	0.007229	0.019307	0.023878	0.030044	0.035566	0.008845	0.026979	0.018114	0.005368	0.003056	0.007101	0.007907	0.016294	0.022458	0.006369	0.0244	0.008202	0.017719	0.001569	0.018931	0.023895	0.009166	0.023855	0.030066	0.010887	0.026023	
0.030225	0.001957	0.014457	0.00809	0.024381	0.003295	0.007296	0.037392	0.01214	0.03609	0.031322	0.027037	0.018326	0.024095	0.038109	0.036462	0.02586	0.029681	0.007776	0.02544	0.008345	0.003438	0.005713	0.021147	0.03605	0.000843	0.030103	0.014259	0.032374	0.0344	0.001043	0.026065	0.004534	0.031718	0.005237	0.019466	0.025847	0.02116	0.000198	0.022989	0.017826	0.02532	0.02918	0.020317	0.006839	0.015141	0.003811	0.037533	0.036582	0.023091	
0.012103	0.014141	0.002752	0.038656	0.03313	0.018738	0.024813	0.004232	0.038672	0.034888	0.022695	0.033946	0.036456	0.002606	0.011607	0.005178	0.001184	0.017031	0.019259	0.000434	0.010753	0.023496	0.034714	0.039969	0.034441	0.041267	0.032507	0.022066	0.010854	0.02183	0.02793	0.04048	0.021993	0.040245	0.036174	0.001563	0.021796	0.032014	0.00176	0.006391	0.011795	0.014534	0.019962	0.003199	0.021834	0.020218	0.012511	0.006817	0.008275	0.006091	
0.002347	0.02926	0.00399	0.018235	0.006329	0.019072	0.001594	0.009909	0.022375	0.01447	0.032254	0.042193	0.027234	0.01078	0.038218	0.002346	0.010489	0.03954	0.000138	0.041727	0.03503	0.01589	0.017939	0.033372	0.004946	0.009756	0.015796	0.037706	0.03641	0.001171	0.012734	0.024453	0.015487	0.003461	0.040476	0.013676	0.01565	0.038707	0.024129	0.029797	0.027945	0.018906	0.028955	0.008326	0.004796	0.005236	0.041324	0.013175	0.026151	0.0261	
0.021549	0.009495	0.025392	3.8e-05	0.001111	0.02893	0.016695	0.021579	0.017529	0.025928	0.030324	0.039032	0.018453	0.015517	0.005538	0.023216	0.007029	0.039106	0.010244	0.03306	0.017891	0.029172	0.029591	0.034903	0.025161	0.02105	0.040591	0.010213	0.020149	0.035947	0.015783	0.033386	0.018453	0.010087	0.015714	0.012262	0.000616	0.034787	0.004918	0.033993	0.002614	0.003317	0.023269	0.00538	0.012662	0.009106	0.035378	0.03949	0.006896	0.027456	
0.014762	0.016011	0.000448	0.006364	0.009868	0.014245	0.028897	0.026604	0.020021	0.030085	0.000873	0.000753	0.037031	0.007056	0.027069	0.011946	0.027189	0.008406	0.010132	0.03861	0.034764	0.033433	0.022615	0.010559	0.00683	0.040279	0.009918	0.027473	0.01595	0.025369	0.01271	0.017735	0.024244	0.036782	0.00581	0.035626	0.037385	0.006047	0.038871	0.014626	0.022727	0.003297	0.011458	0.022295	0.022187	0.031281	0.030025	0.009222	0.031288	0.022824	
0.038701	0.016855	0.03324	0.029172	0.027853	0.036452	0.032366	0.025857	0.012991	0.031256	0.004338	0.039815	0.014403	0.000384	0.024401	0.029071	0.003135	0.023392	0.008963	0.020779	0.023427	0.023399	0.0323	0.020627	0.021737	0.008719	0.020189	0.029177	0.005607	0.013602	0.009734	0.010208	0.003069	0.038275	0.028272	0.032142	0.005755	0.00595	0.03552	0.007467	0.004254	0.031625	0.024971	0.017358	0.002414	0.020255	0.027769	0.009089	0.014841	0.018824	
0.00401	0.030089	9.4e-05	0.009539	0.015743	0.030583	0.018705	0.035655	0.00044	0.030927	0.007225	0.000863	0.024151	0.044439	0.00723	0.004067	0.001719	0.029152	0.002261	0.019039	0.020534	0.030022	0.01317	0.046158	0.021004	0.005916	0.007733	0.026851	0.021679	0.039555	0.013407	0.006768	0.045295	0.037336	0.026313	0.03344	0.00375	0.011783	0.010474	0.025911	0.030781	0.021986	0.014938	0.002636	0.012377	0.019373	0.037572	0.041189	0.040111	0.016007	
0.002903	0.015968	0.002266	0.012917	0.002823	0.02432	0.019231	0.000922	0.002318	0.017489	0.023699	0.006628	0.02926	0.013212	0.031864	0.00326	0.019576	0.014303	0.022846	0.030521	0.020047	0.035768	0.033784	0.016253	0.03643	0.027576	0.03205	0.016626	0.018145	0.017647	0.034216	0.041043	0.014397	0.010814	0.01854	0.032889	0.021613	0.010331	0.010568	0.022797	0.032571	0.000729	0.036824	0.031507	0.004923	0.025139	0.007292	0.037574	0.016082	0.039499	
0.022437	0.030256	0.004395	0.020195	0.028363	0.017164	0.030865	0.035666	0.015771	0.030771	0.028996	0.032958	0.016089	0.002203	0.018941	0.006028	0.000638	0.015578	0.032822	0.016081	0.020407	0.026862	0.031811	0.007274	0.010583	0.035666	0.027534	0.012581	0.017262	0.001365	0.016312	0.01184	0.016581	0.018976	0.026183	0.018188	0.024413	0.020141	0.004632	0.02826	0.017713	0.022633	0.035871	0.02389	0.006744	0.032132	0.002423	0.007081	0.034174	0.034251	
0.012144	0.028456	0.006424	0.007259	0.027391	0.023905	0.03631	0.000338	0.002829	0.001168	0.027617	0.021843	0.015536	0.037442	0.037272	0.035545	0.03162	0.022364	0.030269	0.020507	0.028847	0.018433	0.016471	0.023891	0.003152	0.003145	0.005587	0.037252	0.004179	0.010912	0.023265	0.029095	0.00623	0.003825	0.027917	0.0256	0.034489	0.015395	0.03027	0.005609	0.035082	0.027046	0.022194	0.021712	0.036344	0.000153	0.005518	0.030983	0.029021	0.012144	
0.009439	0.014957	0.030598	0.013048	0.026384	0.033711	0.025168	0.003101	0.025222	0.002883	0.031321	0.00418	0.023422	0.027747	0.040178	0.007604	0.007553	0.03775	0.033945	0.015527	0.00986	0.015794	0.039269	0.00951	0.011153	0.034775	0.027096	0.016963	0.007939	0.037519	0.023317	0.009307	0.038326	0.02589	0.007994	6.3e-05	0.009232	0.029627	0.039601	0.006969	0.028446	0.034745	0.004608	0.010532	0.001976	0.002175	0.008447	0.022399	0.037367	0.035363	
0.00551	0.03732	0.019681	0.022831	0.004302	0.022364	0.031825	0.044377	0.03709	0.029348	0.027568	0.035179	0.007795	0.015026	0.009098	0.005167	0.023641	0.012783	0.034512	0.005778	0.009064	0.007128	0.033119	0.04499	0.003558	0.023094	0.008376	0.013972	0.017592	0.000497	0.037121	0.026209	0.009535	0.043568	0.006861	0.002761	0.002607	0.045622	0.011921	0.000376	0.02883	0.025491	0.008941	0.008319	0.013855	0.034424	0.019088	0.044622	0.030082	0.007182	
0.025816	0.016492	0.038072	0.02916	0.003457	0.019324	0.002097	0.017655	0.007528	0.032452	0.011682	0.024007	0.012397	0.01413	0.010776	0.017871	0.018427	0.00181	0.000336	0.032259	0.010769	0.032621	0.011611	0.026357	0.035002	0.030601	0.02034	0.019847	0.002723	0.013234	0.038686	0.040638	0.00461	0.019547	0.012221	0.013083	0.001829	0.036324	0.041648	0.000404	0.011018	0.014092	0.02608	0.042371	0.014912	0.030238	0.036738	0.038514	0.028499	0.009695	
0.015665	0.022319	0.00074	0.001012	0.010169	0.013969	0.013319	0.031558	0.036423	0.02615	0.005409	0.038468	0.017533	0.031842	0.011124	0.03106	0.017156	0.015105	0.023755	0.010537	0.000787	0.028621	0.006792	0.022047	0.039493	0.021546	0.037428	0.022957	0.040351	0.006556	0.018848	0.008108	0.011449	0.038768	0.031573	0.011672	0.002609	0.038813	0.002251	0.025789	0.011066	0.01058	0.033819	0.020602	0.005057	0.037225	0.023625	0.031059	0.021099	0.016097	
0.031742	0.025737	0.026469	0.011412	0.009758	0.023839	0.030562	0.036039	0.022763	0.033657	0.022225	0.036048	0.03246	0.006512	0.014788	0.02168	0.012241	0.007051	0.004567	0.027993	0.022799	0.027189	0.003559	0.012893	0.036314	0.002332	0.028316	0.004174	0.029193	0.010435	0.019903	0.023688	0.031759	0.018723	0.031522	0.030943	0.011603	0.017673	0.006241	0.031412	0.021527	0.01902	0.021958	0.001276	0.024435	0.01583	0.030726	0.012341	0.006839	0.007834	
0.010649	0.013612	0.021352	0.034697	0.006117	0.002456	0.015958	0.015921	0.015186	0.030895	0.023397	0.018888	0.015198	0.018574	0.033674	0.027335	0.031382	0.023667	0.029164	0.021089	0.012599	0.008052	0.022465	0.016929	0.005506	0.031965	0.022283	0.018504	0.033982	0.007138	0.006542	0.026986	0.033796	0.021263	0.018735	0.032569	0.019085	0.033797	0.028107	0.001034	0.007446	0.031072	0.014879	0.026738	0.031251	0.026079	0.030908	0.016399	0.003043	0.001637	
0.027583	0.02412	0.036403	0.032349	0.015287	0.018918	0.005626	0.010399	0.019579	0.004414	0.018863	0.012667	0.03639	0.007992	0.001752	0.029287	0.032922	0.008129	0.011734	0.020298	0.012891	0.036365	0.018684	0.036523	0.017356	0.019132	0.009807	0.004556	0.030109	0.03508	0.019316	0.025196	0.016585	0.023724	0.014048	0.023155	0.022081	0.017817	0.017518	0.008866	0.018651	0.029072	0.033447	0.018629	0.002583	0.020052	0.029241	0.032635	0.009971	0.022198	
0.034537	0.03424	0.012672	0.00479	0.03037	0.002252	0.011086	0.015394	0.01381	0.021322	0.01238	0.032749	0.036773	0.037064	0.009006	0.026724	0.001416	0.026015	0.021381	0.034639	0.000349	0.002276	0.012043	0.005958	0.032501	0.036756	0.015485	0.021651	0.032212	0.032592	0.005899	0.013262	0.040928	0.01543	0.012293	0.01445	0.014279	0.02082	0.019886	0.021101	0.012964	0.040548	0.014795	0.031926	0.035441	0.023167	0.013261	0.005286	0.027179	0.006642	
0.033461	0.000191	0.013097	0.038255	0.010411	0.040268	0.014141	0.015822	0.035607	0.01512	0.028494	0.021659	0.024462	0.012257	0.031733	0.008223	0.033014	0.006169	0.022715	0.017252	0.040769	0.00353	0.012837	0.006012	0.029728	0.00281	0.01193	0.004696	0.010992	0.027286	0.011845	0.000595	0.001231	0.03372	0.003938	0.032427	0.03433	0.020849	0.015092	0.039556	0.023367	0.037242	0.006132	0.023431	0.029454	0.032956	0.016043	0.028605	0.009307	0.026939	
0.008669	0.004189	0.030268	0.037008	0.011164	0.036781	0.024909	0.017601	0.016956	0.032438	0.026299	0.017717	0.018834	0.007899	0.038201	0.024137	0.037418	0.001242	0.001129	0.03217	0.020001	0.030895	0.026912	0.01376	0.025594	0.005408	0.016668	0.029204	0.024279	0.009012	0.030512	0.001012	0.009605	0.007402	0.007074	0.006031	0.024217	0.009998	0.037954	0.018271	0.037125	0.033723	0.035765	0.035121	0.000629	0.001949	0.005242	0.032485	0.008166	0.030957	
0.004901	0.034742	0.01667	0.0261	0.028949	0.026057	0.024223	0.004352	0.033179	0.034986	0.022013	0.02341	0.018375	0.003358	0.003268	0.031241	0.022115	0.029428	0.032541	0.011053	0.035603	0.025653	0.019838	0.01361	0.00301	0.024885	0.017369	0.031308	0.007742	0.017706	0.017501	0.001786	0.018708	0.01558	0.01046	0.016342	0.012607	0.034744	0.019256	0.016	0.009111	0.018103	0.035373	0.004527	0.016136	0.027714	0.020561	0.031927	0.035834	0.010045	
0.009745	0.032861	0.020866	0.019807	0.018069	0.030354	0.000473	0.03111	0.018384	0.010738	0.012925	0.0305	0.029322	0.022962	0.0411	0.013449	0.010874	0.006143	0.027613	0.021407	0.028597	0.021958	0.027003	0.007266	0.030372	0.030643	0.035521	0.003383	0.02371	0.009166	0.005615	0.009071	0.015318	0.002761	0.018526	0.006335	0.035472	0.032291	0.021459	0.009771	0.008455	0.003941	0.007475	0.033442	0.018375	0.016547	0.003614	0.038737	0.040585	0.045889	
0.024605	0.025378	0.016868	0.008082	0.01106	0.006191	0.040267	0.039983	0.019884	0.017176	0.040427	0.022938	0.002758	0.001906	0.00297	0.042207	0.023824	0.037174	0.013109	0.024924	0.011326	0.009857	0.030377	0.000915	0.015002	0.005393	0.038126	0.013485	0.006018	0.002577	0.010715	0.007288	0.037772	0.029768	0.030533	0.021432	0.022891	0.037066	0.020232	0.020978	0.011834	0.031124	0.001349	0.023587	0.024645	0.041857	0.000407	0.023262	0.026775	0.021678	
0.83