50
2
-0.25092	0.901429	0.463988	0.197317	-0.687963	-0.688011	-0.883833	0.732352	0.20223	0.416145	-0.958831	0.93982	0.664885	-0.575322	-0.63635	-0.633191	-0.391516	0.049513	-0.13611	-0.417542	0.223706	-0.721012	-0.415711	-0.267276	-0.08786	0.570352	-0.600652	0.028469	0.184829	-0.907099	0.21509	-0.658952	-0.869897	0.897771	0.931264	0.616795	-0.390772	-0.804656	0.368466	-0.119695	-0.755924	-0.009646	-0.931223	0.818641	-0.48244	0.325045	-0.376578	0.040136	0.093421	-0.630291	
0.939169	0.550266	0.878998	0.789655	0.1958	0.843748	-0.823015	-0.608034	-0.909545	-0.349339	-0.222645	-0.457302	0.657475	-0.286493	-0.438131	0.085392	-0.718152	0.604394	-0.850899	0.973774	0.54449	-0.602569	-0.988956	0.630923	0.413715	0.458014	0.542541	-0.851911	-0.283069	-0.768262	0.726207	0.246596	-0.338204	-0.872883	-0.378035	-0.349633	0.459212	0.275115	0.774425	-0.05557	-0.760812	0.42649	0.52157	0.122554	0.541934	-0.012409	0.045466	-0.144918	-0.949162	-0.784217	
-0.937142	0.272821	-0.371288	0.017141	0.815133	-0.501416	-0.179234	0.511102	-0.542404	-0.84604	-0.420497	-0.677557	0.859395	0.616241	0.266808	0.742921	0.607344	-0.62686	0.785118	0.078684	0.61488	0.792183	-0.363993	-0.779896	-0.54413	-0.145784	0.63603	0.721461	-0.986096	0.021495	-0.165178	-0.555784	-0.760269	-0.32477	0.885819	-0.353594	0.037581	0.406038	-0.272741	0.943564	0.924895	-0.496435	-0.005503	-0.398243	-0.430319	-0.926226	0.219129	0.005358	-0.897042	-0.442707	
0.816532	-0.520876	-0.71021	-0.021094	0.971301	-0.515889	0.344271	0.523239	-0.524725	0.456433	-0.264434	0.264612	0.267059	0.071549	-0.81942	0.670605	-0.35844	-0.626963	-0.91845	0.181786	0.355129	-0.966824	0.024186	-0.547008	0.290346	-0.651267	0.381875	-0.226529	0.87346	-0.724958	-0.317867	-0.773053	0.849387	0.754679	-0.484117	0.319968	0.634444	0.110402	0.059301	-0.516295	-0.813794	0.794432	0.800836	0.266203	-0.32194	-0.301581	0.451911	0.794221	0.774173	0.559751	
0.284063	-0.83172	-0.676743	0.797108	0.212858	-0.981606	-0.797057	0.327004	-0.989877	-0.678384	0.097468	0.38379	0.303923	-0.551461	0.424358	-0.525502	-0.349201	0.492983	0.299266	0.698447	0.315226	0.136617	-0.81265	-0.264568	-0.469595	-0.512021	0.946021	-0.213805	0.784093	0.262277	0.589623	0.005274	0.153808	-0.014965	-0.609514	0.444904	-0.438455	-0.951368	0.290945	-0.645779	0.880917	0.907857	0.829729	-0.259683	-0.969087	0.856637	-0.143632	0.93331	0.92724	0.706019	
-0.411102	-0.229805	0.702273	-0.366156	-0.661015	0.113603	0.87231	0.39206	0.140122	-0.805647	0.230014	0.980108	-0.719832	0.036659	0.754746	0.481537	0.394031	0.404968	-0.281018	-0.412816	0.618722	0.620227	0.734145	0.826481	0.022685	0.003033	0.59659	0.299928	0.403934	0.591585	0.780011	-0.32401	-0.248834	-0.812036	0.15656	-0.928115	-0.068804	0.085289	-0.426917	0.181667	-0.939	-0.925304	0.645201	-0.279619	-0.745879	0.044487	0.539987	-0.568358	0.245781	-0.829305	
-0.896637	0.062709	0.08127	0.27486	0.452183	0.951704	0.032601	-0.354087	0.590372	-0.458335	-0.122057	-0.843087	-0.949299	0.925297	0.67196	0.391948	-0.182094	-0.653411	-0.687126	-0.499514	0.098453	0.429192	0.320395	-0.440132	0.909731	0.475794	0.108708	0.223441	-0.1608	-0.504538	-0.288055	0.515692	-0.971213	-0.767855	-0.907995	-0.918542	0.710921	0.407316	-0.051652	-0.804332	-0.016768	-0.053056	-0.653596	-0.132297	-0.202991	0.2317	0.270187	-0.909392	-0.250775	0.25172	
0.006273	0.71298	0.317387	-0.674131	-0.858863	0.284839	-0.946977	0.171551	0.88046	0.150948	-0.22366	0.286576	-0.083494	0.091234	0.88293	-0.227795	0.922381	0.810701	-0.608418	-0.861277	-0.798444	-0.963556	-0.811114	0.366014	-0.857623	-0.362049	0.689751	-0.953456	0.628937	-0.43629	-0.76367	0.393474	0.257886	0.754944	0.470142	0.606962	-0.435931	-0.645121	0.50123	0.613669	0.98101	-0.174765	-0.255964	0.552826	-0.318393	0.861515	0.716826	-0.142012	0.501742	0.509086	
-0.793752	0.805106	0.010505	0.652915	-0.359901	0.791046	-0.221597	-0.978325	0.810764	-0.817427	-0.361373	0.900124	0.901214	0.146876	0.263674	-0.103109	-0.413578	-0.342671	0.345037	0.504749	0.583158	0.579236	-0.817588	-0.011159	-0.884882	0.099058	-0.116939	0.775408	-0.29817	-0.765866	-0.714017	0.523021	0.236436	-0.797755	-0.831786	0.401938	-0.854474	0.64372	0.412484	-0.837302	-0.830325	0.973279	-0.251458	-0.258716	0.625599	0.894497	0.972002	0.506756	-0.247481	-0.832999	
0.554294	0.116808	-0.151556	0.812709	-0.777605	-0.01475	-0.977293	-0.062679	-0.887393	-0.762364	-0.764948	0.298421	0.49209	0.166738	0.924345	-0.250259	-0.428576	0.737198	-0.552808	0.926445	-0.975691	0.939758	-0.91368	0.782286	0.055402	0.98593	-0.852407	0.107709	0.938605	0.046196	0.258797	0.391497	-0.090918	0.255116	0.168629	0.802316	-0.909107	-0.438074	0.900823	0.780528	-0.088686	0.240265	-0.445238	-0.623758	-0.072603	-0.293296	0.167312	-0.844531	0.94879	0.972421	
0.396323	0.072193	-0.380945	0.62759	0.369462	-0.674766	0.821854	0.645074	0.8996	0.451439	0.22683	-0.163514	0.865457	0.732128	-0.909563	-0.947266	-0.247073	0.621107	0.974552	-0.699166	0.188261	-0.238218	0.939829	0.684238	0.676657	-0.062614	-0.170361	-0.453186	-0.887249	0.729445	0.625802	0.999435	0.993274	0.110863	0.537975	0.889531	0.699295	-0.505304	-0.098912	-0.741681	0.908102	0.212349	-0.542714	0.343401	0.236256	-0.283675	-0.772885	0.343146	0.040615	0.544637	
0.040327	0.704363	0.103814	0.121876	0.753307	-0.193034	-0.73197	-0.942435	0.510275	0.240619	0.40816	-0.574072	-0.727257	-0.970911	-0.298825	0.179835	-0.215512	-0.12505	0.808317	-0.303489	0.027979	0.567306	-0.206914	0.244173	0.724727	0.899041	-0.705853	0.853175	-0.015767	-0.483511	-0.081728	0.960065	-0.014764	-0.342497	0.266802	-0.519709	-0.848273	-0.742241	-0.743908	-0.696195	-0.722346	0.281749	-0.63624	-0.308665	0.793577	-0.052077	0.335115	-0.65536	-0.615422	-0.918263	
-0.66213	-0.442819	-0.645979	-0.822595	-0.758728	-0.078442	-0.587333	-0.27146	0.006835	0.38079	-0.921376	0.598821	0.255801	-0.836482	0.747157	0.841745	-0.877844	-0.446245	0.612403	0.496519	-0.630958	-0.581301	-0.259056	-0.030954	0.23651	-0.262173	-0.074931	0.494942	-0.926634	-0.495126	0.426699	0.790414	0.023355	0.064227	-0.785656	-0.105175	0.065235	-0.515059	-0.461514	-0.245432	-0.959858	-0.355842	-0.577104	-0.345005	-0.760476	0.781055	0.187185	0.358205	0.578342	-0.003116	
-0.826159	0.074213	0.173682	0.490879	-0.136681	-0.744839	-0.432448	-0.273835	0.291834	0.141557	-0.287807	0.97303	0.21155	-0.525546	-0.796435	-0.694282	-0.508085	-0.678637	-0.626866	-0.42981	-0.653253	0.793531	-0.839533	0.049023	-0.179206	0.964757	-0.775922	-0.204289	0.938941	0.731014	0.634144	-0.484194	-0.658225	0.337286	0.858752	0.113526	0.143225	-0.440042	0.538986	-0.625913	-0.352642	-0.149127	0.015221	-0.515181	-0.770326	0.22124	-0.422739	0.162476	-0.691275	-0.03772	
0.065179	-0.896353	-0.326791	-0.731171	-0.87325	0.97992	-0.355292	0.619749	-0.490719	0.363005	0.520456	0.191277	-0.056848	-0.176318	-0.302263	0.859058	0.661239	0.930054	-0.751406	0.461735	0.876681	-0.637534	-0.867007	0.482241	0.148946	0.683658	-0.720455	0.590535	-0.596745	-0.672688	-0.671468	0.629149	0.330394	0.046131	-0.282339	0.754401	-0.21511	0.633199	-0.12173	-0.246111	-0.07464	-0.397244	0.495219	0.005441	-0.535575	0.799149	-0.232218	0.087106	0.812944	0.248476	
-0.766204	0.879664	0.255416	-0.330189	-0.721456	0.58805	0.240146	0.066922	0.787785	0.577194	-0.69665	-0.376556	-0.503022	0.487893	-0.932935	0.139779	0.524917	0.753531	-0.315837	0.642515	-0.778737	0.692905	-0.745023	-0.205425	0.594591	-0.700165	-0.541497	0.444505	0.440073	0.282295	0.387897	0.085449	-0.496402	-0.308608	-0.636805	0.816901	0.166784	-0.198297	-0.075988	0.894567	-0.693297	0.17246	0.011777	0.222908	-0.96378	0.744248	0.864237	0.130266	0.393302	0.844999	
0.414477	-0.694922	0.152577	0.21343	-0.151739	0.472888	0.868734	0.851137	-0.098321	-0.773524	0.969682	0.677796	-0.750675	0.841684	0.739793	0.037676	0.182551	-0.201995	-0.890477	-0.329606	0.605707	-0.990736	-0.333002	-0.203663	0.074791	0.839711	-0.307308	-0.306094	0.475002	-0.095564	-0.55079	-0.095121	-0.718286	-0.647226	-0.003264	-0.162149	0.829692	-0.275212	0.161177	0.264529	-0.973811	0.327075	-0.643928	0.922141	-0.702675	-0.170752	-0.829301	0.993749	0.00439	0.19077	
-0.865847	0.499921	-0.580189	0.796109	-0.589721	-0.618625	-0.926901	-0.055866	0.129682	-0.868583	0.551055	-0.093422	0.048781	-0.118475	-0.198474	0.119281	-0.68952	-0.636144	0.723571	0.892231	-0.253381	-0.458511	0.287999	-0.182532	-0.949227	-0.687695	0.431944	0.317848	-0.945808	-0.556056	-0.53785	0.343785	-0.960579	-0.791783	0.599832	-0.642911	0.305492	-0.523634	-0.801117	-0.513656	0.444534	0.711393	0.66044	-0.205633	0.33617	-0.590031	-0.413705	0.792672	-0.973996	-0.828983	
-0.584227	-0.946936	-0.637129	0.166083	-0.157151	0.785343	0.634887	-0.316365	-0.481153	-0.240615	0.18059	-0.463873	0.248298	-0.181177	0.104094	-0.127747	-0.411068	0.896907	0.527212	-0.719774	0.736936	-0.025138	0.789104	0.599711	-0.149573	-0.955061	-0.462645	0.083268	0.266956	-0.484225	-0.721288	0.66986	0.968804	0.05138	-0.656641	-0.455385	-0.963219	0.828598	-0.764498	0.153033	-0.45189	0.108356	0.302841	0.659484	-0.587157	-0.978008	-0.726229	0.800037	0.74778	0.194826	
0.201034	0.330073	-0.649257	0.828824	-0.162459	-0.233723	0.037835	-0.906068	-0.667433	0.476067	-0.834403	0.206304	-0.509302	-0.221409	-0.422613	-0.288655	0.438092	-0.405757	0.132809	-0.047899	0.327342	0.873659	0.465144	-0.570119	-0.937634	-0.475472	0.190156	-0.897148	-0.007268	0.193686	-0.331512	0.541824	-0.786803	-0.849724	0.456378	-0.009017	0.376805	-0.130345	-0.507196	0.638205	0.598832	0.389393	-0.45571	0.180461	-0.278052	-0.816836	0.834627	-0.726363	0.900475	-0.107988	
-0.629734	0.083802	0.745892	0.46445	0.613122	0.317567	0.384553	0.698391	-0.500664	-0.02115	-0.557581	0.975336	0.888119	-0.921146	0.41115	0.850497	-0.638849	0.13589	0.830977	-0.932108	0.394841	-0.405302	0.848792	0.942116	0.888533	-0.051572	0.724085	0.689099	-0.361799	0.657831	-0.925985	0.19254	-0.539982	-0.758866	-0.846094	0.392578	-0.32025	0.449534	-0.869287	-0.369419	0.078983	0.581446	-0.362495	0.251783	0.771955	0.231726	-0.534081	-0.951198	0.740198	-0.957461	
0.749403	0.057874	0.878135	0.597566	0.995868	-0.298576	0.534377	-0.196138	-0.040249	0.255011	0.747354	0.968167	0.536547	-0.164466	-0.157286	0.475165	-0.522446	-0.779052	-0.290756	-0.425522	-0.407384	-0.532784	-0.915814	-0.964252	0.975445	-0.144454	-0.231347	0.359295	-0.563492	0.899922	0.57269	-0.821178	-0.164838	0.758237	0.889464	-0.065197	0.226823	-0.665932	0.982337	-0.536657	0.885464	0.299293	0.215474	0.025377	-0.53866	-0.646944	-0.559028	-0.627123	0.559169	-0.299749	
-0.884315	0.938205	0.767572	0.855505	0.989816	-0.65221	-0.207516	0.516477	0.392041	-0.692208	0.631666	-0.551119	-0.552365	0.073949	0.18588	0.160172	-0.817026	0.754922	-0.4688	-0.74097	0.777496	0.911303	0.724255	0.619032	0.310484	0.101715	-0.826026	-0.183094	-0.254623	-0.480492	0.44684	-0.008249	-0.837908	-0.559634	0.366518	-0.847738	0.702414	-0.009707	-0.038827	0.184816	0.649362	-0.304382	0.356032	0.131464	-0.465943	0.75726	0.594852	0.316904	0.701163	0.734588	
0.416726	0.674027	0.394943	0.360282	0.237223	0.505433	-0.68279	0.761742	0.743687	-0.941505	0.651634	-0.74226	-0.329762	0.487017	-0.67848	0.635934	0.664268	0.014935	-0.987228	-0.425924	0.233854	0.962372	0.263627	-0.480393	0.268011	0.079971	0.559691	-0.786039	0.522056	0.082533	0.925984	-0.316256	0.265244	0.864056	-0.794981	0.874457	0.375771	-0.864326	-0.398073	0.416344	-0.865299	0.164341	-0.308234	0.241831	-0.908516	0.743074	0.946978	0.937756	0.499304	-0.739828	
0.516526	-0.950826	-0.955753	-0.35278	-0.022714	0.540815	0.366591	-0.108195	-0.452747	0.994249	-0.147637	-0.097226	-0.672752	0.589619	0.387364	-0.558461	-0.835238	0.360999	0.309022	-0.453481	0.901727	-0.697884	-0.13533	0.887232	-0.160545	0.277052	-0.204811	-0.45157	0.967955	-0.181332	0.788198	-0.540091	-0.573791	-0.937732	0.303334	-0.262947	0.728716	-0.05358	0.936387	-0.628949	0.737246	0.553194	0.541844	0.689566	0.522048	0.252441	-0.73751	-0.934948	0.841696	0.233301	
0.593075	-0.036955	-0.765384	-0.749628	0.371131	-0.139388	-0.598951	-0.016811	-0.871582	0.163943	-0.462013	0.595118	-0.379276	-0.08956	-0.976759	-0.855106	-0.215013	-0.040122	0.200041	-0.416675	0.389964	0.720245	0.559702	-0.920762	-0.038986	-0.79014	-0.51591	0.973325	-0.715009	-0.002224	0.236311	0.40493	0.119297	-0.980458	-0.347077	0.035423	-0.824267	-0.298746	-0.933594	-0.842843	-0.206153	-0.734568	0.135082	0.37893	0.601173	-0.5997	-0.665035	-0.790864	0.27286	0.412951	
-0.936828	0.872424	-0.896057	0.082593	0.418121	0.741938	0.428174	0.603456	-0.3211	0.62965	-0.83977	0.789633	0.095185	0.634596	-0.095363	0.287155	0.052805	0.463179	-0.83674	-0.879296	-0.505794	-0.680911	0.743567	-0.561572	0.951731	-0.326208	-0.635764	0.579397	0.317416	-0.003609	0.110727	0.438404	-0.543091	0.992668	0.949586	0.300651	-0.600915	0.360456	-0.855603	-0.938695	-0.484634	-0.074754	0.736545	0.454338	0.485413	-0.149013	-0.30813	-0.257922	0.975299	-0.919782	
0.734063	0.157351	-0.122769	0.450515	-0.026662	0.746846	0.801404	-0.156558	-0.446344	0.184701	0.824727	-0.578676	0.245933	0.26312	0.466226	-0.736865	0.43165	0.818065	-0.640634	-0.524913	0.94279	-0.638046	0.70877	-0.015444	-0.505538	0.7415	-0.109389	0.029635	-0.281533	0.185902	-0.672952	-0.217837	0.938825	-0.483733	0.313473	-0.34962	0.546946	-0.738253	0.939642	-0.092421	-0.527899	-0.853007	-0.660484	0.039548	-0.325994	0.657767	-0.138225	-0.502571	0.23429	0.413554	
-0.665916	-0.664762	-0.926657	0.472804	0.327609	-0.050738	0.688341	0.61134	0.170709	0.736543	-0.588318	-0.776161	-0.460501	-0.885826	0.062339	0.873211	-0.921313	-0.75578	-0.095602	0.86775	-0.367688	0.01447	-0.916854	-0.703314	0.97326	0.930237	-0.99012	0.903624	0.27824	0.735837	-0.09052	0.031192	-0.022307	0.333729	-0.720697	-0.940053	-0.38414	0.409362	-0.596293	0.346865	0.939824	-0.812199	0.345204	-0.1125	0.736285	-0.6457	0.385252	0.676231	0.889228	0.366496	
-0.00565	0.235694	0.73781	0.141219	-0.939226	0.861897	0.379054	0.353027	-0.56865	0.317771	-0.212271	0.302466	-0.786814	0.315691	0.998827	-0.903576	0.954348	-0.186184	0.741507	0.564771	0.134033	0.476898	0.757031	-0.191719	-0.345934	0.335187	0.615692	0.52457	0.595627	-0.128833	0.635668	-0.759582	0.088978	-0.988483	-0.350828	-0.267077	-0.207655	0.390934	-0.222884	-0.102613	-0.524912	-0.253496	-0.545461	-0.853608	0.206897	0.336426	0.238981	-0.073012	-0.240428	0.726667	
0.038164	-0.041636	-0.948716	-0.317504	-0.239609	-0.202354	0.160345	0.067205	0.21581	0.529767	0.625971	0.436246	0.911047	-0.963535	-0.608444	-0.984874	0.294949	0.796061	-0.513035	0.854069	-0.879465	0.868872	-0.296755	-0.797158	-0.028256	-0.486447	-0.430254	-0.38542	0.606052	0.078323	-0.377385	0.220668	0.432301	-0.454752	-0.172902	-0.756228	-0.637701	0.362236	-0.637123	0.050327	0.418093	-0.786246	0.134624	-0.486874	0.925854	-0.032909	0.611985	0.100453	-0.913175	0.266303	
0.902807	0.203224	0.638378	0.768413	-0.54384	-0.57591	0.221962	-0.177943	0.679723	0.800046	-0.293157	-0.526259	0.561051	-0.450388	0.645229	-0.152523	0.3351	-0.808929	0.247719	-0.096465	0.173217	-0.663972	0.473747	0.725594	-0.56652	-0.808571	-0.952723	0.283943	0.214188	0.093395	-0.536106	-0.218188	0.188953	-0.006466	0.975571	-0.72712	0.390289	-0.191362	-0.143601	0.435196	0.384872	0.982512	-0.743211	-0.791781	0.448678	0.156774	-0.451679	-0.841161	-0.828684	0.788382	
-0.616265	-0.353257	-0.546687	-0.290007	-0.861152	0.03812	-0.864775	0.600713	-0.532576	0.080024	0.760158	0.301755	0.065916	-0.351332	-0.333996	0.338974	0.988279	0.323678	0.115567	0.461301	-0.069589	-0.879715	0.124594	0.915251	-0.649394	0.38001	-0.598133	0.071655	-0.806647	-0.099258	0.512327	-0.304857	0.329823	0.5909	0.854356	-0.530716	-0.201368	-0.695168	0.984967	0.854002	0.079914	0.684067	0.041916	0.247171	-0.821751	0.510541	-0.744573	0.652135	0.564056	0.417489	
-0.927679	-0.393743	-0.473775	-0.279727	-0.824715	0.873916	0.107604	-0.388951	-0.206037	-0.105595	0.201189	0.031359	0.838784	-0.006073	0.984316	0.70285	-0.582979	0.86119	-0.767267	0.634899	-0.238753	0.755949	0.736113	0.611851	0.580061	-0.390642	-0.838161	-0.19404	-0.652951	0.389902	-0.307801	0.95122	0.281944	0.644961	-0.734951	0.724029	0.845514	-0.025876	0.212506	0.52962	-0.650323	0.005132	-0.202674	-0.707252	-0.264931	-0.863655	-0.948376	-0.729667	0.92623	0.099059	
0.931644	-0.135004	-0.376368	0.012284	-0.120977	-0.788671	0.281653	-0.567924	0.239176	0.300402	-0.69595	-0.877301	0.561523	-0.080399	-0.883672	0.989733	-0.884439	0.39007	0.967358	-0.52164	-0.715501	-0.75723	-0.39345	-0.797908	0.384323	-0.875416	0.018844	0.993394	0.627941	0.230439	-0.387493	0.247792	0.054083	-0.147833	-0.738579	0.773208	-0.100431	-0.610755	-0.264481	-0.17174	0.655076	0.467229	0.53861	-0.977937	-0.167692	-0.037312	-0.961615	-0.480374	0.52058	-0.725781	
0.07062	-0.569596	-0.975758	-0.517597	0.951748	0.603074	0.919153	-0.024292	-0.780528	0.095919	-0.091245	0.688714	-0.803835	-0.023518	-0.699903	-0.350648	0.474714	-0.047964	-0.248223	-0.211047	-0.081106	0.570033	0.784169	0.910669	0.573807	-0.369186	0.376269	-0.124794	-0.490659	0.681743	-0.923147	0.803524	-0.077045	0.274403	0.318708	0.790235	0.273339	0.227867	-0.866696	0.036816	-0.699662	0.474868	0.024444	0.360456	-0.916654	-0.830416	0.432647	-0.855831	-0.857487	-0.975783	
0.913003	0.475017	-0.293497	-0.406929	-0.300594	0.549307	0.322741	-0.629609	-0.651781	-0.803209	0.320605	0.528745	-0.469907	-0.95811	-0.835657	0.93572	-0.40911	0.538446	0.249327	-0.236121	-0.588625	-0.757227	0.230026	0.549268	0.287809	0.060604	-0.916098	0.936978	0.597428	-0.414356	0.959941	0.203763	0.164845	0.496146	0.62354	0.312957	-0.743809	-0.323465	0.856167	-0.550769	-0.255666	-0.135846	-0.12119	0.225879	0.886152	-0.518615	-0.756997	-0.605059	0.77385	0.291622	
-0.428186	0.631894	0.72274	0.693029	0.837853	-0.495518	0.510084	-0.078921	0.683997	0.456981	0.552895	0.312324	-0.645142	0.090054	0.969339	0.874776	-0.913653	-0.67037	-0.736542	0.45196	0.635571	-0.572977	0.011705	0.681406	0.465603	0.084474	0.180695	0.016721	-0.404903	0.130044	0.377771	0.746646	0.272583	0.522243	-0.679857	-0.076885	-0.981337	-0.506642	0.452923	0.98362	-0.801644	-0.197011	0.600142	-0.591929	0.11017	0.466143	0.231971	-0.623951	-0.289231	0.567584	
0.108453	-0.989541	0.521982	-0.929377	0.491468	-0.595039	0.916147	-0.264118	-0.346137	-0.702224	-0.388792	0.753302	0.992669	-0.263381	-0.102779	0.444142	0.772392	0.186089	-0.216949	-0.174756	0.391236	-0.993563	0.239179	-0.289014	0.588395	-0.814019	0.176405	-0.038054	0.284651	-0.870293	0.159968	0.122969	0.12132	0.206975	0.352936	0.609978	-0.460359	0.650099	-0.003489	-0.845883	-0.882898	-0.331523	0.569794	0.415362	0.57723	0.034538	-0.119602	-0.705095	-0.343614	-0.131961	
-0.822799	-0.558776	0.196451	0.471326	0.996695	0.866227	0.28513	-0.157504	0.272355	0.571303	-0.763328	-0.18019	0.679605	-0.232334	0.143745	0.175539	-0.631047	-0.275529	-0.330977	-0.947607	-0.951616	0.663394	-0.453858	0.036158	-0.402549	0.881358	-0.481406	-0.140686	0.745461	0.683867	-0.627797	0.605287	-0.083626	-0.034062	-0.73304	-0.838797	0.455879	-0.007078	-0.126299	0.459016	0.531026	-0.682184	0.22045	-0.729292	0.50275	0.31391	0.913229	-0.862084	-0.885891	-0.435626	
-0.476589	-0.506042	0.812509	-0.500908	-0.456101	0.518797	-0.10052	0.553421	-0.869268	-0.024858	-0.932773	-0.874694	0.812875	-0.721509	0.064841	-0.177809	-0.305313	0.799667	-0.956353	0.327579	0.926789	0.120336	0.873645	-0.895484	-0.162413	-0.479684	0.461642	0.962594	-0.48694	0.308349	-0.603805	0.130661	-0.072135	0.944011	0.217055	-0.300987	-0.771808	-0.697506	-0.549366	-0.498067	0.701232	0.122446	0.046782	-0.770462	0.720279	0.445629	-0.864663	0.41567	0.087076	-0.836549	
-0.083399	-0.030607	-0.668451	0.891396	0.699951	0.338045	-0.075409	-0.176469	0.301947	0.090864	-0.875454	0.025005	0.612807	-0.08152	-0.896087	0.572556	-0.597272	-0.482758	-0.670587	-0.33957	0.513503	0.038772	-0.590237	0.75566	0.759164	0.741157	-0.522408	-0.097521	0.969979	0.544025	-0.945665	-0.869591	-0.072137	0.81844	0.077404	-0.004375	-0.789053	0.31356	0.644206	-0.23916	0.551224	0.928953	-0.592467	0.046659	-0.425724	0.585709	0.155187	0.269165	0.595828	-0.208059	
0.83018	0.066058	-0.68409	0.391798	0.586523	-0.366477	0.714359	0.812287	-0.446191	0.967043	-0.718577	-0.595969	-0.63155	0.787979	0.308585	-0.695791	-0.119353	0.230596	-0.833072	0.764833	0.607207	0.010414	0.934253	-0.164478	0.968221	0.33584	0.269343	-0.66809	0.763856	-0.145021	-0.675533	-0.974785	0.119511	0.054799	0.438707	0.780516	-0.841187	0.462993	-0.625176	0.716354	0.638127	0.081588	0.420486	-0.3713	-0.057664	0.643274	-0.08147	-0.284403	-0.011575	0.656499	
-0.329584	-0.652477	0.424028	0.651956	-0.798725	-0.520252	-0.716056	-0.304117	-0.099298	0.497653	0.302295	0.241857	-0.29525	0.682895	-0.057426	0.95821	0.268284	-0.747471	0.352355	-0.349792	0.372654	-0.860718	-0.650237	0.711475	-0.545641	0.674082	-0.441448	0.285764	0.388301	0.02531	-0.389379	-0.574711	-0.933621	-0.392107	0.306326	0.87661	0.742409	0.53213	0.576895	0.32997	-0.479426	0.81439	0.341465	0.120881	-0.778021	-0.105889	-0.079283	0.729127	0.093296	-0.239199	
0.953601	-0.778559	-0.154903	-0.915951	0.479808	0.836153	-0.439925	0.716683	-0.415564	0.82154	0.507924	0.609814	-0.963987	0.925621	0.453342	-0.390498	0.658789	-0.436958	0.745508	-0.774839	0.407372	0.081397	-0.806931	-0.516212	-0.975192	-0.062464	-0.397469	0.196715	-0.405524	-0.400162	0.486386	-0.903714	0.80579	0.704528	0.335609	0.186443	0.784605	-0.62934	-0.842062	-0.52098	0.589157	-0.930659	0.165614	0.990875	0.711392	0.042891	-0.872718	0.662747	0.197957	-0.770134	
-0.812285	0.819254	0.338401	0.658574	0.757958	0.143545	0.034893	-0.139145	-0.366107	-0.130808	0.547759	0.203847	0.785047	-0.11324	0.214179	0.262615	0.183394	0.405268	-0.525133	0.024728	-0.79155	-0.230977	-0.024666	0.304449	0.901062	0.201302	0.487188	0.012532	0.268208	-0.858136	-0.491217	-0.276294	-0.055013	-0.908703	-0.719952	-0.446371	0.943065	-0.337306	-0.035918	-0.607805	0.22156	-0.438634	-0.586015	0.033145	-0.988988	-0.984672	-0.561862	-0.926557	-0.783948	-0.322279	
0.605171	0.144097	0.025335	-0.413022	0.863507	-0.20597	-0.825814	0.234133	-0.772323	-0.309554	0.014824	0.748445	-0.012907	0.404518	0.985634	-0.737022	-0.450537	-0.210848	-0.156344	-0.177958	0.815222	0.428065	0.21581	-0.381255	0.647581	0.910121	0.642397	-0.99687	0.272803	-0.897729	-0.484786	-0.880951	0.207591	0.37318	-0.771025	-0.232322	-0.087527	-0.261894	-0.75795	-0.162104	0.502356	-0.857985	-0.83964	-0.290457	0.883451	0.337145	0.35734	-0.27616	0.187322	-0.979738	
0.272192	0.826574	0.225147	0.747397	0.447946	-0.758883	0.804907	-0.867112	0.067935	-0.715726	-0.976587	-0.155931	-0.409919	-0.027999	0.1544	-0.912522	-0.753993	0.117285	-0.313665	0.458347	0.304583	0.691209	0.384986	-0.140138	0.345933	-0.449238	-0.387373	0.57797	-0.107161	0.596761	0.644845	0.715125	0.83327	-0.13803	-0.362266	0.164397	-0.257655	0.202148	0.411172	0.37681	-0.250894	-0.66628	-0.138941	-0.714812	0.780194	-0.308245	-0.691081	-0.949104	0.291645	0.273805	
-0.318792	-0.856576	-0.180742	-0.377565	0.354241	0.211558	-0.270813	-0.564215	0.976072	-0.091997	0.376548	-0.718894	-0.028821	-0.944927	0.01091	0.928035	-0.231587	-0.922008	-0.938088	-0.224026	-0.67995	-0.953296	0.512427	-0.082954	-0.42151	0.800166	-0.767722	0.911838	-0.372067	0.776807	0.205886	0.653415	0.968026	-0.423189	0.922271	-0.221036	-0.228976	-0.319226	0.082815	-0.69171	0.107423	0.08341	0.523804	0.6673	-0.119117	-0.395334	-0.48133	-0.610752	-0.884705	-0.315104	
-0.459505	0.932835	0.115418	-0.305446	0.160935	-0.721607	-0.111913	0.252469	-0.022204	-0.196442	0.987697	0.76063	0.246812	0.138755	0.241321	-0.597376	-0.209725	-0.921081	-0.048908	0.086049	-0.544501	0.928058	0.818909	0.444286	0.066773	0.739938	-0.738695	0.58102	-0.750358	0.588421	-0.448465	0.754181	0.888084	-0.702408	-0.074649	0.961975	-0.033185	0.727095	0.177463	-0.24934	-0.428433	-0.593554	0.523596	-0.226919	0.022551	-0.015349	0.154558	0.731154	0.961479	-0.184832	
0.655038	0.529056	0.147058	0.912094	-0.599051	-0.781472	0.707924	-0.1217	0.693938	0.78618	-0.875085	0.76693	-0.103362	0.020865	0.253185	0.852765	-0.961768	-0.046313	0.375444	0.445414	0.385065	-0.73113	-0.401209	-0.282569	0.608874	-0.44248	-0.57859	0.914896	-0.982273	0.995642	0.353643	0.656939	-0.410761	-0.971369	0.475739	0.668289	0.480952	-0.714299	0.506856	0.537846	0.317081	0.532232	0.691843	0.227208	-0.822791	-0.024744	-0.844701	-0.184914	-0.185787	-0.86798	
-0.302359	-0.778004	0.61647	0.895376	-0.855367	0.91023	0.045153	-0.400869	-0.846276	0.001249	0.589031	0.414173	-0.899548	-0.854196	-0.194253	-0.409419	-0.535231	-0.437991	0.606965	0.858456	-0.189795	0.812222	-0.357009	-0.047126	-0.547942	0.280952	0.957962	0.206986	-0.284372	0.295635	-0.754159	0.777318	0.006168	-0.101301	0.17173	0.249568	-0.856448	0.365234	-0.516137	0.427905	0.64507	0.607917	0.105002	0.04034	-0.714248	0.550692	-0.457181	-0.006609	-0.431452	-0.732343	
0.259115	-0.891336	0.49729	-0.364826	-0.999731	0.022258	-0.906296	-0.447661	0.413953	-0.874621	0.678677	-0.99236	-0.506352	0.481808	-0.36746	-0.796215	-0.279532	-0.459213	0.685424	-0.373304	0.577865	0.783744	-0.132365	0.819886	-0.245364	0.928157	-0.821421	0.374039	-0.012372	-0.224702	0.265424	0.407714	-0.991273	-0.666094	0.426092	0.332771	0.932095	0.522076	0.901545	0.405081	-0.403896	-0.78927	0.563648	0.288298	-0.903628	-0.279899	0.9136	0.000802	-0.134542	-0.084601	
-0.582235	-0.262586	-0.260373	-0.89529	0.535135	-0.166991	0.64436	0.700696	-0.576012	0.314707	-0.055436	0.760313	-0.568519	0.355626	0.215504	-0.409397	-0.726798	0.30328	0.477195	-0.368745	0.289665	-0.209738	0.426414	-0.601569	0.78043	-0.425181	-0.264428	-0.883816	-0.776976	0.031724	-0.464815	0.67096	-0.970613	-0.241812	-0.325309	-0.961345	-0.751263	-0.172715	-0.014271	-0.191421	0.061875	0.190263	-0.980152	-0.07181	0.926998	0.038065	0.355085	-0.376272	0.547983	0.545843	
0.042592	0.952028	-0.7489	-0.966105	0.540316	0.614311	-0.759586	-0.468834	-0.964895	-0.413383	0.546284	0.035921	-0.303809	-0.256521	-0.997293	-0.400399	0.292917	0.948389	0.694122	-0.95281	0.797121	0.566397	0.560752	-0.084008	-0.203989	-0.394169	-0.86861	-0.543529	-0.506793	-0.031846	0.494889	-0.05238	-0.884311	0.91558	0.885449	0.570379	0.982656	0.088965	0.925537	-0.84879	-0.268639	-0.549237	-0.608334	-0.718394	0.244827	0.562644	0.156597	-0.706075	0.622248	0.271909	
-0.223669	0.348261	-0.48019	-0.309616	0.834972	-0.418991	-0.060023	0.780282	0.415443	-0.875594	-0.705394	-0.984317	0.261844	-0.104653	-0.73145	0.915868	0.059319	-0.516213	0.001207	0.359241	-0.847522	-0.450592	0.613931	-0.08067	0.093154	-0.134368	-0.9122	-0.6685	-0.108917	-0.581629	-0.900042	0.687299	0.962385	0.586286	0.70757	-0.516046	0.921254	-0.606149	0.90286	0.989639	0.423446	0.962287	0.13908	-0.480916	-0.126008	0.187122	-0.853837	0.244687	0.962356	-0.619785	
0.58519	0.815798	0.887403	0.920271	0.042919	0.954616	0.51462	-0.676657	-0.0462	0.436662	-0.505319	0.28123	0.333201	-0.674601	0.130171	0.543254	-0.002209	-0.975794	-0.981923	-0.285941	0.852388	-0.542646	0.268727	-0.555848	-0.35666	0.696084	0.457723	-0.809201	-0.142596	-0.94166	-0.03822	0.324868	-0.762995	-0.42223	-0.204327	0.839062	0.98651	-0.910177	0.522016	-0.256552	-0.215084	0.50853	0.836853	0.901857	0.154245	-0.285758	0.575098	-0.497997	0.128148	-0.282843	
0.313262	-0.519202	-0.616814	0.836478	-0.796393	0.011916	-0.558294	-0.92214	-0.927962	-0.649556	0.733541	-0.435043	0.900918	0.163245	-0.126772	0.160178	0.033397	0.517553	-0.435008	-0.293899	0.788189	0.892913	0.785116	-0.161104	0.560731	-0.047329	-0.00492	-0.59064	0.182261	-0.627728	-0.336871	0.71006	-0.585848	-0.857683	-0.861985	0.881569	0.013841	-0.181176	0.621757	0.671652	-0.335618	0.387236	0.542246	0.309301	-0.69681	0.751766	0.078189	-0.435055	-0.149544	-0.924858	
-0.744266	0.531094	-0.999977	-0.166868	0.04502	-0.890731	0.946156	-0.547749	-0.391603	-0.392115	-0.539167	-0.997052	0.45869	0.933691	-0.551413	0.326094	0.483793	0.696851	-0.154742	-0.394138	-0.34941	0.425243	0.633559	-0.636772	-0.258118	0.80388	0.613387	0.969717	0.508497	-0.21361	0.181276	0.322029	-0.843088	0.088994	0.418642	-0.665357	0.561263	0.167546	0.904444	-0.915155	-0.469348	0.203108	-0.40688	0.428848	0.518011	-0.794968	0.027709	0.017781	-0.261438	0.86585	
0.655013	0.394419	0.428653	-0.076568	0.841989	0.389191	0.457962	0.723382	-0.451857	0.614142	-0.609519	-0.309316	-0.328779	0.957051	0.713074	0.40234	0.454114	0.124146	0.894181	-0.007482	-0.238965	-0.673929	0.572411	0.468888	-0.23129	-0.949613	0.677995	-0.977164	0.4074	0.940514	-0.124677	-0.530053	0.409742	0.634256	0.092861	0.934071	-0.896663	0.009591	0.436908	0.725281	-0.641489	0.600007	0.105414	-0.206893	-0.73657	0.730592	-0.685454	-0.380424	-0.419909	0.742828	
0.345406	0.593363	-0.499064	0.249748	0.143492	0.665661	0.812174	-0.975686	0.34804	-0.896328	0.097717	-0.424735	-0.386447	-0.294083	0.242585	-0.3319	0.465398	-0.190945	-0.863294	0.56752	-0.428483	-0.134466	0.370888	-0.335088	-0.886829	-0.252158	0.888897	0.283469	0.342958	0.264564	-0.602016	-0.163332	0.50188	-0.797254	-0.444294	-0.447362	-0.135962	0.960737	-0.864995	0.037402	-0.641271	0.941353	-0.773393	-0.192798	0.47577	0.409109	-0.154543	-0.306952	-0.204775	-0.471447	
-0.589334	-0.033921	-0.462932	-0.425077	0.313512	0.937075	0.207274	-0.846041	-0.848833	0.902846	-0.405418	-0.815866	0.198089	0.247298	0.29701	-0.465196	-0.969779	0.930031	-0.498214	0.352053	0.41326	0.220015	-0.374185	-0.457807	0.195337	0.732191	0.893467	-0.788188	-0.690343	0.889473	0.47307	0.765988	-0.594735	0.175172	0.402279	0.360224	-0.183697	-0.96921	0.165852	-0.493797	-0.099492	0.915162	-0.201929	0.679603	-0.622919	0.344921	0.954014	-0.796214	-0.98336	-0.132834	
-0.814749	0.496769	0.829097	-0.131958	-0.482577	-0.131193	0.446896	-0.981892	0.178908	0.226583	0.275376	-0.515956	0.428105	-0.817217	-0.601459	0.75494	0.477446	-0.972509	-0.503247	-0.571187	-0.458387	-0.50488	-0.874947	-0.082119	0.465467	0.213463	0.345743	-0.837702	0.902981	0.676984	0.610181	0.645968	0.865421	0.088508	-0.599436	0.233567	0.485763	0.475835	0.042898	-0.863083	-0.257774	0.841533	0.168898	0.076664	-0.462293	-0.263102	0.790692	0.332926	0.574774	-0.091309	
0.260494	-0.503233	0.410922	-0.144797	-0.114909	0.298645	0.872561	-0.871987	0.649486	-0.415234	-0.112161	-0.956173	-0.397908	0.005262	-0.887648	-0.017809	0.854221	-0.789214	0.528881	-0.180658	0.310347	-0.479527	-0.681015	-0.679075	-0.859016	-0.628707	0.328439	0.763381	0.628251	0.370269	-0.779136	-0.421625	-0.380386	-0.500086	0.030011	0.071108	-0.286228	-0.292422	0.657111	0.578586	-0.384408	0.827577	0.90563	-0.346515	-0.29115	0.011268	0.882242	0.752639	-0.794864	-0.214539	
0.106742	0.006265	-0.612274	0.717634	0.353882	0.675817	0.717529	0.496712	-0.121579	0.221094	-0.679269	0.347291	-0.641493	0.387899	-0.540804	-0.764897	-0.669431	-0.996016	0.437479	0.464802	0.029867	-0.677274	-0.832891	-0.961742	-0.668504	0.781711	-0.516926	-0.291457	-0.789309	-0.555277	0.038449	0.215505	-0.509295	-0.884536	-0.217934	-0.531593	-0.560892	0.919726	0.232601	0.113757	-0.16845	-0.142111	0.08181	0.39286	0.404292	-0.656612	0.000226	-0.176084	0.741054	0.262838	
0.065008	-0.769211	0.211276	-0.765592	-0.325587	-0.714316	0.384147	-0.587496	-0.216281	0.79135	-0.591367	0.01561	-0.161457	-0.963752	0.585516	-0.861908	-0.05149	0.121357	0.256853	0.377263	-0.493455	-0.980042	0.446887	0.071313	0.672235	0.642777	0.686652	-0.029811	-0.332743	0.583116	-0.097412	-0.633116	0.709948	0.76512	-0.06738	-0.848601	-0.224348	0.607075	0.803548	-0.593055	-0.866053	0.754701	-0.22119	0.083522	0.936132	-0.866871	0.296636	-0.851789	-0.249062	0.607629	
-0.133056	0.994365	0.118119	-0.357676	-0.559777	-0.298959	-0.254933	-0.862573	-0.260852	-0.071523	0.445476	0.313459	0.417531	-0.983273	-0.564665	0.323369	-0.032021	-0.989373	0.608989	0.545619	0.096838	-0.867073	0.53303	0.167427	0.56392	0.503494	0.606004	0.036016	-0.719351	0.342315	0.240948	0.484506	-0.660238	-0.61005	0.780819	0.499956	0.816457	0.517431	0.194311	0.308265	0.778256	0.157614	0.264783	-0.687047	-0.052158	0.432794	-0.458115	-0.595492	-0.372346	-0.516999	
-0.570175	-0.150298	0.815677	0.014119	-0.624159	-0.846057	0.392312	-0.234402	0.643662	0.319022	0.592483	-0.456108	0.384718	-0.471876	0.878137	0.272749	-0.350976	-0.460976	-0.618147	0.389282	-0.562569	0.190607	-0.47073	0.323938	0.629879	0.55605	0.521703	-0.624555	-0.82323	0.397898	-0.263306	-0.135308	-0.937702	-0.480847	-0.932647	0.758372	-0.513207	0.114674	-0.922041	0.333695	-0.353945	0.795838	0.776236	-0.349419	0.801922	0.992315	0.650831	0.689743	-0.501983	0.153405	
-0.865488	-0.810164	0.997785	-0.346722	0.496368	0.61333	0.716047	0.995257	-0.517007	-0.919298	-0.177617	-0.739839	-0.955148	-0.279146	0.567477	0.132361	-0.374444	0.308684	-0.535964	-0.971237	0.528707	0.247486	0.524605	-0.922124	0.674239	0.239052	0.126791	0.249228	0.728866	0.173873	0.161901	0.981358	0.51346	-0.115412	0.414794	-0.221539	-0.542249	0.193704	0.856364	0.858279	-0.316189	0.055355	-0.576728	0.991262	0.962236	0.299018	0.608828	0.4302	0.186316	-0.893304	
-0.090471	0.349573	0.355063	-0.253755	0.883384	-0.665286	0.000719	0.381768	0.394272	0.297278	-0.449424	-0.687587	0.271881	0.198604	-0.641288	0.410278	-0.089656	0.335521	0.674734	-0.660543	-0.96171	0.558205	0.219395	0.399279	0.67631	0.605622	0.92184	0.07187	-0.023009	-0.196226	-0.692618	0.145214	-0.445975	0.842615	0.166382	0.18568	-0.290151	-0.896021	-0.936512	-0.15333	-0.830869	0.213694	0.761946	0.76583	0.318091	-0.577536	0.725994	0.772187	-0.606693	0.474852	
-0.426961	0.605281	0.994476	-0.939948	0.794732	0.245261	0.946765	-0.069981	0.694776	-0.875212	-0.329442	-0.865967	0.950686	0.633948	0.705095	0.87593	-0.829793	-0.228805	-0.85793	-0.578414	-0.541268	-0.061786	-0.462876	-0.798044	-0.665018	-0.705449	0.946154	0.518585	0.935523	-0.120519	-0.443263	0.596586	-0.347492	-0.401233	-0.534988	-0.740642	-0.487074	-0.289361	0.347988	-0.87487	-0.578986	0.618047	-0.706156	-0.31471	0.729318	-0.690149	-0.834526	-0.030924	-0.395161	0.126817	
0.60761	-0.725703	0.161398	0.011018	-0.711842	0.247997	-0.452719	-0.024331	-0.835455	-0.080832	-0.387073	0.644762	-0.886043	-0.162785	-0.083137	0.450012	0.148575	0.334425	0.554099	0.724406	-0.372249	0.076045	0.680216	0.978902	0.779039	-0.257065	-0.609667	-0.021215	0.483283	-0.014862	-0.033638	0.676461	-0.277192	0.719589	-0.18639	-0.343534	-0.09202	0.524894	-0.747996	-0.607162	0.90289	-0.649017	0.135455	0.158629	-0.020751	0.28949	-0.540347	0.105325	-0.255653	0.323335	
-0.717553	0.141755	-0.629459	-0.442714	-0.56258	-0.634324	0.651422	-0.428585	0.854248	0.939853	0.142521	-0.713998	-0.250904	0.595465	-0.265219	-0.825966	0.11357	0.690242	0.591853	-0.649754	0.345529	-0.558991	-0.563585	0.748144	-0.500662	-0.473505	-0.998693	0.741338	0.58519	0.254658	0.500532	-0.695903	-0.083353	-0.297561	-0.812447	-0.027739	0.841479	-0.919882	-0.417078	-0.584918	-0.523707	0.816869	-0.063862	-0.067401	0.521151	-0.691016	-0.025469	-0.14003	0.193821	0.999115	
0.538898	-0.204269	0.655106	-0.658583	-0.939073	-0.591103	-0.319177	0.021162	0.230258	0.821211	0.019708	0.002551	-0.899514	-0.930177	0.10232	-0.123643	0.678361	-0.678641	-0.950057	-0.101922	-0.525043	-0.900771	0.449197	-0.776814	0.216639	-0.4379	-0.653008	-0.240497	0.602892	-0.215813	0.501539	-0.749027	0.545543	-0.526133	0.354786	0.131563	0.858289	-0.225355	-0.86767	-0.961689	0.653717	0.049471	0.550488	-0.531149	-0.309833	-0.939792	0.922985	0.335736	0.86641	-0.469007	
0.222927	0.357	-0.364901	0.696218	0.894323	0.76971	0.478134	-0.445071	-0.436768	0.926721	-0.979431	0.4321	0.412492	0.245379	0.980218	-0.376241	-0.320056	-0.842121	-0.114404	-0.477903	-0.313227	0.669144	0.870969	-0.628534	-0.254982	0.857261	-0.876383	-0.815279	-0.674418	0.190426	-0.699055	0.936153	-0.106571	0.003036	-0.506683	-0.058079	0.323827	0.502354	0.507736	0.155782	0.80872	0.634816	0.514096	-0.888789	-0.986244	-0.575105	0.327047	-0.177605	-0.195187	0.769174	
0.791126	0.818351	-0.372244	0.382112	-0.456734	-0.61878	-0.630735	-0.315785	-0.140085	0.661898	-0.760218	0.469852	0.06291	-0.424109	-0.014361	-0.400116	0.192164	-0.132312	-0.671189	-0.766834	0.093391	0.804826	-0.312085	0.466	0.317323	0.86311	0.641962	0.133211	0.314061	0.796773	-0.200962	-0.346411	-0.978378	0.653102	0.601961	-0.791091	0.153715	-0.072037	-0.762582	0.961136	-0.570608	-0.865532	0.189695	0.477733	-0.935113	0.317435	0.064584	-0.79347	-0.654952	0.135949	
-0.407285	0.876631	0.63748	0.967134	-0.480658	0.939447	-0.137532	-0.304962	-0.899301	-0.894469	0.384023	-0.084142	-0.546957	0.227941	-0.494284	0.155264	-0.281583	0.647104	0.641392	-0.045299	-0.298362	-0.27488	0.611429	-0.343641	-0.581881	-0.830623	-0.066614	-0.035736	0.681817	-0.557523	-0.238017	0.616811	0.647247	-0.230778	-0.081752	-0.393428	0.86511	-0.762712	0.867499	0.367733	0.063144	-0.934682	-0.048808	-0.184504	-0.677562	0.312819	0.942302	0.124378	0.429507	-0.863099	
-0.164666	-0.767283	0.225592	0.876964	0.323555	-0.846394	-0.290668	0.101327	-0.193584	0.667288	0.629342	0.223662	-0.253084	-0.489327	-0.788251	-0.290205	-0.173655	0.351646	0.31632	-0.859784	-0.209481	-0.636442	-0.686375	0.654604	-0.91617	-0.161634	-0.663593	0.75866	0.114081	-0.537239	0.004855	0.462973	0.916236	-0.559108	0.772364	0.868608	0.832841	0.270829	0.259641	-0.193579	0.504796	0.062588	0.354876	-0.143084	0.462993	0.648943	-0.707127	0.665859	0.080593	0.689332	
-0.137397	-0.241919	0.830121	-0.497661	0.688425	-0.031959	0.028191	-0.383063	0.146084	-0.349578	-0.921461	-0.456003	-0.987242	0.95671	0.931494	-0.209689	0.456742	-0.308388	0.342186	0.61086	0.893512	-0.199575	0.566596	-0.468143	0.980665	-0.948461	0.207058	0.319012	0.376091	-0.759225	0.87706	-0.637633	0.245507	-0.554648	-0.385567	0.092917	-0.165613	-0.679549	-0.658127	-0.16371	0.514566	0.795929	-0.831745	-0.213792	-0.799509	-0.966815	0.323437	0.204899	-0.673962	-0.532374	
-0.952584	0.669894	0.949381	-0.729081	-0.53705	0.736819	0.852928	-0.160745	-0.898755	-0.921216	0.1479	-0.21421	-0.942695	0.166505	-0.977395	0.574744	-0.387134	-0.919484	0.176704	-0.204631	0.947601	0.088397	-0.449522	0.418878	-0.457016	0.808487	-0.250556	0.099737	-0.898854	-0.147758	0.664727	0.611298	-0.551363	-0.547842	0.634611	0.860797	-0.809278	-0.099883	-0.325091	0.741377	-0.83295	-0.577748	0.504937	-0.897412	-0.014929	-0.115786	-0.331198	-0.210855	0.059881	-0.677265	
0.143992	0.610865	0.520322	-0.6922	-0.701501	-0.463651	-0.277851	-0.183089	0.359394	-0.886639	-0.930655	-0.216179	0.394327	-0.613129	0.283009	-0.480344	0.772172	0.79138	-0.405426	-0.540012	-0.177392	-0.518937	0.344768	0.652129	0.346184	0.648701	-0.206016	-0.687366	0.475902	-0.279051	0.342542	-0.458712	-0.837541	0.985164	-0.687597	0.976842	0.95456	0.587636	0.318846	0.155614	0.732203	-0.421121	-0.064638	0.23878	-0.177619	-0.145027	-0.339431	0.128464	0.701149	-0.596943	
0.868866	0.378175	0.646546	0.112381	0.559033	-0.967599	0.636761	-0.919722	0.779827	0.983925	-0.411865	-0.579363	0.530727	-0.493947	0.731125	-0.794315	-0.74809	0.958303	0.347678	0.693774	-0.351341	0.352967	0.188484	0.2063	0.365065	0.150718	-0.141875	-0.448155	0.537163	-0.547455	0.384709	-0.533334	0.25066	0.494157	-0.562572	-0.880113	-0.738053	0.211994	0.698893	-0.910006	0.468303	-0.317363	-0.042943	0.857719	-0.336057	-0.069326	-0.972635	-0.836803	-0.482817	-0.944296	
0.262751	-0.147203	0.09629	-0.650706	-0.408136	0.327649	0.930605	-0.899166	0.780769	0.153762	0.127839	0.000557	-0.861212	-0.820246	0.201824	-0.318083	0.834536	-0.186819	-0.713437	0.429438	-0.413293	0.050941	0.395666	0.800528	0.584382	0.352722	0.359266	0.891849	-0.408352	-0.997776	-0.456091	-0.564217	0.323669	0.267423	0.186923	-0.967513	0.457556	-0.352939	0.330112	0.113157	-0.314538	-0.730847	-0.811162	0.663037	0.836795	0.299576	-0.793132	-0.195946	0.457878	0.559642	
-0.763563	-0.999939	0.424274	-0.286808	-0.491037	-0.974205	0.080599	0.702301	0.915263	0.13149	0.028923	-0.829887	0.097746	-0.240042	0.214271	-0.222547	-0.519402	-0.810069	-0.370163	-0.80671	-0.646206	0.974672	-0.111793	0.063744	0.747237	0.991138	0.165429	0.624948	-0.346118	-0.388512	-0.194593	0.345015	0.364383	-0.369521	-0.73358	0.264793	-0.743348	0.156985	0.386844	0.401223	0.506944	0.745719	-8.2e-05	0.460498	0.238345	-0.62672	-0.948621	-0.430917	-0.113933	0.234212	
0.699919	-0.607509	-0.7489	0.92696	-0.783911	-0.043018	0.171127	0.082749	-0.827936	-0.885946	-0.789033	0.171175	0.08869	-0.532518	0.275548	0.640135	-0.916842	-0.00374	0.378621	-0.495376	-0.384458	0.227276	0.795871	0.619849	0.16626	0.460443	-0.270355	0.281931	-0.067637	-0.620128	0.403477	0.112929	-0.282757	0.822678	-0.958132	-0.368454	-0.886237	0.533055	0.404215	-0.337296	0.351326	-0.208126	0.512508	-0.091633	-0.175441	0.86946	-0.498242	-0.759105	0.169086	0.938644	
-0.244322	-0.875926	-0.321389	0.011863	-0.676154	0.316204	0.995499	-0.096521	-0.290543	-0.198592	-0.769708	0.766547	-0.170349	-0.225451	0.319381	-0.115933	0.296467	-0.877107	0.627447	0.881008	0.297531	0.909132	-0.697135	-0.045168	0.203613	0.163473	-0.197076	-0.323831	-0.746352	-0.216515	-0.674678	0.468731	-0.582338	-0.882869	0.104732	0.190459	0.743826	0.153963	-0.309038	0.606024	0.080558	-0.841439	0.131701	0.816037	-0.207375	-0.407348	-0.713061	-0.697109	-0.134457	0.19136	
-0.838769	0.879137	0.510267	0.173248	0.656877	-0.839626	-0.046322	0.260186	0.657306	0.566939	-0.445862	0.88176	-0.751308	0.750267	0.94188	-0.645693	0.444132	-0.919429	-0.189154	0.032567	0.16129	0.871874	0.344501	-0.037444	0.61935	0.901066	-0.955868	0.965043	-0.827736	0.628774	-0.43933	-0.735641	-0.120289	0.287913	-0.238096	-0.890869	0.198922	0.804807	-0.233569	-0.567334	-0.114845	-0.903275	0.640975	0.652682	0.176001	-0.293794	0.599567	0.109374	0.651865	0.262918	
0.568811	0.197126	-0.171718	0.915892	0.082228	0.210179	-0.559025	0.251302	0.143215	-0.630323	-0.880826	0.208719	0.527385	0.046803	-0.546455	0.333044	-0.839789	-0.116333	-0.673266	-0.631082	-0.595412	-0.226586	-0.8977	-0.204413	0.023415	-0.033411	-0.234432	0.678293	-0.709347	0.011393	-0.875917	-0.857689	0.147732	0.132037	0.756067	0.115747	0.919582	-0.90261	-0.803985	-0.911868	-0.629446	0.08254	0.291144	-0.90883	0.891942	0.684331	-0.406775	-0.845625	-0.660226	-0.746111	
-0.753432	0.037123	-0.508305	-0.283721	0.979011	0.368628	0.897961	-0.714887	-0.235721	0.109464	-0.846484	-0.991625	0.340869	0.283639	-0.178422	-0.020712	-0.169114	-0.95199	-0.329257	-0.645835	-0.803152	0.913441	0.198719	0.457313	-0.369273	-0.213706	-0.526152	-0.806069	-0.641937	0.595028	0.355092	0.093858	-0.04982	0.844869	-0.85453	-0.438798	-0.300124	0.564852	0.985029	-0.518659	0.748615	0.661246	-0.550685	-0.201335	-0.180654	0.956441	-0.638216	0.598316	-0.331615	0.461741	
-0.159978	0.15672	0.665224	0.608331	0.732846	-0.880765	0.384101	-0.720025	-0.168363	0.097177	-0.194521	0.039223	0.993053	-0.729565	0.350912	-0.207998	-0.73398	-0.682526	0.898546	0.759203	0.814084	0.983066	-0.583369	-0.289121	0.338438	-0.032395	-0.163221	-0.284378	0.187561	0.151187	-0.677084	-0.05652	0.106944	0.140574	-0.579786	0.484543	-0.949602	-0.290336	0.560425	0.127786	-0.477675	0.389906	0.134782	0.592487	0.47005	0.220216	-0.023645	-0.733636	-0.477334	-0.161801	
0.198599	0.027416	-0.423631	-0.987071	-0.007522	-0.428748	0.469217	-0.952107	0.169656	0.882948	-0.651181	-0.056701	-0.817156	0.251364	0.101063	-0.185269	0.042754	0.793149	-0.607411	-0.954871	0.72333	0.154234	0.781317	0.19389	0.620322	-0.140653	0.49972	0.826083	0.144246	-0.63843	-0.462405	-0.602711	-0.506286	-0.387169	0.110268	0.175983	-0.147001	0.230842	-0.83685	-0.824424	-0.656341	0.036155	-0.572011	-0.433431	-0.199374	0.623732	-0.972276	0.298758	0.337753	0.597312	
0.865506	-0.959724	-0.692433	0.772343	-0.082963	0.129181	0.326054	0.358133	0.863481	0.993899	0.440315	-0.425558	0.759505	-0.901558	-0.537838	0.794771	-0.487617	-0.558698	-0.723749	0.718224	0.000117	0.349786	-0.521867	0.516081	0.520011	-0.374804	-0.178635	-0.580619	0.953122	0.291205	0.869088	-0.393229	0.563782	0.531717	0.383311	0.931278	-0.212889	-0.738565	0.343418	0.45862	0.150121	-0.586364	0.008912	-0.375621	-0.145067	0.290437	0.490429	-0.535551	-0.189349	-0.461677	
-0.602737	0.566774	0.818505	-0.259536	0.502558	0.793991	0.692248	-0.634373	0.912584	-0.246647	-0.321519	-0.875137	-0.027653	-0.781973	-0.50292	-0.366115	0.617653	0.750977	-0.395067	0.717396	0.714462	0.529302	-0.70661	0.380646	0.890048	0.365081	-0.336766	0.001159	0.29145	0.021141	-0.760094	-0.375872	0.604792	0.722836	-0.7254	0.904774	-0.342355	0.324627	0.50365	0.623892	0.891499	-0.374161	0.717013	-0.736626	0.410082	0.483955	0.355446	-0.495371	0.746086	-0.662283	
-0.89273	0.43493	-0.049049	0.698196	-0.233206	-0.663443	0.672884	0.097819	-0.621608	0.440768	0.022227	0.208626	-0.078203	0.657418	0.659125	0.418778	-0.789197	0.677708	0.342026	0.394048	-0.274034	0.758559	0.450743	-0.774819	-0.184444	0.772761	-0.905607	0.922833	0.358325	0.262752	-0.458881	-0.502416	0.884116	-0.403455	0.551011	-0.213756	-0.721492	-0.978569	0.088515	0.951558	-0.261728	-0.285615	-0.311817	0.041088	-0.11867	0.759829	0.011042	0.015516	-0.723257	0.965479	
-0.500054	-0.853272	0.326292	0.190733	-0.169709	-0.155616	0.570128	-0.608575	0.640507	0.297494	-0.16206	-0.083943	-0.486706	0.504229	0.025749	-0.358291	0.1921	0.991469	-0.129475	0.841383	-0.309966	-0.890535	-0.591516	-0.16261	-0.56073	-0.999546	0.830003	0.687759	0.484584	-0.664371	-0.759273	-0.864791	0.448058	0.857616	-0.138928	-0.761719	0.024786	-0.302336	-0.25035	0.242661	0.437436	-0.778793	-0.92882	0.988661	-0.534543	-0.892339	-0.620249	-0.922084	-0.216378	0.604804	
-0.317511	-0.111633	0.351174	0.017788	0.722891	0.732071	-0.980179	0.556093	-0.078533	0.977681	-0.033536	0.973792	0.509139	-0.50279	0.07679	0.984271	0.715061	-0.805266	0.412744	-0.308841	-0.986035	-0.193038	-0.530491	0.637739	-0.325339	0.655047	-0.998804	-0.384362	-0.51767	-0.532865	-0.863627	-0.625751	0.111099	-0.417278	-0.16521	-0.246266	0.75181	0.810598	-0.014086	-0.339688	-0.786399	0.906806	-0.879546	-0.404699	-0.403868	-0.359197	-0.671426	0.566323	-0.755004	0.269813	
-0.752308	-0.858929	0.818859	-0.619742	0.6425	0.089262	-0.844287	0.910896	-0.506078	0.719291	-0.66238	0.707886	-0.973542	0.023561	0.538885	0.869591	0.818404	0.63925	0.776383	-0.601561	-0.431631	-0.422063	-0.245892	-0.213359	0.089111	-0.68024	0.382493	-0.664867	-0.379383	0.00669	0.592881	0.478938	0.291069	-0.688453	0.094091	-0.825107	-0.245274	-0.172967	-0.920377	-0.452024	0.911299	0.907265	-0.295346	-0.9138	-0.64181	-0.215564	0.895559	-0.717602	0.527032	-0.782635	
0.962515	-0.236767	0.550469	-0.314818	0.255338	-0.615968	-0.707958	0.876128	0.835295	0.774938	0.250867	0.616536	-0.861926	-0.330422	-0.372594	0.271291	-0.288084	-0.702986	0.192934	0.628768	-0.235753	-0.735463	-0.606624	-0.525033	-0.400205	0.28559	0.201891	0.39216	-0.274996	0.647995	-0.591825	-0.061919	0.601877	-0.639683	-0.780274	0.767368	-0.314141	0.36774	-0.949303	0.380094	-0.367797	-0.888518	0.219626	-0.518392	-0.226386	-0.838838	-0.705673	-0.404046	-0.820481	0.821653	
-0.987906	-0.03228	-0.753505	-0.384642	0.852119	-0.676611	0.931665	-0.588411	0.483132	0.093355	0.768957	0.107987	0.069118	-0.609084	-0.667541	0.832978	-0.344324	-0.255835	0.519647	-0.322353	0.904125	0.475856	0.194858	0.76179	-0.900788	-0.485875	-0.069927	-0.546043	0.48781	0.838416	-0.15246	-0.315735	0.923101	-0.110295	-0.021903	-0.2967	0.819097	0.137911	0.524349	0.623613	-0.316302	-0.132611	0.696944	-0.273489	0.58787	0.881985	0.246421	0.483255	0.610195	0.690079	
-0.209893	-0.897473	-0.196247	0.347512	-0.099299	0.497926	-0.286035	0.269488	-0.62716	0.498739	0.091392	-0.591871	-0.416178	0.497217	-0.034798	-0.567937	0.934542	0.43025	0.91427	-0.14579	-0.049799	0.79591	0.050099	0.414558	-0.495654	-0.106547	-0.7531	-0.58804	-0.998113	-0.92147	0.954568	-0.515293	0.326621	0.678199	0.101321	-0.693711	0.456233	0.200503	0.462501	0.539493	0.950821	0.147127	-0.316718	0.296929	-0.863119	0.794795	-0.761238	-0.344314	0.631491	0.194625	
0.015155	0.018227	0.0329	0.01309	0.033482	0.003393	0.029907	0.032631	0.007	0.016568	0.006372	0.027204	0.020611	0.02446	0.007565	0.008152	0.001598	0.0124	0.02155	0.033031	0.025677	0.016763	0.036695	0.027691	0.035812	0.020312	0.009968	0.002034	0.027954	0.00467	0.011657	0.0205	0.02173	0.023123	0.006401	0.01462	0.023762	0.037338	0.028014	0.03552	0.029345	0.022781	0.007393	0.025668	0.024	0.023195	0.018857	0.020353	0.012876	0.019995	
0.009459	0.038551	0.008895	0.004068	0.020887	0.031519	0.020957	0.013251	0.026725	0.016614	0.044665	0.044175	0.024053	0.015699	0.035293	0.001758	0.022731	0.016103	0.044074	0.000575	0.026468	0.035462	0.023222	0.004089	0.04656	0.024802	0.029406	0.011329	0.023149	0.020547	0.003586	0.005083	0.040097	0.011482	0.009334	0.024175	0.036807	0.002966	0.027617	0.005708	0.001746	0.002525	0.039939	0.005648	0.002162	0.020966	0.040409	0.012564	0.020191	0.001909	
0.017044	0.021922	0.021668	0.012617	0.011975	0.004047	0.013921	0.003776	0.029095	0.036673	0.036817	0.032832	0.022802	0.0266	0.010824	0.02394	0.017293	0.018294	0.02876	0.0107	0.012071	0.035093	0.002134	0.018431	0.034644	0.023165	0.020738	0.009479	0.013028	0.032338	0.021224	0.019536	0.003779	0.000608	0.036575	0.014308	0.022894	0.003025	0.025926	0.035394	0.021848	0.004786	0.022078	0.029085	0.015425	0.033393	0.024619	0.034129	0.023664	0.004983	
0.012456	0.008116	0.036553	0.030583	0.027205	0.012105	0.007402	0.030424	0.019071	0.009081	0.024801	0.001622	0.013119	0.018845	0.005951	0.039603	0.00841	0.005243	0.008186	0.030932	0.017114	0.022741	0.000845	0.001385	0.017931	0.032846	0.035604	0.003487	0.021653	0.03673	0.015604	0.033365	0.005377	0.037622	0.030222	0.037861	0.027214	0.014616	0.037734	0.011083	0.01336	0.028187	0.030781	0.037381	0.008237	0.032096	0.029704	0.002566	0.015574	0.011372	
0.011641	0.037578	0.024574	0.027437	0.037336	0.014421	0.030655	0.016612	0.033243	0.006907	0.03623	0.008364	0.012472	0.028909	0.015053	0.023252	0.016996	0.028381	0.008729	0.002235	0.011466	0.018133	0.006423	0.013564	0.015291	0.002194	0.0223	0.033809	0.005801	0.022854	0.025413	0.016031	0.026803	0.015702	0.019292	0.000281	0.026445	0.025283	0.001468	0.014078	0.037429	0.016085	0.01919	0.034787	0.027421	0.022253	0.0305	0.033045	0.017467	0.018167	
0.016894	0.042305	0.030509	0.003642	0.037765	0.02103	0.003009	0.024057	0.018256	0.038412	0.008927	0.036168	0.024405	0.00239	0.04253	0.022433	0.012729	0.020542	0.037541	0.013343	0.008432	0.005648	0.013035	0.034136	0.020639	0.009955	0.007273	0.014561	0.041133	0.015011	0.043242	0.021235	0.007841	0.038998	0.020146	0.031056	0.043049	0.002196	0.004232	0.031528	0.012333	0.008065	0.001723	0.000956	0.033893	0.005883	0.020468	0.026515	0.018745	0.001186	
0.031047	0.000417	0.030191	0.035398	0.017152	0.021221	0.018901	0.015423	0.035165	0.035423	0.013307	0.024373	0.03673	0.038123	0.020168	0.017944	0.011044	0.037996	0.005659	0.022976	0.011196	0.011056	0.016047	0.039578	0.002178	0.022925	0.003272	0.006123	0.017418	0.020228	0.010255	0.01254	0.003446	0.012015	0.038301	0.037435	0.01327	0.022621	0.036044	0.000245	0.032124	0.03758	0.003619	0.006398	0.038071	0.021301	0.000563	0.010209	0.017829	0.027455	
0.02741	0.037214	0.010749	0.020122	0.019939	0.015165	0.006324	0.036543	0.031902	0.01863	0.022553	0.008496	0.02033	0.025982	0.01926	0.037022	0.022855	0.013869	0.028867	0.006373	0.014375	0.012971	0.016143	0.029227	0.018101	0.029685	0.021552	0.012788	0.030282	0.008909	0.008389	0.018861	0.009752	0.00034	0.024237	0.019108	0.016656	0.036151	0.021355	0.03228	0.005213	0.02128	0.03245	0.0218	0.026843	0.013909	0.003456	0.017119	0.014748	0.032415	
0.010388	0.041157	0.040791	0.010542	0.014818	0.038127	0.041152	0.018879	0.013666	0.022398	0.029281	0.011643	0.031354	0.002199	0.002099	0.016446	0.015049	0.013438	0.020904	0.013655	0.008185	0.013175	0.041505	0.017502	0.018933	0.024545	0.041864	0.010286	0.029004	0.030482	0.025856	0.003771	0.028817	0.002729	0.02538	0.031486	0.008982	0.035831	0.001292	0.035924	0.019598	0.009263	0.005695	0.040585	0.003094	0.008476	0.014808	0.026405	0.023194	0.005347	
0.011283	0.009298	0.008316	0.016011	0.027418	0.008468	0.01428	0.015224	0.038027	0.037178	0.03116	0.009411	0.00265	0.012341	0.01039	0.019703	0.030288	0.033426	0.032902	0.014007	0.026763	0.012183	0.002372	0.027321	0.000383	0.015935	0.012827	0.027003	0.02984	0.011843	0.031608	0.011446	0.017382	0.028313	0.026985	0.038452	0.008769	0.025793	0.023743	0.035637	0.006089	0.029278	0.02213	0.010696	0.018476	0.012998	0.022561	0.034621	0.022171	0.024601	
0.023714	0.002339	0.010645	0.022491	0.014182	0.008309	0.023046	0.014757	0.011799	0.02121	0.006093	0.042411	0.039666	0.032348	0.004855	0.035468	0.036935	0.035097	0.00521	0.029435	0.03814	0.026393	0.02955	0.020953	0.024169	0.001571	0.029209	0.003723	0.019886	0.013378	0.024933	0.006099	0.031617	0.036343	0.007468	0.004769	0.006652	0.040097	0.024145	0.02136	0.004878	0.029694	0.039679	0.037859	0.028619	0.003441	0.005138	0.002254	0.01177	0.006203	
0.009326	0.01381	0.033819	0.02189	0.029945	0.025476	0.004035	0.026393	0.009866	0.022921	0.012228	0.03578	0.009452	0.010011	0.033377	0.000884	0.024986	0.026013	0.029996	0.034947	0.034989	0.002341	0.029474	0.023179	0.023216	0.004603	0.023318	0.035236	0.032701	0.015749	0.001433	0.012993	0.029638	0.025158	0.016474	0.001976	0.01531	0.016821	0.033302	0.022992	0.011177	0.01884	0.002369	0.03488	0.012913	0.017138	0.012742	0.024477	0.02375	0.025656	
0.011725	0.013803	0.005477	0.028663	0.00174	0.026134	0.038028	0.038953	0.019635	0.020084	0.003366	0.02933	0.035911	0.010698	0.018422	0.036679	0.038353	0.010633	0.024074	0.008417	0.004455	0.03984	0.035878	0.033233	0.002132	0.036893	0.019154	0.014972	0.023895	0.003995	0.033085	0.025468	0.008159	0.008231	0.008056	0.002492	0.025702	0.036745	0.000765	0.002143	0.025045	0.035833	0.014287	0.015287	0.026076	0.01199	0.001163	0.032149	0.027357	0.025395	
0.02929	0.026665	0.00813	0.01392	0.00498	0.005128	0.026703	0.033907	0.038019	0.024814	0.00727	0.004172	0.0321	0.022856	0.024417	0.030861	0.027773	0.032953	0.00222	0.02952	0.033601	0.0113	0.025292	0.012406	0.037831	0.00132	0.022896	0.006575	0.028126	0.006946	0.009295	0.019523	0.036128	0.008361	0.005696	0.029973	0.01977	0.036007	0.00579	0.025508	0.009197	0.006191	0.026989	0.023445	0.029809	0.012221	0.017691	0.016012	0.038862	0.011541	
0.011489	0.013817	0.022002	0.009833	0.035668	0.010354	0.03491	0.004032	0.025586	0.035345	0.006576	0.037735	0.017649	0.036854	0.026375	0.011753	0.007338	0.011836	0.003625	0.005606	0.004079	0.016482	0.031003	0.00551	0.005079	0.025074	0.007684	0.003804	0.006502	0.035997	0.032012	0.013798	0.025557	0.020937	0.026387	0.026603	0.024502	0.01037	0.00152	0.017753	0.034721	0.022193	0.032438	0.038643	0.006376	0.026958	0.026277	0.038188	0.038408	0.026762	
0.00907	0.029731	0.003985	0.029066	0.033887	0.014253	0.023479	0.016015	0.016298	0.011555	0.028375	0.034855	0.035025	0.006507	0.032568	0.027455	0.009413	0.002505	0.009978	0.033962	0.023574	0.026846	0.009574	0.026784	0.001047	0.013974	0.023335	0.005439	0.030641	0.00875	0.024285	0.015086	0.022191	0.004	0.00063	0.033864	0.010039	0.030517	0.037207	0.007872	0.009873	0.024679	0.035945	0.034097	0.018723	0.029603	0.005054	0.036391	0.035904	0.006094	
0.012529	0.004191	0.01137	0.034142	0.01583	0.003699	0.01432	0.041064	0.026348	0.017414	0.006969	0.041265	0.034347	0.011778	0.002932	0.002369	0.005037	0.024301	0.038863	0.020785	0.035272	0.018657	0.029649	0.030624	0.007279	0.015114	0.026667	0.002958	0.015128	0.022378	0.041685	0.019856	0.034146	0.018079	0.033324	0.024914	0.037098	0.017195	0.025286	0.026362	0.017465	0.006038	0.003915	0.000698	0.036552	0.009895	0.00885	0.030798	0.013391	0.021174	
0.006234	0.036815	0.032666	0.033134	0.015603	0.029243	0.005519	0.000331	0.000766	0.022501	0.017468	0.01987	0.000286	0.016214	0.027544	0.016981	0.028087	0.008938	0.031191	0.022572	0.008085	0.00908	0.024091	0.031836	0.015943	0.009908	0.033258	0.025672	0.017188	0.018715	0.007835	0.024043	0.013761	0.038192	0.018419	0.018638	0.021705	0.035166	0.030718	0.017305	0.027568	0.022487	0.018887	0.007377	0.017796	0.009429	0.035092	0.012866	0.036528	0.020449	
0.025985	0.02234	0.005323	0.015463	0.004079	0.025632	0.018387	0.032011	0.009071	0.006771	0.016719	0.038125	0.029231	0.017237	0.021284	0.003465	0.040511	0.02742	0.011743	0.024103	0.004505	0.03974	0.007192	0.026664	0.010099	0.029525	0.031963	0.027708	0.025284	0.036721	0.003235	0.013616	0.010216	0.040653	0.016022	0.030144	0.028173	0.008726	0.009834	0.011574	0.016916	0.009641	0.000809	0.036183	0.039731	0.014054	0.013928	0.000292	0.027989	0.033963	
0.005752	0.006264	0.030996	0.024178	0.00176	0.024423	0.012119	0.014465	0.030197	0.031814	0.015706	0.037158	0.015946	0.03028	0.018983	0.035211	0.035612	0.003429	0.036739	0.032386	0.031044	0.007882	0.031585	0.033351	0.011344	0.037358	0.001956	0.005881	0.02109	0.022589	0.02531	0.000666	0.037676	0.001749	0.005612	0.00055	0.022238	0.036574	0.026126	0.032273	0.000521	0.021264	0.018029	0.019575	0.002833	0.026851	0.019742	0.030017	0.019038	0.005858	
0.025406	0.006756	0.03419	0.024028	0.006161	0.037715	0.020315	0.002857	0.024566	0.009923	0.031497	0.032051	0.038366	0.019669	0.01783	0.029529	0.005192	0.021434	0.021408	0.003507	0.016381	0.033441	0.033553	0.003889	0.003555	0.010295	0.034283	0.005052	0.028217	0.003965	0.024421	0.013955	0.030918	0.009159	0.025051	0.009237	0.027969	0.03424	0.004969	0.033963	0.023263	0.004982	0.016756	0.006304	0.027447	0.029741	0.004146	0.019836	0.031926	0.036686	
0.021536	0.039853	0.022466	0.016532	0.035572	0.020675	0.019791	0.020563	0.035512	0.03489	0.016923	0.013978	0.02063	0.024021	0.009995	0.033297	0.020402	0.014009	0.00448	0.010017	0.039811	0.012795	0.007082	0.01932	0.012879	0.001475	0.013552	0.022819	0.023138	0.014953	0.018759	0.040492	0.015825	0.01083	0.010211	0.019198	0.031853	0.008639	0.029746	0.000887	0.017569	0.032538	0.014206	0.023642	0.008596	0.031118	0.002192	0.035754	0.008312	0.036667	
0.014279	0.029271	0.01293	0.036692	0.005129	0.007231	0.019969	0.003319	0.007938	0.038226	0.039551	0.01524	0.037396	0.022067	0.010925	0.028449	0.026688	0.040063	0.010735	0.027221	0.002107	0.004603	0.000159	0.040481	0.032495	0.031865	0.020646	0.012154	0.006127	0.01153	0.015228	0.030633	0.021858	0.003138	0.00073	0.004145	0.016627	0.037797	0.025817	0.032477	0.01889	0.014649	0.004391	0.035478	0.03172	0.006809	0.020748	0.01974	0.025318	0.038321	
0.028255	0.026327	0.002452	0.003066	0.00913	0.001582	0.036227	0.035251	0.006631	0.040746	0.007543	0.014678	0.012134	0.018144	0.012411	0.023829	0.019855	0.04808	0.002726	0.006929	0.002574	0.0305	0.002656	0.040764	0.024949	0.025684	0.027369	0.008325	0.009634	0.015537	0.028924	0.01024	0.005669	0.047278	0.001071	0.039119	0.038405	0.014485	0.00661	0.007097	0.033989	0.031327	0.038147	0.045688	0.033721	0.007595	0.011864	0.041044	0.0102	0.003539	
0.027301	0.015626	0.035715	0.025242	0.00351	0.036795	0.010037	0.01309	0.015615	0.001988	0.019274	0.004787	0.015565	0.013614	0.030001	0.031179	0.005955	0.014229	0.014493	0.005878	0.030995	0.027454	0.00739	0.014236	0.004107	0.024387	0.004712	0.038273	0.030306	0.015149	0.022459	0.035378	0.02151	0.006774	0.014701	0.03273	0.025008	0.025261	0.033649	0.034703	0.035706	0.003682	0.021123	0.028746	0.029383	0.023552	0.006475	0.030955	0.027954	0.003348	
0.017891	0.006711	0.013018	0.000697	0.015442	0.021211	0.0239	0.025594	0.032259	0.008311	0.004648	0.032848	0.006041	0.037601	0.0325	0.019321	0.037858	0.003756	0.011691	0.024619	0.013501	0.035811	0.002531	0.021193	0.022792	0.025179	0.009862	0.014063	0.032544	0.00752	0.031896	0.021704	0.029401	0.027527	0.008005	0.021942	0.033472	0.016669	0.037286	0.017444	0.005508	0.015022	0.036711	0.012333	0.033486	0.033994	0.013508	0.003212	0.027949	0.012018	
0.032749	0.018516	0.020298	0.032539	0.015994	0.018535	0.015736	0.015365	0.022	0.033831	0.015132	0.021929	0.028056	0.01127	0.011608	0.039043	0.030264	0.024143	0.027093	0.001226	0.025854	0.021312	0.022828	0.015034	0.003408	0.008087	0.039768	0.017095	0.019521	0.002205	0.001571	0.029999	0.022508	0.021278	0.01017	0.031152	0.007037	0.007945	0.019271	0.011975	0.010351	0.026989	0.027229	0.034488	0.017472	0.003057	0.011447	0.040992	0.024941	0.029689	
0.00028	0.019723	0.001428	0.021665	0.035044	0.036858	0.020573	0.017439	0.035967	0.025637	0.00247	0.017725	0.009144	0.017881	0.017335	0.022156	0.013579	0.006252	0.019171	0.031597	0.025272	0.012878	0.035606	0.034718	0.007968	0.0015	0.028214	0.031498	0.036836	0.033867	0.022856	0.020174	0.00106	0.009388	0.017493	0.023921	0.021209	0.028264	0.010648	0.021502	0.003355	0.015744	0.028551	0.026391	0.037703	0.010576	0.018961	0.012542	0.016769	0.032612	
0.026894	0.034686	0.007999	0.034329	0.002349	0.034928	0.012935	0.012365	0.020128	0.036975	0.001878	0.013845	0.033669	0.015568	0.007828	0.016697	0.015155	0.035982	0.029949	0.019854	0.038849	0.018288	0.002289	0.010309	0.01714	0.006167	0.037246	0.030142	0.010545	0.023222	0.028358	0.036998	0.034654	0.02025	0.030449	0.022096	0.021725	0.00451	0.004958	0.020814	0.010568	0.000827	0.028412	0.001277	0.023398	0.021194	0.038081	0.019033	0.0025	0.021688	
0.033165	0.039306	0.016969	0.01263	0.03575	0.007541	0.024267	0.015998	0.00162	0.013694	0.010458	0.027053	0.037411	0.010569	0.031997	0.002183	0.021218	0.002782	0.03683	0.030218	0.025943	0.032487	0.025532	0.038206	0.028152	0.03646	0.020391	0.004616	0.020826	0.005003	0.023362	0.019025	0.024549	0.000396	0.007683	0.019373	0.037479	0.015126	0.016733	0.028181	0.023808	0.011787	0.016199	0.008584	0.038091	0.005151	0.014662	0.001019	0.008745	0.030772	
0.007995	0.003182	0.018856	0.000396	0.003369	0.032097	0.03066	0.03637	0.03396	0.027151	0.00208	0.031112	0.033602	0.031757	0.020208	0.009256	0.033595	0.028899	0.038978	0.006188	0.008968	0.008417	0.031497	0.007428	0.002649	0.039685	0.000986	0.033194	0.01452	0.033448	0.022042	0.035833	0.036809	0.000362	0.002997	0.00995	0.0266	0.035302	0.018279	0.024122	0.007491	0.031991	0.038444	0.010675	0.019665	0.003422	0.022221	0.019982	0.00574	0.01757	
0.014209	0.022193	0.024907	0.000361	0.032365	0.030324	0.015578	0.002251	0.032107	0.040623	0.010213	0.013759	0.007817	0.024537	0.006585	0.015149	0.029644	0.023821	0.016436	0.017873	0.023906	0.000249	0.003339	0.037479	0.003312	0.03006	0.039129	0.011512	0.015757	0.024196	0.037499	0.040059	0.031453	0.003684	0.028459	0.01745	0.020019	0.00209	0.008126	0.03362	0.019307	0.012829	0.016332	0.036337	0.031854	0.011581	0.004997	0.010717	0.039159	0.024737	
0.02021	0.022593	0.013866	0.030576	0.019824	0.004423	0.004889	0.020338	0.03548	0.011681	0.032941	0.028946	0.009388	0.001377	0.003858	0.027598	0.007564	0.014065	0.019006	0.027483	0.00429	0.015394	0.018376	0.020488	0.031002	0.006504	0.030603	0.026248	0.021058	0.0265	0.015608	0.005243	0.025221	0.019876	0.024221	0.012804	0.034355	0.022251	0.003235	0.01704	0.028653	0.030084	0.018737	0.033896	0.01014	0.015555	0.034042	0.033953	0.025977	0.03254	
0.003915	0.038143	0.014138	0.007864	0.010555	0.018431	0.011077	0.014136	0.005952	0.01306	0.025236	0.019484	0.015289	0.032916	0.0394	0.033372	0.01464	0.032827	0.006702	0.005747	0.015241	0.035617	0.010863	0.002789	0.005808	0.037867	0.027947	0.011165	0.024486	0.023264	0.028902	0.010283	0.038117	0.013642	0.030609	0.000711	0.016433	0.015509	0.023966	0.003207	0.034842	0.009603	0.029855	0.035419	0.024777	0.03267	0.029186	0.015678	0.035668	0.012992	
0.022282	0.029076	0.014782	0.01181	0.017918	0.031907	0.036274	0.021262	0.025802	0.035234	0.003844	0.009053	0.027652	0.032132	0.033431	0.016192	0.003485	0.017077	0.009	0.011359	0.030124	0.002946	0.032282	0.016682	0.023251	0.003497	0.01316	0.003499	0.037507	0.031489	0.017929	0.008722	0.036412	0.013442	0.00628	0.021968	0.036814	0.000149	0.009289	0.036606	0.006674	0.004417	0.022242	0.033618	0.018611	0.038795	0.026493	0.002889	0.038728	0.015913	
0.011485	0.022294	0.01216	0.003455	5.7e-05	0.017966	0.033442	0.02287	0.03993	0.011463	0.011207	0.006384	0.006556	0.011396	0.031683	0.036195	0.038966	0.009283	0.035218	0.013117	0.004509	0.034767	0.02542	0.006583	0.017177	0.011479	0.029443	0.018119	0.039533	0.002188	0.014187	0.019257	0.020106	0.012625	0.029141	0.034956	0.037512	0.032172	0.03399	0.022	0.033003	0.012128	0.015924	0.012664	0.018677	0.011412	0.038427	0.012502	0.003918	0.021054	
0.00239	0.004626	0.009182	0.019434	0.018133	0.033469	0.030949	0.017842	0.013966	0.013245	0.032393	0.002179	0.000537	0.033295	0.01997	0.005478	0.009859	0.039027	0.035972	0.029706	0.020182	0.021777	0.040816	0.04042	0.00901	0.033947	0.008255	0.008937	0.028296	0.01695	0.038987	0.003725	0.021409	0.038442	0.037839	0.006551	0.015345	0.025912	0.006671	0.040514	0.038284	0.006987	0.005071	0.003575	0.038062	0.008104	0.017422	0.018785	0.02507	0.003003	
0.008952	0.036772	0.035861	0.030843	0.000766	0.012909	0.02479	0.010864	0.035907	0.025024	0.002839	0.035884	0.037809	0.003068	0.021016	0.011976	0.015508	0.007092	0.02282	0.037818	0.01986	0.003273	0.024475	0.013431	0.033789	0.01716	0.007613	0.007544	0.030348	0.010484	0.030288	0.008128	0.012699	0.018376	0.037234	0.036781	0.008167	0.014141	0.005898	0.020132	0.018182	0.035559	0.036713	0.015142	0.019412	0.03538	0.031846	0.000144	0.012635	0.016648	
0.010224	0.008882	0.001682	0.028635	0.011684	0.00233	0.01028	0.035691	0.037898	0.0215	0.018518	0.043522	0.008927	0.009585	0.01299	0.007689	0.016885	0.040539	0.027388	0.018335	0.041588	0.002157	0.009359	0.025186	0.027397	0.001761	0.017938	0.028892	0.031069	0.028402	0.014268	0.004162	0.01901	0.005731	0.042176	0.021149	0.01412	0.034106	0.022163	0.013799	0.036139	0.038595	0.029954	0.00209	0.025206	0.033972	0.006075	0.010178	0.039278	0.000896	
0.028987	0.018245	0.017205	0.000273	0.031555	0.013857	0.020825	0.026083	0.027058	0.036814	0.020462	0.015393	0.036727	0.024727	0.011482	0.00487	0.032446	0.013947	0.025434	0.018131	0.007661	0.023171	0.002337	0.015918	0.02105	0.016792	0.028831	0.031883	0.0297	0.001495	0.007476	0.020665	0.036	0.032154	0.032446	0.011676	0.016538	0.018127	0.00606	0.001196	0.036465	0.00927	0.00924	0.003211	0.035757	0.022325	0.025687	0.035105	0.01331	0.023933	
0.001638	0.007885	0.035094	0.032372	0.014804	0.015908	0.022526	1e-05	0.010185	0.008791	0.010575	0.034024	0.011807	0.008086	0.021289	0.036546	0.010189	0.003316	0.015047	0.031565	0.023249	0.034484	0.040513	0.033465	0.025492	0.020828	0.001692	0.041557	0.01619	0.006427	0.028147	0.012002	0.024731	0.024772	0.018818	0.0353	0.011187	0.018941	0.022701	0.028017	0.033098	0.016668	0.027275	0.006359	0.039375	0.016172	0.030799	0.000859	0.008663	0.020562	
0.03565	0.021402	0.037745	0.019638	0.019908	0.004861	0.032581	0.010025	0.036517	0.036972	0.03829	0.021117	0.027484	0.031601	0.005318	0.024394	0.001392	0.020197	0.006285	0.007425	0.014818	0.017553	0.025296	0.003021	0.020446	0.007413	0.023299	0.025873	0.022598	0.029969	0.013623	0.031057	0.017567	0.019654	0.026307	0.000745	0.026547	0.025109	0.012577	0.003483	0.003691	0.037475	0.027979	0.005159	0.01448	0.02405	0.033917	0.001772	0.009605	0.036115	
0.000362	0.007951	0.037863	0.024217	0.010331	0.002645	0.001113	0.009663	0.034801	0.01642	0.028439	0.036254	0.01611	0.007552	0.020416	0.035851	0.031757	0.002599	0.027343	0.022579	0.035827	0.004836	0.021084	0.034721	0.016188	0.019029	0.002782	0.010981	0.012812	0.037314	0.01116	0.018195	0.026503	0.006403	0.019205	0.029158	0.034224	0.024725	0.026414	0.004986	0.03734	0.005234	0.030584	0.010455	0.036859	0.028424	0.029761	0.008649	0.017491	0.02439	
0.02792	0.00377	0.034896	0.03228	0.009803	0.029834	0.018795	0.016745	0.011402	0.021066	0.026466	0.014901	0.022816	0.025358	0.025786	0.001884	0.031175	0.016617	0.009515	0.008767	0.017514	0.032157	0.013719	0.027186	0.003511	0.017262	0.035959	0.027937	0.007634	0.018183	0.008471	0.014851	0.028286	0.027965	0.008271	0.03344	0.021487	0.013776	0.018201	0.02194	0.020302	0.017637	0.018309	0.006397	0.02947	0.019645	0.004753	0.027781	0.033811	0.034349	
0.014843	0.005451	0.020851	0.004529	0.037567	0.007384	0.010167	0.016356	0.015412	0.031963	0.018354	0.006869	0.010748	0.020478	0.005931	0.024602	0.022756	0.028747	0.037717	0.036693	0.038054	0.009843	0.005292	0.012158	0.036003	0.039099	0.034564	0.004425	0.038108	0.017029	0.000374	0.017794	0.001853	0.021876	0.013618	0.019043	0.024663	0.034945	0.026623	0.017459	0.03296	0.036425	0.004817	0.021396	0.011444	0.001893	0.026891	0.034703	0.006552	0.032678	
0.038081	0.0408	0.011838	0.040337	0.014309	0.024647	0.002254	0.001958	0.032145	0.019834	0.011436	0.008497	0.029895	1.8e-05	0.035961	0.003536	0.008545	0.017235	0.021636	0.015841	0.014311	0.043013	0.028629	0.001046	0.019196	0.039045	0.013452	0.004219	0.033841	0.027042	0.025449	0.002391	0.006269	0.02778	0.009274	0.022493	0.024314	0.012651	0.042321	0.037593	0.032234	0.00348	0.004736	0.021989	0.007171	0.043653	0.007074	0.021752	0.016248	0.028531	
0.005294	0.017654	0.01127	0.03642	0.001665	0.037485	0.034173	0.012208	0.03238	0.001281	0.039665	0.021603	0.012442	0.014875	0.002724	0.040588	0.001612	0.026867	0.018163	0.038929	0.010092	0.021829	0.019789	0.028835	0.00279	0.00795	0.008802	0.030282	0.007759	0.023527	0.00883	0.035348	0.038653	0.021271	0.014453	0.009602	0.002042	0.011015	0.02684	0.021892	0.038729	0.016257	0.028466	0.020074	0.021028	0.010985	0.018664	0.019314	0.02899	0.038594	
0.013705	0.001756	0.020653	0.022658	0.00701	0.031647	0.040988	0.039358	0.008203	0.036428	0.029318	0.018887	0.022498	0.035356	0.019981	0.015531	0.020527	0.024101	0.007868	0.037491	0.028056	0.026354	0.004141	0.025143	0.005034	0.003275	0.021944	0.016762	0.024503	0.003713	0.017935	0.007274	0.041078	0.023352	0.028608	0.013542	0.003943	0.040611	0.011913	0.017637	0.027044	0.001028	0.033719	0.02233	0.011578	0.002564	0.006762	0.037247	0.028549	0.010397	
0.003232	0.034024	0.0282	0.019929	0.017914	0.010682	0.032989	0.047821	0.008657	0.029418	0.020898	0.022007	0.012521	0.040651	0.023907	0.026771	0.015014	0.008957	0.004232	0.035182	0.009668	0.033997	0.019232	0.020484	0.023115	0.018116	0.004957	0.015254	0.0327	0.032801	0.014101	0.022667	0.00953	0.010364	0.001135	0.044179	0.010381	0.01121	0.013775	0.006277	0.031494	0.003702	0.006612	0.031765	0.016734	0.034878	0.027462	0.012613	0.032064	0.005727	
0.021362	0.017409	0.010668	0.024053	0.034699	0.03978	0.024203	0.016117	0.008968	0.010238	0.019093	0.014626	0.036391	0.014667	0.014872	0.015274	0.033317	0.025916	0.024458	0.013307	0.032572	0.001528	0.034678	0.020419	0.01586	0.019799	0.026579	0.000508	0.034708	0.017791	0.013658	0.005505	0.017501	0.019765	0.016074	0.027026	0.016761	0.038287	0.023865	0.032156	0.004355	0.015821	0.013414	0.022679	0.034292	0.00312	0.00289	0.033862	0.008476	0.026633	
0.022282	0.034185	0.005134	0.005327	0.022854	0.038843	0.017033	0.013419	0.024901	0.038189	0.03435	0.040858	0.000926	0.004632	0.025015	0.033679	0.011707	0.009818	0.0323	0.002314	0.015161	0.02076	0.022999	0.029905	0.014564	0.025147	0.024026	0.022476	0.026288	0.010649	0.003474	0.004895	0.009218	0.02053	0.034495	0.028783	0.032385	0.014405	0.016608	0.016158	0.007875	0.002513	0.024253	0.040601	0.006847	0.001916	0.031995	0.010367	0.034051	0.02889	
0.037294	0.016127	0.026106	0.018332	0.024868	0.017731	0.007439	0.02003	0.020846	0.031967	0.029006	0.026178	0.004472	0.028419	0.01973	0.03526	0.036277	0.002175	0.032363	0.001487	0.01448	0.021386	0.005841	0.029432	0.000329	0.006649	0.022905	0.028173	0.036149	0.027822	0.026493	0.015551	5.1e-05	0.004739	0.021081	0.026625	0.016463	0.028816	0.02058	0.002925	0.007572	0.033127	0.028588	0.035286	0.004636	0.039051	0.008258	0.000465	0.039335	0.011085	
0.027643	0.007311	0.024011	0.03741	0.013249	0.027736	0.007776	0.025855	0.013923	0.00874	0.01296	0.007401	0.037322	0.016436	0.01015	0.018556	0.013264	0.030805	0.04019	0.018126	0.035631	0.023416	0.006507	0.028579	0.021247	0.026923	0.036816	0.018226	0.037292	0.031064	0.020219	0.024962	0.013473	0.040702	0.027616	0.001814	0.013516	0.025793	0.002331	0.000988	0.018623	0.013767	0.018137	0.010871	0.006816	0.028518	0.021294	0.008283	0.013225	0.024487	
0.002706	0.005525	0.002745	0.030437	0.028193	0.028227	0.026841	0.025082	0.017873	0.024066	0.001437	0.023286	0.029147	0.018748	0.013396	0.010395	0.024086	0.025959	0.032635	0.012827	0.028843	0.021034	0.03308	0.019777	0.019396	0.021653	0.028077	0.036147	0.002756	0.002002	0.03513	0.019854	0.02304	0.018076	0.003509	0.02878	0.027998	0.011679	0.011475	0.031394	0.002711	0.033015	0.009617	0.022219	0.035072	0.025409	0.015529	0.025837	0.012889	0.010391	
0.041046	0.03092	0.026551	0.014632	0.002025	0.001279	0.022823	0.031383	0.022131	0.034626	0.001377	0.015104	0.009763	0.01842	0.002981	0.039294	0.009194	0.037983	0.01754	0.040587	0.022818	0.038334	0.00022	0.030815	0.03719	0.005754	0.003959	0.017485	0.038452	0.022337	0.021722	0.005812	3.3e-05	0.033364	0.003607	0.026104	0.037667	0.008593	0.027398	0.003241	0.024864	0.006751	0.030309	0.012406	0.019084	0.024686	0.007054	0.030543	0.012464	0.027275	
0.006952	0.030225	0.005631	0.018683	0.010858	0.032872	0.01151	0.038728	0.039172	0.008628	0.026963	0.003853	0.017198	0.031332	0.028964	0.027439	0.01241	0.016604	0.004522	0.031582	0.022133	0.031132	0.010935	0.014251	0.01468	0.001131	0.01498	0.035284	0.039413	0.022762	0.020007	0.001354	0.038618	0.000571	0.041497	0.021488	0.015019	0.040595	0.001071	0.025538	0.024111	0.009633	0.018838	0.02865	0.031938	3.1e-05	0.04115	0.007227	0.01026	0.011577	
0.001705	0.005549	0.044477	0.014214	0.005199	0.004825	0.032442	0.038535	0.011587	0.000943	0.01006	0.002548	0.004662	0.019458	0.010368	0.023265	0.011431	0.042411	0.040851	0.025559	0.015982	0.017187	0.018571	0.032808	0.020366	0.038632	0.042572	0.015149	0.025283	0.004286	0.00904	0.018644	0.009298	0.039526	0.007138	0.020547	0.027313	0.031198	0.017274	0.03919	0.025627	0.019819	0.003032	0.020954	0.037009	0.027711	0.037524	0.022276	0.005342	0.000613	
0.013565	0.031227	0.035355	0.013231	0.022175	0.01884	0.018366	0.01035	0.006101	0.008799	0.002475	0.008864	0.000412	0.028062	0.014154	0.043537	0.008667	0.015472	0.016009	0.000378	0.037545	0.001431	0.042062	0.03991	0.023958	0.024319	0.029249	0.017316	0.028956	0.002003	0.002418	0.020456	0.024589	0.039719	0.004682	0.036804	0.009397	0.017631	0.014164	0.017902	0.006733	0.022529	0.035864	0.019753	0.021949	0.037972	0.031588	0.021942	0.011529	0.039591	
0.024401	0.009352	0.011381	0.033963	0.001867	0.041954	0.005512	0.033665	0.016695	0.020815	0.037242	0.017461	0.02273	0.002085	9.9e-05	0.010352	0.028781	0.005128	0.004811	0.017379	0.027396	0.030113	0.007546	0.003366	0.039768	0.011023	0.036087	0.036516	0.032669	0.00714	0.034753	0.032531	0.025235	0.01426	0.011101	0.005155	0.021557	0.02475	0.015196	0.020102	0.015373	0.027107	0.038113	0.006932	0.016129	0.005957	0.026428	0.030823	0.039409	0.011792	
0.039175	0.002608	0.024861	0.002355	0.036848	0.021843	0.027595	0.034284	0.006197	0.001591	0.036234	0.012984	0.005317	0.019313	0.024667	0.001277	0.011333	0.001352	0.017329	0.036903	0.040512	0.026264	0.006664	0.037346	0.021283	0.006339	0.038	0.031228	0.030166	0.029238	0.008259	0.008699	0.028376	0.009059	0.018085	0.03224	0.03232	0.018687	0.03266	0.034574	0.026995	0.009417	0.011297	0.01298	0.004816	0.011262	0.008638	0.018772	0.037452	0.004306	
0.02803	0.026746	0.003726	0.035902	0.022122	0.014155	0.029441	0.010015	0.026988	0.001545	0.032666	0.017441	0.024777	0.00861	0.026349	0.030052	0.018415	0.024039	0.017758	0.034794	0.019375	0.032759	0.031185	0.015975	0.008954	0.015803	0.032153	0.008858	0.020409	0.03137	0.013756	0.024992	0.009559	0.004253	0.030914	0.003851	0.010561	0.033277	0.013483	0.037866	0.038127	0.01044	0.001595	0.027438	0.01755	0.003921	0.027534	0.001213	0.033864	0.005394	
0.005027	0.006937	0.037919	0.027372	0.031645	0.015702	0.01328	0.009259	0.01898	0.021791	0.024948	0.010153	0.037461	0.006703	0.038132	0.000587	0.018999	0.013164	0.017735	0.022534	0.017201	0.016382	0.028934	0.027084	0.032904	0.00987	0.024069	0.023108	0.0146	0.019194	0.012391	0.005601	0.008443	0.004167	0.026973	0.026091	0.037538	0.028814	0.002055	0.034917	0.034065	0.017506	0.023135	0.038544	0.02102	0.035749	0.003279	0.007544	0.017405	0.023089	
0.032556	0.039417	0.01551	0.001891	0.031955	0.024106	0.007919	0.019736	0.029607	0.030728	0.019928	0.012174	0.038838	0.026459	0.016283	0.011186	0.02916	0.00966	0.006849	0.021133	0.011566	0.025084	0.004704	0.026123	0.011299	1e-05	0.005063	0.037238	0.034595	0.009318	0.031046	0.024273	0.038725	0.014901	0.02718	0.002534	0.015805	0.038442	0.021497	0.011482	0.004797	0.028061	0.02572	0.014915	0.037929	0.000886	0.012114	0.036737	0.012801	0.01006	
0.024246	0.037389	0.004681	0.042799	0.036085	0.008226	0.032315	0.017471	0.018258	0.03555	0.043696	0.005748	0.01909	0.021828	0.017079	0.016483	0.002372	0.031113	0.019798	0.008841	0.037036	0.036425	0.022075	0.013545	0.02896	0.013078	0.010711	0.033155	0.00183	0.004301	0.000308	0.006941	0.003131	0.045195	0.013108	0.006775	0.010938	0.042486	0.023608	0.016557	0.039639	0.017927	0.015204	0.009408	0.017146	0.014373	0.03074	0.013143	0.026196	0.002993	
0.008446	0.017988	0.041369	0.016657	0.029321	0.011263	0.005609	0.002585	0.013485	0.006961	0.007683	0.03359	0.000699	0.024629	0.016754	0.022366	0.024851	0.013836	0.01303	0.032382	0.038469	0.008503	0.00431	0.03964	0.015449	0.024342	0.015875	0.005555	0.026021	0.023186	0.008963	0.019951	0.035187	0.026069	0.004279	0.024197	0.031028	0.035	0.027777	0.00674	0.031356	0.029907	0.001079	0.01818	0.014701	0.029556	0.009543	0.026089	0.040321	0.035223	
0.036809	0.039088	0.000426	0.024877	0.016492	0.034349	0.010059	0.039189	0.024516	0.031699	0.003419	0.007329	0.030296	0.000878	0.032632	0.000557	0.02625	0.014584	0.024427	0.027804	0.013681	0.004313	0.002782	0.023526	0.020799	0.029649	0.020362	0.016875	0.015902	0.001056	0.013404	0.038989	0.034896	0.013158	0.023481	0.033847	0.017628	0.000717	0.002976	0.020389	0.038726	0.027692	0.002833	0.007564	0.030812	0.033613	0.024675	0.025743	0.001132	0.0331	
0.030737	0.0101	0.027633	0.008378	0.001573	0.007843	0.006965	0.01317	0.016316	0.019829	0.01859	0.010554	0.001137	0.023594	0.015431	0.011646	0.033804	0.029117	0.033446	0.019301	0.005105	0.027147	0.008035	0.017205	0.002535	0.032181	0.004911	0.035214	0.033698	0.018115	0.029025	0.024154	0.031314	0.016837	0.030641	0.018032	0.036691	0.018965	0.018039	0.030612	0.032035	0.021621	0.007011	0.018239	0.037748	0.029361	0.031629	0.00128	0.018243	0.025213	
0.033934	0.002014	0.03485	0.02242	0.008067	0.01297	0.011526	0.021703	0.002113	0.006481	0.033225	0.005421	0.009542	0.018535	0.021141	0.031218	0.018288	0.032291	0.025279	0.004624	0.006391	0.017867	0.016226	0.030398	0.023742	0.015868	0.006981	0.009274	0.023528	0.017311	0.021051	0.006978	0.027101	0.034854	0.010545	0.020094	0.039882	0.013624	0.024327	0.003687	0.024775	0.003664	0.039216	0.029258	0.032222	0.028785	0.024109	0.018393	0.035092	0.039115	
0.023475	0.04382	0.02744	0.025326	0.021379	0.009845	0.000175	0.011361	0.023978	0.017874	0.021097	0.04613	0.016477	0.021271	0.006281	0.002256	0.036476	0.026845	0.035784	0.00705	0.026899	0.011932	0.010728	0.000542	0.006131	0.014548	0.005498	0.046375	0.014518	0.006131	0.009365	0.027646	0.003013	0.040569	0.04523	0.011607	0.021173	0.001041	0.030139	0.019471	0.012704	0.00973	0.030766	0.019579	0.008451	0.032416	0.026581	0.040392	0.005526	0.036959	
0.02592	0.004426	0.02674	0.016993	0.036368	0.00545	0.024739	0.0147	0.036823	0.012699	0.03703	0.034694	0.010406	0.030924	0.038316	0.009724	0.016809	0.020019	0.01135	0.000587	0.008472	0.01085	0.017072	0.006585	0.033607	0.027128	0.003279	0.025019	0.025156	0.0368	0.000116	0.009542	0.035706	0.035873	0.027732	0.02947	0.003521	0.019777	0.008912	0.006974	0.031185	0.005197	0.018036	0.036121	0.007152	0.037638	0.038265	0.021383	0.006548	0.012167	
0.016307	0.011882	0.01078	0.037348	0.005891	0.02817	1.6e-05	0.022902	0.035185	0.011061	0.007127	0.025034	0.027374	0.02643	0.012266	0.009688	0.036721	0.035468	0.017568	0.032506	0.017376	0.016303	0.006022	0.01638	0.020644	0.000864	0.01706	0.030015	0.026123	0.024399	0.03494	0.000693	0.021399	0.030245	0.020795	0.012442	0.005234	0.034095	0.018084	0.033732	0.022505	0.025899	0.030895	0.025321	0.015291	0.019731	0.030848	0.014354	0.014909	0.003678	
0.034494	0.003433	0.024448	0.015584	0.015298	0.02563	0.00253	0.022392	0.029118	0.031236	0.006432	0.033847	0.024747	0.03326	0.018303	0.020443	0.034662	0.033941	0.016903	0.01035	0.014829	0.014625	0.010819	0.01013	0.032475	0.002635	0.025556	0.006518	0.012993	0.002321	0.010182	0.028981	0.033379	0.008355	0.017483	0.017738	0.032947	0.028769	0.019351	0.025298	0.031958	0.00036	0.015195	0.034217	0.027921	0.020474	0.019976	0.013116	0.019632	0.024716	
0.016927	0.028894	0.034845	0.006258	0.018269	0.016508	0.027814	0.010109	0.025904	0.035503	0.016917	0.036859	0.040183	0.004292	0.009429	0.038452	0.038773	0.003953	0.000607	0.006518	0.040298	0.007283	0.020333	0.034326	0.000825	0.024457	0.011208	0.03489	0.011469	0.027786	0.027278	0.008961	0.001408	0.016558	0.011701	0.032731	0.032382	0.018491	0.024539	0.024448	0.033466	0.017195	0.011144	0.010723	0.021694	0.018172	0.017807	0.003687	0.029074	0.008652	
0.009566	0.020047	0.011063	0.028357	0.018041	0.021803	0.026089	0.009885	0.007565	0.04276	0.021065	0.020014	0.00173	0.024186	0.026915	0.027142	0.034339	0.00862	0.01225	0.039375	0.046002	0.006602	0.02417	0.010402	0.002918	0.015809	0.006979	0.03448	0.025922	0.006986	0.000449	0.03925	0.008557	0.029443	0.016364	0.028436	0.015331	0.004222	0.010828	0.009134	0.020788	0.031971	0.012812	0.000586	0.025204	0.02942	0.046764	0.028629	0.022884	0.027846	
0.039804	0.035535	0.013855	0.010178	0.011266	0.021638	0.031918	0.021587	0.002908	0.03104	0.034574	0.012419	0.028489	0.0183	0.038141	0.036258	0.02254	0.029664	0.037893	0.021265	0.013438	0.03233	0.00944	0.016667	0.037137	0.031076	0.017322	0.009212	0.01527	0.012187	0.007554	0.031887	0.010813	0.019483	0.016552	0.042129	0.016777	0.003431	0.003853	0.025342	0.025711	0.017964	0.018525	0.002314	0.022158	0.021652	0.006415	0.004454	0.005301	0.004334	
0.026933	0.008679	0.011107	0.007667	0.042311	0.037751	0.010182	0.01447	0.009272	0.021728	0.000866	0.029657	0.02311	0.039696	0.007262	0.03552	0.034984	0.005618	0.017606	0.007516	0.011252	0.011629	0.024571	0.018173	0.041865	0.005582	0.043011	0.010188	0.034141	0.014973	0.00632	0.037896	0.013643	0.029104	0.025022	0.020839	0.021902	0.032345	0.003877	0.029516	0.039571	0.002553	0.006213	0.031656	0.019316	0.017826	0.00605	0.022386	0.00559	0.021055	
0.030691	0.01038	0.019324	0.039871	0.027598	0.033815	0.016673	0.030862	0.001628	0.00494	0.008162	0.016155	0.033992	0.013917	0.02631	0.028508	0.02356	0.014358	0.023193	0.013756	0.003371	0.039902	0.005112	0.002908	0.03531	0.012131	0.026136	0.013223	0.015733	0.010535	0.013787	0.016507	0.028955	0.020559	0.037923	0.001683	0.020219	0.023481	0.036984	0.001976	0.02305	0.034309	0.009723	0.03522	0.000765	0.029439	0.037503	0.026414	0.017645	0.001804	
0.040314	0.020606	0.00127	0.030224	0.021111	0.005448	0.009388	0.002826	0.025162	0.027254	0.022159	0.035801	0.037724	0.026973	0.000559	0.030461	0.018314	0.024779	0.028439	0.015345	0.040182	0.00587	0.029422	0.000191	0.040513	0.004929	0.004157	0.01459	0.016367	0.009389	0.025637	0.019406	0.001497	0.014005	0.035508	0.030219	0.03176	0.030587	0.013625	0.004367	0.011938	0.036444	0.042958	0.021637	0.000425	0.006136	0.014112	0.02535	0.00329	0.041332	
0.01316	0.032895	0.028134	0.02723	0.02187	0.022593	0.022997	0.022663	0.01996	0.035556	0.026396	0.028006	0.031449	0.007773	0.003021	0.017406	0.01853	0.029888	0.015996	0.020577	0.018999	0.001377	0.022176	0.029847	0.005677	0.021423	0.021397	0.005918	0.00445	0.035327	0.014192	0.008198	0.006176	0.024064	0.021968	0.023197	0.003172	0.032208	0.014031	0.011296	0.016666	0.01406	0.031128	0.033496	0.010938	0.031141	0.028171	0.033552	0.008858	0.020797	
0.011396	0.034208	0.000221	0.023445	0.01408	0.013394	0.02677	0.035344	0.025287	0.035415	0.010983	0.021564	0.018701	0.000483	0.023113	0.027459	0.02457	0.030562	0.023716	0.002771	0.004834	0.024759	0.011414	0.003306	0.017832	0.023009	0.013646	0.029905	0.026722	0.013815	0.031334	0.026927	0.02646	0.022972	0.000473	0.028911	0.015609	0.039127	0.033954	0.024395	0.010468	0.008456	0.014129	0.019782	0.012289	0.021374	0.006864	0.040584	0.00448	0.038688	
0.039472	0.022699	0.031321	0.01884	0.027222	0.014715	0.013012	0.024983	0.021522	0.02504	0.012386	0.015855	0.003625	0.002259	0.010951	0.003208	0.004484	0.035124	0.00168	0.028471	0.011776	0.037656	0.020955	0.013203	0.022365	0.016503	0.024381	0.004949	0.043076	0.018387	0.015046	0.030686	0.015723	0.036003	0.019627	0.03109	0.004643	0.036558	0.031788	0.009148	0.006277	0.013666	0.042173	0.011097	0.019708	0.001297	0.017163	0.024685	0.041181	0.022321	
0.032633	0.021798	0.001625	0.01255	0.02293	0.037872	0.034228	0.009098	0.008769	0.008015	0.036753	0.03397	0.030872	0.015647	0.020095	0.018499	0.010095	0.02012	0.001215	0.005251	0.035322	0.029947	0.016847	0.020603	0.014741	0.029513	0.031242	0.030409	0.028789	0.008147	0.013465	0.018719	0.013179	0.030077	0.013122	0.005507	0.015898	0.03904	0.008999	0.024389	0.01725	0.00283	0.019437	0.027974	0.020447	0.034745	0.011511	0.003436	0.037313	0.015067	
0.02025	0.027825	0.011394	0.02516	0.004758	0.010234	0.005084	0.0285	0.007822	0.025204	0.03314	0.018542	0.018972	0.016197	0.011449	0.016711	0.021178	0.03464	0.032946	0.030289	0.031237	0.016437	0.023097	0.031446	0.013805	0.033789	0.014607	0.021117	0.024937	0.033396	0.008594	0.026213	0.018297	0.009435	0.027284	0.019401	0.023221	0.011344	0.016908	0.021689	0.014225	0.006969	0.033785	0.017969	0.025784	0.014441	0.012477	0.014305	0.014376	0.01912	
0.020896	0.019115	0.005182	0.019073	0.006502	0.00485	0.035859	0.023259	0.025356	0.015448	0.034949	0.024528	0.029573	0.014171	0.036911	0.031546	0.032833	0.006621	0.010418	0.010982	0.010416	0.032889	0.001226	0.002926	0.010532	0.007685	0.008915	0.03068	0.021651	0.000222	0.016507	0.015683	0.004381	0.025997	0.026995	0.027717	0.028009	2e-06	0.036677	0.031305	0.034757	0.000601	0.035906	0.031135	0.03219	0.003587	0.028405	0.036907	0.026089	0.021936	
0.035652	0.016699	0.022594	0.017959	0.03517	0.002869	0.018893	0.025899	0.029856	0.021981	0.034268	0.035515	0.002425	0.01517	0.000884	0.01242	0.020241	0.034338	0.031916	0.004807	0.003507	0.022216	0.020062	0.010043	0.033911	0.034963	0.015179	0.033566	0.014475	0.027779	0.017944	0.004622	0.034985	0.01712	0.027691	0.013843	0.000712	0.00379	0.018708	0.026013	0.01262	0.026221	0.02634	0.026539	0.018569	0.034493	0.018443	0.016976	0.007517	0.011597	
0.001749	0.026181	0.010271	0.012569	0.031854	0.013522	0.010009	0.006986	0.032021	0.00536	0.018751	0.020949	0.028406	0.026171	0.033503	0.001849	0.01225	0.011577	0.006034	0.01195	0.012801	0.021567	0.027428	0.015749	0.029732	0.013892	0.011996	0.022365	0.00098	0.003297	0.017273	0.038966	0.029817	0.003642	0.034974	0.030262	0.025247	0.033899	0.0167	0.009154	0.021159	0.022681	0.022246	0.023352	0.039205	0.037285	0.036189	0.033119	0.038987	0.004074	
0.009688	0.01809	0.030933	0.018459	0.027334	0.005078	0.009223	0.02674	0.006019	0.012839	0.009678	0.012784	0.025883	0.013441	0.02029	0.003652	0.029416	0.013516	0.023698	0.026506	0.007661	0.032327	0.022517	0.015666	0.006663	0.034432	0.027591	0.007601	0.01234	0.029586	0.02542	0.027982	0.016122	0.02618	0.014123	0.00772	0.023118	0.035664	0.01135	0.016844	0.024628	0.019787	0.030819	0.027835	0.00213	0.036483	0.027493	0.031568	0.023795	0.031288	
0.004673	0.014459	0.036443	0.008385	0.003253	0.032771	0.034741	0.006763	0.035525	0.028557	0.021626	0.034523	0.017433	0.008067	0.011845	0.021005	0.022093	0.033497	0.032905	0.024174	0.032466	0.007974	0.002082	0.036327	0.003142	0.010258	0.028912	0.017025	0.036438	0.01239	0.000494	0.012502	0.024037	0.015632	0.022241	0.03645	0.037942	0.01106	0.019216	0.022834	0.039465	0.041524	0.009789	0.030229	0.015719	0.000337	0.000385	0.019151	0.020306	0.000935	
0.030374	0.013	0.024757	0.013306	0.00739	0.018004	0.010271	0.023648	0.008792	0.02248	0.006959	0.029669	0.033337	0.004881	0.020685	0.003134	0.02645	0.011691	0.02333	0.022881	0.040873	0.024279	0.025779	0.01776	0.041966	0.034365	0.01262	0.037329	0.01912	0.036642	0.036386	0.008351	0.031003	0.012852	0.013154	0.013104	0.032083	0.010162	4e-05	0.031626	0.007569	0.00462	0.010502	0.016798	0.021043	0.001971	0.042916	0.031663	0.014291	0.014094	
0.017463	0.024382	0.005699	0.007356	0.03346	0.009977	0.014802	0.033921	0.025818	0.013304	0.026619	0.000766	0.028641	0.018961	0.03166	0.037167	0.036044	0.0354	0.01994	0.014021	0.018105	0.02686	0.034417	0.008059	0.035748	0.031737	0.03811	0.034271	0.010899	0.004125	0.00437	0.011338	0.023912	0.031315	0.035011	0.024285	0.000219	0.007254	0.003883	0.014145	0.019519	0.00169	0.013567	0.006976	0.025192	0.018076	0.019284	0.016651	0.037221	0.00836	
0.021513	0.030647	0.023186	0.038683	0.015738	0.019307	0.003686	0.025358	0.012001	0.006675	0.022673	0.022165	0.003159	0.029073	0.025973	0.00787	0.019547	0.029993	0.022045	0.016468	0.013422	0.025416	0.039103	0.02797	0.003112	0.019182	0.037092	0.003933	0.041175	0.039518	0.003259	0.038866	0.01512	0.035172	0.017421	0.018357	0.026409	0.032248	0.001407	0.024698	0.007775	0.014405	0.014489	0.019531	0.013913	0.00447	0.006064	0.001392	0.01958	0.039741	
0.005024	0.041096	0.03185	0.027686	0.028024	0.035905	0.004644	0.021921	0.030275	0.025485	0.036167	0.003139	0.029997	0.023193	0.016467	0.014778	0.026963	0.038696	0.021549	0.035818	0.017466	0.004447	0.002671	0.002229	0.01651	0.014646	0.03118	0.032261	0.002209	0.009603	0.011911	0.023783	0.006276	0.005817	0.040989	0.034926	0.007846	0.017657	0.015445	0.034353	0.022158	0.005552	0.032094	0.017237	0.011419	0.016308	0.021617	0.014901	0.010506	0.017306	
0.000819	0.033017	0.007306	0.001877	0.02794	0.033079	0.034784	0.021093	0.008778	0.03151	0.029906	0.010526	0.038613	0.004461	0.042001	0.036768	0.029402	0.040123	0.030872	0.00814	0.018898	0.003056	0.016654	0.031697	0.016517	0.014117	0.025446	0.037279	0.002034	0.016475	0.006763	0.02972	0.004519	0.028415	0.012232	0.008502	0.040021	0.000792	0.018711	0.000924	0.020669	0.021415	0.013748	0.005649	0.016087	0.028733	0.03344	0.022685	0.02521	0.008577	
0.012241	0.006897	0.010621	0.009581	0.02213	0.023972	0.040258	0.008332	0.027337	0.034818	0.023868	0.010864	0.011185	0.001672	0.013013	0.031723	0.002024	0.009343	0.030088	0.033343	0.019398	0.02974	0.016528	0.006813	0.016962	0.024709	0.04039	0.002929	0.021617	0.014013	0.021656	0.001021	0.013336	0.034929	0.0236	0.019196	0.012164	0.012698	0.016321	0.035598	0.041206	0.018688	0.016758	0.036066	0.018188	0.023518	0.009839	0.031676	0.022664	0.034469	
0.033731	0.009289	0.030919	0.034566	0.014953	0.007457	0.000114	0.019481	0.015227	0.023975	0.008124	0.037141	0.011136	0.009783	0.020769	0.021553	0.009293	0.011746	0.007332	0.031041	0.033271	0.019975	0.030852	0.031796	0.005974	0.041743	0.035472	0.008835	0.008043	0.005429	0.005979	0.032324	0.020291	0.033826	0.032242	0.026122	0.029654	0.000793	0.01347	0.027557	0.000404	0.001425	0.036805	0.029553	0.011465	0.029723	0.034238	0.013255	0.001557	0.040297	
0.013303	0.004104	0.018956	0.029617	0.008542	0.010386	0.009354	0.038219	0.007608	0.022181	0.03566	0.005661	0.037417	0.036516	0.034091	0.008269	0.024436	0.029325	0.038001	0.006954	0.029523	0.013057	0.006769	0.01624	0.030594	0.017915	0.020716	0.038353	0.015382	0.023718	0.014076	0.015138	0.02681	0.036146	0.020902	0.029614	0.003438	0.008138	0.019352	0.000771	0.009745	0.019941	0.000577	0.010196	0.019811	0.022089	0.035678	0.024872	0.015984	0.035855	
0.027658	0.007048	0.004611	0.023814	0.019729	0.027827	0.026034	0.022031	0.034758	0.018803	0.003986	0.029187	0.008875	0.027391	0.033727	0.024554	0.021003	0.016223	0.012841	0.012439	0.022425	0.026474	0.02391	0.006992	0.017407	0.027896	0.016763	0.01891	0.027174	0.023302	0.014425	0.031553	0.005729	0.03508	0.004188	0.000527	0.031363	0.008632	0.025713	0.028579	0.030269	0.034942	0.010361	0.025028	0.004066	0.014335	0.029881	0.012956	0.020829	0.017752	
0.026329	0.039656	0.002272	0.023395	0.035178	0.019622	0.003201	0.022848	0.013536	0.006316	0.034607	0.021261	0.038041	0.032854	0.028246	0.000205	0.017438	0.00805	0.037125	0.007116	0.01166	0.021067	0.010735	0.008554	0.02442	0.003625	0.002371	0.015173	0.029375	0.022614	0.017237	0.02306	0.014896	0.038158	0.002238	0.027448	0.036329	0.032767	0.007502	0.012062	0.029227	0.003435	0.033092	0.029303	0.029739	0.004086	0.029256	0.02771	0.033869	0.001696	
0.001058	0.01707	0.006809	0.025554	0.041981	0.017916	0.038668	1.1e-05	0.007712	0.001392	0.015017	0.041562	0.004437	0.027752	0.020662	0.042948	0.005607	0.009703	0.001352	0.019858	0.012715	0.03981	0.027684	0.028103	0.024342	0.004203	0.020366	0.045741	0.038223	0.040888	0.037674	0.004716	0.010409	0.000143	0.01389	0.00497	0.021637	0.030988	0.040021	0.034287	0.042953	0.002467	0.000557	0.030265	0.013242	0.011601	0.015143	0.012347	0.023405	0.020141	
0.019807	0.026002	0.014964	0.009714	0.006424	0.013508	0.028673	0.029249	0.025778	0.009046	0.022731	0.022059	0.018718	0.021258	0.019009	0.021857	0.027656	0.004237	0.028975	0.005252	0.002575	0.037728	0.036991	0.002336	0.017133	0.007199	0.01876	0.032089	0.036744	0.024516	0.01368	0.02332	0.01206	0.035167	0.033644	0.021577	0.012554	0.01134	0.001292	0.031534	0.017409	0.012567	0.01821	0.031647	0.004817	0.033151	0.034691	0.036593	0.015364	0.008395	
0.37