50
2
0.669684	-0.790408	0.489281	-0.278998	-0.281378	0.218477	-0.212441	-0.181855	0.019805	0.420296	0.921052	-0.086758	-0.144697	-0.773073	-0.564202	0.914944	0.886701	0.763649	0.292821	-0.57235	0.273664	-0.721707	-0.082592	0.747726	-0.483099	0.329702	0.725349	-0.702304	0.1259	-0.681689	-0.65421	-0.791954	-0.594125	-0.089621	0.58915	0.981645	0.610034	-0.245169	0.031475	-0.882202	0.422191	-0.854984	0.765223	0.452116	0.666732	0.420461	0.39486	0.860206	0.763345	-0.810056	
-0.087007	-0.014553	-0.782053	-0.692531	0.968568	-0.45688	0.794304	-0.671531	-0.735283	-0.365293	-0.385155	-0.15589	-0.338007	0.136151	-0.809431	0.595955	-0.462687	0.82283	0.803488	-0.968284	0.707364	0.351212	-0.924639	-0.382104	0.128499	0.188155	0.361627	0.264864	0.877405	0.474239	0.489711	-0.782229	-0.012729	0.733502	-0.96349	-0.634193	-0.77464	0.706595	-0.903092	-0.001142	0.00618	0.529454	-0.305042	0.862838	-0.401588	0.102259	-0.884889	0.190614	0.286088	0.482388	
-0.802175	-0.310449	0.378508	-0.635676	-0.994918	-0.464892	0.398255	-0.162131	-0.36185	-0.575611	-0.37395	-0.25912	-0.735835	0.354599	0.019613	0.714852	-0.999272	0.55829	0.58459	-0.871721	-0.139962	-0.306951	0.68335	-0.031751	-0.48244	-0.766149	0.232288	-0.29654	0.026916	-0.274935	0.961351	-0.188628	0.606788	0.353641	-0.463688	0.001836	-0.190168	0.456499	-0.27358	0.7556	-0.07859	0.871634	0.700379	-0.370119	-0.029157	-0.190806	0.973044	-0.06485	-0.323953	-0.103062	
-0.653268	0.146185	0.436094	0.785051	0.57782	-0.030792	-0.375724	0.390764	0.159111	-0.220933	-0.080641	0.230771	-0.742201	0.178959	0.104122	-0.025759	0.098843	0.957981	-0.657778	0.055053	0.41261	0.07703	-0.188859	0.518294	0.42521	-0.594615	0.965404	0.573523	-0.988234	0.118109	0.524944	-0.512312	0.505812	-0.942911	-0.842046	0.537051	0.963466	0.018749	-0.41601	-0.395523	-0.582804	-0.894165	0.939589	-0.853016	0.021897	-0.185066	0.149268	0.277969	-0.714489	-0.026998	
-0.740131	-0.436981	-0.64734	0.700351	-0.673337	0.616691	0.235128	-0.195173	0.351821	-0.955385	-0.280476	-0.303293	-0.478428	-0.625841	0.36173	0.757311	0.617517	-0.639787	0.0471	0.283133	0.834899	0.253792	0.865528	-0.668672	0.10996	-0.035555	-0.182784	0.485225	-0.297099	0.079163	0.006255	0.973711	-0.747535	0.438909	-0.390859	0.449802	-0.219766	0.632738	-0.10327	-0.383199	-0.155791	0.16991	0.206922	-0.698718	-0.306173	-0.672197	0.472843	-0.604487	0.67153	-0.145838	
0.201699	-0.23129	0.187639	0.835503	-0.72229	0.543321	0.330422	-0.188357	0.942198	0.584576	-0.692368	-0.08289	0.423738	0.846046	0.686066	0.913035	-0.424987	0.682094	-0.454841	-0.373522	0.34133	-0.569372	-0.231234	0.993959	0.703579	0.377288	-0.690893	0.551194	-0.02136	0.254787	0.162407	-0.351629	-0.564506	-0.752581	0.771394	-0.569205	-0.232864	-0.626579	0.657208	-0.001458	-0.4333	-0.621817	0.29393	0.580452	0.684199	0.778261	-0.844789	0.18148	-0.734744	-0.925404	
-0.031722	0.761992	0.627529	0.945144	0.910103	0.838113	0.733642	0.675455	-0.740766	-0.706903	0.834634	0.09041	-0.247965	-0.032797	-0.172194	-0.951223	-0.866859	0.123406	0.208618	-0.552192	-0.392826	0.172334	0.786324	0.984048	-0.773423	-0.306102	-0.764201	0.553451	0.241934	-0.323045	-0.910258	-0.469535	-0.984966	0.778395	-0.66351	0.623962	-0.402227	-0.349862	-0.384084	-0.052533	-0.164383	0.391877	-0.941931	-0.154146	-0.971804	0.947301	0.787452	0.176379	0.0382	-0.146244	
0.738234	-0.088554	-0.507397	0.130326	0.333672	-0.342327	-0.268091	0.78501	0.715523	0.932169	-0.557446	0.596627	-0.211403	0.739525	0.972024	-0.461311	0.175532	-0.833402	0.830027	-0.409257	-0.212001	-0.926373	0.05872	0.155963	0.493069	-0.836546	0.331339	-0.252343	0.742657	-0.117772	0.429287	0.495155	0.496858	0.425478	0.072806	0.34001	-0.345788	0.087166	-0.568911	-0.283499	0.939089	0.510498	-0.64877	-0.850315	0.788007	0.338755	-0.943744	0.658278	-0.784236	0.695816	
-0.538654	0.224482	-0.935118	-0.453146	0.277495	0.554613	-0.723156	-0.003093	-0.934573	-0.991908	0.905414	0.248098	-0.36153	0.512978	-0.752184	-0.357458	-0.352694	0.899283	-0.901771	-0.083939	0.473037	0.437079	-0.406314	0.196319	0.759506	0.401953	0.939678	0.111629	0.323692	0.53969	0.285512	0.179188	0.256405	0.642082	0.558898	0.734946	0.256588	0.771556	0.784464	0.963474	-0.204843	0.863731	-0.874935	0.728625	0.849145	-0.272467	-0.823258	-0.315591	0.936101	-0.189151	
0.447039	-0.127212	-0.80797	-0.014607	-0.016248	0.149456	0.128601	0.338726	0.624723	0.954871	-0.677623	0.503434	-0.835364	0.209597	-0.107136	0.851706	0.279186	0.007874	-0.429315	-0.342579	0.712584	-0.498151	-0.10446	0.448175	-0.415682	0.586756	-0.438304	0.003186	0.281135	-0.411745	0.383595	0.424353	-0.152435	0.026408	-0.749361	-0.71418	0.548708	-0.848313	-0.476552	-0.227546	-0.829042	-0.92461	-0.976628	0.1555	0.993401	-0.700048	0.352757	0.211834	0.230467	0.649273	
-0.086302	0.472001	-0.348363	0.606847	0.692508	0.23882	-0.714877	0.443762	0.748188	0.160479	0.126678	0.045997	0.449602	0.688108	-0.114806	-0.514109	0.612214	0.830974	-0.338341	-0.962624	-0.829979	0.852857	0.29106	-0.196492	-0.679189	-0.081654	0.425368	0.89854	0.477647	0.688282	-0.025026	0.903917	-0.453204	0.095043	-0.081974	-0.527919	-0.579929	-0.110766	-0.832231	-0.963534	0.070449	0.694978	0.60367	-0.711274	-0.836169	-0.8923	-0.37869	0.183752	0.237615	0.798725	
0.555243	0.544193	0.390981	-0.328454	0.808387	0.800977	0.629928	0.925494	0.384254	0.258183	0.392807	-0.618695	-0.845892	-0.592201	-0.525937	-0.380643	-0.249604	0.523667	-0.226442	0.90633	0.869143	0.96821	-0.288431	0.69514	0.699205	0.367713	-0.006707	-0.129998	0.283409	-0.216874	-0.983581	0.490552	-0.819546	0.996758	0.11616	0.836387	0.317199	0.72024	0.457485	-0.180204	-0.86537	-0.805138	-0.613368	0.964399	0.159657	0.282447	-0.598192	-0.85349	0.041106	0.748947	
0.712956	-0.306129	-0.035001	-0.905539	-0.744987	-0.226851	0.905856	-0.587178	0.508476	0.89111	-0.085301	0.910552	0.486763	-0.032066	-0.627706	-0.331183	0.425353	-0.72475	0.907495	0.487436	0.07146	0.637129	0.997531	0.994623	-0.302827	-0.180585	0.554849	-0.148039	0.911202	0.498676	-0.73804	0.303134	-0.810664	0.32815	0.800606	-0.235745	0.322813	0.708057	0.480357	-0.632144	-0.874169	-0.085338	-0.990232	-0.321099	-0.640881	0.852022	-0.229259	-0.727832	-0.473497	0.875294	
-0.012111	-0.098651	-0.156616	0.230186	0.392137	0.515061	-0.677082	0.795906	0.516276	0.067764	0.003662	-0.856201	0.868966	-0.07116	0.99095	-0.970107	0.075253	0.022614	0.794075	-0.121566	0.040078	0.482767	0.512175	0.059804	0.417034	-0.411829	0.02312	-0.901973	0.499835	-0.024291	-0.272948	-0.123822	-0.899501	-0.73658	-0.709298	-0.254172	0.734191	0.801611	0.766361	0.259477	-0.562134	0.287783	0.706169	-0.822725	0.219182	-0.502871	-0.368006	-0.268769	-0.073506	0.490542	
0.729675	0.58084	0.953269	-0.398933	0.61404	0.766871	-0.987527	-0.401952	-0.711648	0.517746	-0.8553	0.302599	0.09952	0.83111	0.896746	-0.806019	0.949142	0.087493	0.354502	0.412904	-0.906713	0.891852	-0.962047	-0.391287	-0.314986	0.845766	-0.234925	0.451236	0.648995	-0.828192	-0.888916	0.948681	0.415739	-0.151231	0.431472	-0.639977	-0.260728	0.930208	-0.593449	-0.703261	-0.449933	-0.333605	-0.008838	-0.440839	-0.292121	0.227636	0.461993	0.82084	0.392206	0.481423	
0.41579	0.950809	-0.575812	0.513154	-0.921411	-0.666833	-0.855805	0.476036	0.297793	-0.632954	0.909458	0.91324	0.525819	-0.414702	-0.574081	0.223009	0.111227	0.662387	-0.209965	0.009192	-0.591439	-0.484825	-0.510833	-0.358217	0.306922	-0.309694	-0.254342	-0.072676	-0.490546	-0.518577	-0.382886	-0.884309	-0.887213	0.172463	0.105925	0.001877	-0.374542	-0.189394	-0.918596	-0.754641	-0.288512	0.699715	-0.468782	-0.302346	-0.922289	-0.730921	-0.356079	0.400425	0.13114	0.153995	
-0.99383	0.596197	-0.275627	0.689761	-0.574651	0.896697	-0.032147	0.073534	0.978764	-0.571925	-0.730983	-0.001139	0.693423	0.663897	-0.208696	0.813107	-0.376486	0.785134	-0.78692	0.279895	0.450654	0.980897	0.483558	0.593257	0.080616	-0.933399	0.358004	-0.199744	0.04539	0.267337	0.159677	0.427702	-0.791642	0.092112	-0.597993	0.348101	0.913715	-0.040123	-0.580211	-0.347952	0.503949	-0.674535	0.835732	-0.154481	-0.1466	0.355718	0.217466	0.718225	-0.679574	-0.563177	
-0.004042	-0.74883	-0.126594	-0.092354	0.00796	-0.804611	-0.689577	-0.40864	0.721813	-0.381483	0.053578	-0.749962	-0.675518	0.006758	-0.458081	0.628922	-0.084018	0.281878	0.317322	-0.018211	-0.100933	0.764695	0.082735	-0.154673	0.227359	-0.575971	0.989569	-0.073571	-0.858764	-0.3664	-0.209237	-0.927039	-0.348591	-0.660876	-0.392375	0.236202	0.365751	0.555329	0.03002	0.111099	0.816115	0.914538	0.896148	0.224282	0.122456	-0.353919	0.418113	-0.21373	0.623952	-0.741618	
-0.280688	-0.687531	0.784489	-0.437057	-0.319457	0.652308	-0.193502	-0.200596	0.406988	0.60587	-0.129947	0.981483	-0.884589	0.445071	-0.004989	0.757203	-0.408815	-0.613639	0.153451	-0.362648	-0.334042	-0.79789	-0.330349	-0.600654	0.097944	0.882587	0.689303	0.128314	-0.744574	0.434252	-0.568661	0.323408	0.143143	0.806873	0.339984	0.874341	-0.579401	-0.104671	-0.196415	0.448988	-0.485555	-0.875094	0.862644	0.87722	0.188451	-0.786531	-0.896905	0.249656	0.549831	-0.624434	
-0.041816	0.568157	-0.877823	0.592429	0.818752	-0.12319	-0.517958	-0.219052	-0.211404	-0.581285	-0.357679	-0.061256	0.784063	0.601444	0.044993	-0.767037	-0.024493	0.146633	-0.244517	-0.37942	-0.467258	-0.494868	0.836596	0.662768	0.898409	0.7891	-0.897796	-0.583638	-0.288557	-0.826711	0.849826	-0.928277	-0.869043	-0.597267	0.1558	-0.696257	0.676035	-0.718893	0.14652	-0.247854	0.001691	0.375563	-0.655078	-0.722104	-0.190337	0.143348	-0.2913	0.341049	0.132429	0.45027	
-0.751375	0.01962	-0.075249	-0.084371	0.536351	-0.331623	0.866455	-0.563164	-0.273493	-0.10098	-0.776195	-0.348466	-0.869226	0.686172	-0.836881	-0.033641	-0.261702	-0.515449	0.468766	-0.318599	-0.997468	0.997797	0.840304	0.306508	-0.25906	-0.843384	0.282863	-0.663924	-0.154415	-0.784876	0.538329	0.857639	0.306836	-0.767818	-0.236538	0.72689	-0.693033	-0.825783	0.234283	0.802632	0.700696	0.469535	-0.991485	-0.047971	-0.186594	-0.328397	-0.632656	0.940147	0.358119	0.000164	
-0.712971	0.369594	0.552457	0.167523	0.488053	-0.606679	-0.638343	0.443747	-0.520245	-0.200155	0.632135	0.321099	0.710786	-0.446208	-0.850884	0.524303	-0.62241	0.889269	-0.521181	-0.766078	-0.822835	-0.808556	0.640664	-0.679581	-0.960936	-0.736581	0.976041	0.722019	0.279355	0.895103	0.535087	-0.876989	-0.408284	0.497892	-0.890859	0.092796	0.672841	0.42973	0.184469	-0.453888	0.121276	0.736403	0.08163	-0.084166	-0.212386	-0.84228	-0.14943	0.441709	0.843405	0.994109	
0.844651	-0.611781	0.647907	-0.164307	-0.856127	-0.947094	0.937962	-0.439116	0.69668	0.828921	-0.932344	0.53972	0.774365	0.497889	-0.584055	-0.793878	-0.453965	0.135354	-0.257382	-0.534531	0.429881	-0.379527	-0.463012	-0.836982	0.259523	-0.569832	-0.734696	-0.443871	-0.628753	-0.468247	-0.876097	-0.814937	-0.105513	-0.706232	-0.913032	0.672318	0.56147	0.268525	-0.081663	-0.370124	0.601862	0.933708	0.019606	0.28895	0.003964	-0.746308	0.545983	-0.547361	-0.846003	0.623652	
0.886777	-0.704623	-0.371192	0.825246	0.47875	0.647153	0.379839	0.676781	-0.886183	0.019775	0.027933	0.356568	-0.623218	-0.605652	0.093865	0.226679	-0.553646	0.868551	0.245113	-0.411701	-0.430162	-0.864041	0.4446	-0.663149	0.879278	0.977779	-0.138533	0.158315	0.783799	0.905176	-0.513269	-0.464663	0.650511	-0.840879	-0.44314	-0.241545	-0.345649	-0.663177	-0.173766	0.090363	0.803168	-0.277066	0.467048	-0.2493	0.203166	0.719068	0.16096	0.426449	-0.32619	0.250826	
-0.724223	0.438147	-0.100827	-0.5323	-0.727773	0.478041	0.597779	0.236406	-0.570203	-0.723862	0.496003	0.864022	-0.787709	-0.658356	-0.85468	-0.767461	-0.135603	0.060289	-0.716689	0.487048	0.222986	-0.100319	-0.949596	0.048182	0.095109	0.380873	0.747282	-0.485409	-0.612336	0.141774	-0.46582	-0.61799	0.509684	-0.753227	-0.515478	-0.421724	0.371625	0.890079	-0.18376	-0.451025	0.440426	0.045685	0.978646	-0.121187	-0.635373	-0.766925	0.920203	-0.775318	0.149265	-0.208439	
0.752156	0.276039	-0.261683	-0.436858	-0.85324	0.258126	0.344619	-0.121513	-0.115229	-0.81868	-0.518774	-0.094435	0.462541	-0.074189	0.603771	-0.390806	0.842138	-0.513216	-0.19666	-0.981128	0.489674	-0.780725	0.524424	-0.101345	-0.274357	-0.702571	0.718644	0.787425	0.126745	-0.213722	0.616767	0.59154	-0.984763	0.46714	0.555565	-0.659327	-0.374051	0.586421	-0.112286	0.444091	0.458744	-0.360047	-0.697012	-0.698686	0.58269	0.529097	0.059752	-0.787695	0.655213	0.664372	
-0.163783	0.449334	-0.472514	-0.250585	-0.52071	0.391945	-0.55494	-0.211892	-0.896765	-0.915208	-0.02887	-0.5939	0.876054	-0.707538	-0.448646	0.212372	-0.409493	0.893333	-0.377414	-0.588503	-0.776864	-0.235959	0.127992	-0.272584	-0.272286	0.567821	-0.725419	-0.723584	-0.760014	-0.97228	0.618825	0.487349	-0.598613	0.03503	-0.767298	-0.372089	-0.754447	-0.127013	-0.915683	-0.849271	-0.272497	0.501308	-0.71055	-0.264136	0.181841	-0.621186	0.942306	0.766903	0.521584	-0.128319	
0.932074	0.517382	0.040379	-0.071323	-0.974635	-0.804919	-0.096215	-0.612723	0.193325	-0.509642	-0.729259	-0.548196	0.280798	-0.739514	-0.3676	0.592207	-0.921405	0.520064	0.186895	0.670474	-0.767063	-0.331291	0.037332	-0.169884	0.617461	-0.536169	0.564058	-0.509117	-0.204462	0.572725	-0.923999	-0.594611	-0.256191	-0.162402	-0.014323	0.444134	0.934858	0.160611	-0.374456	-0.310314	-0.823634	0.785453	-0.344744	0.53056	0.662648	0.50454	0.910781	0.430415	-0.44318	-0.929665	
-0.911962	-0.397851	0.049847	0.085101	-0.237956	-0.893444	0.245548	0.139334	-0.211522	0.520918	-0.088792	-0.899738	0.215143	0.710766	-0.179105	0.769212	0.04431	0.828626	-0.137921	-0.538764	0.320955	-0.255707	-0.436301	-0.884425	-0.515454	0.767246	0.597979	0.174718	-0.05034	-0.793344	-0.425019	0.139828	-0.083449	0.430042	-0.078711	-0.786567	0.575349	0.747284	-0.489378	0.687765	0.488768	0.521168	0.632167	-0.321256	0.639093	0.012252	0.287275	-0.350698	0.462741	0.535159	
0.260459	0.558542	-0.084401	0.35874	-0.871893	-0.113344	0.861235	-0.493272	0.588287	-0.227154	-0.463266	-0.478143	-0.146028	0.633816	-0.038962	0.916648	0.196374	0.554592	-0.258891	-0.141187	0.873479	0.729073	0.966985	-0.530838	0.581014	0.83356	-0.749722	-0.504886	-0.237413	-0.043372	0.088793	0.14382	0.365163	0.795909	0.894566	0.394066	0.986576	-0.955072	0.910516	-0.543934	0.56204	0.967406	-0.134465	-0.06807	0.808989	0.369528	0.798482	0.01345	-0.509611	0.730844	
-0.244436	-0.286107	-0.134557	-0.854948	-0.858923	0.213223	0.263234	0.184626	0.549817	-0.827906	0.343055	-0.295541	0.025817	0.444854	-0.946211	0.79063	0.080601	-0.551177	0.825767	0.877573	0.966412	0.101269	-0.660188	0.795379	-0.810716	0.144586	-0.652727	-0.536652	-0.240706	-0.741298	0.943086	0.443388	-0.543309	0.242527	0.786653	0.870636	0.958185	-0.226442	-0.679168	-0.536567	0.224764	0.714939	0.093984	-0.809977	-0.449573	0.847435	0.402275	0.703234	-0.758472	0.335689	
-0.134826	0.495948	0.588842	-0.309343	-0.591176	0.003207	-0.566553	0.437167	0.059712	-0.825601	0.970444	-0.838398	0.9349	0.140227	-0.447856	-0.711739	0.784938	-0.830825	0.877371	0.127123	0.680697	-0.068159	-0.566931	-0.970911	0.672026	-0.51201	0.711759	0.650987	0.521624	0.330555	0.843409	0.76316	-0.562746	0.607093	-0.341784	-0.16967	-0.722798	0.056657	0.409496	-0.244741	-0.514558	-0.189086	0.47469	0.800758	-0.811039	-0.205141	-0.664639	-0.582475	-0.835581	-0.572854	
-0.925092	-0.239679	0.74284	0.934236	0.73216	-0.37314	-0.888172	-0.15649	-0.806518	-0.469314	-0.036898	-0.291658	-0.245186	0.677205	-0.779004	-0.765967	-0.158635	-0.64206	0.68919	-0.318547	-0.681593	-0.537742	-0.547875	0.481494	-0.350745	-0.649119	-0.430719	0.759391	-0.947061	-0.302696	-0.356134	-0.871905	0.396544	0.722801	-0.545896	0.875019	-0.45754	-0.970483	0.230902	-0.540594	0.917911	0.419611	-0.380588	0.592594	-0.218775	0.040709	-0.848374	0.051142	0.955195	0.669124	
0.880017	-0.205808	-0.469889	-0.626632	0.780433	0.446253	0.178905	0.08301	0.147775	-0.175121	0.021583	0.681812	0.557382	-0.403854	-0.163359	0.695431	-0.019698	0.063121	-0.237722	-0.153024	0.220753	-0.900077	-0.039793	0.332119	-0.767579	-0.257087	0.369659	-0.58587	-0.587792	-0.928989	-0.082682	-0.900096	0.84842	0.376201	0.826717	-0.659934	-0.885065	0.356866	0.369751	0.637197	0.655016	-0.936014	-0.176696	0.205531	0.039803	-0.340717	-0.483992	-0.3422	-0.340873	-0.350276	
0.808243	-0.001764	-0.359572	0.453647	-0.277473	0.931223	0.981569	0.23716	0.968562	0.488053	-0.174677	-0.646739	-0.121467	0.610563	0.327991	-0.045102	-0.944195	-0.739939	0.241041	0.251027	0.834006	0.10183	0.57406	0.524562	0.084709	0.785645	0.209723	-0.259451	0.923625	-0.92413	0.084149	0.448879	0.054136	0.169536	0.972625	-0.566549	-0.623068	-0.308908	-0.191746	0.850514	0.498968	0.484234	0.709775	0.429564	-0.226436	0.54528	0.646391	-0.955153	-0.705371	-0.391536	
-0.241126	0.09302	0.888024	-0.078858	0.07847	-0.830017	-0.099605	-0.239088	0.749148	0.773503	0.518781	0.061761	-0.228039	-0.6621	-0.555562	-0.497993	-0.226799	-0.946363	-0.82966	-0.215151	-0.772036	0.00834	0.404327	0.640833	0.066024	0.949279	0.3085	0.053605	-0.706787	0.877908	0.756749	0.676674	-0.893803	0.894266	-0.837801	-0.587958	0.572812	0.828849	-0.110881	-0.300371	0.756096	0.515759	0.639147	0.581493	0.902526	-0.969859	-0.614491	0.298715	-0.71805	0.746148	
0.089048	-0.307473	-0.183225	0.50079	0.990254	0.471648	-0.869592	-0.410364	-0.330283	-0.234539	0.820677	-0.347689	0.668536	-0.233136	0.658563	-0.276037	0.881806	-0.254458	-0.180815	-0.065856	-0.191055	0.668652	0.176903	0.257234	0.169388	-0.13846	0.364355	-0.293912	0.046227	0.899808	-0.545819	0.515178	-0.633124	0.334126	-0.968104	-0.823484	0.217933	0.745526	-0.361809	0.128405	-0.219316	-0.621019	-0.34813	-0.117067	-0.768078	-0.006091	0.093751	0.964006	0.022633	0.247574	
-0.970072	-0.787394	0.286962	-0.310022	-0.374573	0.248897	0.238336	0.671638	0.651776	-0.496322	-0.989117	-0.890773	-0.977176	-0.168772	0.172328	0.308049	0.750186	0.721665	0.408891	-0.53524	0.275837	0.049355	0.132294	-0.672744	0.241252	-0.945605	0.815288	0.655372	-0.771299	0.793259	-0.347365	0.792615	-0.675805	0.375966	-0.958744	0.576483	0.37226	-0.214446	0.499818	-0.769601	0.348188	0.469026	0.781059	-0.019441	-0.111216	0.190626	0.195202	-0.910871	-0.992924	0.737718	
-0.019566	-0.759026	0.530764	0.045124	0.733017	-0.759937	0.258472	-0.858342	-0.4155	0.504075	0.997769	0.944558	0.468715	-0.021288	0.037841	-0.261576	0.507619	-0.673765	0.542267	0.850635	-0.000502	-0.700317	0.913538	-0.387693	0.681848	0.400913	-0.857221	-0.647815	0.889824	-0.625483	0.55068	0.714463	-0.237428	0.534219	0.150194	0.730703	-0.599887	0.58711	-0.25219	-0.571413	-0.49988	0.716497	0.937302	0.862232	0.52205	-0.898573	0.961726	0.426522	0.123322	-0.064684	
-0.41944	0.042026	-0.731699	-0.795282	0.413396	0.255951	-0.651619	-0.210106	0.381114	0.518829	-0.290104	0.105257	0.250571	0.142457	-0.974233	-0.776702	0.023827	-0.630883	0.42432	0.821593	0.291452	-0.85109	0.011695	0.64179	-0.227898	-0.83703	0.979399	-0.125225	0.624393	-0.995499	0.378748	0.009704	-0.673488	-0.93034	-0.236672	0.186526	-0.891321	-0.160628	0.890779	-0.23827	-0.930479	-0.369444	0.557051	-0.782753	0.372146	-0.096497	0.378022	-0.788025	-0.879959	-0.966787	
0.970009	0.48451	0.35945	0.602727	-0.098479	-0.544268	0.985154	-0.201692	-0.522522	0.256741	0.298369	-0.7934	-0.477686	0.158393	-0.968157	-0.897507	0.029247	-0.720374	0.458574	-0.940606	0.275587	-0.163195	0.976018	0.248226	0.480905	0.451241	-0.84419	-0.259172	-0.820632	-0.803405	0.022029	-0.237987	-0.405631	0.969271	-0.684609	-0.22108	-0.826337	0.391843	-0.336804	-0.834136	-0.543607	0.755468	0.691133	0.907694	-0.268079	-0.259962	-0.959014	0.873519	0.144032	0.701726	
-0.109985	0.471779	-0.939686	0.301592	-0.36055	-0.214109	-0.218781	0.390727	0.150014	-0.580047	0.622327	0.087389	-0.725863	0.24196	-0.126495	-0.43325	-0.716553	0.799948	-0.097636	0.057903	-0.409288	-0.481345	-0.735307	-0.486244	-0.036721	0.334342	0.179258	-0.767424	-0.756507	-0.379907	-0.016794	-0.509168	0.254505	-0.908963	-0.084297	0.1792	-0.206362	-0.287605	-0.363761	-0.692336	-0.217251	0.891844	0.032817	-0.3184	-0.988261	-0.093677	-0.555192	0.489944	-0.551126	-0.304292	
0.499712	-0.987201	0.855253	-0.943229	-0.299912	0.617777	-0.99556	-0.085257	0.048869	0.440631	0.964177	-0.612414	0.128132	0.956415	0.768091	0.573461	0.434214	0.170602	-0.674896	-0.253358	0.729529	0.942436	0.59198	0.20524	-0.071481	0.094864	-0.226893	-0.63289	0.89259	0.958555	0.500997	-0.695118	0.172304	0.887935	-0.755037	0.306151	0.050466	-0.470629	0.417	-0.207699	0.404307	0.807765	0.555153	-0.561567	0.434363	-0.872419	-0.583952	0.817566	0.021226	-0.243478	
0.012187	0.593259	0.857926	-0.565793	-0.674535	0.962216	-0.894753	0.742734	0.781777	-0.024664	-0.267309	0.875179	-0.467453	0.693546	0.571584	0.420196	-0.541806	-0.613022	0.523126	0.828924	-0.362182	0.316689	0.047501	-0.186214	-0.570008	-0.976906	0.930569	-0.815345	0.996079	0.465372	0.003765	-0.112962	-0.461879	-0.387672	-0.396194	0.798544	-0.393801	-0.664259	-0.41763	0.047197	0.324353	0.233452	0.490107	0.682979	-0.063803	0.672988	0.343039	-0.02377	0.706254	0.435076	
0.714625	-0.167577	0.98796	-0.689752	0.665784	0.278441	-0.096155	-0.981714	-0.43276	0.776413	-0.211175	0.981317	-0.909038	-0.574978	0.921475	-0.995207	-0.004772	0.221919	0.682109	0.342922	-0.235134	-0.385508	-0.358471	0.594525	0.108953	-0.486182	0.97508	0.491289	0.318376	0.524368	0.650596	0.995077	-0.419019	-0.930519	0.182128	-0.801466	0.756609	0.400307	0.183863	-0.594609	-0.619404	0.374301	0.648643	0.982002	-0.786079	0.026019	-0.190152	0.390011	0.317724	0.167494	
-0.049087	0.495466	-0.883426	0.405051	0.575165	-0.436564	-0.738457	0.757067	0.062032	0.961683	0.375017	0.961443	0.610181	0.535164	0.578355	-0.174915	0.385717	0.634228	0.593211	0.679081	0.069303	0.953059	-0.424076	0.049026	-0.327969	-0.706669	-0.805314	0.414881	-0.679913	-0.171509	0.259418	-0.364703	0.447192	0.112415	0.50923	0.786656	-0.421188	-0.066984	0.020286	0.785368	0.833812	0.432634	0.130004	-0.310048	-0.502144	0.760439	0.174561	-0.231231	0.269845	-0.279206	
0.08151	-0.142772	0.57545	0.755349	-0.307361	0.402801	0.663837	0.826367	0.821561	-0.910657	0.233217	-0.847366	0.274999	-0.948661	-0.929553	-0.93109	0.798214	-0.383687	-0.113095	-0.116385	0.737356	-0.137134	-0.012095	-0.820098	0.560498	-0.083754	0.601082	-0.303052	-0.403812	-0.489631	-0.397664	0.672552	-0.338325	0.539248	0.535235	0.323552	0.759511	-0.846338	-0.188074	-0.029727	-0.924977	-0.491677	0.145639	-0.200704	-0.850981	-0.527665	0.82283	-0.03493	0.888809	-0.867553	
-0.578485	-0.968737	0.266498	-0.578303	0.649214	0.964669	-0.382033	0.547403	0.626882	-0.879687	0.745901	-0.682411	-0.639345	-0.662422	0.992624	-0.720321	0.303696	-0.834145	0.421286	0.920194	0.361268	-0.212425	-0.6473	-0.914607	-0.760373	-0.718482	0.644605	-0.233201	-0.258716	-0.624215	-0.013713	-0.606765	-0.537353	-0.357256	-0.119096	-0.820862	-0.319799	-0.97939	0.032644	-0.982662	0.108601	-0.176486	-0.622209	0.40786	0.126381	0.045377	0.73788	0.560795	0.49983	-0.653487	
-0.537922	-0.392233	0.913384	-0.931957	-0.423993	0.824216	-0.014345	-0.166961	-0.109762	-0.345672	0.726534	-0.497057	-0.734418	-0.769234	-0.133253	-0.447725	-0.73814	-0.945803	-0.405211	0.25381	0.511463	-0.142581	0.289118	-0.252886	0.081607	-0.467432	-0.262282	0.056174	-0.279679	-0.581711	0.874247	-0.002637	-0.466165	-0.477154	0.981482	0.332813	0.717062	0.854834	0.79608	0.69883	-0.204592	0.320096	0.033383	0.953758	-0.080401	-0.835471	0.667996	0.386039	-0.628223	0.505123	
-0.066909	-0.089769	-0.489647	0.207659	-0.322444	0.726224	0.106081	0.659392	0.087636	-0.999707	0.181516	0.506049	-0.776871	-0.040475	0.037449	0.743159	0.860774	-0.283103	0.095599	-0.161536	-0.483704	0.625596	0.281808	-0.796159	-0.508156	0.780453	0.947644	-0.129243	0.687463	0.940574	0.998526	-0.038562	0.575018	0.0873	-0.297174	0.22799	0.10754	-0.232007	-0.085144	0.173382	-0.708841	-0.584578	0.72021	0.154727	0.539183	0.968812	0.514648	-0.668278	0.546206	-0.286874	
0.379056	-0.921131	-0.115318	0.850949	0.635936	-0.772252	-0.031359	0.751472	0.385622	0.135713	0.801857	0.208351	-0.037621	0.006644	-0.719944	0.712664	-0.182503	0.814689	-0.129074	0.020614	0.072915	-0.009117	0.358848	0.665407	-0.256965	-0.700722	0.398304	-0.325278	0.680087	0.777577	-0.629963	0.024258	0.007135	0.1546	0.550986	-0.644685	-0.711903	-0.280724	0.869091	0.215898	-0.146766	0.141421	0.786837	0.973057	-0.646742	0.991518	-0.208396	0.951281	-0.044816	-0.002989	
-0.668752	-0.606949	0.088896	0.198081	-0.958902	-0.867954	0.879552	-0.273538	-0.459208	0.183998	0.074154	-0.336467	0.791469	-0.286867	0.683617	-0.298467	0.214344	-0.115939	0.749357	-0.079452	0.027333	0.872534	-0.167955	-0.058785	-0.753459	-0.303479	-0.760437	-0.956978	0.492645	-0.683731	-0.123638	-0.724279	0.087425	0.968384	0.632349	-0.3753	0.886353	0.927146	0.315688	-0.859799	0.392255	-0.927994	0.885254	0.313994	-0.47372	-0.94508	-0.946066	-0.562525	-0.379974	0.924861	
-0.987006	-0.442669	-0.131233	-0.610483	0.004202	0.363877	0.454193	-0.687344	0.69064	0.642691	-0.221702	0.44552	-0.726849	-0.667599	0.879012	-0.378277	0.817656	-0.697819	-0.133072	-0.366184	-0.263614	0.653396	-0.356139	-0.738537	-0.679274	0.408978	-0.162245	-0.705022	-0.756162	-0.91967	0.252485	-0.231737	0.63154	-0.345565	-0.574434	0.28986	-0.494925	0.06791	0.222313	0.708371	-0.667032	-0.221062	-0.197579	0.193375	0.432262	-0.775457	-0.667706	0.393739	0.282945	0.68283	
0.940531	-0.616102	0.918032	0.070748	-0.462886	0.123819	-0.927731	-0.377967	0.53952	-0.887488	-0.863673	-0.718155	0.66901	-0.785611	-0.896629	0.127156	-0.795825	0.693183	-0.146968	-0.603415	0.602027	-0.617314	-0.423935	0.023204	-0.514279	-0.199094	-0.762658	0.68363	0.797549	0.130332	-0.758417	0.288071	-0.580146	0.47133	-0.498805	-0.309214	-0.837518	-0.466686	0.564152	-0.138868	-0.444784	0.538841	0.201067	0.392338	-0.252753	-0.68979	0.91234	0.382849	-0.727536	-0.091902	
-0.700685	-0.323818	0.618863	0.285289	0.249503	-0.794127	-0.491638	0.769815	0.13113	0.501903	0.108506	0.204591	-0.534428	-0.460918	-0.655804	-0.107799	0.170695	0.611059	-0.232534	-0.293994	0.589267	-0.05852	0.272414	0.156571	-0.896809	0.968847	-0.141361	-0.433098	0.144744	-0.957335	0.41822	-0.718722	0.316271	0.04162	0.36598	0.413763	-0.380057	0.165931	-0.357475	-0.629009	-0.949514	-0.623861	-0.09922	0.624507	0.237017	0.375225	0.254094	0.38162	0.660298	0.813407	
-0.698586	0.360526	-0.316542	0.825524	-0.753911	-0.464786	-0.411684	0.818347	0.339593	0.448217	0.621009	0.213951	-0.339022	0.982512	0.919663	-0.243052	-0.865158	0.470898	0.737531	0.743686	-0.39003	0.592629	0.417036	0.887344	-0.398991	-0.946242	0.502693	0.317208	-0.195425	0.377853	-0.526375	-0.311075	0.996456	-0.083078	-0.768279	0.230732	-0.265809	-0.168332	0.032834	-0.725084	0.912196	0.799163	0.023549	0.003446	0.291552	-0.788025	0.940078	0.767886	-0.380702	0.968712	
0.05014	0.572882	-0.372961	0.593175	-0.256412	0.786779	-0.521831	-0.873938	-0.339907	-0.500376	0.510495	0.283913	0.254347	0.965494	-0.694886	-0.222309	-0.84125	0.915273	-0.019655	0.334829	0.48838	-0.924689	-0.281847	-0.566086	-0.219464	0.719955	-0.472008	-0.31539	-0.846436	-0.436462	-0.109584	0.55207	-0.665662	0.921341	0.396936	0.215928	-0.271453	-0.42878	0.445781	0.769806	0.450288	0.94493	0.085306	-0.857382	0.038513	-0.264901	-0.592448	0.594736	-0.367839	-0.798696	
0.945943	-0.237045	-0.474973	-0.656681	0.437153	0.807756	0.692592	0.637493	0.495161	0.928809	0.964886	-0.108807	0.025866	-0.279014	0.591929	0.930831	-0.46157	-0.924956	0.928677	-0.417384	-0.092603	0.860851	-0.786564	0.291475	-0.288586	0.137313	0.909973	0.278062	-0.892953	-0.467789	0.14658	-0.044257	0.911088	-0.690294	0.876885	-0.733074	-0.271977	-0.227721	-0.140733	0.972813	-0.864989	0.55692	0.09229	-0.168929	0.544763	-0.279615	-0.01984	-0.291883	0.737841	0.699995	
-0.315933	0.625024	-0.650212	-0.542371	0.119024	-0.814948	0.990733	-0.794537	-0.891697	0.937183	-0.310204	0.791082	-0.236059	-0.764553	-0.999374	0.362916	-0.834707	0.724551	-0.016669	-0.26994	0.188462	-0.510816	-0.222076	0.613096	0.438557	-0.104138	0.219656	0.522594	0.438664	0.015962	-0.276058	0.722231	-0.745075	-0.293464	-0.424918	0.889514	0.152336	0.601573	0.592434	-0.237351	0.366953	0.146675	-0.650867	0.32372	0.397429	0.011148	0.844323	-0.254718	0.519689	-0.56378	
0.252004	-0.787411	0.707299	0.569797	0.599508	0.128061	-0.419515	0.952899	-0.1522	-0.722059	0.435101	0.004719	0.518031	0.024428	0.554356	0.755643	-0.014298	-0.828314	0.215079	-0.267165	0.734864	0.33045	0.246984	-0.635655	0.021483	0.874462	-0.712219	-0.569772	-0.098546	-0.431191	-0.775302	-0.200031	0.291422	0.530096	0.946598	0.939656	0.605868	-0.006782	-0.611927	-0.936547	0.221826	0.889914	-0.558142	0.540901	0.573195	-0.863211	-0.197006	0.415261	0.569449	0.280721	
-0.34927	0.695425	0.592011	-0.151467	-0.985435	0.219261	0.341989	-0.738544	-0.117394	0.951437	-0.970117	0.334023	-0.21032	-0.976262	-0.608429	-0.732053	-0.147755	0.468539	-0.368693	0.747758	0.482742	0.472291	-0.561635	-0.7713	0.224245	0.800055	0.285455	-0.273629	-0.848923	-0.154826	0.877172	0.89689	-0.692755	-0.362131	-0.843305	0.607396	-0.645741	-0.41839	-0.126731	-0.234736	-0.272741	0.213396	-0.469052	-0.331169	0.028011	-0.739407	0.554885	0.262265	-0.64047	0.708233	
0.54308	-0.695928	-0.862131	-0.465561	-0.579401	0.634213	0.497392	-0.066277	0.500626	0.489299	0.091285	0.354604	-0.224656	-0.618905	-0.761533	-0.16973	0.71878	-0.860321	0.300056	0.783765	0.599681	0.331392	0.842388	-0.429686	-0.57902	0.786227	0.825313	0.961792	-0.653725	-0.790587	0.610274	-0.337202	-0.16226	-0.985402	0.165529	-0.015219	0.468211	-0.582174	0.058556	-0.866454	0.534123	-0.266402	0.011377	-0.513139	0.277743	0.325964	-0.063053	-0.919834	-0.478985	-0.107816	
-0.516119	0.84419	0.030299	-0.402374	-0.283615	-0.268967	0.65038	-0.04717	-0.877152	0.357886	0.570515	-0.201931	0.829753	0.690356	-0.190326	-0.211461	-0.062656	-0.335779	-0.163693	0.063211	-0.214427	-0.201416	-0.162126	-0.783725	-0.107832	0.978556	0.136514	-0.684966	-0.340757	0.534553	0.70249	0.49517	0.709944	0.465107	-0.732758	0.326323	-0.233747	0.927795	0.248536	0.626641	0.010063	0.347472	-0.364838	0.715468	0.835328	0.613358	-0.870068	0.019958	0.299327	0.755906	
-0.030698	0.309109	-0.954149	-0.590955	-0.001302	0.286014	-0.851394	-0.675771	-0.312254	-0.895485	0.265572	-0.710333	-0.57343	-0.865926	0.312608	-0.283844	-0.20174	0.608739	-0.012329	0.617274	0.379915	-0.16258	-0.000908	0.170428	0.511903	-0.20682	0.934357	0.648471	0.496986	0.333896	0.776235	0.640047	0.593721	-0.334116	0.694028	0.443039	-0.793657	0.694548	-0.319416	-0.691999	0.322467	0.389433	0.575031	0.410856	0.304839	-0.738857	-0.182642	-0.07901	0.189934	0.767979	
-0.425293	-0.909365	0.612868	-0.541065	0.221594	0.787523	0.176003	0.090895	-0.453638	0.092181	-0.363178	-0.237866	-0.758452	-0.776735	0.041853	-0.107524	0.337186	0.437288	-0.454006	0.598072	-0.126423	-0.313198	-0.04844	-0.662231	0.794293	-0.593608	-0.252459	0.505975	0.764956	0.681694	-0.833353	-0.549798	0.974503	0.225518	0.559982	-0.088645	-0.961606	0.15954	-0.343145	-0.55387	0.16372	-0.644782	-0.092691	-0.119066	0.567125	-0.554902	0.32163	0.541148	0.783931	0.496187	
-0.45083	0.924121	0.708816	0.459018	0.450402	0.912941	0.125861	0.083453	0.044497	0.727721	0.973404	-0.635973	-0.706025	-0.61336	-0.707248	0.723253	-0.247206	-0.228538	-0.231213	-0.118914	0.417142	0.102347	0.110651	0.130568	-0.755181	0.974555	0.758727	-0.446235	-0.135086	-0.007975	-0.456655	-0.48856	0.729244	0.798732	-0.27112	-0.469234	0.715233	0.95819	-0.977739	-0.632702	0.941125	0.469609	-0.982144	-0.742522	0.647122	0.001984	-0.60069	0.509823	-0.81913	0.526395	
-0.765197	-0.107844	-0.782491	0.289988	-0.1255	0.160052	0.407693	-0.075751	-0.661899	-0.299138	-0.194597	0.326313	-0.339388	0.786692	0.656986	-0.399145	-0.054923	-0.648385	0.886782	-0.806004	0.370386	0.53084	-0.790569	0.963193	-0.560167	-0.493576	-0.434018	0.697536	0.691879	0.427873	0.195699	-0.330038	0.883052	-0.271341	0.163213	-0.981565	0.288742	0.351436	-0.5628	0.42788	0.038567	-0.319613	-0.409225	0.172554	-0.190853	-0.23027	-0.508175	-0.521776	0.76694	-0.058324	
-0.198701	0.720193	-0.463289	-0.49901	-0.649285	-0.352824	0.778696	-0.528713	0.857969	-0.451118	-0.724925	-0.321606	-0.078637	0.007611	-0.218915	-0.788937	-0.130446	0.302089	0.707243	-0.851024	-0.496224	-0.387389	0.373723	-0.897027	-0.619546	0.654943	0.848707	0.824166	0.717778	0.178342	-0.931039	-0.761529	0.099238	-0.413329	-0.896251	-0.108627	0.466453	-0.118799	0.124782	-0.776858	-0.823293	0.52505	0.325489	0.260895	0.913786	0.863161	-0.46355	-0.596336	-0.197039	-0.475887	
-0.442193	-0.340837	0.826322	0.918118	-0.274845	0.523393	0.703315	-0.197319	0.882995	-0.796934	-0.754946	0.910511	-0.679373	0.191067	-0.616013	0.880691	0.718325	-0.577039	-0.283189	-0.088932	-0.75037	-0.757178	-0.000595	-0.515121	-0.434758	0.369207	0.046988	0.267226	0.409951	-0.193476	-0.140776	0.621669	0.150069	0.466315	-0.809698	-0.154038	0.230393	0.444771	0.19046	0.806255	0.472729	-0.483247	0.994705	0.050909	0.315816	-0.093601	0.048095	0.889475	-0.971396	-0.468188	
0.125128	-0.849429	-0.835932	0.281429	-0.414516	-0.762472	0.891502	0.973243	-0.717039	0.900806	-0.678816	-0.881798	0.405254	0.190444	-0.137506	0.294845	0.334739	0.649929	0.341479	-0.414684	0.110307	0.142666	0.666101	-0.982966	-0.872163	-0.106889	-0.454785	0.163664	-0.555219	0.597652	-0.484718	-0.580041	0.709947	-0.928945	-0.159329	-0.017333	0.023076	0.683664	0.788623	-0.225213	0.387605	0.31886	-0.238107	0.700165	0.849508	0.767924	0.918582	0.78857	-0.241041	0.490154	
-0.331628	-0.247001	-0.163116	-0.400944	-0.972065	-0.749217	-0.204475	-0.704342	-0.57399	-0.654442	-0.400401	0.932672	0.609936	0.51709	-0.065581	-0.909907	-0.328755	0.618954	0.657688	0.385263	0.028038	0.075311	-0.530566	0.191819	0.602421	0.787787	-0.486759	0.793896	0.344924	-0.839315	0.902867	0.514581	0.873573	-0.287523	-0.703406	-0.542402	0.79985	-0.750576	0.162461	0.904671	-0.570763	0.581596	0.542795	-0.923892	0.832	-0.703592	0.280406	0.901435	0.073011	0.802719	
0.811271	-0.936884	0.799669	-0.451949	0.690638	0.785344	-0.929853	-0.655204	0.233768	-0.382161	-0.764199	-0.903421	0.866714	-0.266979	0.028671	0.172992	-0.494581	0.722151	0.614358	0.267109	-0.427667	0.555368	-0.395269	-0.242592	-0.04732	0.617071	-0.884694	-0.15506	0.984856	-0.426738	0.391272	0.236326	0.623741	0.776332	-0.899567	0.689995	0.585523	-0.904948	0.102523	-0.519221	0.88824	-0.736728	-0.089234	0.460134	-0.676721	0.440505	0.269751	-0.256429	-0.805981	0.790647	
-0.43083	-0.280334	0.538727	-0.567727	-0.296837	-0.344314	0.932484	-0.845087	-0.572164	-0.544282	-0.572465	0.21367	-0.372187	-0.404725	0.00083	0.323631	-0.15488	-0.209281	0.092118	-0.611191	0.591989	-0.336199	-0.106603	-0.451739	-0.894648	-0.970231	0.395942	0.259256	0.313872	-0.984015	0.250668	0.018218	0.204938	0.75964	0.065357	-0.236771	-0.636776	-0.737724	-0.261643	0.908247	0.648183	-0.58747	0.859477	-0.426392	-0.967193	-0.408328	0.174426	-0.377186	0.741615	-0.276601	
0.891834	0.876104	-0.707004	-0.837295	0.724302	0.829788	-0.179656	0.927071	0.044063	0.92429	0.275449	-0.865629	0.924129	-0.043434	0.589051	0.956344	0.739351	0.917499	-0.235787	-0.751265	-0.700234	0.243757	0.909561	0.261745	0.551772	0.527482	-0.843043	0.733581	0.080757	0.660842	-0.180393	-0.097586	0.551855	-0.527846	-0.523364	-0.262937	-0.744391	-0.480421	0.924171	-0.759622	-0.160905	0.685978	0.807098	0.92684	-0.194269	0.305423	-0.723096	0.665008	0.042577	-0.835012	
-0.79949	-0.413526	0.803574	-0.045088	-0.012309	0.915494	0.580691	-0.640603	0.715083	-0.345942	-0.6529	-0.016864	-0.535811	0.261299	0.152533	0.27342	-0.54465	0.391085	-0.065464	0.564933	-0.289411	-0.218346	0.164637	0.449843	0.58707	-0.51105	-0.632164	-0.119693	0.425926	0.550225	-0.929104	-0.451387	0.031734	-0.323653	0.964473	-0.185315	-0.499011	0.120249	-0.906987	-0.070572	0.780831	-0.388167	0.933466	0.321588	0.318359	-0.252825	0.420811	-0.680998	0.013917	-0.865777	
-0.451717	0.912527	0.937621	-0.526339	-0.545328	-0.687767	0.540378	0.483326	0.384969	-0.860398	-0.541618	-0.794684	-0.729267	0.839679	-0.45672	-0.621939	-0.60534	0.74197	0.515649	-0.590841	0.510055	-0.369627	0.447899	-0.257669	0.544626	0.962629	0.080668	0.670073	-0.510729	0.339276	0.716062	0.455438	0.705934	0.72669	0.952839	0.92491	0.167385	-0.979278	-0.369901	-0.32749	-0.345599	0.174436	-0.632156	-0.465637	-0.553919	0.396814	0.323362	-0.590127	0.380314	-0.155479	
0.759364	0.947534	0.535719	-0.354256	-0.926572	0.522029	-0.133657	-0.559473	-0.936276	-0.108128	-0.64015	-0.947915	0.695648	-0.763363	0.051953	0.583529	0.144781	-0.729994	0.352051	-0.646556	0.065359	-0.533171	-0.302993	-0.825724	-0.715821	0.754164	0.325863	0.001976	0.219822	-0.572375	-0.819667	0.538623	0.236842	0.738608	-0.726551	0.469259	0.315315	0.930309	-0.87242	-0.827665	0.795504	-0.611555	-0.089931	-0.140779	0.547797	0.314262	-0.040001	0.700861	-0.92993	0.603858	
-0.824116	-0.924607	-0.63977	-0.941089	-0.403299	0.265871	0.967723	-0.908163	0.144545	-0.331923	-0.779816	-0.88386	0.481174	-0.920219	-0.718721	-0.883794	0.646124	-0.062806	-0.728793	0.305764	0.572328	-0.452837	-0.45653	0.755783	-0.626597	0.944754	0.723876	0.922697	-0.436224	0.328752	0.189579	0.544249	-0.019739	-0.698983	-0.13367	-0.191527	0.058478	-0.216057	0.935236	-0.984661	-0.840162	-0.452926	0.125135	0.258885	0.199577	0.828168	0.280319	-0.593097	0.404159	-0.550436	
0.057097	0.773004	0.516568	-0.545822	-0.779809	-0.280617	0.304779	0.480788	-0.357963	0.52756	-0.495729	0.199693	-0.939647	0.805094	-0.051618	0.807113	0.776684	0.965834	0.310617	-0.350877	-0.032602	0.899467	-0.327559	-0.439522	-0.368138	0.482724	-0.55992	-0.416477	-0.871691	-0.856057	0.149124	0.372815	-0.707561	-0.435069	0.418343	-0.890273	-0.541352	0.384732	-0.585715	0.925939	0.190134	-0.923467	0.847756	-0.609921	-0.920277	0.324364	0.893718	-0.34201	-0.056955	-0.756607	
0.554049	-0.247071	0.401199	0.833935	-0.973283	-0.323695	-0.106	-0.01567	-0.15674	0.818623	-0.727228	0.880701	-0.011019	-0.912237	-0.241239	-0.85492	0.216834	0.208514	0.736559	-0.637821	-0.922272	0.427875	0.040511	0.943095	0.674056	0.944975	0.34543	0.862436	-0.221668	0.102339	0.412538	0.825676	-0.022052	-0.682303	-0.597556	0.650969	0.824527	-0.15243	0.044613	-0.726636	-0.224789	0.482413	-0.962703	0.699866	-0.985018	0.898149	0.613655	0.071595	-0.119413	-0.977676	
-0.430138	-0.913674	0.699153	0.403647	-0.056931	-0.180601	0.311177	-0.859407	-0.237934	0.211377	-0.088683	-0.862098	0.348224	0.290495	0.863955	0.489548	0.33686	-0.889434	-0.428054	-0.928006	-0.284069	0.185259	0.534585	0.040006	0.254594	-0.045505	-0.884319	0.454208	-0.233487	-0.934324	0.659769	-0.904679	0.948627	0.743259	-0.25035	-0.698012	0.647777	0.884962	-0.418467	-0.277037	-0.594694	-0.62461	0.414869	-0.600161	0.163155	-0.517457	-0.210333	-0.848536	-0.803067	0.421938	
-0.784975	-0.309922	0.477025	-0.78118	0.806971	-0.989563	-0.49968	-0.371182	-0.795244	0.320282	-0.117108	-0.447193	0.309148	-0.516586	0.671676	-0.45403	-0.167326	0.863051	-0.659664	-0.134472	0.284906	0.371151	-0.479469	-0.25194	-0.777348	-0.17191	-0.194934	0.374534	0.455249	-0.516429	0.249192	-0.42126	-0.445637	0.348074	-0.807247	0.785698	-0.498868	-0.093593	0.528939	-0.780088	0.637078	-0.284948	-0.239968	-0.509524	-0.334363	-0.530188	-0.205637	0.3216	0.095993	0.477559	
0.868307	0.404705	-0.847957	0.37661	-0.984916	0.921571	-0.564965	-0.242962	-0.608427	0.753945	-0.243065	-0.003063	0.86224	0.09943	-0.636094	0.695294	-0.615516	-0.481067	0.728719	0.811477	0.011368	-0.229128	0.741789	-0.508917	0.316003	-0.204758	-0.846147	-0.579955	0.469343	0.122736	0.857074	-0.460814	0.809091	-0.388997	-0.202873	-0.972623	-0.357132	-0.004464	-0.276256	0.604585	-0.483077	0.050673	0.14147	0.584881	-0.959078	-0.218926	0.45652	-0.251217	-0.531834	-0.853762	
0.191059	-0.472821	-0.137486	0.144332	0.975241	0.70627	-0.043239	0.285171	0.698436	0.402912	-0.197581	0.093699	-0.89981	-0.505463	-0.850826	0.722554	0.027735	0.040677	-0.535395	-0.164347	0.497365	-0.618758	0.083939	0.703605	-0.19943	0.652143	-0.976821	0.745106	-0.83778	0.949527	0.0513	-0.040087	0.39429	-0.161273	0.632259	-0.601465	0.338121	-0.798179	0.464263	-0.552991	-0.517981	-0.513435	-0.522475	0.634596	-0.044367	0.730773	0.389311	-0.298517	0.551186	-0.940063	
0.161973	0.700555	0.35894	0.84887	-0.497512	0.805084	-0.19179	0.070164	-0.540958	-0.011324	-0.03487	-0.901699	-0.341489	0.736197	-0.742398	0.256882	0.55993	-0.417356	-0.582495	-0.763216	0.707631	0.320838	-0.872703	-0.234554	-0.210978	-0.64922	0.266603	0.193331	-0.563855	-0.645279	0.098281	0.569778	-0.422325	0.462758	-0.393415	-0.446178	-0.635615	-0.879278	0.775272	0.753468	-0.512646	-0.888097	0.262042	-0.156475	0.691441	-0.30661	-0.51408	0.799766	0.031906	-0.422626	
-0.175291	-0.605138	-0.734693	-0.343289	-0.788675	-0.5746	-0.179926	-0.450292	0.402883	-0.944032	0.826099	-0.233228	0.706253	-0.513792	-0.399217	-0.834649	-0.147448	-0.606369	-0.788333	-0.295772	-0.350358	0.552958	0.344155	0.128922	0.332149	-0.975999	0.930867	-0.024175	-0.876473	-0.677886	0.002036	-0.211827	-0.936691	0.647186	0.559277	-0.795828	-0.942468	0.065319	0.126847	-0.482489	-0.233348	0.077851	0.616854	-0.367373	0.500393	-0.419561	0.696911	-0.883602	-0.543825	0.542395	
0.924786	0.956007	-0.000227	-0.780789	0.789747	0.315554	-0.80608	-0.857272	-0.766832	-0.083645	0.032039	0.353406	-0.583109	0.310546	0.077974	-0.460838	0.266657	0.625736	0.213574	0.942733	0.718139	0.796401	-0.91484	-0.069024	-0.4721	0.040402	0.395516	0.827729	-0.951524	0.71811	-0.439413	0.354258	-0.305229	-0.208296	0.378451	-0.433832	0.178261	-0.143028	-0.542876	-0.236802	-0.56877	-0.421598	0.643871	0.821466	0.404796	-0.804491	0.908676	0.629832	-0.635503	0.807601	
0.299363	-0.840194	0.554741	0.480471	0.854419	0.362041	0.495687	0.900236	-0.118525	0.406055	0.555007	0.494002	-0.178607	-0.318369	-0.249028	0.811827	-0.990018	0.714293	0.517241	-0.527473	-0.154998	0.172685	-0.757464	0.598942	-0.754873	0.95691	0.631146	-0.066646	0.6788	-0.428617	0.889687	0.34402	-0.020211	0.884478	0.6113	-0.594462	0.677107	0.29249	-0.422677	0.657806	0.859441	0.231466	0.764325	0.496744	0.66584	0.982558	0.549003	-0.259735	-0.104919	0.256221	
-0.598002	-0.67989	-0.387136	0.870235	0.006525	-0.751023	0.269167	-0.737985	-0.062801	0.410978	0.480096	-0.589714	-0.724477	-0.393334	0.34063	0.008029	-0.670278	0.24049	0.780635	0.103853	0.473223	0.538805	0.977414	-0.394814	0.87368	-0.674311	0.377939	0.592128	0.775944	-0.828485	-0.348627	-0.736738	0.064807	-0.296194	0.149606	-0.927452	0.864481	-0.466113	0.347287	0.162267	-0.227837	-0.061912	0.411978	-0.649787	0.89112	0.470803	-0.277267	-0.604853	-0.065802	-0.778017	
-0.172505	0.031121	-0.054794	0.528634	0.327705	-0.936411	0.574693	0.487637	-0.258089	0.42541	0.72579	0.51626	-0.908656	-0.834565	0.004695	-0.492061	0.336673	-0.771375	0.951633	-0.043872	0.943147	-0.752487	-0.761293	0.896522	-0.59281	-0.402636	-0.990382	-0.673988	-0.154157	-0.744916	-0.503119	-0.39545	-0.670811	0.255316	0.499109	0.671026	-0.789178	-0.489592	0.032229	0.615347	0.221904	0.254979	0.575244	0.529817	-0.733032	-0.00306	0.038574	-0.777295	0.175688	-0.749152	
0.950302	0.303497	-0.337646	0.981071	0.551494	0.49374	0.315659	0.831072	0.911689	0.688426	-0.015911	0.304751	0.076631	0.339231	-0.435579	0.751544	0.771634	0.671019	-0.124132	0.490566	-0.036294	0.435126	-0.682968	0.060597	-0.57	0.895408	0.351819	-0.622223	0.977419	0.032209	0.396802	0.305439	-0.4865	-0.537433	-0.916167	-0.401745	-0.375512	0.712438	-0.40598	-0.470256	-0.100262	0.807171	0.397865	0.936368	0.663101	-0.754984	-0.990404	0.896363	0.440378	0.225383	
0.992024	-0.498323	0.803149	-0.159362	0.60363	-0.507308	-0.325538	0.987729	-0.615772	-0.452909	0.757823	-0.192989	0.235354	-0.784699	-0.565383	-0.441978	-0.80611	-0.997075	-0.23015	0.614673	-0.190522	0.528647	-0.922646	-0.836637	0.288311	0.590664	0.972494	0.244266	0.17073	-0.535824	-0.835827	0.217838	0.461011	0.419828	-0.079646	0.934766	0.543502	-0.872556	0.094704	0.378627	0.267395	0.625706	0.045815	0.405673	0.189143	0.041847	0.584081	0.371489	-0.758056	0.203738	
0.121831	-0.128386	0.552965	0.107434	0.522534	-0.09776	-0.6274	-0.892435	0.467131	0.886913	-0.406406	-0.691	0.708496	0.448652	0.379377	0.720874	0.878592	-0.097681	0.164103	-0.8121	0.477291	0.036255	-0.847833	0.16239	-0.584184	-0.896151	0.488631	0.158339	0.600737	-0.679285	-0.512608	-0.398738	0.450081	-0.180765	-0.467549	-0.195013	0.781442	-0.772089	-0.585278	-0.920837	-0.744302	0.880208	-0.476396	-0.386135	0.371507	0.076852	-0.735535	-0.3264	0.722389	0.582848	
-0.035838	0.528897	-0.954637	-0.328799	0.460259	0.987217	0.023034	0.3793	-0.533676	-0.514466	0.290869	-0.717315	0.232534	-0.289208	-0.080672	0.424658	0.892361	-0.754662	0.78278	-0.745645	-0.233021	-0.628608	-0.044403	0.775187	0.531876	0.719669	0.181278	-0.473263	-0.211028	0.473608	-0.61284	0.528333	-0.777824	-0.6604	0.30638	-0.470033	0.864241	-0.717893	0.898272	-0.626679	-0.628556	0.37376	-0.23747	-0.295843	0.876077	0.396367	0.990451	-0.044424	0.46278	0.615922	
-0.727633	-0.651635	0.308501	-0.349982	0.501002	-0.034171	-0.136292	-0.98013	0.415457	-0.66666	0.241521	0.589104	-0.803099	-0.751227	0.035007	0.452314	-0.181758	-0.836995	-0.78696	-0.981015	0.05993	0.663385	-0.243473	0.849902	0.894925	0.318824	-0.874527	-0.326285	0.616142	0.237616	-0.236337	-0.307117	0.111612	-0.837558	-0.256237	0.185893	-0.158204	-0.489607	0.984964	-0.892774	0.163985	0.232114	-0.601374	0.061763	-0.189646	0.461944	-0.134071	0.33151	-0.2932	0.715672	
-0.920759	0.632397	-0.142267	-0.595429	-0.253585	0.126682	0.501929	-0.578377	-0.265164	0.729661	0.348837	0.189034	0.233283	0.611516	0.099127	-0.254746	0.638741	0.648453	-0.120813	0.746381	0.192671	0.740373	-0.795364	-0.017377	0.067624	-0.644316	-0.679689	-0.721879	0.707477	0.177255	-0.375899	0.576441	0.5918	-0.76707	-0.61427	0.760161	0.748368	-0.467609	0.197242	0.356672	0.268438	-0.850911	0.966805	0.03671	0.024745	-0.733115	0.484656	0.200091	-0.292281	0.932247	
-0.459949	0.07966	-0.729842	0.678209	0.240879	0.732253	0.389105	-0.479061	0.01972	-0.591602	0.741683	0.876952	-0.360779	0.838397	0.707003	0.928609	0.57922	-0.561797	-0.669554	-0.106054	0.735307	-0.249642	0.314749	-0.983849	0.543489	-0.77141	0.763371	0.084728	-0.241563	0.418658	0.162914	0.535912	-0.348406	-0.283147	0.96293	0.694676	-0.943289	0.592141	0.627718	-0.621485	0.616543	-0.86275	-0.746459	-0.082309	0.470514	0.952717	0.355436	0.993194	0.146978	-0.099327	
0.307067	0.046997	0.484886	-0.300328	0.170957	0.198615	0.450194	-0.475795	-0.127035	-0.312439	0.820945	0.912001	0.651027	0.513274	0.708332	-0.432948	-0.287241	-0.179284	0.879067	-0.900235	0.158895	-0.264189	-0.76887	0.178013	-0.18938	-0.987407	0.064362	-0.375555	0.997752	0.733645	-0.657691	-0.826987	-0.781715	0.965574	0.734498	-0.706751	-0.879329	-0.604886	0.333661	0.47933	-0.851774	0.357272	0.396193	-0.957293	0.659725	-0.200839	-0.275799	-0.715953	0.2237	0.413818	
-0.38493	-0.808142	-0.673542	0.861534	-0.607824	0.365623	-0.180954	-0.47517	0.483266	0.935034	0.704955	0.315515	-0.600043	0.524913	-0.738637	0.272455	0.871517	-0.594214	0.816322	0.568503	-0.720761	0.513425	-0.717282	-0.663103	-0.705136	-0.716016	-0.31	0.00133	-0.925728	-0.730543	-0.922495	0.35045	-0.21758	-0.424482	0.561408	0.086008	-0.242123	0.973812	0.662617	0.566407	-0.282584	0.551714	0.797292	-0.038093	-0.819328	-0.984417	0.943679	-0.646959	-0.013852	-0.031637	
0.076852	0.672249	-0.439694	0.455744	0.967725	0.489064	-0.506143	-0.526658	-0.453065	-0.95418	-0.654015	0.293876	0.92348	-0.037916	0.777038	-0.894791	0.570727	0.306129	0.274693	-0.564754	-0.280536	0.535329	0.53369	0.099971	0.676537	0.390668	-0.849936	-0.365128	-0.628171	0.04702	-0.097005	-0.051199	-0.747054	-0.509444	0.61897	-0.085639	0.271048	-0.709551	-0.967199	-0.893758	-0.320514	0.415149	0.661511	0.454552	-0.735251	-0.729129	-0.38636	-0.749351	0.01781	-0.193259	
0.027008	0.001583	0.027599	0.018169	0.018383	0.015804	0.027997	0.005754	0.015831	0.011024	0.010066	0.029487	0.023426	0.002958	0.034265	0.011029	0.008084	0.040441	0.015959	0.008878	0.044497	0.024273	0.016505	0.000973	0.036229	0.027078	0.009246	0.021241	0.001861	0.021531	0.029487	0.037705	0.02152	0.003445	0.012444	0.029009	0.024488	0.023498	0.014623	0.031557	0.001271	0.015372	0.038069	0.04394	0.028331	0.003406	9.5e-05	0.031826	0.020488	0.032247	
0.018258	0.024493	0.003108	0.007986	0.002906	0.043564	0.017535	0.034256	0.03608	0.009584	0.028448	0.022225	0.011057	0.024912	0.029971	0.041655	0.018374	0.025092	0.020543	0.005548	0.003182	0.026964	0.021708	0.00188	0.012225	0.005945	0.024039	0.028521	0.005371	0.029672	0.001936	0.039801	0.016245	0.011907	0.035687	0.00956	0.018053	0.027411	0.002398	0.03183	0.01097	9.7e-05	0.039547	0.043159	0.017834	0.013287	0.01178	0.022846	0.035247	0.025303	
0.006713	0.01036	0.009557	0.017414	0.005534	0.028289	0.025346	0.000808	0.011378	0.015622	0.037523	0.023236	0.015386	0.025039	0.0246	0.012893	0.038679	0.000986	0.013179	0.03982	0.036511	0.009022	0.033573	0.013532	0.028118	0.040286	0.023499	0.012463	0.026729	0.000248	0.022213	0.004683	0.025192	0.036738	0.029544	0.03482	0.038543	0.032284	0.008686	0.010349	0.00459	0.027258	0.000756	0.005875	0.02068	0.015814	0.022548	0.030201	0.029717	0.013166	
0.024625	0.019081	0.030747	0.014773	0.036896	0.034035	0.022865	0.000293	0.02668	0.003578	0.008632	0.035402	0.032414	0.029725	0.026488	0.007001	0.037382	0.011253	0.006801	0.035012	0.029869	0.02877	0.005189	0.006321	0.015591	0.002916	0.035246	0.022203	0.035383	0.013253	0.03265	0.036918	0.01774	0.034275	0.008238	0.007972	0.009039	0.006261	0.014261	0.016351	0.009121	0.037385	0.005163	0.016203	0.000249	0.026263	0.015778	0.035869	0.024872	0.006968	
0.029748	0.030169	0.005014	0.037096	0.015087	0.019968	0.035835	0.029626	0.035557	0.013662	0.013316	0.011927	0.017852	0.020801	0.034083	0.032068	0.035161	0.02237	0.029207	0.020932	0.018664	0.001676	0.011477	0.019835	0.01794	0.002897	0.015126	0.005061	0.018928	0.028562	0.030418	0.031962	0.001013	0.012367	0.008583	0.033125	0.0153	0.032538	0.005203	0.027406	0.020159	0.005444	0.01704	0.005909	0.011974	0.037297	0.006556	0.038263	0.02394	0.005858	
0.010425	0.026109	0.027766	0.03227	0.007265	0.017321	0.017832	0.010365	0.019053	0.030257	0.034948	0.000204	0.035581	0.004935	0.014705	0.002681	0.023201	0.034467	0.008231	0.001336	0.013453	0.012022	0.024028	0.02982	0.022177	0.021259	0.007357	0.00705	0.033868	0.031114	0.033252	0.023645	0.022622	0.030986	0.030219	0.03432	0.013169	0.01062	0.000211	0.001208	0.016684	0.034272	0.020592	0.016039	0.029695	0.008114	0.035141	0.037146	0.020465	0.0205	
0.035758	0.004467	0.039043	0.029732	0.029084	0.015282	0.035877	0.020551	0.000776	0.039672	0.014424	0.027482	0.002578	0.03444	0.034309	0.016427	0.027532	0.011996	0.00999	0.039642	0.022609	0.009505	0.0021	0.010266	0.012799	0.030216	0.021382	0.014342	0.003062	0.018743	0.028597	0.037453	0.019589	0.003851	0.00391	0.006398	0.024993	0.02745	0.016341	0.026775	0.003249	0.011782	0.030849	0.034445	0.033955	0.01636	0.026202	0.019981	0.0078	0.005934	
0.002926	0.000264	0.028819	0.020318	0.014131	0.040558	0.002622	0.019088	0.020258	0.005475	0.019062	0.033175	0.039305	0.025791	0.013821	0.03834	0.010949	0.039081	0.00738	0.036294	0.004444	0.015226	0.012633	0.006485	0.006898	0.016796	0.006643	0.038658	0.021241	0.0354	0.001501	0.017316	0.00039	0.034916	0.037957	0.029381	0.039028	0.009085	0.024888	0.010583	0.003801	0.019261	0.028103	0.032691	0.02649	0.027885	0.01619	0.016843	0.034318	0.007292	
0.018684	0.025601	0.039732	0.022598	0.036362	0.021543	0.021631	0.008369	0.000217	0.034321	0.042406	0.017668	0.015	0.008416	0.017987	0.022339	0.02607	0.041752	0.007306	0.000639	0.03892	0.041801	0.023408	0.006918	0.001037	0.008532	0.018561	0.003884	0.021289	0.004475	0.031181	0.001805	0.030107	0.017074	0.028448	0.002244	0.016056	0.037169	0.019721	0.025248	0.017666	0.031202	0.018481	0.011584	0.009938	0.014358	0.042064	0.00717	0.004882	0.036136	
0.026742	0.020698	0.013283	0.0109	0.034563	0.00592	0.007471	0.024963	0.024752	0.001152	0.023431	0.022658	0.011919	0.027767	0.013825	0.034646	0.01876	0.016151	0.0386	0.004522	0.003486	0.019449	0.011423	0.000988	0.012301	0.024346	0.025439	0.039459	0.0052	0.032014	0.01877	0.023738	0.017696	0.037148	0.003622	0.017339	0.030767	0.038165	0.004131	0.034872	0.020237	0.026187	0.000148	0.030005	0.02889	0.00639	0.036809	0.018694	0.036133	0.013431	
0.024461	0.005429	0.019376	0.035709	0.007644	0.024008	0.024406	0.020156	0.00181	0.01065	0.031529	0.010812	0.02309	0.004578	0.019408	0.032103	0.02905	0.0074	0.015193	0.006269	0.031948	0.022621	0.007161	0.032283	0.038168	0.020559	0.009578	0.032278	0.0086	0.023054	0.037791	0.012533	0.040485	0.015392	0.035409	0.007928	0.00067	0.030535	0.024774	0.036812	0.028289	0.005245	0.006044	0.0275	0.011104	0.014178	0.039755	0.008736	0.035062	0.002427	
0.022208	0.024169	0.019439	0.017401	0.020457	0.008088	0.0025	0.020501	0.029228	0.0125	0.011516	0.007067	0.01754	0.033521	0.011484	0.018477	0.03373	0.004081	0.013386	0.003236	0.021334	0.024637	0.035041	0.040719	0.012077	0.010304	0.044812	0.015298	0.004945	0.003173	0.03676	0.023296	0.037549	0.009127	0.007194	0.014139	0.012322	0.004335	0.030092	0.006822	0.027609	0.027206	0.005131	0.009955	0.042059	0.032915	0.039402	0.00769	0.038148	0.04538	
0.027594	0.033033	0.007705	0.009816	0.018668	0.015429	0.02454	0.005195	0.02275	0.007626	0.015269	0.010146	0.023148	0.032316	0.016322	0.031301	0.031957	0.026174	0.021468	0.002646	0.02355	0.007532	0.00687	0.012655	0.021464	0.025107	0.004485	0.025483	0.025239	0.009412	0.013337	0.020428	0.024067	0.029074	0.027737	0.026	0.016852	0.016587	0.025059	0.032346	0.009526	0.029985	0.022856	0.026807	0.012464	0.030586	0.017401	0.031664	0.018772	0.023552	
0.027759	0.013146	0.036063	0.023914	0.002443	0.003164	0.004202	0.02583	0.015025	0.004361	0.036245	0.022134	0.007516	0.029206	0.015826	0.027741	0.002318	0.028131	0.017068	0.022141	0.039559	0.014152	0.028817	0.007006	0.012768	0.020724	0.02978	0.016674	0.0102	0.028022	0.024662	0.0376	0.021145	0.004513	0.030428	0.014798	0.023474	0.035442	0.002351	0.013615	0.009973	0.033982	0.029306	0.031253	0.0095	0.029854	0.016234	0.022298	0.03606	0.001577	
0.025525	0.038296	0.011744	0.019138	1.3e-05	0.014834	0.034778	0.03947	0.035375	0.014786	0.03834	0.03073	0.038999	0.009698	0.018598	0.021122	0.041266	0.030272	0.001698	0.009418	0.030033	0.027986	0.002569	0.012646	0.031162	0.035343	0.007112	0.015034	0.030359	0.001503	0.008827	0.041027	0.000392	0.005363	0.004554	0.012512	0.028181	0.020783	0.006774	0.030675	0.009061	0.005901	0.024128	0.031897	0.019603	0.006098	0.018783	0.011012	0.015851	0.030731	
0.034968	0.02313	0.025695	0.006215	0.005488	0.016385	0.032788	0.029127	0.013867	0.034743	0.026042	0.006465	0.032266	0.034765	0.001409	0.024468	0.035856	0.031436	0.00743	0.010202	0.029812	0.021276	0.013871	0.008463	0.00317	0.017118	0.022967	0.016675	0.010302	0.006605	0.029829	0.019283	0.030529	0.016735	0.010953	0.032585	0.029381	0.009365	0.008697	0.021678	0.031525	0.030771	0.007011	0.011045	0.013749	0.033229	0.012208	0.036012	0.021081	0.01133	
0.038644	0.036861	0.019813	0.035225	0.014325	0.007446	0.033802	0.02071	0.015983	0.000205	0.017325	0.035622	0.034363	0.020136	0.031799	0.004653	0.004841	0.00754	0.028606	0.002082	0.037987	0.02757	0.018345	0.003333	0.010531	0.001177	0.022975	0.014428	0.029642	0.031614	0.021017	0.034969	0.038885	0.030523	0.001925	0.020711	0.025948	0.021695	0.028598	0.011014	0.009571	0.016755	0.00981	0.00262	0.032992	0.022891	0.004211	0.014959	0.029659	0.013664	
0.013279	0.033523	0.024715	0.014637	0.019639	0.027248	0.018262	0.014597	0.024036	0.016888	0.006808	0.02247	0.032022	0.034402	0.023979	0.000245	0.008325	0.014719	0.019383	0.024267	0.001399	0.007856	0.034153	0.006956	0.014936	0.026076	0.035859	0.002754	0.015523	0.023857	0.034451	0.002453	0.028347	0.010156	0.031622	0.028023	0.017156	0.017097	0.031795	0.02094	0.019695	0.001957	0.034143	0.022814	0.03327	0.021238	0.031929	0.016731	0.00929	0.02408	
0.015424	0.020808	0.015649	0.035977	0.027588	0.025914	0.002194	0.014269	0.023895	0.031491	0.027557	0.006347	0.020533	0.028832	0.034037	0.006891	0.001981	0.010189	0.029485	0.017411	0.019557	0.00425	0.037075	0.029771	0.027261	0.020734	0.032828	0.006451	0.037517	0.037941	0.030878	0.031906	0.021978	0.030438	0.005404	0.000792	0.000819	0.022515	0.001827	0.015813	0.025244	0.01275	0.030835	0.018332	0.004593	0.0191	0.013149	0.0148	0.035147	0.013823	
0.0178	0.030794	0.03116	0.023883	0.006809	0.016952	0.007553	0.0278	0.017698	0.028647	0.027872	0.031052	0.032638	3.5e-05	0.006608	0.022368	0.001972	0.021924	0.030556	0.014127	0.026104	0.021135	0.0198	0.014245	0.014783	0.026748	0.001275	0.025303	0.015058	0.011809	0.005161	0.016765	0.030687	0.03275	0.013408	0.009955	0.003382	0.011021	0.002594	0.026112	0.031239	0.030063	0.028363	0.025474	0.027857	0.025515	0.023409	0.031202	0.025986	0.024549	
0.038897	0.004976	0.015645	0.038039	0.025151	0.02058	0.024795	0.008522	0.00855	0.006111	0.025025	0.022086	0.001127	0.008087	0.006799	0.02694	0.028173	0.012272	0.007199	0.033153	0.039323	0.028503	0.018252	0.032003	0.036411	0.009528	0.012419	0.036876	0.002924	0.023584	0.008617	0.029416	0.005711	0.026889	0.001432	0.027116	0.019904	0.022912	0.014671	0.018512	0.015086	0.006949	0.039269	0.028393	0.030049	0.016635	0.027243	0.012079	0.031755	0.015412	
0.033452	0.016223	0.025584	0.015859	0.013241	0.038365	0.035066	0.016743	0.023499	0.018818	0.028217	0.02908	0.003917	0.009609	0.009272	0.004717	0.018641	0.008649	0.010378	0.035135	0.038698	0.021572	0.030734	0.002323	0.011826	0.035122	0.017447	0.017227	0.035398	0.009143	0.030692	0.021278	0.027347	0.005995	0.010747	0.031637	0.000347	0.008132	0.035663	0.001991	0.001202	0.00513	0.03764	0.013945	0.022403	0.032082	0.027044	0.010639	0.037201	0.02493	
0.022573	0.019889	0.025862	0.0098	0.033118	0.01113	0.005725	0.022044	0.030993	0.029306	0.026287	0.012166	0.006492	0.032174	0.003945	0.006758	0.014703	0.016464	0.025162	0.015663	0.00642	0.029811	0.022641	0.025086	0.026764	0.010351	0.013337	0.019756	0.011147	0.034804	0.022322	0.030956	0.035209	0.002774	0.019454	0.028812	0.020586	0.013037	0.012681	0.030199	0.032679	0.00416	0.031829	0.011818	0.034196	0.030182	0.018352	0.006	0.020773	0.02361	
0.019716	0.007375	0.00206	0.029266	0.000407	0.006304	0.042937	0.031895	0.020664	0.009302	0.011161	0.023358	0.015819	0.042641	0.022774	0.006161	0.034219	0.005218	0.006859	0.011233	0.042811	0.021619	0.021243	0.01289	0.043485	0.015135	0.003402	0.038794	0.026676	0.036486	0.009465	0.010591	0.039289	0.013182	0.023719	0.041485	0.020534	0.001567	0.04128	0.000808	0.010534	0.019113	0.009937	0.002803	0.018538	0.008294	0.010052	0.028337	0.042178	0.036384	
0.012159	0.025083	0.013498	0.028763	0.008482	0.026684	0.011865	0.015869	0.018977	0.006476	0.019001	0.013175	0.022115	0.02573	0.00377	0.029064	0.018433	0.035204	0.028515	0.039618	0.024897	0.024488	0.028604	0.026628	0.02761	0.035539	0.031196	0.024211	0.00347	0.036716	0.002866	0.039909	0.006661	0.025235	0.00508	0.00244	0.01752	0.014415	0.015391	0.022486	0.00264	0.001751	0.024546	0.001994	0.016439	0.001233	0.032635	0.039215	0.036147	0.025557	
0.007269	0.025015	0.00473	0.02992	0.007053	0.018975	0.024786	0.020482	0.027508	0.021683	0.005726	0.02384	0.022336	0.020167	0.011342	0.012189	0.015706	0.030543	0.03214	0.024552	0.001816	0.026044	0.028867	0.029121	0.026167	0.013507	0.029104	0.021007	0.027638	0.018154	0.02866	0.028722	0.032223	0.029566	0.017483	0.01884	0.017397	0.005379	0.031692	0.010843	0.016013	0.017784	0.002381	0.009576	0.017767	0.023975	0.017278	0.031357	0.011955	0.023722	
0.035054	0.025227	0.013845	0.034485	0.016272	0.025697	0.019912	0.016144	0.026526	0.027039	0.017802	0.020404	0.025884	0.023641	0.017213	0.022515	0.034298	0.030083	0.01965	0.003549	0.004572	0.031574	0.022074	0.028382	0.022348	0.005891	0.023555	0.032051	0.002657	0.002778	0.035124	0.018168	0.005753	0.033488	0.016475	0.032263	0.023506	0.011415	0.026379	0.031284	0.018231	0.005555	0.023854	0.007721	0.018013	0.027554	0.011511	0.003914	0.010728	0.007942	
0.032071	0.022865	0.032285	0.024996	0.00859	0.038152	0.025581	0.024666	0.036291	0.009966	0.02778	0.02524	0.007478	0.011615	0.020942	0.038843	0.005159	0.00488	0.028798	0.007112	0.017132	0.016415	0.002377	0.036076	0.002656	0.002075	0.01248	0.035512	0.019134	0.007362	0.032654	0.025494	0.001142	0.038819	0.022804	0.037555	0.001582	0.024551	0.007109	0.036512	0.024223	0.030937	0.001202	0.017974	0.024479	0.008926	0.025678	0.014397	0.009302	0.030131	
0.015744	0.001157	0.001755	0.025405	0.010636	0.037738	0.042021	0.002703	0.009279	0.030042	0.007747	0.00328	0.04389	0.001155	0.032735	0.016255	0.001693	0.04628	0.012195	0.002297	0.00804	0.006125	0.042721	0.039593	0.018635	0.019369	0.01354	0.021817	0.020601	0.002806	0.007436	0.015856	0.045591	0.039625	0.028248	0.005506	0.001918	0.038064	0.004701	0.012086	0.043595	0.008362	0.009683	0.039218	0.017849	0.01487	0.04093	0.008522	0.042842	0.037844	
0.025656	0.030569	0.023822	0.035494	0.001142	0.016769	0.005226	0.016572	0.030056	0.012458	0.036075	0.009916	0.014257	0.037331	0.014492	0.008593	0.019395	0.012139	0.010568	0.027205	0.011411	0.018302	0.01587	0.006167	0.020233	0.028519	0.031426	0.007225	0.029758	0.029134	0.024592	0.037807	0.038187	0.004872	0.017611	0.009662	0.008767	0.018734	0.001779	0.027424	0.010004	0.014376	0.037644	0.039605	0.010102	0.033118	0.02515	0.037469	0.008617	0.0087	
0.004076	0.021259	0.033752	0.015359	0.028075	0.011946	0.011907	0.011847	0.021718	0.039123	0.014701	0.01081	0.01755	0.038292	0.039181	0.028077	0.01461	0.013483	0.004668	0.016586	0.01482	0.035475	0.029711	0.004917	0.006429	0.029839	0.011812	0.037265	0.00141	0.033575	0.038962	0.031529	0.024789	0.012275	0.04035	0.003965	0.027927	0.023794	0.035276	0.023575	0.0175	0.007629	0.017417	0.028282	0.000206	0.029823	0.001466	0.023878	0.008036	0.001048	
0.002123	0.007825	0.016746	0.003131	0.000175	0.025361	0.016736	0.027429	0.021701	0.024471	0.007128	0.014304	0.011131	0.016565	0.003217	0.01646	0.0148	0.020001	0.026462	0.035733	0.030457	0.025781	0.032001	0.031801	0.040194	0.022501	0.023489	0.004766	0.03618	0.041304	0.020356	0.012191	0.022379	0.005435	0.041324	0.04202	0.031651	0.026626	0.001288	0.001834	0.025995	0.022884	0.008152	0.000132	0.038885	0.01695	0.00346	0.04085	0.004078	0.033537	
0.002756	0.025729	0.022836	0.006062	0.003982	0.014698	0.001886	0.018498	0.010112	0.010802	0.002969	0.025858	0.011146	0.020482	0.028245	0.025531	0.037502	0.030991	0.006982	0.006683	0.007219	0.029257	0.032021	0.030054	0.037304	0.022281	0.002846	0.004387	0.008887	0.022922	0.035989	0.026616	0.01844	0.029919	0.030348	0.021368	0.029037	0.01875	0.037978	0.036811	0.018423	0.02115	0.007152	0.010048	0.037961	0.017453	0.013346	0.015248	0.032094	0.030941	
0.036623	0.036933	0.016647	0.028591	0.024254	0.006821	0.006464	0.036295	0.037357	0.003056	0.025738	0.022025	0.014439	0.009481	0.025859	0.02623	0.007664	0.013787	0.027009	0.014274	0.025668	0.002277	0.031549	0.007325	0.008353	0.034543	0.016768	0.004765	0.033299	0.006147	0.003263	0.020436	0.022843	0.030546	0.013425	0.03238	0.036903	0.021428	0.006835	0.033433	0.027087	0.028657	0.004408	0.035888	0.00679	0.022994	0.006551	0.028411	0.013628	0.013853	
0.036865	0.008532	0.015516	0.001538	0.02736	0.02173	0.014163	0.005647	0.0228	0.015833	0.037354	0.010432	0.024843	0.026436	0.029544	0.001585	0.021612	0.015654	0.02333	0.002493	0.020331	0.011312	0.024483	0.023363	0.014556	0.014688	0.034414	0.034512	0.003562	0.030431	0.033857	0.028348	0.007355	0.007017	0.038769	0.034015	0.008131	0.023132	0.024445	0.004043	0.031846	0.005416	0.029587	0.034407	0.033973	0.002697	0.001416	0.00703	0.035469	0.034128	
0.011174	0.034414	0.014459	0.015652	0.038497	0.021733	0.011125	0.004809	0.027212	0.011631	0.0243	0.03219	0.036024	0.012138	8e-05	0.027282	0.026778	0.035735	0.001693	0.023238	0.035147	0.017765	0.010039	0.03495	0.00715	0.027732	0.011964	0.024052	0.002659	0.029901	0.032736	0.039173	0.0229	0.023756	0.009837	0.012296	0.035663	0.010445	0.009206	0.029836	0.015806	0.031505	0.023025	0.007659	0.009202	0.01921	0.0224	0.006908	0.015261	0.011653	
0.019697	0.033692	0.00664	0.036013	0.035952	0.005137	0.001657	0.029557	0.016088	0.02803	0.020631	0.001687	0.013116	0.036041	0.026399	0.005144	0.011256	0.021787	0.013025	0.033944	0.031287	0.025602	0.028665	0.021247	0.021391	0.013034	0.001623	0.033251	0.022815	0.021309	0.010277	0.015267	0.005477	0.020104	0.004202	0.01426	0.035446	0.020041	0.027023	0.029103	0.029349	0.001863	0.029643	0.025322	0.021703	0.009671	0.022424	0.002657	0.024973	0.035478	
0.010374	0.004171	0.014884	0.016147	0.011683	0.020992	0.036972	0.031794	0.018011	0.039749	0.032661	0.00022	0.037483	0.032212	0.01604	0.001227	0.029602	0.001721	0.025197	0.02503	0.019559	0.032915	0.034186	0.001428	0.011159	0.004015	0.018016	0.033989	0.005475	0.001205	0.031533	0.008899	0.025466	0.014782	0.021463	0.030041	0.022344	0.023394	0.019795	0.017031	0.01519	0.027947	0.026837	0.031594	0.007588	0.021178	0.003062	0.036783	0.037947	0.009009	
0.034902	0.039227	0.006559	0.008726	0.011567	0.033983	0.013172	0.013749	0.009091	0.009394	0.029479	0.002507	0.008531	0.010076	0.035776	0.029758	0.006088	0.009074	0.035654	0.028076	0.023976	0.001704	0.015441	0.018583	0.034211	0.024098	0.001108	0.029384	0.039408	0.012222	0.036265	0.011511	0.03716	0.024708	0.038382	0.032239	0.01176	0.034484	0.012356	0.036507	0.002826	0.029861	0.020489	0.02823	0.005333	0.00313	0.01004	0.029151	0.011904	0.00814	
0.016845	0.00073	0.037202	0.021032	0.032899	0.030225	0.02581	0.03266	0.012694	0.035285	0.00964	0.012024	0.004898	0.014108	0.042113	0.026734	0.018389	0.000811	0.014002	0.00213	0.029727	0.023436	0.037976	0.018231	0.010849	0.014676	0.001831	0.027177	0.016284	0.029504	0.002073	0.007301	0.012586	0.020072	0.019009	0.014318	0.041605	0.02158	0.026089	0.007194	0.028979	0.040166	0.028989	0.010648	0.01122	0.002567	0.030074	0.012937	0.035061	0.02761	
0.024126	0.017221	0.023545	0.038714	0.008716	0.021832	0.010766	0.011537	0.036411	0.040127	0.004746	0.032611	0.019149	0.01987	0.035458	0.007358	0.02566	0.013202	0.012862	0.026094	0.027146	0.000322	0.019671	0.002359	0.034904	0.03228	0.011129	0.002645	0.029215	0.001657	0.038305	0.01365	0.017136	0.030536	0.020117	0.02491	0.004463	0.001771	0.033553	0.030766	0.021595	0.010911	0.018413	0.019276	0.028734	0.019291	0.0252	0.005804	0.020799	0.023437	
0.021479	0.014994	0.021799	0.020569	0.020722	0.013558	0.006055	0.0059	0.024397	0.034345	0.032022	0.011412	0.010961	0.005619	0.015367	0.023759	0.034181	0.01936	0.000985	0.009007	0.001818	0.027163	0.02124	0.024543	0.030895	0.035469	0.034978	0.032891	0.034635	0.028778	0.015145	0.03119	0.032447	0.033606	0.037112	0.009625	0.014197	0.000339	0.010547	0.007328	0.020847	0.035419	0.005463	0.016683	0.014506	0.025158	0.016667	0.015473	0.030184	0.009163	
0.017394	0.029796	0.011474	0.012136	0.002498	0.041788	0.0435	0.003085	0.0261	0.021168	0.015146	0.039379	0.016892	0.021667	0.013358	0.014576	0.012342	0.041706	0.017651	0.002781	0.019373	0.041033	0.030131	0.044702	0.005495	0.023561	0.006006	0.024502	0.003813	3.9e-05	9e-06	0.038681	0.002412	0.014626	0.015318	0.007894	0.024156	0.019026	0.009651	0.015612	0.033706	0.012116	0.043309	0.036661	0.006132	0.034133	0.029864	0.021885	0.022568	0.009149	
0.020628	0.006401	0.022902	0.012786	0.030128	0.020472	0.033444	0.002181	0.035109	0.032244	0.028001	0.001596	0.028925	0.006895	0.01227	0.016972	0.028246	0.034596	0.016982	0.011877	0.030613	0.032962	0.033805	0.011104	0.001985	0.018078	0.00574	0.011582	0.018188	0.023418	0.026181	0.028786	0.000604	0.01534	0.029533	0.025551	0.033482	0.024332	0.003303	0.02594	0.008995	0.015472	0.020996	0.025537	0.023009	0.016874	0.000936	0.033149	0.026771	0.025079	
0.033619	0.021976	0.033838	0.026888	0.005128	0.0075	0.004336	0.017007	0.00751	0.013322	0.030365	0.005897	0.01296	0.021075	0.038459	0.01006	0.014953	0.038208	0.032697	0.006178	0.026752	0.00068	0.009658	0.03292	0.020713	0.004141	0.027295	0.0382	0.036054	0.035614	0.00164	0.014739	0.03071	0.019155	0.008506	0.002783	0.013591	0.018264	0.027039	0.004187	0.030944	0.028718	0.021363	0.034953	0.025128	0.020243	0.009827	0.03842	0.014615	0.021172	
0.007937	0.024923	0.021827	0.034643	0.009834	0.019047	0.013458	0.035544	0.009771	0.027856	0.005752	0.003224	0.035568	0.035376	0.002943	0.003875	0.007672	0.019511	0.024104	0.000664	0.003286	0.01109	0.020029	0.006873	0.015327	0.01562	0.013469	0.004832	0.029489	0.025427	0.010277	0.024484	0.016092	0.03389	0.029947	0.03705	0.004432	0.018442	0.03547	0.03411	0.032315	0.036484	0.019088	0.020229	0.005038	0.037713	0.036947	0.034352	0.037949	0.00672	
0.028012	0.028626	0.003663	0.01382	0.021769	0.032304	0.025872	0.000255	0.003552	0.040797	0.022577	0.034402	0.018974	0.026165	0.002378	0.001955	0.0143	0.000325	0.008178	0.006789	0.009244	0.011397	0.028288	0.03071	0.01093	0.021293	0.016256	0.028845	0.016004	0.003653	0.040479	0.00402	0.031145	0.022276	0.040199	0.044188	0.044133	0.03461	0.014237	0.010883	0.043514	0.036575	0.012594	0.016272	0.006388	0.021245	0.018874	0.012348	0.031383	0.003304	
0.005741	0.037364	0.02749	0.035738	0.002512	0.008492	0.036647	0.007532	0.012412	0.00727	0.022052	0.046119	0.001146	0.043733	0.011632	0.008684	0.044615	0.029399	0.035786	0.041342	0.032145	0.012481	0.01368	0.007258	0.004139	0.035978	0.016728	0.032038	0.007314	0.042868	0.038444	0.01162	0.032461	0.007447	0.019434	0.030726	0.007691	0.002684	0.008967	0.020475	0.005947	0.014603	0.015909	0.020066	0.023997	0.015683	0.022837	0.016199	0.005112	0.009363	
0.029432	0.026463	0.031478	0.00218	0.02226	0.008296	0.035515	0.029213	0.022688	0.019239	0.033495	0.012398	0.005425	0.000419	0.022476	0.031533	0.032702	0.001495	0.02196	0.022488	0.028549	0.032351	0.034539	0.020875	0.021352	0.030634	0.004159	0.017897	0.014616	0.006882	0.024776	0.010362	0.007934	0.017282	0.004846	0.010638	0.021861	0.031098	0.01526	0.031032	0.026602	0.027986	0.012778	0.033915	0.01613	0.018201	0.011401	0.019059	0.001184	0.034646	
0.021746	0.002581	0.03437	0.038018	0.010789	0.018059	0.005046	0.011491	0.017619	0.029255	0.026573	0.026356	0.031072	0.0343	0.016951	0.013469	0.010568	0.009915	0.000796	0.033119	0.00753	0.036169	0.017285	0.019988	0.025723	0.02948	0.00604	0.038385	0.01416	0.023213	0.027352	0.0149	0.026791	0.027843	9.1e-05	0.014658	0.01291	0.035646	0.021551	0.024813	0.02841	0.003555	0.03432	0.000427	0.006102	0.020402	0.016402	0.029264	0.028249	0.016248	
0.002987	0.008859	0.022206	0.038094	0.000218	0.022214	0.012738	3.6e-05	0.019433	0.029084	0.003126	0.040943	0.040494	0.020469	0.023515	0.023009	0.010363	0.030066	0.005902	0.033309	0.023046	0.019689	0.012422	0.019096	0.015494	0.005509	0.026569	0.033055	0.024033	0.030533	0.006555	0.031526	0.009979	0.03209	0.014986	0.003682	0.01839	0.009547	0.023477	0.012022	0.012351	0.028339	0.009607	0.039304	0.019878	0.03966	0.003238	0.024859	0.039931	0.024068	
0.031591	0.012518	0.002118	0.000813	0.033218	0.029515	0.010538	0.007697	0.032509	0.01128	0.023262	0.016569	0.033702	0.035666	0.020883	0.020171	0.010325	0.020185	0.004502	0.000519	0.009702	0.033583	0.02606	0.007097	0.00911	0.031765	0.031514	0.029596	0.019667	0.023926	0.012345	0.004846	0.034192	0.030884	0.015486	0.008112	0.015136	0.010482	0.004619	0.01636	0.034903	0.027441	0.021882	0.035784	0.03377	0.014771	0.036928	0.03641	0.001985	0.024063	
0.01059	0.012514	0.013005	0.035114	0.036402	0.034652	0.022097	0.019976	0.033494	0.013653	0.012694	0.03649	0.004115	0.019315	0.037846	0.034267	0.029024	0.01752	0.006305	0.014498	0.01195	0.036975	0.011329	0.035115	0.003039	0.008788	0.028521	0.020989	0.006771	0.000985	0.000185	0.00883	0.00906	0.029108	0.032891	0.025525	0.017527	0.019199	0.02089	0.016158	0.020187	0.038991	0.035121	0.011119	0.028758	0.011935	0.025983	0.027248	0.007579	0.005673	
0.007962	0.025065	0.038489	0.031762	0.033837	0.024941	0.012709	0.004697	0.003022	0.01952	0.017489	0.018609	0.017756	0.031504	0.030529	0.035209	0.023898	0.021116	0.019085	0.029705	0.003411	0.01798	0.02721	0.02756	0.037522	0.009579	0.016104	0.016611	0.010611	0.021433	0.022722	0.006587	0.021615	0.030196	0.001159	0.034194	0.021878	0.036326	0.03794	0.011083	0.032735	0.001176	0.031234	0.015061	0.000807	0.029339	0.009099	0.011259	0.008218	0.002447	
0.007994	0.032067	0.022235	0.027138	0.034418	0.023243	0.026732	0.009651	0.01967	0.011256	0.024828	0.010938	0.004151	0.034517	0.03268	0.015715	0.009194	0.016382	0.021645	0.018269	0.015528	0.01993	0.026845	0.031811	0.014368	0.027568	0.004723	0.01588	0.028008	0.006586	0.012138	0.032914	0.032087	0.018071	0.034469	0.030432	0.030263	0.016277	0.03076	0.021058	0.007703	0.013157	0.000275	0.000305	0.023873	0.014824	0.013627	0.034555	0.012237	0.027005	
0.003532	0.021643	0.019826	0.031002	0.009249	0.018696	0.025474	0.024301	0.010798	0.017821	0.025345	0.007342	0.025227	0.028126	0.005898	0.003009	0.029717	0.004171	0.035042	0.022621	0.003351	0.009122	0.019329	0.036635	0.026961	0.042149	0.01472	0.018107	0.017263	0.004921	0.042268	0.015158	0.023809	0.032174	0.02122	0.003391	0.033464	0.029837	0.014025	0.011948	0.031408	0.037967	0.022982	0.03011	0.00347	0.015464	0.029604	0.00046	0.015882	0.023961	
0.022246	0.039868	0.007368	0.00819	0.025531	0.003887	0.035821	0.00891	0.02988	0.031931	0.011501	0.004597	0.00127	0.038873	0.039175	0.028406	0.002599	0.013139	0.006861	0.024144	0.019381	0.021403	0.020561	0.026	0.019894	0.038692	0.031031	0.009416	0.004707	0.041436	0.012998	0.034009	0.033809	0.007713	0.001871	0.006674	0.030535	0.037994	0.012084	0.028193	0.027764	0.000882	0.034983	0.014213	0.014675	0.014703	0.02399	0.002235	0.003481	0.040476	
0.004119	0.04142	0.02791	0.024819	0.010449	0.006355	0.03395	0.012773	0.01043	0.003912	0.028972	0.002232	0.003998	0.007748	0.02699	0.031495	0.00199	0.022369	0.011121	0.014243	0.032354	0.004419	0.016229	0.041452	0.02858	0.041503	0.021834	0.02476	0.009686	0.006284	0.000382	0.009196	0.015966	0.035076	0.035955	0.014438	0.009777	0.025376	0.012445	0.032648	0.026235	0.040602	0.039694	0.007379	0.03939	0.004411	0.039999	0.009521	0.024029	0.023085	
0.024325	0.018748	0.018322	0.019282	0.029675	0.032998	0.032652	0.020361	0.037276	0.013356	0.018972	0.027326	0.016209	0.021786	0.002353	0.029234	0.015789	0.019633	0.002857	0.023857	0.000413	0.023638	0.038524	0.015175	0.03066	0.021915	0.004935	0.010886	0.026083	0.022254	0.034172	0.003922	0.013468	0.02722	0.02289	0.005667	0.031292	0.006074	0.007599	0.026736	0.01772	0.025417	0.014673	0.022539	0.021319	0.000602	0.020037	0.030357	0.012049	0.036753	
0.031695	0.0002	0.011631	0.004672	0.002461	0.027751	0.028314	0.026103	0.003129	0.031192	0.016158	0.023721	0.03208	0.003375	0.029964	0.02736	0.015384	0.010958	0.037211	0.022738	0.035782	0.001155	0.021697	0.030956	0.001029	0.035906	0.017592	0.024971	0.034289	0.013059	0.016921	0.036246	0.008034	0.026591	0.032616	0.002938	0.022811	0.012347	0.026877	0.00189	0.027062	0.012731	0.027235	0.040892	0.026871	0.024188	0.001125	0.016379	0.014112	0.019601	
0.035143	0.037049	0.014405	0.006853	0.017344	0.038009	0.024092	0.010127	0.005794	0.000579	0.024493	0.027938	0.026488	0.024696	0.004794	0.032765	0.031219	0.009633	0.019897	0.000813	0.041811	0.00476	0.015753	0.001333	0.028076	0.039167	0.030064	0.014416	0.029352	0.022316	0.008002	0.020389	0.015042	0.037541	0.028744	0.038892	0.022903	0.019986	0.017581	0.039839	0.015989	0.010613	0.033577	0.028419	0.011053	0.000687	0.000703	0.004131	0.02669	4.00000000003e-05	
0.002396	0.00471	0.035551	0.03553	0.032881	0.020571	0.037197	0.020515	0.030967	0.029852	0.025863	0.014717	0.030894	0.019997	0.019368	0.029529	0.007811	0.019028	0.00913	0.0074	0.014913	0.007694	0.015626	0.004953	0.018827	0.030454	0.031337	0.018416	0.013651	0.027281	0.00492	0.034226	0.037046	0.029717	0.011301	0.00349	0.022585	0.026138	0.017292	0.035349	0.033805	0.008462	0.002208	0.010715	0.019109	0.019064	0.006683	0.032598	0.009198	0.019035	
0.010637	0.016324	0.010549	0.022993	0.03865	0.036894	0.005702	0.042045	0.039109	0.01286	0.024512	0.034362	0.007905	0.039244	0.034481	0.020205	0.00057	0.024793	0.026376	0.008721	0.021825	0.014176	0.001217	0.003204	0.011139	0.004249	0.011278	0.022378	0.022257	0.010226	0.009159	0.013269	0.029059	0.007325	0.031558	0.028597	0.038913	0.031002	0.019848	0.041501	0.0389	0.002959	0.004989	0.006582	0.014752	0.013557	0.023519	0.028398	0.031916	0.005316	
0.031647	0.011909	0.0247	0.03062	0.009032	0.010579	0.027134	0.034128	0.030341	0.037385	0.014634	0.004153	0.031985	0.00614	0.024633	0.013976	0.03612	0.010696	0.005319	0.03298	0.008512	0.025212	0.034624	0.008548	0.028783	0.012214	0.004617	0.032785	0.009107	0.028424	0.026562	0.032239	0.023144	0.002782	0.026701	0.001291	0.017439	0.010973	0.007798	0.030222	0.001844	0.011919	0.038139	0.033923	0.028782	0.036563	0.037719	0.001563	0.00215	0.00731	
0.03585	0.000973	0.018711	0.029566	0.014107	0.003507	0.025502	0.036546	0.006714	0.000554	0.018698	0.017982	0.035671	0.003411	0.033046	0.014816	0.035478	0.025971	0.037597	0.030654	0.023825	0.038747	0.034482	0.029566	0.006266	0.02022	0.019658	0.004168	0.012555	0.011985	0.011166	0.027228	0.010831	0.017706	0.01166	0.021077	0.010214	0.026392	0.03019	0.003508	0.014141	0.027079	0.01565	0.034949	0.032095	0.028506	0.001148	0.018854	0.003327	0.027453	
0.034823	0.009668	0.01748	0.010957	0.03721	0.008436	0.031633	0.000367	0.023295	0.005419	0.013318	0.026221	0.029501	0.011373	0.009988	0.01233	0.039942	0.020934	0.023305	0.007878	0.01803	0.009354	0.016721	0.013464	0.037986	0.025434	0.001048	0.02746	0.000775	0.00227	0.025163	0.031914	0.012087	0.001495	0.037488	0.032731	0.031438	0.000966	0.02931	0.029515	0.035584	0.009962	0.02903	0.038583	0.019656	0.019064	0.001829	0.017812	0.039661	0.030092	
0.017738	0.01634	0.008182	0.031403	0.029901	0.006713	0.005072	0.027531	0.017842	0.035648	0.024904	0.016001	0.030473	0.031135	0.025087	0.004934	0.015792	0.027778	0.009131	0.016026	0.023623	0.015165	0.028037	0.03502	0.004866	0.000234	0.036096	0.018303	0.020233	0.026996	0.022856	0.009708	0.01881	0.019242	0.028964	0.009042	0.011338	0.026547	0.012753	0.026224	0.0294	0.003055	0.016995	0.007807	0.034764	0.038903	0.007559	0.013619	0.01716	0.03905	
0.026616	0.016008	0.025711	0.01755	0.027639	0.021526	0.005712	0.023815	0.019837	0.0407	0.012438	0.038093	0.012346	0.007529	0.006948	0.033538	0.038861	0.008037	0.037767	0.034764	0.010246	0.012517	0.013726	0.007796	0.033912	0.001246	0.020362	0.023395	0.037605	0.007161	0.025308	0.028752	0.003077	0.022434	0.011385	0.041345	0.032736	0.003498	0.008436	0.001359	0.018758	0.018736	0.012202	0.013719	0.031067	0.038491	0.007308	0.031866	0.015702	0.01042	
0.017209	0.000112	0.007596	0.000466	0.016734	0.014613	0.028673	0.038391	0.023118	0.021616	0.036646	0.002417	0.01504	0.019259	0.012497	0.026634	0.0299	0.030224	0.031748	0.015787	0.027139	0.034276	0.005721	0.002539	0.01056	0.033543	0.040447	0.023794	0.010333	0.033877	0.017642	0.004553	0.023247	0.017883	0.009351	0.034311	0.008978	0.006459	0.035049	0.01954	0.024208	0.018662	0.01489	0.01583	0.026848	0.040459	0.00855	0.023538	0.036317	0.002776	
0.024459	0.023461	0.011187	0.024087	0.02682	0.030995	0.033142	0.025886	0.032866	0.024716	0.027377	0.031198	0.028164	0.030738	0.006726	0.012381	0.017229	0.015191	0.034447	0.026801	0.016285	0.029242	0.006332	0.015698	0.010597	0.011243	0.032284	0.032684	0.027469	0.004094	0.025817	0.005021	0.015221	0.019255	0.013844	0.027416	0.000164	0.009457	0.014148	0.01385	0.031486	0.015483	0.017016	0.014072	0.004546	0.033883	0.010023	0.015318	0.014202	0.025979	
0.037527	0.031716	0.017374	0.035064	0.036522	0.037081	0.024081	0.035146	0.017048	0.023341	0.00038	0.033325	0.011697	0.037516	0.016559	0.013626	0.003607	0.012647	0.026422	0.020871	0.011705	0.006256	0.024891	0.01232	0.021701	0.010209	0.021153	0.02917	0.001065	0.029411	0.032126	0.01396	0.013988	0.003164	0.016203	0.009347	0.009327	0.011031	0.019819	0.034822	0.009083	0.029571	0.003396	0.030383	0.039092	0.028798	0.0086	0.005082	0.023504	0.019273	
0.004795	0.025917	0.020319	0.000817	0.019956	0.018847	0.002928	0.039616	0.025783	0.000286	0.027363	0.009046	0.009268	0.016554	0.040827	0.006171	0.020353	0.018341	0.03889	0.040953	0.006489	0.030783	0.011423	0.030026	0.003623	0.019806	0.019381	0.033097	0.026484	0.027029	0.005821	0.014819	0.039217	0.010837	0.038926	0.000301	0.005524	0.001499	0.030943	0.011576	0.036726	0.027836	0.013333	0.013493	0.033551	0.010434	0.011399	0.032342	0.028673	0.037579	
0.026796	0.02811	0.002128	0.01126	0.010149	0.023438	0.034349	0.023515	0.032828	0.034008	0.034663	0.026186	0.012901	0.017554	0.033871	0.011544	0.018762	0.012875	0.015195	0.033788	0.006643	0.032082	0.033389	0.018069	0.026745	0.015683	0.018422	0.023331	0.015914	0.020305	0.001251	0.016661	0.010596	0.011503	0.02861	0.020586	0.005364	0.029093	0.027987	0.006383	0.015032	0.020339	0.034316	0.013847	0.027503	0.008419	0.007672	0.021041	0.024457	0.014837	
0.037718	0.002837	0.030802	0.024305	0.033781	0.036286	0.042294	0.023698	0.009282	0.033485	0.035157	0.00719	0.02324	0.034938	0.009215	0.017966	0.016049	0.001743	0.041634	0.02075	0.020823	0.012842	0.038429	0.014495	0.013186	0.009215	0.026985	0.014274	0.015741	0.01355	0.013789	0.018339	0.012618	0.003851	0.025526	0.005168	0.000843	0.041999	0.00658	0.000919	0.039191	0.038588	0.004524	0.003654	0.027315	0.034643	0.003523	0.044703	0.010386	0.001931	
0.018764	0.01615	0.008409	0.031731	0.006114	0.025063	0.032644	0.02074	0.001836	0.032137	0.010191	0.025455	0.024788	0.027329	0.010466	0.01729	0.034325	0.012466	0.011397	0.025736	0.034021	0.029432	0.025519	0.031484	0.02976	0.02342	0.026521	0.01671	0.008146	0.028106	0.000875	0.013631	0.006138	0.024611	0.030919	0.033555	0.02335	0.033705	0.005552	0.004068	0.023965	0.012991	0.008883	0.024838	0.01232	0.033933	0.001064	0.033253	0.024092	0.002107	
0.017342	0.032882	0.035966	0.015545	0.033481	0.004349	0.00257	0.014174	0.031016	0.020435	0.023518	0.033853	0.036988	0.022085	0.021749	0.003269	0.026655	0.038563	0.034977	0.001385	0.013356	0.021235	0.030502	0.020701	0.028096	0.021997	0.003702	0.032548	0.001569	0.021056	0.008895	0.013578	0.006115	0.019412	0.001517	0.031787	0.035045	0.006979	0.009914	0.031719	0.001407	0.030307	0.022331	0.017667	0.022479	0.03661	0.018738	0.000766	0.012124	0.027046	
0.008284	0.016004	0.018209	0.019911	0.017739	0.011537	0.004407	0.028983	6e-05	0.012198	0.037061	0.016094	0.020967	0.001563	0.027594	0.021836	0.004464	0.028643	0.028984	0.018397	0.019437	0.026283	0.015681	0.03008	0.033955	0.031332	0.016011	0.021143	0.014693	0.011844	0.030833	0.02473	0.028294	0.002438	0.041587	0.01734	0.01602	0.00241	0.040831	0.000799	0.014895	0.013405	0.028094	0.030874	0.004597	0.040425	0.004869	0.037049	0.039662	0.017454	
0.038981	0.02385	0.012406	0.010297	0.03174	0.03932	0.040484	0.001909	0.030987	0.000487	0.034624	0.010723	0.006516	0.027044	0.036031	0.012485	0.040005	0.036536	0.003324	0.027482	0.010959	0.037057	0.012025	0.0183	0.027415	0.015504	0.03026	0.012872	0.013292	0.023681	0.03234	0.01818	0.01959	0.008648	0.013032	0.031067	0.014883	0.00833	0.004119	0.000387	0.006471	0.02837	0.020124	0.027127	0.031387	0.02551	0.021658	0.017626	0.001431	0.003124	
0.014793	0.020406	0.022949	0.00555	0.028377	0.027141	0.015762	0.009403	0.034359	0.013889	0.027205	0.007456	0.016017	0.013916	0.035331	0.022129	0.018691	0.021196	0.032541	0.03252	0.015801	0.012561	0.010634	0.000797	0.001183	0.020319	0.005315	0.016604	0.03079	0.023439	0.028208	0.026809	0.010808	0.03015	0.030572	0.00277	0.025774	0.018973	0.034415	0.012625	0.023548	0.01854	0.034893	0.024197	0.013599	0.023585	0.021768	0.014118	0.032985	0.014589	
0.00417	0.035473	0.008025	0.019933	0.0214	0.017219	0.011209	0.010352	0.002773	0.013055	0.010442	0.02016	0.031638	0.0203	0.031555	0.022333	0.000794	0.016242	0.031602	0.025486	0.029743	0.031704	0.032238	0.005789	0.023412	0.002789	0.015418	0.032835	0.00813	0.029134	0.000506	0.028693	0.024788	0.037354	0.004337	0.006068	0.030815	0.032534	0.002028	0.019739	0.028711	0.030888	0.021498	0.018322	0.038196	0.032892	0.012014	0.036943	0.008672	0.019649	
0.037523	0.005099	0.007421	0.028354	0.009729	0.0337	0.016776	0.017296	0.034376	0.015803	0.015376	0.005097	0.015751	0.021857	0.027202	0.028418	0.005012	0.033093	0.013361	0.022486	0.016796	0.003013	0.031982	0.023333	0.034093	0.029649	0.005654	0.027781	0.031184	0.013817	0.026816	0.016983	0.020415	0.023223	0.022514	0.001877	0.037052	0.023833	0.028187	0.004809	0.031967	0.022022	0.014505	0.014746	0.028817	0.009684	0.010301	0.011856	0.008253	0.031108	
0.009667	0.02522	0.005565	0.024551	0.00441	0.009247	0.033546	0.007196	0.024036	0.005004	0.029206	0.021805	0.017	0.031482	0.025263	0.032748	0.022218	0.011744	0.021996	0.000629	0.01785	0.032008	0.025687	0.01871	0.03952	0.030025	0.014595	0.01749	0.030646	0.035539	0.029257	0.01718	0.030138	0.028998	0.019061	0.00182	0.007613	0.032941	0.009204	0.00983	0.027913	0.004122	0.033819	0.004526	0.025369	0.031389	0.019481	0.002142	0.026154	0.01444	
0.025369	0.032393	0.015941	0.012037	0.010218	0.002971	0.011491	0.029008	0.030053	0.012927	0.031143	0.005197	0.005299	0.026388	0.033498	0.011462	0.031671	0.015774	0.005591	0.01647	0.023386	0.025524	0.022903	0.026838	0.030299	0.035843	0.012806	0.008804	0.035281	0.024903	0.012712	0.016263	0.01229	0.006997	0.03175	0.016879	0.014787	0.033347	0.031144	0.007996	0.017854	0.021658	0.013679	0.002246	0.031928	0.026195	0.028704	0.029564	0.029681	0.002838	
0.007846	0.013358	0.005382	0.014619	0.008146	0.017495	0.022152	0.033932	0.008332	0.023533	0.021181	0.010565	0.009702	0.033977	0.035579	0.031453	0.025248	0.033017	0.017154	0.019329	0.027536	0.028053	0.015902	0.03321	0.021823	0.004521	0.006447	0.011584	0.013318	0.025574	0.004846	0.031793	0.013139	0.024398	0.002982	0.010894	0.02233	0.026509	0.013975	0.028926	0.029611	0.020456	0.03057	0.007189	0.034984	0.022736	0.025232	0.022217	0.024021	0.023224	
0.009365	0.016261	0.032594	0.006347	0.016441	0.001175	0.035854	0.003447	0.023269	0.040344	0.038123	0.018978	0.011295	0.000761	0.007119	0.038233	0.01148	0.031749	0.028681	0.001284	0.022128	0.039004	0.01796	0.018196	0.029682	0.035751	0.011092	0.015101	0.043781	0.009142	0.030666	0.025409	0.005785	0.017911	0.001982	0.004413	0.027773	0.019307	0.002397	0.032234	0.00108	0.016292	0.012524	0.003112	0.035379	0.040385	0.043437	0.020295	0.002309	0.042673	
0.012852	0.010413	0.002609	0.006675	0.014914	0.022802	0.01453	0.008285	0.021781	0.015859	0.010014	0.01892	0.035499	0.021308	0.01861	0.019953	0.031273	0.038555	0.026024	0.006754	0.010285	0.012533	0.02627	0.020446	0.030158	0.009667	0.002558	0.036988	0.037276	0.019142	0.028186	0.022956	0.027669	0.005139	0.002215	0.039289	0.034672	0.027749	0.033173	0.00526	0.017486	0.00682	0.001064	0.026505	0.005042	0.031813	0.025651	0.035695	0.034259	0.026404	
0.025625	0.023991	0.004372	0.034463	0.022854	0.032243	0.020702	0.010657	0.018715	0.021361	0.0334	0.011925	0.004138	0.024845	0.02907	0.010106	0.005137	0.031814	0.035476	0.000185	0.020758	0.036211	0.020489	0.019172	0.020607	0.024742	0.000179	0.005101	0.004728	0.028447	0.036466	0.035379	0.034811	0.000238	0.024828	0.019842	0.010749	0.032428	0.022583	0.018057	0.004433	0.011792	0.034397	0.008141	0.018436	0.025671	0.030643	0.032815	0.002315	0.014463	
0.009683	0.005481	0.020744	0.015461	0.019417	0.036677	0.039773	0.039604	0.001381	0.008773	0.002114	0.017888	0.020993	0.029829	0.010621	0.026692	0.002433	0.024916	0.021809	0.003343	0.001992	0.036169	0.019917	0.028771	0.036417	0.001657	0.003507	0.011831	0.02524	0.040264	9.3e-05	0.03061	0.029755	0.015653	0.00404	0.027948	0.014835	0.008722	0.015217	0.022748	0.039004	0.026647	0.029557	0.014728	0.009115	0.021445	0.041384	0.021357	0.033945	0.0298	
0.015453	0.01915	0.024134	0.001997	0.03894	0.007451	0.004073	0.037556	0.012305	0.001084	0.03542	0.020396	0.039926	0.028092	0.031885	0.032815	0.018947	0.036762	0.039657	0.028494	0.014862	0.020411	0.040767	0.034133	0.005265	0.003272	0.035755	0.033437	0.010599	0.010349	0.026253	0.002846	0.003903	0.008835	0.039644	0.000619	0.013078	0.024203	0.024672	0.034061	0.012524	0.004957	0.008488	0.020024	0.024023	0.011368	0.013371	0.005524	0.021297	0.016923	
0.025623	0.014186	0.020915	0.01556	0.022781	0.025752	0.019212	0.023991	0.007361	0.000282	0.0174	0.013889	0.014714	0.040681	0.036609	0.038186	0.011058	0.001547	0.020175	0.009906	0.026606	0.029527	0.024138	0.022933	0.035239	0.009129	0.019929	0.033113	0.012525	0.039934	0.040255	0.027821	0.010689	0.001221	0.02591	0.028488	0.035461	0.004509	0.012606	0.020958	0.028605	0.034209	0.020481	0.002275	0.019607	0.013765	0.015828	0.00399	0.004903	0.015518	
0.006121	0.033034	0.007976	0.010281	0.000449	0.020591	0.03187	0.007329	0.007791	0.022753	0.031065	0.018626	0.022155	0.026273	0.036641	0.029247	0.020014	0.01304	0.003362	0.006053	0.033448	0.035236	0.01518	0.031129	0.03369	0.01441	0.027218	0.030781	0.000281	0.005649	0.030235	0.010743	0.038993	0.014818	0.021722	0.025613	0.029183	0.005234	0.005675	0.013754	0.034043	0.027925	0.008366	0.029039	0.037236	0.020051	0.000912	0.036278	0.017211	0.011276	
0.005134	0.003159	0.00599	0.024011	0.018366	0.018573	0.009501	0.003829	0.011904	0.04074	0.022464	0.011452	0.039481	0.021296	0.014869	0.000355	0.042637	0.041185	0.032563	0.001945	0.012727	0.034572	0.001825	0.036121	0.018653	0.015458	0.036218	0.008001	0.022818	0.021284	0.042153	0.007705	0.022023	0.014038	0.030041	0.020628	0.040934	0.003603	0.032075	0.008287	0.013053	0.003284	0.028475	0.027892	0.036552	0.004648	0.035033	0.00305	0.024568	0.024827	
0.036797	0.007987	0.009912	2.5e-05	0.018941	0.037848	0.030077	0.003404	0.029437	0.029458	0.01996	0.008989	0.005311	0.01211	0.002469	0.022348	0.019797	0.020039	0.038729	0.030235	0.033621	0.028617	0.024525	0.010236	0.013216	0.01824	0.004883	0.021116	0.03127	0.037112	0.014936	0.012706	0.018967	0.028929	0.00279	0.026926	0.014136	0.009432	0.007072	0.019693	0.024879	0.003805	0.02348	0.038656	0.006228	0.023449	0.037579	0.036157	0.006323	0.037148	
0.024406	0.00569	0.007997	0.018018	0.040848	0.020498	0.014239	0.010124	0.039974	0.023685	0.008445	0.034433	0.014174	0.021071	0.012326	0.036142	0.002626	0.006142	0.031123	0.004287	0.018881	0.006281	0.034884	0.021302	0.033362	0.029804	0.028783	0.032524	0.010147	0.037039	0.004189	0.01195	0.038484	0.001539	0.007064	0.029149	0.031433	0.041008	0.005375	0.032783	0.035264	0.003898	0.010725	0.011599	0.015193	0.025171	0.005738	0.021708	0.034352	0.004123	
0.000595	0.01018	0.020435	0.017611	0.021085	0.030933	0.022363	0.03474	0.025215	0.001426	0.006812	0.028686	0.003454	0.022225	0.005684	0.008505	0.009405	0.029677	0.030947	0.031839	0.026909	0.016341	0.031127	0.023837	0.037511	0.02588	0.008269	0.019196	0.02582	0.035243	0.027795	0.023027	0.006362	0.00177	0.001059	0.028739	0.025913	0.009755	0.012966	0.021423	0.000892	0.002259	0.034697	0.028174	0.031369	0.029505	0.035378	0.033707	0.009366	0.023894	
0.011043	0.038889	0.003677	0.02763	0.004345	0.033494	0.030747	0.032422	0.004295	0.036871	0.026612	0.008508	0.015463	0.006252	0.042005	0.000324	0.037843	0.031053	0.007979	0.036088	0.042242	0.003984	0.005329	0.034616	0.017919	0.029917	0.025455	0.012438	0.024008	0.002557	0.039565	0.033506	0.01736	0.018045	0.012231	0.012497	0.039558	0.010303	0.035819	0.002395	0.007695	0.011642	0.00595	0.016064	0.019524	0.037483	0.012919	0.001121	0.022739	0.009579	
0.034406	0.029266	0.007243	0.038612	0.027212	0.031775	0.023486	0.035462	0.038162	0.016432	0.034575	0.000405	0.021356	0.021345	0.004343	0.012811	0.000798	0.039668	0.013394	0.003013	0.039387	0.012298	0.032264	0.014787	0.013471	0.026344	0.007479	0.014962	0.031416	0.011279	0.018098	0.000949	0.02783	0.01342	0.020375	0.001442	0.012073	0.015032	0.019748	0.01519	0.022254	0.012196	0.026206	0.03462	0.008735	0.03634	0.037043	0.018746	0.011127	0.011125	
0.023113	0.01441	0.008705	0.011655	0.0239	0.0058	0.001196	0.022792	0.016609	0.019491	0.023851	0.028268	0.007122	0.014495	0.016082	0.031097	0.034077	0.022944	0.015576	0.043128	0.036031	0.010719	0.029739	0.043103	0.024978	0.018624	0.007168	0.020664	0.019207	0.008126	0.019954	0.016565	0.037908	0.018274	0.013033	0.020218	0.014016	0.032287	0.014569	0.033785	0.019486	0.017444	0.005867	0.035312	0.021201	0.001239	0.039109	0.018602	0.010772	0.007689	
0.025433	0.00148	0.019838	0.036886	0.031896	0.034543	0.026922	0.021181	0.031726	0.002512	0.000438	0.01645	0.017445	0.03102	0.025621	0.012993	0.030687	0.011641	0.006398	0.012024	0.036217	0.002395	0.023568	0.011313	0.015541	0.00761	0.014174	0.034265	0.029804	0.000782	0.026418	0.025649	0.030983	0.031695	0.003495	0.030115	0.038099	0.00443	0.038596	0.005463	0.014222	0.035826	0.00933	0.011399	0.022167	0.024244	0.027735	0.002067	0.028793	0.016471	
0.014182	0.028459	0.023757	0.003426	0.011167	0.030717	0.046409	0.018852	0.022269	0.039107	0.0276	0.001822	0.002645	0.008501	0.017791	0.02813	0.004634	0.019414	0.004248	0.001569	0.037914	0.043627	0.000101	7e-05	0.027961	0.036503	0.013592	0.012865	0.01459	0.018533	0.015453	0.014605	0.019399	0.018279	0.035602	0.015708	0.025666	0.029759	0.04473	0.036	0.028303	0.019853	0.02999	0.040158	0.014146	0.004567	0.003462	0.031422	0.001384	0.011059	
0.85