50
2
-0.769891	0.218133	-0.733218	-0.518821	-0.345722	0.718275	0.33218	0.082324	-0.941972	0.467497	-0.2101	0.604094	-0.491158	-0.88623	0.733297	-0.557942	-0.190021	-0.367807	-0.846675	0.686449	0.697878	0.94293	-0.229246	0.908976	-0.108483	0.339449	-0.835	0.794197	-0.403993	-0.47539	-0.989741	0.086405	-0.048807	0.272747	0.956408	0.817326	0.820306	0.050511	-0.791962	-0.638171	0.90608	-0.176094	0.730034	0.344355	0.257572	-0.448882	0.793495	-0.586217	-0.19119	0.987145	
0.471454	-0.109877	0.121326	-0.177489	0.453976	-0.201606	0.34029	0.409431	0.21912	0.080069	-0.587836	-0.601677	0.591478	-0.419334	0.311926	-0.400766	-0.711043	-0.192087	-0.379461	-0.513204	0.176208	-0.509313	0.495541	0.440293	0.390522	-0.794514	0.887285	0.006679	0.799347	-0.60284	0.188898	0.930817	0.997396	-0.951663	-0.037393	-0.417155	-0.872559	0.139249	-0.989833	0.222555	0.740363	0.767203	0.908639	0.479728	-0.630574	-0.130643	0.771799	-0.489907	-0.113375	0.233874	
-0.793295	-0.019781	-0.910591	-0.376745	0.504079	0.430998	0.883108	0.553791	-0.569543	0.809942	0.104528	0.689796	0.844979	0.657923	-0.211604	0.196376	-0.134604	0.388294	-0.030627	-0.743479	0.288741	-0.590588	0.489914	-0.788766	-0.985381	-0.331022	0.938511	0.401951	-0.172629	-0.758496	-0.879273	0.452423	0.810902	-0.967948	0.168282	0.457208	-0.415605	0.045595	0.629704	0.192654	-0.242889	-0.844884	-0.026188	-0.063612	-0.63693	-0.859728	0.016802	-0.336297	-0.571004	-0.810686	
0.675861	-0.289775	0.65357	-0.948075	-0.995521	0.848836	0.347867	0.989629	-0.04099	-0.681725	0.904566	-0.66786	-0.261429	0.86912	-0.836718	-0.092076	0.774581	-0.36119	0.925316	0.994745	-0.027969	-0.357417	0.946878	0.997437	-0.109574	-0.910509	-0.105878	0.42035	0.252143	0.3413	0.943838	0.323942	-0.8171	0.179462	-0.576838	0.590151	-0.299388	0.004873	0.407078	-0.656745	0.202119	-0.679931	0.653157	-0.334597	0.093394	0.661421	0.938134	-0.34493	-0.823252	0.926978	
0.978607	0.838154	0.700971	-0.012615	-0.062767	0.117906	-0.786196	0.797474	0.230294	0.984092	0.385153	-0.29053	-0.653073	-0.907664	-0.346421	-0.288411	-0.041226	0.317956	-0.828116	-0.407109	-0.593154	0.304319	0.154313	0.363604	-0.56614	-0.955461	-0.922052	-0.086572	0.75522	0.078314	0.050987	0.088453	0.032838	0.772705	-0.179611	0.639044	0.664434	0.188362	-0.603167	0.550609	-0.989137	-0.894507	0.1623	-0.496053	-0.471656	-0.911973	0.793642	0.114897	-0.952796	0.145309	
0.406022	0.429511	-0.107936	-0.149862	-0.446614	0.888839	0.578916	0.983796	0.815815	-0.185143	-0.126471	0.247131	-0.351424	-0.934828	-0.671166	0.112603	0.07409	0.943619	0.063215	0.334942	-0.457471	-0.214053	-0.859542	-0.112303	-0.602375	-0.874809	0.586629	-0.719039	0.786321	-0.634929	0.621805	0.753661	-0.982268	0.234902	0.619627	0.855926	0.166141	0.567003	0.009358	0.157392	-0.528693	-0.143694	0.300198	-0.435118	-0.122993	0.889805	-0.786219	-0.198749	0.589656	-0.7944	
0.107179	-0.298201	0.057048	-0.343199	-0.846782	0.789448	0.96715	-0.14801	0.410441	-0.157174	0.526599	0.595116	-0.384042	-0.913153	0.990713	0.407565	0.444771	0.302492	-0.869017	-0.895948	-0.020272	0.611886	0.958236	0.164109	-0.813221	-0.30015	0.885821	0.311528	-0.133106	0.922851	0.50965	-0.671726	-0.712842	0.311027	0.959481	0.621028	0.432021	0.539481	-0.674168	-0.022504	0.222315	-0.621287	-0.89206	-0.476895	0.775235	-0.917477	-0.423635	-0.812081	0.361684	-0.495956	
-0.01029	-0.408362	0.76312	0.442949	-0.604955	0.239224	-0.729813	-0.404337	-0.2721	-0.18118	0.870457	-0.899095	0.617974	0.250723	0.637958	-0.475541	-0.964205	-0.84098	-0.839275	-0.661382	-0.6523	0.387118	0.339941	-0.93651	0.127694	0.860282	0.146601	-0.139557	-0.70035	0.274026	-0.225896	-0.39849	-0.767855	-0.396353	-0.660569	-0.307968	-0.621492	0.329286	0.649114	0.515302	-0.16106	-0.512671	0.13822	0.796312	0.482734	0.385899	-0.250585	-0.647346	-0.65863	0.986505	
-0.671937	0.685344	0.556208	0.1256	0.825662	0.831537	0.704532	-0.678872	-0.342478	-0.022132	-0.210156	-0.798646	0.69598	-0.417468	-0.365355	0.553679	-0.319377	0.627726	-0.765384	0.544249	-0.271242	-0.463833	0.184242	-0.38486	0.287814	0.432087	0.785905	-0.360607	0.863762	0.971653	0.13631	-0.261175	0.919728	0.612238	0.128555	0.358317	0.671392	-0.412057	-0.760139	0.039698	-0.105064	-0.611951	-0.189107	0.001545	-0.017349	0.113321	0.012451	0.657021	-0.893109	0.91084	
-0.768538	-0.927628	0.920947	0.722259	0.918713	0.98972	0.170279	0.097366	-0.479342	-0.762226	0.616358	0.373927	-0.596361	0.77987	0.038069	-0.609765	0.001365	-0.767015	0.20158	0.636508	-0.51846	0.116427	-0.655306	0.585269	-0.404737	0.939538	0.140814	-0.207194	0.150531	-0.971876	0.59607	0.223513	0.821121	0.897027	0.62188	-0.84096	0.960653	0.482545	0.452609	-0.234338	-0.848784	-0.04744	-0.887828	0.152562	0.564849	-0.038667	0.014155	-0.408274	-0.973925	-0.05253	
0.475411	-0.884162	0.695945	-0.476794	-0.109913	-0.023014	-0.617205	-0.924227	-0.111044	-0.540947	0.980006	-0.829974	0.393911	0.643492	0.071778	-0.279872	-0.911293	0.185695	0.648505	-0.564789	-0.728699	0.210157	0.07485	-0.737389	0.158749	0.280008	-0.601638	0.334908	0.47845	-0.589735	-0.514587	0.508715	-0.816707	-0.163712	0.618448	-0.356775	-0.755342	-0.230321	-0.05645	-0.570289	-0.98112	-0.271067	-0.740672	-0.677672	0.566513	-0.121493	-0.495081	-0.440825	0.294257	0.846086	
0.992856	-0.036624	0.153949	-0.934067	0.969423	0.982878	-0.521824	0.355053	0.475014	0.394525	0.112894	-0.020256	-0.133237	0.147592	0.397364	0.538709	0.300005	-0.630543	0.685375	-0.359987	-0.441359	-0.433134	0.008436	0.409993	0.529999	0.41621	-0.908953	-0.287093	0.40475	0.11569	0.890111	0.329516	0.852519	-0.44599	0.542757	-0.728357	0.382939	0.26353	0.334329	0.678938	-0.010219	0.373691	-0.431402	-0.040289	0.778425	0.379633	-0.807351	-0.79736	-0.065824	0.723086	
0.075142	0.195992	0.259041	-0.678865	0.635999	-0.002324	-0.841061	0.057238	-0.773894	0.472796	-0.169924	-0.354127	-0.715425	0.74258	-0.886176	0.262734	0.376299	0.934781	-0.299075	0.298163	-0.533541	-0.411638	0.609189	0.075294	-0.983668	0.117525	0.154392	0.083666	-0.549335	-0.870619	-0.370408	0.076639	0.25138	-0.573228	0.423124	-0.90821	-0.30554	0.054514	0.656281	0.528254	0.25205	-0.206251	0.894524	-0.756547	0.873982	0.2754	0.424726	-0.134188	0.021094	0.245448	
-0.239304	0.335056	-0.806813	0.067499	-0.803639	-0.133075	0.933403	-0.736228	0.812322	-0.322115	-0.216556	-0.283884	0.745601	-0.450146	-0.087622	0.432024	-0.947219	-0.084341	0.233097	-0.880797	0.701028	-0.400702	0.859359	-0.264837	0.366941	0.529092	0.440175	-0.703791	-0.216377	0.844212	-0.408101	0.99259	0.621247	0.807596	-0.051365	0.564291	-0.654924	-0.548877	0.792127	0.31755	0.502434	0.998226	0.738849	-0.13419	-0.123288	0.30183	0.475265	0.233051	-0.585153	-0.257568	
0.804374	-0.614264	0.499841	0.713412	0.535174	-0.639523	-0.365557	0.890042	-0.360029	0.821175	0.531829	0.897846	-0.188854	0.04396	-0.935697	-0.702836	0.157035	-0.938201	-0.927203	-0.601687	-0.150469	-0.697765	0.075268	-0.909463	-0.303502	-0.300361	-0.379446	-0.422233	-0.05253	-0.720027	0.144513	0.315463	0.217378	-0.277199	-0.152446	0.87946	0.31485	-0.21727	-0.249588	-0.727042	0.720353	0.805231	0.089802	0.473	0.601683	0.828523	0.001866	0.875925	0.63864	-0.756453	
0.019884	0.637128	0.99729	-0.320582	-0.527871	0.275206	-0.948011	-0.850684	0.51173	0.741441	0.687243	0.077477	0.811055	0.927674	0.243973	0.346665	0.807224	0.550768	0.760484	0.198338	-0.349716	-0.214498	-0.546825	-0.978108	-0.970859	0.65959	-0.327607	0.249901	0.116835	-0.161323	-0.419909	-0.149313	-0.040068	0.738756	-0.500823	-0.824389	0.965808	-0.081905	0.479238	-0.949413	0.319983	-0.856169	-0.234866	-0.000548	-0.260325	-0.369985	0.828301	-0.45429	-0.565571	0.958559	
-0.166046	0.24592	0.817769	0.418045	-0.159365	0.751039	0.581219	0.765143	0.556238	0.624609	0.87369	-0.546	-0.010388	-0.108999	-0.493083	0.080487	-0.151644	0.546924	-0.380243	0.387728	0.403393	-0.910356	-0.664073	-0.426786	0.458193	0.815671	0.706054	-0.223681	-0.570935	0.71549	0.251655	-0.376278	-0.812816	0.061838	0.494543	0.919654	0.173581	-0.184586	-0.819881	0.180231	-0.394999	-0.054755	0.146771	0.7673	0.960346	0.321815	0.602611	-0.969122	-0.355759	0.169247	
-0.708755	0.616046	0.14722	0.916136	0.925075	0.554254	-0.792559	-0.748717	-0.988741	0.53555	-0.754887	-0.291783	-0.551901	-0.205257	0.811263	0.754031	0.381395	-0.032555	0.487508	0.442004	0.778202	0.401485	-0.769892	-0.034457	0.934436	-0.616986	0.4751	-0.385536	-0.698179	0.89661	-0.076118	-0.908229	-0.360645	0.724513	-0.60988	-0.901093	-0.660201	0.289027	0.980649	-0.722984	-0.765299	-0.471229	-0.725978	0.711795	0.545115	0.635845	-0.103064	0.931596	0.579023	0.896792	
-0.673442	0.514533	0.723503	-0.442115	-0.824667	-0.116024	0.609578	-0.00191	0.730295	0.81263	0.062057	-0.981866	0.521535	0.350303	-0.637668	0.678299	-0.448332	0.600024	-0.101105	0.267839	-0.928316	-0.746232	-0.516047	0.475241	-0.13513	0.073574	-0.354871	-0.144472	0.266693	-0.631735	-0.16094	0.354625	0.69713	-0.166556	0.478348	-0.852196	0.087478	-0.321801	-0.105807	-0.684065	-0.692763	-0.023572	0.278409	0.706995	0.847503	0.450656	-0.322514	-0.177745	0.229047	0.49299	
-0.027851	0.346532	-0.389741	-0.695454	-0.170633	-0.903548	-0.280624	-0.254231	0.883396	-0.361733	0.70822	-0.184111	0.763016	0.837345	-0.938063	0.134789	0.770063	0.590034	-0.203439	0.244992	-0.388284	0.189088	-0.090992	-0.123993	0.68018	0.543247	0.876161	-0.939847	-0.267602	0.151676	-0.460013	-0.390304	-0.407697	-0.533758	0.456136	-0.588776	-0.723593	-0.620237	0.682427	-0.603608	0.653897	0.3525	0.69631	0.956996	0.744103	0.279389	0.021107	0.431555	-0.356614	-0.231748	
0.039939	-0.768753	0.703566	-0.929732	-0.106149	0.415063	0.018612	0.416019	0.818431	0.636264	-0.376283	-0.497512	0.076656	-0.96431	0.031188	-0.966383	0.225266	0.327309	-0.349698	-0.025543	0.655368	0.711794	-0.000649	0.788182	-0.039756	-0.652011	-0.722609	0.833136	-0.636624	0.135701	-0.597878	-0.306847	-0.789975	-0.986121	-0.166803	0.289886	0.296131	-0.85348	0.17015	-0.927493	0.538146	-0.817022	0.317683	0.761952	-0.039514	0.854356	-0.923103	0.031868	-0.643386	-0.523939	
0.660304	0.355345	0.613256	0.508928	-0.919697	0.163857	-0.688364	0.804557	0.097744	0.664607	-0.029683	-0.332307	-0.25641	-0.909497	0.107479	-0.459376	0.604896	-0.236349	0.160398	-0.254271	0.711258	-0.576504	0.326367	-0.724805	0.209126	-0.569303	-0.401462	-0.21334	0.785991	0.443793	0.824898	-0.272832	0.214296	0.330274	-0.219912	-0.113824	-0.554483	-0.290064	-0.252089	0.623737	0.574243	-0.860631	0.392083	-0.399872	-0.771647	0.515666	0.073206	0.344837	-0.255767	-0.238168	
0.496306	-0.388256	-0.017055	0.504312	-0.561509	0.85961	0.635352	-0.509832	-0.238953	0.194891	0.751786	-0.435205	-0.316088	0.700865	0.976548	-0.709972	0.558194	0.143332	0.057376	-0.210021	-0.197072	0.460497	-0.540907	-0.356552	0.90489	-0.071945	0.791048	0.893053	0.415514	-0.603558	0.267709	0.307058	-0.94187	0.392818	0.071521	0.320494	0.714314	0.119352	-0.383524	-0.395762	-0.589664	-0.282151	0.186733	0.833825	-0.928294	-0.560897	-0.660708	-0.777121	-0.33388	-0.087079	
0.367393	-0.258449	0.116858	0.129997	-0.670676	0.146684	0.574759	-0.516121	0.071361	0.208578	0.994799	-0.014626	-0.312239	-0.270837	-0.169057	-0.87101	0.311385	-0.190437	-0.20051	-0.808728	-0.475518	-0.355842	0.929196	-0.590725	0.392521	-0.189156	-0.712696	-0.919078	-0.002863	0.919646	-0.949805	-0.510888	0.665857	-0.130047	-0.692768	0.66619	-0.689532	0.309794	-0.92449	-0.750492	0.583969	-0.181152	-0.139823	0.259646	0.707426	-0.679622	0.759369	-0.107842	0.22304	-0.684173	
-0.436994	0.93909	0.332708	0.157976	-0.708934	0.910814	-0.060723	-0.654058	-0.535239	0.805296	-0.39691	-0.275869	0.867991	0.933111	0.392073	0.629613	-0.329056	0.449821	0.415628	-0.130632	0.453975	0.526927	-0.336657	0.108771	-0.286009	0.192895	0.373681	-0.785847	-0.867525	0.373184	0.468418	-0.893707	-0.972769	-0.219155	0.576698	0.659652	0.885359	0.318854	0.713706	0.640897	-0.284545	0.901002	0.761716	-0.090939	-0.576474	-0.322481	0.571995	0.653451	0.054688	0.735832	
-0.726336	0.645993	-0.076374	-0.575058	0.219908	0.813353	0.378011	0.59371	0.251124	-0.015586	-0.118863	0.480495	0.561211	-0.026273	0.984457	-0.234417	0.112315	0.123439	0.237439	-0.606432	0.012475	0.507213	0.00804	0.496306	-0.61874	-0.933264	-0.515222	0.718615	-0.735608	-0.458224	-0.865648	0.060957	-0.105513	0.561514	-0.820377	-0.857837	-0.509556	0.812199	0.112121	0.643139	0.288077	0.793906	-0.025058	0.594799	0.106911	-0.427617	-0.534519	0.803088	0.044615	-0.976459	
0.775749	0.094349	0.804518	-0.203875	0.072028	-0.431429	0.410306	-0.970109	0.234202	-0.441156	-0.854214	-0.922091	-0.060274	0.137257	0.472814	0.968355	0.44573	-0.984287	-0.220366	0.451647	-0.788535	-0.79586	0.894756	0.579113	0.82874	-0.018014	0.109341	-0.840099	0.410171	-0.384973	0.920568	0.81452	-0.773742	-0.5056	-0.72374	-0.31243	0.95664	0.79175	-0.362284	-0.033674	0.130287	0.335465	-0.529539	0.012745	0.457834	0.774987	-0.754497	0.880342	0.674185	-0.87962	
0.030891	-0.780419	-0.15031	-0.014019	0.488755	0.897774	0.834131	0.705144	-0.968128	-0.717405	0.842174	0.178916	-0.220243	-0.638276	-0.847336	0.062019	0.815706	0.189055	-0.98127	-0.142597	-0.240359	-0.741683	0.350161	-0.121238	0.492324	0.189578	-0.270133	0.305858	-0.397818	0.973367	-0.022583	0.444609	-0.643003	0.55186	-0.687645	-0.028731	-0.030163	0.806119	-0.814956	0.309819	-0.99588	-0.031848	-0.601339	-0.169611	0.710548	0.05203	0.368917	-0.078787	0.759763	0.154581	
-0.618019	0.555425	-0.615416	0.685791	0.795671	0.302193	0.523227	-0.323729	-0.70595	-0.284369	-0.774182	0.053218	-0.369793	-0.332566	0.955981	-0.712703	0.086683	0.242724	0.629082	0.599725	0.566634	0.293378	0.49112	0.837419	-0.314791	-0.521634	-0.588431	0.176692	-0.448618	0.935774	-0.035219	0.839614	0.521265	0.986443	0.487284	-0.102967	0.058865	-0.81895	0.458836	-0.103697	-0.026262	-0.865806	0.593474	-0.62753	-0.433845	0.250256	0.48276	-0.812747	-0.496663	0.757178	
0.843526	0.021526	0.993976	-0.331256	-0.209997	0.090118	-0.912626	-0.228885	0.364511	-0.933291	0.851419	0.268989	-0.297075	-0.788615	0.96428	0.624839	0.895274	0.2026	-0.046129	-0.873535	0.503602	-0.898038	0.442656	-0.975787	-0.003384	-0.706813	0.877935	0.588224	-0.688974	0.041767	0.357587	0.600016	0.219262	-0.765709	-0.427883	0.061493	-0.875013	0.649266	0.499653	-0.786559	-0.17034	-0.499584	0.502372	0.725178	0.866734	0.865531	0.830197	-0.65644	0.308234	-0.367628	
0.632725	0.566581	-0.022832	0.264021	-0.371867	0.241585	0.217809	0.056033	-0.3632	0.75129	-0.58368	-0.841672	-0.142015	-0.489451	-0.356879	0.075522	-0.849014	0.373435	0.297638	-0.761891	-0.609904	-0.584125	-0.630278	-0.309118	-0.426203	0.07522	0.699904	-0.985915	0.869387	0.265137	0.296793	0.688108	0.388866	-0.987888	-0.326343	0.324734	0.834095	-0.772362	-0.767652	-0.315914	0.102878	-0.393869	-0.05841	0.851831	-0.129794	0.692646	0.701835	-0.545554	0.726946	0.269612	
-0.472528	-0.220037	0.93883	-0.988625	-0.953776	0.336734	-0.468159	-0.414239	0.757672	0.363913	-0.416002	0.512867	-0.746746	-0.408883	0.435698	0.848737	-0.760012	0.3213	-0.177361	-0.729419	-0.824481	-0.692131	0.332644	-0.22738	-0.606928	0.230325	0.780399	0.66845	-0.159255	0.701224	-0.430171	-0.905534	0.777699	0.05911	-0.678908	0.586519	-0.509581	0.143096	0.957973	-0.929203	0.230914	-0.538901	-0.788866	-0.067589	0.927038	0.211047	0.417566	-0.436128	0.30458	0.605831	
-0.989379	-0.173528	0.117295	-0.692418	-0.382933	0.578747	0.697416	-0.9922	-0.521623	-0.393142	0.987313	-0.48766	-0.42451	-0.624422	0.615617	0.326676	0.222957	-0.551814	0.906366	0.461452	0.551081	0.565983	-0.395202	0.346582	0.407268	-0.431195	-0.321828	0.193619	-0.731196	-0.745477	0.486743	-0.490168	0.845241	-0.015248	0.886712	0.1351	-0.355969	-0.531176	0.42416	-0.757017	-0.824472	0.739054	-0.997302	0.795165	0.314018	0.826242	0.810731	0.815198	0.045723	-0.956403	
0.720798	0.72323	0.209934	-0.96592	0.499492	0.813739	-0.64943	-0.045848	-0.262263	-0.751144	0.24335	-0.360315	0.830101	0.980251	0.8764	0.683358	0.438212	0.062989	0.248284	0.749919	0.521291	0.26838	0.529274	-0.770138	0.953796	-0.27153	0.772676	0.573089	0.327974	0.17574	0.455002	-0.974884	-0.752656	-0.232991	0.702413	-0.331488	-0.628608	-0.040478	-0.540395	0.745074	-0.424097	-0.84211	-0.265882	-0.785767	0.313045	0.099823	-0.178118	0.189473	0.829999	-0.000795	
-0.271571	0.716117	0.514414	-0.203231	-0.305338	0.549302	0.450987	0.80594	0.842502	-0.051632	-0.658343	0.248001	-0.771077	0.782273	0.821343	0.859663	0.253976	-0.371891	0.634987	-0.541216	0.250732	0.030616	0.78448	-0.434681	0.791063	-0.767616	-0.103948	0.855988	0.932901	0.628209	-0.812664	0.499267	-0.225876	-0.951144	0.643564	0.333949	-0.255018	-0.994315	0.332253	-0.444876	-0.798482	0.940719	0.666304	0.356108	-0.467293	-0.400758	-0.849406	-0.115465	-0.350259	-0.904195	
0.203812	0.372404	-0.503094	0.116652	-0.118312	0.108451	0.67394	-0.496244	0.05749	0.217489	-0.694141	-0.279005	0.669015	-0.770983	-0.11429	0.430752	0.130901	0.330265	0.835943	0.298203	0.314663	0.547593	0.99804	-0.627565	0.17089	-0.280253	0.018687	-0.255449	-0.415804	-0.596968	-0.475507	-0.689106	-0.881132	0.257185	-0.624312	0.629677	-0.035383	-0.06592	-0.481418	-0.558429	-0.385962	-0.617653	-0.163949	0.945818	-0.187667	0.671036	0.025158	-0.717684	0.844053	-0.709964	
0.813032	-0.01787	0.644133	-0.261058	-0.164674	-0.583619	0.227472	0.010559	-0.439344	0.246396	0.950897	0.770576	0.429701	0.166595	0.516638	-0.743592	0.071957	0.0873	-0.55296	-0.604111	0.862209	0.871821	0.238085	0.300765	0.316074	-0.546331	0.62856	0.855309	0.070819	0.043163	-0.43097	-0.599072	-0.177547	0.306618	-0.50948	0.91672	-0.862899	-0.497019	-0.582175	-0.523246	-0.213833	-0.762698	-0.70158	-0.457601	0.194827	-0.17232	0.45566	0.775735	-0.439967	0.451984	
0.55217	0.017783	-0.08357	0.568558	-0.033713	0.819971	0.278562	0.870423	-0.539072	0.9516	0.068317	-0.094732	-0.688259	-0.729446	-0.862145	-0.652201	-0.566428	0.55015	0.443182	0.976907	-0.247923	-0.954052	0.44245	0.338069	0.357109	0.482157	0.370072	-0.528053	-0.197418	0.922516	0.484631	0.928198	0.842349	0.557573	0.797913	-0.074461	-0.835075	0.572804	-0.744268	-0.968931	0.022713	0.849407	-0.989993	0.970503	-0.952914	-0.690827	-0.129416	-0.14392	-0.01222	-0.580927	
0.711175	0.429394	0.167336	0.516832	0.218472	-0.235602	-0.622424	0.923091	0.10077	0.196217	0.400992	0.167657	0.649162	-0.328751	-0.399103	0.88833	-0.057817	-0.123682	0.661089	0.358408	0.746869	-0.940275	0.847911	-0.272194	0.815852	0.61234	-0.536334	-0.808771	-0.088899	-0.88522	0.611343	0.516391	-0.771533	0.847241	-0.549946	0.672371	-0.081118	-0.94871	-0.524053	-0.641628	-0.820187	0.413446	-0.789278	-0.131921	0.382243	0.844163	-0.711457	0.530576	0.182549	0.666296	
0.775486	0.312716	-0.081618	0.088604	-0.550728	-0.859294	-0.790662	0.529374	-0.376732	-0.202766	0.008327	0.315129	0.254475	0.432982	0.227153	-0.752976	-0.43941	-0.96949	0.622752	0.655727	-0.465084	0.253249	0.348325	0.570193	0.695657	0.872235	-0.833728	0.786895	0.624647	-0.060205	0.113746	0.838196	0.71479	-0.834	0.073673	0.674206	0.421494	0.462731	0.142517	-0.134677	0.43092	0.520108	0.6738	-0.267358	-0.017656	-0.297172	-0.579301	-0.905321	0.963884	-0.364077	
0.818286	-0.158813	0.038302	-0.700233	-0.971272	0.007067	0.202413	-0.801712	-0.819799	0.598766	-0.177683	-0.711161	0.929818	-0.69706	-0.150209	-0.247438	0.563167	-0.526733	-0.543728	-0.414258	0.736336	-0.293245	0.072036	0.474546	-0.286287	-0.271865	-0.371379	-0.049669	0.857592	0.281225	-0.086566	-0.368966	0.824078	-0.04807	-0.629806	0.35705	-0.218938	0.348071	0.15425	0.956914	0.427683	0.790521	-0.177672	0.539069	0.289451	-0.173512	-0.546615	0.310997	0.120295	-0.288874	
0.977922	-0.857983	0.236417	-0.061532	0.31396	0.826115	0.322425	0.192575	-0.336465	-0.38753	0.647402	-0.522948	0.968731	0.91947	0.020913	-0.702272	0.042197	-0.381295	0.685465	-0.837747	-0.729211	0.343471	0.878886	-0.032852	0.400422	-0.627881	0.746791	-0.947646	0.258996	0.266906	0.039284	-0.738036	-0.186782	-0.935103	-0.839379	0.949083	-0.06229	0.018205	-0.471996	-0.6345	0.27946	0.097062	0.610529	0.297469	0.56994	0.28206	0.95926	-0.19434	0.212281	0.246794	
-0.84964	-0.568608	-0.052221	0.459316	0.406059	-0.795886	-0.133429	-0.096084	-0.720543	0.924895	0.666545	0.44755	-0.45806	-0.057668	-0.173855	0.262499	0.858881	-0.781088	0.057483	0.744497	0.638513	-0.048739	0.376729	0.055463	-0.011103	-0.304104	-0.068478	0.975064	0.22677	0.306941	-0.727425	0.134133	-0.000488	0.901839	0.987061	-0.679071	-0.318894	-0.314585	-0.495352	0.492509	0.183554	0.678207	-0.419587	-0.755719	-0.094996	0.054797	0.833426	0.877279	0.766755	0.597766	
-0.148927	0.287187	0.663322	0.534869	-0.45561	-0.402378	0.706859	-0.329223	-0.858077	0.485724	0.756169	0.384079	-0.279143	0.577396	0.917555	-0.510123	0.885384	-0.191598	0.23912	0.243926	-0.041596	0.105238	-0.498013	0.934823	0.759629	-0.912572	-0.921982	-0.761751	0.690197	-0.956562	-0.360022	0.159472	0.827603	-0.202588	-0.49999	0.518831	-0.392787	-0.86981	-0.618483	0.229708	-0.289593	0.246576	0.555452	-0.679949	-0.639228	0.069794	0.900157	0.653372	0.284659	0.125584	
-0.01685	0.079695	0.669694	0.814133	0.750882	0.166842	-0.027853	-0.623619	0.922793	-0.388646	-0.161821	0.349233	0.26601	-0.631812	0.908092	0.52905	-0.805042	-0.092229	-0.686366	-0.759879	-0.941671	0.203593	-0.118061	-0.183237	0.471921	-0.468153	0.699691	-0.295061	-0.888412	-0.114835	0.831207	0.011587	-0.168051	-0.963849	-0.398283	-0.58935	0.838682	0.975988	0.375267	-0.451787	-0.175626	0.961445	0.464803	-0.344618	0.548933	0.400084	0.666599	-0.780624	-0.310042	0.425995	
-0.977435	0.077332	-0.120259	0.450162	0.52399	0.827077	-0.271614	-0.318839	-0.734365	-0.728394	-0.586151	-0.454921	-0.432086	0.341118	0.620294	0.287032	-0.166642	-0.887738	0.099862	0.375464	-0.310135	0.580029	0.243206	0.931614	0.935041	-0.527889	-0.695334	-0.174202	0.525126	-0.768898	0.964955	-0.452364	0.257051	0.809155	0.59672	-0.499243	0.664184	-0.188345	0.273589	0.8313	0.48943	0.898511	0.939638	0.299281	0.961283	0.610538	0.59369	0.728651	0.513159	-0.479328	
0.032047	0.960976	-0.545831	-0.449548	-0.153139	0.966618	-0.570432	0.946783	0.311839	-0.724877	0.735894	0.150111	0.448225	-0.577437	0.867422	-0.702293	0.440778	-0.201431	-0.196572	0.771816	-0.783816	-0.280177	0.159467	0.135653	0.066479	-0.144112	0.461321	-0.603587	-0.903238	-0.011651	0.912554	-0.100448	-0.895707	0.998914	-0.805358	0.733938	0.781999	0.682645	0.644862	0.589566	0.164499	-0.190974	0.82673	0.576138	0.911978	-0.801779	0.046668	0.859365	-0.979575	0.34959	
0.397741	-0.034121	0.592654	-0.601912	0.34327	-0.568191	0.999531	0.107387	-0.827253	0.688339	-0.140006	-0.322411	0.456048	0.676247	0.561762	0.452153	0.380369	-0.617274	0.310795	0.45545	0.349601	-0.976598	-0.763909	0.20649	0.854548	0.562626	-0.720949	0.323063	-0.529778	0.320812	-0.387299	-0.708736	-0.329854	0.274334	-0.148029	-0.691092	0.158896	0.044818	0.619155	-0.567701	-0.22423	-0.084546	-0.50956	-0.008297	0.50372	0.540894	0.443599	-0.125792	-0.180146	-0.694304	
-0.952141	-0.423537	-0.998096	-0.504295	-0.056461	-0.569132	0.157874	-0.960421	-0.979356	-0.55295	0.21368	-0.240185	0.12585	0.690093	0.438767	-0.683961	0.554092	-0.454766	0.010508	-0.378769	0.790954	-0.488139	-0.505919	-0.15252	-0.99558	-0.346492	0.078415	-0.508546	-0.915942	-0.910734	-0.566208	0.911631	0.787078	-0.398562	0.50658	0.162409	0.064668	0.665598	-0.205561	-0.332851	-0.257701	0.661619	-0.326161	-0.568777	-0.556903	-0.958356	0.637464	-0.246001	-0.599563	0.180172	
-0.299923	0.409028	-0.121525	0.919831	-0.60648	0.252119	-0.797606	-0.581856	0.727482	0.43941	-0.106273	-0.397611	-0.565135	0.166608	0.344224	-0.712978	0.128065	0.924695	0.937497	0.269497	0.540013	-0.838569	-0.594704	0.914669	-0.618781	0.717889	0.774641	0.874055	0.997779	0.105227	0.581478	0.094572	0.327201	-0.949807	0.100413	-0.268491	0.982765	-0.882551	-0.181287	-0.279269	-0.14618	0.450829	0.820189	-0.593483	0.861109	0.378319	-0.484505	0.204685	-0.88738	-0.115834	
0.290466	0.900886	-0.238128	0.568356	-0.683328	0.949829	-0.796899	0.318994	0.649692	0.315096	-0.65493	0.825055	-0.378561	-0.074094	0.879858	0.676004	0.796344	0.885735	-0.35769	0.043261	-0.843224	0.432012	0.73315	0.22041	-0.328872	-0.177182	0.408299	0.023434	-0.675064	-0.854105	-0.88874	0.952249	-0.351541	-0.29052	-0.712526	-0.33975	0.352967	0.925289	0.2136	-0.137312	-0.087682	-0.740366	0.928891	0.047454	-0.573355	-0.620896	0.598347	-0.052869	0.781792	-0.087073	
0.276353	-0.716575	0.901019	0.940676	0.883317	0.966064	0.781396	0.567834	0.078741	0.252822	0.948032	-0.575188	-0.577574	-0.136272	0.493417	0.434048	-0.338033	-0.090273	-0.000516	0.755492	0.889797	0.686448	-0.643673	0.165289	0.43234	-0.920229	0.14203	0.984634	0.524016	0.859234	-0.660813	0.365723	-0.269196	0.429688	-0.822657	-0.667979	-0.809216	0.37264	-0.63541	-0.317102	-0.664145	-0.856064	0.689838	0.599247	-0.9704	0.408844	0.856824	0.049246	-0.246938	0.890033	
-0.0634	0.720201	-0.237891	0.783013	0.641176	-0.136731	-0.359961	-0.643198	-0.127315	-0.301418	-0.417342	-0.51144	-0.879504	-0.300894	0.22276	0.0932	0.562399	-0.412861	-0.855175	0.242992	0.709474	-0.822757	-0.8645	0.554768	-0.813321	-0.238274	0.322719	-0.095568	-0.576395	0.296844	0.853066	0.727026	0.431903	-0.79052	-0.21938	-0.63157	0.793486	-0.106527	-0.962904	-0.951497	-0.752576	-0.952029	0.35716	0.051792	-0.064183	-0.117562	0.165305	-0.973681	0.407667	-0.98984	
-0.456219	-0.41913	0.387468	0.781351	0.466077	0.292427	-0.794315	-0.218784	0.760023	0.175781	-0.485838	0.120431	-0.776881	-0.465463	-0.460699	-0.189325	0.680109	0.175885	-0.773353	0.207279	-0.347627	0.548209	0.853934	-0.134768	-0.962434	0.197063	-0.992409	-0.098727	0.682895	-0.292433	-0.879792	-0.266495	0.736235	-0.171462	0.352787	-0.826412	-0.451501	0.741115	0.994381	-0.21833	-0.620262	-0.509556	0.201408	-0.96508	0.807085	0.652455	-0.986109	-0.805966	-0.023142	0.702933	
-0.884326	-0.628526	0.318015	0.685764	0.701845	-0.38958	0.288266	-0.891135	0.138523	0.978509	0.59133	-0.154366	0.572253	0.423271	0.354899	-0.581056	0.825913	-0.257728	0.010428	0.224927	-0.520385	0.025523	-0.30406	0.300418	0.240326	-0.513102	0.322366	-0.483718	-0.190672	-0.768167	0.068462	0.624002	0.429389	-0.524437	0.425729	-0.381007	0.016144	0.653575	0.055476	-0.87623	0.360868	-0.433304	-0.272627	-0.751423	-0.5295	0.518989	0.95662	0.758097	-0.255047	0.573601	
-0.775165	-0.039202	0.396167	0.557511	-0.398368	-0.88461	0.215127	0.62428	0.772616	0.325768	0.33155	0.886208	-0.421517	0.044539	-0.996041	-0.497767	-0.108811	-0.026115	-0.725621	-0.905963	-0.507982	0.632116	-0.277404	0.169681	-0.459964	-0.698478	0.317775	0.753689	0.95006	0.814636	0.291606	0.437102	0.911225	-0.452226	0.181656	-0.125022	-0.951444	0.781214	0.19832	0.419271	-0.773665	-0.088878	-0.056651	-0.102061	0.024354	-0.208378	-0.81075	-0.744192	0.166838	0.464773	
-0.968714	-0.039649	-0.90665	-0.770697	-0.121556	0.639149	-0.038887	0.799503	-0.565341	0.229854	0.594507	0.529731	0.859997	0.004443	0.831665	-0.657215	-0.097946	-0.878902	0.535243	0.127365	0.856951	-0.384498	-0.404288	0.015633	-0.047293	0.976381	0.341803	0.887544	-0.482867	0.25154	-0.264818	-0.363266	-0.074998	-0.941609	0.029417	0.379514	-0.181646	-0.593117	0.254747	0.894388	-0.80555	-0.726096	-0.17752	-0.880507	-0.14506	0.951621	0.149106	0.397367	-0.955672	0.378822	
0.667974	0.057917	0.118411	0.428919	-0.894034	-0.027383	-0.633509	0.750195	-0.561719	0.281842	-0.600701	-0.514323	-0.587982	-0.041074	-0.605332	0.666275	-0.424638	0.098822	0.423825	-0.320195	0.388778	-0.043071	0.017712	-0.692175	-0.049493	-0.741552	0.02242	-0.081088	0.529112	0.248481	0.446903	0.776787	-0.573362	-0.389499	0.066757	-0.101524	-0.222044	-0.675419	0.530421	-0.44405	-0.923233	-0.153692	-0.181305	0.817257	0.415191	0.627884	0.877381	0.663759	-0.744361	-0.556027	
-0.846158	0.049165	-0.807081	0.173332	-0.191761	0.959079	-0.558502	-0.295787	-0.486775	0.691134	0.145552	-0.704703	-0.851116	0.338576	0.08433	0.608994	-0.835339	0.825755	-0.412944	0.825408	0.601834	0.212663	0.753196	0.848399	0.062865	-0.080621	0.253127	-0.117142	-0.963669	0.348853	-0.651106	0.313638	0.395538	-0.228167	-0.228715	-0.497944	0.41484	-0.708201	-0.875669	0.559228	0.504871	-0.104994	0.889107	-0.047209	0.863501	0.55151	-0.437048	0.687268	0.092963	0.552562	
-0.094435	0.603753	-0.310162	0.653724	-0.622737	-0.076521	-0.543229	0.848795	-0.599531	-0.574152	0.115759	-0.962171	0.093701	0.854601	0.570717	0.783577	0.938391	0.045449	-0.76156	-0.756278	-0.694543	0.883261	0.318503	-0.724062	0.251775	-0.56925	0.582829	-0.054757	-0.268348	-0.206985	0.94957	-0.940516	0.380525	0.595545	0.352591	0.944701	0.702823	0.043198	-0.410745	0.919202	-0.518997	0.450626	0.634743	-0.701995	-0.879855	-0.297469	-0.207109	0.705459	-0.417991	0.774111	
0.991967	0.272815	0.66348	-0.43633	-0.784298	0.259966	-0.825043	-0.942025	0.463691	0.344418	-0.351698	-0.566023	-0.063594	0.169142	-0.859044	-0.732343	-0.59519	0.004083	-0.953609	0.011414	0.983737	-0.907263	-0.505172	-0.822789	-0.482638	0.238538	-0.017318	-0.581151	-0.049923	-0.415116	-0.992119	-0.16657	-0.779882	0.976797	0.24787	-0.475521	0.265625	-0.337942	0.774315	-0.13598	0.134552	0.123995	0.34491	0.065366	0.883702	0.963044	-0.812739	0.502064	0.801391	-0.04101	
-0.537975	-0.395574	0.302933	-0.557774	0.873858	-0.24179	-0.115503	-0.526638	-0.753208	0.070948	-0.694343	0.381392	0.883582	0.69397	0.522999	0.443401	0.605958	0.675141	-0.823871	0.894491	0.959622	-0.585797	-0.884745	0.835408	0.014982	-0.654175	-0.058737	0.044521	-0.205539	0.833321	0.778196	0.13883	0.386619	0.598395	0.420382	0.386338	0.562782	0.708862	0.494707	-0.401029	0.705487	0.279282	-0.9848	0.834168	0.709117	-0.048181	0.034145	-0.558115	0.874716	0.960447	
-0.181388	0.378297	0.258499	-0.254776	0.698439	-0.381134	-0.973932	0.863068	0.222385	0.256299	0.493468	-0.085459	0.422931	-0.034481	-0.046059	0.074432	-0.257536	0.51027	-0.761699	-0.917615	-0.977238	-0.354344	0.328857	-0.310222	0.999863	-0.269813	0.550072	-0.845513	-0.166855	0.070129	-0.390536	-0.586271	-0.0711	-0.880909	0.977068	-0.933158	0.641154	-0.328414	0.530578	0.752544	0.284138	0.246317	-0.860198	-0.776933	-0.403154	-0.290786	0.81459	0.886348	0.597048	-0.079147	
-0.840352	0.58745	-0.131025	-0.526737	-0.909718	0.67317	0.928573	-0.055744	0.496422	0.241228	0.187476	-0.572368	0.544874	-0.995805	0.724127	0.758066	0.697554	-0.784427	-0.192832	0.820293	0.944361	-0.374775	-0.757257	-0.657513	0.824964	0.43915	-0.721505	-0.747302	-0.579021	-0.363087	-0.686761	0.327883	-0.579886	0.765444	-0.029315	0.86083	-0.938863	-0.731535	0.375238	-0.206854	-0.830907	0.829921	0.722127	-0.143137	0.858741	-0.107012	-0.104168	-0.760803	-0.455974	-0.196495	
0.157575	-0.166605	-0.081463	-0.706489	0.290783	0.485475	-0.952245	0.472838	-0.931715	-0.752685	-0.087226	0.993892	-0.09969	0.564799	0.754044	-0.550384	0.69415	-0.200153	-0.262739	-0.468654	0.903748	-0.649735	-0.130291	0.524771	0.307335	0.828561	-0.725233	0.246791	0.737569	0.377109	0.943276	0.806303	0.153619	0.581869	-0.864483	0.928107	-0.796982	0.360403	-0.331986	0.074681	0.548924	0.549144	0.805935	0.83985	-0.319913	0.369555	0.859439	-0.898095	-0.541005	-0.29876	
-0.102818	0.377944	0.015818	0.880032	0.363478	-0.094192	0.969484	-0.855907	0.36507	0.668106	0.792052	0.863254	0.804053	0.330361	0.792832	0.374771	-0.616182	-0.419043	-0.095099	-0.160061	0.571058	-0.448737	0.324299	0.507596	-0.370805	0.682894	-0.775569	-0.092427	-0.183509	0.710744	0.869431	0.458032	0.088576	0.507655	0.396916	0.546088	-0.992939	0.805492	-0.417433	-0.473122	-0.631977	0.388548	0.430499	-0.354451	-0.852141	0.300383	-0.416153	-0.522492	0.376019	-0.510266	
-0.487948	-0.623793	-0.024909	-0.523553	-0.072407	0.393124	-0.50977	-0.060791	0.374981	0.150276	0.02871	0.269248	0.231269	0.085774	0.092003	0.016858	-0.533897	-0.750003	-0.147362	0.081091	0.542957	-0.274451	0.320927	0.011416	-0.014766	-0.021289	0.090026	-0.358657	0.517884	-0.829926	0.885491	0.148398	0.198653	-0.231574	0.574355	-0.42686	0.676514	-0.581595	-0.868217	0.276326	0.519628	-0.389779	-0.972677	0.244741	0.705102	0.222868	-0.277831	-0.017778	0.131821	0.395132	
0.506383	0.826328	0.802079	-0.754898	0.566941	0.86867	-0.547405	-0.489245	0.171599	2.6e-05	0.132948	-0.509018	0.636241	0.715803	0.483625	-0.534434	-0.048372	-0.170083	-0.41299	-0.333492	0.147631	0.268532	0.320336	0.464934	0.233018	-0.536247	0.575258	-0.023741	-0.848246	-0.428181	0.265665	-0.918128	0.672845	-0.078658	0.48949	0.262472	0.247079	0.410958	0.012308	0.90157	-0.096848	-0.968958	-0.574932	0.486938	-0.10435	0.039054	0.874781	-0.150932	0.055454	-0.56118	
-0.977926	0.475678	-0.379852	0.249269	0.110968	-0.711986	-0.469284	-0.722378	0.079433	0.860252	0.329053	0.625188	0.346224	0.022278	0.34334	-0.700423	0.02048	-0.067907	0.536658	-0.197606	0.090717	-0.39113	-0.912748	-0.39285	-0.143275	0.805997	0.820362	-0.620342	0.090278	-0.79014	-0.520973	-0.54984	0.317586	-0.840829	-0.007428	-0.765614	0.009562	-0.304916	-0.965274	-0.707601	0.249437	0.137077	-0.398272	-0.102877	0.828808	-0.439444	-0.495021	-0.907831	-0.892108	-0.496148	
-0.277211	-0.163025	0.039314	0.480374	0.822939	0.405699	0.815096	-0.030654	-0.185863	0.798664	-0.244585	-0.493796	-0.029083	0.094262	0.112852	0.538988	0.654079	-0.834458	-0.964193	0.5943	-0.92794	-0.311786	-0.428209	-0.201242	0.846075	-0.905875	0.964375	-0.100867	0.085039	-0.207104	-0.913999	-0.946964	0.782569	0.035806	0.157233	-0.682414	-0.845043	0.018223	0.797338	0.935674	-0.317721	0.518584	-0.056005	-0.821429	0.482431	0.278844	0.042263	0.802541	-0.889629	0.568834	
-0.531388	0.52149	0.118981	0.14991	0.629717	-0.98709	-0.540361	-0.814698	-0.081757	-0.675719	-0.550015	0.006969	-0.96758	-0.758257	-0.946845	0.441889	0.531361	0.875807	-0.207318	0.464358	-0.140965	0.971958	0.047162	0.851167	0.001366	0.485956	-0.260287	-0.301416	-0.37751	-0.356155	-0.619955	0.093988	-0.681477	0.785283	-0.377677	0.505923	-0.820112	0.25214	-0.090122	-0.040339	-0.149947	-0.90776	0.582492	-0.482689	0.716664	0.618766	0.461758	0.7219	0.095869	0.392295	
0.013937	0.671113	0.088451	0.237141	0.20787	0.005648	0.884461	0.774578	0.782826	-0.346526	0.984957	-0.812315	-0.397764	-0.287979	0.518291	0.142897	-0.42807	-0.69077	-0.107131	-0.258312	0.930982	0.298769	0.698484	-0.643328	0.038482	0.213193	0.822554	0.776817	-0.499722	-0.880703	-0.782931	-0.300323	-0.165767	-0.9922	0.38697	-0.718915	-0.816596	-0.089535	-0.636655	-0.5769	-0.074988	-0.574703	-0.253039	0.487161	0.899915	0.219526	-0.892868	0.247486	0.582979	-0.837023	
-0.191172	0.195808	-0.913653	0.106204	0.895675	-0.78573	0.919321	0.554496	-0.026202	0.14828	-0.831974	0.394241	0.492071	-0.595486	0.205035	0.12865	-0.334141	0.091826	0.994519	0.063501	0.264891	0.469668	-0.264053	-0.475728	-0.351084	-0.995162	-0.512427	-0.727581	-0.84052	-0.416989	0.33991	-0.091202	-0.983921	0.271547	-0.056378	0.131281	-0.372731	-0.881924	-0.166505	-0.23094	-0.132454	-0.906406	-0.000674	-0.558984	-0.293329	-0.939242	0.367396	0.591313	0.138215	0.763896	
0.960123	0.349596	0.66632	0.110744	0.801144	0.52492	-0.066756	0.170118	-0.141829	-0.695247	-0.091212	0.034358	0.250456	0.751742	-0.653472	-0.125283	0.435693	0.860233	0.411093	0.954309	0.57746	-0.236749	-0.698302	0.541564	0.3411	-0.826871	-0.905317	0.158661	0.433039	-0.604676	0.193693	0.985227	-0.449907	-0.009465	0.377769	-0.539705	-0.6078	0.947583	0.52323	0.667927	0.443981	0.053732	-0.194885	0.757132	0.036407	0.609689	-0.121246	0.238906	-0.264434	0.672564	
-0.740661	-0.568963	0.585682	0.468104	-0.588874	0.084828	0.732691	-0.963652	-0.312597	0.06188	0.530858	-0.364397	-0.891155	-0.085383	-0.319952	0.219358	0.130484	-0.523401	0.011564	0.704934	0.96072	0.832945	0.658466	-0.854875	-0.448225	0.638932	0.121445	0.218271	0.618898	0.026498	-0.064089	-0.604821	-0.954208	0.904111	-0.290206	-0.377524	0.620627	-0.769191	-0.729482	-0.956962	-0.73014	-0.980203	0.719159	0.576662	-0.590188	0.456545	-0.17426	-0.670488	0.219182	-0.625064	
-0.032587	0.65423	0.239072	-0.631498	0.138758	0.61096	0.217384	0.030259	0.932346	-0.984501	-0.912325	0.319354	0.261276	0.764168	-0.70785	0.318735	0.499711	0.852567	-0.812404	-0.462808	0.079808	0.664183	-0.484718	0.8877	0.509585	-0.240991	-0.489809	-0.244031	0.163158	0.270089	-0.289866	0.091974	0.996498	0.273173	-0.743171	0.44087	-0.995071	-0.893719	-0.110892	-0.957992	-0.554269	-0.053219	0.361496	-0.997429	0.567548	-0.162216	0.984275	-0.479933	-0.844271	0.225527	
-0.16449	-0.366249	0.169508	0.851455	0.984396	-0.099669	-0.235843	-0.347469	0.493111	0.65014	-0.015769	0.017106	0.943933	-0.678299	-0.192643	-0.785007	0.513327	0.944433	-0.601109	-0.905133	-0.793175	0.579188	0.055577	-0.169288	0.853362	-0.062413	-0.082937	-0.128609	-0.477551	0.19963	-0.128903	0.557848	-0.240404	-0.146085	0.258852	0.141017	-0.865687	0.697334	0.102247	0.047105	-0.002509	-0.505896	-0.796764	0.361142	0.262754	-0.326084	0.18994	0.093082	-0.032909	0.575586	
0.400285	0.229232	-0.757825	0.270849	-0.799267	0.637108	-0.55163	-0.580172	-0.582594	-0.228058	0.846748	-0.652167	0.888901	0.864088	-0.203088	0.30309	0.751004	0.694401	0.986541	0.717508	0.378145	-0.004555	-0.465624	0.78952	-0.243338	-0.559121	-0.868621	0.15852	0.917548	0.910148	0.796453	0.496425	-0.615362	0.889969	0.524022	-0.907219	0.03493	-0.491009	0.976737	-0.551523	0.987738	0.680298	-0.205514	0.272797	0.732138	0.417118	0.612568	-0.397383	0.074664	0.488411	
-0.902785	-0.485027	-0.460732	-0.830088	0.115463	0.19421	-0.765251	-0.734105	0.169402	0.648792	0.624778	-0.413859	0.180587	-0.876325	-0.389063	-0.805848	-0.282867	-0.645676	0.595133	0.106191	-0.522408	0.429312	0.342567	-0.177582	0.527185	-0.785394	0.326151	0.655571	-0.043881	-0.789857	-0.527393	-0.23233	0.744924	-0.366682	0.921517	-0.877881	0.809579	0.648051	0.658013	0.8279	-0.416715	-0.036712	-0.853513	-0.044781	-0.160855	0.428091	0.707553	-0.849783	-0.662878	0.15337	
-0.551305	0.280377	-0.655716	0.476438	0.337805	0.254143	0.808279	-0.534234	0.472103	0.471877	0.803122	0.007076	-0.012125	0.802846	-0.999137	0.400574	0.190044	-0.172021	-0.99001	0.832326	0.629862	-0.293594	-0.866345	0.741102	-0.344308	-0.372842	-0.871713	-0.304043	-0.245918	0.440598	-0.84319	-0.717763	-0.719683	-0.857062	-0.670348	-0.164598	0.206512	0.632707	-0.863233	-0.587781	0.748564	-0.742159	-0.861733	-0.769867	-0.010998	0.554776	0.264616	-0.669267	0.756582	-0.344201	
-0.030874	-0.073661	0.521603	-0.885721	-0.740839	-0.267784	-0.198734	0.082695	0.853484	0.472708	-0.494974	0.524108	0.987214	-0.943382	0.07706	0.522423	-0.278024	0.767905	-0.09737	0.258898	-0.14856	-0.075613	0.592855	0.57881	0.20565	-0.827789	-0.969425	0.505898	0.690421	-0.990611	-0.346052	0.493471	-0.970285	-0.615435	0.947849	-0.950573	-0.052293	-0.013454	0.178922	-0.607058	-0.873937	-0.830302	0.337508	0.715074	0.75666	0.748732	-0.356649	-0.171764	-0.343489	-0.776774	
0.719086	-0.253974	-0.369576	-0.483529	-0.282264	-0.214465	-0.512515	0.483257	-0.293962	-0.510499	0.548441	-0.584876	0.703195	-0.062764	0.421535	-0.839813	-0.871183	-0.796211	-0.591674	0.168641	0.625403	-0.150487	0.945084	0.204259	0.617108	-0.368348	-0.152784	0.358013	-0.477808	-0.693725	-0.163074	-0.672638	-0.096166	0.019616	0.048465	0.813537	-0.526707	0.473133	-0.549616	-0.867933	-0.498695	0.188388	0.745694	0.686711	0.050316	0.037053	-0.06684	-0.636331	-0.112687	-0.104924	
0.601831	0.891411	-0.295997	0.317707	-0.823913	-0.878288	-0.941845	0.296577	0.318075	-0.454158	-0.523555	0.301215	0.168395	0.874403	0.597177	-0.944108	-0.912087	0.647932	-0.045975	0.124272	-0.864531	0.712853	-0.188011	0.413534	-0.010283	-0.538948	-0.57566	0.565959	0.632984	-0.504466	-0.534851	0.579843	0.050426	-0.782437	0.357284	-0.598548	-0.978441	0.081692	-0.636016	0.156915	-0.259763	0.080344	-0.029969	-0.119722	-0.528965	-0.352625	-0.352973	-0.81651	0.255211	-0.615105	
-0.886691	0.774299	-0.777351	0.301539	-0.97726	0.091681	-0.484331	0.197825	0.40467	0.773859	-0.93659	0.692204	-0.594319	-0.545691	-0.078132	0.319382	0.949947	-0.614563	0.246399	0.658967	0.808114	0.295517	-0.643083	0.982094	-0.681198	0.669914	-0.692918	-0.476589	-0.253196	-0.608672	-0.337958	0.079485	-0.545023	-0.87738	0.352295	0.098936	-0.803476	0.861114	-0.58006	-0.095568	0.295444	0.219636	0.131119	0.999248	-0.384753	0.725108	0.418005	0.205449	0.14152	-0.251317	
-0.975609	0.267069	0.016993	0.77567	0.228469	-0.430609	-0.408782	0.301917	-0.847087	-0.033276	0.22572	-0.169585	0.251443	-0.040041	0.994831	0.477462	-0.273276	0.385632	-0.2167	0.198628	0.777384	0.640746	-0.35236	-0.779367	-0.85618	-0.630818	0.424426	-0.82694	-0.577414	-0.362566	0.740317	0.453195	0.631845	0.406273	-0.228599	0.393514	-0.810043	-0.997733	0.439738	-0.082626	-0.143068	0.970798	-0.225018	-0.118763	0.453376	0.457834	-0.739946	0.872563	0.160792	0.64593	
-0.752687	-0.591608	-0.207893	0.39505	0.156079	0.703119	0.919925	0.491054	-0.964179	0.873027	0.178246	0.998337	-0.456663	0.364972	-0.220916	-0.569787	-0.000498	-0.850372	0.46781	0.266206	-0.226784	-0.279134	-0.028165	-0.202047	-0.360845	-0.798945	-0.909254	-0.45198	0.582856	0.817161	-0.970193	-0.325458	0.719957	0.158313	-0.789097	0.544692	-0.422106	-0.352214	-0.757517	0.428998	-0.847426	0.612174	-0.395321	-0.637402	-0.708168	-0.995451	-0.085171	-0.942566	0.987968	-0.077864	
-0.607777	0.527149	-0.422179	-0.474521	-0.798636	0.35566	0.027727	-0.998718	-0.221285	0.113002	-0.230914	0.521324	-0.988521	-0.258368	0.920508	0.496799	-0.079562	0.260844	-0.441905	-0.67941	0.764943	0.845733	-0.224938	0.53951	-0.862152	-0.673476	-0.378054	-0.274451	-0.063812	0.695122	0.60693	-0.927028	-0.110079	0.014263	-0.159872	-0.762911	-0.508029	-0.878996	-0.645557	-0.609292	0.906498	0.499905	-0.900645	-0.014883	0.717205	0.220611	0.445455	-0.952357	0.718679	0.441277	
0.032429	-0.219998	0.412818	0.605396	-0.979839	-0.419224	-0.111327	0.561516	-0.36126	0.360815	0.517714	-0.790953	-0.202742	-0.743321	0.751988	0.74285	-0.336039	-0.945276	0.493085	0.349129	0.526315	-0.959209	0.635757	-0.877082	0.616603	0.072911	0.786126	0.680401	-0.05323	-0.841644	0.092908	0.420456	-0.049205	0.863201	0.782813	0.633737	0.750551	0.337066	0.515425	0.366511	-0.58886	-0.316509	0.952633	0.916146	0.019125	-0.814808	0.276643	-0.369166	-0.095548	0.319587	
0.409846	0.899254	-0.724209	0.104161	-0.106593	0.490408	0.653798	0.588504	0.74609	-0.080954	0.227085	-0.908183	0.915537	-0.248603	-0.170439	0.33228	-0.78638	-0.349048	-0.837248	-0.250594	0.447706	0.18881	0.164178	-0.181316	0.124299	0.814736	-0.26657	-0.49117	0.245593	-0.687026	-0.254278	-0.962158	-0.250909	0.130948	-0.674007	-0.094663	-0.747076	0.809056	0.620402	0.875442	-0.183252	-0.303274	0.260751	0.922424	0.39941	0.779681	-0.680817	-0.205198	-0.43951	-0.840162	
0.775219	0.560927	0.868277	-0.617783	-0.882168	0.957556	0.904511	-0.215398	-0.883308	-0.610132	0.22033	-0.091972	-0.430414	0.630708	0.641351	-0.288612	0.979632	-0.81513	0.472769	0.384637	-0.745093	0.223321	0.096389	-0.611525	-0.255985	0.387687	-0.655238	-0.230877	-0.593588	0.287626	-0.173963	-0.064242	-0.103704	-0.627603	-0.484808	-0.840798	-0.019379	-0.834755	-0.593532	0.831088	0.487259	0.844675	-0.803521	-0.521675	0.272997	0.241582	-0.245749	0.49589	0.289102	-0.566548	
0.420264	0.332364	-0.35458	0.261252	-0.221985	-0.453544	0.041765	0.362503	-0.667542	-0.702468	0.987906	-0.718941	0.825695	-0.233613	0.092431	-0.37933	0.625922	-0.318996	-0.285764	-0.320424	0.310336	0.82229	0.52098	-0.036066	0.316766	0.481082	-0.097605	-0.13941	-0.011504	0.305782	-0.816503	-0.179583	0.709988	0.600294	-0.280717	0.160553	0.874733	0.19088	-0.926643	-0.195351	0.043432	-0.703344	0.680877	0.028404	0.676695	-0.098131	-0.142971	0.861048	0.183339	0.456729	
0.594675	0.925571	-0.878465	-0.443637	0.105846	-0.316599	-0.492742	-0.137007	-0.11022	-0.654102	0.405035	0.920893	0.453337	-0.425937	-0.633451	0.516817	0.593221	0.140287	-0.373331	-0.922875	0.163437	-0.522696	-0.511088	-0.047115	-0.64084	-0.715053	-0.302259	0.830481	0.913446	-0.960824	-0.630684	-0.240972	0.517486	0.859501	0.381476	-0.880468	-0.736077	-0.078063	0.426889	-0.788336	-0.167326	0.862838	-0.023264	0.637501	-0.859291	-0.41259	0.067029	-0.589123	-0.096738	0.149485	
-0.120062	0.066266	0.306392	-0.910875	-0.580078	0.13509	-0.820214	-0.945233	0.13086	0.843397	0.707704	-0.381791	-0.572071	0.808531	-0.7382	0.272057	0.20415	0.296653	0.69069	-0.570133	0.255549	-0.918178	-0.242636	-0.899004	0.354136	-0.816286	0.149255	0.211648	-0.120376	-0.730608	-0.575844	-0.26289	-0.78035	0.525736	-0.412177	0.184337	-0.61491	-0.941269	0.215973	0.458014	0.600685	-0.848438	0.99682	0.989629	0.766671	-0.137422	0.741605	-0.260575	0.932309	0.560957	
0.459301	0.156224	0.584339	0.541811	0.602026	-0.570791	-0.827778	-0.533798	-0.977557	-0.048076	-0.527236	-0.033515	-0.443513	0.33694	0.703653	-0.42702	-0.544994	-0.124787	0.444504	0.610012	-0.134247	0.222702	-0.980061	-0.66804	-0.537675	0.3115	-0.373234	-0.133378	-0.189895	0.306665	0.034715	0.575893	0.649981	-0.402391	0.686205	0.424512	-0.453576	-0.525296	0.808363	-0.765473	-0.411673	0.901683	-0.754538	-0.106525	0.439652	0.243813	-0.585108	-0.047904	0.620764	0.628641	
-0.345359	-0.701718	0.568319	-0.351135	0.102192	0.172418	-0.498339	0.332854	0.921806	0.718325	-0.948201	0.296898	0.146619	0.915831	-0.857247	-0.570065	0.93992	0.100192	0.827732	0.930015	-0.971808	-0.115128	-0.337886	0.783252	-0.865666	-0.634153	-0.429707	-0.37519	0.41989	0.06756	0.959783	0.49758	0.946767	-0.561579	-0.894764	-0.633344	-0.958656	0.801794	0.916977	0.898863	-0.256603	0.561296	-0.693265	0.265472	-0.251464	0.441267	-0.850381	0.635829	-0.400535	-0.563892	
0.423699	-0.491264	0.166679	0.397127	-0.43347	-0.636457	0.302017	0.866927	-0.918197	0.724897	-0.949801	0.976693	-0.170219	-0.766621	0.8254	0.039424	-0.554962	-0.822443	0.944649	-0.10509	-0.410263	0.568307	-0.382966	-0.797018	0.770137	0.411974	0.207067	0.272707	0.955498	-0.961993	-0.810351	-0.332853	0.352462	-0.583741	-0.242696	0.606763	0.924942	0.686769	-0.143957	0.633103	0.829527	0.006558	-0.074967	-0.482396	0.989102	0.44807	-0.831539	0.111641	0.191301	0.745471	
0.747065	0.753398	0.850429	0.394344	0.899904	0.77493	-0.264993	0.204738	-0.499802	0.465256	0.507155	-0.661584	-0.052887	0.294574	0.042302	-0.614225	-0.130452	0.374799	0.873669	-0.583682	-0.958412	-0.597252	0.837888	0.049878	0.24511	0.731888	0.007648	-0.599239	-0.274727	0.760363	0.357004	0.751214	-0.694394	-0.349413	0.928618	-0.015588	0.115672	-0.293728	-0.773865	-0.549131	0.181067	0.13669	-0.635588	0.621768	-0.083255	-0.078407	-0.801	-0.398384	0.408707	0.780338	
-0.555509	-0.108743	-0.995745	0.596051	0.066445	-0.428358	0.90853	-0.456347	-0.385347	-0.227536	-0.855165	0.648938	0.578734	-0.369524	0.476593	0.094303	0.032551	-0.264843	-0.54	-0.849993	-0.186856	0.932662	-0.977544	0.779925	-0.035164	0.728091	0.759428	-0.968094	-0.34312	0.293431	0.950772	0.793483	-0.60031	0.304887	-0.496991	0.429401	0.258332	-0.874611	-0.151936	0.344465	-0.493244	0.97877	0.817513	0.239545	0.254098	0.078764	-0.40816	0.324065	0.317504	-0.94529	
0.688412	0.344865	-0.099535	0.715957	0.406243	-0.168556	0.76904	0.048673	-0.405407	-0.062235	-0.845474	0.16654	-0.016706	-0.325466	-0.309261	-0.810432	-0.204648	0.613191	-0.142923	0.042174	-0.295869	0.668308	0.92674	-0.330972	0.911463	-0.5499	0.506803	0.871733	0.131635	0.1692	-0.819895	0.792659	-0.477745	0.053149	-0.080043	-0.409924	0.504081	0.513204	-0.740643	0.863483	-0.667067	0.571149	0.070525	0.787382	0.133429	-0.95041	-0.378946	-0.134286	0.23954	0.847654	
-0.209501	0.845541	0.232988	0.822202	0.855284	-0.098626	0.394244	0.751899	0.142892	-0.450073	0.154779	-0.419724	-0.751109	0.554512	0.470997	0.149406	0.254803	0.1736	0.627844	0.153186	-0.69551	0.047068	0.223079	-0.048202	-0.747172	-0.361769	-0.538716	-0.302388	0.896082	0.585777	-0.752448	-0.310355	0.696127	-0.581792	0.693885	-0.640618	-0.079967	-0.372095	-0.716024	0.217411	-0.998777	-0.580922	-0.192515	-0.203758	0.484409	0.42475	-0.17188	-0.39584	0.238064	0.438888	
0.024019	0.009216	0.012116	0.025555	0.008873	0.020568	0.034007	0.028493	0.022852	0.029519	0.003233	0.030033	0.025851	0.025183	0.035326	0.034882	0.010415	0.010821	0.032482	0.015869	0.023056	0.028277	0.024961	0.006129	0.015313	0.024399	0.017405	0.03164	0.031443	0.007137	0.030117	0.035469	0.010049	0.028632	0.024967	0.005198	0.021227	0.000969	0.025188	0.032661	0.010577	0.006995	0.02252	0.032238	0.002703	0.008466	0.016708	0.027873	0.006555	0.001815	
0.016218	0.019438	0.015959	0.040056	0.036249	0.019089	0.020563	0.010861	0.007946	0.022493	0.03158	0.011253	0.012521	0.039714	0.026929	0.028334	0.007624	0.007686	0.001791	0.030436	0.01657	0.015334	0.010078	0.03303	0.036921	0.02805	0.023153	0.03843	0.001773	0.021074	0.02586	0.034975	0.036549	0.001925	0.000221	0.036027	0.011208	0.006062	0.027217	0.024168	0.031549	0.007393	0.001525	0.001916	0.012401	0.040038	0.002263	0.02236	0.039289	0.005901	
0.010725	0.022358	0.028499	0.003916	0.015047	0.040003	0.009381	0.010083	0.028963	0.002371	0.023869	0.008934	0.043493	0.02806	0.000162	0.023802	0.000621	0.002615	0.00232	0.04115	0.048143	0.031957	0.036902	0.00061	0.000391	0.045015	0.024863	0.004207	0.013254	0.039986	0.000508	0.042269	0.031881	0.021601	0.041453	0.000444	0.02535	0.008571	0.023081	0.047218	0.011893	0.006805	0.022049	0.005911	0.017247	0.027239	0.009869	0.042486	0.012567	0.009858	
0.001962	0.008774	0.030471	0.007557	0.009583	0.035894	0.026511	0.016081	0.037017	0.007709	0.031138	0.026637	0.030718	0.034594	0.028154	0.024071	0.016169	0.015539	0.033638	0.016192	0.003127	0.02697	0.031825	0.031271	0.029396	0.011332	0.010069	0.004112	0.000971	0.011109	0.021579	0.020027	0.01244	0.029323	0.029236	0.029398	0.012015	0.002128	0.002468	0.026104	0.028129	0.036431	0.0127	0.016491	0.01623	0.02568	0.02529	0.007345	0.015581	0.032814	
0.030097	0.007615	0.02558	0.031295	0.019246	0.027303	0.010779	0.003586	0.00763	0.019644	0.010391	0.027548	0.025645	0.020563	0.002863	0.005795	0.031058	0.006258	0.027475	0.013239	0.010236	0.032058	0.032833	0.031028	0.017902	0.021392	0.034973	0.014838	0.030156	0.029337	0.019195	0.032301	0.017736	0.001756	0.020257	0.033131	0.027746	0.027883	0.022975	0.008307	0.016015	0.026434	0.01533	0.022071	0.024321	0.000897	0.030862	0.012563	0.029152	0.002705	
0.013082	0.009245	0.034289	0.01415	0.021122	0.025727	0.014645	0.036898	0.002932	0.022974	0.039323	0.024109	0.01306	0.021512	0.017533	0.0011	0.007538	0.028872	0.02034	0.011063	0.032676	0.017657	0.023479	0.015854	0.023962	0.013073	0.016217	0.015414	0.032594	0.017803	0.004972	0.017629	0.037783	0.020329	0.004232	0.024107	0.025111	0.002931	0.01508	0.01714	0.022716	0.013118	0.029729	0.014132	0.022635	0.039543	0.021104	0.03054	0.020814	0.028112	
0.019902	0.036966	0.014671	0.035983	0.000358	0.01164	0.027132	0.009808	0.016193	0.012187	0.005671	0.006281	0.025656	0.015597	0.029097	0.037224	0.002717	0.010941	0.031407	0.025539	0.02184	0.035078	0.002597	0.031006	0.023545	0.024254	0.013449	0.026331	0.03692	0.005155	0.026762	0.029349	0.035791	0.01613	0.016356	0.016528	0.009178	0.025915	0.009013	0.024324	0.027147	0.00843	0.035279	0.021686	0.024287	0.024664	0.023261	0.014311	0.012293	0.004151	
0.035878	0.007484	0.041091	0.01581	0.013803	0.036613	0.006386	0.032973	0.008121	0.011426	0.029463	0.015317	0.027006	0.035175	0.013188	0.03361	0.001972	0.016965	0.000145	0.02374	0.014361	0.008696	0.035725	0.015615	0.008926	0.002239	0.012658	0.022018	0.02782	0.003691	0.024015	0.003495	0.000837	0.040311	0.001417	0.034647	0.030432	0.012841	0.003667	0.021097	0.007059	0.039807	0.021379	0.028192	0.033531	0.023264	0.02901	0.03355	0.015957	0.037577	
0.020673	0.009157	0.009895	0.014785	0.014238	0.014898	0.0366	0.025737	0.0035	0.010233	0.01435	0.021448	0.009918	0.00268	0.030477	0.030178	0.002436	0.027686	0.023075	0.013133	0.027057	0.009575	0.020303	0.005839	0.032583	0.020219	0.028075	0.012313	0.024834	0.022724	0.016975	0.021529	0.016652	0.013842	0.027532	0.018614	0.02903	0.014445	0.006054	0.025436	0.022987	0.032262	0.029489	0.033941	0.033491	0.030754	0.030012	0.007283	0.026248	0.024805	
0.016881	0.006824	0.011355	0.010374	0.001342	0.015602	0.006614	0.024349	0.019092	0.012015	0.030094	0.02538	0.032409	0.033925	0.036106	0.035795	0.007605	0.014947	0.000671	0.001288	0.03149	0.016765	0.018152	0.032893	0.013413	0.031766	0.034227	0.029452	0.008968	0.011249	0.024385	0.012033	0.026304	0.011595	0.037182	0.00689	0.031171	0.018029	0.035374	0.009738	0.029184	0.022643	0.026396	0.012076	0.036619	0.031423	0.007887	0.033631	0.014711	0.001686	
0.034144	0.038062	0.00821	0.006818	0.010365	0.025387	0.011665	0.000517	0.021436	0.035762	0.013527	0.023144	0.007289	0.020775	0.000467	0.021754	0.005642	0.019331	0.02493	0.016839	0.031649	0.025204	0.018314	0.036928	0.023485	0.022271	0.038501	0.001044	0.038101	0.030063	0.03906	0.010555	0.028058	0.020021	0.019954	0.032252	0.021562	0.019791	0.006044	0.034817	0.002209	0.013327	0.025188	0.008791	0.017202	0.013882	0.014392	0.022274	0.033011	0.005986	
0.027713	0.00223	0.019809	0.005965	0.032857	0.023731	0.025794	0.001711	0.022208	0.020405	0.024365	0.031399	0.001935	0.010371	0.033768	0.008766	0.029495	0.013858	0.021903	0.013374	0.015103	0.025597	0.024372	0.02958	0.033738	0.017504	0.023843	0.022581	0.002853	0.019223	0.031621	0.031375	0.013026	0.026305	0.025116	0.02669	0.014488	0.018048	0.003059	0.016038	0.033245	0.023615	0.000404	0.022735	0.016	0.009267	0.03473	0.028991	0.019438	0.019758	
0.029748	0.032321	0.006045	0.004096	0.004986	0.030465	0.001403	0.013642	0.007466	0.033086	0.018535	0.03794	0.014312	0.020967	0.013637	0.035613	0.031316	0.025692	0.032819	0.023217	0.015345	0.00094	0.011214	0.017738	0.027714	0.013338	0.031001	0.020536	0.036857	0.00708	0.023189	0.028801	0.019994	0.016662	0.019706	0.012057	0.035842	0.006866	0.026057	0.013519	0.01627	0.003276	0.019509	0.022886	0.027807	0.001348	0.030559	0.036944	0.011873	0.027766	
0.018583	0.021298	0.014877	0.019451	0.023815	0.033836	0.014757	0.020951	0.025753	0.01293	0.002607	0.02637	0.030785	0.033914	0.030743	0.008477	0.006007	0.028758	0.004027	0.014751	0.011297	0.024494	0.033051	0.018336	0.034276	0.032392	0.010441	0.023735	0.032395	0.026744	0.007407	0.025875	0.032986	0.033496	0.003629	0.030413	0.001462	0.024601	0.00798	0.012264	0.01246	0.01058	0.034909	0.014878	0.032975	0.013805	0.000986	0.034572	0.021099	0.003772	
0.006652	0.031413	0.034531	0.017328	0.032263	0.03287	0.00762	0.014298	0.016253	0.011867	0.019578	0.027841	0.037109	0.035875	0.012417	0.022227	0.024278	0.026646	0.020972	0.031428	0.024594	0.00046	0.002814	0.014492	0.003758	0.001147	0.013542	0.00837	0.031345	0.027321	0.027754	0.026871	0.024688	0.027773	0.02501	0.033986	0.031735	0.022789	0.025417	0.024744	0.01231	0.019201	0.003648	0.020037	0.017693	0.006814	0.000687	0.026272	0.003479	0.027783	
0.029752	0.018913	0.002123	0.030726	0.028245	0.010809	0.00464	0.009681	0.020358	0.022723	0.011243	0.024219	0.040317	0.034494	0.025143	0.012512	0.004637	0.031323	0.013255	0.037031	7e-06	0.037541	0.042109	0.042733	0.002783	0.03711	0.008976	0.016385	0.003385	0.041377	0.033174	0.042671	0.037983	0.016763	0.041805	0.004156	0.021786	0.014716	0.007166	0.008383	0.027434	0.00036	0.001341	0.016803	0.025871	0.006735	0.014506	0.01376	0.01013	0.009907	
0.027546	0.011862	0.000251	0.028002	0.019538	0.036287	0.013014	0.032763	0.033278	0.002433	0.026988	0.026007	0.010244	0.002862	0.012618	0.011397	0.019771	0.031543	0.001362	0.032593	0.017536	0.031459	0.022397	0.007109	0.03717	0.019861	0.010706	0.022408	0.032875	0.020824	0.012399	0.012825	0.003374	0.002394	0.029254	0.006287	0.035063	0.016168	0.015409	0.03812	0.006872	0.029242	0.033253	0.026065	0.016693	0.021965	0.006055	0.028732	0.023171	0.033955	
0.031548	0.008611	0.036641	0.038663	0.03174	0.024634	0.033363	0.021838	0.035209	0.009154	0.004901	0.002516	0.039345	0.033345	0.006389	0.015007	0.001362	0.025482	0.013901	0.038101	0.022161	0.017543	0.020715	0.031506	0.024528	0.001081	0.029238	0.006758	0.034146	0.021961	0.040213	0.027201	0.018625	0.001323	0.015801	0.017537	0.022433	0.000107	0.000369	0.028074	0.006842	0.022285	0.009186	0.014908	0.030903	0.032117	0.00539	0.012766	0.023747	0.008786	
0.001209	0.018607	0.01087	0.031759	0.022826	0.013423	0.019382	0.023111	0.018087	0.029466	0.020011	0.024272	0.009453	0.026507	0.022007	0.020931	0.018636	0.025455	0.017318	0.019271	0.025428	0.010871	0.026223	0.002337	0.004256	0.018951	0.011816	0.032172	0.022804	0.034615	0.028501	0.022602	0.016676	0.019923	0.033625	0.028797	0.029333	0.023488	0.028933	0.02015	0.028731	0.020789	0.019296	0.008085	0.007139	0.018464	0.019233	0.019897	0.007921	0.016343	
0.036699	0.035856	0.029085	0.028387	0.033083	0.006868	0.027256	0.007084	0.030052	0.020562	0.001382	0.036093	0.016916	0.035076	0.014473	0.037179	0.007829	0.033109	0.025775	0.032233	0.000675	0.022989	0.005189	0.001517	0.006686	0.014651	0.036494	0.020134	0.013234	0.00958	0.013265	0.005379	0.03365	0.014999	0.006327	0.010503	0.019199	0.011357	0.027785	0.0294	0.004795	0.000298	0.020403	0.03442	0.01098	0.037056	0.023635	0.037012	0.031309	0.002082	
0.01837	0.01336	0.000359	0.025541	0.021518	0.020658	0.012397	0.021539	0.034062	0.017246	0.001746	0.031929	0.02001	0.022317	0.01384	0.01834	0.030454	0.009485	0.014881	0.025155	0.014888	0.024305	0.024694	0.012043	0.026964	0.002613	0.037019	0.036642	0.021918	0.025202	0.026685	0.027995	0.010754	0.018621	0.03283	0.024084	0.026823	0.005944	0.016797	0.029796	0.017857	0.016186	0.011916	0.013289	0.022384	0.014078	0.012487	0.023499	0.015646	0.032834	
0.015619	0.03848	0.038061	0.041584	0.028749	0.034637	0.013875	0.018196	0.02552	0.013053	0.018838	0.008809	0.037179	0.02002	0.00526	0.015552	0.003517	0.039989	0.030428	0.010162	0.007846	0.00846	0.025356	0.022742	0.038157	0.002999	0.006972	0.009187	0.036135	0.008026	0.038355	0.038453	0.026678	0.012564	0.027286	0.015476	0.000394	0.015218	0.002047	0.004427	0.040491	0.021315	0.018669	0.027322	0.006175	0.019222	0.009132	0.014711	0.00789	0.030767	
0.034312	0.029177	0.010622	0.009427	0.021524	0.006941	0.036072	0.025476	0.027817	0.025448	0.020344	0.011307	0.028231	0.028716	0.003689	0.029875	0.02716	0.018086	0.01595	0.012837	0.005195	0.022023	0.02848	0.013417	0.014798	0.002669	0.011331	0.014085	0.022213	0.026845	0.02046	0.031819	0.00577	0.012906	0.012347	0.025868	0.02403	0.011808	0.028838	0.025601	0.013549	0.009056	0.034536	0.036489	0.004064	0.025138	0.024229	0.010572	0.0341	0.024753	
0.021611	0.019005	0.02078	0.017741	0.019899	0.012149	0.024765	0.012457	0.009162	0.033125	0.036777	0.001702	0.011326	0.031379	0.005544	0.028286	0.020871	0.03163	0.028393	0.006854	0.024673	0.036178	0.004868	0.01322	0.023717	0.031475	0.022136	0.012821	0.036825	0.004168	0.023571	0.018229	0.002784	0.015413	0.034904	0.011253	0.032742	0.007866	0.008463	0.02175	0.009548	0.028905	0.023511	0.011673	0.007439	0.018326	0.038168	0.034051	0.015559	0.032308	
0.015104	0.008333	0.015432	0.008362	0.01172	0.002735	0.02259	0.016496	0.013978	0.034861	0.022464	0.038727	0.039484	0.039716	0.008377	0.02268	0.002069	0.03402	0.037735	0.024959	0.023116	0.013261	0.030343	0.00149	0.013364	0.019452	0.012425	0.00268	0.026522	0.020349	0.000606	8.3e-05	0.011632	0.034223	0.009125	0.038932	0.022452	0.029751	0.02877	0.007562	0.020773	0.029692	0.020519	0.025255	0.032059	0.030678	0.023032	0.014808	0.016158	0.021046	
0.007937	0.004604	0.025097	0.004553	0.003822	0.040799	0.022056	0.031205	0.038575	0.023918	0.009355	0.006437	0.040918	0.00613	0.037539	0.007003	0.02372	0.021519	0.020491	0.029425	0.002333	0.02586	0.009598	0.013234	0.039352	0.014671	0.032087	0.009304	0.032079	0.01326	0.022863	0.010481	0.00066	0.003733	0.036066	0.036855	0.036176	0.000112	0.033693	7.8e-05	0.028391	0.007752	0.039806	0.013206	0.008279	0.017705	0.035395	0.034157	0.024565	0.013146	
0.012042	0.002059	0.035179	0.000906	0.032198	0.024727	0.000517	0.018914	0.007119	0.015561	0.006962	0.030639	0.030389	0.007552	0.033462	0.033947	0.003652	0.025132	0.014499	0.034957	0.012691	0.009484	0.002814	0.019923	0.035701	0.024549	0.029884	0.033443	0.036661	0.019369	0.020178	0.024073	0.026421	0.035576	0.030753	0.023417	0.005282	0.006454	0.032224	0.012609	0.017704	0.02637	0.005438	0.019838	0.010986	0.018993	0.003874	0.02258	0.036728	0.02557	
0.013989	0.031694	0.032121	0.014461	0.036774	0.015723	0.023711	0.025474	0.022737	0.013998	0.002777	0.038163	0.019203	0.025759	0.003102	0.034073	0.010649	0.037716	0.035696	0.008884	0.009007	0.031236	0.004375	0.031831	0.005831	0.002942	0.02527	0.035605	0.006492	0.014584	0.018987	0.028302	0.008405	0.000361	0.003859	0.036648	0.002465	0.000536	0.025209	0.025283	0.013346	0.034361	0.00998	0.035382	0.031196	0.006079	0.033395	0.024178	0.035946	0.012205	
0.035418	0.018814	0.025915	0.013151	0.024037	0.023674	0.024789	0.030751	0.006347	0.00889	0.011297	0.034521	0.033273	0.022908	0.027538	0.017447	0.027454	0.032983	0.005357	0.006407	0.018205	0.034266	0.011038	0.025651	0.000742	0.029098	0.003401	0.033657	0.021762	0.035658	0.033862	0.020498	0.033611	0.010789	0.022699	0.005036	0.023267	0.000722	0.007537	0.008104	0.034626	0.026839	0.019555	0.010492	0.000504	0.016395	0.013005	0.026066	0.007692	0.034252	
0.033625	0.022478	0.024362	0.022548	0.012725	0.023515	0.037417	0.008139	0.020941	0.007664	0.025375	0.004626	0.031826	0.025289	0.004759	0.01033	0.0267	0.024983	0.037541	0.008133	0.004136	0.019309	0.021618	0.032981	0.008812	0.019372	0.021734	0.032507	0.005486	0.002444	0.022989	0.031967	0.013433	0.015445	0.037807	0.031387	0.030216	0.002796	0.022025	0.000772	0.009204	0.01884	0.030996	0.015635	0.02986	0.030952	0.005264	0.024796	0.027897	0.016344	
0.00207	0.012049	0.022943	0.029399	0.000596	0.001156	0.035384	0.010076	0.01118	0.019229	0.029004	0.01526	0.01812	0.032514	0.010764	0.022347	0.013513	0.035646	0.015024	0.013078	0.037503	0.021184	0.012345	0.038505	0.031673	0.034365	0.039615	0.02859	0.034684	0.009265	0.008355	0.00559	0.001157	0.028775	0.019166	0.010051	0.020924	0.023914	0.020838	0.019587	0.015679	0.040346	0.035369	0.037103	0.001805	0.002727	0.021277	0.035468	0.000611	0.014177	
0.035562	0.022715	0.034139	0.012888	0.00041	0.012745	0.024622	0.031482	0.001211	0.004255	0.025993	0.003177	0.024975	0.003082	0.035269	0.01317	0.004552	0.000438	0.034286	0.023766	0.012284	0.007279	0.020596	0.023809	0.002114	0.032229	0.015522	0.021289	0.027385	0.014777	0.030202	0.031311	0.031738	0.013532	0.006624	0.023998	0.0353	0.029188	0.025299	0.016968	0.015922	0.033296	0.035732	0.001887	0.029754	0.033767	0.026112	0.034827	0.006956	0.011566	
0.007383	0.045547	0.019878	0.03007	0.00025	0.02993	0.030167	0.039877	0.001366	0.019023	0.010532	0.005824	0.000781	0.004452	0.034767	0.00374	0.000768	0.041692	0.027938	0.00851	0.008328	0.016999	0.02908	0.036952	0.024439	0.022042	0.002258	0.040334	0.041453	0.016247	0.014765	0.034913	0.009382	0.023696	0.023934	0.028897	0.018148	0.046086	0.003583	0.003823	0.027645	0.022649	0.000326	0.003038	0.039026	0.005399	0.028457	0.035797	0.027736	0.002073	
0.015017	0.002341	0.020424	0.017334	0.01057	0.035747	0.014534	0.013998	0.039326	0.008523	0.010711	0.035699	0.013895	0.002852	0.032148	0.000664	0.039008	0.022358	0.022913	0.027302	0.007889	0.000557	0.004339	0.034058	0.014686	0.030497	0.017084	0.000285	0.031457	0.017639	0.032194	0.018139	0.017816	0.023186	0.041145	0.00179	0.041606	0.024458	0.036499	0.02809	0.001904	0.018852	0.017466	0.011179	0.026282	0.035202	0.019443	0.026829	0.005672	0.028393	
0.036684	0.013444	0.025806	0.017552	0.02582	0.038992	0.000557	0.005445	0.011857	0.01082	0.02654	0.022422	0.035388	0.015981	0.034708	0.00043	0.001009	0.009002	0.002211	0.025806	0.031949	0.01627	0.017741	0.015691	0.016751	0.01201	0.0108	0.032532	0.009107	0.015492	0.007092	0.024787	0.004733	0.02395	0.03157	0.022935	0.037171	0.015121	0.013806	0.010251	0.0372	0.035303	0.008182	0.017223	0.040301	0.025706	0.027709	0.034842	0.023857	0.019444	
0.021042	0.001777	0.007511	0.02174	0.003114	0.013155	0.00234	1.6e-05	0.030844	0.013565	0.00109	0.016353	0.019497	0.028756	0.039199	0.019634	0.037532	0.016346	0.034084	0.02281	0.027671	0.035276	0.01614	0.019148	0.011197	0.014423	0.008658	0.039824	0.028398	0.019155	0.040256	0.021175	0.00466	0.003073	0.019538	0.035767	0.003098	0.02403	0.014942	0.03528	0.027355	0.033074	0.008092	0.040515	0.01232	0.003755	0.040235	0.014483	0.025578	0.022479	
0.036045	0.013054	0.016576	0.03635	0.010835	0.033281	0.020227	0.027859	0.020635	0.029617	0.031532	0.009533	0.009968	0.03258	0.014341	0.011618	0.002477	0.037841	0.016158	0.019852	0.024687	0.005089	0.022773	0.028288	0.004293	0.005271	0.03617	0.006744	0.013219	0.019586	0.010167	0.028289	0.008914	0.025407	0.000216	0.021656	0.032139	0.022509	0.003824	0.033181	0.015221	0.035567	0.009564	0.026709	0.032336	0.001444	0.027309	0.021595	0.037688	0.009766	
0.011701	0.024352	0.024372	0.038218	0.011166	0.007335	0.00642	0.003885	0.036894	0.003363	0.015602	0.00338	0.038515	0.031844	0.042222	0.043971	0.017058	0.028157	0.002021	0.014347	0.01211	0.021807	0.042208	0.010449	0.002861	0.022483	0.002341	0.032673	0.040323	0.037803	0.024657	0.017963	0.010208	0.033519	0.00302	0.002581	0.026171	0.027514	0.000981	0.034087	0.027712	0.029144	0.008323	0.026975	0.034671	0.015922	0.012772	0.026635	0.003714	0.00355	
0.016545	0.013277	0.005451	0.000544	0.007706	0.030845	0.030553	0.032457	0.02899	0.031124	0.026762	0.006663	0.016167	0.035706	0.000457	0.020341	0.019008	0.011792	0.026081	0.025528	0.016035	0.033275	0.023943	0.027913	0.00601	0.006401	0.032089	0.010066	0.025371	0.007123	0.016956	0.033353	0.031796	0.015353	0.030018	0.006348	0.012633	0.009513	0.035589	0.001443	0.033741	0.032695	0.010653	0.023503	0.029516	0.016653	0.010671	0.019655	0.023412	0.032276	
0.004476	0.017511	0.022134	0.007627	0.02496	0.031894	0.021963	0.003553	0.032533	0.022731	0.029549	0.002739	0.003935	0.015605	0.026053	0.022965	0.020565	0.034468	0.011374	0.036888	0.010665	0.00256	0.030377	0.032978	0.023289	0.030456	0.032982	0.023055	0.03217	0.022157	0.013066	0.023576	0.025727	0.025635	0.009509	0.033753	0.007826	0.021971	0.032349	0.009227	0.019577	0.000479	0.018086	0.024369	0.020421	0.012964	0.024976	0.025123	0.016904	0.00025	
0.005431	0.030686	0.027935	0.000986	0.018858	0.030892	0.014458	0.008003	0.03496	0.027083	0.033758	0.01314	0.007244	0.006941	0.014931	0.001261	0.013242	0.023632	0.02699	0.027804	0.023005	0.002384	0.028455	0.003832	0.022927	0.028327	0.021453	0.023182	0.027353	0.008051	0.012947	0.030668	0.032018	0.007099	0.027926	0.02891	0.031532	0.025995	0.011481	0.034131	0.017264	0.026055	0.03365	0.01928	0.033765	0.023506	0.002897	0.001058	0.022283	0.020331	
0.036879	0.035016	0.021301	0.020392	0.019455	0.033313	0.034715	0.004673	0.024671	0.014936	0.027766	0.021265	0.03988	0.01451	0.0267	0.038746	0.022734	0.005962	0.00531	0.000711	0.017812	0.006797	0.002413	0.005678	0.006335	0.012027	0.032143	0.02022	0.021664	0.004841	0.036204	0.026882	0.021547	0.03224	0.010686	0.009145	0.004886	0.038969	0.001325	0.037874	0.032028	0.006647	0.002719	0.037101	0.022387	0.033761	0.006164	0.014815	0.039519	0.006236	
0.012494	0.01848	0.033523	0.029696	0.032452	0.003349	0.034964	0.025268	0.010276	0.029501	0.023145	0.015049	0.002854	0.032009	0.031148	0.018573	0.023318	0.019707	0.009774	0.016734	0.015652	0.030529	0.029519	0.023869	0.010039	0.022407	0.033764	0.03335	0.009024	0.005113	0.020818	0.029232	0.010937	0.007972	0.025034	0.032594	0.00074	0.036052	0.012279	0.027864	0.009518	0.022308	0.006426	0.012397	0.023672	0.036861	0.003301	0.007187	0.018959	0.020269	
0.039132	0.00955	0.010251	0.029996	0.001783	0.034444	0.028758	0.020428	0.024798	0.012739	0.003462	0.003083	0.028512	0.019515	0.01489	0.015321	0.017361	0.013481	0.028053	0.00539	0.018915	0.02371	0.005326	0.021317	0.006039	0.003623	0.035847	0.019716	0.027625	0.024082	0.009417	0.023275	0.022574	0.009853	0.037907	0.034659	0.027099	0.001975	0.012024	0.036841	0.035	0.026125	0.024303	0.028443	0.007057	0.012577	0.003447	0.028882	0.033137	0.038258	
0.013313	0.023877	0.00569	0.017273	0.021935	0.002536	0.000863	0.038146	0.038421	0.032217	0.013303	0.009958	0.014949	0.004475	0.024689	0.00036	0.035621	0.035578	0.016581	0.007629	0.018737	0.01499	0.005306	0.038132	0.025096	0.027749	0.037657	0.01071	0.015419	0.015974	0.029674	0.025363	0.038371	0.03254	0.034759	0.015915	0.012961	0.018825	0.019499	0.018374	0.035802	0.008898	0.032479	0.024074	0.014624	0.037034	0.006991	0.00687	0.016008	0.003755	
0.029485	0.03296	0.025044	0.020433	0.020911	0.036459	0.021393	0.029076	0.0296	0.018812	0.033788	0.024481	0.014546	0.00955	0.005701	0.033925	0.010409	0.021642	0.012731	0.023271	0.025487	0.016899	0.002246	0.002774	0.00787	0.030443	0.01269	0.027006	0.008994	0.017863	0.014268	0.024005	0.003125	0.016029	0.035016	0.015858	0.013437	0.007888	0.031339	0.014327	0.03009	0.031973	0.005813	0.033048	0.031425	0.009599	0.024467	0.033018	0.007805	0.010981	
0.007196	0.001123	0.023886	0.002579	0.01526	0.015551	0.003928	0.001105	0.006917	0.040626	0.033063	0.020015	0.021036	0.017557	0.033366	0.00061	0.032223	0.019012	0.001537	0.02951	0.008707	0.026727	0.018439	0.007105	0.007586	0.012898	0.000352	0.018456	0.047338	0.044867	0.00737	0.016134	0.008234	0.004605	0.022643	0.048573	0.038747	0.038395	0.037316	0.007141	0.039752	0.014395	0.012843	0.040125	0.00919	0.032553	0.013754	0.045467	0.011677	0.032511	
0.009294	0.034843	0.038401	0.026244	0.013297	0.016239	4.2e-05	0.001255	0.019401	0.03848	0.02275	0.027965	0.033533	0.036422	0.031345	0.01045	0.021881	0.037512	0.008266	0.030001	0.027391	0.010506	0.015792	0.030673	0.013932	0.020061	0.015074	0.034645	0.014429	0.03106	0.027115	0.005734	0.008247	0.027789	0.020793	0.003364	0.009581	0.009419	0.018685	0.019809	0.003269	0.036464	0.036479	0.01645	0.005186	0.013	0.0035	0.035108	0.00933	0.019494	
0.023239	0.022538	0.031722	0.020794	0.015417	0.018522	0.008341	0.020888	0.008305	0.015322	0.031191	0.019296	0.032232	0.031402	0.024309	0.001619	0.005559	0.024201	0.009281	0.004729	0.013851	0.029908	0.027326	0.035923	0.027722	0.03292	0.008282	0.018768	0.020248	0.015802	0.00105	0.000606	0.026244	0.016764	0.035276	0.028222	0.014335	0.009143	0.037134	0.005586	0.028346	0.010432	0.028777	0.026241	0.027439	0.030416	0.019654	0.018267	0.021391	0.01502	
0.018452	0.015869	0.031323	0.013417	0.03897	0.03996	0.018435	0.005763	0.032734	0.029423	0.007879	0.012801	0.030708	0.025868	0.018105	0.006304	0.02867	0.01712	0.011874	0.014079	0.02457	0.002388	0.026213	0.010627	0.023254	0.039921	0.000893	0.036108	0.024353	0.012657	0.037994	0.025883	0.011289	0.034809	0.003149	0.032529	0.002348	0.024692	0.014102	0.00391	0.021536	0.016535	0.023527	0.026691	0.008317	0.015188	0.001581	0.03033	0.03353	0.013322	
0.002648	0.009882	0.028243	0.015599	0.032746	0.01736	0.003095	0.006295	0.012694	0.006345	0.032534	0.040917	0.03593	0.009674	0.027664	0.038319	0.000312	0.001096	0.010649	0.0193	0.02953	0.034187	0.023376	0.034225	0.042398	0.031482	0.034982	0.021389	0.018393	0.033964	0.031431	0.017453	0.021494	0.006306	0.005539	0.036111	0.017873	0.013457	0.002612	0.023522	0.016004	0.015042	0.029874	0.025495	0.009117	0.000706	0.00969	0.036137	0.002043	0.024866	
0.031318	0.018825	0.03162	0.019816	0.019607	0.035539	0.028471	0.016173	0.004213	0.023219	0.014022	0.031838	0.036261	0.032456	0.039174	0.039715	0.00887	0.014897	0.039174	0.03479	0.007786	0.023472	0.009752	0.022631	0.007802	0.037735	0.011067	0.008063	0.029774	0.001879	0.011157	0.013544	0.005521	0.034493	0.024759	0.028938	0.037226	0.020303	0.023926	0.002691	0.026866	0.00424	0.003692	0.002678	0.011189	0.015068	0.016087	0.004857	0.018475	0.014331	
0.036531	0.01268	0.001615	0.000312	0.029046	0.006632	0.01443	0.017947	0.033282	0.031215	0.023485	0.004475	0.015008	0.036038	0.007906	0.022335	0.01727	0.041485	0.021596	0.038115	0.022105	0.026355	0.03454	0.028598	0.031691	0.016515	0.011431	0.008398	0.013224	0.035523	0.028271	0.033727	0.028437	0.010332	0.007984	0.030568	0.014392	0.036205	0.006039	0.014044	0.004213	0.025345	0.009941	0.002366	0.005551	0.004974	0.040544	0.041889	0.011146	0.004249	
0.024464	0.002806	0.029829	0.00997	0.029693	0.02537	0.018169	0.002636	0.022437	0.000992	0.030861	0.028016	0.020767	0.024596	0.005949	0.024068	0.012228	0.021498	0.031505	0.033436	0.022578	0.020885	0.01502	0.018276	0.002046	0.006804	0.00851	0.011703	0.027135	0.024046	0.037482	0.037697	0.012025	0.020955	0.032702	0.032913	0.000156	0.027252	0.032874	0.022955	0.017049	0.022649	0.0367	0.029674	0.022707	0.027495	0.016475	0.005429	0.000702	0.007816	
0.012989	0.019224	0.019106	0.005803	0.0316	0.023604	0.000871	0.02398	0.014796	0.027331	0.018518	0.017638	0.00853	0.040142	0.017942	0.017385	0.0041	0.02013	0.004749	0.040125	0.011092	0.012417	0.021914	0.018497	0.011	0.037104	0.032244	0.029634	0.031759	0.007209	0.000927	0.001855	0.023843	0.013892	0.022137	0.029556	0.02647	0.016392	0.027409	0.006385	0.003471	0.027907	0.033261	0.032428	0.03707	0.040287	0.023643	0.020398	0.01269	0.018546	
0.020915	0.004237	0.015002	0.013121	0.011655	0.039452	0.01998	0.001239	0.029302	0.017507	0.041288	0.040087	0.006527	0.006142	0.024303	0.040514	0.024397	0.027949	0.03513	0.010555	0.008635	0.000202	0.040832	0.026364	0.017207	0.041616	0.012319	0.012672	0.019349	0.02474	0.038908	7.1e-05	0.030405	0.024822	5.7e-05	0.033646	0.004228	0.018818	0.018903	0.032601	0.020689	0.005605	0.004772	0.016432	0.014003	0.013198	0.020824	0.019524	0.040672	0.008584	
0.009363	0.037822	0.022368	0.016225	0.019712	0.032667	0.031704	0.006558	0.014227	0.000765	0.033678	0.008692	0.036329	0.014431	0.037526	0.036293	0.033318	0.002286	0.03682	0.023094	0.001762	0.001145	0.019478	0.040237	0.000343	0.035688	0.019562	0.019314	0.011282	0.00872	0.0192	0.016099	0.02743	0.003016	0.039242	0.04014	0.022887	0.01918	0.002709	0.017136	0.002125	0.009299	0.023549	0.025314	0.037701	0.012356	0.002508	0.034466	0.007747	0.026487	
0.024295	0.040175	0.020889	0.04014	0.021271	0.001786	0.013708	0.038098	0.012687	0.043347	0.019458	0.013933	0.002548	0.044362	0.044709	0.03174	0.006227	0.013226	0.045666	0.03836	0.031551	0.008799	0.0146	0.008179	0.004008	0.021219	0.000866	0.041754	0.00031	0.003219	0.026519	0.008464	0.018532	0.014702	0.003204	0.039332	0.030465	0.010182	0.008123	0.002948	0.033422	0.018475	0.011826	0.018909	0.007048	0.045682	0.004631	0.013414	0.013076	0.019916	
0.031262	0.007772	0.024955	0.029165	0.027442	0.001723	0.028272	0.021452	0.011458	0.006425	0.033721	0.0172	0.024476	0.019054	0.001697	0.021153	0.017126	0.017133	0.019588	0.032991	0.001057	0.012273	0.012757	0.015926	0.025241	0.026237	0.027281	0.018373	0.031126	0.015685	0.029337	0.030032	0.024023	0.033762	0.02407	0.014485	0.017308	0.02728	0.002702	0.004129	0.024774	0.024569	0.029202	0.008468	0.021722	0.023293	0.028735	0.012678	0.010054	0.029356	
0.018849	0.026237	0.035915	0.034141	0.018823	0.013364	0.030962	0.000393	0.014478	0.032052	0.035214	0.018912	0.003056	0.013094	0.008158	0.009894	0.03174	0.032821	0.03298	0.002094	0.029508	0.027616	0.03262	0.026326	0.017315	0.009271	0.018198	0.022998	0.004754	0.022926	0.029626	0.013244	0.016723	0.02356	0.030297	0.03525	0.024028	0.024198	0.015261	0.002587	0.030338	0.031463	0.004186	0.000356	0.031954	0.018151	0.005243	0.002781	0.012252	0.023793	
0.024518	0.007001	0.021811	0.027191	0.033249	0.012011	0.030394	0.012999	0.004843	0.024193	0.032829	0.031008	0.034406	0.01315	0.030631	0.017735	0.034506	0.009382	0.034595	0.014709	0.008738	0.003621	0.001451	0.029431	0.019522	0.022087	0.019216	0.014545	0.01955	0.026585	0.018229	0.010635	0.024095	0.015479	0.01003	0.003838	0.023928	0.017175	0.021862	0.016582	0.019719	0.024606	0.011449	0.017972	0.020035	0.00751	0.032743	0.029746	0.028973	0.029487	
0.001111	0.001056	0.034533	0.024838	0.033012	0.021499	0.015888	0.021587	0.011046	0.009723	0.030059	0.039729	0.006108	0.004303	0.031083	0.034378	0.027844	0.027829	0.000706	0.020533	0.001123	0.038583	0.043967	0.003079	0.018568	0.033559	0.004862	0.04198	0.020147	0.01317	0.022888	0.024313	0.013333	0.039132	0.031441	0.005068	0.027619	0.032893	0.021581	0.030864	0.006136	0.023647	0.001572	0.005212	0.022803	0.008884	0.017892	0.027052	0.002456	0.019311	
0.034225	0.035661	0.019922	0.043511	0.002891	0.04211	0.013131	0.025666	0.037008	0.004425	0.020255	0.03295	0.014938	0.004838	0.013719	0.011957	0.013883	0.006608	0.027063	0.017178	0.031641	0.022292	0.030621	0.041921	0.002577	0.019943	0.020409	0.018891	0.035667	0.015903	0.018165	0.011049	0.018812	0.000545	0.005845	0.002009	0.013335	0.03987	0.005125	0.006884	0.039728	0.009596	0.038989	0.028153	0.012523	0.017289	0.035438	0.00373	0.008546	0.022565	
0.0095	0.004839	0.026534	0.03436	0.021467	0.019474	0.030329	0.012714	0.025121	0.032282	0.033671	0.000479	0.026844	0.033441	0.03156	0.020994	0.000282	0.03612	0.021973	0.000661	0.037405	0.020668	0.025648	0.006338	0.013239	0.007401	0.014208	0.016905	0.001092	0.017905	0.035639	0.008211	0.004052	0.025056	0.026216	0.007256	0.009312	0.031764	0.026787	0.013111	0.033747	0.011705	0.029569	0.024054	0.016987	0.024008	0.03254	0.032177	0.009937	0.014418	
0.018872	0.036057	0.026201	0.044905	0.013141	0.023817	0.034106	0.002641	0.004493	0.006926	0.040602	0.019938	0.034442	0.027208	0.016379	0.003197	0.000604	0.03462	0.00416	0.02579	0.019631	0.001515	0.035662	0.044999	0.005276	0.011281	0.00898	0.030265	0.02803	0.01161	0.016342	0.034923	0.026671	0.03503	0.012073	0.01722	0.007294	0.0239	0.002413	0.0048	0.002488	0.01941	0.031248	0.004816	0.037704	0.006405	0.022549	0.036555	0.032228	0.010583	
0.030544	0.014123	0.022295	0.004873	0.006599	0.02875	0.019921	0.035456	0.008913	0.0121	0.026953	0.023037	0.026371	0.016784	0.016674	0.034423	0.017669	0.024861	0.028159	0.021216	0.026692	0.001894	0.002565	0.018478	0.032192	0.036809	0.008129	0.031318	0.024953	0.004322	0.005849	0.020522	0.00478	0.036619	0.003237	0.003032	0.0014	0.017621	0.034555	0.006677	0.016233	0.029944	0.007685	0.03426	0.033658	0.008684	0.035111	0.035317	0.028569	0.029174	
0.01929	0.016842	0.013712	0.042018	0.010381	0.037691	0.035658	0.016693	0.037194	0.014493	0.026506	0.023702	0.013172	0.012847	0.040041	0.024877	0.03163	0.008729	0.013188	0.024562	0.008363	0.01104	0.042003	0.021251	0.04112	0.017677	0.007143	0.02277	0.020133	0.013687	0.019009	0.019079	0.002328	0.012239	0.012594	0.01823	0.003636	0.023135	0.016289	0.015206	0.019827	0.005523	0.02733	0.028805	0.002812	0.03077	0.004438	0.031278	0.020883	0.018176	
0.013175	0.014453	0.023941	0.002577	0.020221	0.033103	0.030004	0.004865	0.002637	0.032687	0.020894	0.016447	0.015961	0.035542	0.021961	0.007461	0.024172	0.014359	0.002908	0.012926	0.011392	0.026404	0.000911	0.030349	0.031797	0.037546	0.034448	0.017273	0.03319	0.035608	0.039571	0.003824	0.032899	0.007166	0.030709	0.015523	0.02937	0.031054	0.0091	0.031638	0.00293	0.024725	0.006511	0.033209	0.015962	0.034681	0.012513	0.001185	0.022919	0.005299	
0.036231	0.002386	0.004193	0.029966	0.021847	0.039354	0.024716	0.001445	0.030604	0.024495	0.009609	0.029267	0.006808	0.001145	0.025865	0.0178	0.003036	0.001736	0.011726	0.02353	0.005324	0.035135	0.004558	0.01197	0.01853	0.034375	0.022894	0.034137	0.016052	0.029796	0.035171	0.014927	0.0173	0.005777	0.010179	0.034903	0.014422	0.038323	0.015816	0.027061	0.001536	0.015809	0.033446	0.01979	0.038159	0.000128	0.02335	0.031003	0.031414	0.032956	
0.032973	0.032326	0.021089	0.038365	0.0175	0.020004	0.004746	0.024614	0.022464	0.007333	0.003256	0.030534	0.007689	0.019406	0.01136	0.026627	0.004305	0.037016	0.017285	0.008799	0.005057	0.009256	0.003288	6.5e-05	0.029764	0.027387	0.018554	0.024711	0.018051	0.010087	0.038708	0.036072	0.019956	0.010159	0.032107	0.034392	0.034403	0.016745	0.027387	0.034843	0.011999	0.006078	0.015811	0.007617	0.039597	0.009729	0.019802	0.013972	0.031826	0.024886	
0.0008	0.038004	0.038492	0.03446	0.035953	0.000933	0.01383	0.01863	0.009448	0.014599	0.032781	0.034956	0.020181	0.003057	0.012004	0.031278	0.004668	0.017258	0.016177	0.004097	0.037537	0.007145	0.020129	0.0315	0.023614	0.031459	0.025267	0.014691	0.038205	0.009797	0.010904	0.009041	0.004248	0.006272	0.02111	0.033948	0.033815	0.010914	0.015534	0.032177	0.001622	0.023749	0.037688	0.024704	0.009616	0.037205	0.017622	0.003291	0.021477	0.024113	
0.004062	0.029448	0.040924	0.000221	0.02077	0.009602	0.016127	0.029024	0.029011	0.02312	0.034231	0.024825	0.000792	0.020318	0.003496	0.007296	0.041115	0.016024	0.01899	0.022604	0.031706	0.037478	0.031066	0.016009	0.023674	0.009306	0.018755	0.013352	0.028805	0.009896	0.005084	0.037465	0.017432	0.012351	0.01424	0.005044	0.027599	0.038771	0.040533	0.00367	0.037467	0.011566	0.004187	0.020988	0.020859	0.002058	0.001722	0.037728	0.016248	0.032941	
0.007587	0.036506	0.031404	0.040058	0.019224	0.023814	0.033778	0.004401	0.021562	0.014122	0.012795	0.031248	0.014727	0.026498	0.005286	0.032554	0.005281	0.040615	0.037275	0.012355	0.039721	0.028696	0.003902	0.033273	0.030629	0.022082	0.003617	0.012602	0.003577	0.027652	0.012339	0.026971	0.004745	0.021011	0.037213	0.021146	0.038591	0.029436	0.023006	0.017438	0.030031	0.012787	0.004242	0.005665	0.013046	0.001486	0.002505	0.003954	0.006715	0.030832	
0.005374	0.008699	0.002368	0.041647	0.001179	0.032227	0.003202	0.031929	0.022139	0.033385	0.009922	0.035418	0.018213	0.02034	0.000582	0.001392	0.008365	0.022905	0.026025	0.043822	0.020837	0.038355	0.042271	0.017649	0.000748	0.041632	0.035152	0.022737	0.011099	0.002439	0.019075	0.015305	0.023147	0.002066	0.038649	0.03541	0.018827	0.028454	0.039375	0.006474	0.001022	0.020305	0.020101	0.023001	0.011387	0.007705	0.011032	0.023354	0.02884	0.024419	
0.009046	0.003006	0.022068	0.019175	0.039658	0.02833	0.013919	0.011896	0.008215	0.004366	0.018494	0.000276	0.020602	0.038611	0.016563	0.032896	0.030113	0.025262	0.027399	0.032083	0.000591	0.005673	0.03763	0.009279	0.039515	0.024342	0.013221	0.031271	0.011927	0.015701	0.036697	0.034997	0.018084	0.015441	0.012064	0.0147	0.02144	0.005951	0.000338	0.004182	0.029387	0.023472	0.040248	0.000661	0.017751	0.025882	0.039706	0.025035	0.029516	0.01332	
0.009618	0.027249	0.002898	0.017173	0.032347	0.030697	0.043235	0.037657	0.029175	0.017211	0.00161	0.017168	0.025771	0.013277	0.003747	0.032887	0.036309	0.032296	0.033421	0.006832	0.024808	0.036436	0.011527	0.039493	0.010316	0.019159	0.008373	0.028202	0.008761	0.007771	0.031759	0.004608	0.036058	0.016096	0.001289	0.001933	0.023115	0.006301	0.000984	0.007733	0.042596	0.008674	0.017517	0.021323	0.03257	0.009987	0.023698	0.004827	0.028028	0.03548	
0.02325	0.026268	0.015316	0.027708	0.003332	0.013334	3e-06	0.016236	0.007053	0.020069	0.026906	0.031919	0.021178	0.019617	0.021303	0.029156	0.028586	0.014413	0.01771	0.024586	0.016253	0.00268	0.030598	0.013907	0.021967	0.024657	0.028409	0.029674	0.005716	0.024624	0.034904	0.000681	0.032573	0.031819	0.01898	0.01426	0.031386	0.017104	0.01982	0.016593	0.013502	0.017957	0.019246	0.02902	0.00924	0.004284	0.036213	0.023674	0.027148	0.015168	
0.026903	0.004659	0.013158	0.033433	0.003716	2e-05	0.014538	0.009347	0.023102	0.018548	0.007553	0.020061	0.024821	0.039646	0.020448	0.030202	0.011458	0.001249	0.012612	0.005424	0.027141	0.022588	0.013196	0.034548	0.042282	0.00227	0.010115	0.011557	0.012002	0.020892	0.039657	0.011629	0.032952	0.006201	0.035077	0.031497	0.006345	0.014647	0.041825	0.00925	0.034144	0.042626	0.032753	0.035554	0.033576	0.009712	0.003974	0.030681	0.029621	0.00079	
0.02614	0.01453	0.004647	0.034439	0.008616	0.035437	0.006749	0.039913	0.037556	0.002621	0.029724	0.006227	0.033377	0.035137	0.038028	0.030525	0.032062	0.036054	0.020293	0.010184	0.001287	0.026815	0.027127	0.022968	0.000745	0.010264	0.013602	0.016273	0.033219	0.037884	0.02598	0.012179	0.025783	0.006147	0.012559	0.003011	0.011142	0.039266	0.008472	0.004549	0.010472	0.020715	0.026481	0.006467	0.019792	0.029488	0.003855	0.019644	0.004441	0.037114	
0.019603	0.009952	0.028991	0.019696	0.002669	0.008611	0.033143	0.012594	0.035133	0.023051	0.025688	0.034354	0.033768	0.030541	0.020316	0.011006	0.024022	0.013264	0.036931	0.018382	0.017127	0.020659	0.004871	0.018019	0.027531	0.006301	0.018048	0.020627	0.037096	0.002864	0.003577	0.031174	0.036643	0.023778	0.028306	0.008547	0.036026	0.024828	0.011912	0.029267	0.01474	0.00675	0.009326	0.004447	0.026727	0.030639	0.008992	0.012453	0.027973	0.009037	
0.021935	0.02999	0.029182	0.021499	0.024855	0.034962	0.025419	0.032989	0.025301	0.02852	0.011833	0.023546	0.029867	0.017637	0.013593	0.003583	0.002523	0.014191	0.031102	0.00019	0.01232	0.010845	0.009285	0.008473	0.029617	0.035729	0.021252	0.008754	0.027989	0.033867	0.011634	0.018669	0.029168	0.008594	0.012918	0.004242	0.034924	0.019253	0.025718	0.019155	0.025533	0.035635	0.023395	0.034942	0.023957	0.000441	0.016732	0.006533	0.000224	0.027485	
0.020272	0.038122	0.026339	0.001449	0.022756	0.029942	0.032743	0.022182	0.036694	0.006151	0.010388	0.00014	0.033375	0.017555	0.020797	0.010662	0.007006	0.03863	0.00486	0.028784	0.028019	0.009941	0.018527	0.018648	0.006905	0.029393	0.035679	0.010439	3.7e-05	0.012805	0.028442	0.037575	0.023655	0.028873	0.007216	0.007318	0.028544	0.006709	0.037116	0.014559	0.021691	0.027232	0.004575	0.037909	0.036229	0.006981	0.030873	0.021274	0.00763	0.006359	
0.031485	0.015099	0.007533	0.028823	0.023858	0.006227	0.024285	0.035292	0.019673	0.029496	0.038144	0.006402	0.008699	0.003904	0.007584	0.012279	0.014079	0.032357	0.009799	0.02803	0.021436	0.006754	0.020527	0.024047	0.029048	0.001049	0.001735	0.036909	0.035007	2.8e-05	0.026177	0.001683	0.027935	0.033158	0.005539	0.032336	0.013224	0.029812	0.039907	0.003384	0.004488	0.022246	0.020288	0.023511	0.019676	0.017907	0.031099	0.036611	0.036584	0.014847	
0.02562	0.019542	0.008832	0.015548	0.013112	0.037789	0.034338	0.03477	0.004872	0.039221	0.026745	0.017568	0.004676	0.004307	0.024879	0.000654	0.010655	0.01889	0.028917	0.011361	0.03642	0.017647	0.038843	0.000207	0.039794	0.031892	0.036048	0.013273	0.01266	0.022356	0.013186	0.039838	0.020839	0.006742	0.00163	0.031664	0.014979	0.010069	0.00473	0.001691	0.011292	0.00682	0.036401	0.025653	0.039009	0.01879	0.013611	0.018408	0.025537	0.027675	
0.026478	0.015116	0.012453	0.036494	0.005272	0.034067	0.012145	0.022634	0.01471	0.0313	0.026199	0.032898	0.017636	0.013727	0.028532	0.029172	0.030865	0.045513	0.015353	0.020986	0.032102	0.027773	0.032901	0.017909	0.004479	0.01896	0.031998	0.021713	0.006905	0.015692	0.00565	0.03579	0.007105	0.01194	0.007337	0.010017	0.036666	0.025633	0.006413	0.015479	0.036728	0.001812	0.02465	0.028857	0.001315	0.006928	0.010874	0.000163	0.031064	0.013597	
0.013489	0.010058	0.024626	0.016329	0.034626	0.008701	0.030308	0.015895	0.003291	0.0304	0.032249	0.014161	0.030566	0.013312	0.029371	0.021811	0.026202	0.029978	0.030304	0.025436	0.029205	0.00818	0.002142	0.006241	0.03595	0.037541	0.017844	0.008032	0.012325	0.022511	0.021896	0.014877	0.016915	0.014438	0.023808	0.032673	0.014289	0.02022	0.00317	0.001527	0.005772	0.037713	0.02288	0.031973	0.015844	0.02306	0.033306	0.030527	5e-06	0.014023	
0.023834	0.000536	0.025919	0.02192	0.020733	0.031374	0.035207	0.020619	0.028726	0.030389	0.023441	0.013027	0.00717	0.007294	0.009184	0.030078	0.031145	0.028169	0.012402	0.000153	0.031698	0.016903	0.03499	0.001536	0.007253	0.029296	0.00809	0.015046	0.018731	0.029947	0.003047	0.009913	0.008847	0.020269	0.01599	0.015144	0.03049	0.033262	0.025156	0.018827	0.020838	0.021055	0.03019	0.024497	0.015426	0.028757	0.032621	0.017715	0.026801	0.006345	
0.008285	0.020066	0.00763	0.032097	0.018513	0.029038	0.000269	0.0227	0.01342	0.00994	0.007112	0.039124	0.023689	0.020173	0.004571	0.010103	0.011762	0.007245	0.029347	0.033237	0.025419	0.009164	0.015131	0.017553	0.0048	0.035366	0.023005	0.015739	0.034132	0.025808	0.012818	0.007981	0.032336	0.014931	0.011383	0.033588	0.02397	0.01142	0.015526	0.036971	0.019912	0.030666	0.018432	0.029041	0.01036	0.019788	0.035936	0.038386	0.028137	0.01398	
0.030797	0.01142	0.01491	0.030786	0.033176	0.034056	0.016502	0.028264	0.035606	0.027792	0.005436	0.009076	0.035997	0.027387	0.033027	0.003594	0.01373	0.022225	0.010492	0.027817	0.033375	0.004568	0.010489	0.007452	0.001837	0.036412	0.001496	0.016556	0.00385	0.030076	0.008902	0.020828	9.3e-05	0.000873	0.030548	0.01617	0.036685	0.027992	0.019024	0.026537	0.002674	0.015679	0.026479	0.025843	0.016788	0.033516	0.011833	0.032393	0.016029	0.032913	
0.008421	0.036172	0.035753	0.005344	0.036474	0.025169	0.003613	0.03191	0.006384	0.037105	0.036555	0.035794	0.032977	0.005567	0.003843	0.010553	0.018786	0.009236	0.019243	0.004529	0.014278	0.021794	0.039188	0.013619	0.016632	0.009169	0.028071	0.033415	0.033851	0.003235	0.040239	0.025934	0.019631	0.037711	0.018548	0.011319	0.011879	0.002781	0.023954	0.000756	0.039048	0.021597	0.016396	0.005966	0.014091	0.01022	0.009279	0.00831	0.033383	0.032278	
0.031229	0.010129	0.02586	0.003935	0.030623	0.027156	0.018594	0.013955	0.033244	0.015887	0.02577	0.01315	0.011521	0.028361	0.022045	0.023651	0.026095	0.01258	0.021428	0.022448	0.026057	0.019868	0.031153	0.027052	0.022346	0.011302	0.011826	0.021374	0.009711	0.002438	0.007421	0.034566	0.013718	0.009869	0.00188	0.022912	0.031037	0.016942	0.018245	0.033	0.014234	0.01582	0.01232	0.032411	0.028421	0.032412	0.027672	0.005395	0.017258	0.023679	
0.003297	0.035512	0.010721	0.038045	0.018089	0.000345	0.031156	0.005229	0.018382	0.01377	0.021084	0.013534	0.016777	0.013789	0.009068	0.023041	0.028189	0.031504	0.027193	0.014427	0.021911	0.029889	0.013999	0.005841	0.001247	0.010334	0.01606	0.026316	0.02106	0.033655	0.012652	0.036344	0.005577	0.016211	0.023519	0.038205	0.037118	0.01953	0.031118	0.029691	0.036918	0.010863	0.023591	0.030979	0.001759	0.027058	0.002699	0.01207	0.015279	0.035355	
0.018602	0.03542	0.002497	0.015054	0.03024	0.005017	0.016489	0.025993	0.005475	0.003953	0.002575	0.005997	0.026493	0.030733	0.031953	0.034258	0.022674	0.001767	0.015292	0.027919	0.004158	0.01634	0.026933	0.009458	0.031735	0.028985	0.033516	0.005666	0.019283	0.00448	0.024309	0.033507	0.009497	0.004743	0.009296	0.036443	0.023678	0.021025	0.03556	0.008914	0.012994	0.035809	0.026733	0.025643	0.036401	0.02231	0.033244	0.02203	0.013395	0.025514	
0.007787	0.030741	0.023783	0.033376	0.019204	0.036248	0.013611	0.034654	0.021341	0.035669	0.012322	0.015779	0.013544	0.036303	0.010619	0.016428	0.019361	0.036659	0.010275	0.030753	0.033402	0.030599	0.003219	0.025588	0.028011	0.007693	0.006053	0.017907	0.016663	0.018545	0.036396	0.003252	0.020175	0.018172	0.012567	0.010156	0.012276	0.010357	0.024931	0.027312	0.034151	0.002322	0.026801	0.037257	0.011387	0.014861	0.031744	0.00412	0.005979	0.009647	
0.027079	0.011898	0.017009	0.032182	0.038829	0.021876	0.012497	0.034615	0.014789	0.028526	0.00108	0.024148	0.009054	0.038276	0.004964	0.017683	0.014749	0.025574	0.032874	0.007391	0.024722	0.009558	0.017462	0.005767	0.029003	0.006061	0.033934	0.007975	0.020849	0.014994	0.015307	0.030334	0.028751	0.020547	0.010205	0.031907	0.029406	0.007753	0.000943	0.038203	0.018402	0.001536	0.013633	0.038849	0.016779	0.019786	0.01881	0.020942	0.036454	0.016035	
0.034275	0.015753	0.017149	0.000209	0.008993	0.03258	0.030145	0.002601	0.012348	0.014398	0.011967	0.011418	0.021676	0.015285	0.033833	0.017654	0.022218	0.027144	0.030325	0.025473	0.034883	0.029603	0.004889	0.032982	0.018404	0.029845	0.033924	0.02379	0.030738	0.01727	0.028346	0.000774	0.029675	0.031492	0.000913	0.029613	0.002532	0.00577	0.018592	0.030976	0.011172	0.019416	0.006694	0.012278	0.027252	0.017464	0.027479	0.000157	0.033739	0.023894	
0.004018	0.018305	0.009409	0.029546	0.02925	0.031111	0.033027	0.002661	0.035968	0.00269	0.009114	0.020251	0.013713	0.035467	0.011791	0.018022	0.03455	0.025729	0.038337	0.031688	0.019089	0.017788	0.036411	0.024919	0.009135	0.023129	0.010037	0.026487	0.019737	0.003948	0.026131	0.016496	0.011648	0.022229	0.021283	0.029209	0.036449	0.020921	0.003456	0.016396	0.008319	0.03771	0.000322	0.019306	0.02881	0.011343	0.020611	0.018133	0.011748	0.014153	
0.008542	0.005997	0.023981	0.034112	0.023484	0.019844	0.01453	0.006691	0.006621	0.013884	0.014289	0.015844	0.003854	0.036179	0.012248	0.000599	0.032954	0.030536	0.036098	0.029198	0.025278	0.012638	0.032361	0.009802	0.018208	0.025377	0.025206	0.031933	0.035634	0.020999	0.018187	0.035469	0.004993	0.035175	0.022853	0.005454	0.03438	0.018236	0.007577	0.024153	0.019534	0.032241	0.01318	0.014391	0.008919	0.007972	0.026676	0.027024	0.012463	0.024202	
0.021487	0.006131	0.011509	0.017828	0.000756	0.026063	0.030623	0.02823	0.013459	0.017295	0.028408	0.001704	0.026158	0.004822	0.035422	0.017109	0.005456	0.017301	0.036937	0.023259	0.000495	0.003424	0.022065	0.035513	0.031582	0.001719	0.004285	0.040746	0.00971	0.001489	0.010002	0.026112	0.036396	0.012145	0.037353	0.030363	0.03125	3.3e-05	0.038745	0.004991	0.005035	0.040353	0.015908	0.029039	0.03245	0.033407	0.035379	0.021206	0.005484	0.033364	
0.008737	0.00317	0.005388	0.021598	0.009689	0.016633	0.02211	0.013445	0.021526	0.00534	0.004364	0.005497	0.024247	0.009951	0.021353	0.007681	0.033468	0.029778	0.024071	0.034444	0.003986	0.025617	0.023821	0.033456	0.033352	0.028598	0.030571	0.015422	0.007002	0.012398	0.017068	0.02886	0.032219	0.030477	0.025299	0.032904	0.028386	0.006877	0.025954	0.003966	0.027998	0.029533	0.012782	0.030481	0.020768	0.010556	0.012767	0.032061	0.031576	0.022755	
0.54