50
2
-0.556014	0.741465	-0.586562	0.837222	-0.023178	0.223488	0.531816	0.036836	-0.406399	-0.624558	-0.838517	0.476881	-0.117382	-0.68338	0.759874	-0.451827	-0.17153	-0.40784	0.257576	0.159676	0.199858	-0.468362	-0.430628	-0.492824	-0.344872	-0.711671	-0.668774	0.927861	0.920453	-0.623171	-0.951387	-0.590889	0.399687	0.559029	-0.954134	0.155326	-0.996716	0.030945	0.27959	0.971249	-0.481805	0.604994	0.740966	0.845499	-0.995572	-0.061023	0.962937	-0.20211	0.627465	0.092913	
0.541708	-0.030138	-0.941777	-0.826949	-0.777092	-0.49751	0.929831	0.263532	0.63332	0.132164	0.270712	0.623805	0.853365	0.825254	0.649621	-0.811595	-0.277903	-0.928982	0.092717	0.592285	-0.897714	-0.622665	-0.269044	-0.511418	0.590175	-0.29581	0.277755	-0.01317	0.166999	0.878599	0.88708	-0.776615	0.68711	-0.307944	-0.798345	-0.233182	0.02071	0.922206	-0.256975	-0.975261	0.719414	-0.777779	-0.043322	0.69996	0.029476	-0.106784	0.600953	-0.959217	0.145237	-0.177233	
0.970274	0.602803	-0.892076	-0.619044	-0.095162	0.405884	-0.335904	-0.280034	0.842941	0.907261	-0.184629	0.797142	-0.339493	-0.834523	0.053435	0.321689	0.785969	0.930315	0.539865	0.518198	0.420098	0.403106	0.534663	0.948699	-0.252571	-0.833891	-0.520719	-0.557034	-0.2728	0.620628	-0.879808	-0.100513	0.626341	-0.471523	-0.873198	-0.515785	-0.829859	0.615555	-0.6595	-0.609311	0.629284	0.620571	0.178748	0.829469	-0.880357	0.929993	0.14195	-0.394964	0.651412	0.318835	
0.973003	-0.785021	0.161837	-0.054344	0.304542	-0.516282	-0.93774	0.088465	-0.27058	0.784667	-0.081309	-0.162692	0.265811	0.054358	0.922422	0.57802	-0.006609	-0.577718	0.207968	0.497152	0.511728	0.987008	-0.563004	-0.148725	-0.152301	-0.362707	-0.269334	-0.044117	0.084181	-0.46954	-0.731273	-0.396228	-0.72704	-0.3646	0.358365	0.202682	0.994451	0.121829	0.097452	0.284699	0.453579	0.231627	0.177	0.210009	-0.290429	0.554764	0.209207	-0.381538	-0.508738	-0.857468	
-0.304542	-0.974304	-0.668716	-0.879267	-0.443688	-0.303336	0.182445	0.550026	0.249509	-0.680638	0.787525	0.461183	-0.004464	0.28728	0.01895	-0.663584	0.28293	0.976336	0.540659	-0.637038	-0.760462	0.860684	0.820195	0.498369	0.521063	-0.714248	0.623888	-0.615441	-0.69051	-0.185842	-0.999234	0.691036	-0.677735	0.478501	0.165822	0.54052	0.199986	0.922935	-0.240443	-0.005979	-0.323323	0.485501	-0.399008	0.597573	-0.8281	-0.528673	-0.123662	-0.747908	-0.593936	0.683085	
-0.255135	-0.562637	0.692266	0.150749	0.267433	0.777857	0.427918	-0.469775	-0.980583	0.098927	0.415052	0.611389	-0.618687	0.268429	0.877106	-0.483627	-0.415039	-0.148712	0.142357	0.980111	0.176399	0.775799	0.312423	-0.054442	-0.388903	-0.299641	0.554269	-0.644982	-0.724129	-0.57391	0.337827	-0.25719	-0.586995	-0.338591	-0.836741	-0.126929	0.622432	-0.108415	-0.10538	-0.944943	-0.442045	-0.849659	-0.904523	0.727171	0.428635	0.660875	-0.734188	-0.269427	0.826435	-0.133224	
0.851304	0.922736	-0.986784	-0.134139	0.166225	-0.302345	-0.247936	-0.288357	-0.537934	-0.947926	0.462368	0.997032	-0.923316	0.718196	0.08861	-0.96096	-0.862367	0.050899	-0.79088	-0.408005	-0.450331	0.941211	-0.060667	-0.429638	0.876484	0.933453	0.4388	-0.726242	0.779798	-0.117479	0.572255	0.442977	0.306328	0.533946	0.623661	-0.076677	-0.030759	-0.805228	-0.258274	0.772269	-0.559456	0.49783	0.613259	-0.606864	0.529205	0.314693	0.950918	-0.223414	0.5135	0.687907	
-0.241855	-0.552624	-0.263515	0.30566	-0.485225	0.716998	-0.409617	0.528069	-0.357913	0.008645	0.748367	-0.029207	0.248377	-0.314384	-0.062853	-0.877172	0.039533	-0.101692	-0.402034	-0.654246	-0.318673	-0.410299	-0.274925	0.617508	0.791199	0.830067	-0.156889	0.796895	0.174155	0.993222	-0.751474	0.513663	0.176537	0.029132	0.516431	0.666563	0.662176	-0.311762	-0.238646	0.19057	-0.914256	0.629411	0.172046	-0.112991	0.27627	0.910703	0.608422	0.312299	-0.584915	0.943472	
-0.225773	0.810473	0.002109	0.344817	0.774806	-0.883228	-0.410507	-0.644613	-0.906869	-0.316383	0.830801	-0.494567	-0.773924	0.88369	-0.013378	-0.056418	0.375694	0.63417	-0.546185	-0.595294	-0.151002	0.695186	0.854243	-0.619193	0.378918	-0.108263	0.756221	-0.408778	-0.459592	-0.956136	0.742702	-0.66788	-0.442938	-0.507338	0.844104	-0.836744	-0.326683	0.36087	-0.66887	0.155317	-0.150686	-0.97372	0.213206	-0.306166	-0.576946	0.9503	0.677964	-0.102581	-0.357502	-0.971804	
0.45614	-0.467353	0.02338	0.252038	0.505812	-0.683708	-0.817367	0.548134	-0.897084	-0.186765	-0.927953	-0.584422	-0.621205	0.679802	0.485883	-0.510648	0.172336	-0.010802	-0.817677	-0.284365	0.501402	-0.742465	-0.520199	-0.287151	-0.991956	0.546907	-0.209816	0.277333	0.052069	0.558736	0.31769	-0.202486	-0.752677	-0.151988	-0.989425	-0.843668	0.659617	0.033538	0.57789	0.478222	0.055599	0.454591	0.887646	0.896852	-0.491137	0.816768	-0.057949	-0.583233	-0.179705	0.167862	
0.777999	0.806748	0.119551	0.614323	0.058231	-0.809846	-0.128523	0.398333	0.509095	0.355707	-0.99579	0.364675	0.960042	-0.573992	0.426434	-0.604622	0.532979	0.871594	-0.583598	0.658681	-0.401493	0.76141	-0.93645	0.510461	-0.569276	-0.266226	-0.684582	0.614862	-0.597892	-0.290842	-0.268804	-0.464954	-0.552155	0.49522	0.154765	0.547726	-0.686089	0.090129	-0.84059	-0.803177	-0.136055	0.1845	0.433285	0.136577	-0.845898	-0.246207	0.475855	0.901102	0.810653	-0.016819	
0.871052	-0.497233	0.233836	0.525637	-0.996642	-0.83576	-0.357642	-0.5673	-0.650485	0.103681	0.279257	-0.029946	0.399117	-0.363662	-0.268058	-0.734008	-0.566112	-0.026371	0.65281	-0.052896	0.766353	0.873934	0.542916	0.558027	-0.970712	0.385712	-0.931359	0.509749	-0.15014	-0.832718	0.860878	-0.629586	0.92077	0.568138	0.845387	0.252013	-0.296441	0.398242	-0.079028	0.469269	0.907502	-0.886515	-0.668887	-0.139284	-0.945103	-0.280794	-0.153644	-0.650943	-0.916024	0.270192	
-0.525979	0.400001	-0.166388	0.796127	-0.40423	0.081554	-0.430011	0.897155	-0.444464	0.352477	-0.291269	0.366979	0.239757	0.545985	0.252501	-0.087799	-0.098856	-0.687281	-0.764884	-0.690508	0.859067	0.340916	0.809722	0.22939	-0.574376	-0.974983	0.067357	0.945991	0.587395	-0.862149	-0.272155	-0.733211	-0.459164	0.355239	-0.348705	0.018895	-0.4215	-0.180635	-0.244349	0.166837	-0.842111	0.987222	-0.72853	-0.892368	0.820061	-0.269742	-0.991053	-0.498261	0.616683	0.485639	
0.290288	0.651288	-0.054349	0.837804	-0.460693	-0.00671	0.65876	0.087697	-0.520316	-0.332695	0.721061	0.057991	-0.308458	0.248041	-0.703976	0.482749	-0.272246	0.033459	-0.306664	0.714573	-0.646931	0.738248	0.323696	-0.636853	-0.686796	-0.480537	-0.112668	0.888377	0.569207	-0.423904	-0.048588	-0.915027	0.552072	0.429522	0.284444	0.206054	-0.850983	0.047959	0.201614	0.238765	0.795295	-0.339531	-0.511449	-0.124012	0.234406	0.703232	0.486563	0.035234	-0.220733	0.492885	
-0.258754	-0.151388	-0.963279	0.015523	-0.590105	0.932698	-0.815048	-0.916762	0.034206	0.966915	-0.452109	-0.733854	-0.818923	-0.993031	0.231425	-0.293526	0.640015	-0.556607	0.096	-0.891204	-0.354198	0.815073	0.20685	-0.072522	0.862313	-0.301186	-0.855083	-0.089509	0.178277	0.59899	-0.26321	0.039431	0.777132	0.2658	-0.452787	0.863253	0.139452	0.675902	0.613019	0.343331	-0.402137	0.306257	-0.76924	0.339662	0.050339	-0.354102	-0.115382	-0.429868	-0.060177	-0.147889	
-0.015625	-0.946172	-0.782922	0.707814	-0.64841	-0.378664	0.391261	-0.230084	-0.192221	-0.924083	-0.13083	0.141456	-0.117001	-0.236805	-0.654083	-0.225567	-0.898357	-0.433648	-0.983265	-0.673698	-0.869497	0.8569	0.056108	-0.541437	0.230875	-0.47524	0.297452	0.029829	-0.207805	0.809358	0.370085	0.893596	-0.454217	-0.232385	0.339879	0.245411	-0.456359	-0.809869	0.657086	-0.321779	-0.997654	0.384814	-0.33835	0.463669	-0.759744	-0.485474	0.825254	0.225106	-0.189055	0.713924	
0.346036	-0.641535	-0.458322	0.761053	0.873325	0.404642	0.06414	0.821483	0.320687	0.879039	0.410589	-0.566029	0.752761	0.070188	-0.316533	-0.534657	-0.457996	0.08691	-0.907117	-0.271149	-0.489637	-0.805536	0.005372	-0.288451	0.756363	0.053434	-0.708336	-0.845095	0.137288	0.558828	-0.179718	0.06947	0.61276	0.303336	0.21463	0.787249	-0.670771	-0.654477	0.889605	0.614557	0.953522	0.051666	-0.15004	0.907174	0.241721	-0.166586	-0.131283	-0.042416	-0.879359	-0.686564	
0.269508	0.379353	0.767988	0.14887	-0.705858	0.37708	-0.677322	0.063729	-0.596661	-0.447348	0.74123	0.108891	0.496192	-0.695798	-0.108176	-0.215135	0.953419	0.482671	0.64602	0.361071	-0.86578	0.566624	0.451087	0.397877	-0.144589	-0.455108	-0.011354	-0.187903	-0.788096	0.545164	0.32386	-0.698965	0.226066	0.899657	0.064954	-0.910278	0.934103	0.298084	-0.039217	0.906745	-0.10843	-0.571984	-0.992796	0.59007	-0.703376	0.593906	-0.837384	0.266784	-0.953125	0.441607	
-0.971958	0.793474	0.176131	0.585649	0.847918	0.156793	0.10121	0.856672	0.38295	0.584922	0.012852	0.988489	0.125128	-0.71796	-0.918389	0.683213	-0.815702	0.173601	-0.001972	0.629155	-0.260786	-0.669134	-0.642812	-0.765031	0.03862	-0.857664	-0.158827	-0.538635	-0.715523	0.461788	0.59706	0.482022	-0.210645	-0.05225	0.438005	0.286247	0.068733	-0.520822	-0.49723	0.100512	0.576975	-0.24567	0.125689	0.978492	-0.287525	0.586914	0.171791	-0.223892	0.020172	-0.864647	
0.171876	0.665072	-0.862763	0.294006	-0.898081	-0.773856	0.252685	0.069368	-0.621166	-0.311662	-0.772595	0.382143	0.360571	0.924217	0.376483	0.835731	0.605487	0.164752	0.083002	-0.802225	-0.654879	0.207193	-0.241704	-0.76409	0.618564	-0.257611	-0.857686	-0.789284	-0.881946	-0.565581	0.107279	0.006544	-0.599651	-0.746526	-0.053325	0.242035	-0.021876	0.01606	0.839892	0.676793	0.495116	-0.20741	0.141175	0.453221	-0.125414	-0.90566	0.331446	0.739201	-0.379213	0.581186	
0.432492	0.28762	-0.935083	-0.970956	0.017261	0.068853	-0.777953	0.943907	-0.524884	0.523067	-0.168442	-0.096496	0.639546	0.946542	-0.915496	0.482783	0.301299	0.076464	-0.231519	-0.002827	-0.455087	0.866038	-0.732304	-0.694261	0.416815	-0.06931	0.269642	0.225342	0.437029	-0.714864	0.406166	-0.339947	0.38394	-0.29873	0.650339	0.69276	0.269415	-0.466082	-0.184125	-0.274819	-0.635945	-0.867014	0.243435	-0.097735	-0.865774	0.259843	0.197168	0.048122	-0.779573	-0.067009	
0.010849	-0.761377	-0.498152	0.994479	0.949003	0.788843	-0.019128	0.463878	-0.787775	-0.146077	0.394654	-0.382328	0.68599	0.589809	-0.435904	-0.91173	0.252692	-0.531665	0.500099	0.122197	0.733197	-0.850295	-0.112611	0.71415	0.645844	0.667176	-0.843939	-0.042632	0.191558	0.07905	-0.977087	0.539279	0.484596	-0.01164	-0.701796	-0.656926	-0.979623	0.100382	0.405249	0.342133	0.055015	-0.159512	0.408772	0.101631	0.176201	-0.810662	0.955802	-0.959781	0.317785	0.425585	
-0.193836	0.422314	0.920816	0.470698	0.589602	-0.567043	0.214937	-0.567025	0.280323	0.697561	-0.229434	-0.566259	0.806476	-0.46297	-0.404151	0.97015	0.89363	0.687035	-0.752532	0.566672	-0.167444	-0.15366	-0.437703	-0.42416	-0.595909	-0.343605	-0.887561	-0.202491	0.016281	0.989261	-0.615346	0.384409	-0.471648	-0.376253	0.865022	0.110637	0.685074	0.932237	0.103452	0.701883	0.85252	-0.155164	-0.778106	-0.035981	-0.406524	0.726557	0.891778	-0.907871	-0.070968	-0.569741	
-0.039098	-0.841523	-0.351914	-0.780039	-0.179289	-0.890525	0.353685	0.835334	0.770015	-0.000691	-0.789032	0.629088	0.075819	-0.620029	0.283406	0.59254	-0.373919	0.454023	-0.332369	0.54325	0.156935	0.697556	-0.479845	0.528409	-0.421634	-0.04932	0.75572	0.367953	0.656517	0.219802	0.226009	0.86879	-0.555958	0.655734	0.242818	0.731364	0.961788	-0.436004	0.80459	-0.604221	-0.212359	0.93851	-0.65818	-0.386862	0.818062	-0.236055	0.050165	-0.476012	0.003055	0.037352	
0.933722	-0.125993	0.975781	-0.157302	-0.776258	0.244169	0.157091	0.608573	0.155757	0.647175	0.109903	0.684769	0.020106	0.049449	0.036504	0.580831	-0.07033	-0.614907	0.352954	0.799828	-0.724177	-0.501249	-0.200473	-0.706754	0.53021	0.509604	-0.060916	0.858427	0.80457	0.636485	0.323064	0.916921	0.530213	0.71782	-0.026358	0.878042	0.580093	0.009451	0.742384	-0.717309	-0.189998	0.129132	0.643014	0.654446	-0.259766	0.1112	-0.118387	-0.476455	-0.722416	0.070144	
0.385545	0.425562	0.607231	0.472473	-0.100693	-0.701534	0.077932	-0.192772	-0.970211	0.826932	0.224126	0.67608	0.006826	-0.773081	-0.441903	0.328776	0.84628	0.245501	0.823962	0.774969	-0.47116	-0.637915	0.335947	0.528094	0.110348	0.596903	0.939642	-0.659275	-0.043337	-0.792892	-0.338088	-0.829206	0.515474	0.165892	0.417941	0.037677	-0.958435	-0.584039	-0.084856	-0.656465	0.651697	-0.974537	-0.345719	0.008985	-0.099476	-0.518511	0.903413	0.276213	-0.749889	0.91727	
-0.906482	0.370969	0.973394	0.367121	0.037688	-0.647039	0.138221	0.473711	-0.802107	0.597866	0.226816	-0.864752	0.595941	0.213863	0.637071	-0.600153	-0.361264	0.825765	0.874698	0.943222	-0.95426	-0.14354	0.921612	0.318212	-0.062228	-0.712271	0.011482	0.551843	0.164551	-0.200683	0.999729	-0.740177	0.737494	-0.646172	-0.467912	0.763134	-0.407949	-0.579881	-0.531259	0.924424	0.886829	0.469163	0.105891	0.970551	0.308006	-0.033841	0.732308	0.215236	0.027596	0.314836	
-0.482577	-0.832381	0.428017	0.041628	-0.092231	0.724545	0.680701	-0.418844	-0.105073	0.382862	0.113241	0.476504	-0.87159	0.471758	-0.481121	-0.743981	-0.302684	0.302169	0.098841	-0.964729	-0.26073	-0.680351	0.264448	-0.509651	-0.511291	0.277685	-0.257519	0.399233	-0.143697	-0.154311	-0.250104	0.053862	0.950229	-0.247748	-0.893102	-0.664835	-0.225165	0.728289	-0.213242	0.650729	-0.462642	0.45088	-0.651294	0.698068	0.2939	0.026021	0.98574	0.311043	0.965189	0.256856	
0.885948	0.38117	0.08941	-0.255905	-0.203211	-0.136044	-0.688323	0.069147	0.995629	0.336654	-0.925165	-0.489188	0.707012	0.157502	-0.784723	0.027046	-0.565908	0.88056	0.35292	0.019729	0.456587	0.020273	-0.258911	0.325262	-0.438245	0.304855	0.601025	0.599621	-0.538964	-0.05851	0.842985	-0.714728	-0.634254	-0.700776	-0.9557	-0.396281	-0.113699	0.935842	-0.467113	0.784975	-0.010373	-0.527529	-0.266894	0.437177	-0.269914	-0.143451	-0.159427	0.279189	0.808902	-0.99186	
0.112069	0.742188	-0.732735	-0.930232	0.916701	0.589998	0.510763	-0.853348	0.13807	0.150628	-0.56733	0.692081	0.223161	0.46838	0.906862	0.209761	0.533854	-0.536414	-0.629856	-0.739403	0.069439	-0.715785	-0.537703	0.159279	0.514239	0.90593	0.750988	0.541087	0.308786	0.353987	0.176246	-0.997816	0.570467	-0.266869	0.591998	0.976151	-0.33049	0.863767	0.542787	-0.451767	-0.376324	0.704802	-0.713301	0.605055	-0.541658	-0.455295	0.399509	0.785406	0.508292	0.801816	
0.802002	0.063249	0.199475	-0.394971	-0.121534	-0.71344	0.233928	0.968108	-0.696572	0.363188	0.202913	0.31192	0.663211	0.484349	-0.446215	-0.099167	0.158388	-0.506673	0.053031	-0.088957	0.471734	-0.882873	-0.573079	-0.895528	-0.699121	0.320101	-0.470342	-0.160862	0.918336	-0.286549	-0.341203	0.320822	-0.536652	0.918821	0.151829	0.731998	0.327017	-0.942804	0.80212	-0.959313	0.414349	0.082484	0.239174	0.431063	-0.251923	-0.825288	0.305156	0.732608	0.345055	-0.147836	
0.050694	0.225265	0.036289	-0.970144	-0.659689	-0.850554	-0.421999	-0.361711	-0.523403	0.80364	0.492817	-0.979847	-0.608133	0.897145	0.095084	0.030411	0.046892	0.941338	0.868186	0.354837	0.084027	0.560825	-0.475636	0.435577	-0.12421	-0.80975	-0.433888	0.496337	-0.285008	0.449363	0.118335	0.977214	-0.198089	0.37388	-0.205647	-0.823633	0.695615	-0.979838	0.507603	0.534293	-0.336951	-0.540382	0.266079	-0.177841	0.677809	0.472402	0.049156	-0.335427	0.750878	-0.114517	
0.224772	-0.229658	0.514288	0.551579	0.224664	-0.115626	0.68413	0.597858	-0.537466	0.827913	0.674842	0.663399	0.292634	0.516146	0.501515	-0.745553	-0.258645	0.634408	0.657696	0.042424	-0.425173	0.778228	-0.763456	-0.880089	0.521632	0.353868	0.30498	0.744988	-0.125066	0.211807	0.679251	0.4241	0.972217	0.590108	-0.502496	-0.61508	0.917585	0.697956	0.879718	-0.524286	0.407567	-0.81069	0.895962	0.047672	-0.197853	0.560616	0.848729	0.360806	-0.730055	-0.935062	
0.926483	0.391399	-0.027969	-0.416371	-0.187121	-0.411458	0.465885	-0.376509	-0.611027	-0.56384	-0.153687	0.851037	0.293533	-0.364224	-0.242861	0.726956	-0.176258	-0.412039	0.373342	-0.223235	0.539774	-0.536169	0.153389	0.661515	0.66468	-0.855391	-0.997391	-0.92536	0.641782	0.154757	-0.42305	0.210972	-0.297348	0.97389	-0.205748	0.093345	0.561803	-0.516864	0.15082	-0.284731	-0.03673	0.31135	0.145019	-0.170472	-0.395763	-0.302773	-0.289979	-0.559161	0.348604	-0.147272	
-0.295686	-0.171537	-0.142187	-0.424942	-0.2165	0.222164	0.783502	-0.42049	-0.615716	-0.683516	-0.935801	0.79822	0.379499	-0.843217	0.448011	-0.292998	0.137079	-0.313328	-0.057883	0.793323	0.652489	-0.240227	-0.217368	-0.700449	0.13552	-0.771239	0.760635	0.73123	0.646471	-0.94376	-0.40101	-0.546006	-0.178066	0.899123	0.555071	0.056915	0.986983	-0.877425	-0.094017	-0.297379	0.64091	-0.027652	-0.11782	-0.701656	0.587647	0.928006	0.571686	0.951081	-0.631318	0.255233	
-0.118357	-0.926767	0.558444	-0.650326	0.850387	-0.550922	-0.478058	0.94038	-0.391941	0.695634	0.481034	0.731988	-0.856277	-0.054634	-0.228222	0.315034	0.816367	0.211644	0.669469	0.766423	-0.045279	-0.164281	-0.04924	-0.385336	-0.628438	0.4963	0.892735	0.0268	-0.32801	-0.772361	0.281402	-0.646882	0.576276	-0.125325	-0.331535	0.292735	0.749599	0.6384	0.89835	0.355087	0.766066	-0.197618	0.457586	0.738872	-0.907279	0.481772	0.596761	-0.302271	-0.356871	0.96575	
0.274057	-0.386563	-0.625419	0.438113	-0.810715	-0.758147	0.238708	0.044454	-0.910562	0.050722	0.867816	0.273089	0.608015	0.80892	-0.048023	0.454626	0.164405	0.763816	0.213328	0.619698	0.409584	-0.545971	-0.118844	0.710211	-0.111247	-0.253235	0.883805	0.047574	0.650172	-0.32718	-0.551288	-0.208067	-0.713211	0.463021	0.309163	0.371967	-0.759835	0.995038	0.596531	0.968326	-0.733159	-0.472528	0.703861	0.135188	-0.690967	0.71122	0.35285	0.570083	-0.562402	-0.57586	
0.932416	-0.861412	-0.033699	-0.297542	0.704229	-0.581007	-0.451047	-0.716659	-0.714122	-0.536133	-0.975679	-0.585391	-0.787841	-0.413495	-0.109262	0.704285	0.629736	0.700166	-0.237909	-0.12555	-0.767553	0.71582	0.857966	-0.53624	-0.61877	-0.884873	-0.567893	0.92104	0.783344	-0.646478	-0.215206	-0.640146	-0.602969	-0.020374	-0.901224	0.625086	-0.499253	0.730175	-0.542367	0.411286	0.018001	-0.110555	0.289458	0.051914	0.982125	0.082709	-0.05893	0.034719	-0.708936	0.736675	
-0.809392	-0.916172	-0.162522	-0.122207	0.966935	-0.496055	-0.760962	0.578256	-0.458253	0.119773	-0.153509	-0.819366	-0.752475	-0.549234	-0.465679	0.488009	-0.587297	-0.563974	-0.618807	0.246565	-0.34841	-0.368543	-0.633751	-0.865433	-0.902359	0.927545	-0.876996	-0.503866	0.635896	-0.785948	-0.090178	-0.413481	-0.220756	-0.081867	-0.179259	-0.843976	-0.134608	0.597432	-0.005845	0.719786	-0.887947	-0.643514	-0.916933	-0.781326	-0.347098	0.275955	-0.925484	0.978865	-0.136232	-0.498838	
-0.287771	-0.883565	-0.609234	0.112108	-0.86851	0.02006	-0.090429	0.431207	0.754794	0.843363	0.447241	-0.179517	0.171647	-0.201564	-0.855927	0.312389	-0.183978	-0.905021	-0.805452	0.165511	0.790579	0.763134	0.839	0.337245	0.609188	-0.050686	0.615019	0.976324	-0.002996	-0.757372	0.299565	0.751667	0.274159	0.44225	0.30324	-0.959557	-0.808789	0.785397	0.995357	0.654558	0.33856	-0.30288	-0.577902	0.956716	0.57745	-0.366141	0.756952	-0.019407	0.05242	-0.193124	
0.567921	-0.082023	0.236227	0.270579	0.143558	-0.981536	-0.083751	-0.821941	0.919713	0.160318	-0.280641	0.434605	0.866333	0.245018	-0.483996	-0.046286	-0.531556	-0.939898	-0.685088	-0.518237	0.098658	-0.695555	-0.531627	-0.767978	-0.9181	0.855516	-0.883885	0.454935	0.631026	0.633726	-0.78054	-0.648119	-0.964004	0.721021	0.76853	0.882173	0.871331	0.411286	-0.558115	0.888547	-0.43894	0.736774	0.417159	0.325263	0.644912	-0.088275	0.572464	0.678018	-0.182593	0.240982	
-0.496178	0.571604	-0.290837	0.020398	-0.263177	0.975515	-0.977286	-0.468893	0.513298	0.357388	0.345703	-0.247119	-0.293679	-0.836047	0.172562	-0.652358	-0.504841	-0.753317	-0.669595	-0.049546	-0.771334	0.497301	-0.174459	0.690878	0.566947	0.791053	0.430886	0.352154	0.170426	-0.995162	-0.67432	-0.101621	-0.891946	0.527054	-0.798969	-0.366255	-0.741392	0.498798	-0.714953	0.696325	-0.689783	-0.003423	-0.498759	0.543784	-0.152155	-0.277838	0.596927	0.890521	-0.594341	-0.543666	
-0.835732	0.1067	0.897301	-0.064323	-0.379105	-0.476318	-0.831499	0.671426	0.13977	0.664036	-0.376365	0.77824	-0.8183	-0.522132	0.450975	-0.459265	-0.928018	0.929272	0.905267	0.577534	-0.295527	-0.471648	0.259476	-0.202313	-0.815897	-0.642043	0.417791	-0.429766	0.191773	-0.151484	-0.018724	0.252341	-0.274264	0.269995	0.599524	-0.291629	-0.9167	-0.036155	-0.891028	-0.054408	0.519062	-0.506879	-0.107631	-0.309606	-0.788193	-0.733645	0.844831	-0.123379	-0.92616	0.077162	
0.029523	-0.025054	-0.784808	0.991872	0.413448	-0.640348	0.271706	-0.465278	-0.211897	-0.459529	-0.644784	-0.010896	-0.066533	0.887049	0.391847	0.521357	-0.603049	-0.230341	0.691644	-0.290111	0.200988	-0.335688	0.142879	-0.468072	0.544638	-0.91887	-0.699951	0.314415	-0.036726	-0.574932	-0.580844	0.193269	0.424842	0.858584	-0.211321	-0.144726	-0.901168	0.450161	0.943716	0.382712	-0.816902	-0.750105	0.808797	0.69021	-0.935232	-0.426492	-0.938881	-0.184856	-0.999019	0.292749	
-0.239208	-0.380214	0.085736	0.307803	-0.696554	0.380438	0.757966	-0.050214	-0.392556	-0.583444	-0.694031	-0.532007	-0.680883	0.409273	0.89624	0.410575	0.582174	0.789367	-0.933319	0.509018	-0.785165	0.929132	-0.255732	-0.272898	0.028695	-0.422375	0.583667	0.674175	-0.104773	0.551845	0.107009	0.744614	-0.483	0.551195	-0.828782	-0.103302	-0.197953	-0.102413	-0.732484	-0.789619	0.257302	0.723535	0.723615	-0.747807	-0.816992	-0.667821	0.002787	0.130399	-0.692888	0.264218	
-0.331878	0.573628	0.05557	0.047992	-0.119275	-0.330506	-0.294436	-0.473019	0.191201	-0.62274	-0.900096	0.655297	0.066867	0.644823	0.19218	0.533299	0.321668	0.231011	0.367427	-0.168942	-0.500316	-0.458126	-0.478881	0.485853	0.942593	-0.828919	0.40268	-0.506088	-0.990335	0.309949	-0.827317	-0.37666	-0.544522	-0.439614	-0.543221	0.816172	0.282689	-0.084963	-0.534172	0.277795	-0.789837	0.355215	0.181442	-0.994402	0.360643	-0.098894	-0.66165	-0.83722	0.14214	0.621441	
-0.341013	0.261917	-0.406553	0.950053	0.553135	0.501482	-0.399601	-0.170991	0.389473	0.807635	-0.978328	0.267783	0.5815	-0.809851	0.805604	0.088124	-0.160531	0.524167	-0.208239	0.587606	0.697805	0.937989	-0.295361	-0.809432	0.535609	-0.962238	0.524056	0.673498	0.841139	-0.940971	0.77648	0.976658	-0.752735	-0.032073	-0.263872	0.726896	-0.834287	-0.061254	-0.942821	0.861859	-0.112657	0.435091	-0.942246	-0.599356	0.257093	-0.460826	0.811936	0.888397	-0.672108	0.939947	
0.83935	-0.067854	-0.350556	0.157909	0.244523	-0.980279	0.258434	-0.032568	0.631259	0.626969	0.414162	0.335247	0.823328	0.024191	0.255619	0.813725	0.863779	-0.011386	-0.721688	0.285079	-0.024078	-0.652959	-0.545906	-0.875339	0.603588	-0.038406	-0.88597	-0.462356	0.889975	-0.897344	0.397419	-0.861294	0.677461	0.237724	0.617381	-0.624527	-0.341817	0.178503	-0.756716	0.223407	-0.413156	-0.803772	-0.7438	-0.279845	0.895397	0.252126	-0.688342	-0.191845	0.982511	0.685458	
0.47298	-0.14113	-0.597834	0.61471	0.134523	-0.717046	0.306176	0.025506	-0.633724	0.807056	0.124322	-0.493991	0.434183	0.404354	0.164859	-0.548294	0.938758	0.253316	0.482891	0.974511	-0.735117	0.412833	-0.682103	0.366727	-0.190975	-0.471148	0.507076	0.058679	-0.715515	-0.825076	0.542357	-0.161813	-0.446396	-0.584233	-0.047555	-0.567446	0.858138	-0.106852	0.112283	-0.996968	0.185545	-0.928223	-0.149876	-0.619781	-0.215297	0.311838	0.853214	-0.064773	-0.990936	0.573035	
-0.411366	0.803799	-0.33903	0.95257	-0.533793	-0.241769	-0.278077	0.192386	0.917417	-0.756006	-0.589982	-0.206576	-0.475699	-0.230505	0.835783	-0.296662	-0.219967	-0.83123	-0.92583	-0.004848	-0.222509	0.329457	0.573086	-0.505938	-0.27496	0.999404	-0.949645	0.251997	-0.193966	0.092017	-0.75373	0.852176	0.675061	0.130459	0.085827	-0.041161	0.861224	-0.688377	-0.862847	0.75084	0.702739	0.627567	0.144396	0.926684	-0.09852	0.172246	0.76312	-0.892169	0.905236	-0.585478	
0.386437	-0.644826	-0.599862	0.328485	-0.385303	0.341786	0.580129	0.951293	-0.511287	-0.66284	-0.933176	0.319653	0.818485	0.347408	-0.561893	0.392611	0.511758	-0.227283	-0.946958	-0.398457	0.601919	0.530447	-0.030771	-0.010402	0.253898	0.041212	0.047257	-0.33492	0.613953	-0.900508	-0.323785	0.017643	0.107724	0.662927	0.44488	-0.660153	-0.846176	-0.942135	0.755459	-0.210834	-0.076616	0.447196	0.389542	0.133243	0.00976	-0.648781	-0.92121	-0.611964	0.998128	-0.400453	
0.378141	-0.531665	0.1993	-0.674243	0.427268	-0.814223	-0.269459	-0.058356	0.182144	-0.272549	-0.201486	0.63048	-0.689456	0.135645	-0.315023	-0.195394	0.459801	-0.111811	0.303056	-0.468289	0.674543	0.564876	-0.18496	-0.262094	-0.287602	0.154178	-0.84357	-0.431196	0.830448	-0.185218	0.622823	-0.374567	-0.352005	0.162539	-0.944629	0.006299	-0.839303	-0.027618	0.646794	-0.078776	-0.683363	0.037763	0.899113	0.139379	0.92624	0.49586	-0.154581	-0.451326	0.66229	-0.478331	
-0.498454	0.917472	-0.509063	-0.809561	-0.813325	-0.746492	0.705987	0.498668	0.327695	-0.061354	0.651413	0.380957	0.983014	-0.274522	-0.797758	-0.537356	-0.190733	-0.099273	0.753199	0.684361	-0.032432	0.683322	-0.195351	-0.716559	0.132133	0.843942	-0.321787	0.238719	-0.980737	-0.088417	0.78098	-0.821185	-0.689625	-0.735729	0.197626	0.537142	-0.972633	-0.379709	0.513527	0.269552	-0.461445	0.194185	0.225097	0.490351	0.916724	-0.245694	0.184996	0.374525	0.905305	-0.103182	
0.429565	0.942009	0.435407	-0.679721	0.958489	-0.026717	-0.159241	-0.195531	0.981164	0.605175	-0.013014	0.149732	0.901639	-0.198229	0.801414	-0.517442	0.00167	-0.460072	-0.440004	-0.001185	0.241009	-0.402715	-0.575864	0.84539	-0.481864	-0.540477	-0.608993	0.697997	-0.051501	-0.283174	-0.701264	-0.626517	0.216207	0.641995	0.151844	-0.045922	-0.555766	-0.023224	-0.570531	-0.24294	-0.060217	-0.814707	0.409198	-0.399267	0.61498	-0.971055	-0.841271	0.401528	-0.216453	-0.930533	
-0.849955	-0.056261	-0.789643	-0.894806	-0.368332	0.149809	-0.417667	-0.966804	0.845319	0.46627	-0.794124	-0.625675	0.750476	0.216149	0.471979	-0.576888	-0.131642	-0.263444	0.256713	-0.521394	-0.499686	-0.967954	0.073509	-0.201699	-0.903255	-0.035544	-0.141448	-0.564714	-0.052134	0.05138	-0.955165	0.449627	0.455809	-0.731926	0.939961	0.350768	0.622043	0.737866	-0.238391	-0.888661	0.953522	-0.727979	0.332631	-0.458519	-0.507005	-0.563835	-0.916014	0.946735	0.634644	0.781357	
-0.424502	0.754424	-0.449589	0.597683	-0.371287	-0.686973	-0.984772	0.274842	-0.639736	-0.583207	0.524424	0.827948	0.866934	-0.317637	0.760286	0.338628	-0.764966	-0.535694	0.463898	-0.024816	0.080551	0.575199	0.456584	-0.592575	0.214066	0.166702	-0.461995	0.912654	-0.885607	0.56332	0.665333	0.800274	-0.554165	0.304162	-0.337639	-0.59074	-0.267109	0.63116	-0.497197	0.170404	0.4135	0.697839	-0.287934	-0.801153	0.312707	-0.87367	-0.69818	-0.364725	-0.864703	0.806489	
0.596809	-0.911251	-0.788359	-0.338003	-0.759704	0.537597	-0.490094	-0.494459	-0.226569	-0.892423	-0.66863	0.940063	-0.65381	0.874373	-0.709924	-0.134592	-0.251425	-0.892346	0.544702	0.313595	0.683933	0.048098	0.150359	0.476994	-0.799774	-0.952955	-0.144424	0.180172	-0.937626	0.52706	-0.710872	0.656608	-0.920293	0.889335	-0.693645	-0.339968	0.165211	-0.775368	0.885499	0.66256	-0.084075	-0.839138	0.211614	-0.087198	-0.754543	0.110034	-0.07847	-0.052091	0.388381	-0.554304	
-0.524817	-0.604752	-0.304435	0.720583	-0.942762	0.242274	-0.137826	0.925382	-0.445484	-0.615827	0.379134	0.606405	0.44975	0.154823	0.607673	-0.467822	0.054536	-0.419922	-0.142157	-0.915718	0.39427	-0.123961	-0.216873	0.980442	0.751046	0.014676	0.360907	-0.849297	-0.802992	-0.283853	0.860317	-0.275155	0.04385	0.539481	0.594005	-0.822823	-0.379005	-0.968299	0.337845	-0.346793	0.734335	-0.422219	0.083604	-0.751986	0.187088	0.934946	0.823535	0.981586	0.442895	0.912696	
-0.414906	0.507349	0.973024	-0.716728	-0.303919	0.308891	0.211338	0.290351	0.971402	-0.267875	-0.476915	0.209072	-0.543882	0.641646	0.169243	-0.917714	-0.071859	0.456903	-0.224544	-0.329294	-0.689813	0.468408	0.439575	-0.09783	-0.815727	-0.524885	-0.281362	-0.264191	0.093024	-0.726638	-0.196746	0.407599	0.926364	0.138613	-0.148639	-0.559838	0.039591	-0.764591	-0.474721	-0.51846	-0.025184	-0.330684	0.897846	0.146012	0.538499	-0.081385	-0.187323	-0.444286	0.189832	-0.495197	
0.765969	-0.988887	0.085594	0.602364	0.370874	0.419976	-0.292237	-0.540818	0.910677	0.751152	-0.754343	-0.448154	-0.987966	-0.307565	-0.231557	-0.264346	0.108098	0.136111	0.363367	-0.925516	-0.049513	-0.080105	-0.170389	-0.483133	0.392783	0.922551	0.706584	0.067472	-0.25347	-0.695189	-0.14376	-0.484406	0.177797	-0.338449	-0.720827	0.642367	0.087912	-0.879871	-0.712348	-0.12225	-0.960774	-0.620099	0.4121	-0.646422	0.524856	-0.892995	-0.395893	-0.154038	0.464503	0.121906	
-0.714372	0.156477	-0.88933	-0.924181	0.57036	-0.622347	0.33279	0.8319	0.903985	0.213559	-0.701784	0.274696	-0.002059	-0.278235	0.600204	0.16834	-0.484299	-0.632591	0.588241	-0.814987	-0.281757	-0.368985	0.156492	0.056629	0.905488	0.196986	-0.376951	0.535786	0.591109	0.146401	0.259661	-0.329033	0.209039	0.237161	-0.338265	0.583509	-0.205585	0.078244	0.224641	-0.617844	0.821808	0.536114	0.938263	0.253481	0.328034	-0.27671	-0.932723	-0.029801	-0.881336	0.377466	
-0.7241	0.272796	-0.283573	-0.130794	-0.275189	-0.513657	0.351443	-0.144438	0.945672	0.497541	-0.712754	0.635707	0.477603	0.293391	0.926299	0.772697	-0.604502	0.281334	0.62628	-0.917892	0.556648	-0.503894	-0.198227	-0.352944	-0.193568	-0.44729	-0.278705	-0.537003	-0.777441	-0.906161	-0.456758	0.071908	0.034799	0.20914	0.630259	-0.247498	0.507615	0.782902	-0.089685	0.99233	-0.206105	-0.934516	0.313274	0.880301	-0.037803	0.898303	-0.527687	-0.912871	0.574681	0.498216	
-0.753875	-0.350672	0.49214	0.928944	-0.146259	0.662427	-0.26437	0.913293	-0.391764	-0.377283	-0.889348	0.022455	-0.427456	-0.746	0.18408	0.362827	0.147678	0.789781	0.139147	-0.349639	0.954769	0.649502	0.058267	0.223157	-0.307877	0.301396	0.714519	0.608779	-0.124733	0.768247	-0.500651	0.180361	-0.372166	-0.730586	0.736381	0.526112	0.157784	-0.575864	0.040268	0.423468	0.244445	0.294275	0.185154	0.672968	-0.315046	-0.625921	0.377139	0.235952	-0.932846	-0.4188	
0.657989	-0.007407	-0.052915	-0.345334	0.52431	0.685388	-0.757455	-0.295289	0.028897	-0.92442	-0.255738	0.679265	0.256702	-0.786592	-0.074986	0.326733	0.071553	-0.657731	-0.067801	0.925818	0.344531	0.763287	0.53484	0.096447	0.218013	0.260652	0.039306	0.826446	0.983306	-0.413564	0.928367	0.842517	0.621622	0.723043	-0.769508	0.933684	0.802165	-0.422344	0.672497	-0.426278	0.759888	0.623789	-0.733652	-0.045271	-0.649785	-0.06891	0.956381	0.721962	0.113482	0.88715	
0.990987	0.473035	-0.825855	-0.747825	0.598935	0.346921	-0.14571	0.237866	0.349748	0.92616	-0.886675	0.624459	0.492009	0.202777	0.483592	-0.021872	-0.272443	0.151862	-0.129478	-0.51955	0.813693	0.259141	0.267768	0.245765	-0.897549	-0.455112	-0.339359	0.326009	0.162944	0.82829	0.804398	-0.887867	0.922215	0.110233	0.623534	-0.453731	-0.789494	0.059655	-0.915826	0.085273	0.520973	-0.030062	0.552778	0.210369	-0.377709	0.128335	0.031766	0.422535	-0.096898	-0.009005	
0.751514	0.858378	-0.830275	-0.987183	-0.398025	0.082951	-0.291462	0.504483	0.622634	-0.8954	0.947812	0.424402	-0.723002	0.64013	-0.11338	-0.923416	-0.159826	0.339212	0.577836	-0.132839	-0.368714	-0.630822	-0.517413	-0.461122	0.531502	0.51713	-0.912184	0.490135	-0.972155	-0.734709	-0.949149	-0.282534	-0.213023	-0.195416	0.576644	-0.844662	-0.688002	-0.758634	0.134845	-0.802335	0.358926	0.416963	-0.017369	-0.333383	-0.636071	0.354742	-0.399819	0.142691	-0.544075	-0.442487	
0.673513	0.49689	0.140263	-0.616636	-0.007303	0.885125	-0.405064	-0.933691	-0.508744	-0.155621	-0.801973	-0.422728	-0.146928	0.486274	-0.27918	-0.030936	-0.509556	0.450565	-0.107763	0.466714	0.416923	0.348447	-0.180543	0.707659	0.827688	-0.93954	0.357727	0.877643	-0.684523	0.987078	-0.420904	-0.192325	-0.275323	-0.468121	-0.698524	0.403982	0.74575	0.619959	0.551772	-0.714638	0.589406	-0.948573	0.538807	0.97131	-0.94961	-0.316139	-0.91314	-0.267609	0.36365	-0.930978	
0.240521	-0.344856	0.058146	-0.339433	0.451664	0.248093	0.513884	0.267965	-0.530387	0.384294	0.050447	0.172131	0.878661	-0.843262	-0.081279	-0.332426	-0.328504	0.554152	0.391208	0.937362	-0.536802	0.031255	0.433907	0.080647	0.04764	0.037299	0.883578	0.049358	-0.971578	0.604487	0.115387	-0.71358	-0.175281	0.758572	-0.667565	-0.01014	0.620258	0.560685	0.26174	-0.356657	-0.89644	0.178334	0.099651	0.571597	-0.077487	0.253264	-0.303621	-0.942335	-0.898129	0.623159	
0.078148	-0.150927	-0.894384	-0.283662	0.523618	0.795417	-0.751626	-0.14211	0.2442	0.919991	0.760265	0.788071	-0.905459	-0.97582	-0.137128	0.937247	-0.040961	-0.303489	-0.20593	-0.092463	0.532695	-0.487203	-0.217037	-0.281943	-0.187616	0.022173	0.603323	0.67233	0.092235	-0.358397	-0.94523	-0.972239	-0.491505	-0.183471	0.347871	-0.977394	-0.062016	0.142861	0.145728	-0.587638	-0.327832	0.580413	0.600039	0.077629	0.718847	0.28608	-0.102763	-0.504696	-0.497619	0.366283	
-0.569262	-0.685808	-0.008771	0.30058	0.86584	-0.131428	-0.627008	0.929005	-0.349488	-0.331874	0.447991	-0.135122	-0.691243	0.811063	0.606342	0.611535	-0.261728	0.907706	0.670791	-0.389588	0.110233	0.949016	-0.337269	-0.903498	0.114143	0.711294	0.445041	-0.168797	0.197079	-0.293278	0.309487	-0.278235	-0.289728	0.551398	0.610377	0.258774	-0.246292	-0.18917	-0.834099	0.706309	0.704648	0.96663	-0.300638	0.433041	0.683611	-0.222071	-0.013347	-0.684093	-0.461362	0.383899	
-0.404885	-0.98823	0.690891	0.695589	-0.922166	-0.103543	-0.854502	0.476377	-0.515799	0.513656	-0.100024	0.590757	0.195303	0.197238	0.651271	-0.397604	-0.99557	-0.604152	0.524562	0.774866	0.186927	0.803708	-0.30798	-0.581795	0.71866	0.900107	0.678184	0.060224	0.481765	-0.474821	-0.25901	0.281864	0.369981	-0.421424	-0.333674	0.03908	0.103261	0.420201	0.960035	-0.96783	-0.162798	-0.328854	-0.9846	0.050196	-0.291068	0.86675	-0.880566	-0.286649	0.441797	-0.833064	
0.556968	-0.506146	-0.329907	0.004364	0.68274	0.482047	0.856159	0.584326	0.040004	0.216997	-0.525309	-0.172836	0.70172	-0.54551	-0.445069	0.43792	0.224284	-0.554712	-0.726406	-0.802087	0.98825	-0.92653	-0.554023	-0.911968	-0.244026	-0.27111	0.448068	0.838609	-0.848222	-0.624326	0.886607	0.443753	-0.029554	-0.226495	0.506908	-0.783233	-0.109626	-0.711871	-0.225442	-0.024994	0.054149	-0.19711	0.691736	0.496759	0.340848	-0.970626	0.639641	0.810024	-0.54296	0.766969	
-0.964777	0.770173	-0.498067	0.694253	0.915695	0.598357	-0.877942	-0.05975	-0.125336	-0.16452	0.758348	-0.017842	0.351954	-0.876725	-0.404983	-0.150218	0.377439	-0.901932	-0.822455	-0.426676	-0.859302	0.582656	0.952881	0.510195	-0.843542	0.693768	0.476821	0.8566	-0.924015	-0.468417	-0.655842	-0.961314	0.45131	0.794927	-0.309759	0.948838	-0.624808	-0.218911	-0.84797	-0.658555	-0.463576	0.656453	0.23342	0.784804	-0.840253	0.787433	-0.807791	0.052712	0.153353	-0.158943	
-0.164949	-0.633316	0.957055	0.357608	-0.802955	-0.472034	-0.588627	-0.388096	-0.482355	-0.910324	-0.894291	-0.701587	0.95747	0.908355	0.423877	0.846993	0.811322	0.664723	0.615686	-0.781744	0.323978	-0.811203	0.546094	-0.285224	0.179141	0.597522	-0.441318	-0.418204	-0.975032	-0.821174	-0.706715	-0.722044	0.576695	0.090312	0.255091	-0.886339	-0.356542	0.403182	0.362727	0.235613	-0.798325	0.769934	-0.801467	-0.089708	0.306592	-0.557997	0.621404	-0.141229	0.318933	0.492591	
-0.661019	-0.784441	0.543726	0.792081	0.350639	0.098395	0.438082	-0.349755	0.772693	-0.380598	0.275519	-0.280443	-0.686723	0.902616	-0.251017	-0.796358	-0.072163	-0.59381	0.011337	-0.8701	0.088462	0.512056	-0.06539	-0.042962	-0.771128	0.761028	-0.991409	0.439173	-0.594638	-0.067839	-0.355107	0.773582	0.535092	0.137227	-0.125458	0.770733	0.45954	-0.224624	0.848943	0.276779	0.656865	0.088324	-0.984206	-0.652631	-0.800816	0.570841	0.071169	0.685058	0.396741	0.36614	
0.638947	-0.203468	0.406512	0.241685	0.943824	0.064881	0.598339	0.189432	-0.189828	-0.561671	-0.869709	-0.676098	0.890305	0.282275	0.436227	0.462361	-0.035071	-0.635564	-0.139542	0.11404	-0.445934	0.606018	0.873697	-0.292486	-0.784344	0.930009	-0.800523	-0.985866	0.974459	-0.381166	0.152712	0.490727	-0.799013	-0.819214	0.16571	0.313056	0.478537	0.135184	-0.753204	0.965622	0.108355	0.454545	-0.968454	-0.534714	0.116473	-0.190933	-0.077866	-0.107209	-0.495974	-0.511171	
0.221563	0.240506	0.409048	0.587956	-0.190832	-0.225367	0.708407	0.40003	-0.878413	0.662673	-0.856314	-0.003061	0.632233	0.744093	-0.875262	0.187924	0.826694	-0.003462	-0.185266	0.080078	0.876124	-0.299355	-0.424733	0.364775	-0.241304	-0.268438	-0.486698	-0.39587	-0.93372	-0.770833	-0.053773	-0.61867	-0.058455	-0.998634	-0.79507	-0.792721	0.791352	-0.884226	-0.455327	0.595738	0.312929	-0.192173	-0.561862	-0.937329	-0.43211	-0.547103	0.93506	-0.350495	-0.496043	0.179784	
-0.681463	0.788479	-0.818169	-0.202714	0.851563	-0.794538	0.181779	-0.144312	-0.866303	0.588241	-0.694033	-0.734915	0.929843	-0.002051	-0.887999	0.201548	0.284381	-0.040389	0.782521	0.601853	-0.35635	0.852152	-0.613683	-0.086175	-0.068294	0.568913	0.735444	0.372176	-0.670876	-0.338313	-0.440778	0.895996	-0.4273	0.243273	-0.034089	-0.385625	-0.220508	-0.941365	-0.253477	-0.501131	-0.005674	0.38773	-0.645534	-0.842217	0.269637	-0.774593	-0.509417	0.140089	0.879584	-0.052036	
-0.894138	0.619004	-0.128794	-0.092332	0.828959	-0.028387	0.100879	0.178138	-0.060248	0.247432	-0.564456	0.180717	0.533916	-0.002395	-0.9813	-0.069083	-0.363752	0.665581	0.81452	0.304362	0.281684	-0.253383	0.190317	0.597124	0.153643	0.95382	0.862211	-0.497746	0.152075	0.255446	-0.362169	0.934829	-0.462101	0.301826	0.295657	0.636654	-0.10347	-0.106365	-0.956154	-0.213079	0.349905	-0.184492	-0.976695	0.812654	0.832849	-0.058785	0.75703	-0.929583	0.35621	-0.548426	
-0.387013	0.461712	0.769249	0.856615	-0.059361	0.55762	0.642244	0.484657	0.334443	-0.24457	0.83909	-0.760004	0.076577	-0.219452	-0.707207	-0.583248	-0.050708	-0.647201	0.056438	0.070882	-0.532237	0.904997	-0.353422	0.05109	-0.464837	-0.369719	0.926223	-0.736626	-0.01069	-0.422223	-0.209874	-0.823112	0.408216	0.393949	-0.167116	-0.36289	0.941398	-0.6214	0.400588	0.095907	0.382029	0.402567	0.230131	0.135061	0.811049	0.309771	-0.676803	-0.151845	0.506271	-0.634331	
-0.027042	-0.675985	-0.168044	-0.71212	-0.13247	0.53682	-0.921584	-0.894092	0.2149	-0.257109	0.954646	0.116182	0.319828	-0.280212	-0.318962	-0.368993	-0.370682	0.379721	0.337584	-0.583707	0.234682	-0.539615	0.87079	-0.663131	-0.689852	0.885169	0.116971	0.448939	0.463737	0.954271	-0.148597	0.761287	0.075481	0.520966	0.27939	-0.238972	0.49526	0.227814	0.498152	-0.868331	-0.094405	-0.29944	0.70986	-0.886216	-0.35375	0.381096	-0.962743	0.50564	-0.319555	-0.42638	
0.045952	0.89902	-0.13835	0.003773	0.841752	-0.357139	0.739407	-0.596994	0.478423	0.892891	-0.803779	0.474422	-0.466661	-0.678839	0.259168	0.434531	-0.583452	0.280016	-0.029958	-0.812094	-0.429921	-0.201092	0.944493	0.386064	-0.80327	-0.703383	-0.329205	-0.579905	0.878598	0.457409	0.28079	-0.617399	0.062019	-0.384611	-0.766765	0.624849	-0.337778	-0.732007	-0.538392	0.88905	0.986573	-0.07801	-0.748349	-0.457522	0.019445	-0.482985	0.342942	0.3464	0.593483	0.546048	
0.825873	0.693105	0.639041	0.336856	-0.679215	0.458171	0.622141	0.213036	-0.109472	-0.553793	0.647731	0.594827	-0.168645	0.928968	-0.654244	0.771335	-0.634483	-0.913658	0.502502	0.951619	0.796948	-0.824919	0.675695	-0.233512	0.70898	0.540617	0.448229	-0.462008	-0.482653	0.308494	-0.374448	-0.684459	0.746604	-0.43828	0.828715	-0.628489	0.107728	0.211331	-0.267621	-0.711399	-0.501614	-0.62259	-0.394494	-0.758672	-0.770583	-0.99227	-0.053968	-0.92503	0.337141	-0.017745	
0.647225	0.0349	-0.054787	0.125177	0.935187	0.883875	-0.711352	0.796883	0.65085	0.809361	-0.057152	0.898586	-0.316621	0.166791	-0.609132	-0.882467	0.06843	-0.871405	0.153344	-0.416561	-0.005692	0.243484	-0.307918	0.484914	0.565045	0.290098	0.472892	0.672247	0.849102	-0.331656	-0.051582	-0.213945	0.55899	0.75804	-0.220649	0.570579	0.132018	0.221996	-0.647121	0.476985	0.43642	-0.579938	-0.041727	-0.617149	0.971691	0.157669	0.665308	-0.132565	-0.961395	0.481465	
0.349043	0.961831	0.255848	-0.138197	0.990865	-0.705717	0.225682	0.253278	0.264859	-0.73755	0.295758	0.642562	-0.962194	0.173125	0.869844	0.707766	0.983012	0.838286	0.686895	0.920368	-0.312081	-0.662192	0.333398	0.47943	-0.519513	-0.118688	-0.478013	-0.608367	0.035204	-0.008203	0.188038	0.606092	0.926944	-0.344417	-0.964486	0.480131	0.782559	0.441329	0.253888	-0.161051	0.82452	-0.724354	-0.836678	0.613076	-0.085433	-0.445691	-0.500998	0.417885	-0.150926	-0.2335	
-0.994252	0.775969	-0.050273	-0.942806	0.076131	0.204265	0.304043	0.581705	0.663131	-0.432918	-0.170798	0.747	0.519139	0.349803	-0.056343	-0.157984	-0.18803	-0.011804	0.638714	0.05107	-0.501085	-0.161918	0.463087	-0.111603	-0.637164	-0.648584	0.828034	0.149429	-0.210064	-0.840594	0.382653	0.69899	-0.233331	0.465327	0.765939	0.981695	-0.75743	-0.73369	-0.99904	-0.367457	0.292115	-0.959779	0.139237	0.092746	-0.011672	0.455221	0.204143	0.090796	-0.085571	-0.744378	
0.658676	-0.496532	-0.905237	0.798009	0.529291	0.912917	0.738387	0.6113	0.680631	0.423441	-0.73518	0.496474	0.999958	-0.745638	0.253424	0.163441	-0.971128	0.178996	-0.104838	0.505844	-0.212314	0.64753	-0.196746	-0.959487	-0.881914	-0.202637	0.918842	-0.80935	0.098511	-0.127642	0.089677	0.330731	0.265263	-0.251429	0.371432	0.118736	0.973933	-0.083717	-0.716071	0.184849	0.972166	0.586076	-0.773947	-0.288013	-0.779156	-0.223371	0.634925	-0.249705	-0.801755	0.428224	
0.523538	0.292677	-0.636946	-0.344289	0.112059	-0.424621	-0.298424	0.043419	0.708552	0.774106	0.266571	0.161784	0.24563	0.098056	-0.951216	-0.947062	-0.568327	-0.055375	-0.52549	0.713311	-0.850719	0.492523	-0.052836	-0.136091	0.089098	-0.90944	-0.770541	0.903789	0.466846	0.291154	0.530451	0.76861	-0.753748	-0.174356	0.637458	-0.764534	-0.581859	-0.460568	-0.070638	0.936909	-0.127291	0.496254	-0.839931	0.774025	-0.411713	-0.599688	0.053293	0.448582	0.321261	-0.605388	
-0.35439	-0.604828	0.800082	-0.474026	0.334409	-0.370215	-0.946142	0.935514	-0.734072	-0.360383	0.887201	0.673056	0.824062	0.103267	-0.114207	0.167535	-0.83058	0.862311	0.964999	0.854327	-0.928575	-0.06044	0.695375	0.947106	0.4777	0.331697	0.635443	-0.006083	0.501504	0.062812	0.405608	-0.137838	-0.043959	-0.079526	-0.615436	-0.839805	0.963268	0.532211	0.577327	0.320853	-0.212252	-0.541527	0.605055	-0.889614	-0.7986	0.332579	-0.373069	0.392631	0.259272	0.220815	
-0.732129	0.252506	-0.769772	-0.211906	-0.19457	-0.085232	-0.123617	0.390632	-0.58663	-0.334284	-0.457836	-0.870863	0.042425	-0.095838	0.76938	-0.819964	0.672452	0.737534	0.513291	0.870584	-0.0847	-0.548601	-0.881536	0.952243	0.498989	-0.165986	0.163315	-0.814116	-0.640237	-0.58659	-0.478087	-0.105095	0.840091	0.251721	0.611535	0.64418	0.750725	-0.518507	0.754895	-0.638827	0.33486	0.65561	-0.570342	0.131085	-0.012553	-0.21915	0.093968	0.990556	-0.80032	0.128736	
0.01597	-0.08737	0.643891	0.561665	0.206255	0.175379	-0.668317	0.86904	0.498922	0.247217	0.995234	-0.717377	-0.595347	0.468458	-0.662424	-0.201923	0.215318	-0.879427	0.37201	-0.919229	-0.249857	-0.341542	-0.966592	-0.603971	0.82281	0.103917	-0.085596	0.10744	0.293004	-0.620426	0.810842	-0.501227	-0.377917	0.421977	-0.217733	-0.757559	0.961903	-0.835748	0.800245	0.448771	-0.386786	0.69313	0.135512	0.922308	0.184825	0.227764	-0.218941	0.822462	0.079123	-0.115991	
-0.32609	-0.388132	0.527003	0.19378	-0.872996	-0.356981	0.462861	-0.757746	0.815424	0.432977	-0.560285	0.957196	0.190591	-0.281582	0.975954	0.982675	0.915541	-0.511835	-0.322204	-0.64655	0.77414	0.299945	-0.73834	-0.876111	-0.569591	-0.076792	-0.616941	0.793799	0.009656	0.86914	-0.766601	0.591114	0.681003	0.254022	0.784311	0.528527	0.858004	0.527618	0.141106	-0.868334	-0.275502	-0.120382	-0.881232	-0.145069	-0.415389	-0.315089	-0.86834	0.235826	-0.326276	0.160037	
-0.795699	0.784423	-0.318165	0.642227	-0.774624	0.551973	0.766257	0.01518	-0.587468	0.532583	-0.83196	-0.569115	-0.764299	0.48073	-0.06297	-0.392266	0.591571	0.920555	0.392859	0.134999	-0.997772	-0.09491	-0.171092	0.36488	-0.285329	-0.176582	-0.924755	-0.878631	-0.487666	-0.17092	-0.006393	0.416696	0.821476	0.814739	0.348118	0.486758	0.725954	0.292284	0.150491	0.192294	-0.076331	0.377815	0.856309	-0.498707	-0.3405	0.50528	0.333386	-0.950766	0.303073	0.883581	
0.765259	-0.603162	-0.914837	0.427997	0.153309	-0.960384	-0.773368	-0.170783	-0.213912	0.275065	0.149032	0.888933	0.300097	0.513776	0.558259	0.047729	-0.951772	-0.109766	0.530689	0.78428	0.569606	-0.171599	0.655591	0.933528	0.042885	0.146301	-0.406016	-0.395211	0.175645	-0.947938	0.436207	-0.605379	0.540267	-0.677118	0.705462	-0.01283	0.298231	-0.118431	0.572367	-0.723976	-0.735269	-0.651644	-0.198893	-0.811057	-0.502225	0.593393	-0.711601	0.784428	0.76892	0.45247	
-0.37548	-0.008718	0.700967	0.846852	0.393424	-0.406184	0.399574	0.803858	-0.454631	0.64939	0.303134	0.431679	0.53249	-0.772758	-0.235278	-0.956274	-0.05683	0.673832	0.263068	-0.194155	0.244584	0.062908	-0.87885	0.019904	0.506666	-0.062238	0.172994	0.221926	0.392715	0.50618	0.901424	-0.732032	-0.194042	0.58787	0.138777	0.934475	0.255097	0.166382	-0.118319	-0.005608	0.711638	0.872777	0.449454	0.981417	0.999437	0.354394	-0.684337	-0.226528	-0.976131	0.50955	
0.630656	-0.277673	-0.355027	-0.125345	0.433751	0.564195	0.049542	0.31664	0.519374	-0.176661	-0.233062	-0.87616	-0.707706	0.117278	-0.020336	0.039189	0.242048	-0.354097	0.335539	0.538418	0.377367	0.050744	0.489148	-0.272426	0.197718	0.509876	0.673934	-0.602944	-0.891524	-0.801189	0.387858	-0.623964	-0.819552	0.439936	-0.939413	-0.067137	-0.984218	-0.249591	0.170813	0.270465	-0.746882	-0.982884	-0.075608	-0.395606	-0.468318	-0.967521	0.474743	-0.93963	0.072654	0.76018	
0.833814	-0.950901	-0.836535	0.612766	-0.163199	0.836039	0.658727	-0.366909	0.738664	-0.967688	-0.283572	-0.309321	-0.006598	0.099951	0.696764	-0.891288	0.081919	0.638671	0.02831	0.743043	0.761027	-0.384803	0.752487	-0.594661	0.585475	-0.415285	0.650579	0.821938	0.53604	-0.971455	-0.918011	0.990585	-0.198568	-0.430159	-0.093138	-0.755005	0.384834	0.521246	0.83286	-0.267908	-0.705038	-0.328254	-0.426192	-0.248732	0.752085	0.830279	-0.376619	-0.981781	0.991079	0.794338	
0.548375	-0.417238	0.163236	-0.438613	0.739746	0.31628	-0.652623	-0.241687	-0.807669	-0.052814	0.2892	0.773841	-0.924124	-0.38092	0.363443	-0.148656	-0.27472	-0.519998	-0.376666	-0.619279	0.726043	0.856476	-0.950294	0.454457	0.52914	0.367659	0.602949	0.870538	-0.760206	0.425188	0.022629	-0.095808	0.969157	-0.061713	0.558345	0.320326	0.807016	0.095217	-0.925525	0.3815	0.362599	-0.499034	0.314787	-0.812194	0.975138	0.087194	0.14997	0.41813	-0.879185	-0.293502	
0.206096	-0.612155	0.40878	-0.500143	-0.612464	-0.959841	-0.755645	0.545899	-0.574601	0.602054	0.863483	0.925294	-0.438038	0.908721	0.345995	-0.878439	-0.973744	0.977019	0.952444	-0.360864	0.623501	-0.08028	-0.543651	0.572825	-0.869767	0.624883	0.094697	0.470436	0.245717	0.804972	0.249455	0.473926	0.104067	0.649379	0.84711	-0.178692	0.699166	-0.895442	0.874696	0.939018	-0.292149	-0.181196	0.641531	-0.740373	0.302146	0.989418	0.464504	0.527286	0.534598	0.012948	
0.479484	0.471688	-0.904362	0.433694	-0.604061	0.911665	0.032456	0.340037	-0.315075	0.300743	0.214063	-0.56943	0.780876	-0.59519	-0.833535	0.470086	-0.833377	0.829995	0.335055	-0.785108	0.987677	-0.882747	-0.282962	-0.72297	-0.851044	0.028935	0.596885	-0.454536	0.222239	0.701915	0.976254	0.803155	0.408705	0.01217	0.41687	-0.655273	-0.023928	0.563968	-0.492132	-0.920678	0.035604	0.029575	-0.538209	0.855271	0.419774	-0.812302	-0.518216	0.069844	0.016444	0.042039	
0.016698	0.017992	0.02327	0.008478	0.032918	0.001624	0.022368	0.031464	0.036822	0.021523	0.008656	0.017564	0.019989	0.01038	0.00898	0.008019	0.037893	0.022008	0.010756	0.032988	0.018316	0.019094	0.03153	0.013401	0.037683	0.00516	0.008464	0.001131	0.030747	0.03301	0.036689	0.024206	0.011211	0.026057	0.029263	0.034768	0.028004	0.020963	0.032965	0.000408	0.009737	0.011074	0.016334	0.024742	0.002893	0.020851	0.029931	0.012576	0.035555	0.002847	
0.034617	0.015803	0.02529	0.017196	0.035599	0.021774	0.00963	0.005647	0.020033	0.02512	0.031783	0.017548	0.027077	0.037434	0.034098	0.016001	0.022927	0.002222	0.007207	0.030881	0.026245	0.016162	0.013506	0.024005	0.018823	0.024809	0.006049	0.016353	0.029554	0.02544	0.001284	0.011139	0.035633	0.018236	0.020355	0.008746	0.009533	0.004003	0.030443	0.02653	0.031409	0.019982	0.027708	0.02144	0.001438	0.008787	0.029869	0.019932	0.025507	0.009193	
0.033146	0.036013	0.00319	0.013016	0.018422	0.018288	0.012257	0.028815	0.026735	0.025143	0.004933	0.008026	0.034277	0.011008	0.03028	0.006505	0.022454	0.016988	0.025328	0.036322	0.00832	0.023591	0.03282	0.026881	0.008784	0.020277	0.00658	0.035989	0.034316	0.014252	0.021897	0.026359	0.016217	0.024561	0.034014	0.024366	0.016999	0.023624	0.023403	0.0036	0.005027	0.029643	0.014831	0.003342	0.012384	0.019263	0.024551	0.016626	0.008987	0.02735	
0.013398	0.0244	0.018991	0.00172	0.009081	0.03974	0.026169	0.007294	0.032149	0.007074	0.013358	0.008595	0.017515	0.02476	0.021537	0.008414	0.031455	0.008899	0.026051	0.036971	0.039408	0.017209	0.021626	0.006025	0.021832	0.033741	0.032993	0.026357	0.021848	0.008251	0.023328	0.007091	0.021033	0.004307	0.022654	0.006788	0.02293	0.033065	0.007874	0.03886	0.005202	0.037307	0.007889	0.03236	0.022464	0.016511	0.021833	0.032027	0.017934	0.011682	
0.00619	0.004232	0.027902	0.018618	0.006792	0.036554	0.015062	0.015556	0.022926	0.005223	0.008752	0.017144	0.026397	0.009098	0.036602	0.008206	0.037329	0.000562	0.020828	0.031865	0.011795	0.028471	0.013345	0.013346	0.012761	0.021392	0.031679	0.011221	0.015691	0.036302	0.010755	0.029664	0.017587	0.03098	0.026304	0.023887	0.005249	0.027493	0.003376	0.019293	0.035949	0.030015	0.025188	0.002436	0.036377	0.020011	0.034732	0.030489	0.03217	0.006204	
0.021513	0.006146	0.007927	0.006871	0.011835	0.01581	0.032726	0.006461	0.02817	0.033399	0.033745	0.035778	0.024484	0.015194	0.036476	0.005471	0.033561	0.034359	0.006875	0.026092	0.024611	0.030038	0.009291	0.013652	0.023456	0.013903	0.033108	0.018773	0.030523	0.019239	0.022488	0.008679	0.014238	0.009931	0.015005	0.022575	0.025818	0.03248	0.037251	0.009752	0.018819	0.005906	0.029223	0.006474	0.005952	0.008924	0.034985	0.009063	0.036436	0.006514	
0.036562	0.038456	0.002791	0.021766	0.014937	0.035894	0.006821	0.029081	0.025635	0.020959	0.005945	0.032682	0.008057	0.010835	0.006232	0.022626	0.026631	0.006114	0.036661	0.026111	0.019409	0.020783	0.027096	0.004664	0.003273	0.013317	0.007714	0.019489	0.012444	0.015543	0.035057	0.027663	0.032578	0.022689	0.024868	0.008594	0.018213	0.020627	0.037583	0.013128	0.021965	0.002618	0.001777	0.024739	0.020124	0.030575	0.030377	0.032128	0.017251	0.018918	
0.011649	0.006205	0.011584	0.031041	0.018459	0.030324	0.03712	0.017221	0.014017	0.027785	0.01686	0.024521	0.018863	0.009962	0.009397	0.030269	0.004148	0.028883	0.034268	0.023477	0.033788	0.016593	0.035293	0.018048	0.001456	0.027026	0.010689	0.020344	0.017187	0.01121	0.018424	0.014267	0.03054	0.009746	0.032287	0.032589	0.009418	0.023566	0.013086	0.014178	0.010581	0.013249	0.006871	0.031653	0.016174	0.037248	0.030705	0.000647	0.029468	0.027616	
0.004604	0.005878	0.013647	0.015577	0.029244	0.014254	0.001887	0.013934	0.012547	0.023193	0.014017	0.024076	0.002244	0.01089	0.018653	0.00709	0.019318	0.004897	0.010811	0.027877	0.019962	0.029897	0.028442	0.032588	0.034892	0.013994	0.012143	0.03087	0.031879	9.7e-05	0.000817	0.032058	0.027012	0.030284	0.034097	0.038296	0.02931	0.021751	0.02817	0.00529	0.037116	0.032325	0.014848	0.003767	0.015705	0.02543	0.034641	0.025004	0.025527	0.02915	
0.03818	0.028696	0.023874	0.002497	0.019783	0.024646	0.017935	0.009985	0.010731	0.030181	0.028382	0.005654	0.003761	0.010646	0.024417	0.004564	0.029784	0.021704	0.009397	0.020831	0.029974	0.014597	0.002623	0.028206	0.005221	0.033426	0.011063	0.036714	0.001346	0.036449	0.037071	0.021986	0.02314	0.015529	0.011553	0.024791	0.037063	0.02234	0.022675	0.015622	0.034323	0.012791	0.011568	0.022487	0.020826	0.013866	0.022968	0.016184	0.011344	0.036606	
0.035385	0.019282	0.022268	0.035779	0.031353	0.036397	0.00905	0.033466	0.009465	0.00538	0.017646	0.011521	0.021038	0.037024	3.9e-05	0.035353	0.019269	0.008984	0.01463	0.012627	0.031674	0.006116	0.021153	0.020411	0.018737	0.035591	0.019513	0.030359	0.034481	0.036127	0.002852	0.032444	0.030835	0.015458	0.007499	0.027153	0.003454	0.005923	0.009425	0.004988	0.000675	0.012678	0.029792	0.032102	0.025082	0.012135	0.020406	0.033045	0.018223	0.005713	
0.003131	0.030566	0.007471	0.042753	0.020286	0.012847	0.00801	0.016902	0.040826	0.010144	0.016888	0.00844	0.007191	0.017431	0.013738	0.014431	0.010819	0.001794	0.007778	0.045224	0.027701	0.02273	0.028897	0.02527	0.013386	0.040066	0.043546	0.001077	0.000368	0.034859	0.013324	0.032498	0.028996	0.01999	0.006078	0.030582	0.018094	0.017212	0.016804	0.042217	0.007733	0.021686	0.020826	0.002853	0.011174	0.008276	0.031443	0.028306	0.034741	0.032597	
0.03504	0.004413	0.01555	0.026044	0.030321	0.036691	0.025694	0.010973	0.021076	0.024804	0.006279	0.018573	0.01273	0.027517	0.018033	0.032757	0.025596	0.000568	0.020963	0.003101	0.018771	0.002416	0.000172	0.029602	0.036473	0.02463	0.035276	0.036836	0.016444	0.036213	0.008314	0.02465	0.013609	0.009212	0.03265	0.035226	0.022019	0.007345	0.026604	0.030289	0.025234	0.00798	0.025666	0.002722	0.015083	0.023504	0.007243	0.014711	0.016718	0.017665	
0.001628	0.031935	0.026877	0.032571	0.013978	0.031132	0.019629	0.001024	0.031645	0.009428	0.000269	0.016064	0.007424	0.001743	0.0256	0.031178	0.032291	0.022188	0.022266	0.027149	0.02111	0.024062	0.025361	0.032373	0.032267	0.007291	0.028829	0.022628	0.024491	0.002191	0.026584	0.008476	0.012848	0.023469	0.02205	0.019858	0.008148	0.029438	0.016187	0.029466	0.031051	0.008247	0.012724	0.022881	0.025374	0.021517	0.010724	0.019693	0.032598	0.012045	
0.003622	0.043041	0.042718	0.051413	0.019688	0.002909	0.035107	0.023239	0.040869	0.007722	0.016259	0.000427	0.052985	0.010467	0.004114	0.007774	0.011452	0.001057	0.051209	0.002934	0.002529	0.004459	0.024359	0.024095	0.038129	0.045661	0.002052	0.033342	0.008928	0.005673	0.014637	0.049901	0.022256	0.014502	0.032595	0.002915	0.01088	0.014812	0.009082	0.009302	0.026229	0.006997	0.02439	0.022816	0.006902	0.022959	0.001642	0.011323	0.036332	0.041295	
0.040968	0.009337	0.012821	0.00385	0.01561	0.025046	0.038485	0.003073	0.035431	0.032733	0.00515	0.019817	0.016391	0.041235	0.01448	0.019006	0.027848	0.018274	0.004301	0.018156	0.00838	0.020822	0.039913	0.018454	0.032053	0.003262	0.032592	0.028265	0.011734	0.022448	0.012848	0.02509	0.008012	0.002184	0.01936	0.038852	0.015414	0.005958	0.033863	0.02841	0.001247	0.02437	0.022063	0.038901	0.008439	0.004393	0.011623	0.034777	0.005108	0.039153	
0.028216	0.001113	0.037715	0.034887	0.018552	0.036277	0.002928	0.006045	0.014945	0.011799	0.031298	0.03472	0.032279	0.013343	0.018116	0.019467	0.029074	0.014674	0.012197	0.037077	0.034242	0.010493	0.001986	0.03151	0.005331	0.008917	0.01153	0.034733	0.003251	0.033531	0.037651	0.02712	0.019986	0.017821	0.004657	0.00467	0.038605	0.036311	0.009697	0.003895	0.01267	0.019254	0.03878	0.000244	0.005961	0.037107	0.020238	0.004139	0.028542	0.022406	
0.023907	0.027243	0.018296	0.033351	0.006975	0.039843	0.004093	0.035025	0.020464	0.012683	0.017506	0.039376	0.031511	0.00937	0.026493	0.003123	0.01619	0.006511	0.001082	0.022785	0.005443	0.025235	0.036039	0.017415	0.03418	0.032561	0.025056	0.005799	0.039003	0.030366	0.01127	0.024437	0.003206	0.017771	0.012261	0.00892	0.039327	0.00541	0.02259	0.01667	0.022083	0.025241	0.013665	0.013455	0.032985	0.03368	0.004186	0.021706	0.017071	0.007142	
0.010108	0.037356	0.013491	0.025294	0.00472	0.007549	0.006068	0.02623	0.028971	0.03682	0.037909	0.032475	0.011951	0.000569	0.034805	0.010692	0.022979	0.025852	0.01556	0.017814	0.026805	0.01767	0.007011	0.018587	0.028785	0.024715	0.01609	0.034199	0.018519	0.022871	0.010967	0.006507	0.034539	0.02325	0.035843	0.023214	0.014739	0.010652	0.01873	0.018482	0.02275	0.009596	0.024878	0.024478	0.000964	0.015547	0.009834	0.035512	0.01604	0.021013	
0.003127	0.013651	0.0368	0.018868	0.002052	0.024096	0.014838	0.038817	0.037386	0.021228	0.026226	0.000859	0.01789	0.018929	0.010073	0.019907	0.019569	0.020582	0.032164	0.038047	0.029915	0.014056	0.013181	0.030821	0.034661	0.014456	0.017978	0.018863	0.001739	0.037744	0.007366	0.014068	0.008854	0.012852	0.002542	0.008585	0.033174	0.021897	0.009633	0.012974	0.035275	0.008547	0.035879	0.038253	0.020916	0.014217	0.022861	0.031655	0.01912	0.012809	
0.031038	0.031069	0.013713	0.008741	0.03244	0.036604	0.013017	0.012309	0.023964	0.008292	0.017831	0.04016	0.025154	0.035073	0.004608	0.009054	0.010067	0.001136	0.012469	0.001511	0.030921	0.016087	0.01134	0.033636	0.025455	0.023255	0.015212	0.036909	0.007477	0.039279	0.03175	0.013072	0.024324	0.019273	0.025655	0.015422	0.027492	0.031932	0.040811	0.007048	0.01094	0.034587	0.011045	0.039746	0.010613	0.002505	0.000821	0.003711	0.031884	0.009548	
0.041045	0.010609	0.015695	0.023774	0.020487	0.030323	0.025029	0.007257	0.016335	0.037885	0.020965	0.037309	0.037243	0.003306	0.004916	0.040638	0.027522	0.003004	0.020298	0.000328	0.008006	0.021286	0.032059	0.017007	0.018372	0.035641	0.005547	0.033759	0.038277	0.013597	0.018069	0.011463	0.03835	0.004341	0.032304	0.035781	0.007415	0.016338	0.003541	0.014905	0.006807	0.038105	0.033926	0.012971	0.011281	0.016811	0.027831	0.015535	0.003309	0.003398	
0.026771	0.034056	0.015805	0.011187	0.004352	0.032864	0.034087	0.035323	0.018682	0.010424	0.002135	0.035681	0.023595	0.001946	0.006644	0.028859	0.017102	0.006708	0.037463	0.024436	0.015223	0.013286	0.006144	0.014759	0.018428	0.020458	0.026837	0.038285	0.001618	0.01568	0.033268	0.009859	0.023015	0.006407	0.014751	0.013573	0.004176	0.012268	0.025125	0.015278	0.023367	0.023943	0.036841	0.008622	0.033329	0.032368	0.026315	0.013765	0.0332	0.031692	
0.021095	0.035987	0.001006	0.004871	0.028949	0.036549	0.017592	0.017815	0.031606	0.014169	0.0121	0.015247	0.015331	0.026813	0.019376	0.025374	0.026828	0.003873	0.00881	0.012523	0.034664	0.011935	0.02476	0.024658	0.02497	0.023589	0.00673	0.034251	0.029418	0.034199	0.019502	0.01617	0.01995	0.009811	0.021051	0.005191	0.007909	0.004099	0.025388	0.002956	0.002947	0.036048	0.012604	0.036207	0.020114	0.034979	0.026393	0.035431	0.025623	0.012539	
0.029941	0.026749	0.006409	0.038734	0.022726	0.015739	0.028395	0.006336	0.036615	0.01419	0.013357	0.029176	0.007063	0.003629	0.004434	0.001328	0.033139	0.027389	0.025251	0.018166	0.00447	0.007293	0.03338	0.008036	0.011987	0.017417	0.029856	0.036154	0.00478	0.003848	0.039669	0.031477	0.038758	0.003573	0.024098	0.013647	0.031123	0.025952	0.001229	0.029782	0.033357	0.029546	0.029098	0.000695	0.038212	0.001641	0.006638	0.026258	0.014405	0.034855	
0.011571	0.002996	0.031535	0.029643	0.033145	0.033425	0.024056	0.027859	0.021479	0.013713	0.003749	0.027507	0.020905	0.027564	0.012583	0.015072	0.022807	0.018564	0.026049	0.014393	0.006051	0.010621	0.013472	0.00859	0.004881	0.010513	0.007013	0.021578	0.019039	0.014349	0.034901	0.028326	0.030409	0.023239	0.01	0.005635	0.017183	0.027181	0.0068	0.001088	0.033006	0.030779	0.035388	0.021894	0.035176	0.026858	0.014572	0.021402	0.033871	0.02757	
0.029034	0.004831	0.001409	0.028602	0.036299	0.029513	0.017899	0.001964	0.0116	0.018285	0.010642	0.040902	0.009938	0.030499	0.030394	0.016426	0.005983	0.004187	0.02331	0.009302	0.037782	0.014212	0.021407	0.012933	0.030185	0.021894	0.029925	0.014206	0.019575	0.022587	0.026353	0.010585	0.031041	0.024239	0.039524	0.00447	0.035144	6e-06	0.041389	0.011062	0.038945	0.022147	0.012061	0.009915	0.025667	0.021161	0.037448	0.008054	0.000483	0.014581	
0.033915	0.022029	0.011897	0.011407	0.012507	0.017851	0.008228	0.037687	0.018605	0.014935	0.036927	0.006604	0.030562	0.018936	0.034114	0.010558	0.024944	0.017618	0.030914	0.013264	0.006274	0.034167	0.036633	0.01223	0.034938	0.004554	0.009787	0.01885	0.031669	0.031778	0.036069	0.02132	0.019691	0.042696	0.007341	0.020568	0.04357	0.014897	0.00506	0.014531	0.013964	0.034126	0.012563	0.014597	0.001352	0.000322	0.002736	0.037829	0.009396	0.01299	
0.025374	0.020714	0.014206	0.014474	0.032897	0.013291	0.036945	0.013878	0.00243	0.02488	0.006935	0.018299	0.003207	0.015691	0.02671	0.029053	0.026792	0.027955	0.006821	0.022353	0.021397	0.010534	0.023992	0.025138	0.03651	0.00571	0.030009	0.020986	0.012907	0.033786	0.003728	0.012457	0.017636	0.033489	0.007837	0.017613	0.033759	0.00473	0.024504	0.023562	0.019059	0.033886	0.004322	0.032492	0.00699	0.016651	0.034564	0.030807	0.005527	0.032513	
0.038562	0.022844	0.018329	0.028578	0.030143	0.009622	0.033702	0.014142	0.011421	0.017278	0.009757	0.030387	0.024295	0.005353	0.010528	0.008137	0.012188	0.031145	0.002255	0.037184	0.023447	0.005072	0.025317	0.00135	0.025922	0.020269	0.027061	0.039048	0.02742	0.033451	0.017523	0.00046	0.021352	0.02417	0.011951	0.015719	0.025729	0.029145	0.025812	0.003637	0.034179	0.024698	0.017501	0.009115	0.011162	0.031411	0.011592	0.010266	0.029969	0.020402	
0.006522	0.00965	0.000644	0.044581	0.01598	0.045158	0.024282	0.004618	0.04774	0.007127	0.029807	0.049404	0.002001	0.008222	0.013636	0.015211	0.036415	0.031213	0.011247	0.021772	0.029152	0.001124	0.008755	0.040824	0.041965	0.045366	0.004436	0.008089	0.027901	0.005869	0.006344	0.020348	0.015297	0.031909	0.017424	0.010493	0.003889	0.047709	0.011224	0.029499	0.014833	0.031336	0.021858	0.009327	0.014077	0.000874	0.004969	0.032276	0.002031	0.035572	
0.034483	0.01701	0.006577	0.03731	0.020051	0.011896	0.022879	0.010114	0.008064	0.039342	0.041679	0.000299	0.003597	0.003545	0.011761	0.00206	0.025413	0.034803	0.003657	0.037468	0.013905	0.024745	0.003686	0.023216	0.020791	0.012257	0.022516	0.036111	0.016776	0.00798	0.020231	0.017742	0.029847	0.034483	0.016914	0.011394	0.023849	0.023647	0.003278	0.041855	0.032395	0.03419	0.031961	0.028866	0.027403	0.015599	0.020306	0.011932	0.017072	0.003045	
0.018682	7.3e-05	0.011861	0.01763	0.013675	0.047887	0.003767	0.01189	0.03609	0.003391	0.007733	0.019358	0.029906	0.012966	0.029552	0.029362	0.020962	0.01407	0.009886	0.022951	0.012197	0.001924	0.021383	0.039325	0.044914	0.02288	0.030361	0.002113	0.00472	0.018893	0.01975	0.023589	0.044452	0.000253	0.026917	0.00162	0.004301	0.0344	0.001166	0.030994	0.015851	0.022627	0.02964	0.012248	0.007718	0.041556	0.018663	0.039369	0.027961	0.036523	
0.009664	0.031347	0.022948	0.006491	0.02661	0.007464	0.017588	0.015384	0.012281	0.030877	0.010567	0.015197	0.030358	0.01651	0.023796	0.017421	0.01948	0.005972	0.030331	0.025726	0.02151	0.009842	0.01787	0.008102	0.009068	0.000348	0.031889	0.036136	0.036104	0.013018	0.031054	0.011064	0.035105	0.034188	0.011138	0.024455	0.025869	0.000787	0.028843	0.033261	0.021725	0.024338	0.003702	0.016719	0.001726	0.033843	0.020408	0.026763	0.027733	0.02738	
0.014125	0.023716	6.4e-05	0.008215	0.011409	0.026339	0.008804	0.033305	0.018927	0.011552	0.024356	0.032738	0.019838	0.022848	0.033443	0.023626	0.033395	0.032116	0.005367	0.03347	0.034987	0.031357	0.00367	0.010451	0.034345	0.029346	0.003663	0.016225	0.016429	0.006638	0.011137	0.014098	0.032156	0.034718	0.030838	0.021761	0.021312	0.005831	0.019334	0.002133	0.011388	0.013057	0.001994	0.02744	0.023134	0.02213	0.017322	0.028528	0.032317	0.024608	
0.025973	0.003883	0.013079	0.027502	0.010106	0.013708	0.011717	0.036493	0.001977	0.027002	0.00057	0.017137	0.027583	0.004064	0.018589	0.04026	0.005105	0.003642	0.016446	0.024383	0.003161	0.009612	0.034993	0.022288	0.02219	0.04394	0.020194	0.029463	0.032858	0.030839	0.037208	0.031759	0.007438	0.004132	0.001029	0.040854	0.016765	0.029447	0.021694	0.003827	0.023819	0.04291	0.012064	0.014838	0.009469	0.016487	0.042117	0.027365	0.028764	0.009257	
0.008523	0.005147	0.015712	0.033141	0.009041	0.018113	0.017705	0.031111	0.031796	0.017967	0.023228	0.033162	0.032485	0.021208	0.019268	0.015722	0.018268	0.016546	0.01981	0.022261	0.008649	0.022822	0.031235	0.019597	0.016785	0.021726	0.020691	0.005257	0.004649	0.015404	0.033445	0.023108	0.00431	0.005116	0.029539	0.016607	0.013236	0.029984	0.019414	0.033579	0.028796	0.016774	0.027256	0.031728	0.016656	0.025728	0.01425	0.020968	0.011688	0.020789	
0.031988	0.029712	0.007323	0.017164	0.018229	0.010446	0.010779	0.001232	0.030504	0.039206	0.00323	0.003336	0.002024	0.033514	0.002122	0.011783	0.025287	0.011151	0.028972	0.033162	0.038556	0.003361	0.03388	0.029221	0.031966	0.033801	0.031317	0.013419	0.035836	0.00659	0.033466	0.019437	0.003553	0.001012	0.03703	0.028768	0.019708	0.010935	0.013777	0.030573	0.013756	0.031556	0.016	0.032345	0.006908	0.022441	0.019969	0.013375	0.025781	0.010499	
0.037129	0.016908	0.005732	0.000785	0.029779	0.026092	0.031454	0.013935	0.036244	0.01049	0.013614	0.022661	0.031208	0.03408	0.038249	0.000674	0.029287	0.001037	0.041045	4.3e-05	0.041996	0.008474	0.028816	0.019471	0.034427	0.007918	0.017309	0.005839	0.003324	0.021982	0.006997	0.015772	0.022127	0.015316	0.029891	0.023553	0.0032	0.017852	0.0028	0.017656	0.02602	0.030847	0.033651	0.02454	0.011527	0.007413	0.00499	0.033905	0.028902	0.033039	
0.025046	0.030085	0.023448	0.036143	0.032551	0.005316	0.033844	0.016688	0.01255	0.017064	0.029102	0.022311	0.008973	0.031587	0.035384	0.034986	0.019555	0.030598	0.014784	0.003954	0.012982	0.017698	0.00886	0.031846	0.020415	0.009777	0.030958	0.032766	0.036169	0.030079	0.025352	0.010333	0.021983	0.010249	0.012551	0.023183	0.001432	0.016966	0.002357	0.012346	0.022956	0.022934	0.03303	0.01414	0.011308	0.002479	0.011067	0.013098	0.032642	0.004075	
0.033087	0.028225	0.038604	0.035671	0.01685	0.035112	0.000381	0.016983	0.010965	0.03821	0.007357	0.007704	0.025001	0.029905	0.005456	0.024553	0.018158	0.032079	0.001957	0.009004	0.002712	0.018483	0.004891	0.007786	0.008835	0.009747	0.022689	0.025854	0.027112	0.014771	0.031249	0.025007	0.032558	0.022466	0.028503	0.033798	0.02614	0.003968	0.020635	0.026615	0.0086	0.031294	0.03513	0.02108	0.02995	0.010651	0.012716	0.02586	0.015512	0.000126	
0.007356	0.023829	0.005737	0.009226	0.018766	0.004564	0.032016	0.006342	0.00142	0.028983	0.011135	0.042882	0.026936	0.019803	0.036266	0.032182	0.004611	0.032846	0.038467	0.005852	0.002463	0.020073	0.010509	0.009557	0.038397	0.017097	0.017712	0.015501	0.016504	0.016612	0.036133	0.014136	0.011727	0.04253	0.032679	0.023975	0.003249	0.04042	0.010521	0.014526	0.021688	0.004178	0.029073	0.026531	0.043114	0.008966	0.013353	0.041149	0.009783	0.018625	
0.030301	0.024321	0.022638	0.011912	0.006324	0.008312	0.009266	0.015119	0.015872	0.0284	0.009149	0.016001	0.040414	0.012118	0.021099	0.032393	0.005256	0.032387	0.040279	0.014535	0.038478	0.000501	0.018402	0.008115	0.029289	0.005488	0.011402	0.01223	0.022701	0.015514	0.030053	0.015643	0.023834	0.040068	0.015504	0.021449	0.023537	0.023457	0.008443	0.034488	0.033191	0.0037	0.038972	0.023861	0.011992	0.02901	0.011695	0.009847	0.015291	0.027749	
0.000262	0.011787	0.036451	0.012869	0.044619	0.014313	0.034436	0.033383	0.027643	0.039917	0.029384	0.025368	0.004618	0.033605	0.020232	0.009907	0.008538	0.027236	0.025374	0.029998	0.012601	0.00824	0.021137	0.001698	0.003904	0.011058	0.006422	0.009344	0.006488	0.008821	0.036863	0.043828	0.009585	0.001223	0.041617	0.032388	0.00131	0.005623	0.028322	0.027554	0.001937	0.012672	0.016936	0.005811	0.041119	0.031812	0.034161	0.028022	0.0314	0.008164	
0.029155	0.024771	0.017419	0.035753	0.003587	0.007097	0.02525	0.008942	0.034144	0.034606	0.012891	0.01985	0.003375	0.030941	0.030244	0.023937	0.010829	0.030097	0.030222	0.010679	0.029765	0.023838	0.023266	0.009347	0.001864	0.006537	0.024025	0.001896	0.005935	0.031834	0.008945	0.010265	0.011672	0.031081	0.010369	0.03332	0.014849	0.032591	0.036127	0.01872	0.031777	0.00588	0.027142	0.001658	0.027947	0.033293	0.036089	0.022202	0.011419	0.012558	
0.018342	0.002161	0.024627	0.029993	0.033139	0.014094	0.00527	0.039469	0.020079	0.032298	0.026395	0.012179	0.009606	0.04041	0.014472	0.009298	0.030185	0.016804	0.01344	0.018888	0.015816	0.025573	0.001068	0.018463	0.006031	0.011401	0.033414	0.039693	0.027417	0.001951	0.024165	0.02332	0.022381	0.004693	0.037609	0.038446	0.003021	0.017031	0.020487	0.00572	0.028312	0.037257	0.03059	0.005773	0.005347	0.041421	0.018198	0.018458	0.021362	0.004433	
0.02276	0.036325	0.023399	0.018157	0.015329	0.03524	0.01322	0.007623	0.020658	0.005572	0.00167	0.01356	0.000203	0.021146	0.036714	0.000751	0.036318	0.026114	0.008914	0.001022	0.020681	0.040461	0.018564	0.024113	0.032086	0.010877	0.024927	0.041216	0.035453	0.025644	0.019113	0.041744	0.005681	0.0247	0.006015	0.017317	0.014346	0.015249	0.009309	0.007713	0.032373	0.008591	0.008682	0.028539	0.036858	0.012661	0.004828	0.03259	0.014398	0.040576	
0.036266	0.017907	0.00891	0.024198	0.0109	0.012769	0.015535	0.004857	0.029006	0.027418	0.00332	0.002493	0.023767	0.023919	0.037523	0.036135	0.005223	0.009269	0.034307	0.020925	0.023144	0.034666	0.004072	0.011082	0.001285	0.038488	0.029802	0.026956	0.011268	0.012556	0.013075	0.030508	0.030037	0.001412	0.030798	0.024912	0.011784	0.014005	0.030223	0.028042	0.016921	0.008149	0.025654	0.008847	0.02704	0.020869	0.039249	0.01765	0.029672	0.013187	
0.024917	0.003645	0.003408	0.020075	0.023777	0.032243	0.012651	0.018065	0.000994	0.007009	0.019628	0.014402	0.012628	0.02007	0.027445	0.007941	0.040217	0.006156	0.040672	0.008549	0.010242	0.039975	0.039938	0.022075	0.005195	0.026912	0.035178	0.031761	0.002493	0.001187	0.013423	0.020923	0.015347	0.023165	0.042115	0.005486	0.023924	0.042237	0.012597	0.028707	0.001693	0.006778	0.006599	0.035471	0.034267	0.010204	0.031955	0.025189	0.018558	0.041914	
0.031483	0.005618	0.002064	0.019842	0.033198	0.008651	0.02681	0.01726	0.025275	0.03226	0.025387	0.034446	0.014243	0.037157	0.002659	0.003789	0.006044	0.031455	0.033602	0.015735	0.014253	0.021518	0.037371	0.007451	0.020074	0.035048	0.034606	0.01441	0.023466	0.018603	0.037807	0.019963	0.038427	0.001857	0.009628	0.033509	0.010434	0.009417	0.034072	0.0214	0.009504	0.012373	0.032962	0.006316	0.008261	0.03175	0.0045	0.011624	0.001544	0.030874	
0.013702	0.036064	0.024487	0.019005	0.021558	0.026373	0.029132	0.006926	0.036844	0.025113	0.005368	0.01086	0.037794	0.02365	0.016071	0.002045	0.000513	0.033805	0.033929	0.014797	0.022537	0.036028	0.032732	0.011156	0.030282	0.033562	0.012353	0.003499	0.008319	0.001193	0.019007	0.025738	0.028606	0.031846	0.003329	0.013426	0.02771	0.022547	0.017779	0.024413	0.028612	0.031499	0.03251	0.028981	0.008044	0.003786	0.004849	0.0147	0.017403	0.005518	
0.007253	0.021156	0.026142	0.001894	0.004073	0.037156	0.015071	0.022837	0.027123	0.01408	0.004933	0.026983	0.017049	0.028986	0.032806	0.025702	0.037548	0.007816	0.014389	0.004382	0.036642	0.025068	0.035918	0.035954	0.032156	0.021707	0.030397	0.021924	0.033774	0.00524	0.008069	0.01517	0.024381	0.0326	0.011356	0.017391	0.000516	0.012038	0.02588	0.006529	0.028584	0.021005	0.014225	0.002561	0.023814	0.018694	0.035347	0.011253	0.029432	0.004996	
0.002398	0.019253	0.042646	0.018247	0.008778	0.018061	0.042	0.008754	0.021153	0.023542	0.037585	0.043222	0.007269	0.020899	0.028056	0.008827	0.026555	0.007371	0.020173	0.036092	0.003753	0.039329	0.036044	0.028799	0.014402	0.000947	0.015294	0.021969	0.006724	0.031604	0.025768	0.019521	0.002297	0.009035	0.01657	0.00847	0.015799	0.003965	0.018038	0.004382	0.005095	0.043637	0.003197	0.01297	0.024037	0.024729	0.0239	0.041261	0.01332	0.044263	
0.017217	0.024774	0.02526	0.023511	0.003891	0.020871	0.032521	0.037105	0.001214	0.031811	0.00305	0.027401	0.017223	0.01293	0.027683	0.011622	0.027523	0.020622	0.013194	0.02166	0.0226	0.02692	0.035253	0.019242	0.004677	0.036099	0.022415	0.020534	0.023903	0.007725	0.024491	0.01425	0.033351	0.012596	0.017953	0.000669	0.01077	0.007069	0.020277	0.033531	0.009246	0.019493	0.003679	0.035214	0.03348	0.023005	0.007654	0.031917	0.008199	0.032705	
0.007607	0.0116	0.019229	0.022325	0.029792	0.026509	0.036114	0.002594	0.037765	0.015211	0.010709	0.038026	0.001719	0.018365	0.023056	0.017788	0.001471	0.033832	0.015507	0.025058	0.014338	0.006067	0.022979	0.031219	0.034471	0.013317	0.033896	0.005647	0.006912	0.00565	0.010513	0.010392	0.021827	0.016975	0.035433	0.029661	0.02325	0.019088	0.022847	0.039668	0.034137	0.024318	0.01292	0.019238	0.02577	0.018766	0.037015	0.010132	0.016243	0.003034	
0.008079	0.026747	0.02497	0.009559	0.015165	0.009492	0.029079	0.003205	0.01372	0.023055	0.032996	0.005491	0.022531	0.001111	0.01538	0.031581	0.030172	0.01991	0.025282	0.030361	0.000111	0.024853	0.004464	0.01579	0.031566	0.035927	0.03135	0.020609	0.002787	0.01779	0.003985	0.022308	0.016605	0.023681	0.035625	0.034203	0.014238	0.002218	0.023492	0.020438	0.008788	0.022252	0.017178	0.032032	0.02161	0.027934	0.009865	0.031597	0.032027	0.036791	
0.004129	0.032117	0.035162	0.029832	0.033696	0.031693	0.029907	0.026513	0.031155	0.008834	0.03113	0.015869	0.021667	0.019756	0.034293	0.031584	0.030791	0.006751	0.017014	0.016463	0.012657	0.022122	0.00919	0.008852	0.029908	0.019092	0.002368	0.031983	0.024707	0.02842	0.035297	0.005044	0.025214	0.023644	0.02984	0.015776	0.01414	0.031789	0.001905	0.02261	0.014822	0.005523	0.027423	5.1e-05	0.001504	0.025883	0.015076	0.01392	0.008657	0.004227	
0.009803	0.017785	0.028249	0.027833	0.001328	0.037817	0.000764	0.038668	0.032342	0.029264	0.041277	0.002169	0.026	0.00377	0.004151	0.005286	0.023375	0.00314	0.026844	0.036444	0.03224	0.002572	0.000139	0.024938	0.014037	0.001771	0.016063	0.019416	0.038708	0.017181	0.040925	0.018094	0.01657	0.015178	0.000334	0.005965	0.011988	0.031222	0.010432	0.014742	0.033847	0.032327	0.011378	0.032207	0.035397	0.034998	0.009145	0.006251	0.04147	0.034156	
0.005493	0.00639	0.026929	0.003857	0.004393	0.031197	0.037881	0.035943	0.037924	0.021473	0.031519	0.007978	0.038435	0.02713	0.017937	0.030952	0.020858	0.008887	0.009385	0.012068	0.028187	0.024698	0.002168	0.012196	0.036128	0.001328	0.006537	0.023751	0.020981	0.034	0.008595	0.012154	0.029917	0.029773	0.039387	0.012717	0.006365	0.036482	0.012008	0.007341	0.017437	0.008804	0.01932	0.027443	0.038933	0.035826	0.020146	0.025583	0.000518	0.004648	
0.035625	0.01429	0.034512	0.022084	0.002502	0.031012	0.026552	0.004218	0.040065	0.018386	0.026981	0.033469	0.001506	0.03316	0.038841	0.008351	0.034906	0.011402	0.015172	0.021219	0.006382	0.025155	0.022208	0.02877	0.038505	0.012221	0.022494	0.029404	0.010823	0.008152	0.036289	0.038867	0.005137	0.010514	0.028452	0.001496	0.016068	0.002078	0.01598	0.017989	2.1e-05	0.006123	0.039118	0.0396	0.010528	0.00073	0.018342	0.016324	0.03522	0.002757	
0.019435	0.0029	0.022817	0.016481	0.017898	0.00586	0.007675	0.039839	0.019408	0.003109	0.001272	0.023158	0.014868	0.015962	0.036389	0.032926	0.008986	0.031678	0.014761	0.007049	0.00919	0.023558	0.037002	0.009439	0.035278	0.034976	0.005922	0.02482	0.01667	0.015792	0.02354	0.01149	0.016948	0.016601	0.027424	0.032813	0.024317	0.007696	0.01782	0.026383	0.035283	0.006262	0.039257	0.021835	0.025569	0.019071	0.02918	0.021799	0.022399	0.019195	
0.045722	0.023117	0.003402	0.003522	0.030156	0.034208	0.011523	0.007623	0.043882	0.035277	0.011238	0.007637	0.026328	0.008241	0.041872	0.015006	0.013299	0.026924	0.025196	0.029848	0.028135	0.004334	0.013945	0.000683	0.01007	0.000206	0.001878	0.012571	0.018589	0.000131	0.037803	0.04335	0.032448	0.009612	0.024989	0.00517	0.004896	0.038381	0.006829	0.010799	0.019986	0.037372	0.028783	0.045501	0.021536	0.007152	0.00988	0.03089	0.043053	0.007007	
0.034952	0.038764	0.017102	0.002896	0.005842	0.035159	0.015793	0.029763	0.012455	0.033951	0.009814	0.001448	0.035489	0.001756	0.02968	0.022132	0.000441	0.001086	0.030773	0.037192	0.02742	0.02251	0.008226	0.035847	0.035796	0.038248	0.009048	0.030593	0.024661	0.026306	0.019728	0.024515	0.00175	0.012243	0.001041	0.021323	0.029901	0.01306	0.027268	0.028791	0.019819	0.030877	0.012744	0.027711	0.006271	0.000936	0.027242	0.001964	0.015425	0.022248	
0.02627	0.021625	0.010113	0.015548	0.012346	0.036205	0.000188	0.012347	0.035389	0.019941	0.017491	0.023539	0.031461	0.000587	0.023239	0.011577	0.014985	0.026447	0.025778	0.031403	0.01787	0.033126	0.005918	0.003635	0.002161	0.026263	0.026521	0.012903	0.000506	0.005978	0.018449	0.030231	0.029414	0.035612	0.013774	0.031027	0.026597	0.025971	0.029076	0.015813	0.025482	0.02486	0.017937	0.012631	0.004672	0.023573	0.02674	0.025076	0.023722	0.027983	
0.002481	0.030125	0.03066	0.001351	0.003335	0.019795	0.012597	0.030393	0.00225	0.00255	0.039134	0.021833	0.013148	0.002548	0.032544	0.019309	0.017577	0.005135	0.035646	0.024832	0.041312	0.03757	0.03692	0.005734	0.005391	0.017446	0.007721	0.016391	0.012144	0.018796	0.005021	0.031612	0.002739	0.036513	0.040441	0.041302	0.036615	0.025249	0.022089	0.01964	0.007598	0.012358	0.031471	0.013457	0.019041	0.013942	0.039619	0.000612	0.023101	0.030912	
0.027973	0.027023	0.004796	0.018729	0.007223	0.019702	0.005124	0.026561	0.034751	0.000675	0.025917	0.029672	0.02146	0.015554	0.002628	0.008388	0.02213	0.006171	0.030714	0.025226	0.034297	0.020266	0.005252	0.020452	0.033234	0.003732	0.025659	0.019075	0.029937	0.022787	0.011582	0.012437	0.027645	0.032084	0.028063	0.026612	0.008321	0.032137	0.018679	0.001344	0.027632	0.037975	0.007521	0.012932	0.033509	0.011546	0.014288	0.02949	0.031755	0.01934	
0.013992	0.02999	0.039039	0.033374	0.023923	0.002605	0.005987	0.003707	0.036689	0.01562	0.034969	0.021011	0.010891	0.010276	0.020188	0.010953	0.036605	0.034772	0.032462	0.013245	0.021992	0.000502	0.022088	0.005894	0.025421	0.004428	0.015958	0.014877	0.003962	0.003645	0.022765	0.02124	0.036385	0.005318	0.030878	0.038378	0.016266	0.004901	0.005365	0.032267	0.007905	0.025508	0.029747	0.023811	0.005673	0.03038	0.012935	0.026082	0.036607	0.038524	
9.9e-05	0.035443	0.006269	0.031073	0.010088	0.005676	0.014809	0.037937	0.00086	0.006115	0.031275	0.003176	0.028254	0.028872	0.027059	0.035581	0.019211	0.002828	0.005893	0.020469	0.025089	0.00434	0.003219	0.034801	0.014865	0.038481	0.019658	0.008616	0.038556	0.030835	0.02013	0.026668	0.021884	0.027671	0.018346	0.001582	0.029863	0.037296	0.013053	0.019309	0.018305	0.036682	0.038515	0.03955	0.003869	0.019146	0.029192	0.003064	0.0123	0.014128	
0.016432	0.006567	0.019768	0.011386	0.010098	0.005229	0.022287	0.03536	0.006816	0.028933	0.021033	0.009255	0.009226	0.048704	0.020891	0.041457	0.020488	0.029053	0.029004	0.020263	0.037146	0.029582	0.000367	0.015054	0.011488	0.007907	0.036776	0.035489	0.00534	0.015006	0.02425	0.004518	0.027459	0.033728	0.031657	0.01059	0.004468	0.040756	0.00863	0.011602	0.01495	0.005581	0.036984	0.009528	0.032654	0.00066	0.041923	0.004854	0.02342	0.025383	
0.008614	0.017054	0.020961	0.001463	0.026817	0.002201	0.037095	0.012064	0.000386	0.033906	0.031612	0.000841	0.017319	0.034094	0.036489	0.026546	0.007554	0.027538	0.007661	0.019028	0.0239	0.015223	0.003073	0.007276	0.02354	0.023668	0.037431	0.010227	0.016242	0.007148	0.035558	0.028827	0.030917	0.019952	0.003182	0.039218	0.025187	0.02165	0.020046	0.034034	0.029098	0.013485	0.010557	0.017544	0.027583	0.020269	0.018592	0.013758	0.019356	0.034216	
0.004157	0.015246	0.023276	0.0123	0.021223	0.043833	0.040477	0.026217	0.026993	0.006231	0.03434	0.008579	0.00283	0.041354	0.003984	0.017634	0.047492	0.039842	0.012045	0.013525	0.001185	0.002586	0.002857	0.0247	0.038485	0.018608	0.035886	0.010461	0.005389	0.039948	0.016138	0.021325	0.007084	0.017235	0.014569	0.031548	0.003131	0.011175	0.024414	0.040131	0.033964	0.016226	0.042821	0.036348	0.016116	0.006131	0.019182	0.013251	0.00645	0.001078	
0.025177	0.012017	0.014635	0.029008	0.00187	0.029899	0.015748	0.005108	0.035666	0.010132	0.007111	0.012413	0.030566	0.006342	0.033763	0.005356	0.006055	0.036198	0.019093	0.03261	0.036897	0.022713	0.003414	0.037509	0.019257	0.012318	0.003823	0.027198	0.036293	0.01408	0.00499	0.009262	0.008511	0.030942	0.000852	0.031735	0.027195	0.01039	0.026106	0.027278	0.031104	0.01036	0.02561	0.007966	0.038276	0.025909	0.031681	0.012378	0.027874	0.029312	
0.026026	0.009995	0.023402	0.034987	0.033513	0.007197	0.033137	0.00768	0.036294	0.02753	0.031711	0.028329	0.01427	0.032235	0.007857	0.025663	0.034385	0.013794	0.012974	0.020874	0.019829	0.019302	0.015372	0.036022	0.014272	0.034323	0.008898	0.019773	0.019611	0.005263	0.011724	0.014404	0.005037	0.008944	0.013521	0.02848	0.012259	0.005983	0.02234	0.03543	0.02012	0.033454	0.033526	0.032821	0.018268	0.019937	0.001495	0.007978	0.00886	0.010901	
0.030835	0.019164	0.017382	0.02832	0.000304	0.003061	0.031137	0.009831	0.006036	0.033728	0.012682	0.034306	0.024236	0.000786	0.033793	0.01646	0.038816	0.006559	0.000275	0.020576	0.037	0.002165	0.015731	0.015779	0.025916	0.028009	0.005193	0.012837	0.007723	0.029906	0.04011	0.028302	0.027872	0.03762	0.00424	0.005003	0.033242	0.014377	0.015671	0.03671	0.023197	0.015741	0.02922	0.029907	0.008108	0.004898	0.032611	0.024046	0.033409	0.00717	
0.030053	0.009712	0.035838	0.012889	0.013508	0.034773	0.026964	0.028749	0.006721	0.017728	0.002308	0.031896	0.025699	0.007812	0.015494	0.002965	0.029018	0.0298	0.030243	0.028339	0.011117	0.013018	0.004543	0.015212	0.030568	0.022205	0.001379	0.00795	0.037199	0.036108	0.027412	0.026657	0.012158	0.027659	0.007866	0.036766	0.010218	0.003816	0.037136	0.030804	0.035822	0.001066	0.001826	0.007849	0.015489	0.022338	0.006302	0.028471	0.023651	0.036886	
0.024713	0.003639	0.007076	0.029772	0.01143	0.019922	0.039395	0.031088	0.027841	0.005974	0.030829	0.008334	0.019371	0.04423	0.039965	0.033349	0.042466	0.04282	0.012746	0.0173	0.007126	0.025216	0.008589	0.006601	0.025351	0.038053	0.033285	0.001336	0.013963	0.01529	0.035389	0.003881	0.044506	0.013076	0.004276	0.033353	0.005997	0.006923	0.013962	0.002492	0.033782	0.031456	0.001465	0.006025	0.013811	0.0025	0.019024	0.011322	0.019819	0.029871	
0.022229	0.031545	0.016591	0.007689	0.025109	0.013181	0.037762	0.009356	0.030231	0.020318	0.035414	0.02386	0.022202	0.022798	0.00783	0.012945	0.000149	0.000781	0.029796	0.020165	0.020433	0.01773	0.01007	0.001673	0.023593	0.013458	0.018118	0.03747	0.021854	0.025952	0.035519	0.030609	0.036971	0.019562	0.040333	0.020869	0.029437	0.007795	0.022852	0.004153	0.027875	0.00456	0.004136	0.016226	0.027188	0.025972	0.020109	0.012678	0.001845	0.031009	
0.013827	0.000996	0.005071	0.018945	0.002919	0.030972	0.025535	0.024323	0.008042	0.014254	0.035096	0.012623	0.031067	0.034804	0.025933	0.014506	0.014695	0.026876	0.026415	0.023871	0.018906	0.026146	0.008926	0.002275	0.026851	0.002729	0.026777	0.028927	0.02336	0.023712	0.024689	0.007239	0.033934	0.007673	0.010553	0.032408	0.032554	0.009138	0.012207	0.01675	0.001914	0.035066	0.024287	0.033613	0.016035	0.021095	0.020723	0.022267	0.024219	0.034257	
0.040809	0.025942	0.002173	6.8e-05	0.034589	0.017554	0.018405	0.009908	0.014247	0.007201	0.006998	0.010785	0.030413	0.006088	0.009234	0.040787	0.008043	0.034277	0.034333	0.001249	0.036431	0.028323	0.015704	0.009005	0.019015	0.033917	0.039506	0.009758	0.038197	0.013555	0.025456	0.011715	0.011847	0.025299	0.039454	0.032127	0.00484	0.029176	0.034391	0.000321	0.005247	0.031066	0.040146	0.016839	0.006392	0.013987	0.031887	0.018087	0.016833	0.008376	
0.001105	0.005008	0.02646	0.028532	0.002606	0.00156	0.028815	0.024085	0.025638	0.015683	0.001077	0.009966	0.033804	0.033992	0.034037	0.0319	0.020352	0.024534	0.024836	0.001769	0.019531	0.00157	0.01773	0.006588	0.021161	0.003547	0.018271	0.026009	0.027317	0.002675	0.029633	0.033504	0.01804	0.009193	0.031312	0.018866	0.027694	0.02796	0.030003	0.031709	0.013097	0.028061	0.010612	0.015124	0.021798	0.03106	0.029186	0.032479	0.007964	0.032547	
0.018541	0.0039	0.004637	0.017425	0.009443	0.028112	0.025064	0.001064	0.040478	0.037575	0.031849	0.016755	0.002466	0.000496	0.015018	0.005505	0.016466	0.008604	0.026174	0.042724	0.021428	0.042339	0.02219	0.01313	0.030317	0.018275	0.019956	0.01037	0.042003	0.002144	0.032676	0.012223	0.010157	0.041674	0.014853	0.00844	0.023229	0.009864	0.03038	0.030909	0.027673	0.036438	0.010069	0.016812	0.024723	0.019266	0.019776	0.007629	0.006744	0.042017	
0.029606	0.024582	0.000886	0.002964	0.010025	0.007995	0.019016	0.033988	0.035432	0.012538	0.017137	0.010429	0.021217	0.010199	0.022115	0.013251	0.025484	0.036186	0.02343	0.011979	0.003829	0.037677	0.003931	0.030551	0.016812	0.015295	0.013238	0.031335	0.018146	0.006419	0.035055	0.032236	0.031095	0.007147	0.019203	0.021944	0.00934	0.018576	0.031116	0.033542	0.024024	0.026643	0.00681	0.015929	0.027913	0.008191	0.007808	0.030447	0.03209	0.035199	
0.004449	0.019434	0.029651	0.018555	0.033923	0.017741	0.01678	0.002173	0.012484	0.024919	0.001672	0.001325	0.021803	0.030313	0.006314	0.011633	0.028108	0.02536	0.018601	0.042891	0.042231	0.004102	0.00911	0.005438	0.0336	0.032587	0.015932	0.016949	0.019138	0.028017	0.033366	0.043273	0.001286	0.041773	0.014752	0.001915	0.015429	0.029196	0.018565	0.001449	0.017633	0.020577	0.000327	0.02942	0.036015	0.003709	0.037805	0.035688	0.030605	0.011984	
0.025857	0.036543	0.027619	0.00938	0.039435	0.015778	0.023025	0.003498	0.018324	0.000518	0.025404	0.037968	0.014598	0.031386	0.034716	0.006546	0.007031	0.030869	0.00172	0.019397	0.029536	0.027913	0.02607	0.007055	0.029188	0.010672	0.02327	0.006268	0.020473	0.023577	0.026216	0.005325	0.020609	0.035969	0.029255	0.022803	0.021804	0.009338	0.013658	0.0185	0.002358	0.003145	0.036449	0.03957	0.007198	0.024033	0.026813	0.009472	0.013958	0.019893	
0.015111	0.026992	0.03133	0.023248	0.011159	0.025788	0.026693	0.018761	0.016212	0.018918	0.037464	0.017517	0.002602	0.004184	0.03539	0.02921	0.010769	0.008016	0.032081	0.037703	0.011984	0.022429	0.029535	0.013153	0.003101	0.014698	0.025301	0.029765	0.015228	0.018424	0.013165	0.005294	0.007794	0.016723	0.031086	0.034633	0.009337	0.005614	0.006781	0.005025	0.016351	0.025919	0.031357	0.028785	0.034734	0.027387	0.037335	0.004648	0.03263	0.012636	
0.012493	0.001202	0.025377	0.026571	0.016868	0.018034	0.027531	0.033922	0.016193	0.014793	0.021218	0.038024	0.016573	0.005092	0.03841	0.000633	0.01206	0.015675	0.042513	0.039565	0.041829	0.007611	0.041062	0.02463	0.03187	0.02772	0.008721	0.042037	0.007346	0.027215	0.015507	0.002495	0.018679	0.004084	0.003765	0.005852	0.016932	0.039029	0.041591	0.036772	0.001615	0.012409	0.038006	0.033642	0.01223	0.004496	0.006604	0.002095	0.011071	0.010338	
0.029326	0.007995	0.040171	0.027827	0.030231	0.0189	0.0164	0.031795	0.025554	0.008206	0.041289	0.035741	0.008924	0.013102	0.013592	0.024216	0.026566	0.02404	0.008	0.019556	0.00364	0.00504	0.007169	0.017627	0.003033	0.0287	0.002198	0.022118	0.008599	0.019294	0.007531	0.022911	0.011552	0.0408	0.015809	0.029809	0.002459	0.03521	0.014547	0.040012	0.040657	0.015533	0.043262	0.028234	0.008341	0.000931	0.015482	0.032017	0.010232	0.015822	
0.015382	0.034293	0.008535	0.021575	0.037263	0.016645	0.003539	0.026726	0.041382	0.030421	0.03555	0.028168	0.006748	0.018182	0.013527	0.022832	0.032097	0.010785	0.030959	0.013207	0.002006	0.037241	0.024952	0.011237	0.008112	0.026917	0.021535	0.006629	0.022653	0.00819	0.009211	0.00128	0.009353	0.00901	0.026022	0.034006	0.037994	0.007562	0.013008	0.006677	0.010129	0.00046	0.036164	0.009777	0.03989	0.029245	0.041067	0.009853	0.035539	0.016465	
0.005988	0.010339	0.035766	0.002151	0.006542	0.001564	0.020727	0.030847	0.040327	0.005793	0.027037	0.029156	0.033174	0.030637	0.01158	0.009921	0.027368	0.028452	0.021453	0.003952	0.015191	0.014463	0.040133	0.018137	0.011575	0.037	0.008892	0.026399	0.005994	0.013765	0.021519	0.00381	0.021925	0.017177	0.019804	0.019949	0.007367	0.01584	0.02511	0.008516	0.036613	0.017797	0.040498	0.024904	0.005981	0.031418	0.034308	0.038241	0.028039	0.006861	
0.019942	0.017682	0.027057	0.031762	0.031543	0.029825	0.004207	0.031713	0.029426	0.021772	0.02781	0.030184	0.031171	0.003168	0.01381	0.004471	0.028369	0.015362	0.009861	0.005397	0.008598	0.02911	0.012824	0.001332	0.018709	0.03003	0.006095	0.026553	0.030492	0.00981	0.019493	0.019951	0.029903	0.005914	0.022746	0.012372	0.01034	0.01184	0.021145	0.026262	0.019596	0.020359	0.028496	0.029619	0.024551	0.021212	0.030828	0.00949	0.023828	0.02397	
0.035527	0.029532	0.031146	0.031266	0.029712	0.000827	0.009131	0.0298	0.028632	0.022483	0.036459	0.029948	0.029643	0.031906	0.02648	0.021965	0.015157	0.013928	0.023295	0.022039	0.026979	0.037239	0.00124	0.020792	0.008942	0.001876	0.011339	0.026269	0.023302	0.009645	0.010672	0.000206	0.016575	0.015792	0.026637	0.012706	0.002923	0.028411	0.034141	0.016222	0.006746	0.012233	0.037069	0.018777	0.036627	0.018178	0.015464	0.014224	0.001176	0.008722	
0.015898	0.020914	0.031463	0.017635	0.028106	0.002735	0.006952	0.029972	0.024325	0.028932	0.000908	0.018348	0.032521	0.018609	0.032953	0.016289	0.00137	0.023358	0.007038	0.016799	0.021043	0.022177	0.022938	0.021376	0.005943	0.028448	0.025551	0.028896	0.033502	0.004698	0.023437	0.023333	0.032535	0.021052	0.016896	0.01695	0.020066	0.020134	0.02699	0.006885	0.013476	0.002444	0.027356	0.022525	0.008815	0.020409	0.026542	0.023839	0.031345	0.025274	
0.027437	0.027582	0.014877	0.00429	0.03309	0.006175	0.031876	0.017046	0.025499	0.007902	0.008753	0.031079	0.024133	0.004028	0.025528	0.026525	0.010642	0.023791	0.029916	0.03169	0.031651	0.033999	0.014855	0.034958	0.014548	0.025195	0.015401	0.020841	0.006924	0.00785	0.034488	0.01804	0.032398	0.021767	0.009149	0.031881	0.026255	0.000259	0.012282	0.009178	0.010428	0.013165	0.012135	0.02618	0.031366	0.017553	0.030783	0.02556	0.010876	0.008176	
0.020267	0.032771	0.040792	0.020312	0.031331	0.03404	0.021474	0.005825	0.001024	0.014589	0.025412	0.019527	0.019134	0.001622	0.041298	0.023441	0.041569	0.032383	0.006864	0.011913	0.026106	0.009209	0.013637	0.015538	0.041498	0.004168	0.045344	0.011448	0.005679	0.041266	0.011931	0.004041	0.012319	0.018795	0.043966	0.027886	0.038827	0.012709	0.01078	0.005958	0.001143	0.020579	0.009479	0.016897	0.03904	0.013412	0.003319	0.01479	0.004302	0.030346	
0.010034	0.000337	0.026381	0.010629	0.029667	0.016178	0.029931	0.003357	0.026349	0.01177	0.014514	0.015757	0.011408	0.027044	0.01677	0.010472	0.027134	0.00876	0.025122	0.024068	0.010612	0.030014	0.029401	0.017109	0.012084	0.019723	0.034336	0.035864	0.033959	0.023232	0.03892	0.008489	0.009145	0.015291	0.017177	0.019344	0.023416	0.040216	0.013796	0.019377	0.026421	0.032121	0.01406	0.022279	0.022182	0.002648	0.008999	0.009703	0.025367	0.039033	
0.005961	0.02178	0.021249	0.00648	0.02512	0.010068	0.032537	0.029404	0.011033	0.014945	0.016465	0.010701	0.017052	0.022828	0.000543	0.037232	0.015981	0.032132	0.031574	0.011059	0.003925	0.02228	0.034078	0.006361	0.017807	0.028852	0.014695	0.030459	0.036721	0.026614	0.0139	0.028269	0.026448	0.032869	0.022535	0.02599	0.011062	0.026214	0.005515	0.021617	0.032309	0.015832	0.009945	0.000553	0.028203	0.014154	0.014282	0.031833	0.014679	0.027855	
0.029928	0.024207	0.005646	0.012315	0.040763	0.007697	0.031153	0.000415	0.033006	0.023344	0.018915	0.019296	0.031276	0.036893	0.013606	0.028203	0.012045	0.003934	0.00218	0.038161	0.000409	0.03521	0.019997	0.027319	0.022252	0.025159	0.002382	0.011059	0.005231	0.012887	0.011824	0.038407	0.019769	0.038398	0.013357	0.024874	0.040582	0.024123	0.008969	0.034976	0.044926	0.004012	0.006214	0.015095	0.001291	0.029424	0.011625	0.00153	0.028606	0.02711	
0.025593	0.02967	0.012215	0.005069	0.006676	0.034959	0.022831	0.029884	0.036309	0.000565	0.019539	0.022886	0.00768	0.029687	0.012765	0.011314	0.029304	0.036174	0.004714	0.024779	0.037116	0.036823	0.019253	0.024767	0.026725	0.017106	0.028373	0.014661	0.011642	0.000581	0.029655	0.006159	0.028342	0.000716	0.036694	0.031119	0.013951	0.003085	0.012496	0.018303	0.001629	0.035014	0.022419	0.000511	0.028904	0.033372	0.036224	0.000209	0.03454	0.006998	
0.010503	0.035054	0.037206	0.005561	0.03215	0.005438	0.018155	0.021673	0.014884	0.002434	0.006162	0.000544	0.016519	0.034581	0.015889	0.023558	0.033709	0.015845	0.022846	0.019332	0.033338	0.031754	0.012552	0.020421	0.007046	0.03602	0.006249	0.02626	0.002375	0.028632	0.031604	0.019077	0.036187	0.006481	0.006069	0.033361	0.008305	0.029317	0.037136	0.028929	0.005521	0.028353	0.033461	0.015546	0.003672	0.018441	0.00729	0.030881	0.016728	0.026951	
0.010695	0.03299	0.022329	0.01268	0.019115	0.028084	0.03237	0.001624	0.036262	0.030529	0.025008	0.015055	0.019009	0.030107	0.016942	0.024366	0.022297	0.029599	0.025929	0.023332	0.030211	0.012086	0.035299	0.008547	0.022184	0.022763	0.025676	0.003723	0.008338	0.012262	0.032189	0.026069	0.022124	0.020121	0.004957	0.021391	0.007959	0.018933	0.000189	0.004575	0.031948	0.025775	0.03531	0.009978	0.002752	0.031109	0.010667	0.016945	0.011681	0.025917	
0.31