50
2
0.646221	-0.947764	-0.578459	0.236844	-0.803431	0.240263	-0.89222	0.921308	0.960859	0.042255	0.273107	0.529514	0.529911	-0.164629	0.537611	-0.153596	0.852207	0.363853	-0.263089	0.71782	-0.239009	-0.810091	-0.350219	-0.169776	0.484548	0.315818	-0.597366	0.616976	0.572805	-0.210121	0.021232	0.592319	-0.109245	0.486134	-0.842502	-0.024709	-0.131223	-0.507884	0.723281	-0.959955	-0.098347	-0.905154	-0.004545	0.717548	-0.330369	0.80318	-0.754225	-0.685133	0.574771	0.329878	
0.440408	0.078511	-0.056105	0.801375	-0.250975	0.055573	0.388987	-0.148863	0.277153	0.188649	-0.091438	0.831553	0.488135	0.858972	0.782356	-0.359334	0.380053	-0.882264	-0.596432	0.446124	0.50402	-0.409238	0.916894	-0.991273	-0.300516	-0.605035	-0.124823	0.859231	-0.439509	-0.144232	-0.06967	0.710248	0.968774	-0.044545	0.073409	0.564409	0.629651	-0.70869	-0.313541	0.39124	-0.623561	-0.089151	0.940846	0.988692	0.501017	0.024578	0.029545	-0.861656	0.942365	0.909641	
0.560033	0.696989	-0.201269	0.593848	-0.964659	-0.665112	-0.598855	-0.518483	-0.84586	0.463668	-0.793688	-0.170667	-0.557629	0.879845	0.011721	0.217611	0.167258	-0.012384	-0.666372	0.597641	0.61496	0.311458	-0.743106	0.150906	-0.436386	-0.479401	0.223772	0.248956	-0.246437	-0.165228	-0.245423	-0.643217	-0.929155	-0.102758	0.650622	-0.305235	-0.720234	-0.315089	0.933217	-0.531422	-0.200772	0.913081	0.335876	-0.182998	0.384942	0.415704	-0.584144	-0.472476	0.638175	-0.628956	
0.502536	-0.791956	0.560005	-0.295145	0.749109	0.173082	-0.851763	-0.036422	0.039369	-0.560961	-0.87346	-0.115334	-0.687571	0.449099	0.989904	0.120118	0.856832	0.24517	-0.198664	-0.23218	0.771012	-0.418739	-0.965763	0.264148	0.660576	0.827843	-0.963908	0.672729	-0.184538	-0.004051	-0.041983	-0.916275	0.666813	-0.950587	0.283934	-0.898199	-0.086436	0.086617	-0.827219	0.816377	-0.407864	-0.487728	-0.723964	0.774549	-0.593922	-0.934602	0.067824	-0.951703	-0.560824	0.73961	
-0.651196	0.555419	0.116418	-0.118141	0.090814	0.392794	-0.779743	0.279251	-0.186663	-0.70119	0.581371	-0.880637	-0.763772	0.126968	0.239853	-0.949995	-0.443604	0.998467	0.786301	-0.984252	0.622576	0.026013	0.877193	0.608172	0.65714	-0.125851	0.304281	0.214417	-0.305721	0.836337	-0.079756	-0.093527	0.789564	-0.401476	0.899521	0.939523	-0.643688	0.401191	0.268154	-0.209471	-0.637458	0.840482	-0.711001	-0.264851	0.823097	-0.787522	0.132877	-0.36824	0.82597	0.708264	
0.40869	0.436024	-0.161735	0.250849	0.328533	0.281718	0.670887	0.526708	0.74894	0.217758	-0.692618	-0.384923	-0.907825	-0.962327	-0.531434	0.333873	0.192124	-0.844896	-0.558261	-0.105154	-0.158824	-0.855739	-0.425889	-0.312659	-0.395987	-0.207045	-0.585297	0.480078	-0.407596	0.357458	-0.47803	-0.181537	-0.568723	-0.855932	0.205329	0.317784	0.299501	0.305747	-0.69596	-0.425057	-0.340449	0.092578	0.723902	0.030585	-0.725315	0.324645	0.376657	-0.757048	-0.994101	0.414297	
0.939038	0.895874	-0.418057	0.034438	-0.57251	0.418018	-0.941381	0.938398	-0.193641	0.122261	-0.39657	0.697034	-0.994508	-0.24514	0.511016	0.253238	0.672433	0.740063	0.522355	-0.253706	0.499531	-0.273419	0.217798	0.892285	0.652929	0.978117	0.006415	-0.590287	0.655166	-0.168337	0.334944	-0.816927	0.636819	0.277453	0.313136	0.579005	0.007946	-0.439776	0.711765	0.482229	-0.836404	-0.680815	0.062692	0.862643	0.409437	-0.438916	-0.88508	-0.195813	0.040555	-0.972307	
-0.220248	0.723924	-0.595378	0.81368	0.852791	-0.072608	0.697725	0.970187	-0.571462	0.267469	0.218836	0.483278	-0.172236	0.540929	-0.804748	0.499006	-0.928659	0.045055	0.179176	-0.853191	-0.094466	0.460407	0.392105	0.600399	-0.955739	0.25316	-0.391589	0.991675	-0.543654	-0.958081	0.817663	0.589874	0.325166	0.63498	-0.247717	0.34757	-0.799798	0.030478	-0.488491	-0.579176	-0.437501	-0.268731	-0.314559	-0.9969	-0.552427	0.309779	-0.178853	0.422009	0.91614	-0.760213	
0.336528	-0.318151	0.647712	0.897492	-0.577481	0.313385	0.348462	-0.189443	-0.190148	-0.683533	0.657556	-0.141198	0.103549	0.684495	-0.03262	-0.789607	-0.522034	0.589145	-0.018978	0.637853	0.304229	0.667636	0.670233	0.717817	0.293819	-0.935641	0.125986	0.180037	-0.823811	-0.334616	0.302361	-0.358812	0.04944	-0.283723	0.939739	0.58331	0.00854	-0.936345	0.686173	-0.092582	0.815925	0.173134	-0.334409	0.696241	-0.107881	0.557403	0.504453	0.354625	0.423301	0.738116	
0.694782	0.426747	0.842388	-0.647732	0.459536	-0.84977	-0.252754	0.436669	0.580169	-0.318226	0.713777	-0.864357	0.42121	-0.232483	0.872269	0.455407	0.692301	0.026602	-0.388689	-0.499564	0.869479	0.264569	0.606555	-0.657043	0.534378	0.360548	-0.368409	-0.458941	0.784162	-0.863675	0.763704	-0.384589	0.912131	0.993155	0.827814	-0.042841	-0.332602	0.256146	-0.794387	0.5674	0.045763	-0.231431	-0.965135	0.475886	0.640563	-0.859254	-0.100118	0.586596	0.589589	-0.332227	
0.916315	0.278462	-0.814662	-0.911026	0.487029	-0.947926	0.497181	0.08689	0.239658	-0.242712	0.463072	0.077209	0.591879	0.830458	0.825514	0.2607	-0.131355	0.839815	0.812869	0.312721	0.087898	0.931614	-0.010478	-0.360219	-0.809509	0.264895	0.771455	-0.886646	0.130049	-0.415642	0.982691	0.048326	-0.260396	0.842412	0.268322	-0.939851	-0.704365	-0.97625	-0.412744	-0.851271	0.34595	-0.913602	-0.15798	0.15666	-0.801013	0.639966	0.4386	-0.104739	0.553938	0.550787	
-0.169417	-0.632369	-0.603267	0.615897	0.291487	-0.386537	0.074813	0.414991	0.07482	0.015502	0.92613	-0.880969	-0.466834	0.573634	0.371369	0.701743	0.849834	0.477186	-0.956755	0.837068	0.634504	-0.951126	-0.540769	0.035354	0.097204	0.748992	0.695285	-0.148461	-0.217091	-0.677113	0.03979	0.596368	0.705163	0.137709	-0.698876	0.592573	-0.187518	0.471873	0.456813	-0.611134	-0.850121	0.028591	0.493728	-0.91289	-0.332019	-0.571425	0.909379	-0.124887	0.588137	0.788033	
-0.767459	0.995863	0.089326	0.635009	-0.67041	0.472781	0.263815	-0.753635	-0.943283	0.367698	0.619169	-0.073464	0.205291	-0.866582	-0.411208	-0.958708	-0.745143	0.135652	0.082495	-0.573608	0.526073	0.344983	0.365925	-0.710918	0.248681	0.213343	-0.305902	0.338525	0.904765	0.374668	0.660783	-0.879286	0.134126	-0.28768	-0.341728	0.291046	-0.819033	0.189243	0.436035	0.77176	-0.243759	-0.376303	0.062514	0.103496	0.639541	0.442251	-0.672571	-0.531299	-0.424926	-0.72852	
-0.593038	0.664837	0.611442	-0.855215	-0.511152	-0.025922	0.837336	-0.18765	-0.792018	0.527497	-0.848624	-0.602756	0.928395	0.434839	-0.313592	0.247803	-0.186617	-0.101124	0.425343	0.00084	-0.353655	0.946374	0.69595	-0.346304	0.973007	-0.527995	0.217142	0.038051	0.197723	0.006778	-0.12973	0.430411	-0.547506	0.66219	0.937546	-0.16647	-0.822599	0.886613	-0.45157	0.594783	-0.834364	-0.16523	0.144927	-0.709867	0.723189	-0.655958	0.619914	0.146383	-0.421346	0.571043	
-0.182652	0.183784	-0.393009	-0.298097	0.831849	-0.186699	0.970617	-0.287126	0.245134	-0.127064	-0.023103	-0.61878	-0.596498	0.402089	-0.842036	0.705545	-0.031329	-0.956141	-0.504029	0.69729	-0.817591	0.561659	0.437235	-0.84168	0.575193	0.910747	-0.59223	0.257068	-0.368318	0.204933	0.339693	-0.422015	-0.04157	-0.062936	0.51935	0.408551	-0.390529	-0.627789	0.561325	-0.762284	0.944981	0.966696	-0.019401	0.294557	0.651282	-0.267883	0.537029	-0.386619	0.961955	0.731681	
-0.50333	0.322963	0.527999	-0.729107	0.594682	-0.696029	-0.148487	-0.595825	-0.725122	-0.261831	-0.482999	0.837643	0.515939	-0.520965	-0.352956	-0.153584	-0.578226	-0.278541	0.327648	-0.214555	-0.952724	0.81816	-0.980618	-0.358417	0.575457	-0.946884	-0.118709	0.586558	-0.527086	0.255901	0.884739	-0.194953	0.318146	-0.840506	-0.898532	-0.953509	0.105292	0.91663	-0.919076	-0.860279	0.103782	-0.103388	0.377923	0.672966	-0.061679	-0.154527	0.829861	-0.943826	-0.953349	0.889383	
-0.534542	0.470822	0.902173	-0.398989	-0.679079	0.909168	-0.018607	-0.72821	0.90653	-0.132293	-0.282691	-0.144689	0.443448	0.972932	-0.601718	-0.277887	-0.68334	0.179612	-0.540456	0.999549	0.860571	0.960242	0.312866	-0.665014	-0.788573	-0.931324	0.547918	-0.88468	0.265531	-0.186234	-0.917797	-0.107534	0.490779	-0.377187	-0.862666	-0.271799	-0.799855	-0.365236	0.5733	-0.042597	0.678025	-0.872461	0.655608	-0.09507	-0.720811	0.398835	0.431635	-0.62758	0.282324	0.572281	
0.506002	0.934664	-0.416065	0.187239	0.746218	0.913721	0.666215	0.91025	-0.036946	-0.03092	0.814056	0.783953	-0.412896	-0.192427	-0.593152	0.784113	-0.454051	-0.524138	-0.051818	0.368207	-0.265134	-0.872967	-0.38324	-0.320249	0.660916	-0.169677	0.924	-0.242858	-0.728446	-0.826523	0.66329	-0.098281	-0.308529	-0.991932	0.205394	0.54786	-0.560573	-0.298638	0.930881	0.770328	0.265895	0.03069	-0.014512	0.097929	0.357284	0.956519	-0.022962	-0.488588	-0.591459	-0.808137	
-0.321562	-0.771259	-0.822816	-0.755515	0.682825	0.726341	-0.301589	-0.921531	0.385787	0.013165	0.353794	-0.358328	0.184801	-0.989379	-0.550696	-0.217816	0.83239	0.106936	0.562863	-0.157904	-0.845312	0.37534	0.81721	0.939873	0.195001	-0.216366	0.601139	0.508759	0.849068	-0.303793	0.611612	-0.433524	-0.228509	-0.099347	-0.439286	-0.863295	-0.978558	-0.312527	-0.578435	0.827762	0.247143	0.88548	0.968184	-0.963178	0.645291	0.239147	-0.193033	-0.687096	0.386239	0.499406	
-0.455389	0.252356	0.596425	-0.091765	0.842368	-0.967225	0.964082	-0.247198	-0.570213	-0.235769	-0.802272	-0.80642	-0.645153	0.07151	-0.049255	0.126901	0.770763	0.1984	0.809952	0.135645	0.899832	0.69144	0.691014	-0.991835	-0.371561	0.905309	-0.305789	-0.62861	-0.406202	0.730824	-0.696632	0.294893	-0.659032	-0.910549	0.397924	0.454494	0.900434	-0.700117	-0.346709	-0.08379	-0.27655	0.921561	-0.096576	0.097424	0.508377	-0.598784	-0.342343	-0.029323	0.657754	-0.146336	
0.820177	-0.260999	-0.919078	-0.488383	0.083905	0.682977	-0.257088	0.069182	-0.896155	0.58755	0.616953	-0.140695	-0.085919	-0.289521	0.082237	0.962559	0.031369	0.607307	-0.52828	-0.134875	0.766316	0.801751	0.232342	-0.709424	-0.689482	0.060146	-0.214794	0.638523	-0.549823	0.245672	0.853411	-0.895236	-0.579639	-0.685726	-0.60281	-0.095234	-0.129884	-0.724828	-0.291037	0.375133	-0.290858	-0.947787	-0.450486	-0.238971	-0.082475	0.504996	0.088607	0.914477	0.654194	0.79858	
-0.765486	0.810567	-0.622166	0.206126	0.569813	-0.833433	-0.302322	-0.147678	0.172572	-0.452107	-0.545382	0.015402	-0.412927	-0.322555	-0.204247	0.421409	-0.694491	0.513588	0.183524	-0.142939	-0.327018	0.474578	-0.377012	0.954144	0.907394	0.976056	0.836833	0.108694	-0.915052	0.988867	0.928971	-0.334408	0.086162	0.215396	0.927769	0.46247	0.127406	-0.421833	-0.074934	0.164722	-0.094934	-0.480901	-0.27408	0.659876	-0.204862	0.540393	0.598439	-0.235073	-0.042715	0.810871	
0.130201	0.530433	0.142118	-0.769367	-0.722353	0.980874	-0.431884	-0.709237	0.84293	0.105739	0.186351	0.842808	0.766713	0.97328	0.142991	0.210665	0.459874	-0.533482	-0.491039	0.680681	0.161624	-0.348612	-0.198315	0.044251	0.807029	-0.9102	0.266511	0.166095	0.369196	0.855543	-0.514243	-0.322191	-0.320339	-0.826104	0.01529	0.801248	-0.472668	0.190958	0.570732	0.338933	-0.665436	0.268905	0.390745	-0.492319	0.128503	-0.635957	-0.835973	0.614218	-0.488332	0.437709	
-0.959331	-0.678064	0.697936	-0.122552	0.48676	0.140384	-0.269445	-0.729336	-0.137231	-0.773126	-0.11775	0.070278	-0.498332	0.396811	0.786108	0.415509	0.173099	0.735806	0.186133	-0.653532	-0.201006	-0.537008	0.640752	0.748311	-0.09641	0.493784	0.53182	-0.486961	-0.803728	-0.361051	-0.379614	-0.436662	0.969754	0.113945	0.417553	-0.593431	-0.767509	0.895579	-0.170668	-0.781252	-0.378073	0.379994	0.970469	-0.793438	0.036974	-0.458276	-0.622233	0.890708	-0.930226	0.116141	
0.970715	0.572908	-0.906019	-0.252081	0.628659	-0.804461	-0.710943	-0.454037	-0.80369	-0.991112	-0.074281	-0.001697	0.447251	-0.865103	-0.587475	-0.113088	-0.295988	0.899856	-0.322931	-0.698628	0.324242	0.91392	-0.925213	0.203121	0.017495	0.361336	0.913981	0.237313	-0.562573	0.44258	0.978879	0.939189	0.005812	-0.144996	0.440563	0.578471	-0.061644	-0.57096	-0.746006	-0.221175	0.850342	-0.865554	0.01268	0.97907	-0.629713	-0.2146	-0.532162	0.263596	-0.296612	0.073931	
-0.780328	0.061805	0.173075	0.559685	-0.575659	-0.735247	-0.496717	0.759049	0.12923	-0.969533	-0.098169	0.72242	-0.279211	0.035794	0.866293	0.486105	-0.414126	-0.327181	-0.836134	-0.963855	-0.250812	-0.073426	-0.53673	0.313962	-0.730028	-0.664892	0.018189	-0.998772	-0.252566	0.099438	0.262978	0.299781	0.288999	-0.105849	0.698605	0.000204	-0.652238	-0.390717	-0.185546	-0.381285	-0.875221	0.74005	0.268115	0.741631	0.366181	-0.427529	-0.184685	0.741432	0.954395	0.917272	
0.54069	0.592472	-0.7376	0.375575	0.735004	0.740562	-0.046319	-0.96703	0.177749	0.784114	-0.693532	-0.444972	-0.830735	-0.665213	0.313077	0.863902	-0.829661	0.173669	0.341698	0.26056	-0.323667	0.198981	-0.532287	0.515146	0.805907	-0.499354	-0.493665	-0.738448	-0.951452	-0.808609	0.425431	-0.008232	-0.216607	0.864489	0.697913	-0.242075	0.645582	-0.857837	0.660971	0.680212	-0.991849	-0.728886	-0.261145	-0.560599	0.936673	0.82721	0.847187	-0.846188	-0.508571	0.405629	
-0.430615	0.318897	-0.813368	0.391933	-0.114945	-0.075866	0.874908	0.507537	0.701594	-0.971186	0.219986	-0.008588	-0.991907	0.548886	0.253476	0.954628	0.715607	-0.59851	-0.340567	-0.242016	0.669878	0.229303	-0.259269	-0.956583	-0.979539	0.327307	-0.044355	-0.265438	-0.489295	-0.106923	-0.496728	0.39945	-0.950265	0.931188	0.280166	0.53696	-0.132912	0.243054	-0.248277	0.057766	-0.875163	0.292426	-0.597144	-0.279519	0.259009	-0.767234	0.245038	-0.691085	-0.739452	-0.34014	
-0.138448	-0.849105	0.384598	-0.595627	0.573496	0.189785	0.553062	-0.335267	0.649746	-0.644071	0.114427	-0.186352	0.919121	-0.890553	-0.511431	-0.513933	0.083776	0.701478	0.363285	0.576658	0.866844	0.774143	-0.858905	0.588556	0.960078	-0.333518	0.006944	0.570901	-0.793477	-0.245018	0.631706	0.121856	0.590677	0.664628	-0.68355	-0.317374	0.617466	0.749983	-0.384401	0.082355	-0.317377	0.297753	0.736502	0.682225	0.244581	0.505799	-0.839587	-0.151263	0.113605	-0.344525	
0.294424	-0.526412	0.16427	-0.521214	-0.359218	-0.122797	0.227561	0.008763	-0.069967	-0.36083	0.69527	-0.808363	-0.676766	0.841517	0.178787	0.940094	0.925173	0.725688	-0.013173	0.286197	-0.598797	-0.068969	0.244903	-0.233828	-0.494897	-0.469932	-0.540483	0.196054	0.980671	-0.903394	-0.197667	0.221631	0.145383	-0.920479	-0.987487	-0.014086	0.462212	-0.535719	-0.344838	0.081287	-0.758236	0.873885	-0.039998	0.662296	-0.963065	-0.590156	-0.262981	-0.2607	-0.553133	-0.981984	
-0.716398	-0.895069	-0.07936	0.332172	-0.260398	-0.766131	-0.698785	-0.10715	-0.581534	-0.259901	0.659987	0.821899	0.900261	-0.119	0.304037	0.207905	-0.260958	-0.568608	0.272297	-0.163571	0.319409	0.837275	0.661674	-0.859896	0.478569	-0.465306	-0.592481	-0.952414	0.261198	-0.455341	-0.900272	0.717219	-0.741696	-0.63939	0.540997	-0.664314	0.940844	-0.316995	-0.402061	0.515274	-0.539222	-0.850505	-0.266377	-0.891966	-0.737239	-0.910975	-0.805128	-0.190483	0.081176	0.560798	
-0.846757	0.862602	-0.55233	-0.386723	-0.798759	0.547239	0.876582	-0.257508	0.808024	0.199156	0.856456	-0.667811	0.459392	-0.40933	0.507084	0.49884	-0.289574	0.18097	0.961204	-0.169801	-0.086426	-0.306517	-0.90144	-0.036555	0.843281	0.361465	-0.899381	-0.22136	-0.716704	0.774176	0.793698	-0.497379	-0.836127	-0.745904	-0.256367	0.063217	0.275926	-0.277372	0.08818	0.759531	-0.82385	0.99975	-0.928024	0.00349	0.0651	0.465741	0.09743	-0.964848	-0.338085	0.637789	
-0.339996	-0.912908	-0.984705	-0.23563	-0.043256	-0.638866	0.251822	0.619441	-0.06843	-0.95853	0.196063	-0.68543	-0.550021	0.019845	0.726016	0.697945	-0.110005	-0.469701	0.490376	0.344825	0.188745	0.90756	-0.992784	-0.669757	0.181741	-0.553496	-0.780765	-0.137359	-0.19764	-0.012412	0.239205	-0.910657	0.118482	-0.405675	-0.107321	0.811339	-0.070512	-0.713291	0.695932	-0.846649	-0.558316	0.7176	0.300462	0.25956	0.528554	0.454281	-0.068047	0.81934	-0.258769	-0.478843	
0.653352	0.991984	-0.607136	0.879539	-0.109295	0.934646	0.053288	0.088468	-0.14996	0.938764	0.847173	0.092106	0.148198	0.100028	0.521639	-0.247257	0.606319	0.843202	-0.057433	-0.9458	0.657517	0.16859	-0.572247	0.539451	0.596229	-0.468735	-0.704907	0.854418	0.41052	0.822133	0.872867	0.673863	-0.468295	-0.207598	-0.42937	-0.414288	0.858416	-0.749225	-0.715723	-0.819434	0.736199	-0.235966	-0.858425	0.815385	0.1249	-0.031682	-0.338967	-0.920067	-0.602743	0.844006	
-0.795696	-0.417068	0.774496	0.604978	-0.758227	0.369532	0.013687	-0.466751	-0.426732	-0.385499	-0.167627	-0.614755	-0.133009	0.996004	0.862306	-0.393253	-0.179321	0.239479	0.155475	0.819636	0.655222	0.684705	0.158458	-0.748851	-0.329543	0.936934	0.042044	0.220848	0.553057	0.12219	0.55093	-0.361923	0.024389	0.589769	-0.798722	-0.494982	0.779203	-0.55154	0.886991	-0.308693	0.786952	-0.335803	-0.599559	-0.058641	0.502907	-0.328102	-0.776752	0.324748	-0.147262	-0.614852	
0.86891	-0.30482	0.075849	-0.218201	-0.133551	0.95105	-0.076326	-0.974795	0.035333	-0.984833	0.467159	0.392411	-0.770381	-0.792339	0.411097	0.426227	-0.42553	0.169252	0.444508	-0.574549	0.201037	-0.270599	-0.756306	0.796077	-0.286522	-0.36178	-0.237708	-0.208498	0.959159	-0.734497	-0.463142	-0.583876	-0.714406	-0.265004	-0.245239	0.237998	0.935138	0.207796	0.914246	-0.267406	0.581759	0.238054	-0.783964	0.870883	0.774021	-0.210295	0.838096	0.822184	0.276532	-0.254968	
-0.303081	0.231093	0.779813	0.011575	-0.267884	-0.124383	0.461925	-0.331709	-0.68301	0.728688	-0.983704	-0.206904	-0.253998	-0.190462	0.970149	-0.518951	-0.86076	-0.708691	0.334866	0.530976	0.312011	-0.376341	0.14087	0.942524	0.939764	-0.771469	-0.201153	-0.748225	0.619238	-0.917988	-0.49518	-0.892947	-0.778337	0.753191	0.535601	0.29324	0.718492	0.071623	0.924133	0.586739	-0.091881	-0.705516	-0.456467	0.559458	-0.740407	0.481851	0.373247	-0.258744	-0.617568	0.411814	
-0.254557	-0.921856	0.601088	0.912391	0.783498	-0.043519	-0.392703	-0.120143	0.906996	-0.513134	0.667644	-0.023927	-0.210817	-0.477167	-0.123512	0.713448	0.519354	-0.042331	-0.133504	-0.441066	0.038351	0.739168	-0.675423	-0.66048	0.322745	0.081224	0.495242	0.125921	-0.478931	0.410226	0.297022	-0.572979	0.040234	0.459708	0.807829	-0.788584	-0.818779	0.600702	0.208007	0.877458	-0.056261	0.396842	-0.063525	0.02965	-0.677952	-0.127021	0.781703	-0.610528	0.561909	-0.125334	
0.267995	-0.139734	0.571106	0.491546	-0.120209	0.891466	-0.566697	0.012784	-0.869091	-0.967852	0.605404	0.164417	-0.291417	0.536918	0.047818	0.101757	0.557519	-0.379695	0.981094	0.289268	-0.960633	-0.884485	-0.578415	0.785884	-0.553884	0.727058	0.719356	0.479662	0.701885	-0.166885	-0.087063	0.640681	0.527554	0.580436	0.630117	0.994443	-0.077892	0.870781	-0.326546	0.878343	0.601178	-0.295928	-0.426143	-0.692389	0.467199	0.405129	0.893412	0.205648	0.423033	-0.052059	
-0.63665	-0.768444	-0.641023	0.09669	-0.738926	0.170693	0.212617	-0.493829	0.419862	0.845984	0.830881	0.413016	-0.615212	0.893363	-0.079786	-0.165263	-0.038954	0.314093	-0.687334	-0.332083	0.046185	-0.62069	0.753639	-0.690059	-0.757361	0.283708	0.172539	0.194821	-0.186329	0.584248	0.166599	-0.77144	0.429886	-0.823656	-0.137794	-0.433001	0.553389	-0.690231	-0.767032	-0.14801	-0.032997	-0.23166	0.10746	0.81036	-0.081739	-0.7151	0.952496	0.451922	0.104823	-0.650262	
-0.846491	-0.409283	0.466561	-0.452506	0.102868	-0.307308	0.099545	-0.432103	-0.657299	-0.341883	0.027455	-0.386077	-0.63199	-0.341986	0.820717	-0.018483	0.286046	-0.221726	0.479228	-0.671545	0.939916	-0.55962	-0.237585	0.554739	0.792014	0.436313	-0.622334	-0.782503	-0.511185	0.2847	-0.377804	-0.379324	0.189401	-0.300771	-0.442523	-0.993254	0.372205	-0.316368	0.471025	0.259951	0.426295	-0.31602	-0.485108	-0.892869	0.899988	0.143915	-0.759565	0.357597	-0.144798	0.774757	
0.213075	0.464269	0.8019	-0.205681	-0.066504	-0.498051	-0.950885	0.31083	-0.554695	-0.152764	0.543024	0.894795	0.141956	0.783535	-0.476509	-0.936671	0.528574	-0.936428	-0.338067	-0.682361	0.054744	0.737695	-0.089871	0.557073	-0.025848	-0.190874	-0.906546	0.068675	-0.999564	0.795291	-0.107307	0.180525	0.806252	0.506262	-0.975951	-0.925027	-0.821551	-0.924472	-0.058608	0.376574	-0.46744	0.867962	-0.284915	0.307773	0.011483	0.039912	-0.76048	-0.479138	0.197969	-0.154634	
-0.164377	0.355425	-0.112317	0.332768	0.351873	-0.423377	-0.711569	0.479204	0.302425	-0.488384	-0.576525	0.629973	0.549587	-0.415713	-0.018869	0.682616	-0.929497	0.643069	-0.161005	-0.735572	0.621937	0.945497	0.387128	-0.666675	0.874255	-0.523318	0.678545	0.238165	-0.208826	0.738354	0.175133	0.183848	0.964299	0.098809	0.574525	-0.635297	-0.620811	0.22761	-0.890922	-0.111934	-0.883914	0.165362	0.06432	-0.543239	0.486295	0.886835	0.13779	0.97202	-0.616399	0.962421	
0.347155	0.047425	0.071944	0.357069	-0.617527	-0.438549	0.96478	0.458447	-0.858649	-0.108851	-0.287843	-0.175008	0.432425	-0.18359	-0.335741	-0.209252	-0.796953	-0.453528	-0.710911	-0.027372	-0.320035	-0.211077	-0.773943	-0.237421	0.775078	0.53569	0.11702	0.749043	-0.107838	-0.302398	0.625631	-0.552262	0.70126	-0.912766	-0.450405	0.500423	-0.603583	0.678843	-0.361016	-0.208513	-0.651206	0.036873	0.749158	-0.553021	-0.760152	-0.736632	-0.549133	0.139648	0.701275	0.347099	
-0.730769	0.564214	0.344608	-0.980443	-0.269451	-0.37216	-0.123641	0.166749	0.601611	0.28985	-0.102731	-0.352179	-0.769335	-0.667891	0.071701	-0.259193	-0.483724	-0.136407	-0.659519	0.227777	-0.89931	0.764703	-0.479543	-0.3178	-0.640967	-0.157068	0.375418	-0.090199	-0.783847	0.894355	-0.527978	0.657707	0.517401	0.00107	0.355561	-0.732639	-0.183304	0.169935	-0.47141	0.537692	-0.154055	0.082684	0.941259	0.064485	0.642997	0.925188	-0.710523	-0.66201	0.687552	0.633738	
0.842245	-0.301531	0.088739	0.280234	-0.762886	0.555851	-0.095069	-0.432744	-0.504449	0.906948	0.773844	0.02881	-0.617352	-0.932003	0.570963	0.788314	0.96595	-0.010313	0.840123	0.986383	0.260509	0.136632	-0.539173	0.131735	0.672022	0.593259	0.863389	-0.513023	0.102444	0.86405	-0.681141	-0.185873	0.163358	-0.360634	-0.924883	-0.554087	-0.499939	-0.134159	-0.888468	0.182034	0.143251	-0.895045	0.618928	0.459563	-0.142366	-0.781582	0.040579	-0.529344	0.807461	-0.445283	
0.641419	0.342264	-0.325894	0.667678	-0.537712	-0.06325	0.492418	0.724204	-0.529788	-0.883796	0.367483	-0.412434	0.780386	-0.908949	-0.051125	-0.171201	-0.522926	0.814223	0.831182	-0.867583	0.476128	-0.847544	0.701151	-0.537776	0.021768	-0.476919	0.00627	-0.874912	-0.026907	-0.173498	-0.393717	0.940659	-0.013588	-0.922828	-0.182134	0.107037	0.220513	-0.260865	-0.488014	0.743727	-0.731899	-0.915159	0.387728	0.84585	-0.624209	-0.301271	0.885117	-0.143057	-0.518588	0.733286	
-0.691466	0.761519	-0.837209	0.689526	0.559886	0.531572	-0.59971	0.085925	-0.360033	0.138729	-0.134845	0.744871	-0.567623	0.869257	-0.783959	0.006731	0.529133	-0.104411	0.976475	-0.639091	-0.474696	-0.385265	-0.798346	0.48868	-0.354938	0.455481	0.46911	-0.708579	-0.408271	0.461282	0.35252	0.23263	0.473042	-0.814532	0.906597	-0.442474	-0.592167	0.866727	-0.863443	-0.716305	-0.033157	0.812069	0.365982	0.391998	-0.264186	-0.739782	0.812724	0.652549	0.635323	0.253216	
-0.420004	0.740063	0.209571	0.129308	0.156342	-0.510924	-0.017295	-0.852322	-0.139302	-0.940308	-0.480508	0.978205	0.896781	-0.066893	0.60024	-0.999943	-0.685435	-0.701857	-0.94307	0.425152	-0.022184	0.291739	0.954449	0.177095	0.788886	-0.532514	0.399139	-0.098797	-0.790572	0.041978	-0.065334	0.17206	0.519189	-0.859193	-0.803919	-0.973875	0.405607	-0.613151	0.328367	-0.233686	0.409433	-0.48293	0.929038	-0.674121	-0.68509	-0.264658	0.264946	0.557862	-0.7011	-0.602236	
0.354042	-0.374989	-0.352709	0.493068	-0.99717	0.212205	0.975579	0.787641	-0.145061	-0.368388	0.741705	-0.528448	0.107608	-0.245705	-0.553505	-0.543998	0.029832	0.291194	0.574614	-0.820324	0.596124	-0.037853	0.173722	0.196895	-0.244478	0.407768	0.702813	0.93998	0.607304	-0.77642	-0.723417	-0.291823	0.557552	0.883781	0.675693	-0.832723	0.378846	-0.852782	0.836076	0.306594	0.41009	0.521455	-0.079685	0.456441	-0.492391	0.404771	0.670397	0.64394	-0.097711	-0.633713	
-0.102026	0.870111	-0.21443	-0.306815	0.233476	0.955795	-0.417618	0.023981	0.651491	0.46385	-0.882444	0.813206	-0.247199	-0.827353	0.522177	-0.079981	-0.282402	0.901638	0.987075	0.961372	0.417944	-0.596921	0.483802	0.576168	-0.197426	-0.619318	-0.395438	-0.462867	0.987296	0.428694	0.527138	0.643332	0.781724	0.636671	-0.878124	-0.011594	0.798113	-0.948696	-0.917082	-0.549053	0.437636	-0.965178	0.012485	0.066088	0.024451	-0.851298	0.702845	-0.728755	-0.653528	-0.710722	
0.496681	-0.733933	0.390781	0.743436	-0.742071	-0.577538	-0.712144	0.976333	0.450751	0.69683	0.413095	0.840015	0.620157	0.194154	-0.457581	0.15439	0.154892	-0.205057	0.591955	0.163797	-0.961072	-0.004009	-0.085671	0.041851	-0.376094	0.48931	-0.353503	-0.726335	-0.786757	-0.713888	0.975743	0.227741	-0.567408	0.791253	0.154232	0.828244	0.985425	-0.393185	0.640543	0.945097	0.198223	-0.090801	0.223879	-0.84479	0.737682	0.261281	-0.743421	-0.631772	0.939297	0.558304	
-0.849739	0.603279	0.803584	-0.825288	-0.835828	0.338034	0.894205	-0.777066	0.238511	-0.981773	0.742728	0.201736	0.594589	0.462748	-0.105709	0.162929	0.770732	-0.791168	-0.581743	0.258319	-0.490482	0.112507	-0.732688	0.963954	0.910396	-0.311631	0.481297	-0.70988	0.643783	-0.034279	-0.19034	-0.583403	-0.111999	0.730722	-0.664366	-0.378397	-0.032577	0.863864	-0.452592	0.519261	-0.727201	-0.50452	-0.467246	-0.884075	0.672513	-0.15006	0.4016	-0.166438	-0.771606	-0.003362	
0.189435	0.239844	0.761474	-0.380393	0.876812	-0.244308	0.053407	-0.330659	0.810894	-0.306834	0.953767	-0.729573	-0.191937	-0.819377	0.670259	-0.018403	-0.450294	-0.643203	0.217516	0.241954	0.034109	0.785579	0.189577	-0.081664	-0.441889	-0.700218	-0.482491	0.362536	-0.668002	-0.062242	0.156144	0.70081	0.682649	-0.137884	0.889688	-0.680371	0.320036	-0.488009	0.214401	0.819813	0.554795	-0.227586	-0.578552	0.500645	-0.427	-0.058874	-0.332462	-0.093438	0.059046	0.292879	
-0.189354	-0.690822	0.102452	0.213078	-0.453118	0.893286	-0.380187	0.843634	0.289972	-0.794616	-0.584115	-0.94982	0.540775	0.806503	0.875264	-0.899085	-0.177793	0.809474	-0.262526	-0.452661	0.700493	0.795531	0.973073	0.120304	-0.360629	0.771741	-0.571285	0.832771	-0.846251	-0.257496	0.303636	-0.816397	-0.837588	-0.346201	-0.43237	0.306693	-0.754222	-0.205957	0.419192	-0.800346	-0.479504	0.724609	0.134336	-0.280525	-0.651349	0.732673	-0.065924	-0.497789	-0.525766	0.548701	
-0.908473	0.660418	-0.494272	-0.066659	0.83847	0.578529	-0.42463	0.776315	0.525669	0.674701	0.615592	-0.127375	-0.759802	-0.647574	-0.426428	0.691348	-0.407871	0.699746	-0.484263	-0.722788	0.470919	-0.04745	-0.555288	-0.794813	0.950417	0.755311	0.595143	-0.496226	0.045209	0.329154	-0.258153	-0.201158	0.114252	0.724991	0.55911	-0.214037	-0.57636	-0.008837	-0.518792	0.211002	0.756141	-0.784781	-0.615411	0.210269	-0.788713	0.685348	0.574078	-0.468644	-0.842313	-0.856087	
-0.603902	-0.489612	0.027165	-0.900799	0.716164	0.377535	0.712004	-0.85005	-0.616499	0.983342	0.715662	-0.413665	0.909529	-0.879333	0.180464	-0.334971	-0.913986	-0.161561	-0.861558	-0.530276	0.600081	0.923455	-0.100329	-0.348556	0.625785	-0.649039	0.994167	0.562839	-0.072237	0.29209	-0.802537	-0.772898	0.733126	0.17134	0.844187	-0.79581	-0.307078	0.141811	-0.429894	-0.26486	0.516383	-0.05493	-0.94374	-0.814448	-0.06973	-0.067056	-0.517207	0.438361	-0.533628	0.991846	
-0.782404	-0.543409	0.178301	0.003576	-0.68656	0.978231	0.078974	-0.95325	0.322925	0.597686	-0.687173	-0.715448	-0.934046	0.185503	-0.556887	-0.514124	-0.449376	-0.949917	0.072015	0.431069	-0.73946	0.883509	-0.268522	0.718096	-0.645868	0.392746	0.933443	0.942111	0.352453	0.104387	-0.333475	0.594374	0.485858	0.594469	-0.68265	-0.744399	0.810715	0.179741	-0.548842	-0.73367	-0.146647	-0.169834	0.771949	-0.713628	-0.237347	-0.374391	0.410269	-0.857483	-0.226217	0.992737	
-0.993301	0.727049	0.934892	-0.986239	-0.103456	0.303791	0.794898	-0.437149	-0.19472	-0.852221	0.764232	-0.2154	0.81225	-0.075727	-0.329821	-0.595497	-0.826909	-0.381781	0.483799	0.683559	-0.964774	-0.396227	0.904468	-0.992631	-0.006687	-0.246891	0.727587	0.656099	-0.433686	0.29272	0.548732	-0.567771	-0.095081	-0.28985	-0.449866	-0.962864	0.860461	0.693061	-0.227841	0.024633	0.123686	0.480694	-0.697285	-0.178492	0.322607	0.697567	-0.061106	0.494218	-0.601936	0.985449	
0.079491	-0.274524	0.603664	0.595296	0.219148	0.24457	-0.970094	0.462553	0.322117	0.129256	-0.273536	-0.980684	-0.629272	-0.943797	-0.253031	-0.176509	-0.925889	0.847353	0.014659	-0.852259	0.010465	-0.686764	-0.679623	-0.116324	-0.552331	0.585633	-0.893404	-0.941951	-0.859945	-0.998661	0.33241	0.477302	-0.754876	0.166294	-0.298581	-0.677432	0.414082	-0.674476	-0.842522	0.762703	0.492518	0.703819	0.175525	-0.972009	0.969443	0.774533	0.410157	0.208484	0.272593	-0.990123	
-0.840742	0.510632	0.008485	0.779342	-0.5156	0.520319	0.076558	-0.742484	0.479022	0.349959	0.987146	-0.643235	0.588433	0.740975	-0.031158	0.592841	0.434971	-0.290304	0.130998	0.058991	-0.237372	0.658913	-0.557044	-0.474122	-0.087656	-0.67403	-0.79144	0.099713	-0.399685	-0.137168	-0.876111	-0.949007	0.185141	0.53609	-0.672297	0.72626	-0.73831	-0.955809	0.0097	-0.998437	0.428529	0.796719	0.446131	-0.670071	-0.697751	-0.453723	-0.386851	-0.872014	0.743055	-0.841962	
0.535851	-0.352006	0.303271	0.798116	0.895135	0.588514	-0.869728	-0.272151	0.88968	-0.605955	0.863555	-0.961882	0.49185	0.253787	0.767924	-0.433113	-0.695401	0.690168	0.935031	0.710474	0.785571	-0.27152	-0.73583	-0.465517	-0.852233	-0.737143	0.357725	0.234199	0.820292	0.008054	-0.355321	0.19262	-0.29831	-0.756197	-0.421338	0.0739	-0.507249	0.769661	0.986751	-0.853225	0.879933	0.451979	0.653594	0.487559	0.879796	-0.459503	-0.854131	-0.169036	-0.957809	-0.074686	
-0.946056	0.339817	0.395906	-0.390041	0.171094	0.89377	-0.691741	0.865557	-0.474524	-0.075471	0.692272	0.577528	-0.973302	0.010274	0.450028	0.255379	0.715662	0.969645	0.560826	0.183686	-0.176812	-0.232214	0.798303	-0.393206	-0.68174	0.326265	-0.354993	-0.546703	0.563286	-0.960764	-0.964467	0.810581	0.392241	0.607473	-0.47159	0.36219	-0.929019	0.096701	0.584434	-0.941882	-0.680245	-0.467174	-0.772292	0.936445	-0.909346	0.238267	0.771054	-0.737621	-0.230082	-0.358362	
-0.610625	0.556952	0.770426	-0.447588	0.521244	-0.797644	0.13044	-0.286755	-0.291134	-0.702644	-0.311196	-0.985952	-0.049562	-0.790193	-0.843398	0.495551	-0.664309	-0.48696	0.27015	-0.629848	-0.615726	-0.888135	0.869931	0.721454	0.825191	-0.11595	-0.114372	-0.989041	0.039736	-0.497576	0.604498	-0.079614	-0.410985	-0.513973	0.20327	-0.343406	-0.39398	-0.138065	0.90506	0.150606	0.426214	0.563204	0.706127	0.703755	0.687813	-0.493504	-0.307117	-0.622093	-0.839024	0.054242	
0.451797	0.887601	-0.218783	0.288477	0.127341	0.228957	0.20437	0.602718	-0.086328	-0.72046	0.31614	-0.856733	0.113232	-0.883816	-0.645746	-0.573994	-0.561767	0.56234	0.681512	0.892683	0.330774	0.46016	-0.303063	-0.886062	-0.018252	-0.517393	0.309883	-0.183886	0.134868	0.781732	0.788276	0.870568	-0.684322	0.122102	-0.150274	0.646679	-0.395789	-0.4535	-0.806294	-0.458459	0.006866	-0.565147	-0.316043	-0.042224	-0.272744	-0.798731	-0.728965	0.501399	0.265507	-0.281239	
-0.230679	0.216456	0.759545	0.507737	-0.802892	0.106509	-0.047927	-0.064719	-0.471496	-0.288376	-0.679705	0.944078	0.871064	-0.197179	0.401065	-0.847117	-0.037848	0.754729	-0.731303	0.050635	0.813524	-0.650968	0.759586	-0.400829	0.565124	-0.295762	-0.994305	0.688172	0.071164	0.74534	-0.483974	0.675041	-0.381259	-0.121142	0.317226	0.563727	-0.048677	0.185491	-0.547381	0.287258	0.380154	0.966751	0.899304	0.794907	-0.05719	-0.669984	0.137431	-0.975421	0.047453	0.769235	
0.179617	0.487519	-0.642384	0.422382	0.267059	0.761902	-0.958155	-0.945653	-0.219268	0.601637	-0.514797	0.419034	0.973692	0.38506	0.980663	0.385928	0.871078	0.413511	0.375782	0.491707	-0.597543	0.554284	0.349792	0.514477	0.777143	0.693328	0.612443	-0.398829	0.743289	0.485063	-0.186153	-0.402103	0.936028	0.707912	0.744226	0.008963	0.671907	-0.995382	-0.829415	-0.978957	0.862008	0.803747	0.891291	-0.513088	0.397161	0.717921	-0.754373	-0.701927	0.963887	-0.990647	
0.347651	0.911352	-0.693714	-0.833065	0.186176	-0.701777	0.506949	0.93917	-0.68256	-0.195649	-0.570006	0.10886	0.266785	0.607032	0.30938	0.847893	-0.499052	-0.698811	0.163608	0.560612	0.042785	0.989734	-0.756141	0.804504	0.067566	-0.385914	-0.608816	0.278705	-0.521674	0.84684	-0.073992	0.587033	0.571549	0.718773	-0.463432	-0.984058	0.307517	0.91857	-0.635159	0.965163	-0.23202	-0.342714	0.50313	-0.618478	-0.965252	-0.860268	0.223936	-0.178223	-0.689839	-0.867862	
0.945204	0.926263	0.508737	0.807426	0.885594	-0.341946	0.377375	0.33237	0.95643	0.899745	-0.882807	0.74981	0.464391	-0.874073	-0.915172	-0.830737	-0.011721	0.669309	-0.466746	0.461091	-0.633148	-0.435192	-0.956261	0.893298	0.105643	-0.371449	-0.836276	-0.331678	-0.387014	-0.858702	-0.932638	-0.719226	0.619131	0.343228	0.431308	0.087625	-0.107019	0.567928	0.159984	0.502218	-0.044442	0.421885	-0.77601	-0.9753	0.568303	-0.058046	-0.671197	-0.349578	0.035289	-0.22966	
0.182797	-0.738197	-0.635146	-0.553051	-0.314323	-0.236177	0.182772	0.606453	-0.126607	0.032223	0.549733	0.988615	-0.5227	-0.923921	0.852115	-0.571512	0.815782	-0.304504	0.357903	-0.976678	-0.223034	0.449617	-0.3628	0.766354	0.399145	0.101874	-0.290878	0.208972	-0.779228	0.200248	0.06348	0.482812	-0.864737	-0.519289	0.243782	0.196194	-0.164534	-0.689811	-0.715151	-0.124586	0.163374	0.314834	-0.108972	0.085545	-0.228068	0.40072	-0.757364	-0.351512	-0.337627	0.731	
-0.599972	-0.589004	-0.775899	0.61242	-0.14851	0.200404	-0.193495	0.539693	0.367331	-0.920746	0.253906	0.388649	0.030571	-0.533375	0.806079	0.807916	-0.79959	0.176364	0.246973	0.826907	-0.816799	-0.488808	-0.419721	-0.351818	0.016606	0.054162	-0.729675	-0.018871	-0.886741	0.987174	-0.269196	0.237533	0.674294	0.332772	-0.06988	-0.954349	0.030588	-0.259839	0.774371	0.139474	0.26974	-0.439117	-0.86991	0.988174	-0.397549	-0.005033	0.073152	0.076445	-0.935804	0.500774	
0.978651	-0.141297	-0.973641	0.187475	0.799609	0.017755	-0.650552	0.664051	0.900999	0.421692	0.593667	0.737155	0.98719	0.267865	-0.542067	0.416209	0.450881	-0.072328	-0.914269	0.031491	0.382617	0.402591	-0.548188	0.356002	-0.618131	-0.05624	0.27111	0.802195	-0.54412	-0.187322	0.710798	0.883059	0.159549	-0.413157	-0.563006	0.223334	-0.262336	0.07114	0.838525	0.244902	-0.907071	-0.552386	0.830371	0.050478	-0.637465	0.043383	0.235437	0.925084	0.156799	0.180932	
-0.446312	0.258519	-0.674198	-0.236098	-0.160953	-0.066374	-0.558193	-0.810854	0.448114	-0.872992	-0.229485	-0.159346	0.548517	-0.242168	0.517496	-0.471233	-0.560506	0.185446	0.363301	-0.541605	0.41988	0.571142	0.074163	0.241288	-0.649073	0.084317	0.972804	-0.049424	-0.162475	-0.600598	0.60809	-0.431756	-0.708915	-0.59911	-0.16843	-0.002554	0.326684	0.665378	0.189409	0.623402	-0.922652	0.560605	-0.651834	0.458351	0.265798	0.020133	-0.260627	0.221125	0.069892	0.005593	
0.278216	-0.811354	-0.26476	0.38163	-0.395953	-0.355327	-0.681276	-0.603962	-0.931399	-0.166815	-0.883451	-0.747093	-0.790094	-0.504556	0.270269	0.259825	-0.289045	-0.704782	-0.399514	0.830437	0.372566	0.050939	-0.994801	-0.671971	0.237111	-0.875647	0.999794	-0.164935	-0.977071	0.319268	0.164489	0.329169	-0.347065	0.211065	0.241376	-0.247781	-0.799923	-0.858001	-0.954303	0.318368	0.43082	-0.304637	0.701308	-0.695203	-0.021195	-0.226452	-0.121442	-0.36237	-0.98109	0.50352	
0.728714	-0.82391	0.599024	0.49228	0.503025	0.219765	-0.412872	0.548394	-0.393292	0.262772	0.666208	-0.727016	0.107201	-0.233691	0.478124	0.706259	-0.606709	-0.115631	-0.982437	-0.774443	-0.490292	0.297268	0.055382	0.311506	-0.232811	-0.717066	-0.647484	0.353747	-0.728375	-0.098287	-0.9912	0.539327	0.853254	0.240553	0.674591	-0.463174	-0.810502	0.589443	0.0819	-0.177103	0.133544	0.765748	0.654338	-0.778807	0.783521	0.192786	0.565156	0.753406	0.325565	-0.186464	
0.071811	0.479045	0.249708	-0.12142	-0.230556	-0.271225	0.988984	-0.344778	0.992851	0.426006	0.49964	-0.541113	-0.359775	-0.888403	-0.752397	-0.606747	-0.522775	-0.742787	0.150735	0.490458	0.073504	-0.045724	-0.283247	-0.964119	-0.837186	0.579375	-0.377831	0.444723	-0.129636	-0.548677	0.175607	0.22562	-0.690451	0.68898	-0.974698	-0.453972	-0.302491	-0.760839	-0.969903	-0.803401	-0.633978	0.758415	0.2298	-0.95929	0.50781	0.308127	-0.382998	0.364903	0.797416	0.325662	
0.170386	-0.511169	-0.498514	0.322746	-0.19143	-0.564439	-0.288566	0.061876	0.248545	0.421955	-0.712265	-0.466043	-0.625068	-0.999951	0.2969	-0.447885	0.512743	-0.545804	0.941418	-0.480723	0.493663	0.87562	0.190966	-0.225426	-0.103952	-0.919067	0.236738	-0.811481	-0.264632	-0.976232	-0.578981	-0.813068	0.9629	-0.944073	-0.395704	-0.144717	0.289433	0.269296	0.776104	0.397676	-0.893843	0.980804	0.871415	-0.33185	0.88412	-0.217231	-0.21392	-0.286136	-0.295843	0.605908	
-0.336624	0.545854	0.412211	0.588763	0.043258	0.760374	-0.219105	-0.594767	-0.442927	-0.097483	0.975086	-0.595636	0.152959	-0.554756	0.475839	-0.171338	-0.647871	-0.50473	0.877354	0.168465	-0.034753	-0.75961	0.942709	0.066977	0.315841	-0.576219	0.591015	-0.917722	-0.121238	-0.620508	0.741757	0.249727	0.439287	-0.886958	0.057061	-0.627373	0.344241	0.029669	-0.1766	0.092909	0.996603	0.533579	0.094564	-0.515651	0.664933	0.963198	0.378451	-0.690429	-0.126362	-0.601488	
-0.427847	-0.19601	-0.877644	-0.799157	0.757443	0.524753	0.389597	0.997448	-0.098013	-0.85131	0.134459	-0.412238	-0.116545	-0.709275	-0.917518	-0.243159	0.493995	-0.656943	-0.231023	0.50186	-0.581588	0.78482	-0.744547	-0.442513	0.966538	0.947641	-0.75402	-0.897682	0.741406	-0.748454	0.223119	0.749434	-0.431405	0.37083	0.753148	-0.720537	0.429682	-0.657166	-0.236231	0.76813	-0.169263	-0.012582	0.16725	-0.894891	0.602715	0.517604	-0.959936	-0.582893	-0.507989	-0.575259	
0.528045	0.495539	0.999824	0.577461	0.938748	0.096878	0.752099	0.546077	-0.052943	-0.371771	0.111479	-0.401987	-0.161949	-0.389817	-0.05553	0.687288	-0.13057	0.556746	0.643761	0.156677	-0.368459	0.812828	-0.850712	0.474088	0.091891	-0.219377	-0.712296	-0.442931	-0.872147	-0.360017	-0.362102	-0.794941	-0.410492	-0.787852	-0.077153	-0.508357	0.075149	-0.452393	0.550339	0.918597	-0.810582	-0.532395	-0.362553	0.012077	-0.445428	0.356284	0.64791	-0.593124	-0.706416	0.855918	
-0.314139	-0.036493	-0.8394	0.316942	-0.371156	-0.225619	0.179371	0.361367	-0.432475	-0.365077	-0.358529	-0.040418	0.055515	0.010181	0.85049	-0.696561	-0.995886	-0.360873	-0.770479	-0.628433	-0.495915	0.813399	0.967029	0.901025	0.022273	-0.410857	0.504894	-0.154915	-0.792304	-0.926228	-0.425895	0.82963	0.26151	0.54502	-0.514899	-0.545495	-0.30514	0.265368	-0.408123	-0.971887	-0.199169	-0.205925	-0.897119	0.800646	0.734459	-0.120449	0.823966	-0.523762	-0.938668	-0.133092	
-0.001403	-0.142153	0.804915	-0.306343	-0.252969	-0.325412	-0.622378	0.128861	0.362299	-0.114808	-0.444886	-0.651379	-0.955747	-0.328396	-0.140628	0.86066	0.109172	0.263893	0.063076	0.161564	-0.98298	-0.6131	0.27096	-0.616464	-0.396099	0.670253	-0.696048	0.127338	0.980079	0.729366	-0.060978	-0.771336	0.050736	-0.788774	0.446912	-0.180382	0.519718	0.42219	-0.927632	-0.996949	-0.573768	0.211895	-0.060027	0.638415	-0.772705	0.30295	-0.233939	0.32676	0.715934	0.526093	
-0.98028	-0.933287	0.105857	-0.240264	-0.772746	0.601592	-0.759991	-0.277351	0.580748	0.506536	-0.438652	-0.00192	-0.912985	0.072213	-0.271299	-0.66714	0.464241	0.121476	-0.45253	-0.345644	0.579887	0.849057	-0.260492	-0.894588	-0.774905	0.945112	0.500036	0.669658	-0.517041	0.614014	0.523649	0.783433	-0.178179	0.769773	-0.202082	0.048403	0.976911	0.74377	-0.130831	0.184568	0.87572	0.553362	-0.345178	-0.3503	0.779094	0.71064	0.734544	-0.251103	0.915588	0.03441	
-0.533604	-0.367174	0.031516	0.45689	-0.102534	0.405037	0.750331	-0.751409	-0.130579	-0.331056	0.741795	0.635346	0.919284	-0.266715	-0.401171	0.740844	-0.627145	-0.521873	0.766831	-0.326756	0.649725	0.859444	0.946262	-0.163868	0.701311	-0.03262	0.123194	-0.131006	0.402251	-0.825282	-0.267275	0.933	0.710731	0.211673	-0.254139	-0.928552	0.51062	0.617059	0.447833	-0.381977	-0.745353	0.364481	0.816845	-0.295408	-0.505749	0.824565	0.797599	0.946922	0.279697	0.603357	
0.709897	-0.77347	0.665556	0.929614	-0.394452	-0.141162	0.724568	-0.065499	0.474235	-0.684923	-0.974787	-0.017679	-0.334976	-0.710907	-0.412356	0.097492	0.62955	-0.704415	-0.532545	0.725084	0.792701	-0.22179	0.801042	-0.855262	0.313192	0.623952	0.508983	-0.723682	-0.917528	0.380415	-0.578916	0.950042	-0.722144	0.936544	-0.465514	-0.430305	0.515431	-0.398384	-0.563074	0.843479	-0.740066	0.516118	0.634927	-0.381424	0.017778	-0.178499	0.670474	0.392111	-0.781466	0.097564	
0.256195	-0.673876	0.034441	-0.228151	-0.851781	-0.718215	0.892408	0.239726	-0.062257	0.256974	-0.181066	-0.514718	-0.507498	0.791327	-0.326505	0.637932	-0.573892	0.248211	0.387894	-0.459396	-0.499443	0.818691	-0.925336	0.041765	-0.531357	0.405228	-0.920422	0.854131	0.767476	0.0271	0.400687	0.612121	0.195242	-0.361672	-0.529399	-0.695962	0.766327	0.786912	0.346063	-0.776566	-0.347394	-0.175825	-0.094473	0.39648	-0.178968	-0.207002	-0.715201	0.24011	-0.985191	-0.88531	
-0.317126	0.230507	0.384747	0.124884	-0.52631	0.505955	0.612796	0.057893	0.80777	0.797509	0.242257	0.610076	0.732995	0.864461	0.370809	-0.013554	-0.459021	0.104788	-0.625603	0.549572	0.95246	-0.976379	0.286333	0.961859	0.203807	0.465303	0.876049	-0.524531	0.211095	0.485597	-0.269106	0.215406	0.253134	-0.410528	0.50666	-0.323832	0.875219	0.323983	-0.42342	-0.536591	-0.533853	0.779045	0.571214	-0.942801	0.095412	0.620485	0.558184	0.250945	-0.655729	-0.675966	
0.43762	-0.93591	-0.541783	0.197103	0.330099	0.394523	0.54497	-0.674869	-0.534331	0.697047	-0.698872	-0.081829	-0.820014	0.95132	0.485621	-0.50084	0.522343	0.641025	0.834963	-0.980524	0.391542	-0.997643	0.986419	0.328494	0.237562	0.872536	0.832378	0.686157	-0.516091	-0.834057	0.923953	0.613349	-0.608191	0.206095	0.512386	-0.958441	-0.873189	-0.754034	-0.530351	0.528304	0.916702	0.019243	-0.271313	0.286421	0.898937	-0.412536	0.048166	-0.662185	-0.787628	0.421982	
0.709842	0.695903	-0.573672	-0.762619	0.153489	0.292149	0.497431	0.52711	-0.697817	-0.683632	-0.581792	0.039073	0.763285	-0.401667	-0.945564	-0.721222	0.020753	0.681551	-0.641813	-0.832406	-0.224751	0.475205	0.246723	0.025098	0.632788	0.76506	0.164671	0.756629	0.157029	0.05814	-0.125518	-0.532125	0.406705	0.349809	0.813933	-0.508594	0.541296	0.890761	0.183698	0.37318	0.137227	0.622476	0.342362	-0.093517	0.922974	-0.04201	-0.499789	-0.679903	0.879473	-0.337823	
0.162243	0.228159	-0.814074	-0.933325	-0.217083	0.392686	-0.187045	0.2362	0.675568	-0.347586	0.120582	-0.110471	0.593552	-0.764206	0.075163	0.008619	-0.510832	0.73472	-0.89287	-0.368167	-0.02924	-0.792005	-0.67933	0.084459	0.211993	0.338151	0.403421	0.24097	0.799445	0.464296	-0.225088	0.394177	-0.616878	-0.100344	0.551079	-0.525887	0.417958	-0.683568	0.343826	-0.393856	0.843194	0.895576	0.105176	-0.036853	-0.099752	-0.066435	-0.61927	-0.944244	-0.3717	-0.350066	
0.045472	0.609653	-0.48331	0.113297	0.509817	0.561808	0.84904	0.70105	-0.070454	0.65229	-0.36747	-0.005442	-0.162561	0.280535	0.273006	-0.117438	-0.189591	0.336567	0.173484	-0.920592	-0.324771	0.09597	0.093874	-0.635658	-0.692526	-0.513106	0.317386	-0.85688	-0.090207	0.194058	-0.527341	-0.412219	0.713474	0.998907	0.961868	-0.249436	-0.160486	0.512609	-0.46202	0.865616	0.301878	0.133691	0.056232	0.484026	-0.899552	-0.340544	0.185332	0.846642	0.006543	-0.037361	
0.86319	-0.354074	-0.457809	0.910449	-0.434648	-0.522448	0.195238	-0.917292	0.029287	-0.780801	0.859446	0.655586	-0.436134	-0.655846	0.427701	-0.355766	-0.476371	0.141264	-0.277035	-0.489026	-0.862213	0.459265	-0.989189	0.120422	-0.19291	-0.859397	-0.364785	0.324183	0.319224	-0.134119	-0.528664	-0.306044	0.935242	-0.650548	0.953735	-0.312597	0.137863	0.733577	-0.133925	0.745429	-0.973728	0.471794	0.418648	-0.183547	-0.941701	-0.659032	-0.615736	0.668846	-0.787012	-0.05592	
0.430255	-0.294599	0.197469	-0.257461	-0.439817	0.995842	0.503642	0.095954	-0.935963	-0.540298	-0.73732	0.129834	0.850573	0.700654	0.777884	-0.447132	-0.876827	-0.497419	-0.887776	-0.982853	0.021343	-0.852425	-0.002893	0.326775	0.749197	0.900116	-0.792892	0.914511	-0.860821	0.417679	-0.009225	0.770003	0.078022	-0.079253	0.685834	-0.091654	-0.79721	0.844231	-0.756649	0.314604	0.921035	0.015229	0.301564	-0.022587	-0.920336	-0.685107	0.094519	-0.950548	-0.738963	0.014122	
0.115971	-0.51549	0.014798	0.556355	-0.558766	0.967584	0.378585	-0.073221	0.4605	0.021568	-0.571105	-0.622158	-0.763545	-0.109431	0.233817	-0.717634	0.630179	-0.40121	0.119013	0.107757	-0.859461	-0.161231	-0.743398	-0.657006	0.699589	0.186747	-0.508849	-0.664423	-0.953054	0.70941	0.210953	0.898687	-0.451307	0.908965	0.065765	-0.516351	-0.866865	0.016826	0.876167	0.375234	0.341509	0.114846	-0.800628	-0.419353	-0.759834	-0.904097	0.895017	0.723034	0.928857	-0.167477	
-0.457264	0.881259	-0.072554	-0.015472	-0.927937	-0.899379	0.555652	-0.657561	0.398818	-0.612992	0.888489	-0.806034	0.773396	0.138972	-0.874053	0.008924	0.360189	-0.254692	0.396308	-0.2564	0.864208	-0.479907	0.077484	-0.943713	-0.585844	-0.569327	-0.180808	-0.112478	0.32633	0.885223	0.669777	0.655649	-0.145532	0.640375	0.466988	0.038817	-0.501807	0.472163	-0.386157	0.198343	0.3319	-0.062284	-0.413715	0.552281	-0.521361	0.218037	0.304205	-0.380308	-0.606047	0.381791	
0.412926	0.283608	-0.416319	0.205341	-0.305934	0.088576	-0.827587	0.387151	0.802117	-0.322395	0.50986	0.524234	0.953543	-0.924781	-0.283082	0.636685	-0.028268	-0.045814	0.802347	-0.145475	-0.984029	0.473102	0.54433	0.876367	-0.637127	0.121279	-0.091044	0.850083	-0.99345	-0.873399	-0.228445	-0.567597	0.823355	0.691211	-0.785341	-0.521954	0.335025	-0.724055	-0.960711	-0.376098	-0.53236	-0.320047	-0.287909	-0.269902	0.310698	-0.082642	-0.76041	0.427139	-0.952667	0.322849	
0.764121	-0.690734	0.986373	0.60546	0.592276	-0.954888	0.321857	0.612909	0.208709	0.846877	0.589745	-0.056362	0.622337	-0.670787	-0.983057	0.72885	-0.257336	0.396934	0.64759	-0.535164	0.734216	0.581756	0.926546	0.560572	-0.477034	0.774374	0.992219	0.146138	-0.201803	0.727814	0.505015	0.030724	-0.561069	0.969834	-0.097421	-0.734079	-0.48551	-0.778201	-0.293664	0.93291	0.738042	-0.521487	-0.838632	0.667445	-0.70475	0.172387	0.553356	-0.928168	0.355224	0.211268	
-0.631595	-0.473686	0.300017	0.255269	-0.097956	-0.866875	-0.891946	-0.211849	-0.956684	0.543033	-0.593782	-0.688756	0.227557	-0.006624	0.06141	-0.43552	0.817633	0.21265	0.787275	0.354885	-0.163036	0.393989	-0.996572	-0.144309	0.55585	0.016837	0.622281	0.927886	0.613174	0.433493	0.705564	-0.536646	0.538917	-0.618975	0.738524	-0.606917	-0.239416	0.561918	0.720875	-0.902448	-0.987398	0.202981	0.869019	-0.780324	-0.027702	-0.841529	-0.880786	0.347619	0.289666	-0.845111	
0.27839	0.942154	-0.829013	0.889355	0.703849	-0.331544	-0.781925	0.499638	-0.784722	-0.114214	-0.117852	-0.626161	0.885379	-0.099299	0.949445	0.728955	0.038042	0.553548	-0.680218	0.960814	-0.245794	0.126157	0.039824	-0.202756	0.186259	0.799676	-0.452041	-0.85216	0.554994	0.006376	0.908055	0.494536	0.841458	-0.44665	-0.627048	0.90282	0.70629	0.55589	-0.314758	-0.316714	-0.477501	-0.309036	-0.911359	-0.312804	-0.671627	0.322823	-0.950154	0.952974	0.555879	-0.424307	
0.09359	0.505345	-0.819777	0.025836	0.014356	0.79925	0.534519	-0.158179	0.632017	-0.571411	-0.863102	-0.138413	0.178825	0.316081	-0.002029	0.082601	0.313739	-0.631927	0.58615	0.20516	0.739069	0.322257	0.703883	0.07783	0.652525	0.207103	0.796423	-0.335787	0.247335	-0.451129	-0.963709	-0.135286	0.484223	-0.678857	-0.714899	0.819892	0.879954	-0.578171	0.661606	-0.483732	-0.578336	0.980251	-0.158863	-0.598156	-0.570585	-0.113151	-0.616844	0.093429	0.92422	0.415841	
0.019632	0.01873	0.026046	0.036276	0.021671	0.027362	0.01518	0.031365	0.019661	0.007279	0.023944	0.007653	0.015335	0.000432	0.025469	0.008134	0.001155	0.004466	0.033872	0.007025	0.030158	0.028069	0.012664	0.030421	0.005057	0.033365	0.035296	0.022188	0.034382	0.036863	0.027041	0.026768	0.034088	0.007745	0.027772	8.5e-05	0.0208	0.007121	0.003621	0.033957	0.030345	0.020759	0.01879	0.007475	0.008596	0.033302	0.001108	0.009437	0.033608	0.028432	
0.041205	0.01984	0.014126	0.041943	0.004401	0.037535	0.014715	0.042477	0.008074	0.025083	0.035278	0.012711	0.013949	0.001635	0.000917	0.037692	0.008917	0.011147	0.008646	0.039896	0.016499	0.016587	0.005709	0.00826	0.00179	0.012859	0.032026	0.004409	0.00609	0.024344	0.003286	0.032028	0.023017	0.008715	0.042123	0.026774	0.001273	0.031511	0.01561	0.008309	0.015401	0.029393	0.001657	0.043517	0.024709	0.026418	0.01583	0.01786	0.042753	0.041056	
0.032457	0.02623	0.025817	0.007062	0.021055	0.025852	0.028869	0.002124	0.019877	0.00155	0.016783	0.003495	0.032089	0.032747	0.02374	0.034998	0.014858	0.025157	0.008205	0.025573	0.016376	0.012148	0.007838	0.014345	0.002357	0.032826	0.006083	0.011129	0.019683	0.017693	0.000204	0.030894	0.014982	0.001332	0.02984	0.01164	0.036628	0.001546	0.028723	0.0341	0.030765	0.025042	0.027652	0.031768	0.021172	0.003604	0.026878	0.027343	0.033627	0.033244	
0.027204	0.00512	0.007028	0.034754	0.015919	0.02428	0.02493	0.017343	0.008984	0.032862	0.012638	0.015157	0.021145	0.018308	0.004137	0.009163	0.024107	0.029509	0.001389	0.032884	0.031006	0.027229	0.014649	0.029355	0.003358	0.030531	0.012908	0.026697	0.032124	0.012924	0.002522	0.018186	0.011515	0.015201	0.030034	0.027825	0.019118	0.005592	0.01689	0.030826	0.03489	0.031173	0.020006	0.015731	0.002893	0.034625	0.032733	0.02536	0.0142	0.023038	
0.033389	0.004646	0.030605	0.024052	0.018453	0.037282	0.018524	0.005676	0.020637	0.004797	0.031386	0.030267	0.009145	0.027712	0.012838	0.012426	0.034301	0.025495	0.022677	0.031522	0.009592	0.018396	0.005386	0.023624	0.016923	0.019493	0.025421	0.021066	0.035007	0.017649	0.014482	0.029169	0.023455	0.000791	0.01595	0.009572	0.006165	0.017937	0.01295	0.031348	0.014333	0.03779	0.038774	0.009791	0.011922	0.034078	0.019881	0.016331	0.001187	0.025707	
0.012591	0.019717	0.01795	0.016293	0.004721	0.034048	0.03543	0.035058	0.039484	0.017694	0.013691	0.022194	0.021052	0.001073	0.008136	0.03173	0.037288	0.012389	0.0171	0.019629	0.001381	0.002979	0.001011	0.019384	0.006511	0.017135	0.015911	0.032507	0.040483	0.015643	0.019142	0.029004	0.004975	0.005907	0.010685	0.037534	0.034654	0.018686	0.007084	0.007258	0.041235	0.019103	0.014627	0.032246	0.037392	0.041051	0.03667	0.016801	0.000646	0.015087	
0.031825	0.028234	0.008619	0.025233	0.026034	0.019307	0.024319	0.025346	0.015102	0.025825	0.028066	0.025809	0.013074	0.023219	0.032692	0.027042	0.000878	0.03259	0.030249	0.026709	0.002128	0.027191	0.018439	0.002518	0.030174	0.029477	0.033316	0.014481	0.03274	0.007566	0.027095	0.016675	0.002295	0.030525	0.005814	0.025771	0.024598	0.011361	0.020648	0.00045	0.012753	0.008244	0.032369	0.028633	0.018158	0.007712	0.023846	0.003231	0.019712	0.011908	
0.018476	0.030849	0.041735	0.018211	0.020658	0.012402	0.018651	0.01682	0.005146	0.003576	0.016779	0.019431	0.026507	0.022811	0.021394	0.006017	0.030414	0.032721	0.035872	0.023886	0.010689	0.015095	0.00405	0.003447	0.028013	0.003173	0.022849	0.040106	0.028425	0.033246	0.008485	0.016406	0.040759	0.001549	0.014477	0.031345	0.021418	0.006103	0.033276	0.000949	0.011281	0.002818	0.016928	0.022383	0.036279	0.005783	0.012771	0.03659	0.03695	0.032001	
0.019099	0.033889	0.031912	0.013816	0.007502	0.023858	0.011495	0.034593	0.014462	0.030059	0.027312	0.01778	0.014476	0.004928	0.000426	0.016269	0.007273	0.038881	0.013938	0.026951	0.031332	0.012963	0.010279	0.03158	0.018862	0.009552	0.006531	0.012383	0.025948	0.032629	0.011936	0.006488	0.027696	0.007105	0.023226	0.005782	0.000568	0.012154	0.006885	0.034666	0.031269	0.028182	0.037224	0.02122	0.039952	0.024353	0.016856	0.025169	0.030524	0.027767	
0.036035	0.012613	0.01894	0.015307	0.02003	0.028466	0.012628	0.021534	0.033097	0.004324	0.022825	0.0221	0.035378	0.020604	0.018425	0.005485	0.029681	0.031706	0.016588	0.035304	0.028972	0.013565	0.031828	0.042361	0.008056	0.009717	0.020676	0.015579	0.004952	0.000875	0.041536	0.010517	0.021181	0.031129	0.005528	0.002727	0.027654	0.020693	0.011208	0.027936	0.021939	0.035967	0.007897	0.00494	0.014819	0.026589	0.011132	0.015478	0.000637	0.042842	
0.015883	0.011428	0.02118	0.027285	0.019636	0.032671	0.030012	0.000125	0.003903	0.00188	0.038323	0.030765	0.016465	0.026114	0.00588	0.033191	0.017755	0.006114	0.037563	0.000702	0.018541	0.006518	0.012481	0.015899	0.038991	0.038869	0.001474	0.038545	0.018503	0.008356	0.029603	0.01331	0.04162	0.033945	0.012864	0.035578	0.02075	0.016278	0.020802	0.029571	0.022297	0.005154	0.01723	0.006012	0.037285	0.034558	0.027872	0.005307	0.010317	0.004595	
0.013148	0.03385	0.015338	0.017053	0.015902	0.024608	0.008297	0.027593	0.026582	0.030076	0.013944	0.018868	0.023891	0.025033	0.023304	0.029806	0.025975	0.035044	0.036354	0.019116	0.019726	0.008739	0.033098	0.003571	0.011835	0.036277	0.013118	0.029245	0.007049	0.013394	0.018101	0.032397	0.013465	0.013851	0.027769	0.008797	0.02128	0.004513	0.024265	0.011366	0.031658	0.005641	0.03398	0.018553	0.00552	0.004056	0.019002	0.033483	0.021368	0.011101	
0.00349	0.02036	0.011592	0.026347	0.017002	0.024984	0.034598	0.021707	0.034744	0.03547	0.007527	0.008781	0.024942	0.010108	0.016572	0.004557	0.034322	0.02572	0.030212	0.011635	0.032119	0.024332	0.015071	0.004506	0.003108	0.01066	0.030577	0.004222	0.01816	0.013412	0.026139	0.008245	0.028439	0.031724	0.026231	0.034527	0.010973	0.035759	0.028274	0.003278	0.032261	0.032634	0.029673	0.012137	0.013454	0.005484	0.000159	0.037062	0.026663	0.016047	
0.013572	0.04555	0.030598	0.010091	0.002889	0.04346	0.011251	0.005938	0.004337	0.017578	0.046224	0.016831	0.001395	0.013335	0.012556	0.036732	0.032648	0.0423	0.025645	0.020626	0.00321	0.020453	0.002693	0.002759	0.002084	0.010837	0.011604	0.034588	0.03448	0.039107	0.004014	0.009314	0.041181	0.002701	0.034662	0.016171	0.021346	0.042665	0.001565	0.021602	0.032987	0.045279	0.02524	0.022543	0.014123	0.00434	0.015491	0.00421	0.040881	0.004314	
0.018831	0.010152	0.017096	0.000894	0.003645	0.018405	0.022276	0.032694	0.011352	0.019275	0.0373	0.007979	0.03744	0.012686	0.001853	0.038023	0.033144	0.025563	0.018514	0.015595	0.024531	0.01449	0.03667	0.0376	0.034129	0.017204	0.031134	0.00671	0.012864	0.016024	0.034447	0.007779	0.026087	0.037467	0.036762	0.006777	0.01524	0.003751	0.039319	0.00115	0.005719	0.028086	0.004976	0.02878	0.021872	0.006778	0.022311	0.009352	0.023705	0.025569	
0.02386	0.00643	0.013254	0.010617	0.013879	0.020967	0.001959	0.028802	0.02481	0.002842	0.041242	0.009789	0.018602	0.032573	0.011502	0.00402	0.041323	0.017362	0.031808	0.028316	0.041874	0.022208	0.008034	0.005306	0.029348	0.024647	0.029328	0.008106	0.022559	0.00732	0.038967	0.027604	0.001122	0.004854	0.004749	0.035392	0.006124	0.02355	0.007883	0.026421	0.011399	0.010318	0.027435	0.029517	0.018489	0.037499	0.036269	0.037813	0.010604	0.021304	
0.017389	0.021736	0.003654	0.026896	0.012935	0.030781	0.021735	0.020584	0.00412	0.03296	0.028973	0.031337	0.018345	0.022831	0.018208	0.029526	0.009576	0.002465	0.002984	0.028401	0.030323	0.012823	0.013941	0.013378	0.032269	0.033387	0.033428	0.034045	0.01646	0.019513	0.024825	0.033583	0.018593	0.007632	0.026943	0.001153	0.019841	0.023242	0.011489	0.020657	0.007739	0.000572	0.029742	0.003189	0.031194	0.009212	0.023047	0.018862	0.032958	0.030524	
0.026895	0.023061	0.012788	0.00039	0.034059	0.013544	0.011248	0.005409	0.014418	0.033049	0.026964	0.034474	0.020129	0.024387	0.032449	0.031404	0.03252	0.031536	0.018043	0.015517	0.022818	0.023768	0.009605	0.00016	0.008811	0.017295	0.012972	0.012798	0.010415	0.033204	0.039821	0.023959	0.034245	0.008397	0.013424	0.019123	0.022059	0.022435	0.03118	0.022611	0.001555	0.039762	0.025294	0.00152	0.024339	0.017577	0.012435	0.024576	0.000479	0.021079	
0.038282	0.024747	0.009756	0.03432	0.028399	0.036559	0.018311	0.015303	0.029953	0.030706	0.009187	0.000924	0.029189	0.037575	0.018153	0.011944	0.032259	0.004624	0.004988	0.025507	0.017515	0.018751	0.038811	0.021093	0.025312	0.010746	0.032842	0.03403	0.00263	0.003259	0.011958	0.010885	0.02891	0.03791	0.032901	0.001415	0.036747	0.021664	0.0344	0.021262	0.016039	0.038924	0.018599	0.010189	0.002955	0.00442	0.0017	0.007196	0.005906	0.010345	
0.010313	0.025718	0.037042	0.036015	0.023561	0.018902	0.015874	0.036574	0.004596	0.026971	0.017697	0.019462	0.015403	0.019741	0.001321	0.008763	0.034516	0.010745	0.033038	0.013663	0.036385	0.009581	0.002787	0.006633	0.009979	0.003757	0.019581	0.000221	0.029374	0.033609	0.02478	0.007658	0.025428	0.013105	0.002038	0.016831	0.018542	0.030081	0.019221	0.02999	0.029074	0.01155	0.023816	0.023016	0.022268	0.030141	0.032277	0.034933	0.022616	0.020813	
0.013477	0.019717	0.038703	0.001648	0.01919	0.018318	0.004818	0.006388	0.02808	0.024568	0.028716	0.009782	0.018482	0.039888	0.02572	0.023433	0.01946	0.008316	0.009085	0.013953	0.019402	0.01987	0.011979	0.026089	0.010511	0.04049	0.013512	0.021528	0.011839	0.011837	0.019765	0.026632	0.006175	0.000385	0.019832	0.019486	0.021436	0.033705	0.028961	0.024254	0.02542	0.029711	0.033807	0.02196	0.039397	0.00643	0.008245	0.006557	0.03332	0.035723	
0.015363	0.004442	0.030326	0.038072	0.020565	0.004404	0.010328	0.00944	0.013742	0.002011	0.025262	0.000276	0.030584	0.029296	0.020163	0.037605	0.030407	0.02763	0.032188	0.038222	0.004207	0.021625	0.020392	0.032216	0.024925	0.028184	0.034142	0.01682	0.008452	0.029109	0.00291	0.009627	0.004011	0.021888	0.002356	0.001993	0.019801	0.016189	0.008693	0.00968	0.018408	0.037998	0.013964	0.033779	0.035941	0.036503	0.001451	0.015443	0.032351	0.036616	
0.018283	0.017644	0.00543	0.036916	0.015037	0.030476	0.005752	0.008536	0.02845	0.020582	0.003719	0.020778	0.019963	0.018127	0.009268	0.015501	0.024531	0.031258	0.035227	0.036485	0.015328	0.036723	0.014225	0.017579	0.031305	0.026195	0.013508	0.034148	0.02803	0.027725	0.016864	0.002923	0.023816	0.008718	0.033889	0.031067	0.01269	0.001222	0.029266	0.012756	0.02559	0.024423	0.000224	0.020262	0.031621	0.00909	0.032411	0.003542	0.020448	0.012449	
0.039272	0.001817	0.010459	0.019223	0.006147	0.030212	0.022778	0.006905	0.000963	0.000392	0.028746	0.023201	0.011301	0.016066	0.016554	0.023285	0.010846	0.009322	0.006535	0.012573	0.008359	0.035144	0.040585	0.017968	0.015981	0.023203	0.031227	0.008899	0.041752	0.007867	0.006459	0.03116	0.013334	0.039142	0.042704	0.023076	0.035636	0.000501	0.032968	0.030808	0.007484	0.004675	0.012962	0.035544	0.040118	0.001406	0.033141	0.02093	0.039595	0.020775	
0.005035	0.006437	0.024842	0.007908	0.037183	0.04158	0.019158	0.032181	0.002606	0.026589	0.037981	0.014698	0.005712	7.4e-05	0.026916	0.019061	0.008233	0.00159	0.013119	0.037219	0.029196	0.031388	0.025571	0.006627	0.016823	0.030258	0.019628	0.012698	0.008163	0.028476	0.01484	0.015011	0.006956	0.004175	0.031337	0.044586	0.047113	0.028929	0.044672	0.022948	0.000971	0.018525	0.013018	0.017907	0.007967	0.037865	0.007823	0.044784	0.000642	0.012981	
0.029277	0.009968	0.003161	0.033139	0.04013	0.027253	0.028217	0.015789	0.031559	0.016183	0.024907	0.013175	0.017762	0.000845	0.018907	0.018076	0.023897	0.026607	0.021746	0.008769	0.003507	0.01855	0.017554	0.020555	0.013689	0.004287	0.030401	0.000663	0.004596	0.004252	0.004722	0.027677	0.021331	0.029728	0.013887	0.038247	0.026039	0.015415	0.040851	0.018701	0.020066	0.01165	0.037002	0.023704	0.029742	0.022083	0.010824	0.012449	0.034682	0.033779	
0.009576	0.03697	0.021102	0.012229	0.025388	0.030338	0.008377	0.030464	0.024719	0.033314	0.02443	0.034775	0.001869	0.006714	0.022927	0.040855	0.02909	0.021817	0.020238	0.031526	0.032725	0.007586	0.035797	0.022255	0.007767	0.024431	0.022465	0.020324	0.003062	0.018464	0.000782	0.010569	0.031421	0.035117	0.037222	0.014781	0.005526	0.013523	0.028073	0.003995	0.008693	0.002364	0.022382	0.002021	0.036224	0.018592	0.02756	0.02218	0.015137	0.002244	
0.006063	0.01025	0.01048	0.006836	0.030347	0.012045	0.018912	0.005002	0.032442	0.022615	0.009493	0.034344	0.025392	0.009064	0.011457	0.026663	0.009572	0.020296	0.007813	0.018831	0.015573	0.036259	0.025981	0.021011	0.010677	0.013314	0.015428	0.006192	0.029311	0.027812	0.028112	0.018338	0.02193	0.03183	0.035979	0.025835	0.011812	0.021606	0.019166	0.025909	0.005242	0.030282	0.004442	0.019113	0.032908	0.023329	0.032975	0.033975	0.013657	0.034085	
0.041853	0.027328	0.021345	0.006196	0.026674	0.041932	0.016973	0.031103	0.003097	0.002468	0.009815	0.029242	0.012041	0.024483	0.019463	0.030752	0.011917	0.035498	0.032771	0.009439	0.01278	0.024013	0.014971	0.039361	0.004811	0.014193	0.003345	0.00059	0.00349	0.033193	0.039105	0.039525	0.002448	0.027309	0.018822	0.022428	0.001042	0.006355	0.020963	0.020625	0.002018	0.011867	0.016766	0.018098	0.032172	0.026732	0.004437	0.043172	0.016989	0.04399	
0.032825	0.034958	0.008529	0.020614	0.031517	0.018718	0.014307	0.036068	0.020969	0.029165	0.032406	0.033113	0.019754	0.00192	0.010583	0.027085	0.024005	0.030378	0.024863	0.010261	0.010397	0.018335	0.000921	0.012749	0.013685	0.021538	0.026899	0.025614	0.003193	0.028538	0.008017	0.034416	0.011188	0.016666	0.017272	0.016026	0.025755	0.020747	0.029974	0.035114	0.013611	0.015429	0.035596	0.019908	0.010153	0.002509	0.024804	0.012272	0.025592	0.001044	
0.016958	0.011313	0.013864	0.037095	0.015027	0.032884	0.015991	0.026052	0.010688	0.009112	0.022951	0.007202	0.034059	0.027095	0.034615	0.031618	0.016182	0.027727	0.002936	0.001608	0.020541	0.035735	0.01645	0.021238	0.025489	0.032863	0.01775	0.018717	0.030806	0.013893	0.03998	0.027776	0.016375	0.00159	0.0354	0.001458	0.038749	0.042112	0.035952	0.019478	0.009299	0.012	0.00337	0.004295	0.011374	0.008296	0.009936	0.028323	0.011714	0.014064	
0.011407	0.001141	0.021377	0.02857	0.003004	0.020864	0.022156	0.0378	0.010173	0.027013	0.024896	0.014196	0.017724	0.02595	0.005763	0.031448	0.033946	0.003877	0.018398	0.010853	0.020012	0.033491	0.017742	0.013956	0.010604	0.003731	0.035013	0.003915	0.027317	0.009983	0.02404	0.030213	0.028631	0.013057	0.012165	0.023919	0.025777	0.038797	0.001686	0.022383	0.036102	0.022479	0.027507	0.027937	0.020046	0.003675	0.026582	0.024572	0.01016	0.033952	
0.029651	0.016412	0.023061	0.034072	0.02569	0.036604	0.012669	0.013349	0.026495	0.000819	0.003641	0.017423	0.002698	0.009218	0.028751	0.022453	0.012113	0.010629	0.029895	0.021292	0.008156	0.019368	0.014997	0.012868	0.032667	0.032364	0.028279	0.035872	0.02618	0.010208	0.011477	0.001119	0.019799	0.015132	0.019464	0.033801	0.018958	0.027954	0.029037	0.021329	0.003917	0.01236	0.023744	0.025054	0.030607	0.02705	0.028124	0.020524	0.013035	0.019621	
0.033767	0.023238	0.028498	0.014589	0.02433	0.002109	0.017013	0.016864	0.027903	0.011426	0.006937	0.00316	0.019497	0.012571	0.035902	0.018286	0.000887	0.009259	0.018841	0.021337	0.026947	0.031927	0.00607	0.024328	0.005894	0.039642	0.008055	0.025747	0.035694	0.010482	0.008772	0.005407	0.037194	0.005018	0.022388	0.019928	0.035713	0.010744	0.0238	0.039614	0.016924	0.002907	0.006421	0.022954	0.034386	0.040556	0.03117	0.029958	0.006031	0.038915	
0.009888	0.035408	0.026139	0.005788	0.019324	0.029273	0.006591	0.017365	0.012195	0.019658	0.010289	0.033676	0.033882	0.012134	0.018262	0.024506	0.023531	0.017723	0.016646	0.036636	0.034835	0.017942	0.034639	0.032893	0.037048	0.031641	0.000594	0.009003	0.023792	0.01984	0.001848	0.021924	0.000451	0.012275	0.028915	0.024492	0.009204	0.035268	0.002932	0.030157	0.031609	0.019434	0.004799	0.026347	0.032184	0.036813	0.001268	0.003799	0.005346	0.019794	
0.001608	0.005091	0.01019	0.02812	0.000909	0.027826	0.037419	0.038072	0.015398	0.020549	0.022435	0.031028	0.004916	0.015795	0.019033	0.035528	0.011063	0.026785	0.004639	0.03059	0.038415	0.0066	0.011794	0.025023	0.026653	0.027453	0.029934	0.025621	0.036132	0.005921	0.01499	0.018713	0.022652	0.004261	0.017268	0.002592	0.026598	0.036067	0.035161	0.012775	0.029913	0.008976	0.000351	0.030765	0.034921	0.006796	0.001437	0.030821	0.010568	0.033835	
0.02573	0.038266	0.03085	0.004643	0.018948	0.028652	0.022182	0.029324	0.038914	0.024264	0.031519	0.005554	0.004935	0.031905	0.03602	0.00862	0.006484	0.004629	0.007716	0.00924	0.038956	0.01551	0.016691	0.008862	0.027913	0.035723	0.025395	0.022947	0.013439	0.004193	0.018452	0.009321	0.038378	0.011161	0.03941	0.019021	0.005117	0.021826	0.02015	0.038259	0.012478	0.003821	0.025505	0.013086	0.005148	0.013834	0.02195	0.034889	0.018416	0.011754	
0.018798	0.022041	0.016668	0.028741	0.007096	0.019911	0.015991	0.012836	0.024414	0.025046	0.022964	0.029254	0.033438	0.030009	0.033319	0.017787	0.003754	0.03015	0.032885	0.016176	0.014446	0.015617	0.026131	0.029048	0.0148	0.032132	0.031945	0.027806	0.023762	0.004414	0.00575	0.029996	0.015832	0.002169	0.026498	0.000414	0.02266	0.02326	0.00965	0.028259	0.029187	0.028996	0.002714	0.009043	0.02366	0.026893	0.006359	0.005695	0.022957	0.018629	
0.003485	0.024816	0.020952	0.036279	0.023638	0.024299	0.000937	0.026654	0.008914	0.023779	0.016736	0.015556	0.016018	0.014451	0.038259	0.032542	0.013306	0.035526	0.023223	0.011123	0.016984	0.005009	0.00567	0.034649	0.004868	0.032519	0.005323	0.033337	0.009903	0.000128	0.029381	0.036377	0.026582	0.030855	0.013069	0.020341	0.034643	0.018796	0.0296	0.037018	0.004468	0.013415	0.004713	0.035051	0.007493	0.01097	0.025368	0.028274	0.016572	0.018131	
0.016656	0.002764	0.033273	0.016936	0.01707	0.028887	0.013608	0.041	0.031568	0.012177	0.000122	0.004698	0.001433	0.028642	0.009415	0.012077	0.007087	0.034438	0.040664	0.032908	0.034481	0.006965	0.001557	0.003492	0.005246	0.022126	0.039671	0.004355	7.4e-05	0.044147	0.02485	0.027532	0.035032	0.007329	0.019338	0.019768	0.04242	0.030018	0.019421	0.030532	0.020205	0.034859	0.011397	0.010642	0.001781	0.009727	0.022696	0.025738	0.035785	0.023393	
0.01443	0.04007	0.026544	0.011606	0.009008	0.011489	0.033704	0.003793	0.020176	0.009928	0.019142	0.010764	0.021499	0.037167	0.006471	0.016467	0.033576	0.01084	0.022436	0.01403	0.006917	0.0133	0.003781	0.02781	0.027446	0.00773	0.041766	0.041355	0.030674	0.012223	0.033894	0.04248	0.029503	0.008141	0.036561	0.038325	0.025389	0.007864	0.012151	0.041486	0.005943	0.005646	0.033066	0.005093	0.027702	0.003294	0.005249	0.013886	0.025657	0.012528	
0.030345	0.037171	0.037979	0.000994	0.007179	0.017745	0.005734	0.029551	0.01804	0.014367	0.030824	0.034277	0.016975	0.015478	0.0307	0.017724	0.029587	0.020196	0.027547	0.012539	0.03288	0.006978	0.00625	0.000687	0.026176	0.011344	0.035762	0.004828	0.01173	0.019312	0.037583	0.028035	0.000352	0.005992	0.041134	0.038747	0.001821	0.018182	0.018975	0.041291	0.001958	0.022638	0.004672	0.025783	0.012806	0.010123	0.022221	0.018646	0.040033	0.018109	
0.017394	0.031972	0.026809	0.023091	0.027945	0.024338	0.021408	0.026553	0.009202	0.024745	0.011697	0.019275	0.016241	0.009383	0.009905	0.01333	0.002156	0.030325	0.004418	0.030477	0.016249	0.006894	0.002552	0.032922	0.017462	0.028329	0.018614	0.021632	0.017867	0.028516	0.030156	0.016353	0.021311	0.011601	0.028991	0.025019	0.030517	0.01114	0.011612	0.031709	0.001624	0.020013	0.027618	0.006224	0.017407	0.021365	0.029145	0.02926	0.032306	0.024928	
0.00995	0.012904	0.031546	0.01516	0.016225	0.026076	0.019176	0.028767	0.023016	0.030765	0.030732	0.00741	0.018786	0.006398	0.026411	0.013158	0.014484	0.028235	0.019353	0.006938	0.027223	0.028486	0.012086	0.014289	0.028642	0.023078	0.006001	0.030274	0.018063	0.012854	0.0254	0.034404	0.005497	0.032753	0.021093	0.001502	0.024918	0.013187	0.027005	0.020852	0.012301	0.026417	0.018694	0.003042	0.021	0.017414	0.016451	0.03329	0.023669	0.034625	
0.001871	0.018534	0.021371	0.029426	0.008269	0.004532	0.022063	0.010001	0.024492	0.004004	0.022641	0.030049	0.038852	0.011924	0.034988	0.00557	0.017453	0.011496	0.010607	0.036123	0.027907	0.00494	0.020679	0.015829	0.02315	0.017313	0.023117	0.027812	0.024849	0.020149	0.039716	0.036745	0.019444	0.04028	0.006592	0.012151	0.005546	0.011815	0.012762	0.026778	0.024946	0.022746	0.001605	0.036144	0.015312	0.018687	0.014916	0.041726	0.018674	0.023404	
0.020006	0.012987	0.02402	0.041331	0.028603	0.024264	0.028465	0.041437	0.006862	0.004534	0.016865	0.016241	0.026471	0.020591	0.00472	0.029845	0.03553	0.017625	0.030532	0.013188	0.012044	0.023393	0.006224	0.033335	0.02655	0.036158	0.025597	0.001715	0.007816	0.039902	0.01815	0.002308	0.005785	0.011038	0.035849	0.0269	0.013747	0.020614	0.033322	0.00293	0.016282	0.029282	0.016531	0.01713	0.004057	0.035984	0.038835	0.001365	0.004111	0.008929	
0.017157	0.02865	0.03253	0.031093	0.034652	0.020812	0.035116	0.033872	0.034107	0.031856	0.033081	0.034902	0.006711	0.009534	0.021226	0.010938	0.020359	0.01041	0.012411	0.022689	0.014899	0.014216	0.003139	0.012648	0.010336	0.027864	0.022682	0.029419	0.035335	0.005672	0.028378	0.016308	0.003164	0.017895	0.022402	0.007466	0.003096	0.012012	0.033303	0.024266	0.000986	0.007441	0.016577	0.037238	0.027403	0.026131	0.007663	0.030874	0.005166	0.013915	
0.03613	0.029309	0.040985	0.00362	0.009377	0.014638	0.014221	0.015452	0.00756	0.032129	0.028296	0.039081	0.037499	0.033756	0.007819	0.027592	0.024204	0.000123	0.000852	0.034244	0.026318	0.021167	0.030515	0.00991	0.027318	0.000682	0.024039	0.018081	0.016518	0.024487	0.038441	0.031065	0.009273	0.035414	0.021496	0.000289	0.040841	0.006836	0.010911	0.017307	0.017929	0.022158	0.002651	0.014475	0.015088	0.024297	0.014995	0.008615	0.029168	0.002829	
0.029453	0.030377	0.031897	0.000911	0.022111	0.02932	0.007569	0.015269	0.009288	0.026981	0.013336	0.016144	0.006549	0.033944	0.031925	0.03088	0.02233	0.011853	0.01961	0.019464	0.007723	0.013758	0.015746	0.016121	0.012844	0.029009	0.026549	0.021592	0.033119	0.02738	0.010799	0.015434	0.022452	0.034112	0.025178	0.028007	0.033098	0.02539	0.00318	0.026964	0.012095	0.017707	0.032175	0.024378	0.019482	0.020664	0.014989	0.000375	0.018326	0.002143	
0.017117	0.012987	0.005957	0.037239	0.017476	0.008604	0.010108	0.005831	0.041582	0.043073	0.042016	0.018633	0.019624	0.01578	0.011928	0.0017	0.000363	0.003613	0.035948	0.014654	0.038465	0.005942	0.00791	0.015511	0.0097	0.040043	0.037353	0.016759	0.005302	0.01908	0.021441	0.010814	0.003571	0.021584	0.02525	0.026207	0.02637	0.016897	0.020163	0.030395	0.027606	0.00112	0.040005	0.031958	0.039256	0.01992	0.030755	0.014675	0.026915	0.0048	
0.010805	0.016186	0.033412	0.004625	0.029	0.019512	0.033207	0.017882	0.021713	0.029581	0.024246	0.014533	0.029532	0.028168	0.004271	0.011326	0.008017	0.033237	0.022821	0.014009	0.009397	0.017813	0.007641	0.010205	0.001777	0.019713	0.033986	0.0253	0.02306	0.024145	0.032558	0.038517	0.002721	0.014546	0.001906	0.010809	0.03942	0.015985	0.026519	0.013235	0.03044	0.019922	0.012651	0.035456	0.026346	0.029749	0.038826	0.003233	0.018435	0.009606	
0.006368	0.02493	0.03292	0.00485	0.015171	0.034743	0.022581	0.0132	0.021884	0.036555	0.003066	0.029365	0.012371	0.038594	0.014768	0.020673	0.029792	0.016101	0.005049	0.02062	0.000783	0.022046	0.009138	0.015126	0.036507	0.027452	0.022805	0.006691	0.007843	0.017082	0.025773	0.018273	0.038007	0.031653	0.016259	0.028512	0.033933	0.012289	0.020449	0.010787	0.031771	0.019591	0.038524	0.01103	0.016064	0.008501	0.00024	0.038491	0.01556	0.015219	
0.023458	0.013282	0.019154	0.012174	0.015604	0.03318	0.035786	0.008286	0.021125	0.01966	0.014755	0.021178	0.031552	0.031415	0.004154	0.036815	0.003786	0.030281	0.018732	0.00483	0.0307	0.027255	0.034096	0.010996	0.002572	0.013296	0.023424	0.028584	0.036445	0.024753	0.00857	0.014963	0.028526	0.004786	0.026637	0.01465	0.030799	0.021214	0.030267	0.027316	0.011719	0.034771	0.01707	0.019573	0.007958	0.008073	0.008652	0.008545	0.036561	0.008022	
0.043412	0.04395	0.02449	0.010871	0.035566	0.023571	0.028484	0.019471	0.036284	0.002248	0.040728	0.006722	0.011516	0.006097	0.022396	0.007446	0.035976	0.011784	0.027901	0.008722	0.010152	0.029188	0.012592	0.003774	0.018116	0.014457	0.036702	0.009565	0.020227	0.002762	0.025652	0.015479	0.024316	0.022613	0.019414	0.004304	0.008458	0.005519	0.033425	0.022457	0.023173	0.00967	0.021904	0.033357	0.034246	0.021985	0.005795	0.014994	0.004518	0.043551	
0.011545	0.007982	0.024954	0.039476	0.040145	0.006078	0.008645	0.012656	0.012551	0.007421	0.035476	0.029541	0.004157	0.023189	0.039157	0.015176	0.024457	0.003859	0.025374	0.036532	0.00448	0.018408	0.028767	0.031855	0.001224	0.019013	0.012962	0.025007	0.021253	0.023499	0.036837	0.003576	0.006432	0.034891	0.008691	0.008299	0.034408	0.041934	0.001542	0.000658	0.018338	0.034805	0.023094	0.039448	0.022092	0.027007	0.003602	0.031561	0.016715	0.011231	
0.030017	0.034429	0.002481	0.01064	0.033832	0.018215	0.00047	0.010841	0.020244	0.01841	0.006283	0.035003	0.028516	0.017052	0.009203	0.032195	0.034385	0.002994	0.036558	0.032441	0.017214	0.011797	0.024353	0.00727	0.030492	0.02472	0.004777	0.003148	0.023473	0.027219	0.019737	0.025945	0.015029	0.006128	0.026835	0.036702	0.004497	0.035042	0.037456	0.037276	0.003863	0.011946	0.005354	0.01895	0.019951	0.004408	0.03584	0.024213	0.019762	0.022394	
0.019837	0.010155	0.038133	0.03434	0.010884	0.033529	0.003524	0.034606	0.029682	0.036945	0.032598	0.017802	0.00267	0.038159	0.033385	0.026805	0.015721	0.031373	0.020366	0.007586	0.005614	0.032129	0.018776	0.009863	0.001001	0.036088	0.018257	0.016084	0.006469	0.001622	0.02641	0.03025	0.019896	0.008119	0.022737	0.006042	0.029775	0.003339	0.013265	0.001322	0.010217	0.037262	0.017511	0.032461	0.0161	0.004822	0.031036	0.027238	0.031978	0.006217	
0.038002	0.032997	0.03336	0.024121	0.004716	0.033872	0.033451	0.013164	0.035868	0.020016	0.027494	0.002372	0.012528	0.00532	0.011408	0.00288	0.033392	0.026432	0.037892	0.013344	0.011581	0.033826	0.011285	0.038423	0.002766	0.035965	0.023933	0.020954	0.001767	0.011214	0.035039	0.021473	0.022142	0.009362	0.028451	0.019074	0.036465	0.001406	0.002316	0.020908	0.009177	0.000426	0.026416	0.012885	0.017413	0.004702	0.018331	0.023974	0.035175	0.020522	
0.032296	0.031053	0.027128	0.030812	0.001287	0.006287	0.002088	0.038502	0.03291	0.007684	0.015856	0.02581	0.026888	0.03183	0.006456	0.019387	0.015866	0.032249	0.031777	0.033483	0.018885	0.008489	0.036482	0.007517	0.008975	0.016872	0.027123	0.010062	0.000133	0.021033	0.020341	0.005707	0.029487	0.00737	0.004601	0.029422	0.029955	0.034571	0.010586	0.020189	0.003131	0.017412	0.027583	0.011633	0.03756	0.024669	0.017062	0.030096	0.01849	0.014915	
0.008093	0.008654	0.000146	0.030174	0.017801	0.020754	0.001044	0.0143	0.016664	0.028392	0.000215	0.02314	0.037509	0.0014	0.032088	0.007522	0.007537	0.033837	0.01029	0.032336	0.034509	0.006376	0.014738	0.03439	0.021729	0.011151	0.037123	0.016297	0.03459	0.02245	0.000772	0.01762	0.016784	0.037353	0.027799	0.00394	0.028154	0.009195	0.006144	0.015542	0.031896	0.036394	0.024651	0.036124	0.037491	0.032492	0.016136	0.02922	0.010306	0.016738	
0.024305	0.019905	0.001547	0.007246	0.002586	0.008832	0.002876	0.013294	0.0318	0.02825	0.02627	0.014713	0.027432	0.036567	0.032945	0.028539	0.015104	0.017235	0.003115	0.026827	0.027629	0.004896	0.02657	0.022297	0.022131	0.005869	0.009894	0.029355	0.02204	0.02669	0.001617	0.010577	0.032798	0.034859	0.01802	0.00612	0.034105	0.02937	0.036492	0.032581	0.03907	0.003993	0.024066	0.000114	0.0259	0.020588	0.023735	0.005025	0.025536	0.028675	
0.005285	0.001306	0.019272	0.037057	0.004599	0.011375	0.015113	0.037027	0.031295	0.014901	0.034307	0.032442	0.026154	0.028181	0.021059	0.025867	0.036859	0.012443	0.039253	0.016821	0.015467	0.018903	0.034353	0.004237	0.017361	0.008935	0.023011	0.006321	0.008774	0.009366	0.037529	0.01072	0.020773	0.035196	0.00495	0.007137	0.039421	0.03049	0.005633	0.005793	0.028189	0.039895	0.004128	0.018245	0.012592	0.031633	0.019563	0.003001	0.028651	0.019117	
0.003413	0.031966	0.01323	0.017727	0.030508	0.005183	0.035107	0.015182	0.013359	0.013496	0.003892	0.025316	0.030597	0.034206	0.032146	0.024564	0.03684	0.002814	0.005341	0.026847	0.019435	0.010454	0.032189	0.029777	0.010045	0.029756	0.011501	0.001022	0.013272	0.034073	0.005234	0.018898	0.028591	0.010477	0.023825	0.006404	0.029014	0.005125	0.036542	0.013563	0.033708	0.019415	0.035752	0.005872	0.023949	0.024821	0.029245	0.014055	0.025658	0.016594	
0.038248	0.029576	0.0328	0.027218	0.042815	0.040439	0.011252	0.030781	0.01104	0.009298	0.000786	0.019837	0.012447	0.012163	0.021228	0.034679	0.013441	0.016314	0.010014	0.019235	0.034667	0.004423	0.032643	0.009205	0.00652	0.001122	0.025638	0.037354	0.011922	0.015926	0.006265	0.02002	0.028728	0.028791	0.021803	0.004379	0.019842	0.003074	0.03984	0.028464	0.001217	0.029979	0.022643	0.00423	0.036345	0.025744	0.02986	0.003075	0.030676	0.001994	
0.038901	0.007637	0.022474	0.039455	0.021586	0.008064	0.026453	0.022272	0.028889	0.014491	0.013909	0.025965	0.027495	0.031629	0.01932	0.029031	0.031932	0.004746	0.013063	0.030788	0.026509	0.008591	0.038453	0.014884	0.010707	0.014783	0.04017	0.007605	0.016125	0.037792	0.001466	0.006223	0.008021	0.033769	0.028054	0.011371	0.001708	0.026653	0.037322	0.012088	0.018159	0.003629	0.003418	0.004872	0.003693	0.03168	0.02244	0.01128	0.033525	0.02691	
0.009693	0.021493	0.034804	0.022137	0.019604	0.009779	0.008583	0.026674	0.035276	0.003275	0.005929	0.015477	0.008905	0.006927	0.028174	0.002376	0.030932	0.014337	0.025833	0.026628	0.0323	0.001035	0.032141	0.028216	0.006363	0.032534	0.01779	0.010612	0.014337	0.032297	0.018492	0.036252	0.019946	0.022182	0.034682	0.03431	0.026753	0.011605	0.003591	0.02363	0.014109	0.029076	0.028634	0.017186	0.026345	0.026368	0.022745	0.021948	0.007774	0.009911	
0.014545	0.034872	0.023043	0.010469	0.028521	0.035484	0.031864	0.009117	0.021622	0.016464	0.024494	0.019893	0.018437	0.019923	0.022024	0.015094	0.00455	0.022383	0.019213	0.006602	0.01639	0.021112	0.014929	0.032983	0.012912	0.007603	0.006273	0.039475	0.00348	0.01237	0.013929	0.040848	0.010052	0.010861	0.026121	0.021002	0.008021	0.019328	0.022624	0.017449	0.036817	0.03265	0.032226	0.021789	0.030579	0.00116	0.001999	0.026415	0.027296	0.032693	
0.033033	0.03039	0.020273	0.036797	0.009434	0.015369	0.034382	0.009531	0.008343	0.019325	0.007082	0.007582	0.005716	0.024225	0.008775	0.025378	0.007177	0.037458	0.013447	0.024953	0.027696	0.025402	0.003326	0.006662	0.005146	0.023962	0.013793	0.017942	0.030242	0.037763	0.03192	0.006045	0.012298	0.025563	0.016362	0.013262	0.006935	0.00297	0.034881	0.036666	0.03216	0.033134	0.029473	0.016996	0.037517	0.011308	0.00319	0.035538	0.023681	0.019497	
0.038953	0.002875	0.024501	0.018381	0.025027	0.032707	0.025153	0.024866	0.020337	0.022546	0.017947	0.011475	0.036075	0.004958	0.020143	0.000288	0.02111	0.025412	0.016952	0.012016	0.008854	0.0353	0.028533	9e-05	0.027678	0.030587	0.000595	0.037797	0.029185	0.005486	0.038534	0.01463	0.031084	0.000607	0.016118	0.034265	0.028313	0.011054	0.018835	0.003592	0.026808	0.019003	0.035495	0.026077	0.028108	0.016281	0.012618	0.004961	0.015817	0.011973	
0.017759	0.018949	0.037477	0.013666	0.018791	0.035208	0.028569	0.019732	0.020841	0.019824	0.034326	0.030622	0.030933	0.018966	6.2e-05	0.017518	0.012212	0.038441	0.001347	0.035835	0.013343	0.011396	0.033048	0.000252	0.027292	0.022804	0.004349	0.026086	0.039656	0.020451	0.020136	0.006509	0.006078	0.022125	0.02467	0.029246	0.027803	0.020447	0.019556	0.001715	0.003346	0.017843	0.002569	0.009863	0.029484	0.031758	0.030007	0.03672	0.008627	0.001743	
0.009011	0.039363	0.024148	0.025737	0.040381	0.01084	0.027293	0.035599	0.03937	0.009226	0.007512	0.015854	0.035202	0.021888	0.003022	0.020035	0.015562	0.020607	0.018311	0.031986	0.030089	0.007786	0.013889	0.00223	0.020151	0.008441	0.01676	0.035777	0.012533	0.001407	0.004531	0.035782	0.01508	0.006711	0.040865	0.039957	0.022335	0.033023	0.028971	0.02223	0.021779	0.018553	0.023886	0.011612	0.000161	0.0206	0.004085	0.035376	0.007968	0.006485	
0.000616	0.036476	0.032533	0.008569	0.025125	0.012783	0.03642	0.006023	0.014301	0.008126	0.017355	0.022075	0.028279	0.033541	0.00469	0.01903	0.01476	0.023654	0.010822	0.000601	0.036771	0.027762	0.036284	0.011566	0.006758	0.03401	0.019221	0.006695	0.009622	0.028471	0.020895	0.021652	0.021195	0.03615	0.009299	0.021388	0.036716	0.036147	0.008816	0.010377	0.011355	0.00261	0.022179	0.016033	0.031901	0.016267	0.013241	0.022249	0.037796	0.030795	
0.030112	0.009192	0.011446	0.029438	0.031561	0.003196	0.024458	0.020577	0.009133	0.008174	0.013927	0.011734	0.027086	0.026307	0.022881	0.014157	0.02563	0.030271	0.000835	0.008427	0.009504	0.002166	0.006853	0.02674	0.020024	0.03577	0.002856	0.036498	0.021354	0.026772	0.032168	0.027956	0.036656	0.00091	0.01962	0.000141	0.035291	0.003264	0.009234	0.00525	0.035783	0.028155	0.029741	0.037349	0.035914	0.025682	0.024218	0.022778	0.036487	0.006324	
0.00836	0.014392	0.000675	0.042237	0.009206	0.006418	0.029214	0.035389	0.021745	0.036286	0.030077	0.00554	0.014694	0.031099	0.02772	0.024702	0.007255	0.038849	0.034769	0.033062	0.012867	0.035361	0.016353	0.013471	0.001883	0.001836	0.001372	0.000716	0.025831	0.003705	0.020537	0.027485	0.022637	0.003148	0.01734	0.030827	0.027495	0.030326	0.033765	0.042323	0.025115	0.03121	0.023448	0.031868	0.002418	0.00584	0.008219	0.029867	0.011696	0.009352	
0.002813	0.015767	0.019786	0.038071	0.013241	0.022208	0.039554	0.042005	0.019593	0.002017	0.018541	0.014732	0.028689	0.019654	0.000969	0.023366	0.016824	0.04233	0.039493	0.040914	0.001602	0.018615	0.017533	0.011429	0.02217	0.002798	0.037823	0.040801	0.004551	0.028607	0.03361	0.018063	0.020315	0.011448	0.008236	0.030062	0.011977	0.003471	0.003	0.037922	0.006419	0.022171	0.00415	0.005913	0.02452	0.004152	0.0316	0.044728	0.000128	0.031619	
0.021139	0.024373	0.008861	0.036465	0.005468	0.014481	0.01255	0.037716	0.035121	0.004096	0.038192	5.9e-05	0.007568	0.006324	0.000455	0.032484	0.022244	0.003077	0.023382	0.025508	0.012909	0.026523	0.022289	0.029055	0.014701	0.020792	0.038898	0.021339	0.010441	0.036487	0.015325	0.016915	0.034055	0.039234	0.005652	0.006051	0.012984	0.014433	0.011962	0.003231	0.023784	0.028654	0.028697	0.026208	0.03261	0.022111	0.002963	0.038363	0.027636	0.016135	
0.020186	0.038325	0.033034	0.01343	0.025864	0.028742	0.014753	0.032599	0.017112	0.025014	0.007268	0.011627	0.012727	0.040727	0.036551	0.032992	0.025246	0.001043	0.035907	0.000858	0.001718	0.036195	0.014649	0.000132	0.015114	0.035267	0.025377	0.016077	0.01736	0.008668	0.025848	0.030159	0.030093	0.026114	0.04053	1.3e-05	0.00252	0.028862	0.014871	0.021929	0.006937	0.009801	0.015361	0.005335	0.009066	0.00291	0.027668	0.017291	0.031674	0.028456	
0.036716	0.007909	0.027905	0.029885	0.018177	0.038932	0.022194	0.02451	0.028137	0.013647	0.004249	0.004681	0.014297	0.027837	0.00103	0.018324	0.036133	0.010335	0.035509	0.033901	0.026707	0.005103	0.007602	0.006228	0.008405	0.023767	0.022273	0.034427	0.024106	0.032948	0.008919	0.029355	0.009256	0.012734	0.018089	0.034279	0.003693	0.007958	0.018834	0.028133	0.005495	0.02321	0.020253	0.025194	0.018609	0.039542	0.018403	0.003422	0.009073	0.039675	
0.037372	0.022086	0.022399	0.019398	0.01147	0.018573	0.035365	0.002892	0.035687	0.029719	0.014119	0.026992	0.003402	0.00885	0.037429	0.003834	0.022593	0.011716	0.010206	0.015166	0.024085	0.007937	0.027234	0.031067	0.028717	0.029632	0.026812	0.032402	0.029213	0.003512	0.015445	0.034104	0.024758	0.009262	0.009878	0.021936	0.026077	0.011697	0.005038	0.006608	0.022924	0.014207	0.006448	0.029708	0.040059	0.017681	0.025134	0.019707	0.025894	0.003556	
0.012231	0.011621	0.008685	0.039863	0.03285	0.011317	0.027462	0.030604	0.014655	0.034178	0.0384	0.031686	0.009717	0.026156	0.013025	0.019451	0.007392	0.011503	0.012173	0.015723	0.018353	0.029885	0.030343	0.017643	0.034643	0.018226	0.034255	0.027681	0.020181	0.001027	0.02681	0.036633	0.005506	0.000437	0.01485	0.033298	0.009236	0.032675	0.011645	0.026267	0.008587	0.009961	0.013603	0.021442	0.013092	0.002489	0.030285	0.026745	0.025421	0.010089	
0.019616	0.01241	0.033705	0.030607	0.024189	0.029682	0.031266	0.010554	7.1e-05	0.007269	0.032911	0.013195	0.025942	0.008078	0.01611	0.029322	0.028274	0.029709	0.025021	0.015319	0.030086	0.020591	0.015123	0.030254	0.030253	0.011131	0.025646	0.003785	0.017615	0.009935	0.033409	0.007091	0.03323	0.014371	0.015145	0.011639	0.022639	0.006888	0.019392	0.019403	0.01048	0.016059	0.006059	0.006754	0.029002	0.025055	0.029299	0.015534	0.029776	0.031106	
0.003524	0.004811	0.032165	0.036209	0.007986	0.034553	0.033004	0.026939	0.00239	0.036427	0.022661	0.0046	0.019855	0.022857	0.021688	0.01586	0.014684	0.021607	0.00453	0.016464	0.023164	0.022772	0.027965	0.025766	0.025266	0.019192	0.009739	0.011586	0.019671	0.030128	0.034694	0.010952	0.03232	0.031637	0.023673	0.010632	0.030054	0.029239	0.001418	0.025052	0.018958	0.003453	0.010622	0.029826	0.016945	0.006449	0.030747	0.024082	0.004375	0.026809	
0.024732	0.020742	0.006062	0.034368	0.01476	0.023751	0.02295	0.028243	0.016929	0.015603	0.032037	0.010618	0.002639	0.022583	0.016204	0.008808	0.032661	0.011775	0.018438	0.012425	0.012056	0.017968	0.013384	0.015809	0.034122	0.035259	0.023123	0.035883	0.017242	0.031619	0.014202	0.007771	0.025082	0.030682	0.024069	0.022512	0.019334	0.016386	0.015977	0.025154	0.025825	0.027464	0.034052	0.001638	0.010227	0.003812	0.034598	0.026405	0.001682	0.020335	
0.035786	0.024348	0.026533	0.001691	0.022003	0.034579	0.034521	0.015451	0.001131	0.026906	0.005624	0.036189	0.003872	0.035385	0.001753	0.015846	0.001766	0.029336	0.036179	0.036613	0.011457	0.030204	0.028519	0.0321	0.035713	0.029579	0.028078	0.035122	0.028214	0.014655	0.016502	0.013203	0.003354	0.019965	0.008566	0.014444	0.032518	0.004676	0.003193	0.036009	0.00098	0.004799	0.011209	0.004347	0.010178	0.007563	0.036593	0.012417	0.034149	0.026182	
0.013075	0.023451	0.01548	0.02433	0.03045	0.009035	0.010527	0.017339	0.018905	0.022854	0.022969	0.029119	0.028787	0.035288	0.003762	0.012486	0.003098	0.016926	0.007811	0.006837	0.007131	0.007692	0.010073	0.0179	0.03374	0.038297	0.023008	0.035951	0.001327	0.022538	0.007206	0.038156	0.015327	0.038421	0.015199	0.035424	0.006475	0.026414	0.017995	0.017953	0.039708	0.025174	0.008846	0.014607	0.025655	0.004825	0.028936	0.028139	0.019387	0.035967	
0.020516	0.009472	0.013913	0.003137	0.033305	0.02426	0.027592	0.019897	0.030771	0.002339	0.006116	0.031406	0.010835	0.027746	0.017782	0.007587	0.002477	0.008308	0.022663	0.029198	0.014952	0.020202	0.020649	0.030567	0.01574	0.0036	0.001986	0.033866	0.000165	0.032516	0.028812	0.034437	0.033357	0.004212	0.034511	0.024245	0.01718	0.005994	0.029952	0.034728	0.017636	0.00405	0.022883	0.0209	0.026273	0.025434	0.018575	0.031244	0.034359	0.027655	
0.001435	0.021605	0.036271	0.002692	0.003839	0.034673	0.012352	0.00051	0.009704	0.001297	0.007064	0.031698	0.027841	0.008736	0.003438	0.032645	0.011686	0.035909	0.004058	0.030136	0.017185	0.00359	0.025771	0.021888	0.033106	0.037036	0.000405	0.028953	0.00112	0.023068	0.026945	0.009676	0.038243	0.014358	0.03236	0.028426	0.032675	0.012265	0.021623	0.038777	0.039932	0.024343	0.040545	0.031	0.020709	0.038704	0.002017	0.008083	0.002471	0.027137	
0.034969	7.4e-05	0.013114	0.013692	0.030807	0.038388	0.019566	0.020294	0.008119	0.015451	0.021209	0.012151	0.027119	0.040433	0.026872	0.029557	0.0378	0.008673	0.005083	0.008584	0.024548	0.005709	0.014523	0.024149	0.037974	0.016447	0.028431	0.001215	0.027588	6.5e-05	0.012362	0.016059	0.036221	0.03326	0.022172	0.02993	0.039067	0.035732	0.011012	0.021239	0.003914	0.02949	0.002719	0.019561	0.02594	0.024607	0.000827	0.009545	0.018216	0.015523	
0.013475	0.00106	0.014293	0.037879	0.038255	0.031196	0.028459	0.024462	0.001446	0.040348	0.013595	0.027079	0.036687	0.039971	0.000635	0.023229	0.029686	0.011427	0.015328	0.022079	0.035441	0.041899	0.018794	0.015453	0.00032	0.011941	0.011309	0.016881	0.042025	0.027783	0.002309	0.010494	0.004411	0.017611	0.041422	0.015149	0.022566	0.030846	0.020233	0.006069	0.004325	0.010622	0.022663	0.018969	0.038268	0.004339	0.024785	0.004067	0.012798	0.015619	
0.039129	0.01774	0.003597	0.013458	0.038206	0.018866	0.026662	0.010698	0.03077	0.007018	0.020789	0.023996	0.017368	0.014135	0.012899	0.004554	0.016779	0.016969	0.021476	0.025403	0.038227	0.025272	0.008862	0.006124	0.040331	0.000714	0.001148	0.038822	0.003814	0.033834	0.037794	0.002674	0.028762	0.031445	0.034842	0.028725	0.039747	0.037241	0.01099	0.013841	0.00406	0.011866	0.028493	0.00152	0.010788	0.035443	0.01365	0.024848	0.023068	0.002543	
0.009283	0.046355	0.016041	0.007649	0.011624	0.020282	0.011885	0.036237	0.00041	0.001118	0.027888	0.021478	0.030171	0.013521	0.010892	0.020431	0.02657	0.036459	0.010814	0.007945	0.029667	0.03528	0.034996	0.012433	0.011487	0.037636	0.024945	0.031722	0.019547	0.02086	0.004083	0.024502	0.010238	0.007827	0.008121	0.005988	0.045384	0.014963	0.008945	0.016833	0.002853	0.036117	0.023373	0.03808	0.020422	0.016812	0.030982	0.026407	0.00321	0.029234	
0.025774	0.012638	0.018847	0.013472	0.011424	0.026048	0.033893	0.027752	0.0071	0.007688	0.009097	0.015422	0.008178	0.03433	0.002936	0.035712	0.032732	0.016954	0.006456	0.015906	0.017128	0.014439	0.033533	0.023925	0.022176	0.021819	0.024595	0.006099	0.036725	0.006301	0.005058	0.015978	0.033647	0.026475	0.010151	0.000216	0.028831	0.000425	0.018806	0.000771	0.036722	0.033988	0.03744	0.032774	0.036345	0.008745	0.028304	0.020137	0.024966	0.031122	
0.037831	0.010522	0.029092	0.020148	0.00984	0.028747	0.032116	0.030141	0.023251	0.013711	0.014178	0.034737	0.038309	0.029661	0.025289	0.00316	0.0116	0.010462	0.024892	0.004622	0.014705	0.025019	0.031253	0.028311	0.017827	0.004215	0.030541	0.015988	0.000922	0.021459	0.009648	0.019869	0.021905	0.021718	0.02145	0.001655	0.025087	0.024674	0.02678	0.009801	0.03666	0.006065	0.032726	0.013846	0.001742	0.012036	0.023001	0.004011	0.036309	0.028468	
0.006407	0.010891	0.025325	0.018586	0.029317	0.022826	0.01479	0.020621	0.029712	0.006354	0.030325	0.027752	0.022968	0.014432	0.031715	0.030881	0.01737	0.010395	0.00783	0.030908	0.015063	0.018047	0.007052	0.007343	0.01286	0.016523	0.018101	0.040122	0.02048	0.014554	0.041151	0.012359	0.003334	0.002075	0.040476	0.032942	0.025021	0.033836	0.033785	0.024345	0.029018	0.000672	0.015558	0.019935	0.014629	0.014268	0.003396	0.000438	0.03203	0.041182	
0.003498	0.037144	0.026099	0.00059	0.011939	0.003584	0.016212	0.014972	0.004983	0.00465	0.014046	0.033943	0.03476	0.023343	0.016424	0.024693	0.02537	0.032122	0.007715	0.024491	0.004741	0.016695	0.016329	0.00151	0.024656	0.013038	0.020436	0.023886	0.033097	0.03721	0.009158	0.018189	0.018353	0.012263	0.022997	0.03086	0.018435	0.027808	0.024779	0.034808	0.022572	0.038041	0.015748	0.019558	0.030152	0.016133	0.031402	0.010754	0.028824	0.01699	
0.009031	0.028732	0.025794	0.023829	0.021941	0.014855	0.006886	0.022438	0.029009	0.030272	0.014298	0.005101	0.008868	0.036963	0.006143	0.007399	0.036026	0.03053	0.020749	0.022668	0.034622	0.025945	0.006449	0.00706	0.017151	0.024197	0.01216	0.02573	0.0275	0.034153	0.015606	0.014588	0.031427	0.008885	1e-05	0.030941	0.01378	0.017268	0.034192	0.004271	0.035733	0.022563	0.037774	0.015976	0.028464	0.014241	0.024269	0.021986	0.010423	0.001104	
0.006586	0.018692	0.029682	0.033568	0.035269	0.002257	0.011105	0.010566	0.017625	1.9e-05	0.006566	0.039781	0.010369	0.026756	0.025954	0.023403	0.029546	0.034917	0.009492	0.01472	0.024853	0.038005	0.028852	0.003842	0.009622	0.020894	0.023394	0.012269	0.025518	0.013457	0.027933	0.00871	0.037213	0.025126	0.005625	0.012844	0.001055	0.036068	0.01063	0.022117	0.035089	0.029174	0.027687	0.004104	0.016443	0.033448	0.005982	0.025824	0.03424	0.013109	
0.016962	0.041257	0.024492	0.008093	0.019997	0.012124	0.040797	0.001131	0.016917	0.026938	0.021692	0.030336	0.021801	0.017968	0.038352	0.021315	0.001835	0.026789	0.008216	0.000813	0.040962	0.008787	0.019122	0.00044	0.020771	0.022084	0.03035	0.00907	0.017418	0.012878	0.01809	0.024842	0.016192	0.004531	0.011197	0.034988	0.009076	0.037375	0.039073	0.037103	0.000103	0.038048	0.020976	0.009331	0.018829	0.032968	0.00388	0.031128	0.012577	0.019986	
0.001071	0.033208	0.024357	0.027642	0.009038	0.022625	0.010226	0.018051	0.02857	0.007334	0.003674	0.001085	0.032556	0.026284	0.018094	0.016886	0.006566	0.030999	0.028753	0.017454	0.009537	0.027462	0.024052	0.008453	0.03506	0.026864	0.01568	0.01934	0.029315	0.029876	0.012803	0.034962	0.000735	0.035834	0.023011	0.006789	0.012536	0.022769	0.035485	0.033302	0.000659	0.009904	0.036463	0.019043	0.000883	0.016892	0.038912	0.036199	0.008698	0.024009	
0.025681	0.018882	0.004685	0.004359	0.031302	0.033697	0.00625	0.024993	0.020962	0.005646	0.02524	0.019528	0.020525	0.0103	0.012503	0.015565	0.026084	0.003771	0.004898	0.027953	0.010955	0.000109	0.005659	0.009039	0.011707	0.03651	0.024759	0.040497	0.0406	0.03514	0.016755	0.01711	0.032234	0.021424	0.03024	0.029319	0.006081	0.035505	0.01582	0.027301	0.00357	0.021597	0.023562	0.018838	0.023206	0.014139	0.027796	0.033648	0.003343	0.040713	
0.27