50
2
0.107882	-0.207504	-0.903746	0.051345	-0.693923	2e-05	-0.487826	0.086186	0.096532	-0.548423	-0.821507	-0.096261	0.546769	0.364229	0.724283	-0.09231	0.13888	-0.989456	0.749048	0.155759	0.890458	0.783574	0.363759	0.780702	-0.613077	0.605119	-0.953179	0.84088	0.338209	0.484298	0.931775	-0.200346	-0.370712	-0.017806	-0.40873	0.082874	-0.413815	-0.528276	0.399191	-0.306243	-0.082272	0.204818	-0.779532	-0.196675	-0.476266	0.197235	0.820302	-0.63784	0.972906	0.374529	
0.116224	0.883652	0.341752	0.209365	-0.189603	0.075795	0.935544	-0.890539	0.824878	0.694165	0.906002	-0.99484	0.835632	0.647488	0.103072	0.473858	0.87258	-0.499947	0.962711	0.115884	-0.025588	0.201017	0.205352	0.21371	0.938591	0.23982	-0.313638	-0.628744	0.75381	0.599773	-0.678389	0.4803	0.476244	-0.792744	-0.692157	-0.961597	-0.034371	0.217342	0.377572	-0.810075	0.835523	-0.959063	0.10155	-0.369558	-0.106925	0.103226	0.91643	-0.874926	-0.749158	-0.14624	
-0.743656	-0.522746	-0.1882	-0.532169	-0.20612	0.508241	0.383237	-0.181724	-0.376179	0.850406	0.335386	0.004592	-0.339978	-0.248457	-0.702376	0.655127	0.124245	0.425546	0.348205	-0.826996	0.30801	0.593619	0.958933	0.959472	0.298082	-0.297701	0.249851	0.747261	0.020587	0.734984	-0.549847	-0.740021	-0.828216	0.284699	0.858928	-0.401825	-0.812355	0.320566	-0.478122	-0.368666	0.752494	-0.890156	-0.421013	0.812893	0.099255	-0.400222	0.713097	-0.420425	0.524197	0.228225	
0.296004	0.70807	-0.670616	-0.390107	-0.847705	-0.038838	-0.829737	0.182661	-0.701375	-0.848584	0.356504	-0.196071	-0.946843	-0.207797	-0.301191	-0.38256	-0.744012	0.115485	-0.579916	-0.928336	0.113752	-0.97619	0.387816	0.23534	-0.203802	0.747762	0.431821	0.247558	0.337808	-0.072525	0.379155	-0.623984	-0.314247	0.372262	-0.733254	0.100173	0.90164	-0.714748	-0.284396	-0.501593	-0.948288	0.231352	0.281237	0.209195	-0.284251	0.951661	-0.673125	0.73423	-0.705204	-0.613262	
0.03626	0.287371	-0.457341	0.32075	0.308315	0.039007	-0.826096	-0.75363	0.337831	0.075714	-0.146642	0.495511	-0.522892	-0.200136	-0.252668	0.332007	-0.71752	0.946843	-0.818577	0.394023	0.68137	-0.462491	0.505538	-0.038397	0.945603	0.746244	0.092083	-0.105505	0.639542	-0.583727	0.099949	0.889531	-0.700523	0.637284	0.602399	0.418281	-0.484224	-0.731376	0.678572	0.998299	-0.51232	-0.262714	-0.63327	0.341864	0.640822	0.381591	-0.972119	0.033334	0.818368	-0.233678	
-0.432954	-0.999237	0.507	0.357922	0.214935	0.173164	-0.138467	-0.541147	-0.731007	0.634022	-0.002987	0.507491	-0.973354	0.465837	-0.675462	0.664737	0.924991	-0.137523	0.493941	0.840242	-0.621344	-0.031286	-0.718761	0.474081	-0.738337	0.164539	0.069422	0.566897	-0.251714	-0.185911	0.32809	-0.670559	0.473009	0.806923	-0.485779	0.41629	0.057576	-0.791116	0.463136	0.972661	-0.540966	-0.571204	0.374124	-0.423933	-0.040649	0.776762	0.49373	0.767585	-0.89097	-0.608476	
0.708597	0.915462	0.51396	0.062418	-0.239936	0.071517	-0.59208	-0.799842	0.960758	-0.767735	0.444602	0.553899	0.980675	-0.660842	-0.333298	0.405177	0.943829	-0.234813	0.381694	-0.153427	-0.47969	-0.735754	-0.800078	0.629261	0.379952	0.810715	-0.500318	0.746203	0.200534	-0.006702	-0.146044	0.578301	-0.439703	-0.029885	0.600381	-0.771432	-0.895552	-0.015061	-0.316506	-0.461568	-0.488952	0.637181	-0.08982	0.199534	-0.534848	0.101637	-0.894607	-0.757145	0.719043	0.297939	
0.221051	0.230163	-0.694094	0.568545	-0.784401	-0.898063	-0.100876	0.308169	0.167769	-0.615721	0.133541	0.72319	-0.658863	0.174782	-0.292165	-0.996969	-0.391846	0.594003	-0.347632	-0.03103	0.711931	0.76728	-0.296181	0.885962	0.078252	0.692783	-0.617496	0.244317	0.757198	-0.169087	-0.299828	0.127456	0.623193	0.561428	0.639681	-0.058429	-0.120418	0.061282	-0.084306	0.972556	0.885095	0.987433	0.641265	0.475156	-0.977154	0.609621	0.780557	-0.612019	0.028103	0.466659	
-0.425624	-0.997454	0.418672	-0.826723	0.497089	-0.277575	0.220611	0.731707	0.372495	-0.758353	0.363155	0.091032	0.376891	0.410269	-0.053427	-0.657473	-0.31201	0.439915	-0.465588	-0.132996	0.876003	-0.750159	0.820335	0.157395	-0.411994	0.765071	0.87743	-0.722306	0.025444	-0.813807	0.633167	0.169345	0.549072	0.022721	-0.858057	0.451574	-0.800768	-0.277617	0.124562	-0.852301	-0.819236	0.809765	0.963858	-0.700342	0.763013	-0.372915	0.819111	-0.14026	-0.822464	-0.030249	
-0.072363	0.285263	0.613134	0.983122	-0.289322	-0.822926	0.239171	0.983652	0.637392	0.54189	0.873174	-0.754002	-0.616684	-0.333709	0.214489	-0.190581	0.836315	-0.324882	0.118282	-0.354625	-0.352989	0.536784	0.298218	-0.970549	0.431586	-0.262619	-0.785533	-0.547279	0.762428	-0.590671	-0.687883	-0.339589	-0.74771	0.460192	0.671796	0.989086	-0.476983	-0.229749	0.787209	0.371912	-0.140439	0.186432	0.510419	-0.924815	-0.895797	0.786509	0.769103	-0.209616	0.182348	-0.499332	
-0.591027	-0.834121	-0.567982	0.466191	-0.956128	0.851107	-0.298735	-0.740806	-0.936459	0.393905	-0.647354	-0.668728	0.348628	0.819557	0.702105	-0.831268	0.533794	-0.311526	0.570683	-0.926082	-0.562752	0.160943	0.610751	0.978927	0.281616	0.572139	0.099919	0.471738	-0.342951	0.666089	-0.998259	-0.988853	-0.687081	-0.175826	0.318788	-0.491548	-0.643047	0.712407	-0.509707	-0.525562	0.934904	-0.000683	-0.885657	0.76677	0.621758	-0.214977	0.502094	0.943945	-0.368549	0.299491	
0.690239	0.844978	0.876816	0.870739	-0.399272	0.357593	0.399499	0.420378	0.957267	-0.819761	0.09283	-0.970806	0.05048	-0.723023	-0.369113	-0.91468	-0.537118	-0.065533	-0.798973	0.572393	0.06771	0.573558	0.03339	-0.962964	0.617923	0.357637	-0.908255	-0.490925	-0.796689	0.790545	0.003359	0.082566	-0.239846	0.160725	0.398993	-0.996753	0.842096	0.055483	-0.683108	-0.952485	0.26517	0.561001	0.539496	-0.960884	-0.812181	0.501763	0.344394	0.287597	0.886012	0.714902	
0.488671	0.724079	0.515938	0.265353	0.728731	0.128071	-0.794108	-0.650905	-0.020039	0.256542	-0.964831	0.70526	-0.914036	-0.438221	0.645209	0.653835	-0.079299	0.62071	-0.367457	0.830178	-0.777014	-0.366023	0.573321	-0.147609	0.414651	0.125555	-0.887816	0.970418	0.360548	0.659093	-0.890756	-0.317859	-0.635616	0.43909	-0.395817	-0.153872	0.899801	0.421336	0.499549	0.84591	0.350502	0.530861	0.219311	0.87121	0.094419	-0.053592	0.954119	0.530185	-0.242899	-0.224974	
0.283857	0.147877	-0.423541	0.33238	-0.139161	0.315285	0.108283	-0.447213	0.540176	0.491965	0.99808	-0.427635	0.610685	-0.791422	-0.832884	0.425858	0.412054	0.128406	0.598524	0.137622	0.774683	0.339918	-0.537722	0.245116	0.044939	-0.333754	-0.826397	0.841366	-0.279338	-0.474833	-0.105179	-0.264433	0.982327	-0.513218	-0.346178	-0.92415	-0.542512	0.362722	-0.377606	-0.245733	0.314355	-0.858428	-0.317822	0.863774	0.039118	-0.243459	0.970184	-0.950755	0.460123	-0.070157	
-0.824644	0.929804	-0.026022	-0.778157	-0.111581	-0.38299	0.454895	-0.043987	-0.618025	0.303691	0.391203	-0.016891	0.910556	0.790287	0.767536	0.398664	-0.293948	0.920247	0.664785	-0.919147	-0.168274	0.511292	0.431419	0.425134	0.695399	-0.639729	-0.773498	0.232044	0.999333	0.905261	0.050282	-0.10159	0.016366	-0.662326	0.929845	0.88867	0.144435	-0.944185	0.031924	0.751429	0.785598	0.8196	-0.760346	-0.829785	0.842572	0.52487	0.145315	-0.956639	0.906188	-0.572543	
-0.325301	-0.474327	-0.018751	0.09038	0.952732	-0.277329	0.648381	0.25048	0.706996	-0.297825	-0.155088	0.972983	-0.339246	-0.31781	0.392988	0.854645	0.484659	-0.629392	-0.639591	0.66289	-0.64777	0.481032	-0.609818	0.322694	0.31712	-0.56325	-0.727785	0.452104	0.993742	-0.214136	0.213861	-0.679795	0.200675	-0.734381	-0.278053	0.189807	-0.834649	0.093824	0.072627	-0.613925	-0.797618	-0.828456	-0.949658	0.953096	0.908131	0.588916	0.454501	-0.238053	0.685513	0.021478	
0.562981	-0.505418	0.107183	-0.99633	-0.887412	0.385676	-0.205577	0.797612	-0.82094	-0.553357	-0.213446	-0.747109	0.029989	-0.09808	0.575359	-0.626448	-0.524924	0.145315	0.124337	0.721175	0.129952	-0.490902	-0.481313	0.64583	0.567811	0.111228	-0.19589	-0.379231	0.930205	0.949012	0.127534	-0.763855	-0.392865	-0.319404	-0.119711	-0.234142	-0.381185	0.632879	-0.256215	0.631888	0.327547	0.80659	-0.251399	0.921562	-0.54823	-0.821741	0.226508	0.123887	0.356214	-0.719104	
0.089019	-0.177718	0.945944	-0.934651	-0.334263	-0.421149	-0.722102	-0.996974	-0.221583	0.761517	0.786653	0.595245	-0.645875	0.773061	-0.070147	-0.677552	-0.899422	0.335689	-0.9299	0.848421	-0.911974	0.556485	-0.665314	-0.459074	-0.568748	0.214451	0.000472	0.39437	0.786436	-0.896941	0.442256	-0.051148	-0.62097	-0.833439	0.191149	-0.569151	0.612626	-0.221409	0.821683	0.366742	-0.324597	0.93051	-0.81973	0.000267	0.023071	0.320627	0.06909	0.055597	0.557465	0.88754	
-0.878346	0.186935	0.414869	-0.171169	0.67868	0.316666	-0.821208	-0.807687	-0.012021	0.500454	0.848075	0.757059	-0.947649	-0.715726	0.554004	-0.608068	0.888819	-0.6764	0.810955	0.593476	0.665802	-0.969694	0.153554	0.483534	-0.096695	0.487758	0.91799	0.076884	-0.853257	-0.029368	-0.24637	-0.256214	0.044121	0.850645	-0.677745	-0.047526	0.799207	-0.886489	0.104785	0.343067	-0.975959	-0.73895	0.362665	0.753418	-0.692562	-0.406757	0.574211	0.531237	-0.906329	-0.274772	
-0.303177	-0.411683	-0.048544	-0.550763	-0.508813	0.919495	-0.988065	-0.632132	-0.409092	-0.518087	-0.065896	0.293444	-0.889434	0.103662	-0.614953	-0.829686	0.490771	0.016477	0.562664	-0.604522	-0.396737	-0.645961	-0.881503	0.051375	0.722552	0.011822	-0.485743	-0.574396	0.256277	0.778051	-0.663667	0.200123	0.337884	0.821565	-0.383125	-0.036052	-0.961415	0.972035	0.529995	-0.533753	-0.937908	0.874963	-0.053147	-0.916988	0.075253	-0.630388	-0.153369	-0.125295	-0.839756	-0.673201	
0.216232	0.686136	-0.092919	0.743488	0.130356	0.230342	-0.098051	0.948999	-0.490678	0.22164	0.368588	0.226498	-0.611991	0.564642	0.083868	0.918569	-0.135693	-0.752537	0.582146	-0.501372	0.375924	0.359692	0.148645	-0.118463	-0.345248	0.407476	-0.650314	0.690372	-0.54961	-0.726143	-0.402201	-0.446884	0.498246	0.367416	0.289789	-0.66951	0.744716	0.584104	-0.439283	-0.720947	-0.606426	0.368494	-0.100818	0.59653	0.042856	0.286504	-0.526307	0.389067	0.06473	-0.768153	
0.088039	-0.266317	-0.493994	0.596629	-0.039463	0.651156	-0.759789	0.942706	0.509614	-0.849187	-0.614323	-0.305954	0.162284	-0.377385	-0.673735	0.049716	0.950314	-0.803064	-0.033932	0.036053	0.72433	0.146788	0.528388	-0.16391	0.910881	-0.01174	0.154685	0.440597	0.821294	0.367056	0.639534	-0.120405	-0.620043	0.5336	-0.162266	0.396403	0.141539	0.660701	-0.568623	0.585085	-0.409049	0.193259	0.892158	0.681748	-0.006298	-0.624153	-0.728098	-0.857132	0.352962	0.727471	
0.199197	0.238248	-0.375852	-0.022125	-0.91	0.421737	-0.77237	0.759865	-0.260506	-0.90669	-0.620003	-0.470109	-0.283967	0.176958	0.108964	-0.397138	-0.007073	-0.724765	-0.362935	0.24679	0.364427	-0.403105	0.41467	-0.906196	-0.992567	0.4114	-0.819267	-0.966668	0.583221	0.306387	0.981728	0.12422	0.818344	0.440496	0.28602	0.353594	-0.806305	0.620148	-0.029391	0.433199	-0.596453	0.457774	0.576673	-0.773099	0.670699	-0.444262	0.610804	-0.967694	-0.996628	0.98499	
0.97155	0.937336	0.288043	-0.858282	0.681077	-0.816748	-0.062744	-0.588448	-0.850181	0.197625	-0.308182	0.432319	0.10608	-0.831338	-0.741083	-0.787842	0.525846	-0.561289	0.677384	-0.73474	-0.717885	0.486467	-0.688212	0.21553	0.569872	-0.370398	0.645169	0.611284	-0.36904	0.508861	0.091418	0.217917	0.84492	-0.861957	-0.871812	-0.039552	0.524469	-0.659889	0.99079	0.159259	-0.37174	0.006311	-0.859968	-0.361271	-0.198468	0.027287	0.552271	0.29889	-0.121271	-0.912736	
0.259567	-0.396618	0.617489	0.011262	-0.358472	-0.722688	-0.405261	-0.098262	0.493907	-0.804503	0.63752	-0.051554	0.517112	0.016028	-0.743312	0.378873	0.851805	0.92751	-0.146666	-0.715214	0.955767	0.280498	-0.027342	0.20908	0.420022	-0.155438	0.712147	0.14057	0.223678	-0.537673	0.497722	-0.941782	-0.116679	0.106857	-0.24568	-0.946462	0.84551	0.577466	-0.079782	-0.758531	-0.437711	0.706031	0.051108	0.666843	-0.456281	-0.577499	0.564802	-0.735119	0.81878	0.83072	
0.380932	0.362519	-0.247861	0.572543	-0.174301	0.305116	-0.382335	0.784789	-0.32247	-0.895696	0.764912	0.246966	0.269945	0.597887	0.340092	-0.107282	-0.09244	0.33458	0.595373	0.11486	0.653636	0.515881	0.581396	0.778766	0.145532	-0.04677	0.891643	-0.022519	-0.448852	-0.072118	-0.021925	-0.346226	-0.949195	0.312648	-0.430474	-0.050336	-0.251047	-0.182265	-0.495301	0.243351	-0.61687	0.456319	0.597045	-0.536271	-0.593033	-0.971395	-0.171688	-0.360152	0.738045	0.594524	
-0.583738	-0.770049	-0.882265	0.040982	0.885527	-0.238048	-0.489572	0.256697	-0.025098	0.65103	0.937721	-0.059846	-0.271681	-0.015626	0.758761	0.933162	-0.737046	-0.336154	0.240308	0.880945	0.865186	-0.774155	0.831977	0.521557	-0.172698	-0.512805	-0.132923	-0.318419	-0.310652	-0.651784	0.445809	-0.375162	-0.075033	0.211514	0.107513	0.839821	-0.486348	-0.978682	0.717583	-0.609451	0.770124	0.380132	-0.548515	0.667492	0.024011	-0.64149	-0.753553	0.262678	-0.249648	-0.363342	
0.74067	-0.905728	0.39601	-0.80102	-0.42158	-0.504462	-0.956575	-0.407658	-0.620715	-0.200809	0.965257	0.672366	0.509038	0.769672	-0.66023	0.012738	-0.883366	-0.478882	0.701055	-0.997934	-0.281922	-0.391955	0.735534	0.261487	0.761039	0.686226	0.44221	0.075641	0.473921	-0.320527	0.339951	-0.342336	-0.862346	-0.361974	0.627562	0.608171	-0.559245	-0.371999	0.192306	0.750666	-0.630328	0.063537	0.78284	0.803225	-0.942074	0.950746	-0.775517	0.821845	0.157298	0.721792	
0.637571	-0.33421	-0.972334	-0.014391	0.011522	0.442165	0.208271	0.353414	-0.345798	-0.373362	-0.68204	-0.499677	0.965452	0.71928	-0.016121	-0.354236	-0.747461	0.64155	0.214615	-0.787029	-0.189567	-0.537729	0.789761	0.290853	0.912745	0.791864	0.742426	0.536771	-0.705428	0.838489	-0.694069	-0.935154	0.136143	-0.122817	-0.639433	-0.715413	0.525489	0.705211	0.697021	0.709685	0.489947	-0.518159	-0.214279	-0.497456	-0.474784	0.105011	-0.269278	0.69211	-0.569248	-0.916023	
0.872076	-0.607718	0.911964	-0.851569	-0.773012	0.284067	-0.670633	0.843102	0.099364	-0.929438	-0.116398	-0.083844	-0.075281	0.02018	0.417425	-0.556986	0.739859	0.09862	0.59838	0.996947	-0.36154	0.749517	0.080609	-0.042893	0.685452	0.233198	-0.741906	-0.896921	0.776129	-0.051747	-0.251626	0.539051	0.529871	-0.186839	0.916893	0.330011	-0.917628	0.318678	-0.845115	-0.878057	0.578812	0.336165	0.113319	0.090699	-0.169319	-0.979742	-0.433905	-0.53306	0.016807	0.701291	
0.80168	0.610593	0.577258	-0.475088	0.567683	-0.312291	0.331989	0.639871	0.645452	0.940279	-0.821128	-0.22534	-0.819172	0.11299	0.236088	0.101679	-0.006585	-0.645813	-0.30699	0.151247	0.343541	0.081127	0.099979	0.262605	0.057637	0.667559	0.691873	0.686532	-0.235021	-0.278721	0.230949	-0.144912	-0.198942	-0.485043	-0.553724	0.930548	0.804825	0.446388	0.047508	0.040783	0.783783	-0.861133	-0.328127	0.4588	-0.406228	0.029206	-0.073406	-0.027169	-0.468353	0.761569	
0.964739	0.00939	-0.190832	-0.164647	-0.089889	0.595584	0.118532	-0.202506	-0.625714	-0.263632	-0.369127	0.764306	-0.402241	-0.097702	-0.441937	-0.73927	-0.46631	0.419188	0.629248	0.569351	-0.66569	0.735637	-0.852626	0.645115	0.324471	0.642104	0.399536	0.561923	-0.151214	-0.919738	0.237742	0.430572	-0.006185	-0.493408	-0.407767	-0.197841	-0.831886	0.977351	0.864677	0.796411	0.268065	0.172147	-0.049664	0.564836	-0.780274	-0.00908	0.14751	-0.748242	0.114009	-0.156828	
0.243979	-0.276333	-0.219655	0.167532	0.720884	-0.498842	0.00998	0.577207	-0.689889	0.009525	0.738398	-0.672525	-0.219906	-0.840132	0.967264	0.459343	0.945526	0.753972	-0.404403	0.67125	-0.102303	-0.033309	-0.81282	-0.739949	-0.641004	0.227006	-0.75152	-0.78663	-0.346011	0.057568	0.026625	-0.617655	0.971442	-0.1002	0.503083	0.470597	-0.843256	-0.164377	0.596866	-0.886398	-0.766794	-0.098641	-0.889374	-0.764741	0.843576	-0.696086	-0.087598	0.105509	-0.926219	0.153709	
-0.803359	0.336541	0.415152	-0.300633	-0.842993	-0.298113	-0.81863	-0.43862	-0.994013	-0.571834	-0.107242	-0.401904	0.892378	-0.432337	0.245703	0.37985	0.127027	0.070216	-0.494812	-0.263742	0.170124	-0.787824	0.127408	0.848971	0.576113	0.875192	-0.449735	-0.141741	-0.005691	0.823721	-0.54828	0.629685	0.730503	-0.958692	-0.596735	0.607407	0.821311	-0.891836	0.174247	-0.55107	-0.934521	0.788067	-0.924823	0.488109	-0.913412	0.708007	0.539562	-0.383126	-0.807403	0.832855	
0.654728	0.444305	-0.094971	-0.908548	-0.94647	-0.612844	0.473653	0.023832	-0.148613	-0.021246	0.155341	0.528427	-0.929925	0.256348	-0.052303	-0.179992	0.366105	0.216121	-0.015991	-0.359881	-0.50525	-0.758608	0.732484	-0.124527	0.560376	0.546019	0.574094	-0.380805	-0.632933	0.525168	-0.993086	-0.284161	0.718844	-0.313544	-0.658373	0.764291	-0.007283	0.145815	0.386745	-0.401091	0.73858	0.489976	0.621427	-0.321073	-0.841626	-0.614678	0.121466	0.294367	-0.526478	-0.537753	
-0.927645	0.332841	-0.880119	0.580606	0.250001	-0.235669	0.025342	0.24955	-0.753612	0.207782	0.714628	-0.646081	0.954687	-0.016492	0.439067	0.673497	0.83343	0.222874	0.14679	-0.833304	0.621905	-0.927362	-0.594523	0.197096	0.495757	0.327243	0.351614	0.804001	0.36159	0.262161	0.491136	-0.968817	0.541068	0.091034	0.269996	0.070439	-0.646457	0.790782	-0.626542	0.26459	0.728393	0.323023	-0.007055	0.180574	-0.617503	-0.693567	0.098044	-0.351722	-0.4091	-0.459082	
-0.033085	0.172448	0.866521	-0.825825	-0.595426	-0.772688	0.81465	-0.970888	0.191385	-0.017625	0.434755	0.463538	-0.563359	0.284283	0.857915	-0.161926	-0.723671	0.3419	0.358084	-0.995142	-0.096203	0.283051	0.220249	-0.16209	-0.707286	0.97044	0.931638	0.123985	0.455009	-0.588483	-0.119881	0.599425	-0.664285	-0.636842	0.352509	-0.034759	0.739617	0.414386	0.457802	0.912286	0.414537	-0.61886	-0.979412	-0.04514	0.168729	-0.631607	-0.645655	-0.835412	-0.138636	0.333222	
0.353352	0.748677	-0.505971	0.523898	-0.125587	-0.066319	-0.333419	0.077233	0.849827	-0.100022	0.544346	0.775168	0.048082	0.959054	0.883965	0.509755	0.510384	0.478216	-0.416084	0.169757	-0.362501	0.638244	-0.129518	0.81979	0.613871	-0.706295	0.012823	0.183772	-0.741458	-0.000131	0.791338	0.152851	-0.307128	0.197088	-0.67924	-0.537892	0.411222	0.57956	0.33058	-0.424051	0.782576	-0.242741	-0.222719	-0.171911	-0.831934	0.165233	0.718923	-0.899513	0.643736	0.534963	
0.13408	-0.639659	0.237707	-0.29953	0.955077	-0.552598	-0.064035	0.287112	-0.742849	0.745377	0.661035	-0.412727	-0.898888	-0.563408	0.695689	-0.575799	-0.880621	-0.694945	-0.026305	0.771059	0.665188	-0.666157	0.374893	-0.527553	0.47719	-0.314655	-0.796081	-0.4477	0.700403	-0.916989	0.248217	0.765747	0.329636	-0.059675	0.838235	0.92125	-0.620911	0.01553	0.354606	-0.082469	0.642567	0.281839	0.083345	0.351054	-0.466929	-0.577495	-0.531373	-0.815751	-0.855067	-0.05981	
-0.001354	0.77894	0.828178	-0.111342	0.293825	-0.898221	-0.551294	0.472192	0.549282	0.811411	-0.931221	0.741865	-0.48995	-0.493169	0.998187	-0.46799	0.004682	0.078336	0.691725	-0.044794	0.948607	-0.873246	0.796458	-0.72756	0.95875	0.490499	-0.523386	0.14536	0.676535	0.18169	0.238006	0.380374	-0.914445	-0.449802	-0.840684	-0.213968	0.168471	-0.313715	0.949625	-0.772762	-0.528864	0.159585	-0.863298	0.075237	0.41094	0.269697	0.345367	0.406119	-0.859493	-0.898225	
-0.92818	-0.665883	0.355933	0.441385	-0.924064	-0.214926	0.603075	-0.558819	-0.856777	-0.374146	0.525075	0.236151	-0.321107	-0.947124	-0.401951	-0.955568	0.126313	-0.118903	-0.022013	-0.086832	-0.869953	-0.350983	-0.962018	-0.375916	-0.059321	0.091013	0.475547	0.104929	-0.665181	-0.497546	-0.885517	0.779573	0.10721	0.699822	-0.853644	-0.033887	0.817208	-0.764371	-0.718468	0.367237	0.241822	-0.023717	0.631606	-0.010129	-0.626065	0.723819	0.890714	-0.320378	0.059652	-0.81832	
0.166685	0.449002	-0.015614	0.636059	0.888814	0.64788	0.196702	0.222967	-0.027318	-0.422153	0.250154	-0.945281	0.831172	0.450871	-0.169507	0.437265	0.07667	-0.832627	-0.912113	0.09035	-0.945166	-0.632302	-0.756359	-0.153925	0.057854	0.23298	0.682171	-0.582843	0.170736	-0.787814	-0.710331	0.327249	-0.460663	0.784327	-0.989857	-0.471325	-0.067712	0.780045	0.494127	-0.841412	-0.199707	-0.314285	0.213717	-0.654077	0.617179	-0.757085	-0.613893	0.539042	0.93733	-0.683968	
-0.052455	0.431491	0.043123	-0.383929	0.493758	-0.586974	0.146247	-0.323257	-0.599451	0.769009	0.358708	-0.789018	0.712023	0.415128	-0.858302	0.363987	-0.134243	0.980838	0.439202	0.354721	0.695443	0.803848	0.961539	0.660445	0.204965	-0.80009	-0.833234	-0.058105	0.911312	-0.638674	-0.550587	-0.356086	0.574764	-0.821788	0.003436	0.818158	-0.053567	-0.704517	-0.317834	0.239512	-0.809348	0.099853	0.481418	0.309013	-0.106138	-0.208281	-0.753076	0.296983	0.378	0.101323	
0.470338	0.914839	-0.894079	0.094354	0.414079	0.397854	-0.288801	0.337555	0.280964	0.658786	0.767202	0.503789	0.796045	-0.032012	-0.912931	0.331248	0.994017	-0.932384	-0.981524	-0.869778	-0.077825	0.660936	0.293155	0.107634	0.720206	0.235601	0.004707	0.564928	0.930423	0.624243	-0.997046	-0.345458	-0.616377	0.649028	-0.168813	-0.250295	-0.799006	0.617352	-0.645448	0.09856	-0.025828	0.669641	-0.552475	-0.119785	-0.504553	-0.288685	-0.117519	-0.084769	-0.354698	-0.773438	
-0.985653	0.355843	0.658186	-0.973961	0.4909	-0.434591	-0.791353	0.463499	0.722489	0.463744	0.291738	-0.913977	-0.044317	-0.362808	-0.624502	0.280705	0.926245	0.403088	0.179223	-0.277854	-0.4015	-0.928262	0.728522	-0.714646	-0.35758	0.960727	-0.996361	-0.990194	0.424661	0.80447	-0.099372	0.53605	0.440678	0.445808	-0.058588	0.443094	-0.25386	0.199926	0.676539	-0.439479	-0.626741	-0.92168	0.435887	-0.778876	0.947388	0.05364	-0.630596	-0.097044	-0.31034	0.351606	
-0.444541	-0.860526	0.670839	-0.053876	0.631008	-0.051343	-0.679848	0.404178	0.016194	-0.690089	-0.608428	-0.787031	-0.56294	-0.109923	0.705858	0.167146	-0.930611	0.461376	0.392138	-0.278551	-0.151594	0.719417	-0.02342	-0.831742	-0.790057	0.044854	0.57674	-0.333462	-0.991918	0.402186	-0.640008	0.908406	0.627483	-0.777794	-0.09867	0.550023	-0.739772	-0.571229	0.818508	0.558252	0.681795	-0.465997	0.724011	0.063084	-0.279553	0.859001	0.018391	-0.780409	0.563632	0.832416	
0.898644	0.705403	0.135536	0.402688	0.834783	0.914893	0.414816	-0.6535	0.160963	-0.842975	0.170044	-0.722252	0.402275	0.092285	0.004159	0.574879	-0.92076	0.024213	-0.415315	-0.354006	-0.727828	0.321944	-0.525304	-0.09946	-0.025672	0.89679	-0.454772	-0.652841	0.485103	-0.704191	0.373985	-0.989308	0.50989	0.086272	-0.667954	-0.175792	-0.577398	-0.739898	0.472445	-0.806935	-0.686563	-0.06246	0.74004	0.503452	-0.849845	-0.034501	-0.362277	-0.750789	0.968461	-0.675263	
-0.823801	-0.736543	-0.023521	-0.214321	0.770653	-0.323006	0.029514	0.049004	-0.214004	-0.373279	0.868746	0.182638	0.490124	-0.835445	-0.011008	-0.607802	0.969773	-0.978876	0.563215	-0.147943	0.177499	0.876753	0.462596	0.155354	0.856666	-0.315409	-0.23336	0.400284	0.549084	-0.521171	-0.983011	0.598531	0.459921	-0.067667	-0.691589	-0.206028	0.784436	0.160591	-0.063864	-0.036818	0.945729	0.129751	0.858577	0.265939	-0.136584	0.121029	0.203773	0.192736	-0.335786	0.353996	
0.900762	0.557842	0.109037	0.714395	-0.772338	0.974691	0.054386	0.27339	-0.141006	0.461459	0.092762	0.59242	0.728933	0.547195	0.049265	-0.799176	-0.419258	-0.28006	0.012775	-0.636623	-0.301061	0.692735	0.000565	0.576673	0.694855	0.96661	0.902462	0.987104	-0.035031	-0.995762	0.721036	0.728165	0.21433	-0.661721	-0.514449	0.377478	0.710409	0.826072	0.494936	-0.429537	0.007645	-0.732148	-0.951147	-0.769274	-0.610845	-0.43966	0.942955	0.171583	-0.816119	-0.681108	
-0.740018	-0.85032	-0.818699	0.595699	0.972199	0.745956	-0.674053	0.781143	-0.45562	-0.701356	0.611351	-0.52781	-0.368567	0.902711	0.757466	-0.347053	0.939389	-0.891143	0.572256	0.041822	-0.383352	-0.215518	-0.337446	-0.116111	-0.333193	0.63194	-0.555447	-0.631885	0.928805	0.603985	-0.454731	-0.071724	0.490041	0.858036	0.563107	0.759736	0.447435	-0.731403	0.004846	-0.477577	0.245437	0.785308	-0.399779	-0.004844	0.647971	0.261915	-0.063742	0.099172	-0.853958	-0.10746	
0.594685	0.402227	-0.788548	-0.732808	-0.886259	0.715429	0.224009	-0.735656	0.574254	-0.507095	0.081862	0.387932	-0.387157	0.542849	0.996536	0.87191	-0.73029	0.363023	-0.779148	-0.564753	0.992821	0.557056	-0.471548	-0.861508	-0.904099	-0.338173	0.573271	-0.135359	0.972303	0.123943	0.378826	-0.265303	0.550357	-0.196369	0.66745	0.262373	0.297953	-0.046006	-0.5048	0.757729	0.307622	0.887225	0.08706	0.838975	0.668088	-0.224619	-0.498194	-0.155605	0.169288	-0.536671	
0.208584	0.474145	0.539363	0.901475	-0.270852	-0.850652	0.591495	0.559554	0.95186	0.079444	-0.714036	-0.053906	0.832052	0.249468	0.544599	-0.045358	0.873319	-0.699195	-0.071908	-0.551661	0.431469	-0.683508	0.92479	-0.437582	0.370034	0.627583	0.70522	0.10267	-0.295428	-0.397071	0.801902	0.541128	0.403219	0.589372	-0.499827	0.488364	-0.396148	-0.681364	0.151806	-0.159223	0.63347	0.38088	0.200744	0.340735	-0.322267	-0.939529	0.76849	0.357264	0.897631	-0.483482	
0.996939	0.136507	0.648788	0.14081	-0.886972	0.115968	-0.894236	-0.440102	-0.530848	-0.337605	-0.749025	0.927892	-0.720667	0.393142	-0.476506	-0.666601	0.315589	-0.909641	-0.708823	0.534546	-0.995308	0.092089	0.872049	-0.983197	-0.132264	-0.017229	-0.84068	0.210509	0.875695	-0.217693	-0.462254	0.301368	-0.053627	-0.250969	-0.994588	-0.129199	0.579076	0.260098	0.287324	-0.777151	0.874199	-0.42088	0.024972	0.413362	0.40213	-0.938163	0.180556	0.229927	0.517335	0.873983	
-0.301841	-0.994602	-0.928162	-0.106966	-0.627889	-0.053456	-0.69883	0.532801	0.186209	-0.165494	-0.493166	0.164474	-0.921345	-0.15525	-0.712299	0.477252	-0.369135	-0.378167	0.813973	0.619615	-0.106796	0.408509	-0.599672	0.597418	-0.106371	0.338267	0.148493	-0.284974	-0.241972	0.215111	-0.163211	0.224792	-0.053925	0.921665	0.334249	0.869443	-0.588778	0.648618	0.858605	-0.57521	0.107928	0.528963	0.094011	-0.378115	0.296107	-0.77386	-0.543058	-0.236368	0.417361	-0.00826	
0.765418	-0.74256	-0.366183	0.86417	-0.126839	0.723557	-0.464478	-0.445168	-0.277964	-0.493573	0.467853	-0.264293	0.207486	0.014842	-0.374884	-0.651141	-0.041059	-0.687914	0.646945	-0.971873	0.716855	0.919212	0.98637	0.861296	0.499289	-0.932457	0.498389	0.877594	0.610091	-0.310888	-0.16285	0.60706	-0.868518	-0.733978	0.518157	-0.276109	-0.855705	-0.589782	-0.796528	-0.37117	0.126458	0.610841	0.276014	0.696934	-0.14432	-0.528379	0.312394	0.233057	-0.223599	0.15545	
0.620617	0.431105	0.817319	0.468305	0.38573	0.286446	-0.740905	0.860493	-0.953681	0.720586	-0.049976	0.580652	-0.561286	-0.939044	-0.379933	-0.867931	0.381155	0.953419	0.18288	-0.510486	-0.465392	0.308309	-0.36922	-0.208621	0.074616	0.974159	0.107594	0.282823	-0.482452	-0.435055	-0.831168	-0.417669	-0.883314	-0.087348	0.375776	-0.227676	0.299093	0.7643	-0.745414	-0.675807	0.184194	0.323524	-0.895974	-0.519616	0.265046	0.97491	-0.832336	-0.463059	0.925572	0.352785	
0.183498	0.102975	-0.559523	0.2782	-0.96695	-0.306959	-0.765258	-0.160742	-0.588688	-0.956486	0.103289	0.493535	-0.309213	-0.462692	0.923648	0.371297	-0.710382	-0.105467	-0.277379	0.85188	0.090324	-0.290538	0.214181	0.285783	-0.897958	-0.439408	-0.078213	0.361764	-0.250671	-0.351517	-0.198585	0.631115	-0.327413	-0.32668	-0.225164	0.119918	0.234243	0.494126	-0.002682	0.479852	-0.133818	0.231188	0.460166	-0.260424	0.083881	-0.179746	0.694702	0.315454	0.355975	0.398613	
-0.918249	-0.953454	-0.141738	0.969073	0.200119	-0.23588	-0.97864	-0.216399	-0.988975	0.048383	0.646064	-0.085388	-0.484132	-0.717996	-0.766929	-0.741509	0.027954	0.868112	0.088367	-0.065084	0.403299	0.312092	-0.565748	-0.2348	-0.37158	-0.282138	-0.718982	0.322764	-0.253012	-0.800428	0.238313	0.216859	-0.450698	-0.766375	-0.512251	-0.297931	0.023963	0.15393	-0.065999	0.96273	0.810666	0.948141	0.455675	0.307148	0.432972	0.348034	-0.688531	-0.642509	0.503269	0.324584	
0.149603	0.244094	-0.102073	-0.967828	0.491804	0.819899	-0.584979	0.707356	-0.523962	0.712359	0.160298	-0.826166	-0.786835	-0.304818	0.446217	-0.71197	0.396062	-0.738782	0.219457	-0.945576	-0.5522	0.102311	0.986669	0.486537	-0.722119	-0.331585	0.414037	-0.127981	0.364926	-0.701444	-0.534997	-0.78376	0.148463	-0.091319	0.291629	-0.274815	-0.126667	0.835382	-0.043652	0.777245	0.31334	0.133163	-0.47956	0.352715	0.737145	0.018554	0.920295	0.649453	-0.026899	-0.58221	
-0.437935	0.823122	-0.494705	0.749872	-0.940626	0.548155	0.266734	0.000298	0.07455	-0.390049	0.925531	0.827643	0.740427	0.964418	-0.93604	-0.914562	-0.455378	0.483377	0.127679	-0.626894	0.003974	0.460701	-0.541874	0.964078	-0.699516	0.184416	-0.774387	-0.755763	0.581684	-0.68676	-0.084528	0.866942	0.740963	0.515418	0.981737	-0.229718	-0.011205	-0.422638	0.157147	-0.516795	0.009767	-0.494657	-0.992244	-0.270802	0.955772	0.131579	0.097755	-0.604665	0.708054	-0.475321	
-0.875821	0.950412	0.632777	-0.515242	0.081297	-0.290345	0.156878	-0.415161	0.217675	-0.33466	0.85594	0.785385	-0.007098	0.001793	-0.753842	0.970279	0.251606	-0.40538	-0.646127	-0.394602	-0.847327	-0.82189	0.145592	-0.512143	0.320329	-0.084179	-0.824441	-0.132708	0.10826	0.905882	0.101556	-0.051953	0.592077	0.52028	-0.860693	0.755242	0.127813	-0.748757	-0.743195	0.758367	0.926012	-0.488355	0.728505	0.729599	0.248042	-0.742097	-0.889617	0.158718	-0.16648	-0.817268	
-0.025576	-0.417046	-0.00417	-0.787729	0.816557	-0.425762	0.16573	0.675167	0.352735	0.92563	-0.685343	-0.402084	-0.97941	0.792185	-0.751921	-0.954456	0.087992	0.829346	-0.019708	-0.843355	-0.849781	0.817076	0.098935	-0.602514	-0.9455	-0.642654	0.10221	0.535137	-0.840128	0.287073	-0.134165	0.731201	0.553403	-0.514493	-0.457422	-0.542305	-0.235305	0.811891	0.020064	-0.04379	0.025332	0.570864	-0.802438	-0.144311	0.537724	0.655882	-0.623249	-0.035093	0.474087	-0.851468	
0.595349	0.234014	0.69643	0.180583	-0.725689	-0.186228	-0.735913	-0.316817	-0.661148	0.096011	-0.44987	-0.129511	0.848607	0.967252	-0.138797	0.85607	0.359641	-0.670261	0.219871	-0.789864	0.80939	0.918165	-0.377031	0.270201	0.964721	-0.022663	0.313452	0.592634	0.975584	-0.634079	-0.96561	0.048338	-0.531858	-0.258317	-0.655429	0.666957	-0.605852	-0.51522	0.415945	0.036557	0.880752	0.746631	-0.740076	0.111108	-0.816302	0.193023	-0.407165	0.494682	0.489013	0.735764	
0.204001	0.330733	-0.48131	-0.716323	-0.432671	0.622906	-0.073987	-0.437915	-0.458835	-0.830532	0.857692	0.841343	-0.933509	0.781603	0.275478	0.192643	-0.887799	-0.880209	0.881512	-0.597137	0.149821	0.286195	0.859327	-0.908229	-0.274162	0.890581	-0.816145	0.341238	-0.548835	-0.513873	-0.942361	0.638985	0.973317	0.173664	0.773321	0.498578	0.357209	-0.924724	0.684326	-0.054723	0.262618	-0.958916	0.257958	0.236909	0.228749	-0.75592	-0.584117	-0.418921	0.457803	-0.179235	
0.133476	0.797462	-0.280054	-0.228055	-0.203147	0.614538	0.905383	0.070305	-0.439822	0.136979	-0.544929	-0.494373	-0.030368	-0.646752	0.682012	0.517557	0.849894	-0.000448	-0.70884	-0.861867	-0.923562	-0.51352	-0.540957	-0.589357	0.363478	0.037043	-0.848383	-0.303583	0.36262	-0.352009	-0.530131	-0.574108	-0.259135	-0.692928	-0.85957	0.637491	0.5056	-0.952631	0.328164	0.605843	0.025198	-0.876303	-0.667212	-0.165862	0.476321	0.820068	0.890837	0.842035	-0.082098	0.692361	
0.35624	-0.773686	-0.723303	-0.327492	-0.447886	0.787935	-0.800702	-0.884216	-0.68321	-0.286733	0.380127	-0.002058	0.816181	-0.543091	0.28826	0.410899	0.132191	-0.479556	-0.993437	0.355239	0.949368	-0.928078	0.724906	-0.830527	0.616443	-0.827808	0.471077	-0.278977	0.427674	-0.904183	-0.154256	0.064492	0.022851	0.992608	-0.511087	-0.172825	-0.735067	0.136797	0.272807	0.540103	0.979393	-0.732139	0.73065	-0.368862	-0.273577	0.429351	0.095453	0.864207	-0.730687	-0.813805	
-0.621073	-0.133938	0.989207	-0.071534	-0.71589	-0.374549	-0.607928	-0.258481	0.660004	-0.88479	-0.588212	0.921216	0.341886	0.955585	-0.502421	0.937288	0.123185	-0.161306	0.025398	-0.275845	0.818968	0.945027	0.61209	0.575086	-0.104379	0.680437	-0.057478	-0.833323	0.28824	-0.8122	-0.292609	0.90227	-0.918576	0.980531	-0.580257	0.646965	0.06351	0.952835	-0.485225	-0.779802	0.465406	-0.692095	-0.841783	-0.86722	0.478581	0.678724	-0.511105	0.509961	0.935577	0.631814	
0.305086	-0.715446	-0.532255	0.233666	0.972266	0.256177	-0.572437	-0.239258	-0.096496	0.719871	-0.607981	0.709869	-0.395251	-0.137573	0.55564	0.144545	0.980336	0.755282	0.803628	0.561337	0.84438	-0.607857	-0.222535	-0.284872	-0.807462	0.003474	0.383134	0.46982	0.976567	-0.474787	-0.189715	0.004994	-0.337675	-0.03478	0.396027	-0.426628	0.808313	0.761331	0.841737	0.81731	0.961302	0.446972	0.087632	-0.737256	-0.328166	0.097013	0.746699	0.454044	-0.823496	-0.42007	
-0.178464	0.728812	-0.089129	-0.947789	0.325646	0.234124	0.673759	0.355744	0.384443	0.57371	-0.174009	-0.239949	-0.987686	-0.063323	0.154682	-0.95049	-0.284787	-0.335699	0.130477	0.332711	0.434977	-0.918167	0.929282	0.222051	-0.323662	-0.191648	-0.445937	-0.358866	-0.442843	-0.798572	-0.461092	-0.03928	0.925339	0.702056	0.538024	0.518522	0.401728	0.038976	0.742766	0.369188	0.166955	0.053172	-0.961725	0.108406	-0.442086	0.641842	0.608552	0.036657	-0.151269	0.127053	
0.585215	-0.720752	-0.737687	0.327398	-0.223923	0.364595	0.720939	0.548025	-0.007316	0.084812	0.210346	0.059723	0.233969	0.921316	-0.010723	-0.376425	0.403137	0.129703	-0.771407	0.778412	-0.555995	0.437268	0.091841	0.157595	-0.758555	-0.119136	-0.535742	-0.606357	0.462291	0.34636	-0.818204	0.795208	-0.552685	0.932532	0.318709	-0.086025	-0.042133	-0.260838	-0.339323	-0.624628	0.942666	-0.917269	0.331903	-0.566771	-0.653419	-0.487185	-0.396087	-0.913892	0.138708	0.415165	
-0.574209	0.891161	-0.771954	0.502704	0.815798	0.820583	-0.324305	-0.011141	0.902284	0.574167	0.370275	-0.951311	-0.811924	-0.663859	-0.899236	0.99913	0.330387	-0.632751	-0.17939	-0.440971	-0.383651	-0.455042	-0.254006	-0.207918	-0.891063	0.982321	-0.507707	-0.708995	-0.95623	0.455461	-0.816792	0.814299	0.108003	0.571134	0.652859	-0.011473	0.30879	0.396962	0.494329	-0.334562	0.226903	-0.121768	-0.894451	-0.305801	0.646654	0.523094	0.399266	0.913662	-0.834505	-0.941734	
-0.044781	-0.037727	0.482974	0.42822	-0.860541	0.679082	0.872018	0.66748	0.875762	-0.543203	-0.053173	0.237271	-0.591202	0.360195	0.84765	-0.218648	-0.592558	0.539089	0.204053	0.844156	0.860574	0.368921	-0.774915	0.253267	0.572569	-0.48213	-0.100691	-0.030289	-0.352336	-0.213042	0.862776	-0.547998	-0.863786	-0.514806	0.688887	-0.776603	0.168408	0.104438	-0.436742	-0.438663	-0.386098	-0.687801	0.179584	-0.599266	0.798824	0.128187	-0.834659	0.72672	0.303505	-0.934752	
-0.205457	-0.709186	0.142884	0.102817	-0.387145	-0.687547	0.984407	-0.237072	0.823725	-0.447687	-0.441409	-0.515251	0.788536	0.892139	0.548586	0.387941	-0.420999	-0.649691	-0.430908	-0.460664	-0.867566	-0.380773	-0.493494	-0.72027	-0.254769	-0.560325	0.826222	-0.602876	-0.706133	-0.085088	0.976162	0.749403	0.333686	0.319974	-0.717494	-0.897476	0.493407	0.214392	-0.579284	-0.709803	-0.333626	-0.798734	0.159069	-0.776178	0.127172	-0.580287	0.367562	0.649947	0.522326	0.745187	
0.108168	-0.548749	0.110003	-0.528682	0.13484	0.530933	-0.00343	0.791798	-0.436383	-0.359713	-0.01651	0.868875	0.979131	-0.038787	0.389225	0.752079	-0.928385	0.7636	0.511244	-0.811733	-0.421631	-0.769208	-0.011756	-0.274497	0.054274	-0.991854	-0.90933	-0.38986	0.515143	0.697744	0.525241	-0.808603	-0.914538	-0.285493	0.185991	0.832765	0.38932	-0.357529	0.825912	0.621876	-0.638403	0.519627	-0.472201	-0.915661	0.544041	0.454316	-0.612379	0.519828	-0.233964	-0.419903	
-0.26301	0.981816	0.528897	0.350291	-0.451039	0.016135	-0.091058	0.900518	0.485425	0.848257	0.751363	-0.960049	-0.146905	-0.838748	-0.620884	-0.133631	0.894174	0.155055	0.042472	0.847665	0.756889	0.198488	-0.671969	0.883575	0.627845	0.053765	0.693967	0.927615	0.148725	-0.88341	-0.858496	0.341668	0.001843	-0.397237	0.655895	0.728494	0.491576	-0.664271	-0.512868	0.275046	0.553961	0.994166	0.094102	-0.691357	0.146674	-0.216069	0.270317	0.792344	-0.909091	-0.860493	
0.028422	0.641447	0.719018	0.370322	0.031949	0.119109	-0.067797	-0.26278	-0.994881	0.747493	0.082244	-0.970394	-0.476565	-0.97599	-0.686817	-0.459906	-0.008165	-0.40498	-0.884924	0.593773	-0.476717	0.269378	0.580242	-0.698482	0.567234	0.432848	0.302737	0.962355	-0.832336	-0.380721	0.379912	-0.248294	-0.433661	-0.895285	0.3113	0.293804	0.835	-0.46307	-0.342638	-0.667753	0.69022	-0.913658	0.395169	0.222455	0.0368	0.595937	0.476015	0.630626	-0.352835	-0.222939	
0.507759	-0.247584	0.802555	-0.843933	-0.416061	-0.66957	-0.106477	0.70007	0.019329	0.995585	-0.901453	0.204557	-0.419458	-0.910047	0.108062	-0.042612	-0.746331	-0.272494	-0.949587	-0.531507	0.861902	-0.092639	0.108805	-0.292174	0.320942	0.19177	0.194654	-0.329978	-0.001923	0.425558	0.611679	-0.701814	0.924712	-0.897496	-0.609289	-0.429824	-0.228228	0.055324	0.533177	0.905208	0.932909	-0.70857	0.379288	0.688057	-0.076504	-0.11374	-0.832203	0.641707	0.232568	0.389641	
0.277758	0.466387	-0.323287	0.981339	0.487021	-0.478735	0.965721	0.758922	-0.527991	0.785284	-0.407272	0.490442	-0.300124	-0.139405	0.945288	-0.406372	-0.475703	-0.768418	-0.477093	0.524581	-0.038465	0.022082	-0.288576	-0.42425	0.661646	0.637945	0.200247	0.528565	-0.440367	0.289525	0.534435	0.869387	0.287699	-0.14497	0.716584	-0.227114	-0.545265	0.716575	-0.721986	-0.371819	0.894511	0.015458	-0.494378	0.996983	0.101574	-0.21586	-0.369089	-0.014616	-0.515433	-0.826461	
-0.255095	0.086797	0.445279	-0.54949	0.490193	-0.593842	0.367761	-0.061017	-0.637228	0.706437	-0.657612	0.402054	0.143983	0.064149	-0.731119	0.301964	0.674847	-0.725637	-0.132609	-0.414115	-0.507815	-0.139179	-0.85261	0.543084	0.517392	0.688624	0.152606	-0.745445	-0.902125	-0.643583	-0.149606	-0.263106	0.394078	0.596643	0.446736	0.849321	0.057481	-0.084978	-0.625488	-0.549832	-0.979739	0.104086	0.70315	0.573171	0.7069	-0.168114	-0.183208	0.801693	0.321342	-0.390532	
0.847946	0.256262	-0.606985	0.67876	0.247969	0.057713	0.452776	-0.324971	-0.767874	-0.684568	-0.582883	-0.285929	0.809787	-0.975232	-0.793679	0.499923	0.02112	-0.1203	0.532089	0.529314	0.985031	-0.576646	-0.050572	0.705768	-0.175402	-0.089397	-0.978851	-0.66877	0.708793	-0.567315	0.751448	-0.92307	0.69401	-0.257962	0.316209	0.573093	0.499834	-0.780791	-0.345536	0.789534	-0.004018	-0.175724	0.16064	-0.090827	0.420403	0.57938	-0.322412	-0.001543	-0.027246	0.463587	
-0.00799	-0.544727	0.499902	-0.273219	0.260622	0.792828	0.102417	-0.307269	-0.611575	-0.5821	-0.545132	-0.671147	0.041249	0.691214	0.19819	-0.730437	0.678865	-0.375186	-0.538741	0.46682	0.80225	-0.531943	-0.630392	-0.222317	0.24642	-0.074118	0.091162	0.253992	-0.694318	0.591304	0.282588	-0.458318	-0.079435	0.143708	-0.725933	0.335995	0.095417	-0.228071	-0.431212	-0.678698	-0.509646	-0.105093	0.927141	0.555772	-0.626198	-0.226547	0.830969	0.115854	-0.977006	0.086125	
0.227153	-0.788203	-0.560513	0.062602	0.406184	-0.216322	-0.648989	0.393421	0.902785	0.196961	0.99571	0.800822	-0.779244	-0.628065	0.719852	-0.126791	0.908977	0.468275	0.196106	-0.349306	-0.885061	0.929023	-0.143207	-0.701178	-0.77213	-0.733164	-0.744715	0.540964	-0.868615	-0.146327	0.742927	-0.492202	-0.273992	-0.350274	-0.662566	0.834276	0.819795	0.691692	0.335216	0.078129	-0.649371	0.284365	0.539856	-0.68114	-0.28828	-0.234252	-0.864186	-0.36188	0.298107	-0.174925	
0.073661	-0.621753	-0.591042	0.952444	-0.125543	-0.827256	0.033187	-0.844177	-0.120792	0.498828	0.968731	-0.745965	-0.314806	0.487601	-0.13981	0.696088	0.461314	-0.612181	0.193646	0.864428	-0.403459	-0.654977	-0.079798	0.1431	0.599222	-0.927622	0.589157	0.790824	-0.39638	0.430129	-0.500054	0.556457	-0.62153	-0.091968	-0.663559	-0.355737	-0.54202	-0.230333	-0.086597	-0.299318	0.887668	-0.463241	0.15854	0.807765	0.441747	0.290769	-0.414552	0.230068	-0.515884	-0.363941	
0.475876	0.868468	-0.901753	-0.425907	-0.879907	-0.68538	-0.18004	-0.112121	-0.327427	-0.778769	-0.900311	-0.138846	-0.707794	-0.575289	0.091458	0.55862	0.054706	0.141324	0.63695	0.423236	0.39503	0.069139	-0.910297	0.428044	-0.190253	-0.930066	-0.518046	-0.359678	0.45117	-0.617332	0.696906	-0.879541	-0.905792	0.904248	-0.228478	0.6256	-0.037278	-0.160083	-0.516893	-0.23257	0.594376	0.621433	-0.92346	0.980249	0.331744	-0.009733	-0.809289	0.891693	0.9614	-0.906412	
-0.852612	0.659171	0.658122	0.680113	-0.590607	-0.824835	0.155921	-0.704711	-0.972213	0.706636	-0.542356	0.19515	0.861158	0.045055	-0.462661	0.918179	-0.256431	-0.619571	-0.595874	-0.777623	-0.956229	-0.624094	-0.241489	-0.782629	-0.930909	0.033718	-0.487221	-0.078713	0.571877	0.768436	0.604436	0.751188	-0.626698	0.95871	0.739136	0.036436	-0.524617	0.456646	-0.376746	-0.211519	0.903253	0.678155	0.97828	0.614109	0.547957	-0.540541	0.954036	0.297458	-0.52062	0.645992	
-0.84304	0.824957	0.83529	-0.951989	-0.030617	-0.200337	-0.109136	0.285135	-0.411957	0.138682	-0.959818	-0.260907	-0.58004	-0.282644	0.723418	-0.06474	0.806192	-0.029284	-0.03568	-0.390169	-0.377076	0.297199	-0.389808	-0.087462	-0.505698	-0.783703	-0.481429	0.65269	-0.685682	0.477525	0.846342	-0.910765	-0.623926	0.271833	-0.181992	0.367543	-0.180636	-0.728917	0.562273	-0.527875	-0.634517	-0.518397	-0.373474	-0.626859	-0.270944	0.418594	0.899569	0.113829	-0.844371	-0.251748	
-0.973076	0.668874	-0.217613	-0.135141	0.618643	-0.612766	0.116339	0.089481	-0.328651	0.533499	-0.514049	0.385338	-0.126882	-0.459556	-0.486382	-0.540908	-0.174426	0.390185	-0.724856	0.090696	0.799009	-0.419849	-0.713459	0.069834	-0.709023	-0.68659	0.461233	-0.270268	-0.531339	-0.142855	-0.244108	0.091708	-0.989828	-0.933716	0.284178	-0.353923	0.325895	0.319597	-0.063637	0.080011	-0.530948	-0.333731	-0.172424	0.569196	-0.332624	0.110217	-0.419126	-0.667147	0.801313	0.425099	
-0.964662	-0.434078	0.175616	0.386281	-0.330705	0.528854	-0.783619	0.355991	-0.499456	0.433072	0.68567	-0.99732	-0.819861	0.465489	-0.595876	0.634848	-0.103506	-0.607552	0.676806	0.349013	-0.848783	0.867325	0.78018	0.482865	0.23098	-0.338389	0.720739	-0.583256	0.950242	0.701263	0.993036	0.726224	0.819433	0.015808	0.762196	0.047832	-0.985194	-0.18691	0.799844	-0.533724	0.499401	0.864886	-0.009198	0.714386	-0.210764	0.430069	0.639506	-0.175661	0.595213	-0.327149	
0.680197	-0.807729	-0.161423	0.380787	0.356968	0.905747	-0.081405	0.446566	0.959656	0.536376	-0.064619	0.40365	0.452934	-0.7914	-0.090142	-0.317497	-0.222849	0.9431	0.719008	0.032423	0.88686	0.480127	-0.145854	-0.713181	0.764252	0.384823	-0.092473	0.638538	0.361245	-0.468703	0.05681	-0.997005	0.323551	0.191596	-0.728411	-0.108113	-0.265753	-0.068011	-0.295527	-0.532857	0.473158	-0.855187	0.56866	0.692094	-0.932657	-0.803356	-0.606991	-0.356943	0.140526	-0.986496	
0.293285	0.801726	-0.543036	0.987152	-0.659736	0.358746	-0.890593	-0.748112	-0.900759	-0.907256	0.389051	-0.396961	-0.91289	-0.769527	0.761636	0.965761	0.642771	-0.980243	-0.007436	0.166254	-0.503049	0.143763	-0.176873	0.118596	0.529434	0.219577	0.078442	0.551812	0.161249	0.488202	-0.196641	0.67839	0.563237	-0.335694	-0.297043	-0.7376	-0.853957	0.551706	0.945077	0.901543	0.980033	-0.855304	0.888516	-0.659591	0.09677	0.755784	-0.177264	-0.748541	0.127201	-0.612236	
-0.288121	0.003706	0.289387	-0.685833	-0.877771	0.468948	-0.522087	0.449919	-0.97922	0.571487	0.168269	-0.299763	-0.329205	-0.032258	-0.252727	-0.787632	0.251278	-0.394428	0.188315	-0.526933	0.181006	-0.623118	-0.970843	-0.57026	0.374722	-0.821538	-0.070832	0.491945	0.757839	-0.957147	0.280097	0.513951	-0.1136	0.78752	-0.2526	-0.325894	0.171225	0.317578	-0.131107	0.21231	-0.655151	0.331701	-0.454155	0.002188	-0.613015	-0.217014	0.654407	0.695925	-0.385489	0.73242	
0.16852	-0.117564	-0.672491	-0.61786	0.199221	0.224714	0.17192	-0.156161	0.711347	0.626275	0.312663	-0.399901	-0.888962	-0.861208	0.593863	-0.15006	0.898687	0.061154	-0.888435	0.393776	0.699679	0.893311	-0.045124	0.512353	-0.011536	-0.491887	-0.392609	0.10599	-0.439204	0.711904	-0.117568	-0.578821	0.800278	-0.953505	-0.134869	-0.780363	-0.447045	-0.781407	-0.989104	-0.995002	-0.536886	-0.503763	-0.084841	0.7414	-0.5422	0.482717	-0.187915	-0.806096	0.012921	-0.290709	
0.473348	-0.583761	-0.780176	0.990814	-0.790847	0.909976	-0.798713	-0.661955	-0.713393	-0.394938	0.477102	0.977093	-0.107348	0.741272	-0.387621	-0.673138	-0.262946	0.111177	0.223228	-0.341473	0.762289	0.067544	-0.26141	0.484131	0.721423	-0.814974	-0.303492	-0.055029	0.808539	0.361302	-0.121109	-0.360364	-0.856513	-0.116926	-0.980446	-0.204862	-0.6979	-0.602829	-0.406002	-0.38803	-0.688131	0.297225	-0.751358	-0.875301	-0.765233	-0.79698	0.434303	-0.379286	-0.442652	0.159197	
0.324803	-0.683759	0.252345	-0.03878	0.906158	-0.655223	-0.604239	0.144103	0.819683	0.901079	0.789501	0.157619	0.90892	0.068788	-0.152055	-0.320815	-0.922747	-0.928407	-0.597709	-0.326821	0.853229	-0.060906	-0.934351	-0.293991	-0.495997	-0.013699	-0.782107	-0.695575	0.216395	-0.026325	-0.618489	-0.247701	-0.458319	-0.053008	-0.439302	0.755103	0.536127	0.275426	-0.457153	-0.430916	0.616137	-0.931315	0.532659	0.129975	0.15591	-0.42623	0.453168	-0.141809	0.814703	0.246468	
-0.071751	-0.052083	-0.614502	0.871388	0.366758	0.794233	-0.656447	0.204807	0.702647	-0.508581	-0.846255	-0.159872	0.810402	-0.30806	0.933031	0.454813	-0.395108	0.901383	0.300677	0.755773	0.682666	-0.007873	0.885241	0.389477	0.292913	0.637305	0.643231	-0.878463	0.851005	0.667319	-0.609219	0.37712	-0.611857	-0.075026	-0.267478	-0.531458	-0.869812	0.952621	-0.408955	-0.110854	-0.578134	0.301403	0.206726	0.725537	0.380872	-0.944563	0.265543	0.412146	0.396039	-0.65328	
-0.729628	0.952742	0.968457	0.959351	-0.646939	-0.588011	0.199893	-0.157381	-0.444929	-0.024879	0.636513	-0.931914	0.476185	-0.174398	0.408945	-0.811816	0.617808	0.990035	-0.220017	-0.472977	-0.727146	-0.213248	0.741551	-0.214944	0.437688	0.287633	-0.12204	0.165828	-0.061982	0.636016	-0.120281	0.493353	-0.657936	0.899431	0.709917	-0.053025	0.218145	-0.826383	0.440058	0.474219	0.453871	-0.000606	0.002314	-0.628515	0.377727	-0.323622	0.881524	-0.38513	0.29647	0.654972	
-0.240451	0.398696	0.594063	0.325878	0.447993	0.688005	-0.388387	-0.346542	-0.096417	0.810105	-0.315018	-0.312597	0.021194	0.402495	-0.864163	-0.883831	-0.000627	-0.946946	0.618691	-0.031693	0.697241	-0.176754	-0.603596	-0.711027	0.119685	0.341589	-0.261249	-0.441751	-0.558609	0.426502	-0.704144	0.292628	-0.153133	0.539158	0.894043	0.520032	0.836679	-0.391871	0.602036	0.153803	0.807644	-0.111298	0.177797	0.170935	-0.120594	-0.882477	0.999933	0.581254	-0.049728	0.768135	
0.378744	0.983094	0.98061	-0.84691	-0.649171	0.033688	-0.730574	0.881803	0.761461	0.672225	0.374318	-0.514131	0.543534	0.270489	0.99441	0.342333	-0.964383	0.65559	-0.080561	-0.750877	-0.317698	0.342589	0.837726	-0.92867	-0.788581	-0.139883	0.077897	-0.060436	-0.425574	-0.625937	0.740105	0.786126	-0.696407	0.679858	-0.626901	-0.590461	-0.541544	0.630314	-0.495124	-0.76492	-0.532402	0.141662	-0.859292	0.791799	-0.926079	-0.292573	-0.062853	-0.252582	-0.532705	0.489607	
-0.746993	-0.761458	0.678498	0.777448	-0.93439	-0.849651	-0.279743	0.28355	0.570429	0.475345	0.759303	0.975202	0.551639	0.419229	0.220875	-0.051476	0.566812	0.969375	0.282418	0.771069	-0.345395	0.245253	0.00712	0.410819	-0.104117	0.199951	0.33744	-0.837151	0.426607	0.736435	-0.840299	0.728304	-0.8081	0.715981	0.860761	-0.086411	0.055623	-0.172984	-0.09234	0.882031	0.308215	0.950316	-0.265944	-0.304139	-0.759805	0.666077	-0.60868	0.315801	-0.552377	-0.030052	
0.419765	0.599592	0.301922	0.091361	0.132575	0.747144	-0.778452	0.951191	0.496791	-0.7759	0.437967	0.529627	-0.102223	-0.563863	-0.372512	-0.644948	0.004248	0.51934	-0.456375	-0.589825	0.907801	0.247364	-0.414333	0.070492	0.509185	-0.131471	-0.256242	0.82546	0.192277	0.373807	-0.084789	0.628922	-0.369934	-0.108941	0.170041	-0.88328	0.014327	-0.722226	0.188318	-0.78573	0.667031	0.380764	0.35383	0.370652	-0.023204	0.733177	0.828917	-0.243085	-0.117473	-0.177458	
0.028855	0.009778	0.037055	0.021133	0.033872	0.035713	0.020277	0.002445	0.003848	0.016861	0.037499	0.014647	0.011054	0.037025	0.004076	0.033718	0.029542	0.02445	0.006093	2.3e-05	0.001672	0.008701	0.012724	0.028438	0.030583	0.026662	0.004302	0.017841	0.034131	0.009011	0.007664	0.032701	0.017824	0.034248	0.032755	0.031046	0.024098	0.032037	0.00403	0.001734	0.026984	0.029824	0.017146	0.015731	0.004052	0.034474	0.011787	0.014369	0.018334	0.027133	
0.02035	0.025899	0.01082	0.033133	0.0344	0.030328	0.014653	0.006778	0.030683	0.005996	0.014184	0.025286	0.015752	3.2e-05	0.023327	0.022371	0.029973	0.018816	0.004695	0.014487	0.026583	0.024115	0.026554	0.023351	0.027911	0.019671	0.029997	0.011541	0.019804	0.023648	0.035185	0.008824	0.000388	0.021541	0.031902	0.022683	0.020532	0.02658	0.020642	0.021137	0.027641	0.016617	0.032403	0.009973	0.010628	0.001731	0.032756	0.004007	0.011224	0.028468	
0.03366	0.01381	0.021677	0.030266	0.021177	0.011814	0.015411	0.013744	0.035743	0.025997	0.022327	0.0014	0.032404	0.036995	0.004874	0.013837	0.010839	0.003379	0.027412	0.018704	0.002503	0.03603	0.008513	0.007828	0.010263	0.030577	0.015289	0.014645	0.028528	0.039312	0.028786	0.0165	0.035375	0.022906	0.03586	0.024423	0.004538	0.019452	0.006033	0.014033	0.03148	0.013592	0.030089	0.034798	0.016418	0.015939	0.036666	0.00577	0.003241	0.015143	
0.034846	0.011129	0.028508	0.019294	0.02353	0.027066	0.030127	0.04027	0.027316	0.011668	0.036325	0.016397	0.008284	0.002459	0.00061	0.02359	0.026314	0.035384	0.030984	0.035727	0.016382	0.005008	0.009346	0.004911	0.028903	0.031571	0.020938	0.014785	0.014759	0.037871	0.000685	0.001618	0.027121	0.020067	0.006244	0.007309	0.013268	0.013804	0.002408	0.021803	0.007069	0.035863	0.013947	0.018347	0.023465	0.037413	0.021464	0.028344	0.02605	0.019409	
0.02139	0.025903	0.00287	0.008015	0.032248	0.0213	0.016424	0.02746	0.011585	0.000513	0.005095	0.033445	0.003428	0.009038	0.026604	0.037469	0.022109	0.017403	0.027468	0.025451	0.013592	0.030855	0.029084	0.025877	0.023969	0.024692	0.017951	0.037465	0.032002	0.019396	0.029145	0.005697	0.026898	0.0334	0.000309	0.012049	0.032419	0.03331	0.008653	0.000145	0.003188	0.002421	0.011797	0.004862	0.028197	0.026035	0.012419	0.029183	0.035577	0.034195	
0.020033	0.021479	0.016229	0.026312	0.032974	0.012478	0.01246	0.01572	0.003444	0.016415	0.000882	0.023435	0.008862	0.032977	0.037011	0.014738	0.036877	0.002889	0.004789	0.035658	0.01251	0.024574	0.010868	0.013363	0.035702	0.008635	0.010465	0.031521	0.033652	0.006459	0.017519	0.02367	0.018033	0.003447	0.038351	0.012742	0.009832	0.028063	0.031277	0.034586	0.034218	0.023716	0.010856	0.026581	0.03101	0.035607	0.024627	0.0282	0.003598	0.000656	
0.000899	0.021721	0.016194	0.016027	0.031949	0.030234	0.015611	0.003891	0.031266	0.016569	0.017568	0.027615	0.004003	0.02958	0.024582	0.017288	0.001664	0.01414	0.010015	0.030322	0.030351	0.003243	0.00319	0.005496	0.003172	0.033051	0.026403	0.025622	0.03357	0.034358	0.028346	0.003044	0.027467	0.021946	0.023448	0.003895	0.020657	0.022544	0.013266	0.025531	0.031626	0.02195	0.029455	0.031507	0.005828	0.03001	0.023813	0.016198	0.03419	0.025685	
0.032163	0.012635	0.001549	0.024581	0.012643	0.002041	0.033351	0.014783	0.017502	0.032248	0.035249	0.001262	0.000992	0.031093	0.022626	0.031506	0.029088	0.018747	0.014735	0.031148	0.023382	0.018391	0.010269	0.016293	0.010417	0.023088	0.034489	0.025447	0.01256	0.002211	0.034776	0.033628	0.0176	0.031195	0.001635	0.026001	0.006798	0.025929	0.02713	0.020317	0.01838	0.009461	0.026222	0.02203	0.000594	0.027583	0.025538	0.006176	0.026602	0.035916	
0.018157	0.001064	0.010578	0.024502	0.008373	0.01974	0.014367	0.043045	0.023777	0.002032	0.040128	0.031466	0.012174	0.012649	0.015846	0.035814	0.00191	0.041921	0.005891	0.003805	0.029712	0.017471	0.00258	0.026023	0.011029	0.043374	0.036437	0.033832	0.029739	0.01997	0.008118	0.003325	0.019385	0.011569	0.015152	0.042722	0.023196	0.012643	0.004026	0.00253	0.041171	0.036139	0.039768	0.032615	0.024237	0.035374	0.000556	0.014837	0.001004	0.014227	
0.000333	0.031199	0.017053	0.038592	0.041106	0.023558	0.045218	0.011338	0.016413	0.045179	0.013736	0.029724	0.008539	0.000332	0.032205	0.003044	0.008873	0.004179	0.01026	0.001818	0.03945	0.023611	0.004404	0.00715	0.016132	0.020544	0.014364	0.0085	0.021138	0.010798	0.034868	0.04153	0.021465	0.011208	0.033912	0.008093	0.044316	0.042786	0.018516	0.002858	0.0028	0.016275	0.022431	0.017849	0.012648	0.019405	0.00406	0.01132	0.049852	0.035018	
0.030372	0.022609	0.032791	0.011119	0.025377	0.041703	0.032844	0.003793	0.022625	0.014831	0.005769	0.000233	0.004908	0.020855	0.015288	0.040822	0.030881	0.033069	0.028159	0.010303	0.021858	0.014259	0.040481	0.021046	0.005062	0.010927	0.003359	0.019688	0.035198	0.03599	0.005529	0.005764	0.025415	0.016534	0.014107	0.033409	0.023317	0.025876	0.00198	0.025814	0.001516	0.017756	0.020878	0.006275	0.036882	0.004332	0.011371	0.020251	0.038244	0.028531	
0.008639	0.000814	0.021601	0.020515	0.019997	0.024565	0.033876	0.017368	0.019148	0.02262	0.016677	0.023176	0.035535	0.023348	0.026585	0.025096	0.030258	0.015454	0.02689	0.034996	0.027013	0.021483	0.013431	0.027919	0.030518	0.022876	0.036359	0.006494	0.035016	0.025104	0.000208	0.013161	0.028691	0.009422	0.003606	0.035739	0.016793	0.022531	0.018627	0.016993	0.020586	0.013664	0.029009	0.003697	0.006666	0.008121	0.011543	0.013774	0.009678	0.02412	
0.034088	0.016777	0.01883	0.017497	0.010792	0.012604	0.028001	0.022372	0.024893	0.003566	0.030742	0.035519	0.030938	0.012943	0.034263	0.017707	0.019067	0.019044	0.030285	0.028444	0.005438	0.017457	0.016504	0.021278	0.006527	0.020865	0.013497	0.026291	0.00142	0.03361	0.009556	0.019116	0.031241	0.02041	0.026745	0.008581	0.000638	0.032351	0.024654	0.020431	0.022293	0.012017	0.030596	0.001177	0.027872	0.012505	0.033285	0.029968	0.004068	0.021237	
0.021525	0.030565	0.00852	0.012633	0.019426	0.014284	0.034389	0.010259	0.033142	0.01618	0.009999	0.04039	0.001808	0.024721	0.025835	0.029419	0.005776	0.0022	0.005998	0.004034	0.014334	0.040643	0.032062	0.034047	0.035026	0.033055	0.012597	0.020047	0.034914	0.03953	0.001968	0.000284	0.023864	0.009533	0.036992	0.022194	0.041688	0.005854	0.015836	0.032822	0.012142	0.036579	0.010799	0.036458	0.005729	0.000461	0.020258	0.013714	0.006115	0.019352	
0.018525	0.009651	0.040855	0.006835	0.009534	0.013198	0.042852	0.020745	0.010383	0.015649	0.003438	0.016683	0.02508	0.0118	0.014489	0.023483	0.016258	0.016642	0.02511	0.019535	0.03187	0.027148	0.011934	0.035694	0.015122	0.030524	0.032783	0.019285	0.041483	0.01957	0.016978	0.017478	4e-06	0.018942	0.01913	0.011643	0.042838	0.020674	0.019037	0.019179	0.001456	0.007269	0.010152	0.002621	0.005205	0.03838	0.028092	0.033043	0.031246	0.030475	
0.019752	0.01426	0.01104	0.041827	0.006453	0.042579	0.019735	0.016926	0.007669	0.021469	0.04225	0.007844	0.001544	0.003808	0.023258	0.034381	0.000577	0.032719	0.010487	0.021835	0.041559	0.015256	0.042095	0.002719	0.011906	0.019997	0.028608	0.006569	0.002736	0.04184	0.014499	0.022657	0.009834	0.000934	0.000888	0.04117	0.002425	0.001727	0.038532	0.000419	0.011795	0.034161	0.032087	0.023733	0.021752	0.033096	0.040089	0.036955	0.007399	0.03215	
0.008129	0.001828	0.044441	0.019522	0.036546	0.023332	0.005745	0.018002	0.010675	0.037448	0.014932	0.012065	0.002696	0.027229	0.005069	0.031728	0.018902	0.021093	0.001056	0.021943	0.017044	0.020292	0.047015	0.033071	0.014383	0.037772	0.011444	0.017063	0.01747	0.009708	0.033456	0.000196	0.036169	0.003276	0.006161	0.030651	0.042911	0.004079	0.020081	0.024034	0.023292	0.001551	0.020555	0.001087	0.022767	0.00255	0.040825	0.032767	0.042346	0.023603	
0.007586	0.034463	0.029329	0.01544	0.014441	0.000784	0.017396	0.006053	0.027046	0.012225	0.002515	0.028228	0.029304	0.031397	0.0297	0.022979	0.013908	0.029829	0.002504	0.027396	0.026872	0.019015	0.033026	0.020122	0.025123	0.012954	0.024897	0.03311	0.006098	0.022947	0.00944	0.011186	0.032353	0.033736	0.018747	0.005597	0.032236	0.023721	0.024614	0.011583	0.020267	0.016531	0.001115	0.031915	0.018452	0.021394	0.031124	0.015839	0.020982	0.012481	
0.004128	0.033735	0.021709	0.035693	0.032158	0.016811	0.009589	0.02747	0.034836	0.010927	0.012742	0.031081	0.024538	0.02715	0.025761	0.003833	0.013121	0.032567	0.017796	0.026542	0.000501	0.025633	0.006191	0.027337	0.028189	0.013849	0.04195	0.005218	0.008467	0.024276	0.025098	0.011533	0.000736	0.029665	0.026258	0.01063	0.019168	0.014715	0.033783	0.031084	0.004035	0.026633	0.020879	0.007794	0.019641	0.03062	0.038181	0.017155	0.000957	0.007637	
0.007352	0.014482	0.0003	0.00754	0.031297	0.0374	0.013979	0.019943	0.024894	0.0013	0.021637	0.024491	0.034041	0.032694	0.033413	0.036784	0.025964	0.033186	0.003356	0.032594	0.004267	0.036236	0.008026	0.004092	0.032717	0.018325	0.028293	0.02457	0.000937	0.02531	0.031491	0.015523	0.011603	0.022534	0.00806	0.020312	0.032524	0.030339	0.020308	0.016412	0.014642	0.010549	0.026691	0.033815	0.000364	0.014453	0.024552	0.015557	0.011521	0.01933	
0.023168	0.00697	0.039323	0.00713	0.019392	0.000248	0.005107	0.008233	0.030919	0.036232	0.023917	0.010766	0.001274	0.035657	0.006525	0.02347	0.018762	0.037478	0.046667	0.03313	0.043452	0.001787	0.00107	0.035692	0.016909	0.007348	0.046635	0.031103	0.012574	0.021159	0.001515	0.042242	0.043929	0.036954	0.006315	0.007056	0.001283	0.008885	0.007397	0.032609	0.010164	0.002774	0.015268	0.038699	0.011634	0.041086	0.008006	0.017982	0.028992	0.005113	
0.020113	0.01882	0.029467	0.01878	0.04221	0.036425	0.014068	0.017094	0.003016	0.043124	0.037901	0.023578	0.020293	0.019901	0.044388	0.008581	0.011204	0.029019	0.000269	0.01845	0.040232	0.003289	0.002679	0.015144	0.000176	0.038569	0.018379	0.00012	0.029823	0.046576	0.035358	0.012338	0.001049	0.01477	0.025757	0.008216	0.030721	0.001933	0.017838	0.013005	0.002231	0.020615	0.015804	0.008641	0.011647	0.027261	0.040309	0.034684	0.025941	0.000194	
0.041535	0.006451	0.006755	0.03448	0.003125	0.025714	0.030286	0.009825	0.014842	0.007879	0.010011	0.034385	0.007331	0.008375	0.031957	0.007788	0.02553	0.003232	0.014911	0.00509	0.032924	0.028687	0.035593	0.034872	0.00062	0.045341	0.001875	0.009977	0.020046	0.041285	0.040469	0.018196	0.019386	0.01128	0.044454	0.045203	0.037252	0.024237	0.010323	0.014045	0.001503	0.016015	0.010343	0.002559	0.038163	0.012013	0.00711	0.036225	0.024444	0.006058	
0.014345	0.014064	0.037454	0.002096	0.022785	0.031134	0.018491	0.031492	0.014373	0.020319	0.023484	0.024743	0.020263	0.015714	0.01019	0.030425	0.008432	0.017042	0.005709	0.020621	0.013656	0.030233	0.005479	0.013421	0.007476	0.010528	0.007967	9.5e-05	0.022369	0.023773	0.023692	0.028651	0.004361	0.024292	0.014729	0.033518	0.033099	0.01025	0.020225	0.019492	0.023973	0.036138	0.025138	0.034889	0.037238	0.003688	0.032333	0.019938	0.021298	0.034885	
0.035288	0.033874	0.012845	0.001068	0.002175	0.015127	0.008202	0.023954	0.032841	0.01561	0.018925	0.01147	0.023442	0.00161	0.020614	0.017228	0.038352	0.018436	0.013108	0.004679	0.012605	0.038028	0.020433	0.022412	0.030735	0.021259	0.028042	0.010331	0.012392	0.034689	0.009003	0.018159	0.017705	0.018345	0.035685	0.007036	0.035663	0.009387	0.02839	0.038488	0.024392	0.030074	0.032474	0.011573	0.009261	0.037817	0.001541	0.019948	0.032593	0.002692	
0.031135	0.031928	0.027034	0.035559	0.012347	0.029241	0.030577	0.003678	0.009736	0.000843	0.013537	0.033626	0.012973	0.000343	0.026293	0.018107	0.00062	0.023923	0.026539	0.036942	0.036211	0.016625	0.005408	0.028822	0.000792	0.037652	0.021913	0.024141	0.008916	0.027848	0.021252	0.01436	0.018159	0.015646	0.020448	0.037436	0.031916	0.003804	0.011682	0.003753	0.010826	0.023751	0.0312	0.021217	0.030644	0.024082	0.029893	0.01259	0.014704	0.009328	
0.010823	0.009844	0.005319	0.037523	0.019399	0.031766	0.029603	0.006927	0.001816	0.021565	0.014467	0.02541	0.020013	0.011608	0.01166	0.019449	0.017591	0.03453	0.036574	0.010196	0.009351	0.009462	0.022179	0.025562	0.029516	0.008658	0.036138	0.027347	0.018427	0.024621	0.016764	0.030592	0.021976	0.000601	0.028174	0.013517	0.013478	0.018399	0.04106	0.006199	0.021216	0.016092	0.034259	0.034949	0.038467	0.026401	0.000811	0.019991	0.029672	3.8e-05	
0.032934	0.001308	0.007863	0.022301	0.024838	0.022168	0.019642	0.031456	0.004236	0.014817	0.009187	0.016379	0.03657	0.010268	0.030712	0.035397	0.017986	0.038808	0.010841	0.035023	0.014789	0.028669	0.012972	0.002499	0.020593	0.027495	0.00966	0.015791	0.008777	0.011382	0.006124	0.033117	0.032278	0.004183	0.005358	0.003665	0.021404	0.014444	0.008605	0.018476	0.031986	0.035562	0.031303	0.026662	0.023572	0.034376	0.014568	0.035804	0.03107	0.012082	
0.036928	0.030279	0.019496	0.025668	0.021702	0.005077	0.008909	0.01969	0.031311	0.031859	0.016283	0.025766	0.013708	0.015317	0.024536	0.03107	0.012567	0.033913	0.004687	0.001015	0.002914	0.028261	0.017311	0.026082	0.001471	0.035488	0.023671	0.023067	0.030083	0.016062	0.024636	0.008977	0.022242	0.019717	0.003999	0.001467	0.03633	0.004635	0.016098	0.029102	0.013459	0.033355	0.032875	0.024531	0.002739	0.035044	0.027537	0.015341	0.029802	0.003923	
0.008149	0.037563	0.01511	0.010321	0.031728	0.047826	0.040799	0.008032	0.012126	0.013444	0.000155	0.039716	0.02589	0.012935	0.02328	0.0091	0.025905	0.034183	0.006552	0.01716	0.033321	0.010785	0.00712	0.015134	0.045837	0.00855	0.006077	0.02972	0.012748	0.004147	0.020143	0.003436	0.001032	0.002076	0.013382	0.038316	0.045367	0.002483	0.020729	0.01403	0.029713	0.044713	0.028054	0.0119	0.027862	0.002351	0.018082	0.025581	0.049084	0.008253	
0.033561	0.034384	0.026925	0.006596	0.034334	0.019239	0.02912	0.006142	0.002992	0.023992	0.005615	0.018865	0.039309	0.0175	0.009781	0.008304	0.002738	0.025016	0.022934	0.009583	0.030618	0.001078	0.030925	0.022885	0.004522	0.004677	0.037864	0.032255	0.030584	0.028516	0.033607	0.021438	0.031428	0.039229	0.03022	0.037509	0.003119	0.009934	0.015704	0.002823	0.025919	0.027974	0.0161	0.0298	0.017587	0.001362	0.012979	0.002997	0.021177	0.01824	
0.019397	0.030302	0.023409	0.023519	0.027701	0.022111	0.030642	0.010334	0.018096	0.027993	0.023645	0.00684	0.022747	0.019946	0.027489	0.006154	0.030882	0.017311	0.011503	0.031793	0.020207	0.022889	0.013025	0.001568	0.032134	0.012467	0.016554	0.035219	0.026555	0.002424	0.036751	0.019796	0.026582	0.002109	0.038052	0.0051	0.03038	0.02875	0.022148	0.009574	0.001024	0.02627	0.026849	0.035532	0.023827	0.010546	0.015948	0.004039	0.005529	0.016338	
0.025107	0.014214	0.011961	0.028715	0.013324	0.003853	0.008782	0.026285	0.024999	0.020741	0.000271	0.022618	0.018095	0.022001	0.014989	0.008424	0.007816	0.032266	0.015174	0.021215	0.02584	0.022477	0.025969	0.03347	0.038365	0.021568	0.004575	0.038235	0.011538	0.025603	0.018877	0.020746	0.029244	0.01033	0.030924	0.019515	0.022349	0.031434	0.005657	0.029683	0.029894	0.003181	0.034514	0.021424	0.006944	0.021815	0.004984	0.008805	0.024419	0.036771	
0.033683	0.038164	0.014296	0.007051	0.005004	0.029831	0.008206	0.013793	0.0428	0.016004	0.036466	0.040376	0.001965	0.014505	0.019682	0.007097	0.039364	0.012919	0.014574	0.005872	0.024617	0.019647	0.003038	0.030546	0.027683	0.000772	0.030283	0.007573	0.015075	0.027943	0.006753	0.027714	0.015506	0.009949	0.031325	0.010693	0.017545	0.023818	0.008051	0.030914	0.034734	0.028692	0.023463	0.012074	0.029866	0.032109	0.00044	0.032267	0.026222	0.009036	
0.030476	0.023518	0.02902	0.022033	0.017548	0.008025	0.030857	0.022095	0.027956	0.003067	0.025562	0.013149	0.035576	0.020207	0.006364	0.02148	0.007267	0.029248	0.014967	0.027531	0.01083	0.023096	0.02395	0.022888	0.004837	0.033697	0.037176	0.013596	0.030946	0.012205	0.026926	0.024922	0.02207	0.013999	0.013572	0.001393	0.000862	0.035687	0.032228	0.016988	0.002838	0.017012	0.033606	0.031612	0.003612	0.011102	0.037393	0.002371	0.018846	0.023794	
0.032801	0.000814	0.031183	0.026824	0.015002	0.010551	0.018714	0.00534	0.028108	0.025507	0.016395	0.039699	0.004849	0.015552	0.039438	0.012005	0.039155	0.018563	0.004399	0.01292	0.017774	0.04216	0.042362	0.041788	0.024991	0.020162	0.00358	0.004849	0.011258	0.042584	0.003403	0.005956	0.0384	0.040224	0.00314	7e-05	0.040959	0.021693	0.026625	0.003752	0.004406	0.015328	0.005764	0.005057	0.030268	0.010872	0.029088	0.02984	0.016039	0.019789	
0.003436	0.019531	0.031814	0.030213	0.00809	0.001518	0.038959	0.02215	0.001989	0.030848	0.003892	0.016151	0.037368	0.014555	0.035605	0.008355	0.007802	0.005863	0.024911	0.037399	0.013083	0.000686	0.001023	0.038508	0.013024	0.002746	0.003358	0.02676	0.016997	0.025409	0.035586	0.032864	0.014155	0.005303	0.033977	0.038729	0.00265	0.028236	0.016248	0.021606	0.018361	0.01731	0.033046	0.016208	0.035492	0.017351	0.027166	0.023835	0.019636	0.040198	
0.025161	0.026884	0.023243	0.026465	0.001788	0.017629	0.016406	0.037686	0.032931	0.020646	0.02514	0.006043	0.010534	0.034123	0.002428	0.029033	0.032079	0.005712	0.032786	0.017538	0.017849	0.011184	0.017244	0.018318	0.029833	0.009929	0.025876	0.007935	0.027165	0.021982	0.005578	0.025222	0.030305	0.028609	0.014323	0.012345	0.006797	0.034453	0.015955	0.024631	0.034672	0.014334	0.035514	0.003887	0.005138	0.026007	0.026973	0.001546	0.037153	0.004988	
0.001606	0.026374	0.017489	0.003654	0.017365	0.025512	0.03221	0.01628	0.026989	0.015704	0.016276	0.011202	0.033246	0.005113	0.03936	0.000494	0.032377	0.00648	0.036195	0.022316	0.015591	0.00825	0.001549	0.011453	0.0375	0.009517	0.022839	0.012795	0.022296	0.011559	0.016485	0.039167	0.028309	0.033881	0.013253	0.03939	0.019677	0.02768	0.0228	0.002709	0.024424	0.016903	0.00636	0.001258	0.039868	0.032502	0.031991	0.035344	0.003182	0.025226	
0.007805	0.007636	0.008604	0.000155	0.022816	0.007981	0.021193	0.030576	0.007019	0.027725	0.01354	0.016846	0.010098	0.03921	0.029323	0.022015	0.029418	0.022936	0.014712	0.033262	0.004437	0.046794	0.012541	0.019129	0.005635	0.044196	0.013189	0.036368	0.034286	0.022512	0.011898	0.019295	0.001053	0.00615	0.028149	0.001285	0.036684	0.022209	0.003224	0.005011	0.041744	0.032689	0.02148	0.00846	0.033568	0.041576	0.035593	0.011462	0.013059	0.013454	
0.005877	0.034989	0.014881	0.008218	0.014007	0.025024	0.040526	0.019766	0.011288	0.03082	0.015475	0.002151	0.011775	0.033142	0.007297	0.034835	0.002468	0.00359	0.029799	0.039533	0.012479	0.024425	0.001116	0.020803	0.009118	0.041029	0.014198	0.028368	0.012511	0.004381	0.024676	0.035751	0.001027	0.000141	0.033874	0.031553	0.019704	0.002922	0.040109	0.020549	0.014163	0.013789	0.021986	0.025913	0.041942	0.024449	0.042579	0.01544	0.016592	0.018952	
0.035979	0.03165	0.004128	0.005071	0.003322	0.017013	0.023412	0.022369	0.002446	0.021296	0.031058	0.026008	0.030306	0.028503	0.001355	0.028426	0.027747	0.005473	0.030968	0.034889	0.03125	0.023822	0.027925	0.017683	0.02133	0.023513	0.020481	0.032991	0.020457	0.006306	0.010834	0.0058	0.025206	0.034662	0.006073	0.034263	0.031745	0.011531	0.016886	0.028231	0.006528	0.022633	0.010183	0.032056	0.010527	0.003211	0.010268	0.032175	0.0266	0.003411	
0.022148	0.017287	0.040019	0.006337	0.023242	0.032273	0.013275	0.008973	0.048962	0.04584	0.031369	0.014031	0.015343	0.00127	0.044711	0.029167	0.032419	0.011668	0.044141	0.032862	0.046232	0.012436	0.019902	0.004995	0.038829	0.009802	0.015193	0.024005	0.021181	0.000532	0.00025	0.018178	0.028228	0.000715	0.008295	0.009338	0.015756	0.003176	0.003624	0.00296	0.00207	0.047942	0.00456	0.049041	0.00707	0.014586	0.016728	0.045264	0.001754	0.012021	
0.026717	0.028975	0.000139	0.026052	0.016975	0.003349	0.027031	0.035644	0.019355	0.013088	0.011687	0.008108	0.001511	0.03254	0.037506	0.001915	0.031206	0.029251	0.023377	0.000882	0.02992	0.036991	0.019072	0.022968	0.032314	0.015278	0.008211	0.022547	0.02132	0.002084	0.016438	0.027848	0.03053	0.018722	0.002345	0.024909	0.006436	0.033935	0.023481	0.017125	0.02574	0.012266	0.012838	0.029682	0.024863	0.000238	0.023891	0.034933	0.019506	0.028261	
0.022262	0.0042	0.029612	0.007063	0.018336	0.00608	0.008611	0.004594	0.001265	0.023624	0.03074	0.035835	0.037258	0.022027	0.043835	0.026884	0.031397	0.017561	0.028716	0.037175	0.005569	0.001596	0.02666	0.035984	0.026853	0.009752	0.000179	0.016523	0.00451	0.004885	0.023409	0.018427	0.031868	0.042673	0.034012	0.031316	0.000946	0.032061	0.017962	0.035977	0.043945	0.016158	0.038671	0.013493	0.005197	0.020237	0.010532	0.005868	0.004304	0.003358	
0.009071	0.032896	0.022941	0.008547	0.033679	0.002945	0.013478	0.030195	0.027523	0.018906	0.014247	0.030013	0.006277	0.027875	0.037957	0.01313	0.010109	0.035711	0.002443	0.022359	0.023637	0.025924	0.014053	0.01001	0.027569	0.020265	0.017478	0.015026	0.015829	0.001136	0.013828	0.031525	0.02547	0.031921	0.032907	0.020887	0.004026	0.030573	0.02806	0.030441	0.012629	0.001322	0.014947	0.034246	0.016077	0.009	0.022033	0.033374	0.006626	0.028879	
0.036197	0.001137	0.024137	0.016053	0.037712	0.021296	0.034717	0.035656	0.016336	0.011844	0.03074	0.032987	0.024	0.026475	0.013614	0.031555	0.002329	0.023099	0.037851	0.023165	0.012776	0.006909	0.012559	0.002707	0.015588	0.008123	0.002554	0.024364	0.018263	0.004574	0.007194	0.026957	0.032002	0.036091	0.011083	0.031688	0.004157	0.030598	0.021462	0.002584	0.034965	0.029697	0.010604	0.003703	0.013839	0.029497	0.030978	0.000938	0.028754	0.023892	
0.0214	0.022978	0.026052	0.00044	0.036004	0.035527	0.011143	0.009289	0.005621	0.027642	0.006142	0.020077	0.043029	0.017906	0.032183	0.018431	0.004682	0.00401	0.00868	0.003075	0.014141	0.041714	0.03068	0.032084	0.006757	0.030846	0.013572	0.018752	0.018843	0.023839	0.04252	0.018389	0.040141	0.043607	0.023647	0.004397	0.021952	0.020155	0.04065	0.009497	0.022239	0.008301	0.025108	0.008711	0.039424	0.002807	0.019613	0.001146	0.002246	0.019911	
0.00662	0.020559	0.041838	0.010128	0.016922	0.019872	0.021938	0.007185	0.030698	0.018475	0.041774	0.004626	0.02737	0.013972	0.022355	0.012526	0.028496	0.03983	0.008122	0.010744	0.002276	0.01569	0.037375	0.014319	0.01226	0.016103	0.024734	0.004092	0.01508	0.005382	0.035442	0.019382	0.038337	0.041662	0.025602	0.006866	0.024962	0.015371	0.023763	0.034758	0.039202	0.007583	0.028243	0.003116	0.020077	0.010439	0.014618	0.008405	0.023429	0.027382	
0.012884	0.031074	0.036095	0.036566	0.036159	0.001546	0.001779	0.026674	0.021261	0.040431	0.041312	0.009237	0.022844	0.003279	0.003299	0.029889	0.020583	0.03303	0.02726	0.029345	0.004166	0.02852	0.018016	0.001279	0.018676	0.012545	0.025878	0.001564	0.019346	0.031013	0.030443	0.033384	0.002783	0.00713	0.010284	0.02118	0.016461	0.042034	0.023877	0.009576	0.016145	0.023665	0.03457	0.018632	0.015663	0.011432	0.012285	0.00111	0.010279	0.033517	
0.020805	0.020441	0.021999	0.010163	0.033535	0.010839	0.015852	0.017411	0.023993	0.006543	0.017599	0.022315	0.024638	0.000791	0.037298	0.021766	0.024144	0.011592	0.002668	0.004573	0.035982	0.001544	0.024048	0.034705	0.020616	0.030117	0.022924	0.027928	0.018643	0.010268	0.011683	0.024935	0.024362	0.023786	0.019654	0.015049	0.010782	0.02952	0.011334	0.024334	0.033936	0.008701	0.025654	0.018265	0.024624	0.020257	0.029635	0.03364	0.002931	0.031178	
0.019034	0.028381	0.009121	0.012907	0.02689	0.023511	0.031034	0.023868	0.01549	0.019428	0.006609	0.0105	0.018827	0.03419	0.000388	0.020951	0.014846	0.022102	0.03659	0.025845	0.021924	0.029886	0.021455	0.023026	0.007607	0.00654	0.009622	0.025882	0.024564	0.013994	0.025913	0.016865	0.030344	0.024321	0.024966	0.027367	0.004302	0.018076	0.007453	0.033562	0.037405	0.023004	0.015715	0.001618	0.003009	0.012101	0.025184	0.020771	0.030373	0.032639	
0.032343	0.038028	0.018411	0.021922	0.016546	0.021312	0.025913	0.026966	0.019215	0.003082	0.03511	0.01011	0.032377	0.002182	0.030878	0.00889	0.015591	0.02429	0.007923	0.020258	0.0299	0.008559	0.012194	0.002677	0.033064	0.017607	0.025408	0.004008	0.023522	0.009875	0.001085	0.017594	5.6e-05	0.018089	0.038881	0.004033	0.011934	0.016503	0.035949	0.039227	0.034402	0.022512	0.011627	0.025261	0.034975	0.023054	0.020485	0.023422	0.020076	0.022674	
0.023495	0.016357	0.02881	0.025803	0.025963	0.024102	0.011226	0.010594	0.003323	0.028591	0.037546	0.020772	0.033009	0.04038	0.006342	0.036181	0.035327	0.011214	0.019177	0.001539	0.014171	0.02932	0.009631	0.007774	0.020865	0.036952	0.025914	0.040153	0.007856	0.018494	0.011517	0.036248	0.020093	0.013617	0.024429	0.02176	0.004382	0.040149	0.032753	0.013731	0.016021	0.00868	0.004647	0.02796	0.004537	0.003439	0.022556	0.003821	0.001692	0.037087	
0.035729	0.025045	0.029699	0.003767	0.03632	0.034754	0.020784	0.007888	0.027241	0.01006	0.018907	0.000988	0.013266	0.019267	0.027012	0.004103	0.003548	0.012872	0.033511	0.030871	0.036502	0.008513	0.023658	0.006762	0.03456	0.031602	0.009168	0.025706	0.025567	0.017429	0.004916	0.022204	0.030556	0.017688	0.024999	0.024816	0.032798	0.034228	0.027943	0.019297	0.010075	0.020383	0.007241	0.0185	0.034636	0.004063	0.000967	0.031234	0.012213	0.006144	
0.031763	0.021925	0.018312	0.002616	0.037701	0.034873	0.006331	0.008186	0.029487	0.023713	0.02993	0.005458	0.015123	0.005054	0.014002	0.001588	0.041928	0.015749	0.014534	0.003888	0.013297	0.028603	0.042358	0.010174	0.006632	0.001275	0.022563	0.013092	0.042756	0.019375	0.021964	0.017158	0.029498	0.015746	0.044073	0.025993	0.006306	0.005938	0.000964	0.044268	0.005645	0.001576	0.028085	0.023196	0.028203	0.041678	0.013939	0.008586	0.039928	0.03497	
0.025888	0.035433	0.026972	0.001839	0.036098	0.002294	0.010921	0.024807	0.003435	0.035612	0.023788	0.016717	0.034	0.03357	0.002972	0.000688	0.014744	0.032728	0.008014	0.032666	0.012285	0.026704	0.010569	0.021929	0.004661	0.023942	0.013811	0.033841	0.017043	0.027875	0.014117	0.030006	0.018013	0.003779	0.008364	0.03382	0.023803	0.019222	0.011141	0.004834	0.005432	0.00414	0.036476	0.030374	0.032484	0.018981	0.033128	0.032025	0.027584	0.016431	
0.032152	0.026413	0.028085	0.024116	0.00276	0.008129	0.028494	0.009202	0.010707	0.007046	0.027905	0.010022	0.027297	0.011487	0.0335	0.02401	0.026321	0.039365	0.017651	0.017996	0.03511	0.001354	0.032267	0.033311	0.019258	0.001716	0.025018	0.016153	0.011687	0.014535	0.015572	0.032606	0.000699	0.003069	0.027498	0.020287	0.029041	0.01896	0.03909	0.030906	0.010821	0.014805	0.027768	0.005733	0.015634	0.006249	0.026827	0.031668	0.020581	0.019119	
0.023727	0.006028	0.012712	0.030865	0.021015	0.034729	0.006443	0.02082	0.001185	0.006537	0.023173	0.03467	0.021512	0.01829	0.018255	0.010169	0.022659	0.025603	0.031198	0.016451	0.03208	0.001781	0.010252	0.035612	0.017492	0.007109	0.024933	0.021672	0.037146	0.004445	0.037317	0.007002	0.011779	0.034796	0.015381	0.023968	0.010422	0.036855	0.035004	0.031476	0.009294	0.032132	0.02932	0.014905	0.007091	0.001579	0.028726	0.011981	0.011961	0.030448	
0.012489	0.009537	0.000516	0.023274	0.020299	0.02419	0.035481	0.005358	0.029162	0.018156	0.013443	0.016281	0.015769	0.034512	0.025815	0.030207	0.0351	0.021604	0.004897	0.005733	0.01405	0.020067	0.003915	0.03006	0.024644	0.030736	0.025383	0.005965	0.018034	0.024194	0.019789	0.028823	0.027473	0.01406	0.033125	0.00826	0.020166	0.030835	0.022088	0.026344	0.022454	0.026459	0.019469	0.002808	0.031612	0.027156	0.01847	0.002566	0.021592	0.01758	
0.009958	0.0365	0.038187	0.010957	0.033793	0.02432	0.029071	0.009545	0.004994	0.026796	0.017122	0.002494	0.031367	0.004094	0.038111	0.00858	0.015395	0.011723	0.033189	0.025419	0.037331	0.020472	0.019364	0.021565	0.020592	0.028173	0.039106	0.008301	0.001447	0.021238	0.028789	0.017133	0.006617	0.018802	0.016169	0.034916	0.005137	0.014679	0.026837	0.016463	0.032195	0.028499	0.00897	0.023326	0.002972	0.007806	0.020303	0.003144	0.035511	0.022528	
0.036119	0.026225	0.011507	0.01054	0.022046	0.034102	0.003457	0.019876	0.023467	0.010545	0.036251	0.008348	0.018086	0.014658	0.035014	0.01397	0.020339	0.001643	0.025894	0.028911	0.003947	0.021565	0.028325	0.014947	0.025201	0.019847	0.032449	0.03342	0.030479	0.015843	0.00551	0.028477	0.026222	0.026276	0.002036	0.031675	0.017588	0.015737	0.013118	0.005927	0.029558	0.032736	0.00136	0.031596	0.001397	0.016034	0.01904	0.013433	0.028171	0.027088	
0.037912	0.029343	0.025403	0.012	0.012198	0.022224	0.02991	0.026278	0.002143	0.016311	0.039825	0.025756	0.026726	0.026476	0.013243	0.029315	0.005719	0.015843	0.024597	0.002118	0.030576	0.017634	0.002845	0.002395	0.026146	0.014903	0.015668	0.017045	0.013196	0.014287	0.035962	0.0023	0.009852	0.024355	0.036219	0.016727	0.019617	0.003743	0.010253	0.021113	0.035555	0.004341	0.006073	0.035005	0.015238	0.035583	0.041634	0.005539	0.027772	0.035084	
0.032959	0.033568	0.035804	0.020638	0.024415	0.029296	1.5e-05	0.008476	0.017679	0.038121	0.02784	0.014067	0.028457	0.02656	0.031148	0.003701	0.01383	0.012437	0.030511	0.015408	0.002314	0.008003	0.010987	0.028539	0.032864	0.013075	0.004129	0.033926	0.032059	0.015971	0.031943	0.003975	0.007243	0.024046	0.025574	0.021919	0.002488	0.020087	0.024529	0.014099	0.01987	0.017953	0.036453	0.010518	0.013236	0.025177	0.024591	0.008288	0.026857	0.014357	
0.025816	0.016514	0.037111	0.015068	0.038739	0.026773	0.025436	0.023158	0.005872	0.026832	0.007622	0.000404	0.002442	0.01807	0.019908	0.020571	0.010184	0.033065	0.031577	0.015934	0.020408	0.005833	0.032261	0.024041	0.022472	0.014407	0.009824	0.02302	0.019863	0.019716	0.031965	0.016088	0.004912	0.000211	0.00782	0.012449	0.028898	0.035383	0.006714	0.021612	0.031502	0.036324	0.013209	0.023918	0.010945	0.009395	0.038448	0.014667	0.031211	0.031388	
0.003928	0.009822	0.037381	0.030721	0.006716	0.032028	0.033316	0.007434	0.032094	0.009928	0.02335	0.010392	0.006484	0.006638	0.008111	0.024321	0.037947	0.021725	0.03369	0.032174	0.030291	0.003297	0.023439	0.014355	0.035515	0.028677	0.003493	0.01469	0.03807	0.002906	0.022667	0.009953	0.019664	0.000109	0.036583	0.023335	0.03622	0.038312	0.015544	0.019912	0.022146	0.003533	0.002593	0.007685	0.021993	0.036586	0.006713	0.005434	0.038006	0.030079	
0.023119	0.005572	0.002523	0.00799	0.023331	0.00538	0.038195	0.006948	0.033033	0.009211	0.037748	0.022306	0.017442	0.024217	0.036797	0.007876	0.014525	0.019745	0.016487	0.027373	0.040155	0.002089	0.024979	0.021205	0.008493	0.004129	0.017976	0.015187	0.040131	0.013361	0.00873	0.000179	0.015603	0.028678	0.0248	0.038111	0.015752	0.006116	0.041563	0.027066	0.014339	0.032425	0.026411	0.007979	0.023396	0.009655	0.018825	0.026339	0.025733	0.040777	
0.020168	0.028588	0.024697	0.00548	0.00319	0.010801	0.034132	0.027902	0.017159	0.023019	0.012733	0.014528	0.016559	0.017517	0.023586	0.006875	0.026519	0.018841	0.024874	0.028533	0.013658	0.029539	0.007783	0.017465	0.025494	0.019984	0.001519	0.0362	0.03437	0.002474	0.022796	0.027115	0.002727	0.01214	0.015942	0.003398	0.000994	0.034666	0.037079	0.028165	0.024713	0.015329	0.031231	0.034074	0.016336	0.01182	0.036852	0.022613	0.027835	0.019988	
0.007114	0.010162	0.004765	0.018407	0.009798	0.025747	0.019312	0.040306	0.030561	0.014676	0.009516	0.035584	0.021056	0.011796	0.031618	0.010521	0.029856	0.001108	0.019673	0.038206	0.021395	0.037287	0.033529	0.000761	0.032747	0.015772	0.03808	0.031159	0.013768	0.001174	0.007604	0.038533	0.000101	0.007899	0.012613	0.01029	0.021947	0.008812	0.023193	0.018945	0.016175	0.005017	0.039288	0.02127	0.008413	0.030135	0.025371	0.02435	0.032265	0.032325	
0.013369	0.034738	0.032395	0.016908	0.024592	0.016324	0.002637	0.033476	0.033854	0.0142	0.022657	0.010625	0.014153	0.029525	0.029011	0.003262	0.019334	0.030358	0.00169	0.000314	0.010412	0.003496	0.0295	0.010424	0.02992	0.006034	0.0281	0.027346	0.028343	0.010795	0.007963	0.035761	0.001136	0.019533	0.02483	0.023931	0.004117	0.020672	0.025538	0.030208	0.016363	0.016578	0.026654	0.032612	0.035495	0.013589	0.031872	0.025485	0.030152	0.009719	
0.007201	0.035827	0.037086	0.027043	0.008723	0.011755	0.047373	0.017822	0.028992	0.015598	0.033728	0.023534	0.002627	0.004978	0.009381	0.039925	0.01713	0.03221	0.029155	0.025172	0.019676	0.005536	0.005985	0.01211	0.040322	0.012224	0.028996	0.025431	0.047511	0.006403	0.023996	0.004886	0.000923	0.005071	0.035739	0.000772	0.018084	0.015721	0.003838	0.003112	0.020311	0.033076	0.020606	0.02546	0.038579	0.016375	0.015004	0.034897	0.013402	0.010694	
0.004716	0.022086	0.012165	0.018022	0.020786	0.032791	0.024045	0.024087	0.020368	0.030034	0.024299	0.001493	0.026591	0.001405	0.007595	0.009879	0.020212	0.032719	0.023121	0.021954	0.031837	0.025812	0.032793	0.01792	0.011555	0.019886	0.015364	0.031916	0.022353	0.002116	0.034288	0.028688	0.032843	0.027614	0.0332	0.030469	0.021445	0.003502	0.027639	0.023156	0.029058	0.033212	0.006452	0.001169	0.005366	0.001023	0.016791	0.007874	0.033866	0.012425	
0.004874	0.044074	0.032542	0.016716	0.021514	0.009076	0.030104	0.016042	0.016112	0.008504	0.011277	0.027457	0.028286	0.045399	0.004302	0.028505	0.013395	0.013969	0.016199	0.021582	0.024855	0.020098	0.015487	0.037324	0.024065	0.001531	0.0	0.013381	0.01771	0.010923	0.02432	0.040215	0.045136	0.007131	0.016669	0.028685	0.006273	0.009064	0.038408	4.8e-05	0.008638	0.026825	0.003957	0.042489	0.001784	0.031717	0.006209	0.02862	0.045464	0.013045	
0.005351	0.000626	0.032815	0.021376	0.027841	0.017223	0.002097	0.02515	0.035112	0.012119	0.004593	0.034627	0.023816	0.024524	0.030843	0.008176	0.03813	0.014184	0.023794	0.025898	0.025723	0.035143	0.024211	0.013766	0.033869	0.025757	0.010314	0.007243	0.032201	0.001794	0.021819	0.030289	0.039244	0.026478	0.012129	0.032809	0.005043	0.007506	0.025776	0.009494	0.008713	0.008108	0.002671	0.013382	0.032338	0.03731	0.019793	0.027345	0.001407	0.02003	
0.014083	0.015142	0.021167	0.021302	0.027706	0.02543	0.000848	0.008448	0.028091	0.020094	0.018929	0.017603	0.038603	0.008642	0.023155	0.023621	0.001936	0.040007	0.03062	0.01595	0.000418	0.036475	0.031149	0.023703	0.024092	0.004349	0.023801	0.044458	0.021477	0.038915	0.001648	0.017399	0.015978	0.011271	0.033714	0.00295	0.014504	0.006242	0.012425	0.041265	0.039669	0.028667	0.010056	0.004222	0.02044	0.000302	0.015075	0.032626	0.029149	0.012184	
0.002551	0.032419	0.002849	0.007989	0.040659	0.034911	0.00978	0.002968	0.007532	0.004147	0.017291	0.020775	0.042601	0.010621	0.017387	0.011022	0.032137	0.009609	0.026487	0.025016	0.004071	0.030706	0.015164	0.025059	0.025042	0.037114	0.033232	0.026437	0.03678	0.036735	0.03477	0.01843	0.00611	0.012475	0.036691	0.002421	0.008778	0.033982	0.007555	0.023284	0.008919	0.007997	0.018201	0.027896	0.019121	0.013487	0.00789	0.010634	0.032775	0.039493	
0.0012	0.011091	0.029049	0.017367	0.030872	0.004505	0.03923	0.0243	0.013144	0.031841	0.016978	0.020018	0.036328	0.010029	0.025867	0.027151	0.024814	0.013879	0.023258	0.023274	0.005741	0.033688	0.004643	0.031926	0.011783	0.026248	0.01961	0.01362	0.02601	0.035222	0.004934	0.013126	0.011105	0.015635	0.028917	0.025313	0.037631	4.9e-05	0.002066	0.012109	0.01037	0.035611	0.039395	0.038352	0.022413	0.004671	0.030094	0.005535	0.000115	0.029873	
0.0262	0.021278	0.005574	0.005308	0.004508	0.012153	0.013485	0.007688	0.017421	0.022335	0.023224	0.030572	0.028775	0.016243	0.03674	0.005018	0.011166	0.036147	0.015315	0.02401	0.00178	0.017316	0.011191	0.010675	0.021743	0.028725	0.027548	0.018651	0.035082	0.030022	0.027119	0.033592	0.013055	0.007747	0.031838	0.009806	0.035238	0.036558	0.036981	0.015515	0.036503	0.022963	0.012785	0.035803	0.003645	0.009938	0.026854	0.006441	0.014752	0.016974	
0.016181	0.011634	0.023742	0.006467	0.017358	0.024744	0.023362	0.037076	0.017806	0.026458	0.010911	0.01315	0.023254	0.019349	0.005341	0.021448	0.023842	0.000915	0.013445	0.006652	0.022937	0.018552	0.022636	0.033723	0.016531	0.012159	0.034106	0.012732	0.004944	0.035097	0.035768	0.032269	0.010918	0.034907	0.029426	0.026008	0.00502	0.007647	0.006428	0.038995	0.020709	0.018336	0.026553	0.037835	0.01199	0.023387	0.025917	0.011006	0.008182	0.032147	
0.013533	0.021706	0.000227	0.006587	0.027059	0.036582	0.019199	0.002601	0.038376	0.030266	0.010637	0.015335	0.02822	0.030358	0.006785	0.021138	0.024136	0.024434	0.026836	0.015984	0.027718	0.038035	0.004431	0.034966	0.03603	0.000445	0.000458	0.02288	0.034158	0.003981	0.022027	0.030942	0.025414	0.012056	0.015135	0.017875	0.02621	0.010366	0.01364	0.02838	0.037547	0.034974	0.003372	0.001847	0.007362	0.033223	0.010972	0.013378	0.02378	0.028399	
0.027829	0.010262	0.013338	0.027055	0.024882	0.039076	0.027996	0.037289	0.0223	0.015164	0.037759	0.010769	0.015822	0.010561	0.009486	0.02802	0.004324	0.005054	0.003071	0.00978	0.03431	0.000176	0.037681	0.010534	0.003605	0.02978	0.014598	0.033526	0.007346	0.007661	0.038733	0.038406	0.035531	0.015573	0.000173	0.027394	0.023157	0.027889	0.038332	0.037918	0.013242	0.000877	0.00337	0.009802	0.009838	0.028748	0.023351	0.000474	0.040136	0.028002	
0.029915	0.020662	0.021501	0.009829	0.01222	0.010862	0.041776	0.015613	0.037416	0.025134	0.015845	0.036344	0.010725	0.039137	0.004913	0.040574	0.035488	0.022683	0.003086	0.013965	0.037932	0.012021	0.020351	0.030335	0.017531	0.032779	0.006699	0.000805	0.02874	0.013829	0.005953	0.019712	0.02021	0.004074	0.00169	0.039385	0.00088	0.036872	0.030852	0.008043	0.004797	0.015795	0.00885	0.017071	0.006447	0.032007	0.009982	0.031963	0.036328	0.020379	
0.005518	0.007418	0.013493	0.016286	0.032093	0.024533	0.020202	0.005168	0.01889	0.022562	0.005672	0.035608	0.035434	0.014881	0.031466	0.029278	0.008093	0.003329	0.038466	0.033241	0.025113	0.008459	0.035777	0.026792	0.028743	0.002112	0.010962	0.032672	0.021994	0.013323	0.006454	0.03292	0.034312	0.001747	0.02655	0.026925	0.030869	0.007726	0.008794	0.019195	0.03564	0.010245	0.002004	0.009597	0.012243	0.0156	0.01354	0.037627	0.030888	0.029546	
0.026558	0.006288	0.025354	0.034127	0.024846	0.020219	0.011953	0.037323	0.018785	0.035621	0.035191	0.009872	0.003753	0.002606	0.033499	0.018205	0.006227	0.02506	0.026812	0.019161	0.029431	0.028792	0.041229	0.02906	0.014985	0.022851	3.1e-05	0.042182	0.011076	0.020994	0.016915	0.031477	0.007132	0.020326	0.022779	0.013003	0.012696	0.014575	0.002717	0.00327	0.035076	0.035938	0.019716	0.027771	0.042604	0.01353	0.002256	0.000716	0.005762	0.00965	
0.019201	0.016166	0.012446	0.020177	0.012116	0.022568	0.035864	0.022899	0.018592	0.036066	0.036615	0.020129	0.010356	0.020809	0.016672	0.000808	0.00981	0.008584	0.025893	0.028494	0.00109	0.016447	0.011162	0.029616	0.035277	0.008159	0.015721	0.035532	0.028113	0.028401	0.034653	0.032832	0.011836	0.000276	0.030844	0.02736	0.021405	0.032998	0.005163	0.031587	0.02429	0.013574	0.015482	0.016905	0.015397	0.028807	0.030545	0.000398	0.015412	0.006453	
0.020541	0.015694	0.020642	0.02458	0.031553	0.033744	0.023486	0.002265	0.030722	0.026163	0.012087	0.026683	0.014106	0.004286	0.029608	0.015669	0.003636	0.011275	0.019569	0.017237	0.027897	0.021513	0.023845	0.015424	0.015744	0.032787	0.010605	0.000199	0.017829	0.029759	0.032819	0.011907	0.006083	0.023197	0.018301	0.015091	0.017604	0.027656	0.01471	0.01275	0.027514	0.013224	0.030383	0.032622	0.028644	0.031947	0.00927	0.027349	0.031859	0.007922	
0.013691	0.002692	0.023067	0.006377	0.02828	0.010715	0.010838	0.041008	0.009802	0.002856	0.028561	0.033001	0.02451	0.032952	0.022081	0.001434	0.00385	0.024223	0.006588	0.023702	0.039329	0.033108	0.041549	0.030509	0.036871	0.002192	0.02935	0.021706	0.002541	0.011457	0.008566	0.015107	0.040141	0.006344	0.005795	0.015449	0.012178	0.011317	0.013703	0.034607	0.038621	0.030274	0.023008	0.027387	0.007564	0.026227	0.02221	0.013095	0.027092	0.022475	
0.03717	0.020888	0.017099	0.010594	0.015929	0.017077	1.1e-05	0.038934	0.021407	0.035838	0.002411	0.009265	0.035405	0.033748	0.025725	0.01064	0.021346	0.002637	0.001426	0.035236	0.005842	0.021878	0.004006	0.016364	0.014602	0.025992	0.020054	0.022649	0.006968	0.017317	0.00222	0.038824	0.018144	0.035564	0.030116	0.035027	0.008119	0.034207	0.001639	0.003887	0.019852	0.011959	0.022503	0.012252	0.036205	0.023822	0.024546	0.030912	0.028698	0.033046	
0.02483	0.029161	0.01199	0.019962	0.002461	0.036087	0.012458	0.011208	0.028873	0.027234	0.031369	0.000617	0.028024	0.004394	0.020798	0.003156	0.009521	0.025082	0.002601	0.001085	0.020872	0.018724	0.031796	0.040472	0.000289	0.021397	0.008287	0.043347	0.020093	0.030864	0.038445	0.031517	0.016888	0.022124	0.01498	0.017327	0.025338	0.00975	0.017161	0.036126	0.031154	0.018934	0.025538	0.022335	0.016582	0.032101	0.002977	0.015379	0.036047	0.002245	
0.034393	0.036095	0.036683	0.00124	0.003384	0.018826	0.007332	0.023777	0.010017	0.016125	0.029151	0.006867	0.008973	0.040135	0.014102	0.023344	0.023444	0.009492	0.002689	0.012739	0.03298	0.017524	0.00643	0.008822	0.023803	0.028626	0.036675	0.036933	0.019886	0.019674	0.029811	0.028065	0.002106	0.010827	0.038006	0.027493	0.032146	0.018419	0.021728	0.017672	0.007437	0.024145	0.008634	0.033108	0.025285	0.036083	0.014854	0.016211	0.003915	0.013894	
0.003148	0.032789	0.027179	0.019982	0.027178	0.005852	0.008025	0.003978	0.006017	0.036594	0.014888	0.009399	0.010809	0.008616	0.031817	0.028231	0.032975	0.03502	0.027272	0.006922	0.008657	0.024677	0.01245	0.041891	0.002892	0.016376	0.044309	0.030026	8e-05	0.043578	0.008672	0.019313	0.008916	0.020914	0.032423	0.024147	0.043421	0.011358	0.027394	0.02013	0.021174	0.018425	0.018341	0.002516	0.018064	0.034811	0.026686	0.003274	0.021095	0.017299	
0.030637	0.020534	0.023797	0.001989	0.033863	0.014829	0.022731	0.031826	0.037425	0.012537	0.035064	0.039105	0.032568	0.012946	0.019255	0.025551	0.010637	0.027229	0.010057	0.011559	0.031418	0.004804	0.009465	0.024782	0.01222	0.029859	0.01815	0.001708	0.020027	0.009615	0.023696	0.0278	0.022232	0.007353	0.01024	0.029446	0.008377	0.008654	0.0098	0.038531	0.037768	0.019354	0.019962	0.023451	0.02626	0.02731	0.001965	0.010675	0.01615	0.014789	
0.034269	0.04143	0.001353	0.020447	0.038405	0.018169	0.031515	0.011096	0.035813	0.015325	0.015904	0.010844	0.022966	0.011854	0.01439	0.013924	0.008707	0.016407	0.008712	0.03253	0.037198	0.027015	0.009158	0.01634	0.036567	0.01216	0.0134	0.029165	0.013313	0.004914	0.001119	0.037884	0.0381	0.039806	0.006351	0.013357	0.003701	0.030895	0.018942	0.013792	0.016648	0.026133	0.011585	0.016721	0.033254	0.008305	0.0076	0.006649	0.040609	0.025259	
0.014965	0.017017	0.021273	0.010112	0.03394	0.021149	0.020597	0.02932	0.019234	0.028763	0.029712	0.031125	0.022867	0.007468	0.015475	0.013278	0.006412	0.009178	0.02872	0.002814	0.031014	0.009027	0.033562	0.000382	0.021876	0.027689	0.004203	0.028371	0.00638	0.002949	0.030407	0.027752	0.032429	0.028694	0.00725	0.033698	0.005213	0.035447	0.031812	0.034409	0.008467	0.006815	0.023782	0.014774	0.026153	0.034956	0.010494	0.021467	0.01042	0.026689	
0.017718	0.014544	0.023686	0.014828	0.043987	0.020657	0.005824	0.013493	0.000823	0.034799	0.03175	0.034888	0.027335	0.007886	0.019854	0.011296	0.003515	0.030769	0.026684	0.012424	0.026744	0.009651	0.007446	0.044036	0.019259	0.008857	0.023283	0.006851	0.017021	0.007028	0.042739	0.042974	0.02521	0.032052	0.013407	0.016438	0.015629	0.002414	0.018794	0.006566	0.043277	0.035957	0.017482	0.044643	0.01504	0.000339	0.017005	0.007131	0.007376	0.028591	
0.014485	0.026858	0.03021	0.016297	0.036288	0.010246	0.018932	0.004615	0.017736	0.014714	0.030641	0.027519	0.022426	0.015733	0.011414	0.033186	0.032285	0.017129	0.011883	0.014295	0.002554	0.02206	0.024471	0.007048	0.022593	0.025124	0.009081	0.032237	0.010875	0.027006	0.036981	0.001736	0.009801	0.028372	0.030292	0.004079	0.011165	0.03254	0.019922	0.023591	0.00894	0.023469	0.036658	0.015647	0.011061	0.011924	0.034769	0.017018	0.017644	0.03445	
0.030738	0.037594	0.030062	0.005588	0.02229	0.008673	0.038991	0.033508	0.026752	0.007972	0.027867	0.030969	0.000844	0.01705	0.019827	0.026852	0.001937	0.005406	0.037591	0.014961	0.038009	0.004461	0.005909	0.033661	0.010561	0.033482	0.029895	0.004524	0.016998	0.006636	0.027876	0.037533	0.014925	0.019873	0.040373	0.007367	0.004758	0.018705	0.009483	0.013034	0.019507	0.037749	0.002451	0.027909	0.029734	0.009041	0.025677	0.001506	0.003788	0.039103	
0.006451	0.027932	0.013306	0.020912	0.002218	0.004584	0.010683	0.0142	0.006301	0.028154	0.011501	0.023297	0.032029	0.031241	0.023383	0.009535	0.000554	0.020992	0.022631	0.000231	0.00205	0.018033	0.024321	0.00036	0.031776	0.037782	0.031485	0.031994	0.030958	0.008326	0.032858	0.020029	0.022305	0.03477	0.020496	0.011003	0.018415	0.033044	0.030899	0.037641	0.027729	0.021835	0.021962	0.02454	0.019897	0.022594	0.016019	0.03049	0.012064	0.01419	
0.017456	0.018388	0.01528	0.011639	0.015382	0.009841	0.036644	0.030887	0.023963	0.009839	0.041078	0.026063	0.037432	0.030771	0.003129	0.020415	0.032004	0.019866	0.030046	0.014385	0.013698	0.015259	0.017898	0.003942	0.035593	0.027847	0.021601	0.005414	0.040664	0.006151	0.027873	0.001491	0.006619	0.022866	0.010439	0.025716	0.000338	0.025297	0.040292	0.006505	0.00756	0.014475	0.018923	0.023191	0.00787	0.030047	0.030707	0.014246	0.016185	0.036785	
0.006405	0.022413	0.040329	0.03137	0.035883	0.000829	0.031288	0.01388	0.011564	0.005709	0.03905	0.014491	0.029938	0.020206	0.004164	0.002459	0.015455	0.034148	0.027431	0.025667	0.016287	0.019747	0.020502	0.037056	0.027047	0.039216	0.031707	0.026123	0.024467	0.024085	0.010316	0.031741	0.02351	0.002225	0.032008	0.006078	0.030456	0.003226	0.012185	0.014227	0.018793	0.040679	0.003355	0.009646	0.002122	0.003106	0.010383	0.019812	0.038213	0.009003	
0.35