50
2
0.13788	-0.868072	0.776221	0.859316	0.359384	0.088552	-0.624301	0.236527	-0.251744	0.867164	0.296282	0.343582	0.863147	0.339976	-0.535751	-0.488331	-0.550016	-0.838599	-0.632	0.449899	0.997861	-0.71366	-0.558557	-0.443094	0.494116	0.960964	0.55599	0.390286	0.89691	-0.844303	-0.579869	0.330958	0.598751	0.276684	-0.933402	-0.429614	-0.829624	0.750541	0.909442	0.456825	-0.949467	0.511221	0.783613	-0.46958	0.862734	-0.184857	-0.169662	-0.604158	0.97132	-0.373411	
-0.641948	-0.97701	0.603292	0.007758	-0.063743	0.558898	-0.433009	-0.783271	0.7635	0.881439	0.203592	0.288675	-0.001121	0.464086	0.918039	0.06259	0.607426	-0.025435	0.524029	0.190353	-0.054466	-0.026195	-0.050389	-0.14793	0.579647	-0.765878	-0.732891	-0.318988	-0.742222	0.405548	0.171867	-0.419708	0.070182	0.617246	0.162054	-0.826685	-0.119602	-0.616742	0.453405	0.93039	0.132022	0.328176	-0.274143	-0.491655	-0.649498	-0.785251	0.299358	-0.007624	-0.80461	-0.970488	
0.060823	0.008216	0.282014	-0.330926	0.810799	0.006667	-0.478892	-0.171623	-0.75853	-0.987757	0.810327	-0.99951	-0.551905	-0.000583	0.422289	-0.817306	0.723339	-0.397229	0.113383	0.265242	-0.900904	0.130938	0.819072	-0.845675	-0.390962	0.30786	-0.53191	-0.178685	0.450271	-0.600991	0.18644	0.577645	0.971829	0.469132	0.693703	0.688256	0.491287	0.181113	0.941044	-0.161528	0.788848	-0.225155	0.206648	0.526718	0.411406	-0.617312	-0.578988	-0.287621	0.781076	0.340185	
-0.765953	0.526232	0.81701	0.398008	0.093328	-0.023591	-0.229608	-0.921086	0.710593	-0.648516	-0.452854	-0.149771	0.04267	0.249301	0.324843	0.566873	-0.649611	0.088204	-0.56023	-0.755946	0.348747	-0.771817	0.42251	0.867722	0.853397	0.528054	-0.141137	-0.065581	-0.694122	0.953301	0.937567	-0.04708	0.313453	0.75414	-0.563395	0.359519	-0.057351	0.123081	-0.839601	0.618332	0.522264	-0.172064	-0.459326	-0.155384	0.562999	-0.839472	0.692061	-0.564784	0.566988	0.381159	
-0.75346	-0.132336	-0.085359	-0.379625	-0.582778	-0.181926	0.518493	-0.842126	-0.580034	-0.252054	-0.820193	-0.949623	-0.881517	0.556427	-0.713777	0.776952	0.94191	-0.677265	-0.821067	0.510071	-0.492414	-0.561209	0.32389	0.772871	0.871931	-0.188642	-0.764848	-0.753887	-0.679941	-0.372362	-0.294165	0.854035	0.542537	-0.012909	-0.126624	0.904819	-0.850387	0.580047	0.457252	0.349592	0.483274	0.262144	0.587989	-0.589499	-0.971775	0.584825	0.836536	-0.605924	-0.860201	-0.611519	
-0.689158	0.445714	0.889789	0.913405	-0.153784	0.663955	0.684991	-0.555369	-0.358079	0.87316	-0.444206	0.601856	-0.297405	0.087397	-0.226628	0.329151	0.138416	0.784745	0.964376	-0.777633	0.601887	0.011933	0.481891	0.530298	0.994051	0.235618	0.792525	0.734604	0.494935	-0.991912	0.300846	-0.910893	0.766507	-0.540794	-0.701179	0.611213	0.710884	0.198446	-0.667433	0.339579	0.959487	-0.211188	0.481242	0.228378	0.998408	0.284519	-0.018144	0.33058	0.860809	0.079626	
0.93424	0.481246	0.318975	0.688787	-0.161506	0.0506	-0.807775	-0.879884	0.540645	-0.879309	0.70446	-0.567322	0.90227	-0.527237	-0.046885	-0.861919	0.202839	0.191076	0.534689	-0.218278	0.587491	0.522952	-0.66553	-0.151626	-0.128646	0.82401	0.232294	-0.780094	0.360968	-0.499624	-0.952424	-0.31747	-0.699355	0.53397	0.076848	-0.72711	-0.075541	-0.504631	0.581594	0.135804	-0.891028	0.708259	0.075429	0.563355	-0.707287	-0.930219	-0.372584	-0.118847	0.849172	-0.629453	
0.10257	0.212612	0.988623	-0.403305	0.004453	-0.247362	0.399035	-0.92765	0.523216	0.233176	0.269518	-0.688607	0.684698	-0.543417	-0.882723	0.150173	-0.248846	-0.20527	-0.599128	-0.36306	-0.694983	-0.156041	-0.456694	-0.213651	-0.973765	-0.171766	0.742857	-0.713002	0.20215	-0.120529	-0.859502	-0.001186	0.208579	-0.458638	0.962829	-0.615228	-0.761342	-0.501553	0.096672	-0.09744	0.860653	0.758738	-0.099747	0.031874	0.01167	0.554692	-0.142182	-0.325873	0.683102	-0.605098	
-0.30488	0.548914	-0.516874	-0.051145	0.611627	-0.534579	-0.70843	-0.77499	0.123005	-0.070141	-0.718704	-0.712681	0.871285	-0.178447	0.715964	0.393676	-0.282039	-0.681138	-0.487052	-0.257588	0.935344	-0.103716	-0.720974	0.000246	-0.704734	-0.704877	-0.2247	-0.560907	0.773666	-0.327889	0.09545	0.26104	-0.645389	0.737729	-0.544954	-0.082004	-0.13045	0.753234	0.554181	0.400678	0.021244	-0.321073	0.856068	0.755536	-0.506379	-0.182065	0.291669	0.194574	-0.825794	0.755538	
0.836285	0.306687	0.147865	0.507324	0.081319	0.039121	0.002279	0.53022	0.484376	-0.307902	-0.139888	0.650558	-0.892878	-0.228566	0.311143	-0.614941	0.933898	0.198025	-0.558231	-0.909462	0.2161	0.091916	0.595082	0.776626	-0.775268	0.191778	0.254677	-0.851799	-0.173737	-0.220642	-0.62056	0.210793	-0.732164	0.465345	0.637168	0.118815	-0.224163	0.921083	-0.549831	-0.762897	0.996637	-0.224521	-0.913016	0.257398	0.88442	0.162233	0.07563	-0.939471	0.77173	-0.450712	
0.74126	-0.532715	0.944805	0.540149	0.083804	0.898647	0.554925	0.446942	0.403645	-0.079942	-0.168097	0.560793	0.027914	0.447444	-0.958357	-0.711762	-0.043415	-0.56214	-0.400255	0.966368	0.992046	-0.365145	-0.902145	0.80771	0.689959	0.991063	0.583693	0.570345	0.006158	0.389113	0.406106	-0.543419	0.591408	-0.263964	-0.463006	0.304098	-0.606415	0.884326	-0.714077	0.962835	-0.817787	-0.619983	0.677394	0.47187	0.512884	-0.517192	-0.431863	-0.588582	0.331459	0.277685	
-0.076795	-0.901886	0.968395	-0.818307	-0.370407	0.495455	-0.76387	-0.50619	0.096787	0.168815	0.739995	0.072819	-0.952152	0.197401	0.462185	0.604077	-0.307395	-0.461825	-0.856658	0.048455	-0.26478	-0.127138	-0.165221	-0.807791	0.801493	-0.735323	-0.547939	-0.247879	0.383989	-0.901799	-0.474036	-0.854399	0.660188	-0.231849	0.880101	0.152412	0.171122	-0.656571	0.655068	-0.106796	0.595903	0.312606	0.120594	-0.964504	-0.014606	0.165119	-0.636486	0.806632	-0.251694	-0.495635	
-0.396104	0.752852	0.308413	0.597344	-0.514547	0.824424	-0.91092	0.156102	-0.432416	0.097874	0.544013	0.589632	0.646892	0.294242	0.520999	-0.215472	0.633169	0.946116	0.439439	-0.506237	-0.419638	0.382594	0.382186	-0.58626	0.8395	-0.484699	0.267566	0.583139	-0.796096	0.609453	0.731052	-0.317519	-0.508659	-0.201764	0.852418	-0.546669	-0.68633	0.081376	0.044011	0.677057	-0.767515	0.276666	-0.61627	0.3739	0.393216	0.002448	-0.003548	0.104997	-0.671171	0.051317	
0.851996	0.319766	-0.130915	0.14268	-0.955566	-0.246982	-0.92064	-0.989142	0.928103	-0.631522	0.504974	-0.143514	-0.378892	-0.091125	-0.949184	-0.307242	-0.018832	0.678197	-0.735691	0.02438	-0.234353	-0.382303	-0.836699	0.250041	-0.900971	-0.262026	-0.332213	-0.120925	0.754919	0.69528	0.526505	-0.236822	0.209273	-0.952971	0.74978	0.943209	-0.730898	-0.21622	0.487971	-0.90922	-0.936867	0.399294	-0.175011	-0.46426	-0.075327	0.439443	0.975588	0.359444	0.580363	-0.846192	
-0.626974	-0.432122	-0.744138	0.35391	-0.531131	-0.342069	-0.695261	-0.170862	0.634034	-0.733695	0.178233	0.560353	0.300678	-0.736918	0.615338	0.248961	0.221309	0.853746	-0.809851	-0.80577	-0.171958	-0.765497	-0.771784	-0.949539	-0.616449	-0.868455	0.831022	0.482026	0.073693	-0.544678	-0.476609	0.137888	0.572243	-0.624134	0.84838	0.707434	-0.286023	-0.32757	-0.149869	0.208097	0.107879	-0.851965	-0.358798	-0.861143	-0.46336	-0.898578	0.068233	-0.767858	0.751951	0.487215	
0.142426	0.358508	-0.850658	-0.686895	-0.413773	-0.792601	0.933328	-0.300355	0.894682	-0.049339	-0.894544	-0.009949	0.264518	-0.781087	-0.149417	-0.811519	0.635212	-0.830606	0.25945	-0.550903	-0.507468	0.030929	-0.211703	-0.61217	0.025666	0.760067	0.978632	-0.802212	0.623962	0.003671	-0.335636	0.519426	-0.048845	-0.428716	-0.859646	0.39059	0.274368	-0.350898	-0.161308	0.422179	0.331352	0.399634	0.30286	-0.054056	0.582527	0.513019	0.669996	-0.385402	0.075045	-0.728919	
-0.206505	0.609086	0.807518	-0.085414	0.889348	-0.84685	-0.457324	-0.756174	-0.873499	-0.455336	-0.531783	0.217685	0.180976	0.298239	0.551436	-0.225805	0.400718	0.097039	-0.900091	-0.153988	-0.368605	-0.980784	-0.780037	-0.607707	0.418216	-0.869895	0.467542	0.026717	0.316256	0.905117	-0.05292	-0.272511	-0.315586	-0.460387	0.308373	0.280813	-0.675317	0.280923	0.517411	-0.85582	-0.061323	0.894158	0.041462	-0.07895	-0.710991	0.052263	-0.34013	-0.255348	0.65467	0.516646	
0.103583	-0.720093	-0.323429	0.784912	0.777705	-0.516917	-0.190346	0.924359	0.695045	0.336399	0.589754	-0.837962	0.922962	-0.213815	-0.206755	-0.405485	0.991251	0.745204	0.078655	0.502114	-0.388661	0.229846	-0.152667	0.804853	-0.109468	0.202197	0.709718	-0.15645	-0.862725	0.62898	0.20258	0.99912	-0.15312	-0.39149	0.882997	-0.582868	-0.099847	-0.021048	0.573121	0.619315	0.038349	-0.005638	0.947556	-0.742978	0.065108	0.270871	0.537099	0.610445	0.554168	0.253704	
-0.104082	-0.184914	-0.564295	0.582806	0.503147	0.607552	0.648277	0.186285	-0.985281	-0.903935	0.505336	-0.255529	-0.8343	0.185571	-0.37907	0.732783	-0.157227	-0.417815	0.592493	0.332141	-0.279593	-0.849387	-0.345312	0.587403	-0.968684	-0.143701	-0.864945	-0.620355	0.526537	-0.28064	-0.286075	0.397329	0.269343	0.885175	0.162403	-0.758353	0.628081	0.86318	0.76645	-0.382461	0.850292	0.476921	0.954419	-0.303054	0.436144	-0.368464	-0.6764	0.22796	-0.972506	-0.353225	
-0.78776	-0.0702	-0.34002	0.541436	-0.127261	-0.041282	0.87754	0.679429	0.705203	0.470082	0.823752	0.321794	-0.603772	-0.639505	0.101573	-0.534622	-0.087103	0.102305	-0.834337	-0.482738	-0.880382	0.057674	-0.152887	0.442064	-0.939294	-0.748618	0.541331	-0.23185	0.63308	-0.660482	0.267757	0.234557	-0.70457	0.424275	0.415091	-0.7244	-0.49284	0.136943	-0.85626	0.708794	-0.013048	-0.912054	-0.831056	0.875961	0.671561	0.895507	0.58344	-0.090236	0.946923	0.865966	
0.742373	-0.201937	0.272023	0.223036	0.955487	0.62736	-0.630512	0.802394	-0.109011	0.123798	0.696652	-0.096701	-0.442324	-0.161242	0.157453	-0.375969	-0.980995	-0.08125	0.899445	0.886469	-0.026745	0.925152	-0.605744	0.010874	-0.062481	-0.282939	-0.84066	-0.74331	-0.707357	0.931996	0.334985	-0.674769	0.844467	-0.230459	0.243183	-0.1951	-0.579828	-0.299471	0.429205	-0.980369	0.658154	0.121458	0.035962	0.92735	-0.533259	0.898892	-0.575259	0.879965	-0.509	0.038245	
0.204059	0.885349	-0.958497	0.538318	-0.062746	-0.980667	-0.635347	-0.396232	0.434084	0.492068	-0.114999	0.436114	-0.926129	0.98951	0.722698	-0.61997	0.276514	0.007988	-0.426235	-0.354873	-0.116825	-0.395433	0.064973	0.104338	0.970849	0.32788	0.935626	0.890552	-0.749259	-0.924431	0.645041	0.937373	-0.367744	0.268135	-0.275167	0.919288	0.530613	0.320531	0.184073	-0.094972	-0.833717	-0.578416	0.504044	-0.487453	0.591978	-0.03267	-0.809304	0.208264	-0.647189	-0.716105	
0.529614	0.304081	-0.449059	-0.591272	0.024652	0.578667	0.347831	0.634471	-0.773048	0.5867	-0.792102	-0.492578	0.889981	-0.909279	-0.580834	-0.671982	0.645962	0.717932	0.791893	0.999393	-0.509795	-0.497181	-0.497051	0.021417	-0.74285	-0.772391	-0.843033	-0.478067	-0.640439	-0.902647	0.909018	-0.682492	-0.837801	-0.587731	0.130575	0.5215	-0.618714	0.111928	-0.445033	-0.256943	0.474073	0.015746	0.17305	-0.557343	0.960148	-0.656726	0.503298	-0.468685	0.810202	0.65451	
-0.831849	-0.002273	-0.561128	-0.032051	-0.327059	-0.749752	0.248765	-0.927532	-0.483324	-0.046386	0.342857	0.382513	-0.331823	0.446017	0.339263	-0.717895	0.044362	-0.010111	-0.41541	0.761423	0.403294	-0.554011	0.733332	0.254225	0.773389	-0.97758	-0.32515	0.888335	-0.88273	0.68258	-0.596126	0.32411	-0.969515	0.488418	-0.330279	-0.391509	0.330496	-0.247172	-0.29606	0.047552	0.471004	0.622354	0.946882	-0.383655	-0.940785	0.784288	0.384349	-0.9221	0.730747	0.68377	
0.827305	-0.636345	0.660317	-0.077756	-0.852824	0.513147	0.880542	0.539667	0.7779	0.950244	-0.209469	-0.99101	-0.958376	-0.959727	-0.942515	-0.960658	0.620766	-0.959207	0.50362	-0.844634	0.124997	0.911107	0.431182	-0.396177	0.127009	-0.705515	0.760834	0.444268	0.501897	-0.786722	0.932562	0.644306	-0.659365	0.99029	0.24142	0.176867	-0.943702	0.871185	-0.999974	-0.277683	0.51327	-0.273996	-0.718478	-0.757061	0.735918	0.079314	0.930795	0.692537	-0.61187	-0.094481	
0.238131	0.396122	-0.841818	0.716482	-0.669845	-0.725537	-0.208055	0.753948	0.678853	0.58123	0.51884	0.723839	0.341331	-0.48115	0.271682	-0.971418	-0.786004	0.467737	-0.818718	0.370858	-0.63473	-0.397133	-0.289124	-0.944231	0.648077	0.49835	-0.264861	-0.594264	0.887748	0.006266	0.702773	0.865802	0.91049	0.877915	-0.700972	0.82528	-0.12022	0.131336	-0.129412	0.702211	-0.421625	-0.492689	0.283512	-0.941755	-0.757957	0.939203	-0.670967	-0.73727	-0.303511	-0.278672	
0.979663	0.516931	0.904758	0.975432	0.783515	-0.111433	0.55175	-0.762577	-0.087634	-0.922783	-0.289529	0.331935	-0.624584	-0.144815	-0.98496	0.018399	-0.902956	-0.246242	0.459675	0.367204	0.775416	-0.798565	0.09371	0.804779	-0.973791	0.172096	-0.428061	0.442651	0.418385	-0.583478	-0.454652	-0.782357	-0.842774	0.909024	-0.528976	-0.928768	-0.307522	0.479144	0.627766	0.914185	-0.549584	-0.999016	-0.040173	-0.386282	0.827307	0.450589	-0.035147	-0.982563	0.278259	0.413873	
-0.877153	-0.116983	0.877263	0.63248	-0.261897	0.014179	-0.709431	0.630076	0.356779	0.233246	0.602356	0.19213	-0.171088	-0.620079	-0.930759	0.798032	0.876972	0.864686	-0.307729	-0.579766	-0.201215	0.310819	-0.730828	-0.230109	0.834416	-0.362352	-0.620301	0.817315	-0.008276	0.508144	0.027152	-0.153175	0.506401	0.674231	-0.336774	0.761303	-0.050878	0.710804	-0.78085	0.053804	0.107023	-0.858972	-0.340504	0.282043	-0.068292	0.600597	-0.714741	-0.912938	0.992506	0.844831	
0.303886	-0.510576	-0.5243	-0.166282	0.802605	-0.567963	-0.900367	-0.656229	-0.439623	0.669696	-0.479729	-0.311806	-0.271648	-0.351174	0.856166	0.127679	-0.601175	-0.432279	0.380628	-0.835792	-0.637238	-0.291913	0.920484	0.730159	-0.675994	0.586514	-0.159151	0.328963	-0.184537	-0.426188	0.281536	0.378747	0.919027	-0.421257	-0.694468	0.348769	0.68926	-0.949621	0.82564	-0.666189	0.651778	0.192519	-0.866497	0.241813	-0.836226	-0.1872	-0.698411	-0.989361	0.065643	-0.996664	
0.643285	-0.80758	0.035329	0.804449	-0.852052	0.948288	-0.866404	-0.480082	-0.450118	-0.143213	0.826045	0.385517	-0.717416	0.67625	-0.048152	-0.699131	-0.744449	-0.637864	0.681409	-0.364784	0.318911	-0.608233	-0.880818	-0.757076	-0.43206	-0.001079	0.312119	0.640325	-0.241873	-0.803844	-0.306179	0.814834	0.9875	-0.428607	0.945851	0.781153	-0.292322	0.468189	-0.785122	0.573532	-0.639037	-0.386831	-0.05666	0.649234	0.634773	-0.003415	-0.614373	-0.104079	0.334379	-0.077023	
-0.98951	-0.045453	-0.93454	0.978477	-0.445544	0.583306	0.151764	0.641387	0.767578	0.870139	0.690263	0.540137	0.535764	-0.788022	0.164589	-0.534195	-0.448902	0.524361	0.907022	-0.066206	-0.855772	-0.206592	-0.150096	-0.608742	-0.437041	0.097616	0.453012	0.613674	-0.683969	0.692373	0.854489	0.304059	0.670825	-0.240356	0.267469	0.539421	0.287985	-0.584678	0.718496	-0.550659	-0.355148	-0.129334	-0.867174	-0.769275	-0.223801	0.611971	-0.012453	0.210831	0.031584	0.476438	
-0.73276	0.272256	-0.129185	0.446961	-0.303885	0.120494	0.421363	-0.891056	0.230212	-0.638593	0.7261	-0.249762	-0.631293	0.376378	-0.357496	-0.420073	-0.072805	0.210617	-0.769836	0.442646	0.575464	0.491579	-0.111667	-0.534043	-0.113183	0.271248	0.251761	-0.09111	-0.458995	0.364554	0.100089	-0.573145	-0.418368	0.320878	-0.313938	-0.920349	-0.943415	0.479303	0.085273	0.437577	0.299285	0.828059	-0.163348	0.476371	-0.482649	0.195426	-0.489683	0.547522	0.617195	0.616266	
-0.331094	0.824305	0.738772	-0.930144	-0.931883	-0.436404	-0.762516	-0.973192	0.284374	-0.367233	0.287307	-0.051006	0.339974	0.258763	0.666139	0.635516	-0.666836	0.542237	0.451293	0.348524	0.750227	0.251913	0.810972	-0.682946	0.817178	0.713725	0.293568	-0.283859	-0.597779	-0.128062	0.915925	-0.213866	0.665479	-0.653872	-0.037401	-0.653233	0.514056	0.552377	-0.407442	-0.726438	-0.362693	0.62255	0.398892	-0.742195	0.904401	-0.361019	0.662282	-0.526821	0.914887	0.499379	
0.016216	-0.382476	-0.730568	0.196858	0.175717	0.023817	-0.534738	-0.801002	-0.656409	-0.32942	0.40336	0.752968	0.426696	-0.57507	0.679558	0.921656	0.812749	-0.842047	0.13421	0.170096	0.733712	-0.861212	0.92453	0.941892	-0.909184	-0.240449	-0.534664	-0.197008	0.78024	-0.741664	0.777319	0.1587	-0.010934	-0.805707	0.581189	0.46145	0.724481	-0.890078	-0.692917	0.448452	-0.932118	-0.933092	0.221562	0.760098	-0.541017	0.732708	-0.968723	-0.450437	-0.137479	-0.639969	
-0.524352	-0.245184	0.557787	-0.141278	-0.362277	-0.623559	-0.658694	-0.580444	-0.850501	0.823652	-0.01903	0.50046	0.932891	-0.391797	0.656578	0.649262	-0.61235	0.518604	0.719817	-0.919382	-0.525301	-0.558199	0.824259	0.613613	0.256736	0.350805	-0.691484	-0.041585	-0.910129	-0.137744	0.469665	-0.383505	0.925707	0.769782	0.086074	0.121675	-0.277063	0.763208	0.458104	0.405991	-0.54546	0.162534	-0.532917	-0.609431	-0.672427	-0.03008	0.24701	0.682684	0.149614	0.80739	
-0.819622	0.624534	0.336447	0.303571	-0.469676	0.604452	0.991538	0.945132	-0.852226	0.279546	0.553691	0.208189	-0.911315	-0.435644	0.20585	0.343342	0.514651	0.415803	-0.525996	0.179918	0.710146	0.696822	-0.52564	-0.231649	-0.587972	-0.441768	-0.511539	-0.659674	-0.870835	-0.873947	0.906653	-0.406585	-0.871926	0.325547	0.861511	0.915305	0.817116	-0.707342	0.812779	-0.851466	0.648318	-0.494401	0.394101	-0.829435	-0.068442	-0.188227	-0.410495	-0.760958	-0.661969	-0.968142	
-0.155407	0.729482	0.24747	0.213431	0.211857	-0.185407	-0.761876	-0.124481	0.124537	0.05335	0.692581	-0.628809	-0.304949	-0.28561	0.362223	-0.566215	-0.996127	-0.465423	0.351759	-0.803355	-0.693331	0.490545	0.936227	-0.614074	-0.364964	0.951369	-0.975482	-0.496168	-0.731527	0.39923	-0.852152	0.098007	-0.305106	-0.408256	-0.56172	-0.774872	-0.666804	0.797333	0.19686	-0.792819	0.02428	0.487919	-0.152284	0.406039	-0.796509	-0.354471	0.063398	-0.605983	0.617686	0.666565	
0.221152	0.929041	-0.125122	0.417997	-0.483539	0.275464	0.940504	-0.811437	0.71756	0.022927	0.043197	0.638084	0.857651	-0.77348	0.233816	-0.797414	-0.455585	0.42772	-0.151253	-0.295837	-0.129612	0.392226	-0.807268	-0.93482	0.875814	0.991473	-0.596131	0.880948	-0.981014	-0.691249	-0.199437	0.607615	-0.323214	-0.211924	0.153664	-0.99132	0.425599	-0.310297	-0.863774	0.116683	0.936274	0.711182	-0.539285	0.713437	-0.112742	-0.505354	0.054168	-0.194345	-0.584064	0.756757	
-0.788222	-0.538682	0.956438	0.782297	0.275175	-0.635799	-0.239828	-0.76198	0.359328	0.300444	-0.74757	-0.95117	-0.753083	-0.676118	0.470412	-0.539697	-0.20157	0.527647	0.44957	-0.596909	-0.921844	-0.468566	-0.299634	0.618476	-0.733683	-0.586476	0.815801	-0.134968	-0.886133	0.655646	-0.050662	0.633357	-0.909189	0.057539	-0.528633	0.772075	-0.010774	0.590672	0.349417	-0.156426	0.765515	0.687277	-0.487127	0.797054	-0.364989	-0.722888	-0.47873	-0.92268	-0.201379	-0.858698	
-0.093665	-0.201114	0.304186	0.838287	-0.264627	-0.246365	-0.280163	0.086382	0.205435	0.312509	0.656013	0.230691	0.466234	-0.120102	-0.911867	-0.955722	0.974907	0.692898	-0.983681	0.308674	0.579338	0.844489	-0.122788	0.608017	0.438624	-0.491595	0.917565	-0.797436	-0.468515	0.650114	-0.407918	0.019104	-0.428772	0.9624	-0.325109	0.030196	0.307317	0.544805	0.599468	-0.82252	0.404171	0.595371	-0.90309	0.69741	0.634831	0.702976	0.272376	-0.010035	0.433057	-0.77209	
0.737061	0.24866	-0.631431	-0.688779	-0.623871	0.750487	-0.358249	0.224528	-0.631535	0.616384	-0.266537	0.395351	0.560781	0.208619	0.926567	-0.828497	0.701382	-0.266709	-0.837389	-0.205642	-0.526348	0.978086	-0.357715	-0.068716	-0.346186	0.641801	-0.221269	0.489527	0.248255	0.56651	-0.047557	0.129208	-0.535701	-0.576704	-0.325526	0.846426	0.662934	-0.487895	-0.764205	0.480901	-0.191128	-0.228694	-0.797854	0.934736	0.435802	0.103035	-0.475721	-0.215158	0.212908	-0.137816	
0.888366	-0.958394	0.284145	-0.919496	0.307879	-0.068238	-0.687985	-0.712904	0.810751	-0.805072	0.528741	-0.185504	-0.39714	-0.047494	-0.835657	-0.760796	0.675756	0.160797	0.923678	0.516712	-0.873283	0.794881	0.571969	-0.934814	-0.238162	0.551831	-0.941061	-0.20121	0.684554	-0.36805	-0.784267	0.489631	-0.860761	-0.674312	-0.099184	0.314664	-0.547344	0.694809	-0.00679	-0.5342	0.523947	-0.343167	0.059251	-0.911892	0.18474	0.147333	-0.377538	-0.204307	0.481027	-0.738247	
0.557896	-0.828926	-0.139229	0.623521	-0.692429	-0.535022	-0.710817	-0.710659	0.887715	-0.971194	0.64774	0.148683	-0.515147	0.864884	0.602802	-0.293814	0.736458	-0.830379	0.022646	-0.326342	-0.752671	0.460463	-0.043715	0.566254	-0.69515	-0.244546	0.20372	0.583502	0.637669	0.221059	0.965466	0.910578	0.635571	-0.426997	0.381105	0.88894	-0.762243	-0.393792	-0.812593	0.910493	0.846636	0.430304	-0.565145	-0.988368	0.591039	0.950983	-0.447231	0.292837	0.152606	0.31831	
0.43538	-0.993695	0.953682	-0.997661	0.845123	-0.583853	0.816541	-0.775529	-0.728712	0.248436	-0.65277	-0.23879	0.270625	-0.866725	0.682231	-0.441169	-0.491905	0.120022	-0.751745	-0.900965	0.819119	0.592365	0.963689	0.403396	0.735884	-0.959554	-0.585689	0.599439	0.264965	0.373385	0.998362	0.549735	-0.143968	0.756532	0.742727	-0.43079	-0.419954	0.11369	-0.746378	0.210787	0.606357	-0.569428	0.497098	-0.730948	-0.906852	0.769744	-0.323591	0.944162	-0.08515	-0.485511	
0.7897	0.446736	0.210899	0.003584	0.179864	-0.540512	-0.949205	0.383492	0.437335	-0.266811	0.790306	0.64877	0.921054	-0.766702	-0.840412	-0.828516	0.012825	0.03889	0.11701	0.800336	0.573554	0.545088	-0.732116	0.934406	-0.733549	-0.488965	0.481571	0.23227	-0.359374	0.384339	-0.783752	0.733653	0.008922	-0.240252	-0.514463	-0.255063	0.090552	-0.327152	-0.988498	-0.518279	-0.813188	-0.895785	0.215506	-0.734104	-0.613532	-0.698888	0.608528	-0.513125	-0.311583	0.901661	
0.906976	0.028395	0.545729	0.794734	-0.960535	-0.161736	-0.943239	-0.768657	-0.671852	-0.556202	-0.065305	0.712018	0.922772	-0.972881	0.842398	0.452706	0.712863	0.035031	0.472102	0.905685	0.118476	0.036103	-0.657732	-0.869484	-0.477649	-0.663312	-0.495698	-0.517519	-0.45356	0.381184	0.716145	0.662984	-0.207756	0.979016	0.096661	-0.880693	-0.821718	-0.487289	0.044363	0.436866	0.920813	0.087498	-0.380239	0.499274	-0.464936	0.26412	-0.524374	-0.506585	-0.95488	-0.954181	
0.170699	0.591826	-0.451527	-0.168922	-0.979518	0.933968	-0.907552	0.848512	0.709689	-0.940494	-0.594718	-0.620287	-0.177912	-0.158578	-0.384688	-0.36924	0.900262	0.238785	-0.982678	0.723799	0.39017	0.032037	0.904474	-0.963394	-0.096598	0.791998	0.220127	0.472452	0.078453	0.132966	-0.484005	0.955209	-0.266045	0.200656	0.680138	-0.250757	-0.526502	-0.679065	-0.42399	0.21446	-0.595276	-0.595205	-0.262467	-0.004883	0.987027	-0.677341	-0.350079	-0.740057	-0.317418	-0.745071	
-0.701517	-0.287224	-0.744753	-0.48776	-0.380025	0.49296	-0.210569	-0.01856	0.249002	0.479756	-0.043461	-0.206285	-0.075256	0.874738	-0.3989	-0.440018	0.7595	-0.083378	0.952085	-0.305852	-0.530231	0.275315	0.849683	-0.367747	-0.665843	-0.025105	0.98187	-0.22888	-0.029697	-0.039609	-0.87772	-0.921811	-0.628585	0.328434	0.499867	0.787917	-0.347812	0.436942	0.654261	0.120074	-0.872079	-0.656284	0.31614	-0.221489	-0.065984	0.832775	0.707681	-0.47171	0.830988	0.163645	
-0.086113	-0.83367	0.244041	0.790652	0.051152	0.114759	-0.765722	-0.602155	0.846302	0.188913	-0.691275	0.904959	0.135105	0.210831	-0.687406	-0.280554	0.164339	-0.861413	-0.454891	-0.221735	0.189897	0.941242	-0.980248	0.254029	-0.579696	0.899367	-0.359698	0.597937	-0.841432	-0.616152	0.204985	0.645978	0.260945	0.922167	0.351436	-0.986757	-0.885989	-0.332415	0.941801	-0.9626	-0.385751	0.979493	0.238723	0.453258	0.553864	-0.536803	0.587689	0.973948	-0.622221	0.485091	
-0.604786	-0.699827	-0.916788	0.870283	-0.278582	-0.999518	-0.676507	0.966442	-0.283052	0.516338	-0.644571	-0.013607	-0.978242	0.120867	-0.815932	-0.497772	0.993856	-0.958731	-0.154441	0.668126	-0.637326	0.755818	-0.664516	0.266312	0.465826	-0.422666	0.490479	-0.702301	-0.88533	0.889915	-0.178403	-0.863102	-0.19674	-0.341503	-0.379299	0.728225	0.303515	-0.422997	0.950431	0.976661	-0.295119	0.841242	0.245065	0.515235	-0.839673	0.997071	-0.90928	0.028438	-0.023647	0.333951	
-0.00879	0.269449	0.544545	-0.651335	-0.971924	-0.36657	-0.493249	0.324698	0.59716	-0.510658	0.468727	-0.246949	-0.011651	-0.51786	-0.456977	-0.307131	-0.814212	0.580706	0.134492	-0.438038	-0.563067	0.075898	-0.972761	-0.71506	-0.920038	-0.322372	-0.116946	-0.776429	0.979374	0.71179	-0.398167	0.372942	-0.283201	0.10875	0.536594	0.485303	-0.58186	-0.799428	-0.260975	-0.493429	-0.508956	-0.694182	0.097535	-0.133373	0.44781	0.55922	0.398047	0.125099	-0.894702	-0.845989	
-0.831334	-0.490205	-0.781666	0.62741	-0.665479	-0.451279	-0.720688	0.678305	-0.838662	0.235786	-0.111491	-0.435376	-0.610246	-0.653922	0.970351	0.087734	0.714336	-0.097593	0.68897	-0.85495	-0.777615	-0.342213	0.03985	0.233384	0.312412	0.208622	-0.369271	-0.881614	0.172542	0.25201	-0.376911	-0.103282	0.901926	-0.193258	-0.809592	0.595944	-0.674888	-0.692787	0.764228	-0.589449	-0.965365	0.413124	0.574683	0.834075	-0.963803	-0.883321	0.610049	-0.137823	-0.836923	-0.154644	
0.607938	0.42922	0.9388	0.051647	0.508586	0.951897	0.152362	0.573324	0.546798	-0.293089	0.477988	0.006294	-0.283823	-0.279698	-0.31416	-0.325637	-0.629127	-0.973634	-0.870746	0.600824	0.873185	-0.19064	-0.564424	0.268608	-0.315687	-0.877772	0.134766	0.625272	-0.941813	-0.618106	-0.342919	0.798647	-0.808939	-0.477439	0.84315	-0.026615	-0.596687	0.768373	-0.807567	-0.79344	-0.56734	0.277998	0.059138	0.298528	-0.878974	-0.277781	0.557023	0.182437	0.934715	0.125765	
-0.30557	0.563272	-0.025336	-0.215354	0.65288	-0.376726	0.10204	-0.766907	-0.515497	0.749807	0.395796	-0.882047	0.399849	0.179276	-0.773469	-0.45943	0.698308	-0.710335	-0.995537	0.441583	-0.578048	0.844281	-0.502265	-0.021472	0.140497	-0.659486	-0.324038	0.113198	0.114696	-0.724543	-0.868982	-0.958358	-0.957722	-0.288984	0.232475	0.268249	0.075073	0.448855	-0.746522	0.555956	0.01495	0.784866	-0.87173	0.110181	-0.115547	0.262907	-0.282683	-0.972255	0.937711	0.295937	
0.649856	0.922798	0.241509	0.615618	0.941049	0.766199	-0.201294	0.79725	0.123457	0.201141	-0.289401	-0.24735	-0.201629	-0.134558	0.928163	-0.911632	-0.430343	0.25911	-0.658087	0.327941	-0.705853	0.195752	0.879893	-0.668255	-0.102401	0.497086	-0.482048	-0.626869	0.420915	-0.537294	0.605442	0.033301	-0.523137	-0.709259	0.002715	-0.755998	-0.404346	0.074028	0.029438	-0.962915	-0.106419	-0.208763	-0.523365	-0.067239	-0.341081	-0.973578	0.259067	-0.532047	0.302655	0.21022	
-0.257457	-0.803164	-0.057314	-0.588275	0.821347	-0.886137	-0.713759	0.166335	0.041548	-0.594766	0.656822	0.281684	-0.112317	0.897394	0.990041	0.090907	0.163731	-0.58875	0.944718	0.735963	0.709492	0.915372	-0.699792	-0.980442	0.450686	-0.190882	0.205396	-0.291269	0.017213	-0.60983	-0.621025	0.563906	0.502914	-0.124436	0.108917	0.680432	0.437268	-0.824535	-0.316713	-0.340587	0.799442	-0.473598	-0.717748	-0.641789	0.190111	-0.727032	-0.482388	0.682944	-0.915755	-0.712405	
0.138126	0.443285	0.64416	0.361832	0.750919	-0.793247	-0.946537	0.422653	0.345488	0.634649	-0.046164	-0.900088	0.650168	-0.591367	-0.772741	-0.088663	-0.710199	-0.181902	-0.512333	-0.444391	-0.511856	0.047838	-0.606623	0.538673	0.135378	0.033056	-0.201815	0.927126	-0.944911	-0.961048	-0.430166	0.215353	0.106314	-0.707335	-0.488297	0.660162	-0.498964	-0.123244	-0.429717	-0.394417	0.579856	-0.58937	0.482214	0.156279	0.400263	0.622431	-0.240185	-0.559662	-0.163615	0.537945	
0.269853	-0.786063	0.831935	0.327067	-0.202663	-0.447696	-0.889231	-0.577808	0.786014	0.647821	-0.746782	0.270171	-0.783782	-0.894443	0.968833	-0.833348	0.348656	-0.25257	-0.999515	0.162898	0.239937	-0.900487	-0.061161	0.799542	0.932185	-0.65554	0.361973	-0.338379	0.114588	-0.525879	0.166398	0.277357	0.893845	-0.201041	-0.658322	0.229303	-0.06733	-0.357584	0.894416	0.088448	0.187543	-0.629705	-0.875216	-0.461056	-0.331386	-0.396561	0.230534	0.695042	-0.380464	-0.183664	
-0.168983	0.713026	0.654143	-0.282529	-0.718572	-0.077058	0.732667	0.986871	0.830207	-0.538485	0.515175	-0.651046	-0.03739	-0.496327	0.328721	-0.31573	-0.315896	0.894008	0.06834	0.229882	0.129883	0.306511	0.311674	-0.419218	-0.543401	-0.993636	0.984821	0.273743	0.103132	0.663783	-0.430926	-0.368159	0.117515	-0.975539	0.856721	0.598327	-0.875603	0.506857	0.187119	0.629144	0.74132	-0.278625	-0.945331	0.290105	-0.086706	-0.859139	-0.82789	0.433175	0.77091	-0.196145	
0.512292	-0.708499	-0.728541	-0.723445	0.651374	0.741754	0.006853	0.668345	-0.270841	0.347171	0.088748	-0.735498	-0.391092	0.450585	-0.940584	0.770685	0.973562	0.260347	-0.523197	-0.831146	0.855848	-0.09609	-0.450595	0.884519	0.823481	-0.109879	0.46104	-0.897371	0.788873	-0.320048	0.151753	-0.958053	0.093859	-0.961002	0.765332	0.523579	-0.716737	-0.775077	-0.843335	0.469542	0.358373	-0.15677	-0.997451	-0.09268	0.937097	0.462679	-0.106297	0.128747	0.788998	0.564605	
-0.39332	0.752708	0.951113	0.646226	0.538546	0.507835	-0.892906	-0.595819	0.830057	0.122476	0.353384	0.711665	-0.173617	0.988352	0.023823	0.592608	-0.533173	0.209563	0.43129	0.68932	-0.713713	-0.190525	0.642332	0.237608	0.830015	-0.655992	-0.616381	-0.678766	-0.155313	0.336148	0.586369	0.008924	0.803194	-0.514023	0.256198	-0.722394	-0.843776	-0.602683	-0.12316	0.107833	0.821892	-0.417149	-0.338359	0.898939	-0.864414	-0.972881	-0.373994	0.830537	0.490075	0.515222	
0.53417	-0.785743	-0.418368	0.825056	-0.585788	-0.521194	0.702827	0.704563	-0.68944	-0.818093	-0.340146	-0.985945	0.802241	-0.830076	0.802166	-0.78948	0.948746	-0.122047	-0.25569	0.02845	0.276954	-0.547166	-0.58059	0.334442	-0.221711	0.248474	0.845545	-0.814449	-0.285073	0.906887	-0.13261	0.036462	0.07236	0.243027	-0.008745	0.326589	-0.470418	-0.978232	0.241462	0.884843	-0.318522	-0.364041	-0.18441	-0.453866	-0.345581	-0.547601	0.392942	0.957254	-0.505286	0.692938	
0.647759	-0.980621	0.246532	-0.819717	-0.159076	0.845291	0.791878	0.749985	0.569334	0.470199	0.160367	-0.924479	-0.227557	0.631049	0.630202	0.036893	0.845376	0.638497	-0.01197	0.718581	0.101961	0.094301	0.588882	-0.480442	0.850639	0.458045	-0.261401	-0.630253	-0.80271	-0.027083	0.50071	-0.132923	-0.124122	0.164521	0.988501	0.59555	0.188926	0.055204	-0.103619	0.43602	0.297489	-0.878021	-0.771127	0.473223	-0.344409	0.316365	-0.941002	-0.539809	-0.214087	-0.522204	
0.797348	0.535153	0.708072	-0.383661	0.548563	0.5493	0.393478	-0.450166	-0.552353	0.965648	0.446821	0.053414	0.94888	0.098548	0.704269	0.683345	0.208213	-0.658209	0.66227	0.213648	0.724556	-0.661566	-0.49179	-0.171064	-0.151287	0.46967	0.159215	-0.10909	-0.550891	-0.38965	0.84441	-0.7252	0.071079	-0.508696	0.278541	-0.704114	0.523325	-0.875781	-0.754849	0.288326	-0.043025	0.556606	-0.574777	-0.967322	-0.832314	0.854565	0.491381	-0.82201	-0.790631	0.052268	
-0.682533	0.354498	-0.741276	-0.596949	0.21933	0.823868	-0.354752	0.808966	0.453128	-0.626092	-0.641646	0.689359	0.811312	-0.856405	-0.652701	0.945227	-0.387292	0.008107	0.602846	-0.073284	0.673763	0.406743	-0.033744	-0.539352	0.735974	-0.255283	-0.456374	-0.796677	0.786395	0.826939	-0.725957	0.188981	0.878126	0.177445	0.515208	0.951817	-0.364433	0.745095	0.07605	-0.892921	-0.553662	-0.546094	-0.484318	-0.695037	-0.30557	0.683636	0.644274	0.783412	-0.180555	-0.792907	
-0.379855	0.86603	-0.904751	-0.750826	0.026201	-0.548895	0.182294	0.586584	0.168466	0.827331	0.070434	-0.974599	-0.802042	-0.691896	0.672141	0.347657	-0.356984	0.819323	-0.479371	-0.118512	-0.695569	0.733126	0.880712	0.461566	-0.200303	0.474676	-0.217699	-0.870171	-0.182446	0.080984	0.184635	-0.507754	0.989452	0.214162	-0.406754	0.367564	0.555174	-0.224727	-0.333563	-0.305032	-0.214212	0.92111	-0.016252	0.319693	-0.902898	-0.753206	-0.651931	-0.480951	0.537841	-0.265753	
-0.173698	0.174646	0.915504	0.551888	-0.680739	-0.114679	0.627693	0.36752	-0.93034	0.726873	-0.545639	-0.002067	-0.502618	0.12732	0.650375	-0.825528	0.702753	0.076933	0.683514	0.200451	0.389687	-0.765142	-0.853351	0.305691	0.170099	-0.026599	0.337742	0.782954	-0.289284	0.961626	-0.652725	0.511292	-0.807821	0.954133	0.451346	0.960011	0.863152	0.611694	0.200644	-0.127828	-0.430513	0.216303	0.651438	-0.818845	0.310351	0.79958	-0.606678	0.330008	0.296628	0.309171	
0.233856	0.491816	-0.351168	0.529229	-0.754152	-0.570162	0.086435	0.721844	0.237908	0.914784	0.263685	-0.368195	-0.431693	-0.5897	0.37606	0.99792	-0.486752	0.72094	-0.218335	-0.883273	-0.870252	0.973992	0.519717	0.454081	-0.921571	-0.433908	-0.981967	-0.096076	0.558264	0.088857	0.06586	0.658875	0.216113	0.796389	0.611475	-0.313178	-0.170667	-0.349735	0.292655	0.30983	0.734543	-0.046298	0.688828	-0.635501	-0.857439	0.738712	0.193257	-0.783025	-0.852973	-0.032577	
-0.701792	0.344122	0.367451	0.615293	0.472189	0.520923	-0.758586	-0.905442	-0.76198	-0.733524	0.915911	-0.324869	-0.675524	-0.083643	0.008509	0.717288	-0.627525	0.655705	0.830741	0.170114	0.575878	0.458356	0.137905	-0.350922	0.970127	-0.050617	-0.477533	-0.019567	0.296725	0.773415	-0.974442	-0.446626	-0.505122	0.222421	0.209603	-0.671538	0.840235	0.631104	-0.016314	-0.914477	-0.030271	0.509317	0.499014	0.91914	0.014085	0.016816	0.111594	0.301354	-0.50656	0.038547	
0.114436	-0.257057	-0.920238	-0.121574	0.56546	0.685562	0.641341	0.955548	-0.752153	-0.518741	0.129231	-0.899401	-0.338412	-0.670488	0.159088	-0.521246	-0.463532	0.022753	-0.619829	0.370538	-0.997241	0.63868	0.624579	-0.695309	0.894985	-0.930948	-0.169005	0.143822	-0.08174	0.558818	-0.014055	-0.534214	0.163555	-0.683998	-0.421427	-0.647975	0.29686	0.444965	0.689278	-0.80342	-0.686782	-0.265778	0.051407	0.222372	-0.356007	-0.444693	-0.160498	-0.471644	-0.312053	0.315236	
0.013767	0.835225	-0.098567	0.026488	-0.790317	-0.680805	0.804402	-0.821339	-0.736645	-0.50312	-0.768085	-0.506974	0.820468	-0.635763	-0.81813	-0.664157	-0.662128	0.873165	-0.182844	-0.673785	0.420623	-0.210193	0.203602	0.242715	0.021203	-0.716944	-0.786512	0.056809	-0.248043	-0.379017	0.706322	-0.499489	0.26479	0.95139	-0.079858	0.63018	-0.348708	-0.332886	-0.251357	0.610388	-0.408774	0.396245	0.671802	0.623588	-0.350709	-0.545043	0.738553	-0.282719	-0.738636	0.3208	
0.449298	0.405719	0.432647	-0.639847	-0.401978	-0.743824	-0.729026	-0.796402	0.255431	0.48336	0.084433	0.515283	-0.775172	-0.922011	-0.352604	-0.005636	-0.709747	0.425863	0.606705	-0.47351	0.374571	-0.072231	0.661187	0.095068	0.40388	-0.277515	-0.277494	0.702185	0.216534	0.970532	-0.817667	-0.759021	0.053445	0.9851	-0.212797	-0.231161	-0.332962	-0.588596	-0.934637	-0.091852	-0.141435	-0.03905	-0.280655	0.255222	-0.249843	-0.585498	-0.161116	0.075801	-0.196039	0.244219	
0.112082	-0.379094	0.949729	-0.454664	-0.010721	0.001581	-0.78357	-0.281533	-0.28311	0.320089	0.518222	0.283699	0.901177	0.973263	-0.691054	0.00152	0.071563	-0.990148	-0.788745	0.363212	0.688687	-0.26782	-0.928486	0.409495	-0.140697	0.985923	0.258067	0.35518	-0.489589	0.13445	-0.626256	0.937912	-0.650806	-0.872685	0.300008	0.92749	-0.214601	-0.267163	0.641967	0.628941	-0.246642	-0.208646	0.596312	0.172887	-0.195429	-0.798219	0.309752	0.707146	-0.843284	-0.296831	
-0.94899	0.554151	-0.118881	0.68912	0.16706	0.674097	-0.362174	-0.18986	0.963668	-0.413492	-0.697541	-0.97564	0.330259	0.969349	0.585479	0.703581	-0.063677	0.877731	-0.771125	-0.612072	-0.417908	-0.380849	0.822761	-0.854554	-0.523405	-0.068385	-0.53078	0.491812	-0.345202	-0.550027	-0.276122	-0.596487	-0.648667	0.985472	0.837253	0.560379	0.891747	-0.039685	-0.332322	-0.709411	0.879028	-0.880852	0.732886	-0.395075	-0.205529	0.214199	-0.014045	-0.723616	0.897816	-0.711129	
0.790503	-0.072982	-0.797566	0.989275	-0.478101	-0.674087	-0.022883	0.304383	-0.852988	0.874673	0.662535	-0.351879	-0.223341	-0.734817	-0.317141	-0.079425	-0.102868	0.503909	-0.47777	0.785205	-0.052609	0.495416	-0.316876	-0.381129	0.972343	0.951359	-0.815135	-0.057138	0.681657	-0.020203	0.585879	-0.341757	0.661868	-0.650386	0.622119	-0.391615	-0.936889	0.734453	0.271551	0.634876	-0.95892	0.619156	0.722435	-0.624765	-0.887392	0.39958	0.91576	0.277529	0.553034	0.581268	
-0.943425	-0.382483	0.690163	0.543983	0.94552	-0.148934	-0.364959	0.980429	0.527965	0.588436	-0.358699	0.913603	-0.273336	0.135002	-0.878204	0.480172	-0.854113	0.244613	-0.276644	-0.787776	0.993549	0.202946	-0.111793	0.700715	0.03799	-0.668573	0.833334	0.537835	0.047066	0.48191	0.72418	0.293177	-0.402313	-0.516247	0.754608	0.29137	0.860923	-0.800313	-0.420447	-0.71981	0.948437	0.353986	0.970177	0.35806	0.669818	0.246136	0.673664	0.284074	-0.962222	0.089556	
0.42429	-0.798158	0.037324	-0.543587	0.547969	-0.671094	-0.69357	0.791222	-0.311523	-0.709443	0.412164	0.566953	-0.078197	-0.266253	0.218444	0.226815	0.278007	-0.645321	0.848347	0.681585	-0.960502	-0.697158	-0.531296	0.956636	0.402154	0.894414	-0.298953	-0.09637	0.423693	0.093298	0.2413	0.919185	0.540072	0.334005	0.998871	0.915206	-0.404601	0.780619	-0.602483	-0.020425	-0.985851	-0.472243	0.688092	0.398982	0.973995	0.005182	0.130524	0.06204	-0.580697	0.007615	
-0.485993	-0.360785	0.509397	-0.701543	0.008986	-0.848236	0.507534	-0.084816	0.894972	0.021617	-0.058624	0.884258	0.426646	0.681159	0.68493	-0.555088	-0.275947	0.363859	0.213514	-0.951746	0.643298	0.378189	-0.168184	-0.21579	0.311621	-0.790311	-0.77829	0.006078	0.378695	-0.118819	-0.583612	-0.910374	0.897175	0.84424	-0.380626	0.315004	-0.320349	-0.098141	-0.379381	-0.792722	0.131418	0.898631	0.720636	-0.760826	0.586161	0.364028	0.991338	0.861229	-0.426231	0.281035	
0.797611	0.456621	0.063741	-0.559556	0.18149	0.283418	-0.069173	0.577634	-0.875685	-0.295147	-0.995747	0.74149	0.163943	-0.721944	-0.106127	0.04124	-0.112831	0.348459	0.121131	0.084545	0.303654	0.432369	0.405033	-0.863415	0.695925	-0.829268	-0.519181	0.347001	0.065581	0.416625	0.795928	-0.030411	0.317892	-0.195623	-0.047199	0.299078	-0.009173	-0.756963	-0.627504	-0.362024	-0.386592	-0.708674	0.591159	-0.350299	-0.489217	0.947313	-0.698492	0.630533	-0.920273	-0.366171	
0.480514	0.160527	0.473424	-0.490683	-0.863634	-0.406565	0.378061	0.622222	0.237344	0.811719	0.005569	0.475729	-0.887655	-0.668254	0.144294	0.714751	-0.197877	-0.667687	0.648467	0.315798	0.731505	0.397605	0.545815	-0.7446	0.413001	0.643781	-0.950592	-0.812327	0.732921	0.819181	-0.451123	0.550589	0.662411	-0.045729	-0.416283	0.557268	0.079105	0.113188	0.174915	-0.747238	0.686884	0.686236	0.975141	0.309782	0.101177	0.501092	0.472536	-0.045889	0.215553	-0.954552	
-0.702367	-0.907952	0.199369	-0.089157	0.157154	0.284469	0.349197	0.21354	-0.329968	-0.460817	-0.55552	-0.712634	-0.391436	-0.102479	0.893708	-0.906811	-0.726404	0.028221	0.312413	-0.291676	0.781351	0.135334	0.146668	-0.019781	-0.183642	0.084883	-0.540249	-0.855921	0.573783	0.970319	0.464854	0.104243	0.914004	0.23724	-0.977165	0.150641	-0.587717	-0.477407	-0.854133	0.654605	-0.532922	0.913615	0.391544	-0.243378	-0.802129	0.235037	0.448465	0.950409	-0.0419	-0.645741	
0.35355	0.168077	-0.068	0.950806	0.657515	0.428208	0.734334	0.739453	-0.875904	-0.177313	0.649938	0.855675	-0.063103	-0.195745	-0.908486	0.283021	-0.904572	0.238967	0.101531	0.758074	-0.042418	0.113152	-0.529704	-0.618233	0.183472	-0.821057	-0.68211	-0.484952	0.525908	0.403226	-0.711517	-0.603376	0.694366	0.081276	0.256988	-0.826869	-0.073686	-0.964707	0.575606	-0.553327	-0.437777	0.76838	0.423789	0.282048	-0.983917	0.956847	-0.623278	-0.64202	0.84856	0.548411	
0.712696	-0.302361	0.873624	0.978512	-0.154803	-0.993577	-0.546427	0.440062	0.93759	-0.298214	0.324294	-0.259431	0.38606	-0.245646	-0.677636	-0.123537	-0.694596	-0.456065	-0.962639	0.534718	-0.495695	-0.358443	-0.547502	-0.446424	0.826515	-0.100051	-0.010386	0.149001	0.835354	-0.444039	0.782016	0.374815	-0.121351	-0.350332	0.210629	-0.850401	-0.412604	0.981441	0.719279	-0.858064	-0.542354	0.656048	-0.903278	0.184392	-0.313868	0.025171	-0.206919	0.40704	-0.815039	-0.045771	
0.327339	0.913017	0.290739	-0.804295	-0.745315	0.12932	0.595251	-0.220138	-0.928799	-0.070206	0.698533	0.790234	0.340347	0.33001	-0.247335	0.962898	-0.381032	-0.713294	-0.894229	-0.439924	-0.450056	0.06771	-0.284459	-0.813012	-0.76608	0.027891	0.705215	-0.473938	-0.436492	-0.216263	-0.979602	0.921347	0.274283	-0.375143	-0.88451	-0.081399	0.004259	-0.465937	0.112135	0.788215	-0.467907	0.906072	0.365163	-0.992452	0.884837	-0.129295	-0.445398	0.155509	0.312009	0.233797	
0.864689	-0.93652	0.443838	-0.288015	0.652277	0.457634	0.482471	-0.904951	0.92391	-0.878975	0.891069	-0.826805	-0.853206	-0.489066	-0.918593	-0.434861	0.681799	0.519341	0.925866	0.764499	0.193941	-0.24418	-0.511754	-0.527548	-0.60068	-0.983585	-0.940497	0.98005	-0.469131	0.942636	0.65423	0.792817	0.855646	-0.692946	0.808222	-0.687304	0.850874	0.431729	-0.929725	-0.645353	0.386137	-0.351298	0.473263	0.898763	-0.6308	0.836019	0.434913	-0.787894	-0.07792	0.302432	
-0.291889	-0.624672	0.533219	0.589228	0.050134	-0.523123	0.492885	0.585777	-0.370396	-0.865858	-0.818061	-0.605136	0.21243	0.196292	0.072638	0.772745	0.751198	0.429073	0.614616	-0.358221	0.093752	-0.426009	0.887046	0.004868	-0.844123	0.366845	0.782462	0.593818	-0.048963	0.035191	-0.005552	-0.54293	0.333761	0.657852	-0.850645	-0.716583	0.12697	-0.35756	-0.848903	0.51135	0.455791	-0.470549	0.288305	0.841755	0.793181	0.7928	0.227523	0.653966	0.714887	0.615267	
0.363074	0.347994	-0.236598	-0.070886	-0.2462	-0.732275	-0.016109	-0.193509	-0.979359	0.318154	0.091775	-0.224241	0.024117	-0.905744	0.762943	0.720756	0.815564	-0.487824	-0.60159	-0.484963	-0.156709	-0.842905	-0.886393	-0.672144	0.938831	0.897478	0.29531	0.625154	-0.480177	-0.78392	0.695723	0.76643	-0.868046	-0.458448	0.046976	0.744067	-0.890616	-0.142544	-0.987191	-0.008747	0.848438	-0.468888	0.967131	0.678767	-0.735279	0.273574	0.21295	-0.906756	0.413238	0.288869	
-0.124681	0.176656	-0.79142	0.076593	0.95847	-0.663798	-0.432222	-0.301368	0.591424	-0.620513	0.53814	0.820608	0.515735	-0.415655	-0.688392	0.509887	0.531104	0.802955	0.727348	-0.232067	0.348495	-0.205504	-0.970876	-0.291494	0.475769	0.241766	0.347101	-0.861885	0.472396	-0.14124	-0.059673	-0.439513	-0.742055	-0.157271	-0.105137	-0.674062	-0.036465	0.131724	0.252509	-0.670102	0.086696	0.560221	0.654043	-0.906106	0.007719	-0.307721	-0.224875	0.435761	-0.21556	0.63769	
0.795997	0.837842	-0.20203	-0.164043	0.428837	0.699483	-0.918178	0.479023	0.094837	0.328814	0.110252	0.827559	-0.801263	-0.028222	-0.854487	0.944804	-0.751697	-0.93062	-0.619474	0.991023	-0.745052	0.296955	-0.531356	-0.047342	-0.172091	-0.137122	0.366826	0.880735	0.499695	0.573204	0.542263	-0.50346	-0.390601	0.347188	0.16109	0.245142	-0.739003	-0.450057	0.207898	-0.102903	0.364447	-0.917253	0.705745	0.755897	0.350538	-0.382689	-0.460519	-0.156958	0.449709	-0.529374	
0.892326	0.37606	-0.071357	0.864411	0.90614	-0.68752	-0.241126	-0.656722	0.770953	-0.909847	-0.158195	0.88487	0.406591	0.545436	-0.820131	-0.298171	0.902774	0.753449	0.379897	0.719494	0.361948	0.866064	-0.026095	0.069054	-0.231691	-0.785184	-0.064267	0.731762	0.470623	0.809789	-0.209683	-0.313813	0.890584	0.133494	-0.973073	-0.257863	0.40358	-0.744119	-0.763296	0.352533	0.443069	0.910156	0.916369	-0.442917	-0.082323	-0.2924	-0.28689	0.141857	-0.383198	0.080069	
0.129685	0.397597	0.733563	-0.090217	0.069431	-0.41885	-0.230496	-0.016579	0.998717	-0.421319	-0.586543	0.186041	-0.546881	-0.090782	-0.741013	-0.871533	0.032881	0.401583	0.753781	-0.14118	0.14041	0.917416	0.402802	-0.667622	0.534433	0.853631	-0.857096	0.550055	0.691399	-0.090472	0.41619	-0.308124	-0.563975	0.987209	0.19347	0.646711	0.352997	-0.239284	0.59429	-0.798009	-0.929602	-0.361126	0.167783	-0.387138	0.113753	-0.263181	0.199871	-0.735904	0.297489	-0.854221	
-0.670666	-0.510329	0.819595	-0.271328	-0.606647	0.089092	0.261834	0.346594	-0.278438	0.670794	-0.973725	0.679556	-0.329767	-0.081143	0.693032	-0.733353	-0.529228	-0.634989	-0.234358	-0.242832	0.60042	0.491751	0.757161	0.76676	0.494392	-0.207075	0.040999	0.492073	0.715065	0.251537	0.922661	-0.731466	0.007083	0.464028	-0.390673	0.925281	0.430863	0.074906	0.156953	0.706213	-0.38803	-0.168453	-0.8233	0.898049	0.428445	-0.477249	0.101662	0.429219	-0.62126	0.637391	
0.527735	-0.43233	0.613397	-0.348754	0.640091	0.549853	-0.156497	0.77367	0.137591	0.61476	0.045146	0.032448	-0.870554	0.504136	0.92259	-0.032608	0.586176	-0.024514	-0.776014	0.068992	0.642856	-0.073475	-0.786482	0.570895	-0.09343	-0.724331	0.566376	0.156685	0.659742	0.10849	-0.663081	-0.297015	-0.130631	0.283141	-0.648101	0.412014	-0.999356	0.439664	0.332369	0.20253	0.173741	-0.863512	-0.74348	0.563152	-0.004858	0.621213	-0.867191	-0.225628	0.371816	0.153967	
0.651727	0.353444	-0.896169	0.642174	0.942392	-0.611604	0.124825	-0.023812	0.933122	0.476488	-0.010145	-0.026983	0.816439	-0.695717	0.600026	-0.390151	0.159552	0.216798	-0.079732	-0.033961	0.844959	-0.061185	0.190147	-0.74331	-0.681468	-0.932287	-0.840236	0.179457	0.573283	-0.988382	-0.781243	0.526921	0.833003	-0.593579	0.483684	0.38248	-0.463432	0.124499	-0.35105	0.167476	0.823443	0.778531	-0.987499	-0.938487	0.224739	-0.309145	0.568676	-0.643573	-0.439973	0.272887	
0.852107	0.006385	-0.717036	-0.062033	-0.529782	0.96444	-0.925283	0.730572	0.264589	0.060574	-0.644495	0.781773	0.97603	-0.82998	-0.611611	0.810603	0.264611	0.45397	-0.748917	-0.911837	-0.281059	0.922956	-0.452958	0.706075	-0.786469	-0.24261	0.074296	-0.394665	-0.452809	-0.483888	0.947953	0.23796	-0.16301	0.213509	0.38538	-0.12338	0.36254	-0.648982	-0.492769	-0.471075	0.909398	-0.710711	0.338189	0.578185	-0.945937	0.836578	-0.581522	0.742049	0.745425	-0.501942	
-0.509656	0.19667	-0.793716	0.681198	-0.035769	-0.495374	0.734247	0.738069	0.080094	-0.805899	0.823722	-0.743597	0.230424	0.561741	0.171723	-0.229103	0.726158	-0.482726	0.906293	0.461518	-0.356629	-0.145264	-0.251722	-0.117376	0.971013	-0.64467	-0.031308	0.710742	0.579179	0.046857	0.134022	-0.202409	-0.360012	0.122631	0.161756	0.665987	-0.271604	0.411286	-0.273863	0.915202	-0.983119	-0.510017	0.94235	0.922435	-0.826903	-0.978036	0.708834	0.22445	0.369028	0.489242	
0.725197	0.046571	0.675156	0.543912	0.099621	0.479317	0.389527	-0.067481	0.506249	-0.829671	-0.624064	-0.027575	-0.597757	0.828839	-0.650292	0.289351	0.756758	-0.371391	0.244501	-0.824607	0.433586	0.047125	0.990935	-0.339387	-0.027007	0.797341	-0.379626	-0.863087	0.115109	-0.959837	0.186272	0.896412	-0.913397	-0.623244	0.42802	-0.62961	0.11913	0.860159	-0.194098	0.793611	0.786201	0.105264	-0.239377	0.157909	-0.561048	0.236985	-0.136543	0.687789	-0.616471	0.969661	
0.25963	0.636731	0.377605	0.803988	0.21888	0.3154	-0.195902	0.921888	0.596696	-0.823105	-0.380081	-0.511231	0.233226	0.603351	-0.862559	-0.370772	-0.178107	0.452952	0.311604	0.653574	0.434992	0.065165	0.345334	0.093991	0.121695	-0.999683	-0.064846	0.219533	0.891431	0.309625	0.011371	0.960408	-0.032918	0.166427	-0.471016	0.660122	0.678712	-0.484199	-0.569236	-0.043079	0.436821	0.226954	-0.179247	-0.072141	0.798354	0.127854	0.259686	0.303342	0.266841	-0.993264	
0.319415	0.846601	0.175597	-0.081826	0.205656	-0.961872	-0.079405	0.763551	-0.305738	0.832967	0.232155	0.587015	0.067587	-0.301518	0.463055	0.364896	-0.343848	0.591595	-0.92176	0.701341	-0.12234	-0.113433	-0.536106	-0.979115	-0.611763	0.514238	-0.31104	0.775978	0.549853	0.412242	-0.344563	0.745834	0.812852	-0.883247	-0.598452	0.962067	0.889711	0.455591	0.545505	0.537544	0.621633	0.545123	-0.797249	-0.852329	-0.220468	-0.140798	0.344646	0.96944	0.288583	0.808334	
0.380736	0.28128	0.075681	0.296845	0.644428	-0.738222	0.835585	-0.362047	-0.900674	-0.506754	-0.595151	-0.428491	0.990216	0.286339	0.369623	-0.285916	-0.972672	0.254521	-0.525165	-0.98069	0.501478	0.994624	-0.22603	-0.613946	-0.745797	0.975098	0.39934	-0.394935	-0.626147	-0.720836	-0.869354	-0.347859	-0.550224	-0.597305	0.183233	-0.253903	-0.844315	0.352473	-0.896113	0.726435	0.92438	0.551724	0.892419	0.732442	0.341534	-0.842701	0.128306	0.494789	0.606578	-0.751155	
0.026414	0.029603	0.003233	0.006807	0.034094	0.002182	0.012105	0.022498	0.027521	0.013379	0.030041	0.026832	0.021042	0.01055	0.018908	0.022725	0.001289	0.036715	0.022025	0.031401	0.024237	0.0136	0.0172	0.010298	0.036759	0.014202	0.036099	0.036574	0.006738	0.020589	0.022592	0.008334	0.011563	0.02513	0.013497	0.002458	0.022915	0.025851	0.035644	0.025606	0.004416	0.035234	0.021866	0.021094	0.027182	0.000766	0.015533	0.036657	0.012026	0.015976	
0.017855	0.025434	0.040098	0.015311	0.007396	0.017363	0.035962	0.030005	0.019786	0.03822	0.014626	0.004365	0.029159	0.036218	0.008601	0.008197	0.015453	0.020492	0.032396	0.006162	0.007027	0.009386	0.025689	0.01611	0.039971	0.015413	8.3e-05	0.013274	0.001974	0.01845	0.027301	0.042548	0.032699	0.034911	0.02287	0.00298	0.005727	0.001252	0.031476	0.019364	0.017482	0.03557	0.002942	0.042534	0.007225	0.013656	0.042673	0.003326	0.04291	7.79999999996e-05	
0.033576	0.022723	0.035374	0.02393	0.019754	0.018679	0.023359	0.033995	0.028369	0.000907	0.013842	0.029932	0.026461	0.026604	0.015847	0.009528	0.019378	0.036679	0.006792	0.027787	0.006733	0.018282	0.036879	0.029999	0.013432	0.01257	0.009376	0.022109	0.024788	0.03547	0.028872	0.034139	0.022392	0.006875	0.007523	0.011054	0.023596	0.000553	0.009733	0.003369	0.021277	0.013105	0.029386	0.021519	0.012876	0.00688	0.035486	0.004141	0.007624	0.036446	
0.012382	0.015249	0.039813	0.030287	0.011759	0.022295	0.020143	0.016242	0.027702	0.028564	0.000861	0.037922	0.010904	0.019866	0.00293	0.024944	0.005664	0.005702	0.011772	0.025037	0.027518	0.021464	0.025225	0.022566	0.029227	0.020897	0.0234	0.024406	0.017693	0.031816	0.01253	0.023713	0.002894	0.024917	0.024312	0.036773	0.040145	0.019719	0.008711	0.017181	0.007892	0.022961	0.029147	0.026504	0.00333	0.030924	0.026861	0.001432	0.017755	0.008049	
0.013206	0.033513	0.028971	0.020534	0.026263	0.034093	0.02908	0.010737	0.026538	0.0326	0.01554	0.006465	0.003592	0.013346	0.025468	0.020339	0.034231	0.029505	0.009489	0.015415	0.031435	0.008378	0.011482	0.029005	0.000628	0.022107	0.028472	0.022846	0.014275	0.026192	0.021515	0.000553	0.037434	0.03748	0.020845	0.001574	0.008232	0.015548	0.017521	0.014232	0.026736	0.002441	0.022269	0.035099	0.017771	0.006555	0.008998	0.037709	0.007108	0.036635	
0.024903	0.03805	0.000237	0.026444	0.016545	0.00948	0.017567	0.010931	0.027345	0.009282	0.026943	0.015959	0.026019	0.00558	0.02472	0.004585	0.038049	0.025367	0.020635	0.028663	0.015734	0.034129	0.001878	0.016083	0.022312	0.025591	0.006478	0.034243	0.033645	0.014456	0.021808	0.006279	0.010667	0.029973	0.005328	0.029566	0.01159	0.014578	0.01825	0.037277	0.016242	0.025558	0.03129	0.000637	0.038136	0.002411	0.027894	0.006797	0.026049	0.037817	
0.04269	0.013425	0.012397	0.042539	0.028626	0.03485	0.037679	0.039868	0.018461	0.02108	0.005946	0.036632	0.02404	0.017421	0.008394	0.028298	0.02124	0.002	0.000396	0.012582	0.002861	0.000574	0.002139	0.031095	0.039476	0.000938	0.017646	0.0063	0.02839	0.034801	0.004769	0.002367	0.011476	0.00422	0.019587	0.030123	0.038771	0.008601	0.028607	0.015864	0.017675	0.039986	0.033062	0.001667	0.002749	0.039406	0.01522	0.024319	0.039918	0.008829	
0.011612	0.014357	0.036869	0.031788	0.014204	0.000281	0.028932	0.0313	0.018963	0.007412	0.041509	0.004298	0.022709	0.02598	0.007009	0.005373	0.04074	0.045754	0.011452	0.013448	0.024292	0.030885	0.032908	0.015735	0.00302	0.016658	0.018291	0.017328	0.00238	0.019761	0.038112	0.007111	0.013371	0.045063	0.009627	0.027399	0.000722	0.025459	0.033659	0.00297	0.010557	0.025941	0.033764	0.002347	0.033075	0.036357	0.011813	0.012744	0.015909	0.018752	
0.017668	0.032235	0.017342	0.014967	0.036062	0.031512	0.026984	0.012468	0.033575	0.033795	0.032639	0.013674	0.014111	0.016188	0.009092	0.02696	0.035311	0.008578	0.02631	0.030876	0.003038	0.033709	0.016474	0.03438	0.001838	0.023525	0.006124	0.007743	0.011947	0.0192	0.00765	0.020621	0.00552	0.036068	0.02492	0.012163	0.010941	0.036119	0.018519	0.009056	0.033689	0.035761	0.022019	0.008063	0.001869	0.000273	0.027176	0.026141	0.028836	0.006271	
0.029345	0.02765	0.015057	0.01921	0.00567	0.014049	0.018278	0.006829	0.007878	0.014621	0.040859	0.032513	0.011046	0.014803	0.00241	0.022177	0.009555	0.013751	0.02754	0.037767	0.024369	0.010054	0.022711	0.039783	0.024198	0.034684	0.007504	0.008351	0.001642	0.036737	0.041842	0.004402	0.002601	0.015231	0.038789	0.023975	0.0295	0.040145	0.000284	0.004972	0.008076	0.015698	0.041568	0.011433	0.017861	0.013143	0.01521	0.022998	0.029206	0.042025	
0.01785	0.020921	0.023598	0.019823	0.031004	0.007502	0.017505	0.020264	0.012888	0.021887	0.023257	0.008915	0.027117	0.013994	0.001988	0.015225	0.038314	0.013103	0.001845	0.016657	0.013312	0.016591	0.041361	0.012904	0.028585	0.012691	0.00771	0.011558	0.013737	0.020619	0.022685	0.034006	0.036993	0.033433	0.01742	0.030229	0.038827	0.002821	0.027165	0.004991	0.012149	0.015954	0.022396	0.013919	0.028243	0.028374	0.035065	0.025555	0.023887	0.013163	
0.019644	0.009948	0.017112	0.015009	0.028869	0.027637	0.024125	0.031415	0.001501	0.023515	0.037846	0.004408	0.027971	0.02578	0.035127	0.006094	0.030184	0.004586	0.010187	0.022308	0.001867	0.025174	0.018829	0.008731	0.025415	0.010393	0.002619	0.023383	0.020371	0.030123	0.014477	0.029987	0.021587	0.029922	0.021977	0.015238	0.02578	0.023862	0.031172	0.022324	0.004715	0.018032	0.015551	0.002317	0.03387	0.037055	0.016618	0.035373	0.022537	0.007435	
0.000458	0.044645	0.002949	0.024255	0.000254	0.027697	0.007329	0.010393	0.003537	0.005985	0.027791	0.012141	0.007876	0.025964	0.019448	0.020017	0.013553	0.039376	0.012912	0.027429	0.042859	0.0225	0.01288	0.028006	0.011471	0.024834	0.033377	0.029832	0.026702	0.001011	0.01005	0.001289	0.011474	0.038682	0.032161	0.008443	0.015875	0.019805	0.02624	0.021832	0.015281	0.008073	0.03515	0.039065	0.039469	0.007433	0.027872	0.004235	0.039716	0.030374	
0.036708	0.034013	0.012194	0.030397	0.018943	0.002835	0.018453	0.033779	0.010414	0.04057	0.017468	0.032531	0.008136	0.00227	0.033617	0.021044	0.027694	0.02275	0.013086	0.027353	0.007252	0.005437	0.00249	0.022471	0.010955	0.013524	0.038206	0.006615	0.022116	0.003069	0.0336	0.005336	0.008528	0.041171	0.026169	0.022525	0.008097	0.034378	0.027686	0.00504	0.004433	0.039862	0.028387	0.03249	0.015719	0.008522	0.015959	0.018977	0.040858	0.005873	
0.022175	0.010284	0.009528	0.017716	0.001782	0.039006	0.02517	0.010572	0.025085	0.041178	0.001223	0.015983	0.031508	0.035168	0.003488	0.00567	0.010094	0.035445	0.011212	0.025938	0.01506	0.02039	0.011061	0.016575	0.036416	0.033747	0.012874	0.029163	0.010135	0.033149	0.011041	0.02137	0.034132	0.036928	0.008194	0.007282	0.014759	0.021717	0.033557	0.015947	0.020105	0.029513	0.039151	0.029151	0.00074	0.024997	0.005399	0.026226	0.02285	0.000146	
0.024566	0.026308	0.003896	0.028048	0.020501	0.012922	0.037476	0.021255	0.003248	0.007231	0.010044	0.002254	0.026654	4.5e-05	0.041221	0.03418	0.005012	0.02343	0.025881	0.025065	0.02518	0.017217	0.021623	0.039199	0.000122	0.019205	0.006267	0.021527	0.000494	0.025767	0.030228	0.004293	0.028982	0.040847	0.025242	0.036314	0.016633	0.001235	0.018929	0.024893	0.035291	0.026003	0.013103	0.027101	0.022336	0.031057	0.018785	0.009824	0.020098	0.012968	
0.028282	0.034269	0.024924	0.024432	0.012091	0.011951	0.014411	0.002803	0.0052	0.005879	0.018578	0.00356	0.026607	0.020645	0.00478	0.016969	0.02707	0.010114	0.027668	0.030238	0.012504	0.019758	0.025408	0.013251	0.033333	0.03261	0.010206	0.033655	0.003113	0.022591	0.000342	0.029106	0.034026	0.017369	0.002888	0.033984	0.029451	0.031465	0.018037	0.013005	0.035432	0.016227	0.034411	0.006808	0.021759	0.023949	0.013216	0.031397	0.018223	0.032005	
0.014192	0.010765	0.030723	0.0311	0.021	0.011234	0.038955	0.013688	0.02093	0.013409	0.002805	0.019454	0.032995	0.039096	0.032028	0.01007	0.031279	0.01439	0.037025	0.002818	0.017063	0.012352	0.018541	0.030341	0.044036	0.013694	0.024467	0.027322	0.023953	0.045644	0.006229	0.006086	0.00328	0.006061	0.02485	0.03148	0.032656	0.024512	0.011756	0.018486	0.023536	0.026954	0.027235	0.03202	0.002098	0.010571	0.007176	0.014483	0.001472	0.00369	
0.032825	0.008483	0.029584	0.009398	0.013744	0.034274	0.010261	0.01573	0.004883	0.041075	0.017918	0.024638	0.026083	0.005644	0.001907	0.017258	0.014629	0.00101	0.030081	0.035085	0.023529	0.036199	0.039926	0.024434	0.025543	0.028153	0.001537	0.02837	0.020124	0.035582	0.042261	0.033462	0.025617	0.002951	0.014545	0.016334	0.00824	0.009257	0.027059	0.00922	0.006445	0.020382	0.032307	0.018295	0.022509	0.005672	0.0079	0.001404	0.038907	0.019326	
0.030243	0.029886	0.032403	0.010828	0.002479	0.023721	0.013856	0.015874	0.006631	0.022154	0.026304	0.030627	0.009913	0.006835	0.016303	0.012016	0.026749	0.017214	0.016786	0.007142	0.034197	0.008878	0.014882	0.021364	0.008526	0.010926	0.011397	0.023203	0.017512	0.009606	0.025604	0.022411	0.034282	0.029004	0.01614	0.033211	0.032867	0.029932	0.022163	0.024071	0.010256	0.021795	0.024418	0.02405	0.038207	0.005735	0.021804	0.037887	0.003973	0.023735	
0.037612	0.026436	0.032867	0.023374	0.025658	0.012811	0.035335	0.033237	0.010349	0.005787	0.032066	0.007973	0.003707	0.000996	0.018683	0.032181	0.033448	0.029121	0.032857	0.005196	0.018496	0.009685	0.023211	0.037628	0.0338	0.015214	0.034076	0.027097	0.010227	0.027658	0.020903	0.021707	0.024732	0.012653	0.001912	0.014976	0.006899	0.003262	0.027657	0.022072	0.000385	0.02647	0.011229	0.013476	0.008544	0.020943	0.005347	0.03501	0.030629	0.014408	
0.028381	0.004661	0.024797	0.008724	0.017904	0.003991	0.016714	0.04297	0.011817	0.040123	0.043622	0.028458	0.02909	0.020799	0.02518	0.038104	0.009227	0.015198	0.028155	0.04097	0.005153	0.004685	0.003128	0.0245	0.012601	0.011918	0.012339	0.001112	0.018933	0.018769	0.011086	0.036509	0.042128	0.01857	0.024085	0.017538	0.013101	0.028542	0.02917	0.018592	0.009877	0.026706	0.026733	0.014285	0.028012	0.008555	0.008765	0.009269	0.008169	0.028285	
0.033239	0.024592	0.01106	0.007468	0.000583	0.012423	0.005746	0.024108	0.016429	0.005048	0.031044	0.012735	0.018038	0.036024	0.00857	0.023042	0.020661	0.003275	0.0231	0.005339	0.026536	0.028084	0.03441	0.035949	0.034852	0.031094	0.02247	0.012008	0.020788	0.015397	0.036781	0.028151	0.033861	0.013412	0.0389	0.003238	0.025467	0.018641	0.00798	0.020792	0.00255	0.020395	0.018082	0.002411	0.02144	0.016536	0.030495	0.03059	0.012504	0.033662	
0.025642	0.026885	0.012921	0.018859	0.001423	0.01492	0.018244	0.000899	0.003891	0.031218	0.002982	0.033607	0.023693	0.00545	0.011155	0.010778	0.015514	0.032299	0.015854	0.028879	0.030914	0.023964	0.021894	0.031025	0.017154	0.019245	0.031622	0.026279	0.007847	0.003001	0.002109	0.03238	0.004927	0.03601	0.033071	0.023562	0.030209	0.025689	0.002721	0.001187	0.036922	0.030546	0.016662	0.036373	0.018105	0.024673	0.02173	0.035314	0.023201	0.016551	
0.015647	0.0298	0.010711	0.009085	0.001383	0.038361	0.000826	0.021399	0.000971	0.007009	0.005246	0.02471	0.015891	0.021525	0.022482	0.029643	0.038538	0.037655	0.013106	0.019692	0.035817	0.019676	0.031457	0.03892	0.020789	0.01425	0.03497	0.018938	0.037731	0.018038	0.027592	0.01133	0.018943	0.025231	0.001074	0.024406	0.003198	0.024392	0.024329	0.004749	0.037668	0.023734	0.02123	0.025763	0.020249	0.02571	0.004835	0.006761	0.025735	0.008805	
0.014774	0.027753	0.011081	0.024691	0.025033	0.015173	0.026811	0.027278	0.026693	0.002892	0.003119	0.008698	0.031187	0.026648	0.034196	0.033191	0.037778	0.016679	0.013489	0.026411	0.002176	0.009617	0.035059	0.011608	0.019904	0.002519	0.021954	0.035667	0.000298	0.004981	0.026964	0.019336	0.024591	0.013925	0.023424	0.000806	0.020243	0.031613	0.023278	0.03599	0.01991	0.020858	0.021323	0.021919	0.009073	0.0175	0.028031	0.004852	0.020946	0.03806	
0.029519	0.040283	0.009778	0.000276	0.004936	0.0286	0.034745	0.012132	0.02848	0.021893	0.006283	0.0359	0.001632	0.013544	0.006434	0.022288	0.026688	0.004456	0.029408	0.035017	0.02956	0.020908	0.0018	0.003138	0.033646	0.000897	0.036814	0.00319	0.038527	0.033061	0.001765	0.030766	0.023614	0.00646	0.00022	0.021196	0.003234	0.036252	0.020613	0.035096	0.009606	0.016892	0.040348	0.019481	0.013174	0.04028	0.018242	0.020012	0.03426	0.014656	
0.032	0.034568	0.016479	0.018484	0.008407	0.013768	0.027061	0.009047	0.028459	0.02745	0.02952	0.028106	0.035719	0.03632	0.008357	0.037923	0.028771	0.030532	0.025156	0.036438	0.002827	0.022352	0.021393	0.0191	0.033558	0.004363	0.031961	0.015072	0.00037	0.012063	0.037503	0.028033	0.017445	0.034661	0.008033	0.017573	0.029642	0.002414	0.00801	0.013517	0.002583	0.019994	0.005751	0.000728	0.007769	0.001346	0.012788	0.01657	0.034875	0.025141	
0.026736	0.00639	0.006041	0.001948	0.011303	0.029437	0.007158	0.029749	0.015596	0.013304	0.018943	0.03703	0.011096	0.016316	0.009049	0.032698	0.000909	0.021612	0.001522	0.02691	0.025964	0.001157	0.013098	0.013691	0.003157	0.035046	0.032733	0.005424	0.038492	0.030545	0.016249	0.010482	0.030715	0.034131	0.024533	0.026437	0.038279	0.015077	0.007968	0.028203	0.010673	0.024769	0.012244	0.029046	0.039384	0.032325	0.030048	0.001714	0.037619	0.02705	
0.012371	0.032846	0.014402	0.007282	0.037392	0.032868	0.028885	0.037632	0.026703	0.031318	0.012686	0.000276	0.004461	0.01458	0.023693	0.004946	0.029683	0.022835	0.036815	0.036565	0.001749	0.021352	0.002345	0.033832	0.001381	0.000807	0.036395	0.000857	0.02379	0.027981	0.017361	0.013099	0.032171	0.0392	0.013356	0.023022	0.005906	0.001556	0.022601	0.022868	0.031265	0.033093	0.031161	0.001706	0.002722	0.008054	0.039147	0.019692	0.025696	0.017596	
0.007	0.002168	0.042932	0.019549	0.011277	0.015648	0.033107	0.040424	0.001275	0.022582	0.018924	0.035674	0.023713	0.040498	0.001975	0.032583	0.009353	0.039327	0.004138	0.013148	0.045748	0.039704	0.022742	0.001797	0.011162	0.001085	0.028421	0.010937	0.006956	0.003249	0.044422	0.001887	0.031519	0.033229	0.003834	0.00278	0.045645	0.011734	0.006366	0.011689	0.032846	0.00177	0.043929	0.040203	6.4e-05	0.002633	0.039713	0.011155	0.018159	0.029327	
0.011361	0.02853	0.009874	0.031238	0.007134	0.019945	0.008563	0.002567	0.011044	0.021564	0.025815	0.013733	0.038909	0.023302	0.028755	0.007437	0.014444	0.036051	0.016897	0.011343	0.010672	0.02344	0.018121	0.038442	0.017516	0.030802	0.027508	0.030431	0.018055	0.034658	0.029333	0.029906	0.024376	0.01556	0.001886	0.019465	0.007038	0.001683	0.034187	0.031907	0.008598	0.037303	0.015542	0.027114	0.027623	0.006255	0.02528	0.02045	0.014202	0.004141	
0.018145	0.026391	0.018962	0.029913	0.022171	0.01513	0.024539	0.004502	0.028882	0.022458	0.02458	0.02828	0.013575	0.01485	0.025361	0.028261	0.024934	0.023837	0.034545	0.031167	0.032485	0.012373	0.014913	0.013206	0.022747	0.011042	0.007785	0.024235	0.00341	0.034377	0.012574	0.010034	0.006378	0.034823	0.013675	0.029203	0.02018	0.022439	0.022518	0.006128	0.002974	0.031353	0.014798	0.022512	0.009358	0.016939	0.02108	0.027964	0.015006	0.023008	
0.029042	0.011729	0.022533	0.027104	0.016056	0.003089	0.018279	0.021123	0.011566	0.025432	0.012277	0.011075	0.005669	0.002703	0.008624	0.016757	0.02355	0.026398	0.008164	0.002148	0.026498	0.033593	0.0205	0.03226	0.006868	0.036128	0.03062	0.004091	0.024482	0.030629	0.041967	0.002813	0.026548	0.038698	0.0031	0.032526	0.023617	0.001379	7.2e-05	0.036213	0.033007	0.02929	0.036313	0.013061	0.007643	0.026759	0.028397	0.030819	0.012485	0.026306	
0.008048	0.022931	0.008727	0.000512	0.00545	0.001581	0.034425	0.034227	0.02628	0.028597	0.015069	0.005952	0.022484	0.008636	0.020362	0.016711	0.023024	0.001094	0.025259	0.033758	0.032319	0.024931	0.021769	0.023509	0.02409	0.030574	0.039091	0.016521	0.014597	0.011497	0.01984	0.032189	0.026087	0.028659	0.013844	0.028629	0.035629	0.03931	0.005658	0.035392	0.039127	0.00243	0.016616	0.001663	0.000337	0.028573	0.012437	0.010696	0.025703	0.015156	
0.030109	0.029317	0.04103	0.034241	0.001725	0.030462	0.009352	0.008351	0.001838	0.003431	0.022015	0.02468	0.014148	0.009533	0.02129	0.028067	0.040461	0.021499	0.018305	0.040411	0.0037	0.011262	0.008061	0.020417	0.024914	0.031731	0.037569	0.039265	0.012358	0.000926	0.030007	0.011332	0.009249	0.01245	0.016992	0.017947	0.010043	0.02139	0.024474	0.014871	0.020992	0.03576	0.006204	0.030444	0.038442	0.007104	0.008135	0.022383	0.004811	0.036502	
0.029487	0.015645	0.031296	0.017886	0.020448	0.013419	0.009031	0.027445	0.033572	0.009924	0.003095	0.020497	0.032499	0.03491	0.020184	0.002933	0.005968	0.021403	0.03354	0.022984	0.033715	0.012281	0.035228	0.037445	0.002283	0.00314	0.000706	0.032367	0.013941	0.025009	0.015133	0.030055	0.013887	0.029865	0.029008	0.037186	0.021472	0.025616	0.020351	0.011735	0.000769	0.023667	0.00278	0.021792	0.014551	0.000769	0.026311	0.029593	0.021293	0.021886	
0.006438	0.015111	0.022632	0.007109	0.004557	0.025121	0.016745	0.001723	0.011916	0.004128	0.016393	0.031402	0.030943	0.00485	0.032245	0.034669	0.031304	0.0348	0.03494	0.030379	0.014787	0.030704	0.011947	0.013516	0.018384	0.032818	0.013792	0.031796	0.034782	0.019437	0.029864	0.00623	0.025961	0.030373	0.018749	0.002722	0.034271	0.00077	0.030069	0.018996	0.009962	0.020682	0.001755	0.021906	0.025632	0.028986	0.014031	0.000161	0.024057	0.035455	
0.031264	0.006066	0.03401	0.009512	0.020681	0.025298	0.019132	0.025732	0.025039	0.028859	0.006873	0.01782	0.02601	0.011022	0.010953	0.021749	0.000877	0.024225	0.019084	0.015424	0.032491	0.022289	0.025528	0.010039	0.016367	0.02345	0.031748	0.024939	0.027012	0.01791	0.01514	0.013972	0.028321	0.032635	0.022398	0.004935	0.003063	0.029371	0.016605	0.031164	0.019821	0.008215	0.028826	0.025684	0.023131	0.006519	0.033383	0.003367	0.011915	0.030132	
0.018918	0.009579	0.01972	0.015072	0.036721	0.035059	0.018254	0.010012	0.011172	0.009285	0.022417	0.005237	0.002449	0.032149	0.013637	0.021596	0.015005	0.00737	0.024809	0.022811	0.038046	0.024444	0.007649	0.018629	0.000207	0.022647	0.02689	0.037702	0.021519	0.015605	0.02089	0.015198	0.031142	0.003311	0.036427	0.029057	0.022654	0.035903	0.009199	0.002883	0.03581	0.03343	7.5e-05	0.009425	0.028605	0.038238	0.020481	0.003888	0.037986	0.020788	
0.004066	0.015639	0.018241	0.031556	0.026078	0.037073	0.022507	0.001274	0.035085	0.041779	0.037302	0.00769	0.00892	0.003568	0.015676	0.023788	0.03158	0.003031	0.039399	0.006131	0.01928	0.012171	0.040456	0.018398	0.039347	0.013213	0.013335	0.032612	0.012866	0.003021	0.026232	0.00808	0.028409	0.0319	0.002281	0.004991	0.028861	0.004723	0.016179	0.03012	0.01654	0.029666	0.03583	0.025683	0.017115	0.034979	0.006204	0.020661	0.008332	0.008132	
0.035601	0.033335	0.022977	0.019854	0.035774	0.023224	0.003995	0.033337	0.01216	0.010235	0.01941	0.031719	0.012629	0.02201	0.039278	0.027041	0.004344	0.00747	0.013809	0.033943	0.023732	0.016456	0.031656	0.029	0.014426	0.021775	0.005189	0.003169	0.014374	0.026657	0.028642	0.009475	0.016618	0.031896	0.01227	0.008655	0.025835	0.029305	0.017149	0.017161	0.028492	0.002575	0.037813	0.004194	0.007229	0.007596	0.020664	0.017929	0.025397	0.022526	
0.007954	0.010446	0.015693	0.028711	0.024204	0.022562	0.029953	0.037734	0.007072	0.030945	0.020724	0.01034	0.026054	0.02822	0.004296	0.037635	0.007705	0.006867	0.012184	0.017921	0.037637	0.022408	0.017816	0.0202	0.005821	0.036109	0.021792	0.002047	0.034945	0.005035	0.030878	0.020854	0.002138	0.013872	0.034224	0.007519	0.003469	0.005814	0.032388	0.040117	0.009388	0.033925	0.029276	0.010369	0.004127	0.018204	0.034999	0.035277	0.006009	0.036123	
0.033962	0.012408	0.003947	0.009747	0.007552	0.018179	0.004063	0.028168	0.03672	0.037786	0.021204	0.024603	0.028442	0.011069	0.025174	0.032763	0.009695	0.012569	0.037362	0.034402	0.005252	0.010334	0.005191	0.005661	5.5e-05	0.041393	0.004491	0.042132	0.041119	0.003041	0.029145	0.027274	0.006742	0.004196	0.007824	0.016914	0.021301	0.02232	0.023625	0.018866	0.01736	0.013856	0.030102	0.000638	0.036902	0.03213	0.030524	0.016125	0.0374	0.018272	
0.01229	0.001626	0.013732	0.011764	0.026815	0.043073	0.007935	0.027542	0.021855	0.009262	0.03071	0.035054	0.011206	0.033063	0.00131	0.028274	0.028666	0.02221	0.023345	0.008118	0.019851	0.032294	0.018899	0.015657	0.025104	0.031494	0.003233	0.000831	0.018156	0.014672	0.032862	0.002823	0.038596	0.002647	0.000665	0.01353	0.044643	0.044915	0.016747	0.030474	0.015258	0.021041	0.031877	0.017638	0.03646	0.017167	0.000379	0.00304	0.034383	0.016814	
0.021613	0.015787	0.018386	0.010915	0.016018	0.039371	0.025849	0.041321	0.027335	0.035578	0.023517	0.002949	0.041949	0.025022	0.009182	0.028977	0.024814	0.015062	0.016583	0.000517	0.016818	0.003	0.036407	0.036472	0.04181	0.03608	0.017018	0.034702	0.028054	0.00985	0.013739	0.000693	0.001902	0.033115	0.014532	0.02053	0.012782	0.013308	0.010653	0.01452	0.030133	0.037198	0.006601	0.006826	0.011221	0.005609	0.00459	0.010181	0.02141	0.029501	
0.008545	0.014463	0.030646	0.009379	0.019428	0.011073	0.012253	0.026321	0.005008	0.003796	0.001628	0.026664	0.012697	0.032747	0.004736	0.014774	0.026731	0.023029	0.01919	0.01651	0.02509	0.012227	0.016813	0.028854	0.012499	0.031612	0.022578	0.01515	0.01992	0.033801	0.025158	0.034623	0.02473	0.026954	0.031949	0.030841	0.00123	0.03562	0.02677	0.034299	0.021043	0.014266	0.036701	0.021325	0.022061	0.029977	0.027505	0.01502	0.00162	0.000146	
0.024009	0.025919	0.028852	0.022051	0.003701	0.003106	0.001422	0.016898	0.013877	0.037161	0.01063	0.021844	0.006097	0.007125	0.031552	0.038058	0.000123	0.010625	0.02806	0.02219	0.030523	0.004334	0.031206	0.031006	0.023178	0.006086	0.029288	0.004841	0.039387	0.021306	0.003123	0.01882	0.023895	0.025595	0.03974	0.035864	0.024095	0.035915	0.021975	0.010919	0.020497	0.031642	0.008328	0.012259	0.017411	0.034419	0.002822	0.019164	0.012414	0.026648	
0.015412	0.011423	0.005238	0.035304	0.020225	0.02953	0.023579	0.007673	0.02463	0.012933	0.017199	0.009836	0.030539	0.035549	0.006725	0.009492	0.008708	0.036681	0.025661	0.012741	0.023787	0.024813	0.018852	0.003148	0.027656	0.009279	0.008472	0.010311	0.00474	0.02482	0.013656	0.026644	0.004064	0.01705	0.013832	0.032392	0.026994	0.035026	0.027441	0.031578	0.006473	0.031452	0.030919	0.03271	0.032563	0.024308	0.002191	0.01872	0.033876	0.023155	
0.010305	0.000966	0.030766	0.033859	0.016908	0.031509	0.035452	0.033762	0.035163	0.031568	0.013097	0.030007	0.025444	0.033424	0.018948	0.035528	0.028199	0.010723	0.030571	0.031287	0.009212	0.033846	0.016984	0.026173	0.022695	0.012841	0.012175	0.009775	0.005374	0.003064	0.034288	0.008642	0.010091	0.000579	0.023528	0.030886	0.005637	0.017251	0.013201	0.019867	0.000987	0.00662	0.029907	0.020083	0.02436	0.020285	0.027624	0.023987	0.00628	0.006272	
0.022036	0.038836	0.029815	0.003982	0.005201	0.03363	0.025381	0.038519	0.028382	0.011758	0.012793	0.011866	0.008753	0.024632	0.018373	0.007439	0.002611	0.026515	0.031622	0.034078	0.003245	0.018997	0.027418	0.013286	0.021112	0.017218	0.013125	0.037881	0.038986	0.023306	0.005693	0.013778	0.038903	0.0086	0.003224	0.019721	0.005741	0.038511	0.037239	0.036106	0.035357	0.023736	0.007045	0.02239	0.027021	0.009904	0.001762	0.001129	0.01515	0.018194	
0.000574	0.018174	0.015276	0.001805	0.030173	0.002433	0.037263	0.014778	0.00795	0.0359	0.029938	0.000702	0.007473	0.02144	0.026432	0.034536	0.005897	0.001134	0.021281	0.035046	0.022445	0.027091	0.033448	0.033803	0.023105	0.013224	0.010185	0.029971	0.016576	0.003792	0.023283	0.014865	0.033064	0.036583	0.005336	0.022581	0.00074	0.00236	0.034722	0.016995	0.035648	0.024174	0.00498	0.012844	0.029505	0.028785	0.003882	0.033235	0.038075	0.036498	
0.020033	0.002366	0.033724	0.028697	0.018152	0.023372	0.027206	0.014667	0.029217	0.031052	0.016413	0.005288	0.005622	0.032287	0.035123	0.003811	0.018385	0.015995	0.039444	0.00534	0.026017	0.018841	0.037565	0.017084	0.005515	0.001045	0.015403	0.028327	0.03635	0.04349	0.011287	0.03229	0.005674	0.01236	0.025728	0.003735	0.007297	0.019441	0.025533	0.005997	0.012609	0.033887	0.007528	0.012447	0.004296	0.032083	0.03073	0.039528	0.036795	0.004924	
0.002311	0.029348	0.033691	0.027898	0.00479	0.004472	0.041933	0.042149	0.00488	0.020064	0.022345	0.022881	0.013041	0.043341	0.016345	0.00029	0.006747	0.028779	0.02709	0.043086	0.003215	0.004794	0.014169	0.024782	0.001312	0.034987	0.013289	0.004139	0.038886	0.005597	0.012455	0.031292	0.016346	0.012981	0.02633	0.009809	0.045055	0.016245	0.014407	0.026202	0.017201	0.044148	0.019514	0.020938	0.017044	0.010478	0.004199	0.022825	0.015809	0.036071	
0.036872	0.017769	0.033603	0.028223	0.023324	0.009353	0.010666	0.009888	0.021441	0.013172	0.02321	0.020226	0.006454	0.032367	0.020394	0.03827	0.025701	0.040776	0.011791	0.002345	0.003601	0.025194	0.024192	0.013975	0.019454	0.018767	0.019062	0.032773	0.037314	0.016876	0.018172	0.009706	0.025569	0.0014	0.014229	0.036545	0.004801	0.017694	0.022879	0.011159	0.007617	0.012088	0.007822	0.019294	0.037606	0.028479	0.036125	0.021464	0.020919	0.009379	
0.027633	0.020998	0.033465	0.022822	0.019338	0.01137	0.005665	0.026433	0.027862	0.02384	0.017694	0.017578	0.022811	0.032997	0.010585	0.031048	0.02077	0.030507	0.015719	0.027451	0.012291	0.018348	0.000515	0.015253	0.033628	0.024634	0.029091	0.013494	0.003995	0.005101	0.022007	0.019089	0.008295	0.028749	0.017198	0.031371	0.019516	0.013453	0.034278	0.017319	0.024792	0.025581	0.013966	0.005574	0.021835	0.029368	0.008577	0.01712	0.012737	0.026239	
0.034326	0.018956	0.015789	0.02482	0.018754	0.01407	0.034076	0.01008	0.013864	0.022594	0.034629	0.002233	0.029526	0.005645	0.017648	0.003931	0.019602	0.021172	0.03279	0.03196	0.023117	0.018953	0.015582	0.031999	0.032327	0.002429	0.003136	0.025916	0.026463	0.033084	0.02735	0.004662	0.016892	0.024462	0.022136	0.012533	0.030492	0.00843	0.000887	0.033078	0.017482	0.034279	0.014274	0.01901	0.011604	0.024549	0.017314	0.003766	0.025231	0.032098	
0.032848	0.013004	0.028372	0.034911	0.033332	0.024043	0.021581	0.03233	0.030553	0.005904	0.022342	0.018688	0.000663	0.012212	0.014596	0.010384	0.021066	0.007843	0.019193	0.015888	0.023626	0.022221	0.004304	0.012913	0.006969	0.029003	0.031118	0.011729	0.03181	0.031247	0.023966	0.027346	0.015484	0.030977	0.013129	0.021214	0.016356	0.021381	0.024163	0.035555	0.015419	0.001187	0.02564	0.023515	0.007986	0.027717	0.004786	0.015449	0.02139	0.022647	
0.020366	0.029482	0.023183	0.023437	0.030866	0.017392	0.017959	0.004098	0.03303	0.00727	0.03554	0.014509	0.032191	0.033769	0.027775	0.026069	0.016606	0.03002	0.0265	0.002151	0.000671	0.016208	0.029613	0.01096	0.022572	0.002364	0.021347	0.033069	0.023435	0.030461	0.011718	0.002541	0.029099	0.018701	0.014866	0.026865	0.026734	0.03526	0.0163	0.012701	0.025376	0.035186	0.008747	3.9e-05	0.005801	0.019738	0.032104	0.006033	0.001949	0.027329	
0.033052	0.02746	0.00346	0.007711	0.036375	0.037222	0.000104	0.030047	0.014907	0.026099	0.025198	0.010864	0.027067	0.002216	0.001365	0.034201	0.012794	0.012328	0.009729	0.006973	0.025269	0.022799	0.010137	0.033431	0.013083	0.01262	0.023589	0.027188	0.030842	0.020468	0.017911	0.00921	0.030268	0.002064	0.02581	0.025205	0.039912	0.005045	0.020628	0.00126	0.013765	0.028486	0.028584	0.032727	0.020673	0.028507	0.024327	0.03786	0.004314	0.024846	
0.031349	0.034987	0.030215	0.033407	0.015434	0.027213	0.004021	0.035304	0.006986	0.000597	0.010195	0.009077	0.025344	0.005272	0.034292	0.023961	0.019544	0.030824	0.006228	0.035143	0.025247	0.032309	0.018653	0.019453	0.00554	0.02735	0.025127	0.029479	0.036161	0.007912	0.017187	0.017648	0.017439	0.025903	0.026678	0.006714	0.005575	0.009821	0.006543	0.012514	0.019098	0.014078	0.008972	0.022587	0.028061	0.03255	0.01939	0.036051	0.000678	0.025889	
0.026103	0.031098	0.017587	0.02827	0.030289	0.002843	0.018596	0.034399	0.019434	0.005611	0.031231	0.01261	0.000538	0.035339	0.000259	0.013465	0.028137	0.013511	0.030231	0.008693	0.005643	0.0104	0.0054	0.014502	0.031138	0.028458	0.01322	0.024125	0.034874	0.02382	0.02601	0.010879	0.019613	0.007513	0.010887	0.033126	0.026782	0.025821	0.034882	0.022826	0.026211	0.034888	0.005996	0.014282	0.027921	0.018641	0.029605	0.014436	0.028113	0.001744	
0.018893	0.010834	3.5e-05	0.015904	0.035658	0.018214	0.021048	0.035297	0.012555	0.01204	0.00511	0.001064	0.023576	0.022261	0.008791	0.006381	0.024577	0.011882	0.036677	0.010676	0.028602	0.02128	0.011378	0.020292	0.017185	0.025291	0.028138	0.024227	0.022685	0.036277	0.020858	0.011887	0.038043	0.002272	0.001722	0.014807	0.026367	0.000657	0.025679	0.011319	0.039962	0.028231	0.038022	0.036772	0.011671	0.005941	0.039648	0.033804	0.011402	0.034108	
0.03241	0.003265	0.018027	0.020086	0.023513	0.003867	0.032705	0.031885	0.014692	0.008888	0.025063	0.003407	0.035262	0.03379	0.018871	0.032717	0.023086	0.018413	0.033361	0.014866	0.035623	0.032963	0.01285	0.004349	0.015487	0.035143	0.012586	0.028962	0.02727	0.01347	0.008943	0.014949	0.003856	0.003644	0.010167	0.026391	0.022044	0.023443	0.017133	0.015091	0.015029	0.023799	0.029284	0.029204	0.012365	0.031809	0.015374	0.025305	0.0202	0.005093	
0.021353	0.029795	0.015837	0.02742	0.005705	0.035044	0.017061	0.019379	0.020756	0.033999	0.021715	0.001851	0.024612	0.023789	0.016774	0.035356	0.038194	0.007094	0.027781	0.007145	0.006991	0.029797	0.008179	0.033813	0.015831	0.003553	0.002669	0.030177	0.010159	0.004998	0.035532	0.022006	0.031786	0.023226	0.011591	0.000349	0.009131	0.024919	0.036522	0.022717	0.029337	0.01563	0.024472	0.000606	0.033832	0.025411	0.004211	0.015005	0.032547	0.024343	
0.020311	0.006771	0.01899	0.00826	0.015307	0.035267	0.030807	0.014641	0.033975	0.004111	0.030755	0.020845	0.000974	0.011333	0.023693	0.034444	0.003616	0.033009	0.032329	0.03713	0.001758	0.006014	0.001227	0.025492	0.006405	0.015548	0.021412	0.010764	0.03621	0.027027	0.017625	0.000187	0.013774	0.036878	0.023839	0.027874	0.023476	0.033655	0.001443	0.023828	0.019384	0.037368	0.004047	0.025551	0.031241	0.015972	0.029738	0.023603	0.009595	0.032497	
0.019608	0.000369	0.031222	0.014782	0.003715	0.023041	0.026915	0.027649	0.027981	0.007835	0.002292	0.003783	0.023799	0.019774	0.028558	0.025237	0.027624	0.030076	0.032038	0.009769	0.032068	0.019731	0.02508	0.025865	0.012452	0.00754	0.034428	0.001312	0.03244	0.028617	0.017298	0.030478	0.023232	0.036072	0.031801	0.004802	0.00446	0.033793	0.025487	0.002402	0.027231	0.018488	0.007108	0.025418	0.000373	0.019274	0.001019	0.03468	0.021668	0.029316	
0.017268	0.00356	0.001663	0.017782	0.025802	0.009467	0.031053	0.006045	0.001954	0.024659	0.026016	0.01467	0.028485	0.004275	0.026641	0.011531	0.018759	0.03167	0.01667	0.011885	0.036492	0.007929	0.002884	0.038075	0.034892	0.011243	0.01204	0.024746	0.003571	0.00475	0.000471	0.03293	0.015704	0.032964	0.019425	0.031663	0.035608	0.028115	0.034398	0.006013	0.023355	0.029495	0.004653	0.020687	0.017259	0.039421	0.027393	0.03093	0.038432	0.024607	
0.001428	0.034344	0.028836	0.019789	0.020335	0.020171	0.037655	0.011941	0.035789	0.019837	0.011543	0.015666	0.000421	0.005814	0.010327	0.003772	0.004137	0.001079	0.006267	0.029893	0.01347	0.039102	0.019456	0.035328	0.035075	0.001128	0.013301	0.013325	0.032244	0.023985	0.022062	0.005809	0.034951	0.029058	0.034539	0.023748	0.03732	0.010845	0.018365	0.011234	0.003736	0.031915	0.029303	0.015586	0.025743	0.035883	0.015025	0.029729	0.02864	0.011051	
0.002516	0.011755	0.027293	0.005048	0.007492	0.025098	0.038547	0.030582	0.014008	0.010585	0.028364	0.020136	0.034834	0.000476	0.011861	0.016906	0.020182	0.000593	0.039395	0.017269	0.035643	0.010573	0.016972	0.017638	0.040777	0.012776	0.004052	0.031294	0.025308	0.02544	0.031238	0.016821	0.002128	0.002448	0.033999	0.035819	0.028186	0.01878	0.036847	0.028085	0.018206	0.00133	0.01016	0.026922	0.022955	0.006087	0.008221	0.028445	0.039438	0.020472	
0.026182	0.00841	0.007773	0.030803	0.018378	0.024698	0.021541	0.024483	0.027606	0.016898	0.012458	0.013487	0.002458	0.003649	0.030639	0.028049	0.031542	0.029756	0.02569	0.021319	0.013034	0.030915	0.021826	0.035326	0.004097	0.014443	0.013803	0.017698	0.022654	0.00819	0.037014	0.034638	0.01709	0.019853	0.016676	0.026383	0.032804	0.020237	0.003141	0.028689	0.004701	0.022286	0.02332	0.00341	0.027606	0.016417	0.034419	0.033401	0.005528	0.004582	
0.023848	0.016593	0.034788	0.014388	0.012038	0.029603	0.007803	0.034084	0.011559	0.001726	0.01818	0.02025	0.018776	0.017173	0.026648	0.003946	0.009343	0.033224	0.005101	0.020134	0.016359	0.006915	0.032416	0.021501	0.038433	0.017277	0.032968	0.032456	0.01962	0.004621	0.019907	0.029521	0.024731	0.026864	0.015308	0.028654	0.029462	0.016317	0.00888	0.024801	0.019974	0.019766	0.016262	0.006294	0.015649	0.035053	0.03632	0.025549	0.007254	0.011663	
0.003382	0.026087	0.000882	0.017438	0.01835	0.02493	0.005414	0.001828	0.040445	0.003743	0.00585	0.028622	0.002776	0.017199	0.013065	0.021738	0.002106	0.041823	0.009556	0.043465	0.03177	0.025034	0.04311	0.011878	0.011723	0.030062	0.022903	0.04349	0.007393	0.014981	0.009504	0.034641	0.015597	0.007589	0.036543	0.005863	0.003371	0.024945	0.016276	0.02039	0.040769	0.006476	0.036229	0.043692	0.005789	0.035393	0.013629	0.031737	0.039092	0.001432	
0.033683	0.014804	0.020494	0.000601	0.029726	0.017882	0.00285	0.01222	0.006385	0.036755	0.000202	0.029784	0.017953	0.001119	0.027656	0.016404	0.006382	0.038901	0.005763	0.039454	0.03936	0.026568	0.010217	0.023813	0.006889	0.009596	0.032588	0.006349	0.044176	0.022919	0.003105	0.010886	0.010142	0.018869	0.039093	0.027439	0.022766	0.019719	0.008723	0.018437	0.041062	0.023253	0.030925	0.00817	0.002621	0.022479	0.040435	0.036887	0.00198	0.031516	
0.016963	0.021902	0.024995	0.001202	0.030671	0.015586	0.032133	0.034609	0.014536	0.023514	0.000207	0.030759	0.021447	0.036228	0.018551	0.018426	0.001862	0.03147	0.004367	0.031008	0.029381	0.017423	0.031894	0.019897	0.005226	0.019073	0.023544	0.004327	0.029137	0.031707	0.006844	0.002335	0.028685	0.033311	0.020046	0.031663	0.009153	0.026226	0.022668	0.005587	0.040983	0.013334	0.027558	0.000478	0.025417	0.003438	0.029197	0.012346	0.020146	0.01854	
0.030301	0.023514	0.00666	0.011867	0.013851	0.025193	0.014907	0.034956	0.019395	0.027264	0.02285	0.013267	0.031171	0.002846	0.007462	0.005937	0.022174	0.019464	0.027645	0.020821	0.030541	0.01474	0.026943	0.018618	0.02495	0.01204	0.004732	0.007742	0.0356	0.02757	0.037135	0.033944	0.010593	0.035501	0.038082	0.016563	0.013241	0.022113	0.001644	0.037544	0.004425	0.017952	0.011914	0.037479	0.012753	0.001228	0.029612	0.016408	0.012908	0.02394	
0.004077	0.014812	0.031749	0.012894	0.011875	0.014925	0.024158	0.011111	0.021218	0.030289	0.027563	0.031206	0.011547	0.022704	0.028335	0.01543	0.02274	0.033848	0.036504	0.035267	0.037371	0.012425	0.029584	0.03062	0.037894	0.013553	0.013352	0.022297	0.020938	0.022481	0.015487	0.002588	0.013239	0.03145	0.021623	0.002155	0.026892	0.006318	0.018938	0.024729	0.002608	0.011418	0.025337	0.004078	0.016088	0.024365	0.031524	0.003583	0.026869	0.007944	
0.010003	0.025145	0.026049	0.005189	0.005223	0.031661	0.013131	0.002794	0.036559	0.029726	0.024773	0.021374	0.002813	0.030525	0.002514	0.033342	0.018116	0.026842	0.024263	0.00242	0.027826	0.016451	0.028451	0.026428	0.035849	0.029435	0.023799	0.005476	0.036884	0.012354	0.033031	0.034709	0.009656	0.02127	0.008056	0.005677	0.012666	0.028035	0.036631	0.019637	0.014354	0.027429	0.002592	0.020817	0.022724	0.027478	0.01259	0.00318	0.036446	0.007607	
0.024929	0.002665	0.021023	0.026977	0.023527	0.026653	0.012097	0.024983	0.001216	0.02712	0.025092	0.014711	0.03323	0.03292	0.013528	0.018541	0.020661	0.007969	0.020382	0.03877	0.039345	0.008835	0.028577	0.014212	0.021197	0.038084	0.014743	0.02979	0.036091	0.001877	0.018548	0.022249	0.018355	0.008396	0.005489	0.014642	0.024108	0.003244	0.034921	0.016604	0.000742	0.002186	0.020376	0.020225	0.038317	0.041667	0.001812	0.008506	0.014365	0.035503	
0.005638	0.02642	0.033823	0.009498	0.035881	0.003504	0.026982	0.025511	0.005558	0.000737	0.008942	0.034158	0.001794	0.0188	0.015841	0.019509	0.00361	0.025408	0.026351	0.015825	0.021431	0.032966	0.020548	0.024188	0.015194	0.023886	0.006018	0.025393	0.025359	0.031698	0.008515	0.026856	0.019353	0.020369	0.014547	0.005516	0.01924	0.031847	0.019726	0.025449	0.002384	0.028146	0.020396	0.028917	0.026807	0.034196	0.034793	0.002793	0.024415	0.035264	
0.003609	0.018611	0.038723	0.015932	0.000791	0.014413	0.009002	0.037321	0.024574	0.000123	0.010306	0.017592	0.022254	0.014366	0.035152	0.027003	0.000829	0.023073	0.02329	0.034008	0.005786	0.030016	0.009958	0.015163	0.009696	0.010293	0.025976	0.019675	0.030092	0.019964	0.038698	0.036237	0.002605	0.037451	0.005437	0.034369	0.022797	0.025575	0.005721	0.032531	0.01816	0.033482	0.011895	0.007385	0.023764	0.026333	0.008693	0.012181	0.037111	0.031984	
0.021183	0.011165	0.025111	0.01684	0.001861	0.022302	0.007325	0.028432	0.02996	0.031945	0.014919	0.009867	0.03362	0.032324	0.026162	0.007972	0.037588	0.000827	0.002746	0.031865	0.005072	0.00481	0.021799	0.029885	0.037586	0.02858	0.008652	0.014223	0.011797	0.014529	0.036066	0.02423	0.008213	0.0212	0.026325	0.004745	0.032968	0.017151	0.016764	0.020863	0.03597	0.033568	0.005761	0.002073	0.004944	0.03112	0.015216	0.017815	0.036085	0.037976	
0.02099	0.015125	0.015516	0.037924	0.001648	0.001939	0.034785	0.022393	0.03454	0.013235	0.020047	0.004257	0.018401	0.020125	0.015287	0.031656	0.014007	0.022713	0.025586	0.008906	0.017753	0.004958	0.009473	0.037877	0.004039	0.031098	0.019355	0.006777	0.020701	0.025159	0.03701	0.002052	0.020055	0.024305	0.037314	0.034014	0.028307	0.003565	0.029485	0.008471	0.009474	0.025249	0.02464	0.02531	0.025245	0.018137	0.012711	0.025563	0.037098	0.015725	
0.000383	0.009762	0.013117	0.026087	0.017272	0.00993	0.036148	0.00474	0.019971	0.011231	0.01436	0.034919	0.025641	0.032516	0.013838	0.03446	0.003615	0.022248	0.01282	0.023064	0.004262	0.014729	0.019621	0.007293	0.015433	0.009005	0.000833	0.03247	0.006658	0.027473	0.005228	0.034793	0.029701	0.039524	0.019765	0.017438	0.033286	0.035817	0.031166	0.029109	0.021226	0.028567	0.014243	0.026865	0.005418	0.021896	0.034886	0.039125	0.015974	0.012074	
0.014636	0.001922	0.047403	0.00617	0.007741	0.024819	0.041503	0.034129	0.020108	0.038477	0.046157	0.011048	0.000258	0.023135	0.045409	0.022019	0.034432	0.003043	0.00296	0.025755	0.021382	0.037377	0.006834	0.005984	0.023313	0.012417	0.038705	0.019213	0.043425	0.042191	0.005785	0.000649	0.011903	0.022151	0.02029	0.017638	0.004658	0.014613	0.029751	0.030161	0.029036	0.023925	0.004782	0.005013	0.02418	0.007376	0.021659	0.016364	0.002248	0.005853	
0.018275	0.02578	0.032715	0.021025	0.038549	0.005725	0.01058	0.010919	0.009979	0.002012	0.021552	0.001425	0.004746	0.021332	0.02352	0.005901	0.015797	0.036786	0.032489	0.029687	0.03672	0.01003	0.03244	0.039898	0.037865	0.008268	0.017428	0.010276	0.004446	0.019972	0.02311	0.017164	0.013517	0.033787	0.022215	0.014794	0.028028	0.027016	0.025985	0.026646	0.027997	0.029821	0.006269	0.012263	0.006893	0.016052	0.028697	0.020712	0.013319	0.019578	
0.029995	0.033457	0.009334	0.001433	0.017697	0.018644	0.01504	0.013445	0.023685	0.002709	0.024713	0.022843	0.028519	0.032062	0.017216	0.036496	0.011792	0.035973	0.03737	0.014357	0.018584	0.01169	0.003935	0.016403	0.032892	0.007573	0.0005	0.038262	0.008027	0.029946	0.015622	0.030405	0.0086	0.023366	0.031169	0.023112	0.01767	0.0289	0.03673	0.018025	0.011447	0.032144	0.022644	0.0011	0.019364	0.005196	0.037391	0.022573	0.016166	0.003784	
0.013007	0.018679	0.021564	0.040631	0.011065	0.007127	0.040717	0.022042	0.019212	0.015237	0.032652	0.023244	0.034937	0.030102	0.000126	0.036199	0.006362	0.026484	0.005598	0.040256	0.028151	0.014373	0.00875	0.017864	0.005761	0.017765	0.003247	0.019784	0.043697	0.012947	0.017099	0.000154	0.027505	0.01353	0.012494	6.1e-05	0.04171	0.005089	0.041739	0.029784	0.03304	0.032333	0.019825	0.007594	0.013814	0.03262	0.003438	0.03207	0.017826	0.000695	
5.3e-05	0.008314	0.002498	0.008555	0.018205	0.030524	0.000126	0.033463	0.036833	0.024727	0.034759	0.026372	0.008318	0.037559	0.02269	0.011939	0.008378	0.033088	0.036414	0.028136	0.008321	0.026128	0.019116	0.026858	0.026702	0.017833	0.034167	0.013689	0.026375	0.030331	0.004299	0.003372	0.003214	0.006212	0.00791	0.015612	0.002139	0.024069	0.021761	0.030322	0.02675	0.014706	0.033222	0.032559	0.03743	0.030899	0.020961	0.020236	0.022236	0.00162	
0.012181	0.006529	0.026656	0.022019	0.029886	0.036459	0.040237	0.004247	0.005838	0.022806	0.005391	0.023547	0.010801	0.006267	0.03734	0.019176	0.011057	0.011579	0.038514	0.024888	0.005411	0.019188	0.020018	0.019646	0.034227	0.009436	0.007536	0.033076	0.034254	0.030071	0.015997	0.016104	0.008673	0.010794	0.009614	0.013108	0.039218	0.011672	0.027547	0.029586	0.017422	0.037784	0.025842	0.006194	0.008412	0.023269	0.024308	0.033327	0.008611	0.024237	
0.014735	0.035611	0.016757	0.00147	0.016692	0.013455	0.005207	0.03703	0.002077	0.033663	0.005749	0.014646	0.020658	0.028433	0.016899	0.021972	0.002709	0.03871	0.019075	0.006944	0.009563	0.026479	0.031003	0.001747	0.032452	0.037466	0.035919	0.026387	0.030082	0.032575	0.001717	0.007527	0.016699	0.011213	0.036832	0.009395	0.013439	0.022563	0.004184	0.028072	0.017099	0.017893	0.036808	0.019658	0.028745	0.005087	0.032129	0.034621	0.037812	0.002342	
0.005646	0.019695	0.00161	0.035141	0.007845	0.001886	0.008163	0.02207	0.027554	0.009674	0.008527	0.023951	0.030165	0.022863	0.030806	0.037097	0.00333	0.039327	0.023557	0.016947	0.027656	0.026028	0.016656	0.039286	0.016987	0.001612	0.013584	0.007143	0.009962	0.033254	0.016371	0.021697	0.035557	0.038992	0.013466	0.028034	0.001612	0.034632	0.006735	0.005007	0.016402	0.021988	0.029482	0.031431	0.005053	0.035052	0.036395	0.01864	0.034964	0.000468	
0.016715	0.022532	0.028737	0.017135	0.022307	0.027462	0.035449	0.022652	0.029402	0.007851	0.008315	0.02282	0.02849	0.030865	0.007196	0.018389	0.031537	0.018782	0.002304	0.011079	0.023362	0.007455	0.028508	0.025313	0.029335	0.008463	0.033977	0.029909	0.020364	0.008506	0.003444	0.031052	0.008573	0.015079	0.021548	0.033085	0.029752	0.018761	0.019164	0.011553	0.011826	0.030819	0.016816	0.004807	0.020685	0.013903	0.025242	0.029046	0.009023	0.020611	
0.021217	0.01138	0.023753	0.01479	0.00342	0.009395	0.02293	0.039422	0.028025	0.010313	0.019265	0.014282	0.010128	0.022466	0.029346	0.021096	0.030129	0.034995	0.005881	0.034973	0.001446	0.006246	0.000108	0.017494	0.021165	0.032468	0.040896	0.007994	0.024062	0.0397	0.033295	0.032313	0.009624	0.007821	0.006599	0.018524	0.029778	0.005934	0.020666	0.017814	0.016589	0.037922	0.000143	0.037996	0.043041	0.008289	0.017643	0.001938	0.03693	0.018356	
0.03063	0.010999	0.003542	0.006675	0.020626	0.017014	0.007094	0.018066	0.010914	0.002466	0.007972	0.000361	0.028333	0.015025	0.02525	0.031303	0.033519	0.02885	0.030564	0.020273	0.01853	0.009279	0.032665	0.028514	0.031286	0.03041	0.021358	0.02113	0.030089	0.026872	0.000961	0.034547	0.00574	0.021418	0.000104	0.021551	0.020654	0.035529	0.014439	0.007087	0.030497	0.0333	0.003537	0.035325	0.024502	0.028925	0.019161	0.016572	0.022717	0.023825	
0.011758	0.040095	0.025939	0.021417	0.027639	0.039895	0.013119	0.014938	0.006253	0.008634	0.021212	0.020372	0.037269	0.00225	0.022078	0.013379	0.02716	0.027073	0.019087	0.039922	0.015911	0.014281	0.03006	0.007513	0.030977	0.011182	0.011938	0.00013	0.007624	0.01323	0.02862	0.014007	0.0095	0.00951	0.019623	0.037522	0.014818	0.02304	0.028823	0.00428	0.027074	0.010837	0.021913	0.027058	0.04188	0.025147	0.021385	0.010811	0.034318	0.007499	
0.023671	0.012004	0.001165	0.024108	0.024996	0.031078	0.035165	0.027717	0.031884	0.034749	0.026645	0.016233	0.001082	0.012303	0.019618	0.033644	0.006128	0.027459	0.030995	0.022475	0.013867	0.029996	0.000492	0.023429	0.023891	0.032034	0.003185	0.034288	0.000437	0.012136	0.012352	0.014291	0.025981	0.01667	0.03457	0.008455	0.017573	0.035482	0.004689	0.023333	0.021789	0.026754	0.019373	0.022795	0.014552	0.005288	0.010849	0.034486	0.005715	0.028129	
0.025527	0.031282	0.019363	0.042138	0.011736	0.038304	0.000985	0.041944	0.026937	0.002037	0.022781	0.007524	0.017477	0.007626	0.021805	0.04232	0.010078	0.014906	0.02618	0.01382	0.004769	0.001168	0.035397	0.025858	0.005565	0.006037	0.002061	0.039542	0.010079	0.043209	0.044638	0.010009	0.030747	0.025478	0.015809	0.026937	0.037384	0.029472	0.033173	0.003029	0.037586	0.012016	0.011883	0.015623	0.010003	0.003638	0.021617	0.000507	0.027693	0.004303	
0.02239	0.030251	0.037825	0.032721	0.014846	0.015251	0.037339	0.016359	0.001335	0.008622	0.003859	0.034773	0.002603	0.00322	0.010391	0.024588	0.009201	0.018817	0.037598	0.027232	0.00918	0.018321	0.010025	0.03764	0.019227	0.017318	0.038239	0.012111	0.030383	0.015831	0.036115	0.023069	0.015582	0.017841	0.00909	0.017473	0.008379	0.013691	0.033215	0.021002	0.015369	0.010428	0.023788	0.028348	0.001951	0.026506	0.015429	0.027568	0.033472	0.024188	
0.007974	0.002046	0.023999	0.020105	0.012796	0.029264	0.043188	0.001564	0.006417	0.026656	0.002554	0.03188	0.030798	0.034058	0.025706	0.004579	0.032588	0.043202	0.017378	0.001984	0.035852	0.003501	0.041187	0.005184	0.026868	0.00961	0.015075	0.031815	0.009647	0.041044	0.022658	0.025872	0.002757	0.034123	0.008183	0.030038	0.000645	0.007999	0.025815	0.028403	0.003385	0.031323	0.014844	0.025356	0.036462	0.006135	0.025994	0.002479	0.021338	0.027672	
0.47