50
2
0.838218	0.284391	0.507424	-0.721371	-0.825361	0.576004	-0.347698	0.082136	-0.51953	0.090846	-0.198891	0.430384	0.67336	0.176962	-0.407691	-0.437965	0.411194	-0.154807	-0.885368	0.494055	-0.095374	-0.648451	-0.901246	-0.415049	-0.866402	0.502313	-0.872457	-0.136183	-0.271655	-0.696057	0.093421	-0.113414	-0.927877	0.645786	-0.453415	-0.66203	0.28874	-0.784918	-0.29351	-0.228593	-0.108888	0.954105	0.458788	-0.37553	0.78951	0.566547	-0.475999	-0.381034	-0.741099	-0.155657	
0.87953	-0.265914	-0.13045	0.834187	0.894588	-0.490454	0.419407	-0.900047	-0.730512	0.013012	0.178144	-0.346203	-0.710371	-0.484723	0.714892	0.367948	0.997265	-0.361089	-0.093184	0.735244	0.277044	-0.336215	0.083955	-0.775352	0.633047	-0.558137	0.029949	0.052176	-0.445823	0.808841	-0.159146	0.898029	0.572942	-0.036906	-0.976157	-0.880558	0.651435	-0.190726	-0.893694	-0.480722	-0.437699	0.886606	0.787259	-0.595421	-0.799278	0.146086	0.490755	0.201521	0.818479	0.877156	
0.123132	0.781663	-0.375043	0.542107	-0.572699	-0.423311	-0.453114	-0.502999	-0.971051	0.218226	0.723692	-0.481719	0.73373	-0.14694	-0.679218	-0.886937	-0.154386	0.471992	-0.046092	0.401399	0.852361	-0.094631	-0.21641	-0.281516	0.841491	-0.944364	-0.530019	-0.840911	0.131577	-0.410223	0.438754	-0.802396	-0.946361	0.403662	0.582937	-0.243462	-0.505355	-0.474435	-0.003173	-0.391625	0.437278	0.221322	-0.870654	-0.703971	0.940487	-0.056956	0.466345	-0.578605	0.285357	0.823184	
-0.930942	-0.645287	-0.407497	-0.374733	-0.35015	0.156155	0.99664	-0.290434	-0.958402	-0.80075	-0.216761	0.209349	0.758585	-0.714783	-0.291137	0.099798	0.675113	0.180348	0.989534	0.497841	-0.939131	0.846908	0.959778	-0.325317	0.306714	0.161183	0.846363	0.657292	0.768318	0.747139	-0.07719	0.405586	0.920116	-0.426449	-0.092723	-0.537851	0.123467	-0.509155	-0.315586	-0.542593	-0.185486	-0.696385	0.976281	-0.089218	0.074735	0.534502	0.853349	0.464526	-0.840145	0.630586	
0.120881	0.125111	0.814558	-0.521747	0.834295	-0.518495	0.758053	0.097623	0.331962	0.018085	-0.071323	0.699171	0.548883	-0.591053	-0.029986	0.167895	0.428782	0.158841	-0.983728	0.391115	-0.789298	0.927766	-0.65363	0.886481	0.072867	0.838467	0.301652	0.961176	-0.959162	-0.026375	0.044237	-0.522037	0.433702	-0.803716	-0.547027	0.111209	-0.997007	0.614205	0.626225	-0.541705	-0.502822	0.287947	0.649526	0.605951	0.040496	-0.735494	-0.745617	0.914096	-0.697551	-0.234934	
0.398291	-0.968812	0.553891	-0.55179	-0.92652	-0.527175	-0.51406	-0.127959	0.133123	0.857612	-0.243035	-0.211943	-0.787737	-0.436956	0.625372	-0.69993	-0.651037	0.040515	0.876064	0.335715	-0.079181	0.567111	-0.285057	0.487699	0.155596	-0.377569	0.366984	-0.486014	-0.915217	0.557443	0.375546	-0.615938	0.791656	-0.918708	0.316086	0.844048	-0.568288	-0.166403	-0.713674	0.552959	0.792951	-0.339734	-0.765074	-0.840243	-0.073626	-0.311662	0.609228	0.674993	0.249352	-0.414332	
0.977989	0.310223	0.340897	-0.030939	0.543784	0.440201	-0.388695	0.137442	0.207135	0.95116	-0.13438	-0.303337	-0.686507	-0.530911	-0.389433	-0.642049	-0.782378	-0.91693	0.248011	-0.182941	-0.832244	-0.714989	0.718366	0.903285	-0.493691	-0.525587	-0.94903	-0.862057	-0.727537	-0.521626	-0.071776	-0.407414	-0.034285	-0.40202	0.505711	-0.702572	0.68684	0.08476	-0.467355	-0.667789	0.090543	0.080955	-0.148604	0.969888	-0.615504	-0.39412	-0.494518	-0.517013	-0.572327	-0.682373	
0.762161	-0.466034	-0.461538	-0.249241	-0.656107	0.979155	-0.505929	0.798106	-0.665256	0.200436	-0.238146	-0.357912	-0.713488	0.930332	-0.70445	0.369582	0.736216	-0.423962	-0.882309	-0.753905	-0.446056	-0.640656	-0.693736	-0.882248	0.71949	0.198335	0.287817	-0.883123	-0.109774	0.2002	0.648382	0.021974	-0.794429	-0.496213	0.329308	-0.790801	0.153255	0.634179	0.105987	0.428474	0.932815	0.925845	-0.678864	0.821621	0.26996	0.136974	-0.139358	-0.222146	-0.445454	-0.406978	
0.774828	-0.678038	0.004657	0.375281	0.162266	0.741449	-0.241516	0.004674	-0.895793	-0.794154	-0.389865	-0.436139	0.94733	0.486164	0.066029	-0.051975	-0.606286	-0.264628	0.111136	0.949039	-0.34356	-0.672653	0.318598	0.59283	0.915899	0.318426	0.791699	-0.815049	-0.311672	0.024493	-0.37674	0.631269	-0.808204	0.505529	0.881621	-0.489648	-0.496876	0.110624	0.457299	0.544924	0.142441	-0.538561	-0.298287	-0.90966	-0.034385	-0.756564	-0.159643	-0.732368	0.927091	0.290349	
-0.71294	-0.177784	-0.484783	-0.768714	0.078692	-0.082457	0.759568	0.388731	-0.147048	0.25194	0.356674	0.17117	-0.117307	0.487625	-0.59686	0.345593	-0.568503	-0.501933	0.983627	0.079303	0.454369	0.41615	0.555152	0.059697	0.742887	-0.777499	-0.304078	-0.902228	-0.091776	-0.533361	-0.206344	0.389894	-0.760865	-0.838067	0.771913	0.371314	-0.537854	-0.716803	0.379723	-0.678616	0.932667	0.514663	0.585104	0.335315	-0.686078	-0.57525	0.359085	-0.439747	-0.029556	0.702859	
0.426024	0.606969	0.418706	0.554063	-0.392019	-0.476264	-0.186636	0.722655	-0.246818	-0.578148	-0.121346	0.3013	-0.346953	-0.930653	-0.044846	0.808813	-0.927158	0.494348	0.229444	-0.641996	-0.622463	0.369157	-0.674955	0.863964	-0.544338	-0.351971	-0.484708	-0.079099	0.979604	-0.148839	0.058302	0.398242	-0.97375	-0.014061	-0.690192	0.781464	-0.609201	0.750051	0.246301	0.217846	-0.937957	-0.471371	-0.503115	0.764114	0.048796	0.17711	-0.541812	-0.903972	-0.27202	-0.354728	
0.215553	0.327248	-0.06704	-0.627286	0.47642	-0.675728	-0.72419	-0.40477	0.046192	0.071158	0.046527	-0.287901	0.84875	0.235109	0.286343	0.936393	-0.573551	0.264045	-0.106049	-0.065552	-0.203367	-0.231134	0.496374	-0.435339	-0.671516	-0.591464	0.916643	-0.200973	0.091928	0.196016	-0.260432	0.154913	-0.962219	-0.217336	0.504073	0.256528	-0.464745	-0.42993	-0.162188	-0.299306	-0.252254	0.905582	-0.793388	0.380344	-0.104151	0.910877	0.50524	0.156267	-0.80423	0.027013	
0.60018	-0.208159	0.698587	0.58745	-0.107175	0.962642	0.474674	0.254633	0.296796	-0.641813	-0.856191	-0.136648	0.629503	0.801008	0.686783	-0.249074	0.513638	0.324028	0.47037	0.762659	-0.109711	0.608816	0.976259	0.601434	-0.775413	-0.754836	0.674217	0.42877	0.91833	-0.581458	0.074849	-0.41493	-0.123123	-0.611893	-0.834552	0.564168	0.177749	-0.628074	-0.875519	0.747873	-0.062563	0.117709	-0.924321	-0.515561	-0.301923	0.386772	-0.409415	-0.824073	-0.344073	-0.879732	
0.706779	-0.502584	-0.257846	0.75647	-0.243307	-0.766778	0.98022	0.005423	-0.074596	-0.175877	0.14734	0.825346	0.467348	-0.2015	-0.037435	0.933868	-0.68392	0.600388	0.653372	-0.452034	-0.698223	0.348971	-0.894572	-0.099012	0.077133	0.491589	0.184448	-0.475263	0.694182	0.655662	0.463475	-0.625532	-0.68949	-0.272004	-0.009903	-0.900677	0.152096	-0.462944	0.545727	-0.377219	-0.662829	-0.328652	0.578024	-0.360922	0.02529	-0.443449	-0.063486	-0.958363	-0.942826	-0.198759	
0.014109	0.050207	-0.81659	0.150332	0.199151	-0.253131	-0.388384	0.422818	-0.103193	0.218432	-0.297891	-0.681673	-0.571366	-0.452587	-0.253385	0.310818	-0.053077	0.660261	-0.539322	0.185851	-0.664673	0.494822	-0.332746	-0.979356	0.077924	0.04432	0.229276	-0.755588	0.413425	0.092177	0.593941	-0.202683	-0.803185	0.211709	0.85117	-0.672898	-0.324819	0.93465	-0.174513	0.232229	0.402487	0.595355	0.282788	-0.264462	-0.316263	0.382571	-0.018942	0.453694	-0.429354	-0.819662	
0.305741	0.998709	-0.025121	-0.157459	-0.577728	-0.804331	-0.540937	0.560074	0.325686	-0.952726	0.552201	-0.465118	-0.423145	0.977978	0.828994	-0.734688	0.595572	0.158509	-0.781038	0.209064	0.495269	-0.202922	0.081414	0.214154	-0.997958	-0.427414	-0.726632	0.994048	-0.848914	-0.890403	-0.309783	-0.881097	0.412944	0.855554	-0.930846	0.713232	-0.318411	-0.119349	0.397251	0.702373	-0.535565	0.080268	-0.223256	0.179257	-0.834472	-0.648207	0.888493	0.196881	-0.969388	-0.102205	
0.695387	-0.404644	0.111069	-0.064315	0.917845	0.341404	0.847611	-0.240101	-0.505054	-0.280033	0.022961	-0.705645	0.229321	-0.511372	-0.218798	-0.970159	0.058215	-0.082648	-0.611097	0.754818	0.936148	-0.224536	-0.792727	0.102064	0.595487	-0.648631	0.374653	-0.872366	-0.396587	0.481152	0.069974	0.506822	-0.035475	-0.225529	-0.040615	-0.425487	-0.649388	-0.689846	0.546663	0.670016	0.946778	0.54821	0.242843	0.466041	0.105595	0.144078	-0.162157	-0.640411	0.119708	0.647192	
0.215026	0.765837	0.544924	0.586539	-0.208126	-0.735731	0.991405	0.537085	-0.656133	0.157223	-0.284202	-0.58259	-0.82643	0.947618	-0.312399	-0.435065	-0.425985	-0.678524	0.753734	-0.751008	0.714698	-0.62233	0.537023	-0.089225	0.662317	0.333279	-0.911314	-0.53651	-0.497783	0.199579	-0.483998	-0.78877	0.767154	0.511523	-0.357322	0.655048	-0.729251	0.008584	-0.248009	0.406948	0.216086	-0.09981	-0.48463	0.592925	0.112162	0.778464	-0.536015	-0.039471	0.32946	-0.789575	
0.319699	-0.560848	0.747519	0.229086	0.831256	-0.525965	-0.365212	-0.798591	0.397614	0.326788	0.449976	0.931215	-0.544979	0.116081	0.791533	-0.604906	-0.431009	0.709656	0.047107	-0.340514	-0.071973	-0.274148	0.908889	0.076162	-0.028767	-0.406677	0.530064	0.529774	0.53418	-0.618182	0.279188	-0.405618	0.140228	0.555128	0.390167	0.035144	0.115639	0.24511	0.434343	0.843249	0.361448	0.066179	0.201306	0.621061	0.521338	-0.986049	0.492197	0.233495	0.193412	-0.9429	
-0.03828	-0.914619	0.326175	0.60883	-0.838223	-0.220054	0.310525	-0.504554	-0.65873	0.271563	0.698762	0.45759	-0.010442	0.977288	0.74777	0.130984	0.741344	0.213973	-0.301875	0.217858	0.593395	0.236381	0.582567	-0.710334	-0.066956	-0.506738	0.273829	-0.136678	0.500743	-0.984362	-0.024947	0.387407	-0.56288	0.55683	-0.873138	0.682201	0.140486	0.62941	-0.508161	0.834496	-0.133334	0.778442	-0.236782	0.323887	-0.875968	-0.593388	0.955276	0.110701	0.912561	-0.241898	
-0.225841	-0.941772	0.952312	-0.820368	0.290251	-0.540992	0.243377	-0.790673	0.560017	-0.474935	-0.507703	-0.089747	-0.793013	-0.058731	0.224282	-0.864856	0.529415	0.340194	0.606586	0.956317	-0.294131	-0.120191	0.645485	-0.314097	-0.872181	-0.264118	0.990534	0.158927	-0.949916	0.767417	-0.845481	-0.211353	0.585688	0.47521	0.929711	-0.522143	0.041265	-0.80333	-0.731734	-0.165783	-0.592097	0.300727	0.49864	-0.737587	0.196442	-0.682567	-0.178499	-0.255019	-0.401896	0.784572	
0.864937	0.885811	-0.936964	-0.686802	-0.21315	0.441098	-0.450813	-0.136621	-0.642404	-0.275497	0.017635	0.367057	-0.483429	0.792821	-0.836621	-0.122449	-0.201167	0.003672	-0.647789	0.905185	-0.773822	0.201113	-0.765738	0.324623	-0.50327	0.791363	-0.917589	0.003464	0.953551	0.841231	-0.655946	-0.4673	-0.031565	-0.032375	0.50245	0.555838	-0.553769	0.542882	0.399157	-0.125996	0.217633	-0.402631	0.716189	0.719887	0.329655	-0.039033	0.388758	-0.235926	-0.753651	-0.927516	
0.834337	0.065703	-0.884247	0.192729	-0.869615	0.158264	0.588045	0.556525	0.674171	-0.565243	-0.077697	0.881449	-0.366036	-0.861403	0.615442	0.250042	-0.854226	-0.669977	0.870974	0.026475	0.486561	0.269088	0.513801	-0.778375	-0.577101	0.484242	0.303289	-0.558326	-0.484029	-0.716773	0.343295	0.501993	-0.064044	0.332402	0.450735	-0.086832	-0.668144	0.430478	-0.981105	0.353309	-0.576653	0.156241	-0.278603	0.074695	-0.937522	-0.812938	0.130852	-0.01329	-0.13065	-0.355871	
-0.987547	-0.85257	-0.89216	0.359608	0.100055	0.069456	-0.846522	0.342286	-0.564777	-0.049281	0.867503	-0.795778	-0.591159	-0.992412	-0.340462	0.848265	0.596543	-0.941857	-0.461561	0.939028	-0.381998	0.60678	0.757104	0.035837	0.922956	-0.364958	0.574392	-0.639192	0.232356	-0.842549	0.810223	-0.845781	0.917672	0.088185	0.726989	-0.518841	-0.188081	-0.414953	0.461979	0.940097	0.66363	-0.030168	0.003541	-0.242926	-0.958968	0.981591	-0.690869	0.756477	0.203898	0.581396	
-0.495614	0.94323	-0.865505	-0.065263	-0.9326	0.069523	-0.767169	0.910054	0.159268	-0.317451	0.704641	-0.605468	0.619256	-0.390538	0.300133	0.691328	-0.21876	-0.901369	-0.809344	-0.182157	0.946957	0.562776	-0.826086	0.483448	0.126059	0.743859	0.608985	-0.247873	-0.738795	-0.418269	-0.298962	-0.419774	-0.938131	-0.181469	0.957673	-0.155377	-0.819913	-0.642535	-0.406742	0.390908	-0.433444	-0.349642	0.537696	-0.046719	0.857707	-0.331762	0.887295	0.757952	-0.878778	0.85099	
0.482549	0.621974	-0.127867	0.446691	0.395242	-0.408805	-0.801079	-0.624884	0.686246	0.242717	0.23168	0.881253	0.769128	0.870171	-0.405953	0.742495	0.3822	-0.362593	-0.974497	0.751065	0.127842	-0.606562	0.947678	0.313713	-0.980656	-0.152257	-0.211323	0.079192	-0.287114	-0.518329	0.518811	0.526439	-0.17244	-0.117054	0.047918	0.066195	0.828305	0.261614	0.034114	-0.735965	-0.578546	0.001217	-0.59298	-0.807395	-0.55791	0.406458	0.518926	0.06159	0.558244	-0.588844	
-0.392201	0.901528	-0.174119	-0.644998	-0.704787	-0.649628	-0.21985	0.754268	0.810724	-0.700115	0.059845	0.203531	0.165122	0.815543	-0.933215	0.880614	0.902686	-0.741143	0.119949	0.000419	-0.379656	-0.4859	0.385057	0.696246	0.804783	-0.069361	0.668718	0.064717	0.939772	-0.269662	0.467344	-0.635961	0.689144	0.094929	-0.535585	0.382461	0.700013	-0.253279	0.652645	-0.450469	0.909042	-0.34066	0.56537	0.427708	-0.536822	-0.853308	-0.648729	0.524932	0.363685	-0.862847	
0.468465	0.289779	0.726307	0.408918	-0.64372	-0.995664	0.638091	-0.137476	0.278987	0.593485	0.638041	0.883319	0.240209	-0.652255	0.547624	0.214257	-0.825904	0.486402	0.847526	0.562126	-0.930134	-0.406021	0.123215	-0.319919	0.488908	0.864956	0.711609	0.160566	-0.754623	0.909621	-0.43758	0.518999	0.741369	0.373032	-0.215685	0.987711	-0.944436	0.233134	0.705826	-0.740651	0.164766	-0.842567	0.125131	0.341864	0.759037	-0.268894	0.972254	0.243804	-0.508678	-0.713943	
0.419127	0.768968	-0.414146	0.058492	0.599825	-0.212321	-0.844165	-0.648984	-0.180628	-0.195657	-0.090528	-0.901428	0.588558	0.800572	-0.201459	-0.867926	0.701064	0.616342	0.840697	0.992153	0.69499	-0.133161	0.123563	0.189534	-0.173393	0.787482	-0.459931	-0.810353	0.368525	0.002989	-0.495538	0.564185	0.542927	0.593149	-0.052986	0.900848	0.390655	0.286931	-0.672319	0.729504	-0.88324	-0.216907	-0.257576	-0.014099	-0.818393	-0.805303	0.697545	-0.621669	-0.703902	-0.809276	
-0.288997	0.814998	0.432399	-0.26961	0.941923	-0.1964	0.140272	-0.186369	-0.903194	-0.031161	-0.057981	-0.376374	-0.551185	0.8785	-0.021453	0.540558	0.445666	-0.121142	0.56965	-0.618748	0.745789	0.260649	0.220625	0.20553	-0.071638	-0.119371	0.783126	0.905364	0.348983	-0.613212	-0.63835	0.056676	-0.040673	-0.697977	0.272043	0.248294	-0.286938	0.178604	-0.231965	0.209382	-0.035189	0.355958	0.850768	-0.007879	0.19531	-0.588853	-0.334165	-0.842235	-0.606176	0.557385	
0.377001	0.336068	-0.556484	0.466818	0.814838	-0.293929	0.792776	-0.075764	0.065025	-0.174878	-0.68092	0.340071	0.610839	-0.597767	0.068246	-0.662885	0.578002	0.537874	-0.23268	0.414198	0.305843	0.939529	-0.907671	-0.850604	-0.941617	0.01561	-0.053057	0.208642	-0.601	-0.217451	0.857071	-0.563659	-0.898111	0.708976	-0.455484	0.002909	-0.670029	0.465285	-0.176889	0.647783	-0.5584	-0.429555	-0.637518	-0.16971	-0.917044	0.964981	-0.919091	0.33352	-0.398575	-0.870867	
0.694333	-0.304722	0.660625	-0.347214	0.864373	-0.755626	-0.833665	-0.494569	-0.081728	-0.202883	-0.027126	-0.205276	0.821246	-0.972877	0.542437	0.260923	0.278971	-0.2964	0.12163	-0.221733	0.056317	-0.401098	-0.546246	0.737653	0.986588	0.073135	0.102121	0.278776	0.551876	0.711394	-0.799165	0.094837	-0.471894	-0.683074	-0.049098	0.006996	-0.196354	0.455617	-0.421596	0.852363	-0.349694	-0.361481	-0.837125	-0.552823	0.505458	-0.316134	0.167129	-0.820452	0.136103	0.216336	
0.438685	-0.445301	0.017647	-0.579372	-0.01527	-0.349185	-0.257183	0.153267	-0.423952	0.528005	0.959661	-0.488301	0.939994	0.321868	0.281081	-0.912856	0.555702	-0.051454	-0.749428	-0.568719	0.629875	0.404855	-0.637591	0.127737	0.710919	-0.082608	-0.221692	0.384281	-0.753698	-0.770814	0.606817	0.222853	0.661685	0.693129	0.07592	0.193549	-0.99101	0.410384	-0.800056	0.264033	0.011815	-0.038765	0.25349	0.707628	0.706047	-0.35597	-0.927818	0.984249	0.089499	0.677698	
0.016369	0.463129	-0.780846	0.379099	-0.335846	0.262638	-0.624169	0.570021	0.203482	0.000631	0.953424	-0.839228	0.449626	-0.136342	0.255874	0.821718	0.056011	-0.129334	-0.719586	-0.909652	-0.315004	-0.144293	-0.605378	0.442902	0.81128	0.611293	0.208761	0.591552	-0.771993	0.73872	0.74321	0.095201	0.392176	0.171572	0.701084	-0.449309	0.103167	-0.147578	0.471089	-0.206328	-0.746267	0.857	0.874726	0.581506	-0.814737	-0.257387	-0.51521	0.467955	0.443142	0.277592	
-0.173408	-0.139108	-0.280632	0.649729	-0.418122	-0.891017	0.667768	0.825482	-0.585918	0.676127	-0.06904	0.115882	0.98723	-0.246496	-0.272027	-0.61413	0.93722	0.1917	0.849066	0.308092	0.132406	0.052052	-0.864969	-0.935013	-0.429289	0.724175	0.173721	-0.709605	0.789015	-0.847717	0.05078	0.476817	-0.691947	0.391622	0.110396	-0.777765	0.400836	-0.252397	-0.608365	-0.407769	-0.715515	-0.887247	0.78194	0.599794	-0.115993	-0.824285	-0.867773	-0.811401	0.804796	-0.598634	
0.766899	0.49455	-0.35155	0.135387	-0.068162	0.331613	0.644055	-0.879397	0.173837	0.999995	-0.680454	0.937282	-0.866114	0.249208	-0.242359	-0.85526	-0.261228	-0.526091	-0.434451	-0.37954	0.418949	0.155909	0.797412	-0.255901	-0.607961	0.15073	-0.26141	-0.47551	0.767815	0.980174	-0.4283	-0.594356	-0.10834	-0.662804	0.854977	-0.928398	-0.664344	-0.176641	-0.280467	-0.172269	0.401944	0.703694	0.264516	-0.489721	0.968995	0.594191	-0.630822	0.554909	-0.140242	-0.451159	
-0.596329	0.959358	0.432883	0.577469	0.832845	-0.706298	0.391168	-0.05117	0.741856	-0.350158	0.589778	0.235683	0.744169	0.971828	-0.55149	0.564836	0.59778	-0.351807	-0.682721	-0.592532	0.507542	-0.316875	-0.841599	-0.672296	-0.260167	-0.330834	0.615438	0.713269	-0.646899	-0.396716	-0.181973	-0.070547	0.739761	0.388728	-0.332912	-0.610005	0.895485	-0.463946	0.79161	-0.485452	0.749802	0.148221	0.296055	0.974008	0.068727	0.305488	-0.482032	0.973712	-0.35967	-0.31251	
0.941158	0.042922	0.710713	-0.922847	0.74259	0.552533	-0.201527	0.192092	0.762064	0.996279	-0.959318	-0.356416	-0.248969	0.38891	0.699152	-0.953955	0.924548	-0.060437	-0.211356	-0.005253	-0.591841	0.948773	-0.396254	-0.330475	0.13221	-0.545774	0.69002	-0.441104	-0.44729	0.651912	-0.882339	-0.367778	-0.532049	-0.272084	0.667522	-0.793312	0.484048	0.822464	0.388217	0.135092	-0.745273	-0.756998	-0.530295	-0.917421	-0.347016	0.574636	-0.323391	0.379391	0.842568	-0.896256	
-0.527535	0.933591	-0.115465	0.193151	0.029357	-0.805798	-0.546118	-0.525187	-0.687867	0.435698	0.585782	0.592366	0.15477	0.757753	0.504066	0.993016	-0.65196	-0.229329	0.27492	-0.536525	-0.872255	-0.104871	-0.718618	-0.732487	-0.276428	-0.156064	-0.49656	0.688464	-0.454382	-0.448463	0.602558	0.723791	-0.189749	-0.529968	0.832465	-0.302937	-0.817533	0.625484	-0.159992	-0.107486	0.697852	-0.710184	0.891889	0.687824	0.439866	-0.408318	0.895681	0.210562	0.621115	0.690053	
0.787314	0.552097	-0.690312	0.841752	-0.004645	-0.211359	-0.713889	-0.763925	-0.401652	0.90833	-0.146495	-0.062067	-0.876238	-0.645115	-0.164493	0.671219	0.80703	-0.94346	0.874173	0.778422	-0.348922	-0.532199	-0.743199	-0.288018	0.738166	-0.618109	-0.043198	0.739352	-0.322456	0.946151	-0.715608	0.767233	-0.166431	-0.162711	0.443891	0.304765	0.710188	-0.407721	-0.876662	-0.101454	-0.384158	0.373566	-0.393578	0.336616	-0.608512	0.985404	-0.696304	-0.099978	0.736252	-0.081375	
-0.900538	-0.27283	-0.121369	0.752669	-0.014767	0.616794	-0.674699	-0.957804	0.582498	0.750434	-0.654924	0.785658	-0.170271	-0.014005	-0.877757	-0.065295	-0.212248	-0.600171	0.211518	0.363978	0.652155	-0.204032	0.3296	-0.464459	-0.145044	-0.964887	-0.38523	0.134811	0.737817	-0.96482	0.878368	-0.044783	0.363269	0.352063	-0.055145	-0.281435	-0.188843	0.851941	0.255652	0.784993	0.540818	0.592463	-0.32713	-0.303462	0.511012	-0.241717	0.820219	0.8486	-0.325165	0.927145	
0.888697	-0.415949	0.673054	0.074224	-0.360427	0.59242	-0.478509	-0.126834	-0.985217	-0.159928	0.836246	-0.259362	0.712842	-0.732665	-0.386941	-0.173786	0.754219	0.827062	-0.11441	-0.9617	0.244906	-0.12825	0.330143	0.777565	-0.551109	-0.815052	0.577316	-0.739422	0.680021	-0.802924	0.451776	-0.446676	0.739831	-0.764828	0.906482	-0.772346	0.00244	0.829611	-0.947094	-0.343021	0.683343	0.42206	0.623269	0.826557	-0.510775	0.643277	0.203113	0.354302	0.125502	-0.618794	
-0.134852	-0.992287	-0.405424	-0.401283	-0.974429	0.72062	-0.985951	0.786216	0.590783	-0.124085	-0.775921	-0.227245	0.338693	-0.735639	-0.837721	0.94093	-0.15136	-0.569481	0.352976	-0.182676	0.03819	0.719336	0.577155	-0.921356	0.544637	-0.880473	-0.851551	0.688557	0.814691	0.713597	-0.552534	0.419153	-0.724994	0.964329	-0.37545	-0.377753	-0.798606	-0.618031	0.796487	-0.953895	-0.963152	0.995134	-0.172741	0.613007	-0.360487	0.919917	0.17399	-0.032161	-0.419791	0.718223	
0.747524	0.431518	-0.073029	0.331772	-0.717113	-0.126634	0.720819	0.057274	-0.379583	-0.366949	0.895962	0.523514	0.520836	0.972333	-0.777582	-0.374756	-0.814213	0.466779	0.31611	0.454687	-0.965635	0.047597	-0.752366	-0.401393	0.968499	-0.887654	0.45274	-0.1289	0.280757	0.669309	0.417004	0.580994	0.245689	-0.351562	0.123112	-0.102597	0.970393	-0.965375	-0.286198	0.433504	-0.565815	0.654729	-0.910652	0.88901	-0.454496	-0.799907	-0.72224	-0.685968	-0.242348	-0.19947	
-0.094442	0.444901	0.916317	0.285336	0.999336	0.082146	0.804486	0.55044	0.608695	0.440663	-0.364825	0.660537	0.262417	0.052642	0.50152	-0.864303	0.670478	0.078633	0.161568	-0.430078	0.536293	0.590936	0.539997	0.973337	-0.894105	0.264807	0.574941	0.064763	-0.723469	-0.880385	0.533727	-0.912387	0.472218	0.850336	0.181114	-0.954061	-0.683506	-0.591311	0.239679	0.981442	-0.739674	0.657675	-0.810535	0.008736	0.562971	-0.483439	-0.423239	0.289904	-0.989387	-0.387677	
0.21423	0.603978	0.796725	0.767029	0.992746	0.010951	0.101149	-0.84445	-0.988471	-0.450002	-0.608586	0.565417	0.1796	0.17066	0.795982	0.721572	-0.731562	0.297744	0.410206	-0.581039	0.609023	-0.056889	0.620056	0.682125	-0.07422	-0.177971	-0.755605	-0.352457	0.990725	-0.172447	0.311436	0.729533	0.420359	-0.463049	-0.956537	0.786762	-0.577097	-0.86419	0.09852	-0.642722	0.680902	0.063613	0.390157	0.904631	0.205522	0.914283	-0.167804	-0.979898	-0.698038	0.993498	
-0.78428	-0.458008	0.941401	-0.424733	-0.724841	-0.920801	0.537207	-0.94291	-0.438885	-0.999793	-0.417648	-0.86057	0.462751	0.957188	0.150336	-0.895028	0.60089	0.188657	0.438444	0.968686	-0.272512	-0.077246	0.737195	-0.666579	0.094154	-0.562775	0.045193	-0.053814	-0.601838	0.969307	0.995991	-0.775161	0.45485	0.366221	0.1407	-0.68437	0.115042	-0.667724	0.122426	0.739285	-0.045824	0.710133	-0.435465	-0.464965	0.16579	-0.909879	-0.168029	-0.432111	0.226337	0.212966	
0.75671	-0.12699	0.50189	0.443332	-0.03935	0.494111	0.942841	0.218039	0.065134	0.519713	0.97861	-0.666596	0.375585	0.376	0.532441	0.510063	-0.763876	0.535639	-0.060157	-0.734714	0.295932	-0.686832	0.563405	-0.759419	-0.234993	-0.40029	0.620413	0.423309	0.99404	-0.458847	-0.827079	0.77903	-0.433958	-0.745038	0.737904	-0.394247	-0.519643	-0.659993	0.465627	0.809931	0.24915	-0.26985	0.397924	0.438694	-0.225336	-0.816855	0.405586	-0.436164	-0.068809	-0.75423	
-0.043071	-0.826619	-0.320989	0.085683	-0.01587	0.128758	-0.5084	0.11374	0.055743	-0.570412	-0.434229	0.993303	-0.226349	-0.169538	0.460641	0.378665	0.634312	0.658232	-0.560591	0.206016	-0.394783	0.62616	0.095636	-0.075319	0.345178	-0.143956	0.202401	-0.285851	0.894167	-0.535986	0.866652	0.959975	-0.541948	0.16476	-0.697575	-0.20067	-0.552172	-0.791747	0.197907	-0.186397	-0.172627	0.975349	0.293214	-0.295691	0.950014	0.247584	-0.44855	0.924265	-0.670579	0.263617	
-0.586826	0.69993	-0.993019	0.209135	-0.392783	0.042227	-0.494829	0.573478	0.602618	0.465252	-0.205936	-0.456195	-0.541491	0.812749	0.8541	0.506014	-0.619567	0.956432	0.920598	0.031028	0.238218	-0.107465	0.818564	0.254778	0.9554	0.450472	0.189915	0.68862	-0.636641	-0.024484	-0.268821	0.250949	0.244484	-0.570007	0.837641	-0.592432	-0.394074	0.804651	-0.004278	0.016976	-0.611147	0.242442	-0.952158	0.868079	0.056029	0.207865	0.393066	0.194981	-0.427433	-0.466698	
-0.548219	-0.728547	-0.401725	-0.433427	-0.561017	0.377799	0.85677	-0.989324	0.520367	-0.159128	0.407438	0.29211	-0.347897	0.964316	-0.168212	-0.55334	0.660157	0.711476	-0.78219	0.148001	0.754656	-0.35444	-0.873556	0.280697	0.661383	-0.599681	0.323659	0.202735	-0.836543	-0.540585	0.247051	0.882217	0.495679	-0.037227	-0.588681	-0.978608	-0.693366	-0.694775	0.135846	-0.330439	-0.226096	-0.571961	-0.809014	0.352618	-0.12929	-0.359403	0.769471	0.102154	0.718741	0.314014	
0.453608	-0.722149	0.178552	0.604419	0.149803	0.672282	-0.939941	0.10292	0.354651	0.288354	0.610532	0.835174	0.143945	0.421951	-0.612184	0.536137	0.923585	0.4346	0.021141	0.949872	0.499139	-0.953452	0.721691	-0.253733	0.372838	-0.369335	-0.499726	-0.947234	0.386428	-0.760144	-0.550078	-0.358912	-0.607629	0.010175	-0.248771	0.807109	0.309312	-0.039528	0.416759	-0.749614	-0.161482	-0.685101	0.384635	-0.142076	-0.027852	0.834795	-0.737636	-0.361972	-0.581282	-0.907728	
0.53085	0.88403	-0.816174	-0.232181	-0.395393	-0.661986	0.643213	0.522087	-0.254356	0.386199	0.616999	-0.813202	-0.218631	-0.510982	0.725246	-0.146832	-0.221155	-0.618031	0.225893	0.285852	-0.614177	0.830987	0.992915	-0.783272	0.539744	-0.015056	0.490556	-0.914918	0.539976	0.828567	-0.948742	-0.077654	0.150419	-0.067189	0.09259	-0.391555	-0.554704	-0.198575	-0.145005	0.059195	-0.875475	-0.696939	-0.500471	-0.405871	0.159957	0.59	-0.57406	0.290932	-0.431929	-0.822844	
-0.549553	-0.130528	0.384263	0.080826	0.38108	-0.622632	0.690421	-0.965797	-0.551655	0.242831	0.374743	0.703963	0.972639	-0.997742	-0.343104	0.358282	0.768372	-0.913607	0.011566	0.378905	-0.159639	0.247642	-0.3607	-0.997885	0.58065	0.666761	0.550489	0.558979	-0.168102	-0.741752	0.297343	0.585745	0.847661	0.189754	-0.736434	0.985825	-0.1912	0.734077	-0.976268	-0.872422	0.012054	-0.343904	-0.080971	0.16973	-0.140737	0.162283	0.29144	0.225797	0.934485	-0.533998	
-0.229056	0.855573	-0.582386	-0.553849	0.110837	-0.714127	0.65446	0.478653	-0.252782	-0.496252	-0.274104	-0.899579	0.365033	0.497105	-0.288531	0.348411	0.739453	0.607786	0.346921	0.959258	0.487498	0.915249	0.924729	-0.824653	0.336513	0.284721	0.239216	0.427139	-0.562645	0.571226	0.571121	-0.077639	-0.215449	0.56665	-0.134117	0.730102	0.614928	0.212801	0.368579	0.644577	-0.044112	0.657728	0.196167	0.038478	-0.998799	0.196535	0.165702	0.717795	-0.576879	-0.127371	
-0.473436	0.230943	0.71017	-0.655635	0.601784	0.992586	-0.56723	-0.630952	-0.572803	-0.448218	-0.512523	-0.713132	-0.090138	-0.505661	0.665292	0.182244	-0.797464	0.874657	-0.648231	-0.808862	-0.223518	-0.82287	-0.773982	0.857755	0.875614	-0.023294	-0.860623	-0.47943	0.087581	0.734465	0.072873	-0.042145	0.536597	0.359164	-0.560074	-0.547387	-0.119615	-0.027153	0.401244	-0.234137	0.708434	-0.329341	0.645079	0.848007	0.364054	0.189641	0.642614	-0.826736	-0.692617	-0.167268	
-0.604135	-0.981738	0.19072	-0.495288	0.073019	-0.676553	-0.921994	-0.801955	0.693445	-0.314964	0.667336	0.987842	-0.102837	0.451808	-0.143667	0.929257	0.642138	0.255928	0.867617	0.501977	0.764621	-0.851502	-0.28292	-0.280428	0.833296	0.375215	-0.06193	-0.509161	0.8771	-0.244542	-0.956688	-0.74904	0.070825	-0.739472	-0.914593	-0.580162	-0.261844	0.245824	0.547348	0.454629	0.218504	0.059803	0.219259	0.58723	0.364998	-0.612706	-0.753076	0.331922	0.022983	0.730323	
-0.575817	-0.952141	0.474186	-0.269189	0.983458	0.879937	-0.93573	-0.663138	0.630005	-0.257387	-0.034699	0.991933	-0.057925	-0.577348	-0.271204	0.686556	0.504592	-0.733394	-0.421179	0.381094	-0.143616	-0.87118	-0.786983	0.076979	-0.190554	0.925749	-0.910866	-0.211875	-0.380457	0.15265	-0.183062	-0.19429	0.773802	0.265597	0.251969	-0.983712	-0.559899	0.376502	-0.836728	-0.46685	-0.918486	0.971646	0.404289	-0.295673	-0.193196	-0.642512	-0.100785	0.260624	0.998251	-0.484808	
-0.423991	0.613627	0.775846	-0.305822	0.338507	0.132525	0.325951	0.579745	0.524951	-0.811946	0.519372	-0.475606	-0.333734	-0.016931	-0.634955	0.366468	-0.049954	0.58472	0.011995	0.587115	0.555225	0.810098	0.701412	-0.727275	-0.366643	-0.052117	0.804508	0.047797	0.205376	-0.696294	0.336867	0.410083	-0.752638	0.186667	-0.065525	-0.557995	-0.041493	-0.773264	-0.984254	0.613162	-0.147386	-0.41468	0.762429	0.730628	-0.811768	0.624067	0.226375	0.491624	-0.509618	-0.031211	
-0.984287	-0.800337	-0.196225	0.068759	0.646609	0.12602	0.115425	0.303784	0.295479	0.235336	0.666422	0.720534	-0.003252	0.341137	0.21729	0.012562	0.157262	0.456905	0.51334	-0.473839	0.790051	0.307992	0.396204	-0.117769	-0.241968	-0.159542	0.739667	0.160833	0.097408	-0.637836	0.524779	0.892505	-0.168769	-0.429319	-0.122497	0.380741	0.852693	-0.458183	0.684299	-0.913075	-0.308145	0.978771	-0.563023	-0.070894	-0.804266	0.128664	-0.93832	-0.132459	-0.263049	0.791876	
0.583608	0.623616	0.482903	-0.343908	0.492383	0.296227	-0.542245	-0.481983	-0.047953	-0.983451	-0.967141	-0.439351	-0.292309	-0.491228	-0.269326	0.086776	0.867416	-0.387097	0.528931	-0.854095	0.61337	0.412102	0.814787	0.518314	0.420173	-0.395456	-0.053097	-0.495132	-0.524989	-0.460493	-0.750582	-0.881006	0.046942	-0.407307	-0.185244	0.179689	0.075327	-0.495301	-0.409883	-0.932552	-0.068863	0.612376	0.519273	-0.365302	-0.255111	0.704175	0.944776	-0.717404	0.036649	0.687146	
0.744769	-0.835594	0.087095	-0.35373	-0.719229	-0.574566	-0.394389	0.157182	-0.544261	-0.303516	-0.368616	-0.81139	0.373926	-0.427301	0.732512	-0.315871	-0.97708	0.416592	0.849264	0.453781	-0.650393	-0.081194	0.411466	0.011398	0.933812	0.691534	0.38379	-0.057061	0.89668	0.690246	0.93711	0.128626	0.412073	0.907913	0.070831	-0.436206	0.747661	-0.448206	0.179008	-0.541843	-0.550791	0.281635	-0.268644	0.01742	-0.886578	0.202244	-0.607537	-0.448383	0.386986	0.972679	
0.49567	-0.637098	-0.568964	0.783715	-0.059248	-0.942866	-0.264163	0.132521	0.124316	-0.698221	-0.572042	0.624203	0.590897	0.251591	0.184562	-0.083809	-0.328664	0.955155	-0.655294	-0.651814	0.956141	-0.722597	0.056154	0.375076	0.017047	0.314526	-0.694821	-0.624182	0.195271	0.92553	-0.684908	-0.746978	0.268744	0.8167	0.32256	-0.834072	-0.035979	0.927101	0.100569	-0.767588	-0.743146	0.781348	0.386324	0.779924	0.926269	-0.144779	0.91928	0.998141	-0.536267	-0.731102	
0.047907	0.3065	-0.453316	-0.659929	0.27735	0.600576	0.191097	-0.969952	-0.091305	0.775454	0.401942	0.020026	-0.024556	0.324659	-0.458912	0.432719	-0.125945	-0.363877	-0.173483	-0.42599	0.850813	-0.879294	-0.596322	0.902038	0.075979	-0.55053	-0.246362	-0.429738	0.522977	0.471456	-0.98652	0.113542	-0.067775	-0.156929	-0.513619	0.275239	0.980834	0.340016	0.234009	-0.641275	-0.434052	-0.646943	0.622794	0.412706	0.974572	0.210295	0.86939	-0.211179	0.381849	0.811195	
0.860279	0.837021	0.06442	-0.368084	0.422818	0.657793	0.127238	-0.726897	0.913095	0.152378	0.517709	0.571196	0.447966	-0.052747	-0.379109	-0.605307	0.314063	0.033677	-0.073871	-0.972106	-0.697255	0.646691	-0.35648	0.113789	-0.484973	0.393795	-0.478365	-0.035446	0.87236	-0.924351	-0.807308	0.774231	-0.047668	0.434995	-0.27764	0.173359	-0.411289	0.849827	0.27408	0.026312	-0.42686	0.628739	0.804293	-0.204079	0.864603	-0.899826	0.890802	-0.282857	-0.086605	-0.925143	
0.626798	0.784212	-0.201083	-0.953859	-0.85633	-0.231743	-0.688864	0.668915	-0.223607	-0.845107	-0.987402	0.424242	0.049316	0.083477	0.919301	-0.555104	-0.299663	0.590711	0.98562	0.134113	0.629971	-0.291031	-0.256374	0.480229	0.730662	-0.870959	-0.509423	-0.184161	0.705142	0.398286	-0.300414	-0.327671	-0.398987	0.627312	0.207156	-0.908982	0.879435	0.694688	0.173041	0.19472	-0.650261	-0.242379	0.726296	-0.518497	-0.24318	0.514132	-0.623558	0.234021	0.905159	0.048002	
0.126557	0.623093	-0.998786	0.105539	0.28913	-0.674566	-0.807984	-0.712464	-0.680168	-0.414091	-0.394423	0.664127	-0.632584	0.97949	-0.350179	-0.324695	-0.136479	-0.025979	0.526487	0.210373	0.629874	0.377096	0.768058	-0.293284	0.722598	0.271395	-0.330027	-0.490202	-0.535888	0.65143	0.311629	-0.423805	-0.804641	-0.03592	0.322357	-0.841333	0.460152	-0.023587	-0.867935	0.535937	0.411632	0.962563	-0.030194	-0.639534	-0.527684	0.088091	-0.381129	0.087767	0.438802	0.882794	
-0.756811	0.040019	0.519379	-0.587072	0.820286	-0.81664	-0.633661	0.506763	-0.793169	0.82992	0.801483	0.549052	-0.390147	-0.120934	-0.618019	-0.838562	-0.477118	0.143598	0.199186	-0.747097	-0.341865	-0.717097	-0.315752	0.233237	0.350828	-0.593372	0.852767	0.275706	0.221592	0.582957	0.498815	-0.268254	0.298114	0.634417	0.106429	0.216704	-0.489334	-0.595865	-0.442666	-0.155466	0.592334	0.174457	-0.164326	-0.071269	-0.754184	-0.654189	-0.0745	0.043218	-0.229899	-0.157242	
-0.884617	-0.671328	-0.598983	-0.373433	-0.619213	-0.51261	-0.932599	0.664468	0.968446	0.338822	-0.718316	-0.641775	0.248563	-0.05819	0.545682	0.240176	0.887929	-0.233859	-0.051851	0.928207	0.542563	0.987665	-0.03937	-0.647629	-0.242468	0.121659	-0.401106	-0.240736	0.482253	-0.370086	0.112206	0.220171	-0.93313	-0.515778	-0.728198	0.488421	-0.519436	0.795441	-0.448681	-0.159297	-0.915021	0.92157	-0.98916	0.178444	0.791363	-0.22339	0.332218	-0.355633	-0.265252	-0.541101	
0.74736	0.927655	-0.589137	0.894732	0.382791	0.598031	-0.046991	-0.562049	-0.098328	0.270236	-0.104362	0.538273	0.324211	0.049045	-0.020327	0.862396	0.695694	-0.981739	0.617939	-0.94571	-0.727656	-0.727741	0.695228	0.49655	0.608824	0.856922	-0.17792	0.069894	-0.017119	-0.169072	-0.797379	0.231259	-0.664699	-0.096628	0.574802	-0.080355	0.866798	-0.149991	0.201706	-0.378272	-0.864124	0.409516	-0.390337	0.491708	0.708945	-0.731552	-0.466591	0.561142	-0.132521	0.457406	
-0.736517	-0.364319	0.323763	0.109949	0.230182	0.433996	0.335541	-0.645539	-0.634907	-0.797214	-0.100638	0.788576	0.103653	0.081416	-0.95577	-0.812448	0.298679	-0.529691	0.922175	-0.970819	0.934603	0.779539	-0.24485	0.793149	-0.536551	-0.631317	0.188302	0.459926	-0.034827	0.723977	0.263491	0.27173	0.037917	-0.621678	0.874788	-0.407338	0.172369	0.365808	-0.010308	0.252246	-0.214782	-0.067138	0.140503	-0.355578	0.376246	-0.270654	0.911557	-0.738421	0.248199	0.892178	
-0.620905	-0.17607	0.480156	0.739687	-0.63454	0.264604	-0.841673	-0.829295	0.294135	-0.163207	-0.690887	0.086158	-0.793153	-0.969353	0.443996	0.118229	0.593042	-0.487362	-0.686687	0.146365	-0.731151	-0.997208	0.169948	-0.568968	0.041308	-0.252434	-0.082471	-0.523007	0.391565	0.274118	-0.118872	-0.471698	-0.900932	0.534923	-0.170695	0.723009	-0.521212	0.7189	0.824154	-0.768519	-0.103987	-0.925073	-0.834625	-0.138212	0.870482	0.504778	-0.254366	-0.331808	-0.511155	0.817759	
0.114937	-0.479927	-0.059123	-0.867478	0.323318	-0.649911	-0.47459	0.96192	-0.89958	-0.279002	0.193421	0.518653	-0.015843	0.311144	0.986046	0.440938	0.769073	0.691228	0.64338	-0.729389	-0.663046	-0.578639	-0.105115	0.567865	0.196802	0.001014	-0.132057	-0.330579	0.805557	-0.683681	0.652015	0.03529	0.522986	0.2053	-0.153368	0.014831	0.010774	-0.013862	-0.736187	0.398091	0.509282	-0.207413	0.944222	0.811777	-0.834938	-0.15586	-0.894834	0.286612	-0.926544	0.618576	
-0.417355	-0.377103	0.137928	-0.179597	-0.181854	-0.867994	-0.164229	0.700606	0.442476	-0.35165	0.704838	-0.82713	-0.48182	-0.819842	-0.481654	0.414664	0.260108	-0.831201	-0.298636	-0.139323	0.261975	-0.249965	-0.519707	-0.872176	0.568657	0.858472	-0.025449	-0.386745	0.140674	0.214057	0.059736	0.407246	0.172502	-0.957582	-0.450673	-0.430382	-0.488307	-0.706828	-0.38691	-0.606161	0.312691	0.578878	-0.85319	0.949092	-0.473313	-0.91591	0.950343	-0.417314	0.823374	0.807235	
0.920226	-0.02957	-0.30051	-0.697525	-0.657338	0.916466	0.330082	0.033873	-0.444074	-0.800484	0.695213	-0.418085	-0.179814	0.771997	-0.198847	0.410173	-0.449898	-0.710843	0.309663	0.332728	0.644817	-0.206125	-0.910588	-0.591027	-0.656501	-0.820304	0.537529	0.381954	0.894143	-0.753394	-0.891902	-0.65831	-0.75538	0.539795	0.205998	0.773717	-0.119417	0.117287	-0.081815	0.697571	-0.963742	0.344037	-0.198107	0.674292	-0.125857	-0.995987	0.883288	0.870697	-0.750791	0.220984	
0.687416	0.322056	-0.894181	-0.108464	0.281947	-0.868786	-0.60437	0.482335	-0.066231	0.450154	0.974966	0.87098	0.146693	0.043079	-0.921557	-0.867822	-0.400305	0.243404	-0.232774	0.561945	0.601314	-0.957168	-0.10479	0.050912	-0.406533	-0.836267	-0.476516	-0.889483	-0.227075	-0.479259	-0.254834	-0.482958	-0.211533	-0.547571	0.370599	0.753509	0.661682	0.06123	-0.439413	0.651301	-0.97243	0.148942	-0.195796	-0.943314	-0.667602	-0.33991	-0.983298	0.808958	0.484347	-0.152859	
-0.669044	-0.596244	0.961099	-0.871532	0.41785	0.612253	-0.749943	0.408947	-0.204943	-0.698039	-0.516959	-0.918838	0.465466	0.002499	0.802017	-0.701923	-0.212614	-0.919145	0.470236	0.639519	0.674185	0.254178	0.366717	-0.774319	-0.077494	0.055036	0.926635	0.078568	-0.187605	-0.011353	-0.005275	-0.048963	0.829415	-0.479233	-0.80038	0.551647	0.441078	0.976716	-0.251943	0.516286	0.71201	0.631516	0.574185	-0.171935	0.743961	-0.775915	0.923133	0.765554	-0.494611	0.149591	
-0.641604	0.319466	0.305712	0.266668	0.501763	0.296178	-0.432189	-0.955564	0.797005	-0.108813	0.361062	-0.112742	0.628258	0.165115	-0.762736	0.296452	-0.064075	0.677229	-0.108644	-0.836364	0.392701	-0.206313	-0.824448	0.762858	-0.055632	0.413309	0.962973	0.417064	0.222106	0.007583	0.449672	-0.093906	-0.332744	-0.540444	-0.843553	-0.419646	-0.150256	-0.6727	0.606847	-0.977851	0.149554	0.004997	-0.667604	-0.545367	0.484849	0.125944	-0.512697	0.227393	-0.990054	0.719829	
0.00784	0.606811	0.243031	0.382977	0.008924	0.965581	-0.505814	-0.24178	0.17201	-0.728304	0.428946	-0.950683	0.572753	-0.586466	-0.612792	0.99859	0.890368	-0.824064	-0.130011	-0.61333	0.901575	-0.955439	-0.581205	-0.555581	-0.325819	0.572585	-0.889502	0.777129	0.338999	0.56781	0.782318	-0.215125	0.818184	0.490366	0.865538	-0.578382	-0.873808	0.727075	0.181818	0.354806	0.781407	0.430807	0.778533	0.087432	-0.216967	-0.864744	-0.700131	-0.92309	0.895646	0.525574	
-0.099672	-0.923665	-0.268973	-0.508347	0.519987	-0.148338	-0.210015	-0.023224	-0.995016	-0.500146	0.630005	0.859121	0.199894	0.488915	-0.980294	0.61645	-0.737942	0.555659	0.339333	0.53931	-0.323205	0.65723	0.101586	0.703932	-0.370977	-0.376601	-0.454811	-0.367893	-0.93829	0.249783	0.274324	0.14014	-0.378513	0.598093	0.108945	-0.438269	-0.144423	-0.063166	-0.260745	0.160583	-0.546259	0.794834	0.43423	-0.184441	-0.069088	-0.213906	-0.492088	-0.845196	-0.002423	0.719406	
-0.684153	0.195038	-0.689784	-0.734761	0.319745	-0.651885	0.923331	-0.091825	-0.034315	-0.161419	-0.582938	0.868453	0.047295	0.694567	-0.351878	-0.015579	-0.48593	0.59075	-0.002257	-0.054931	-0.747918	-0.100198	-0.864891	0.977367	-0.370417	0.225904	0.028825	0.574259	0.219911	-0.295783	-0.315911	-0.646906	-0.200513	0.280873	0.641109	-0.041174	-0.001657	-0.192302	-0.376869	-0.936051	-0.821205	-0.605871	-0.256548	0.93085	-0.529797	-0.50375	-0.480994	-0.47114	-0.453068	-0.612273	
-0.159242	0.863809	-0.084728	0.273416	-0.724669	-0.38639	-0.85704	0.856516	0.637271	-0.977114	-0.387544	0.323647	-0.683098	-0.321214	-0.903548	-0.333098	0.61067	-0.674896	0.270979	-0.601996	0.636849	0.402817	-0.85636	0.715496	-0.175155	0.445302	0.71012	0.532032	0.581424	0.400119	0.534694	0.519616	0.95339	0.588454	0.411106	-0.291792	0.350961	0.614294	0.214821	-0.305801	-0.345465	0.699966	-0.449486	0.345795	-0.2957	0.187867	-0.96661	-0.388806	-0.166401	0.283332	
0.559656	0.486935	0.592832	-0.307144	-0.520727	0.160239	-0.733012	-0.834254	0.882962	-0.886446	-0.186419	0.573073	-0.904946	-0.971683	-0.438005	0.213284	0.89109	0.243062	-0.141301	0.74931	0.602131	0.100453	0.607313	-0.350858	-0.048014	-0.379641	-0.188923	-0.701876	-0.537459	-0.88336	-0.873086	0.854819	0.677173	-0.378266	-0.666626	-0.882159	-0.114242	-0.595611	0.066706	-0.536177	-0.034671	-0.464596	-0.291283	0.828807	0.413842	0.4303	-0.865844	0.843079	0.947847	0.953611	
-0.831656	0.044672	-0.452193	-0.718595	0.544995	0.180245	0.291117	-0.925352	0.175657	-0.677834	0.799076	-0.244656	0.817935	0.636433	0.061374	0.237212	-0.073708	0.878564	-0.778381	0.36271	0.263403	0.067518	0.934922	-0.840948	0.510467	-0.441625	0.959612	-0.342316	0.289444	0.308621	0.836275	0.383747	-0.618681	-0.835872	0.571526	0.133279	0.288209	-0.543577	0.018811	-0.255927	0.918948	-0.108412	-0.780932	-0.559297	0.950496	0.454353	-0.721827	0.083739	0.270696	-0.179053	
-0.187841	0.821597	0.4104	-0.899338	0.861223	-0.6672	0.630106	0.533447	0.520134	0.018964	0.334278	0.426491	-0.94315	0.179834	0.308779	-0.648891	-0.432251	0.276876	-0.885668	-0.338331	-0.152337	-0.385394	-0.182672	0.459569	0.370401	0.593254	-0.397784	-0.077708	0.491246	-0.531218	-0.915417	0.824664	0.318705	-0.092358	-0.342129	-0.852608	-0.579484	-0.566834	-0.43809	0.983495	-0.716813	0.723056	0.271924	-0.844129	0.170575	-0.777199	0.979365	-0.039543	0.349275	0.096857	
-0.404394	-0.987964	0.556874	0.033953	0.534043	-0.107812	-0.070593	-0.204056	-0.00228	0.840199	0.857165	-0.86177	0.852557	-0.257532	-0.077412	0.913403	-0.210724	-0.612112	0.389725	0.946352	0.349798	0.370269	0.094818	-0.534354	-0.603632	-0.228217	0.167834	0.261584	0.711775	-0.093812	0.439808	0.992878	-0.085339	-0.903525	0.260617	0.2481	0.428813	0.445375	-0.668435	-0.446656	-0.557787	0.510891	-0.198762	-0.43569	-0.167585	0.080091	0.421496	-0.772743	-0.631808	0.730613	
0.735117	-0.714456	-0.454662	0.641423	-0.49506	0.588066	0.655011	0.879595	-0.036172	-0.602864	-0.759524	0.95933	0.703084	-0.608193	0.502503	-0.379291	-0.420428	-0.304883	-0.050865	-0.444167	-0.602763	-0.234047	0.456887	0.195387	-0.29946	0.432709	-0.776878	0.293841	-0.818797	0.735984	-0.530968	0.787113	-0.912339	-0.252967	-0.600902	-0.395435	0.354008	-0.611864	-0.055384	0.935215	-0.665232	-0.245339	0.665146	0.072797	-0.701264	-0.448265	0.987058	-0.062975	-0.286443	-0.267816	
-0.805162	0.518296	0.122495	-0.777134	-0.184348	0.93799	-0.928245	0.917917	-0.586476	-0.729765	-0.048227	-0.179753	-0.729305	-0.484929	-0.930633	0.117982	-0.523884	-0.394783	-0.375078	-0.865415	-0.754728	-0.758471	-0.023118	-0.89691	-0.916194	-0.482057	-0.444172	-0.700562	-0.829221	0.04718	-0.839208	0.171593	0.360342	0.018109	-0.895864	0.470827	-0.52735	-0.127127	0.769889	-0.311752	-0.129717	0.252025	-0.050782	0.979849	0.966244	-0.463164	0.619326	-0.243578	-0.933355	-0.554862	
0.534856	-0.262074	0.955217	-0.427086	0.625138	0.146363	0.955519	-0.664473	0.391626	0.240733	-0.791141	0.783054	-0.503219	0.288347	0.28386	0.717795	-0.67902	0.643448	-0.68763	-0.429377	-0.733244	-0.912326	0.338447	-0.748845	0.901937	-0.5445	0.699809	-0.810825	-0.081102	0.89905	-0.854187	-0.562816	-0.220754	0.30662	-0.390947	0.722516	-0.439058	-0.04313	-0.56733	-0.281966	0.269611	0.462164	0.922277	0.898293	0.031429	-0.591514	-0.723715	-0.352155	0.517106	0.163732	
-0.107402	0.286145	-0.193854	-0.299419	-0.219182	-0.442907	0.486676	0.823927	0.138589	-0.156527	-0.045713	-0.642532	0.139584	0.647355	0.159871	-0.721206	0.585852	0.312402	-0.0389	-0.770209	0.805156	0.588082	0.236402	-0.84898	-0.220763	0.829177	-0.276508	0.093364	0.158015	-0.2667	-0.647143	-0.03564	0.021828	-0.564399	-0.630661	-0.570093	0.018552	0.771597	-0.529312	0.268709	-0.890184	0.376353	0.502438	0.134699	0.230601	-0.531289	-0.997057	0.68666	0.436909	-0.21679	
-0.993208	0.670532	0.905715	-0.341718	0.760244	-0.633014	-0.382292	-0.73192	-0.191061	0.534263	-0.716144	-0.54573	-0.766489	-0.844612	-0.824308	-0.946317	-0.544191	0.050405	-0.820275	0.798788	0.692128	0.974834	-0.267514	0.845892	-0.0739	-0.580487	0.167411	-0.057091	0.873332	0.199653	-0.400448	-0.791434	-0.050205	-0.299005	-0.079346	-0.551022	-0.269634	-0.935977	-0.580733	-0.622286	-0.702914	0.451803	0.868221	-0.069898	-0.884055	0.631726	0.973109	0.049771	0.548186	0.179762	
0.965816	-0.053121	-0.459528	-0.483195	0.073814	-0.884119	0.851773	-0.060735	-0.966863	-0.466479	0.567185	-0.453452	0.238802	0.867439	0.490531	0.807775	-0.931336	-0.767345	-0.503465	-0.876839	0.759159	0.238922	-0.014629	0.20338	0.033707	0.409506	0.974836	0.102386	-0.274439	-0.104467	-0.828821	0.158859	0.112687	0.100095	-0.089628	0.810735	0.374841	-0.245846	0.467584	0.393283	0.554949	0.939329	0.571932	-0.686987	-0.76186	-0.714742	0.641479	0.286744	0.152114	-0.954579	
-0.835504	-0.37742	0.13992	0.346963	-0.441811	0.251642	0.304165	0.588266	-0.192856	0.321443	-0.088569	-0.570841	0.700307	-0.084074	-0.383528	-0.023434	0.399289	-0.054927	0.005376	0.766757	-0.225595	-0.60605	0.794566	0.465338	-0.209443	-0.998693	0.898132	-0.234259	0.888456	-0.16735	0.272109	0.073507	-0.024641	0.249623	-0.15119	-0.989173	0.019904	0.622573	-0.963536	-0.77835	-0.606086	0.399447	0.649481	0.247481	-0.441985	-0.641183	-0.883981	-0.623924	-0.614831	0.404582	
0.963805	-0.546799	0.425752	-0.658456	0.544815	0.581562	-0.503942	0.258019	0.009772	-0.681794	0.338513	0.383963	0.14462	-0.893773	0.393202	0.847482	-0.053825	0.364484	-0.11585	-0.913315	-0.660048	-0.302175	0.125709	-0.04902	-0.656018	-0.718641	-0.849294	0.322633	0.939052	0.470615	-0.152519	-0.288657	0.365984	0.094194	-0.06764	0.111041	-0.943126	0.98346	0.776922	0.194809	-0.511088	0.789351	-0.125529	0.048011	-0.506077	0.960106	0.205533	-0.159977	0.949965	0.991696	
-0.322299	-0.659125	-0.975575	-0.186653	0.109365	-0.778357	-0.879194	-0.750377	-0.753417	0.158753	0.26708	-0.853552	0.861188	-0.951264	-0.995053	-0.909431	0.099825	0.116376	-0.697061	0.410627	0.786948	-0.29697	0.884484	-0.713467	-0.169764	-0.023858	0.424965	-0.990047	0.245308	-0.066677	0.70294	0.81837	-0.472594	-0.544888	-0.405191	-0.082706	0.931886	0.037738	0.009563	0.520808	-0.453713	0.571176	0.041982	0.664227	-0.821566	0.881341	-0.645302	-0.812953	-0.380835	0.436643	
-0.165325	0.066723	0.812385	-0.214487	0.797545	0.088234	-0.143135	-0.688793	0.613952	-0.398993	0.019464	-0.620274	-0.68146	0.585059	0.94707	-0.454983	0.378946	0.468107	-0.468252	-0.315813	0.588233	0.978832	0.089397	0.681637	-0.766167	-0.708521	-0.06767	0.53563	-0.407501	-0.824227	0.660401	-0.609363	-0.476606	-0.179838	-0.906812	0.914458	-0.967658	-0.292475	0.233865	-0.997204	-0.721507	-0.931449	-0.223098	0.273576	0.576541	0.438154	0.821355	-0.058941	0.375987	0.96861	
-0.75154	-0.726316	-0.863756	0.51202	0.018395	0.837907	-0.40065	0.757095	-0.13046	0.469285	-0.956037	-0.880277	-0.890007	-0.747477	-0.117366	-0.403573	0.908269	-0.233802	-0.979559	-0.292552	-0.533503	-0.708043	0.175767	-0.890686	-0.064297	-0.021744	0.757645	0.794781	0.318651	0.685684	0.26737	0.344734	0.325456	-0.268299	-0.05571	0.845187	0.650219	-0.081319	-0.357903	-0.421399	0.750008	0.240331	-0.149106	0.920324	0.259882	0.360341	-0.064774	-0.650841	0.898513	-0.401886	
0.798747	0.257076	-0.200377	-0.019473	-0.914994	-0.404783	0.939705	-0.407935	0.155228	-0.381538	-0.943751	0.474818	0.140564	-0.404182	0.024495	-0.214924	-0.267826	-0.714491	0.94097	-0.96219	0.867931	-0.858862	0.023031	-0.523643	0.06426	-0.238958	0.838773	0.172046	-0.275771	-0.87738	-0.920833	0.358197	0.876664	0.159752	-0.847554	0.858409	0.009927	-0.189603	-0.119513	-0.03956	-0.474616	0.834802	-0.335152	-0.756736	0.064104	-0.090738	-0.512409	0.471328	0.384518	-0.312396	
-0.199653	-0.187895	0.689762	0.799708	0.197807	0.553281	-0.556093	0.145094	0.682359	-0.777948	0.810029	0.229373	0.015972	0.506533	-0.238753	0.700753	-0.810483	0.866638	0.494993	0.918141	0.25719	0.286896	0.460942	-0.654861	0.129925	-0.002979	0.123296	0.103973	-0.486682	0.83453	0.411081	0.378489	0.09506	-0.628985	0.764481	-0.27753	0.871742	0.74487	0.284124	-0.897633	0.797841	0.02027	0.005984	0.067084	-0.021661	0.42048	0.986829	-0.099098	0.196738	0.753597	
0.155251	0.887459	-0.50788	-0.979911	-0.579555	-0.105563	-0.10488	-0.531788	-0.007351	0.547628	-0.976164	0.706551	0.512543	-0.783828	-0.148915	0.363356	-0.268709	0.651914	-0.5917	0.31634	-0.450215	0.126875	-0.555016	-0.965032	-0.182501	0.259395	-0.391724	0.713992	-0.11003	0.130659	-0.063754	0.173056	-0.003942	-0.592399	0.724137	0.729857	0.063838	-0.61359	-0.297613	0.694941	-0.918651	0.817147	-0.484066	0.472194	-0.76557	0.980428	-0.057185	-0.593986	-0.521295	0.209618	
0.026918	0.027445	0.014676	0.000634	0.015363	0.030979	0.005309	0.011109	0.030333	0.006993	0.018866	0.002911	0.026864	0.008573	0.02056	0.018051	0.032765	0.028429	0.033547	0.028363	0.016085	0.034407	0.012103	0.010961	0.018048	0.025604	0.032347	0.021232	0.004158	0.035521	0.009823	0.027061	0.027159	0.003767	0.023399	0.031027	0.012574	0.030099	0.014849	0.030455	0.029538	0.013649	0.025258	0.01316	0.010799	0.000484	0.029477	0.033846	0.003998	0.030424	
0.022595	0.013919	0.020538	0.042633	0.01907	0.026198	0.010615	0.009043	0.02573	0.012967	0.00472	0.024781	0.040259	0.003026	0.014737	0.005278	0.007525	0.010197	0.000409	0.042273	0.00513	0.018026	0.043245	0.025245	0.03987	0.014	0.029545	0.012308	0.022976	0.013646	0.001287	0.024849	0.010482	0.014212	0.016318	0.015879	0.011738	0.003847	0.018175	0.023222	0.024485	0.043121	0.02172	0.028941	0.04161	0.006984	0.019485	0.041699	0.036387	0.015055	
0.013496	0.018845	0.0331	0.016249	0.027354	0.027581	0.02376	0.015731	0.014759	0.015825	0.009474	0.029744	0.017592	0.001888	0.032334	0.011469	0.00101	0.006347	0.03343	0.034114	0.024867	0.011168	0.021563	9.2e-05	0.008861	0.002608	0.038293	0.030903	0.012652	0.025132	0.010311	0.02584	0.025192	0.010078	0.036547	0.020191	0.039817	0.03587	0.032009	0.026651	0.002719	0.005837	0.005697	0.0176	0.020876	0.035482	0.010966	0.032745	0.030858	0.014473	
0.012751	0.009084	0.017917	0.037392	0.031561	0.02874	0.00065	0.001943	0.010743	0.025171	0.01473	0.006361	0.018062	0.025792	0.029316	0.019275	0.016154	0.018516	0.03514	0.010919	0.018073	0.022247	0.026123	0.006267	0.005682	0.015644	0.025795	0.016822	0.02576	0.03743	0.033756	0.010588	0.009543	0.008193	0.02173	0.018675	0.032444	0.012218	0.03532	0.005907	0.032585	0.025678	0.023428	0.020061	0.02564	0.013202	0.000438	0.032322	0.037633	0.030579	
0.015191	0.031331	0.045513	0.037685	0.042501	0.013912	0.007442	0.006516	0.031185	0.024421	0.009032	0.001385	0.030326	0.042389	0.033733	0.018459	0.02162	0.000717	0.03603	0.024097	0.005946	0.011986	0.014971	0.002664	0.017259	0.013462	0.011438	0.018982	0.007761	0.01073	0.005085	0.016063	0.04399	0.042933	0.016862	0.039314	0.000761	0.016894	0.022557	0.011007	0.005166	0.004279	0.03352	0.044774	0.034214	0.041891	0.007333	0.00144	0.006552	0.016681	
0.015003	0.029052	0.009424	0.035394	0.028683	0.02439	0.025431	0.010849	0.033977	0.013342	0.030626	0.033702	0.00641	0.020366	0.03459	0.034363	0.019603	0.023604	0.026826	0.010139	0.001537	0.014774	0.003041	0.027361	0.003713	0.026719	0.0074	0.030868	0.003459	0.020885	0.023888	0.020074	0.033204	0.002819	0.008958	0.022522	0.032816	0.009157	0.004515	0.024831	0.01837	0.032626	0.033319	0.009501	0.021848	0.001027	0.019352	0.030862	0.028651	0.016129	
0.029388	0.023345	0.030447	0.020761	0.018134	0.033067	0.016152	0.017987	0.006658	0.011228	0.003278	0.01032	0.003353	0.023935	0.014564	0.014133	0.019655	0.001872	0.009316	0.03782	0.027656	0.020565	0.002643	0.028143	0.018386	0.008491	0.02048	0.027947	0.024919	0.010274	0.006025	0.03367	0.007494	0.013773	0.004445	0.020847	0.012524	0.03528	0.00122	0.022957	0.03733	0.03735	0.032627	0.012718	0.029425	0.037732	0.034902	0.024864	0.032906	0.026994	
0.018831	0.028435	0.03651	0.028198	0.002399	0.014155	0.025023	0.011019	0.016245	0.002846	0.035773	0.001596	0.004804	0.002415	0.017665	0.036125	0.030798	0.034633	0.023448	0.033214	0.03396	0.011722	0.029877	0.029687	0.011406	0.02191	0.018195	0.013062	0.019157	0.021856	0.022708	0.008347	0.003674	0.017828	0.003901	0.02858	0.010537	0.032516	0.022083	0.013672	0.028607	0.017317	0.015681	0.02957	0.017349	0.008587	0.012565	0.024432	0.030432	0.03665	
0.018858	0.00343	0.044496	0.013556	0.016922	1.5e-05	0.002767	0.045206	0.012805	0.034703	0.026126	0.046434	0.01293	0.026844	0.026837	0.010179	0.005621	0.024925	0.028134	0.039297	0.035932	0.031423	0.00089	0.003593	0.007182	0.008416	0.032678	0.018533	0.005576	0.034443	0.021551	0.003181	0.0014	0.042896	0.016203	0.000743	0.022894	0.014495	0.032151	0.014367	0.013927	0.023336	0.017876	0.036624	0.023239	0.003847	0.039569	0.003868	0.021538	0.027544	
0.001845	0.011555	0.033903	0.020092	0.020408	0.022505	0.020736	0.006151	0.033156	0.025934	0.014426	0.010938	0.026541	0.016384	0.010236	0.028727	0.02739	0.000545	0.020517	0.006908	0.015932	0.016989	0.039369	0.006979	0.038491	0.031863	0.011627	0.013772	0.033879	0.026402	0.016191	0.041115	0.027449	0.0148	0.012408	0.023019	0.007629	0.019744	0.034421	0.029279	0.025345	0.006183	0.017127	0.030685	0.004111	0.031382	0.018934	0.008161	0.028161	0.009656	
0.034561	0.015931	0.020406	0.014685	0.005328	0.02793	0.005479	0.037471	0.038607	0.016307	0.036314	0.033194	0.006898	0.025271	0.019567	0.031044	0.026107	0.038427	0.004843	0.030782	0.006898	0.022049	0.032926	0.002442	0.021548	0.013431	7.8e-05	0.022262	0.017748	0.009871	0.000538	0.034707	0.028487	0.030975	0.002779	0.027381	0.036738	0.009176	0.031214	0.015028	0.022939	0.005645	0.033383	0.021325	0.034199	0.016906	0.006548	0.010142	0.002352	0.011133	
0.003158	0.031713	0.010648	0.028869	0.031129	0.007714	0.024802	0.001465	0.037946	0.025693	0.011268	0.026291	0.032559	0.032353	0.043009	0.008946	0.006981	0.009118	0.030664	0.029706	0.018405	0.021878	0.033034	0.016094	0.005063	0.044906	0.044471	0.010462	0.021878	0.014762	0.011286	0.031229	0.023753	0.043075	0.037031	0.002481	0.017293	0.004551	0.004168	0.014795	0.002781	8.4e-05	0.032564	0.007147	0.00624	0.006215	0.00817	0.041592	0.039925	0.000635	
0.037136	0.026474	0.007198	0.002102	0.019169	0.005301	0.029625	0.005361	0.021346	0.030339	0.011682	0.000803	0.000609	0.017471	0.020268	0.00161	0.03604	0.008748	0.029626	0.02027	0.023455	0.04149	0.011857	0.037565	0.037584	0.008218	0.034869	0.042722	0.001518	0.020283	0.002897	0.037601	0.037263	0.018446	0.008322	0.021688	0.013728	0.042178	0.025938	0.002826	0.000314	0.016553	0.032131	0.030435	0.032072	0.012404	0.041332	0.004164	0.023889	0.00508	
0.008394	0.03086	0.014437	0.003389	0.036755	0.00291	0.036416	0.004815	0.032741	0.004585	0.011482	0.029967	0.003473	0.011162	0.042667	0.022417	0.031704	0.037543	0.017563	0.021041	0.009428	0.002937	0.004933	0.03946	0.004355	0.00464	0.02855	0.001356	0.021198	0.032045	0.013703	0.035924	0.039909	0.004338	0.018243	0.038898	0.028921	0.026971	0.035654	0.016718	0.036187	0.019763	0.004977	0.036817	0.017692	0.007492	0.031788	0.006972	0.012615	0.013195	
0.033091	0.035532	0.025426	0.014842	0.037387	0.012155	0.019975	0.033949	0.027091	0.036886	0.021141	0.004368	0.013472	0.003489	0.022514	0.019048	0.018325	0.032963	0.026842	0.014472	0.025841	0.032777	0.01536	0.024258	0.030124	0.01172	0.021147	0.008532	0.021624	0.003217	0.001892	0.013953	0.00324	0.02938	0.031943	0.030949	0.000699	5.2e-05	0.011203	0.024929	0.008381	0.026653	0.030383	0.036557	0.013334	0.027238	0.021303	0.007838	0.020975	0.01153	
0.035413	0.019164	0.021629	0.019657	0.032707	0.023772	0.025867	0.01568	0.008804	0.030341	0.007211	0.00753	0.008637	0.029731	0.03944	0.027148	0.010878	0.028238	0.00672	0.037308	0.01701	0.00458	0.026627	0.009379	0.019933	0.036635	0.023569	0.00053	0.0157	0.021486	0.000804	0.013304	0.022086	0.026451	0.003604	0.014556	0.000919	0.039818	0.015551	0.012439	0.017173	0.022151	0.040425	0.001607	0.02759	0.019397	0.034614	0.022095	0.023931	0.030161	
0.020235	0.024593	0.036832	0.025795	0.034107	0.010035	0.012403	0.034206	0.016219	0.033642	0.031713	0.016012	0.024178	0.013024	0.000564	0.00562	0.009478	0.009462	0.023748	0.02481	0.014108	0.037282	0.016995	0.025223	0.017841	0.036852	0.023804	0.011444	0.017184	0.001208	0.025628	0.024086	0.007893	0.038364	0.011217	0.000728	0.03531	0.012859	0.019658	0.028057	0.032646	0.035869	0.004797	0.025576	0.014485	0.013279	0.024049	0.017857	0.005393	0.013632	
0.0025	0.018047	0.00403	0.007196	0.006552	0.001083	0.00575	0.030004	0.038035	0.021322	0.022292	0.000638	0.019185	0.021062	0.016566	0.01057	0.034398	0.023766	0.00498	0.037387	0.016178	0.021042	0.005138	0.021471	0.028471	0.002608	0.03943	0.02802	0.03092	0.012746	0.036148	0.026114	0.001826	0.013499	0.033916	0.03521	0.013671	0.029142	0.008975	0.019343	0.001652	0.032165	0.039777	0.029766	0.019175	0.025965	0.004584	0.037789	0.030135	0.029761	
0.016464	0.021271	0.022796	0.022331	0.011662	0.039268	0.012802	0.013506	0.012413	0.010116	0.006207	0.03059	0.017941	0.026307	0.003218	0.026328	0.028332	0.038816	0.025304	0.033064	0.021725	0.00801	0.006558	0.024035	0.029197	0.022769	0.005034	0.036746	0.022833	0.004753	0.026667	0.022915	0.041197	0.031149	0.038367	0.016513	0.020386	0.020817	0.00829	0.03674	0.007042	0.003301	0.001813	0.030738	0.022157	0.021007	0.003409	0.005722	0.03513	0.006244	
0.024051	0.035508	0.042189	0.036371	0.009012	0.032775	0.018929	0.038408	0.029055	0.010249	0.036514	0.00351	0.033265	0.011801	0.042265	0.017614	0.003933	0.0093	0.034285	0.024082	0.016627	0.015559	0.012046	0.041323	0.008271	0.013822	0.022891	0.00531	0.009226	0.039678	0.004439	0.034601	0.001208	0.008357	0.032518	0.00865	0.030192	0.013005	0.011182	0.026062	0.02002	0.00816	0.032318	0.017778	0.005036	0.023199	0.004009	0.029822	0.001112	0.010463	
0.027423	0.007082	0.007545	0.038933	0.019465	0.02267	0.00999	0.001677	0.01249	0.040706	0.037588	0.008642	0.005495	0.006336	0.03194	0.017079	0.010226	0.01412	0.023593	0.035422	0.025749	0.001372	0.002564	0.03905	0.0288	0.028897	0.035511	0.02089	0.007339	0.023234	0.011705	0.00432	0.019257	0.03412	0.034797	0.020219	0.020108	0.002283	0.041161	0.017257	0.032329	0.005348	0.020556	0.022145	0.006742	0.031712	0.000681	0.011369	0.035865	0.036198	
0.01684	0.00348	0.037086	0.03148	0.039463	0.00193	0.019533	0.017529	0.031026	0.006036	0.038098	0.021595	0.008745	0.033584	0.018305	0.034988	0.01193	0.011574	0.037477	0.037183	0.028227	0.005409	0.026476	0.013587	0.01495	0.031608	0.018134	0.009871	0.002965	0.027473	0.016569	0.026239	0.027954	0.014014	0.006617	0.002161	0.012216	0.008869	0.010965	0.00781	0.027398	0.015917	0.039583	0.03659	0.002025	0.03082	0.013103	0.028163	0.027252	0.009153	
0.013047	0.013956	0.02142	0.002874	0.027435	0.000942	0.006271	0.023871	0.029609	0.001828	0.019487	0.022687	0.008905	0.024719	0.020463	0.034566	0.002123	0.02021	0.037736	0.002069	0.029589	0.039379	0.031019	0.003291	0.03433	0.011371	0.042515	0.041198	0.031429	0.040228	0.024952	0.033905	0.031084	0.025278	0.019425	0.002946	0.00388	0.029189	0.003543	0.005946	0.014888	0.033001	0.025448	0.003299	0.01679	0.036299	0.011069	0.005194	0.018745	0.016552	
0.029468	0.029186	0.030645	0.01682	0.025879	0.033986	0.026194	0.028306	0.018488	0.018113	0.026744	0.000111	0.020899	0.012393	0.014357	0.021639	0.008995	0.008431	0.01133	0.027887	0.021577	0.007983	0.024938	0.036495	0.027832	0.035826	0.004738	0.034125	0.03038	0.03282	0.006792	0.017974	0.01724	0.016417	0.015322	0.006792	0.016838	0.037428	0.005344	0.002369	0.025911	0.009218	0.029535	0.015068	0.010895	0.022039	0.035964	0.008929	0.009692	0.023648	
0.007366	0.002032	0.022932	0.018502	0.005451	0.002263	0.030345	0.007786	0.014655	0.017584	0.014453	0.03129	0.033828	0.001648	0.019868	0.020508	0.027116	0.036751	0.000766	0.034561	0.022868	0.029529	0.028839	0.012246	0.014845	0.038246	0.035965	0.005495	0.008557	0.022511	0.031664	0.002522	0.002847	0.01942	0.02878	0.020085	0.028681	0.02789	0.004839	0.008449	0.002187	0.036846	0.037886	0.024664	0.016254	0.032748	0.022142	0.025013	0.022948	0.035329	
0.029973	0.039779	0.014615	0.017492	0.01694	0.003216	0.001666	0.031268	0.011817	0.023851	0.010081	0.008532	0.035992	0.00321	0.015139	0.023786	0.037995	0.03098	0.036392	0.002797	0.016063	0.026387	0.026792	0.03368	0.003946	0.031941	0.003933	0.005109	0.003758	0.023771	0.024518	0.034299	0.016347	0.029706	0.039143	0.027828	0.014015	0.014653	0.018039	0.025158	0.00633	0.007212	0.007931	0.01399	0.015893	0.031392	0.035666	0.033619	0.008251	0.025109	
0.003883	0.022158	0.001154	0.022047	0.027844	0.006177	0.036251	0.023273	0.010189	0.027147	0.00504	0.037659	0.037516	0.026765	0.028716	0.013086	0.017495	0.012294	0.023837	0.005521	0.020595	0.002568	0.033217	0.024528	0.013528	0.012991	0.002407	0.02076	0.033156	0.026375	0.031581	0.005323	0.02022	0.002745	0.02062	0.022342	0.026734	0.03474	0.016892	0.035692	0.010589	0.011894	0.020154	0.039006	0.013352	0.000163	0.034565	0.024946	0.016015	0.03425	
0.015009	0.018392	0.020778	0.00375	0.004152	0.0402	0.046986	0.042834	0.04662	0.036222	0.011124	0.023785	0.002187	0.017156	0.0025	0.035486	0.019331	0.026891	0.009748	0.011935	0.016924	0.016399	0.021876	0.031049	0.030864	0.037245	0.026917	0.000306	0.00522	0.023313	0.044549	0.01379	0.015716	0.009421	0.021806	0.003949	0.00382	0.017959	0.0172	0.008972	0.024374	0.029446	0.043114	0.002133	0.011687	0.00541	0.022065	0.022735	0.00454	0.032115	
0.011608	0.028737	0.010238	0.034922	0.035501	0.03189	0.009566	0.018606	0.025126	0.002163	0.005553	0.000219	0.025846	0.026176	0.014323	0.034392	0.014103	0.018912	0.00406	0.016602	0.016634	0.012969	0.024325	0.021807	0.032963	0.005493	0.001517	0.01879	0.004443	0.013032	0.031879	0.01667	0.032056	0.001067	0.022329	0.034091	0.03523	0.007807	0.028422	0.030145	0.036172	0.029519	0.020595	0.018671	0.036078	0.003374	0.01359	0.019912	0.027674	0.034203	
0.007569	0.025192	0.012495	0.030072	0.013621	0.035727	0.02835	0.004732	0.016632	0.012512	0.015241	0.026953	0.000657	0.002118	0.017299	0.021323	0.020855	0.013637	0.032266	0.025269	0.005022	0.026297	0.012173	0.020981	0.010919	0.008955	0.015941	0.013691	0.010234	0.014829	0.034907	0.036639	0.025397	0.018556	0.006336	0.035896	0.034552	0.032068	0.006254	0.026853	0.012662	0.015325	0.025449	0.031174	0.03306	0.013509	0.028538	0.036449	0.009649	0.035165	
0.026768	0.038184	0.035676	0.011185	0.012834	0.013764	0.001063	0.03904	0.027027	0.009803	0.030644	0.012145	0.018464	0.020611	0.030178	0.029561	0.016017	0.010958	0.014203	0.026913	0.017501	0.018095	0.007076	0.000146	0.031849	0.00214	0.017247	0.023891	0.014187	0.008798	0.030068	0.012833	0.004677	0.024986	0.034321	0.014916	0.006403	0.019665	0.02248	0.036609	0.022226	0.022403	0.007792	0.001333	0.031115	0.030975	0.02981	0.028149	0.021577	0.031694	
0.030334	0.029445	0.007321	0.019019	0.031802	0.021425	0.03358	0.022303	0.014792	0.036838	0.013761	0.030084	0.027031	0.004964	0.018569	0.014331	0.013926	0.020678	0.022292	0.009191	0.008557	0.013049	0.016414	0.014706	0.028085	0.023249	0.026106	0.022128	0.000736	0.029047	0.000824	0.017004	0.007693	0.029185	0.025739	0.029695	0.025758	0.022277	0.011454	0.029441	0.009536	0.014912	0.01177	0.011494	0.006176	0.027029	0.03745	0.037129	0.024977	0.016694	
0.00818	0.033391	0.028847	0.020705	0.025518	0.033037	0.027388	0.02296	0.001551	0.032613	0.00368	0.021959	0.021596	0.023575	0.018084	0.037595	0.020174	0.030903	0.005163	0.028241	0.039282	0.035697	0.004022	0.016558	0.010653	0.001282	0.018883	0.016122	0.026073	0.025502	0.029102	0.008107	0.001684	0.034197	0.03061	0.019166	0.002994	0.011804	0.020437	0.02658	0.00832	0.009899	0.00418	0.02733	0.01527	0.007616	0.032605	0.021898	0.037213	0.011754	
0.033773	0.017845	0.030946	0.005026	0.038851	0.021628	0.000984	0.021548	0.018393	0.003211	0.038345	0.038422	0.013121	0.035464	0.004373	0.027551	8.5e-05	0.043863	0.01864	0.01941	0.025373	0.030511	0.003722	0.021442	0.022598	0.027543	0.016418	0.01224	0.010195	0.019033	0.014173	0.00856	0.037151	0.009154	0.043631	0.012803	0.018394	0.007698	0.033269	0.029196	0.026275	0.007443	0.006463	0.028169	0.002577	0.030012	0.007144	0.035721	0.009634	0.011979	
0.021541	0.038306	0.028877	0.016157	0.023792	0.000125	0.007223	0.026963	0.015821	0.0124	0.034779	0.028317	0.020886	0.010571	0.038561	0.032962	0.019861	0.023184	0.023027	0.037086	0.038596	0.011872	0.005807	0.01573	0.034402	0.021837	0.032611	0.010553	0.026064	0.006128	0.027501	0.030482	0.01069	0.009323	0.007058	0.020199	0.022242	0.023229	0.004936	0.002582	0.005814	0.02361	0.001599	0.008905	0.005928	0.032218	0.034289	0.036879	0.024722	0.003755	
0.010271	0.007912	0.031568	0.032072	0.000892	0.006428	0.013462	0.013213	0.021253	0.003171	0.011455	0.024817	0.034088	0.020846	0.024656	0.024959	0.0029	0.026543	0.032729	0.013354	0.006261	0.01154	0.025222	0.019656	0.010708	0.015283	0.025401	0.00974	0.017669	0.016159	0.030565	0.008555	0.034815	0.020676	0.007847	0.021754	0.030233	0.035161	0.022287	0.030933	0.040914	0.020966	0.004493	0.029341	0.007421	0.032426	0.037187	0.013497	0.026396	0.030305	
0.017988	0.00256	0.010119	0.005567	0.021563	0.011479	0.01497	0.003108	0.015893	0.031832	0.03712	0.01317	0.002564	0.021557	0.034976	0.016432	0.021379	0.027704	0.029318	0.029065	0.004488	0.023985	0.001275	0.00265	0.005826	0.034642	0.01577	0.030904	0.001493	0.010144	0.010661	0.009667	0.019028	0.031368	0.025833	0.034976	0.018958	0.030699	0.032649	0.026652	0.036519	0.038287	0.028337	0.017149	0.032876	0.033186	0.027398	0.013977	0.011888	0.020351	
0.014184	0.025942	0.000172	0.030707	0.007763	0.034023	0.019408	0.014312	0.037145	0.030602	0.017525	0.008391	0.033017	0.007176	0.00405	0.034902	0.032686	0.007227	0.006691	0.01586	0.016708	0.036606	0.020514	0.009629	0.023291	0.000721	0.017024	0.018602	0.032064	0.010126	0.01871	0.008628	0.020279	0.031721	0.014536	0.014728	0.037342	0.037093	0.037362	0.000336	0.019406	0.010869	0.020288	0.03721	0.024317	0.019073	0.030763	0.000159	0.025803	0.024309	
0.01471	0.020277	0.032001	0.020662	0.024303	0.015452	0.025567	0.028572	0.007231	0.003432	0.013902	0.004355	0.03074	0.034121	0.026813	0.002008	0.035814	0.014285	0.000964	0.015318	0.03337	0.023518	0.032812	0.022338	0.007354	8e-05	0.01946	0.032503	0.006452	0.019994	0.003012	0.015382	0.03047	0.036404	0.033745	0.022496	0.010772	0.032534	0.019796	0.00548	0.00601	0.020867	0.018927	0.032262	0.035318	0.031149	0.018011	0.001943	0.035015	0.021999	
0.004436	0.023342	0.032837	0.029455	0.02123	0.025747	0.008806	0.009575	0.037498	0.025405	0.005608	0.039172	0.035516	0.020652	0.034651	0.003551	0.036427	0.028708	0.018006	0.003366	0.006628	0.020014	0.00278	0.003047	0.006771	0.034286	0.011486	0.01363	0.038525	0.005345	0.013244	0.012136	0.006213	0.007455	0.01077	0.037403	0.034987	0.016815	0.032719	0.033626	0.031078	0.013711	0.013717	0.012618	0.031048	0.035402	0.012113	0.034895	0.014821	0.008729	
0.042349	0.032293	0.040988	0.024528	0.018114	0.009124	0.002374	0.035124	0.043487	0.016467	0.00381	0.005864	0.026348	0.011751	0.034602	0.030077	0.01427	0.027802	0.01977	0.001815	0.008951	0.004974	0.00673	0.010053	0.025238	0.010414	0.022356	0.004029	0.000803	0.027482	0.032716	0.033051	0.00917	0.019022	0.025136	0.008623	0.034384	0.038534	0.031542	0.010422	0.036011	0.010669	0.014183	0.01271	0.001759	0.025047	0.017031	0.026469	0.042545	0.008989	
0.015734	0.008115	0.015385	0.036988	0.015034	0.015196	0.009459	0.0452	0.010338	0.003388	0.040113	0.01745	0.015551	0.030726	0.009182	0.002543	0.01157	0.042295	0.03462	0.040973	0.041013	0.009144	0.016457	0.027777	0.00742	0.031567	0.015541	0.020038	0.019076	0.016129	0.010896	0.0094	0.014285	0.007481	0.036272	0.006609	0.00937	0.011282	0.022456	0.029597	0.009236	0.016914	0.006114	0.037745	0.015639	0.027927	0.026888	0.016057	0.037747	0.024063	
0.016139	0.023192	0.00372	0.01636	0.007668	0.024402	0.020754	0.033313	0.00116	0.037324	0.017793	0.012796	0.000395	0.006625	0.037582	0.035708	0.032704	0.03678	0.0157	0.018026	0.007061	0.009556	0.017126	0.007476	0.015001	0.015576	0.02671	0.026534	0.017434	0.025776	0.016842	0.033301	0.034122	0.024429	0.000416	0.037552	0.009149	0.037263	0.024508	0.008405	0.015869	0.017181	0.030939	0.002016	0.031467	0.015746	0.020365	0.008902	0.037293	0.027844	
0.01504	0.03123	0.027848	0.004681	0.009487	0.003247	0.010937	0.013708	0.019351	0.031569	0.020859	0.024903	0.03059	0.021652	0.010173	0.00239	0.000689	0.032011	0.015114	0.02822	0.006021	0.028577	0.02503	0.033299	0.027607	0.029571	0.016157	0.025493	0.020138	0.034774	0.006916	0.017152	0.016934	0.000777	0.025828	0.01307	0.020198	0.030645	0.019088	0.022649	0.010233	0.034981	0.032301	0.021016	0.034884	0.007861	0.03525	0.014168	0.00331	0.032373	
0.009398	0.009326	0.000121	0.000655	0.027319	0.021166	0.034082	0.020646	0.005122	0.015241	0.039495	0.0015	0.014423	0.006441	0.018049	0.026812	0.041626	0.02007	0.040571	0.022463	0.040692	0.027389	0.019614	0.022608	0.037676	0.030751	0.015946	0.008558	0.030852	0.036883	0.030953	0.021824	0.009263	0.007549	0.036168	0.005384	0.022724	0.023696	0.003452	0.011586	0.015468	0.025962	0.034759	0.012142	0.013221	0.014489	0.000144	0.016563	0.024488	0.02467	
0.016977	0.016639	0.00424	0.01802	0.022795	0.024306	0.00577	0.032688	0.037425	0.012338	0.037646	0.016576	0.005966	0.013773	0.028639	0.021642	0.035881	0.00831	0.030909	0.007065	0.023764	0.012739	0.019903	0.010098	0.008033	0.021948	0.021882	0.003558	0.018616	0.022318	0.03522	0.016121	0.016267	0.010089	0.02623	0.026864	0.009644	0.032752	0.033	0.026509	0.00154	0.016916	0.024357	0.033171	0.014205	0.015375	0.013291	0.014767	0.035358	0.03786	
0.02151	0.026274	0.026948	0.015673	0.040041	0.016631	0.023613	0.021655	0.026174	0.021191	0.005698	0.029375	0.016815	0.009055	0.022332	0.027103	0.02509	0.014576	0.041158	0.005429	0.005787	0.006106	0.030054	0.018181	0.013261	0.008896	0.040679	0.014768	0.000256	0.031747	0.006952	0.004126	0.021493	0.018696	0.038756	0.039067	0.038312	0.005037	0.036855	0.009234	0.008305	0.018977	0.027115	0.025754	0.010014	0.038324	0.003142	0.018007	0.012125	0.013633	
0.022309	0.009275	0.000919	0.023095	0.020348	0.03887	0.018248	0.00269	0.01504	0.005251	0.015133	0.025845	0.037416	0.026833	0.005821	0.010935	0.020657	0.001084	0.030968	0.016688	0.038401	0.032967	0.008311	0.018743	0.00023	0.030102	0.024547	0.027118	0.013061	0.013234	0.021957	0.016287	0.000403	0.02157	0.03392	0.000344	0.032994	0.031078	0.039698	0.005594	0.031137	0.012642	0.020965	0.018472	0.031568	0.036679	0.00789	0.023197	0.040287	0.019179	
0.020746	0.017889	0.001577	0.031705	0.034176	0.008107	0.023071	0.008974	0.025544	0.02618	0.034784	0.000463	0.039545	0.0025	0.016803	0.036372	0.037194	0.00507	0.034345	0.032202	0.028102	0.033897	0.033983	0.007323	0.022849	0.008047	0.006881	0.014829	0.017209	0.007572	0.012244	0.026067	0.006895	0.019496	0.03846	0.025656	0.025629	0.015763	0.014864	0.031286	0.016433	0.009212	0.014027	0.006861	0.03752	0.023146	0.006969	0.036925	0.010235	0.004373	
0.024893	0.016064	0.020364	0.02429	0.031542	0.02087	0.016362	0.009096	0.023654	0.030237	0.019533	0.019034	0.035991	0.000873	0.022737	0.027316	0.029952	0.007409	0.03563	0.022416	0.010097	0.030971	0.013022	0.010172	0.011861	0.018282	0.025029	0.013632	0.000308	0.033382	0.003662	0.001642	0.035205	0.009389	0.004854	0.023766	0.035301	0.032853	0.018308	0.018096	0.008575	0.024328	0.013787	0.024872	0.02635	0.03625	0.019099	0.035286	0.016532	0.006826	
0.032902	0.034446	0.025679	0.02884	0.005443	0.029378	0.012517	0.024756	0.033383	0.001434	0.005065	0.017242	0.034141	0.027532	0.014182	0.032113	0.02263	0.027145	0.013735	0.018301	0.031415	0.034865	0.014793	0.017976	0.016005	0.024827	0.009608	0.026559	0.032005	0.016472	0.019688	0.011241	0.004713	0.010509	0.00526	0.034195	0.00732	0.033774	0.0313	0.033371	0.008453	0.017044	0.008345	0.000632	0.012003	0.015615	0.001138	0.031225	0.029051	0.019734	
0.03754	0.013631	0.013398	0.033172	0.017992	0.027465	0.034592	0.014421	0.030003	0.032172	0.000932	0.019045	0.025712	0.01897	0.020447	0.012186	0.028709	0.036524	0.019154	0.009926	0.013075	0.020072	0.019796	0.012783	0.034219	0.000672	0.018659	0.020043	0.017062	0.027594	0.016938	0.024153	0.008427	0.008859	0.022739	0.000198	0.029368	0.001051	0.011629	0.03651	0.035962	0.022712	0.020652	0.014356	0.028275	0.010413	0.009163	0.007453	0.031295	0.029881	
0.026429	0.016128	0.021877	0.030302	0.023071	0.019042	0.027046	0.032941	0.003669	0.023756	0.029271	0.040334	0.006832	0.010447	0.032538	0.024381	0.024229	0.014388	0.010291	0.033318	0.00102	0.024535	0.021901	0.039674	0.031395	0.019112	0.00871	0.026184	0.005683	0.010647	0.008498	0.019536	0.013028	0.011209	0.035695	0.012082	0.029302	0.022706	0.034961	0.021942	0.004024	0.027746	0.040779	0.001163	0.022491	0.010902	0.001256	0.014304	0.005417	0.023808	
0.001002	0.00675	0.005521	0.019868	0.016747	0.018844	0.019735	0.001279	0.030333	0.035739	0.026891	0.016771	0.021343	0.00686	0.010338	0.019905	0.009698	0.007999	0.004773	0.014605	0.012258	0.033247	0.014419	0.014615	0.009868	0.038199	0.01138	0.005734	0.033828	0.012793	0.037715	0.01575	0.030545	0.038026	0.01985	0.03986	0.021622	0.014995	0.032608	0.011383	0.039147	0.020036	0.026778	0.013434	0.024966	0.036212	0.04016	0.027278	0.027477	0.000816	
0.0059	0.014491	0.003293	0.020671	0.031048	0.007808	0.031595	0.036054	0.003794	0.031025	0.00481	0.038599	0.018453	0.018455	0.021838	0.015813	0.024198	0.030011	0.000378	0.010149	0.012141	0.02806	0.025884	0.039163	0.002539	0.024736	0.020332	0.023633	0.017442	0.014887	0.006396	0.035107	0.010226	0.00047	0.039309	0.035943	0.025582	0.037133	0.014934	0.01541	0.017107	0.0315	0.000245	0.037477	0.019051	0.026868	0.037419	0.021079	0.010255	0.001289	
0.020583	0.027139	0.0307	0.011544	0.025931	0.020841	0.02649	0.010209	0.006059	0.018639	0.028027	0.033078	0.022104	0.032826	0.021294	0.015758	0.01331	0.024317	0.004726	0.033852	0.024334	0.029604	0.030217	0.021118	0.018844	0.029894	0.025687	0.023735	0.025722	0.02625	0.012836	0.022798	0.002186	0.0188	0.012373	0.014501	0.000241	0.032456	0.01742	0.013606	0.021177	0.030732	0.010283	0.006091	0.028269	0.022813	0.005381	0.023011	0.006912	0.015282	
0.023176	0.017791	0.005233	0.012929	0.009347	0.003662	0.020667	0.027826	0.005478	0.009469	0.00322	0.033095	0.022214	0.029605	0.039316	0.011555	0.014757	0.00462	0.039341	0.016793	0.029809	0.031272	0.025717	0.022738	0.010149	0.000641	0.008824	0.020603	0.036997	0.037963	0.002309	0.032107	0.032225	0.010018	0.019597	0.005803	0.036317	0.006247	0.024203	0.001912	0.027422	0.024194	0.011111	0.015129	0.022067	0.031027	0.033381	0.039753	0.025909	0.024462	
0.017504	0.028493	0.017523	0.039101	0.029958	0.022007	0.029402	0.029163	0.007674	0.026511	0.011099	0.008281	0.014662	0.002551	0.043883	0.018266	0.030745	0.0065	0.015327	0.025637	0.038799	0.008387	0.013625	0.006696	0.013728	0.038421	0.001473	0.002932	0.035373	0.001162	0.017925	0.029554	0.025265	0.024987	0.028548	0.039318	0.000493	0.005136	0.01847	0.000784	0.02417	0.026991	0.015235	0.017292	0.002377	0.00595	0.039288	0.042712	0.033765	0.016857	
0.025597	0.031384	0.014325	0.019737	0.004375	0.018159	0.036752	0.011463	0.016027	0.036539	0.011168	0.037228	0.019728	0.000327	0.001888	0.033297	0.000963	0.031862	0.025507	0.020549	0.000379	0.0199	0.032224	0.019903	0.020289	0.028605	0.018682	0.001915	0.03335	0.013209	0.01981	0.030155	0.021459	0.032895	0.000667	0.031286	0.006879	0.007624	0.015431	0.023999	0.021142	0.030249	0.016484	0.018542	0.034319	0.00992	0.037016	0.017922	0.015035	0.023835	
0.002694	0.040029	0.02072	0.014676	0.01668	0.037994	0.016279	0.018511	0.018151	0.041817	0.016025	0.01307	0.002566	0.003031	0.022135	0.030507	0.031286	0.014749	0.037598	0.002044	0.016373	0.019999	0.042264	0.025516	0.025443	0.025005	0.000215	0.007891	0.00524	0.021746	0.010042	0.007104	0.038653	0.009867	0.028469	0.027582	0.003884	0.008446	0.033431	0.011116	0.035039	0.034601	0.026815	0.026018	0.00067	0.020672	0.037854	0.03185	0.017418	0.000215	
0.028091	0.023973	0.030857	0.000536	0.042499	0.012492	0.021748	0.001803	0.039399	0.025576	0.02331	0.042946	0.009803	0.003388	0.02269	0.021084	0.034148	0.011918	0.028777	0.039285	0.006312	0.003592	0.033026	0.014033	0.023663	0.020654	0.001569	0.036207	0.00956	0.001872	0.04003	0.024449	0.012463	0.007878	0.0328	0.016365	0.0102	0.037269	0.014628	0.021565	0.001618	0.021757	0.010371	0.018548	0.0264	0.008013	0.029409	0.018902	0.007451	0.025073	
0.036559	0.00211	0.002205	0.041946	0.038896	0.033037	0.013279	0.000298	0.010067	0.00658	0.009818	0.009857	0.020572	0.020551	0.014612	0.034837	0.040903	0.025566	0.038658	0.039964	0.023327	0.002668	0.001507	0.004238	0.002971	0.008703	0.034538	0.030457	0.02952	0.005253	0.002576	0.022834	0.040496	0.013656	0.033995	0.019429	0.017325	0.022386	0.03563	0.005018	0.024447	0.019003	0.019784	0.016743	0.034216	0.001063	0.001386	0.042172	0.027406	0.016938	
0.017938	0.021959	0.010868	0.017184	0.030481	0.018779	0.002214	0.007942	0.011245	0.040152	0.026643	0.017673	0.012771	0.028327	0.009008	0.030378	0.032594	0.013948	0.010406	0.02558	0.035463	0.01396	0.012323	0.029203	0.023334	0.001193	0.04271	0.025205	0.01016	0.040231	0.007464	0.036296	0.038729	0.003354	0.036286	0.002336	0.010574	0.0108	0.00316	0.031116	0.018008	0.007681	0.011597	0.030785	0.029497	0.030868	0.024879	0.013488	0.025506	0.007704	
0.00454	0.016662	0.037418	0.000175	0.03994	0.012165	0.020258	0.035625	0.030729	0.005039	0.036549	0.018109	0.019843	0.005415	0.010831	0.023278	0.040059	0.013515	0.026886	0.018457	0.026929	0.022671	0.005752	0.0255	0.021078	0.008741	0.01168	0.037689	0.032262	0.018473	0.026358	0.029317	0.011581	0.012495	0.026288	0.038409	0.00846	0.000296	0.016749	0.00425	0.002436	0.03734	0.01022	0.014321	0.037009	0.003848	0.017914	0.032752	0.007115	0.036574	
0.025454	0.006128	0.016437	0.002233	0.033584	0.031147	0.03397	0.0251	0.023744	0.007326	0.028735	0.016585	0.002606	0.015701	0.020695	0.048462	0.028944	0.00199	0.045584	0.032239	0.002575	0.010707	0.003974	0.007285	0.006078	0.036764	0.008702	0.000402	0.029894	0.012355	0.001037	0.017195	0.008263	0.040574	0.010815	0.030296	0.012358	0.021466	0.047476	0.015472	0.008972	0.010096	0.029604	0.045315	0.030425	0.024793	0.024625	0.009679	0.033333	0.012806	
0.024461	0.013985	0.000425	0.030291	0.014925	0.029313	0.017192	0.031894	0.014449	0.027063	0.03312	0.014415	0.025257	0.004045	0.01015	0.035139	0.026629	0.000415	0.033108	0.01406	0.017969	0.016118	0.017649	0.015778	0.033895	0.001634	0.031683	0.033194	0.024198	0.004162	0.016574	0.018164	0.016975	0.010974	0.021542	0.025533	0.008732	0.025746	0.01781	0.032025	0.03558	0.029334	0.017947	0.025508	0.029683	0.001871	0.008879	0.034919	0.024811	0.000777	
0.033873	0.022255	0.041749	0.03814	0.011386	0.008751	0.000396	0.036624	0.000904	0.040979	0.005363	0.002663	0.039624	0.031471	0.000248	0.002249	0.02278	0.039727	0.025926	0.022347	0.00435	0.016412	0.037472	0.020196	0.026112	0.035729	0.02545	0.009559	0.007744	0.033839	0.021286	0.02095	0.015962	0.000833	0.021026	0.032038	0.024354	0.002684	0.015487	0.031389	0.012075	0.004959	0.01943	0.019918	0.011075	0.01636	0.021375	0.014632	0.028678	0.021171	
0.019949	0.018364	0.013582	0.031658	0.023919	0.006122	0.026586	0.00423	0.011928	0.02739	0.027515	0.026805	0.031039	0.03193	0.00986	0.002767	0.012756	0.027356	0.014174	0.00545	0.029265	0.005389	0.020646	0.000308	0.019859	0.021812	0.014518	0.02164	0.020827	0.030934	0.029988	0.025387	0.032547	0.025797	0.007037	0.01832	0.018886	0.030192	0.009274	0.032636	0.032245	0.026662	0.026283	0.027175	0.024161	0.002686	0.005006	0.020738	0.016924	0.029478	
0.012248	0.012981	0.038774	0.000997	0.024069	0.007362	0.004654	0.038925	0.036656	0.032488	0.012521	0.029638	0.016557	0.039822	0.017007	0.0273	0.029662	0.027308	0.001766	0.001569	0.011319	0.030487	0.013442	0.037393	0.013445	0.030051	0.010721	0.001744	0.038539	0.017001	0.006743	0.017308	0.041617	0.029276	0.031399	0.037392	0.003172	0.028322	0.005362	0.021934	0.031805	0.030447	0.020271	0.032251	0.01217	0.013882	0.009699	0.005711	0.003995	0.000798	
0.008503	0.03047	0.035514	0.005499	0.028105	0.017093	0.008271	0.029337	0.024675	0.025792	0.010315	0.025179	0.031385	0.029509	0.000555	0.008311	0.031889	0.009235	0.029251	0.033609	0.024283	0.010341	0.000599	0.021544	0.027588	0.004308	0.009497	0.036088	0.036847	0.033044	0.025113	0.008068	0.014812	0.010556	0.021116	0.035964	0.013031	0.026837	0.014252	0.005906	0.024146	0.034101	0.03583	0.022196	0.011814	0.019496	0.012494	0.017162	0.011972	0.008498	
0.007295	0.013156	0.014034	0.021047	0.008103	0.010528	0.002453	0.014766	0.019414	0.03515	0.013692	0.012695	0.034429	0.014179	0.001773	0.032142	0.023975	0.000317	0.033001	0.029406	0.00741	0.004261	0.031595	0.028235	0.03537	0.033674	0.030275	0.008825	0.0316	0.00379	0.025392	0.030468	0.036256	0.034476	0.030155	0.034973	0.011092	0.02675	0.000131	0.0137	0.011854	0.025588	0.028581	0.002436	0.024498	0.02614	0.030689	0.034039	0.001718	0.014474	
0.016232	0.000978	0.034026	0.02772	0.013401	0.014195	0.011072	0.032736	0.017371	0.002223	0.005515	0.020359	0.018982	0.037024	0.016934	0.010043	0.008428	0.041063	0.021971	0.016196	0.028823	0.033565	0.028551	0.021141	0.019207	0.009146	0.009504	0.016516	0.009724	0.046086	0.000141	0.013386	0.020261	0.019175	0.008064	0.036974	0.023997	9.8e-05	0.021118	0.045035	0.039277	0.027706	0.016697	0.001627	0.007872	0.015524	0.022271	0.044722	0.043441	0.003882	
0.016937	0.023554	0.016246	0.013393	0.008563	0.002149	0.013097	0.017687	0.031097	0.024317	0.02684	0.036363	0.006085	0.034524	0.006907	0.032929	0.024912	0.015154	0.006829	0.021888	0.036968	0.00702	0.039448	0.001951	0.031604	0.001869	0.011382	0.037354	0.036165	0.03282	0.012347	0.030883	0.019966	0.037223	0.039038	0.007891	0.008998	0.007537	0.024886	0.00717	0.013548	0.033407	0.015011	0.023593	0.011433	0.034962	0.011319	0.016138	0.018096	0.010502	
0.03742	0.035511	0.011612	0.028082	0.037052	0.025711	0.00475	0.003892	0.029032	0.004367	0.020775	0.031256	0.002857	0.003657	0.023455	0.019151	0.000769	0.027109	0.018775	0.024776	0.038698	0.002111	0.006688	0.033434	0.019688	0.026693	0.002396	0.033359	0.021228	0.030712	0.015747	0.001642	0.035011	0.019227	0.008145	0.023864	0.010628	0.025067	0.027616	0.023039	0.007429	0.034521	0.008419	0.032964	0.016688	0.031242	0.013412	0.025868	0.008354	0.026101	
0.040115	0.008088	0.026502	0.025109	0.035639	0.031854	0.005167	0.006069	0.028048	0.025487	0.00338	0.039929	0.004057	0.00406	0.037387	0.012133	0.039621	0.003689	0.007943	0.015217	0.011481	0.035013	0.004199	0.031067	0.038591	0.027099	0.007935	0.036973	0.034809	0.03886	0.003708	0.018457	0.009628	0.008498	0.033737	0.010897	0.034189	0.031464	0.012162	0.037366	0.015013	0.00361	0.003758	0.001675	0.03622	0.015291	0.000268	0.017441	0.026073	0.015024	
0.03605	0.002084	0.003301	0.015664	0.004196	0.023873	0.015607	0.032286	0.032768	0.008428	0.027428	0.029544	0.008963	0.020466	0.018156	0.014484	0.031798	0.024468	0.018164	0.034935	0.031885	0.003763	0.020898	0.032483	0.032681	0.001495	0.034875	0.017226	0.019972	0.034487	0.02919	0.023415	0.023354	0.004921	0.008233	0.005758	0.011547	0.03606	0.027118	0.007196	0.00624	0.010641	0.035811	0.014794	0.025591	0.034534	0.022072	0.03016	0.003763	0.007174	
0.030383	0.013359	0.022833	0.001295	0.02897	0.028348	0.02825	0.026677	0.011376	0.006674	0.023324	0.033059	0.014767	0.019851	0.028785	0.016153	0.025374	0.013879	0.026122	0.016928	0.013491	0.02415	0.031985	0.012391	0.020582	0.025844	0.031899	0.004293	0.007776	0.03148	0.019824	0.015747	0.01529	0.008763	0.004235	0.030838	0.007547	0.026294	0.007877	0.032973	0.014877	0.028218	0.017181	0.032455	0.018471	0.011377	0.019875	0.028218	0.018481	0.021161	
0.002313	0.036847	0.016947	0.030749	0.016682	0.019877	0.000497	0.025136	0.039242	0.019915	0.019118	0.018607	0.020723	0.018478	0.026944	0.020891	0.012236	0.038997	0.001418	0.037695	0.031215	0.02645	0.0302	0.030401	0.026036	0.013261	0.021953	0.032225	0.024048	0.019057	0.025129	0.011478	0.034423	0.004883	0.017583	0.01041	0.027043	0.016897	0.003885	0.033217	0.010973	0.0373	0.020554	0.022378	0.010867	0.010334	0.010335	0.00918	0.001068	0.003905	
0.002992	0.017223	0.002366	0.02518	0.018682	0.029852	0.025969	0.036298	0.017928	0.035386	0.027256	0.028144	0.036643	0.037516	0.008657	0.014561	0.037058	0.011209	0.016664	0.002646	0.002876	0.017076	0.023847	0.022163	0.006675	0.031155	0.027672	0.011029	0.021053	0.02692	0.00615	0.018863	0.008509	0.017568	0.039987	0.01197	0.012233	0.040439	0.001182	0.008614	0.026845	0.039222	0.013799	0.030115	0.002733	0.013309	0.006381	0.014423	0.036767	0.028195	
0.000439	0.036393	0.039555	0.011988	0.031766	0.034831	0.036911	0.02947	0.025363	0.001582	0.008038	0.012491	0.03619	0.0325	0.015868	0.036546	0.006683	0.006899	0.032235	0.015293	0.017943	0.009305	0.009943	0.027895	0.025444	0.022296	0.009056	0.016149	0.035691	0.005691	0.023206	0.001607	0.015477	0.016325	0.019172	0.016331	0.007679	0.030053	0.008014	0.032301	0.030189	0.031405	0.000519	0.024101	0.004162	0.008629	0.008346	0.02013	0.039969	0.031931	
0.017303	0.017514	0.007112	0.02309	0.005925	0.02044	0.011711	0.004419	0.002646	0.006542	0.03996	0.009303	0.0145	0.018344	0.037285	0.01864	0.032035	0.033497	0.036117	0.022706	0.021737	0.011119	0.014547	0.021618	0.02074	0.00434	0.010897	0.008151	0.002304	0.021316	0.019718	0.035541	0.040412	0.032625	0.037252	0.031369	0.024735	0.021132	0.005131	0.003507	0.022981	0.036813	0.023267	0.002509	0.037757	0.022032	0.00516	0.026285	0.023048	0.032868	
0.032858	0.026282	0.032962	0.020883	0.000366	0.0231	0.004779	0.019691	0.020183	0.012778	0.035854	0.040851	0.014037	0.030463	0.009261	0.004086	0.004822	0.017799	0.030401	0.011734	0.000691	0.022854	0.035904	0.016985	0.007129	0.03554	0.011902	0.026154	0.018096	0.039376	0.040284	0.009614	0.005359	0.005012	0.032279	0.034366	0.029764	0.02226	0.01287	0.011853	0.021872	0.035346	0.016867	0.0274	0.009621	0.002447	0.024621	0.001732	0.019674	0.028938	
0.040268	0.014905	0.022003	0.004457	0.006847	0.022335	0.024016	0.016112	0.035347	0.000682	0.012192	0.009596	0.038198	0.036687	0.01154	0.004972	0.023437	0.004516	0.000338	0.005006	0.022401	0.043362	0.007383	0.001104	0.035315	0.033054	0.039479	0.021613	0.040052	0.006903	0.01181	0.00224	0.03255	0.007657	0.006075	0.011243	0.030991	0.041729	0.024304	0.039794	0.011257	0.023977	0.01938	0.017073	0.005602	0.008019	0.012666	0.037205	0.035864	0.036444	
0.011726	0.035988	0.031145	0.031301	0.011004	0.026162	0.036182	0.016464	0.00376	0.034987	0.016701	0.008676	0.004474	0.015196	0.028102	0.000672	0.022199	0.028132	0.005669	0.02334	0.001877	0.017217	0.038212	0.003699	0.031652	0.011242	0.039042	0.034371	0.010589	0.019651	0.003744	0.030518	0.030417	0.031994	0.026957	0.035328	0.017869	0.032221	0.004137	0.013825	0.018363	0.009152	0.025683	0.003762	0.008251	0.019718	0.011571	0.033657	0.006613	0.036788	
0.039121	0.007731	0.006497	0.005557	0.016084	0.019017	0.022093	0.03343	0.009496	0.017281	0.033284	0.028288	0.026346	0.030874	0.010391	0.014148	0.029862	0.00217	0.007274	0.030494	0.037652	0.02046	0.02107	0.013092	0.025762	0.022679	0.026317	0.032592	0.005171	0.027656	0.01444	0.00086	0.028605	0.00077	0.036724	0.010408	0.015047	0.038965	0.027598	0.038476	0.004638	0.018349	0.022051	0.025575	0.002504	0.017449	0.016787	0.036012	0.017526	0.005327	
0.032462	0.013665	0.03128	0.034305	0.031614	0.035553	0.019126	0.024313	0.016377	0.032827	0.012724	0.021715	0.015783	0.018422	0.020809	0.001648	0.029532	0.024421	0.020278	0.022396	0.019464	0.02173	0.00456	0.024623	0.000282	0.014466	0.023234	0.006647	0.029244	0.005424	0.030935	0.0211	0.014036	0.023824	0.006491	0.020693	0.02342	0.01044	0.034929	0.016741	0.012027	0.025411	0.009975	0.015653	0.002441	0.03068	0.019891	0.032024	0.003092	0.037273	
0.027335	0.02493	0.004056	0.027481	0.029093	0.01217	0.034311	0.003535	0.015505	0.040107	0.026877	0.021025	0.013995	0.017995	0.017725	0.012705	0.018252	0.008402	0.012401	0.008879	0.003384	0.009722	0.027163	0.040147	0.02275	0.027703	0.03999	0.040022	0.011089	0.020449	0.002117	0.034494	0.001705	0.016139	0.024535	0.032161	0.023381	0.003766	0.021335	0.005933	0.0095	0.010449	0.03155	0.007433	0.001444	0.032506	0.034217	0.025559	0.023882	0.038696	
0.033868	0.010396	0.028236	0.001912	0.012413	0.032593	0.010096	0.036235	0.014685	0.020867	0.044056	0.023653	0.033614	0.001562	0.032986	0.041492	0.017097	0.012005	0.023884	0.016861	0.034114	0.01511	0.038324	0.010899	0.036899	0.005652	0.03148	0.015001	0.039369	0.011997	0.017972	0.010533	0.00644	0.029316	0.003219	0.019562	0.003738	0.005497	0.005644	0.020848	0.014681	0.015582	0.040976	0.011318	0.001269	0.005733	0.006496	0.040006	0.015957	0.037857	
0.005055	0.016278	0.028521	0.01247	0.003207	0.004896	0.031558	0.006054	0.012486	0.025849	0.006769	0.029917	0.004181	0.006934	0.012081	0.010583	0.028835	0.02758	0.035236	0.030037	0.016586	0.032213	0.040829	0.031599	0.014929	0.032858	0.032864	0.037552	0.036477	0.008493	0.029467	0.004572	0.023974	0.01529	0.033982	0.01125	0.008362	0.009509	0.012031	0.027609	0.012502	0.035915	0.034509	0.004962	0.012642	0.013509	0.025058	0.006932	0.035638	0.01936	
0.017228	0.022129	0.034004	0.017563	0.006423	0.035272	0.005039	0.014596	0.011051	0.03047	0.000902	0.01961	0.011877	0.025799	0.023109	0.022467	0.012353	0.036568	0.046076	0.009314	0.02679	0.014681	0.004953	0.004988	0.02713	0.007555	0.041224	0.002744	0.023386	0.024055	0.024697	0.000487	0.041578	0.04814	0.01007	0.005341	0.019905	0.001935	0.032544	0.028973	0.040685	0.03071	0.041985	0.016247	0.005389	0.008574	0.031002	0.00641	0.023065	0.002907	
0.040765	0.002038	0.02363	0.019302	0.035828	0.027295	0.020258	0.030176	0.015631	0.002648	0.016504	0.01722	0.021918	0.012965	0.018755	0.003571	0.022045	0.017261	0.014785	0.010367	0.01647	0.014048	0.03668	0.013162	0.036506	0.016552	0.026266	0.007853	0.021041	0.032927	0.014274	0.010317	0.017348	0.027848	0.01153	0.019498	0.024161	0.037231	0.005939	0.037861	0.016338	0.026151	0.03166	0.020517	0.013824	0.00433	0.011987	0.038091	0.018725	0.017903	
0.018255	0.02219	0.020137	0.029093	0.015193	0.034297	0.029792	0.024392	0.019906	0.030342	0.036482	0.005611	0.035132	0.028212	0.017674	0.033669	0.024887	0.03134	0.03201	0.008931	0.000517	0.000174	0.001691	0.015442	0.035786	0.019437	0.00057	0.00421	0.008489	0.019733	0.006955	0.006876	0.011308	0.013403	0.018781	0.027164	0.03194	0.002064	0.036399	0.022881	0.025363	0.003178	0.029061	0.018239	0.035335	0.00329	0.019214	0.026694	0.023439	0.034822	
0.030206	0.009185	0.022257	0.031498	0.039211	0.021611	0.017751	0.005984	0.021332	0.038251	0.039989	0.005746	0.02997	0.031705	0.009354	0.03729	0.014504	0.026192	0.021042	0.003467	0.005349	0.018782	0.025836	0.004867	0.027236	0.024248	0.002674	0.005054	0.026461	0.004173	0.001944	0.026553	0.023817	0.006528	0.00137	0.035387	0.029506	0.035011	0.001408	0.001528	0.016339	0.024469	0.007164	0.009218	0.03696	0.003483	0.035371	0.038101	0.034178	0.03044	
0.010128	0.007083	0.036971	0.005712	0.026045	0.030642	0.024874	0.009378	0.012912	0.003005	0.028871	0.012765	0.022482	0.000518	0.024344	0.008615	0.011503	0.023572	0.01723	0.022708	0.017958	0.029985	0.001104	0.018159	0.002756	0.012589	0.018037	0.027795	0.023688	0.013774	0.02933	0.037598	0.009198	0.042864	0.041017	0.009792	0.040973	0.003807	0.036286	0.010289	0.015065	0.030033	0.01019	0.013317	0.04342	0.015128	0.02473	0.030929	0.008673	0.042158	
0.024089	0.018998	0.030119	0.019465	0.009747	0.021861	0.032893	0.026526	0.010283	0.034367	0.015287	0.005125	0.027464	0.033713	0.020456	0.008166	0.008078	0.031903	0.031444	0.031939	0.016698	0.010826	0.001898	0.030043	0.030162	0.024346	0.020636	0.023884	0.020382	0.019064	0.01641	0.004696	0.026541	0.023405	0.000217	0.009691	0.000613	0.034098	0.003302	0.035175	0.025094	0.003698	0.02881	0.033841	0.0072	0.029949	0.034082	0.023898	0.013082	0.006336	
0.019824	0.040078	0.026005	0.028973	0.022466	0.023516	0.036924	0.007765	0.015128	0.008277	0.026223	0.012369	0.038019	0.022549	0.001023	0.012747	0.01903	0.009934	0.014112	0.024995	0.032321	0.038252	0.015067	0.00608	0.005299	0.029143	0.00536	0.028993	0.013672	0.005817	0.038047	0.009668	0.013184	0.022372	0.011314	0.035056	0.02497	0.031078	0.025493	0.021164	0.005242	0.007736	0.014261	0.015677	0.035482	0.015695	0.019892	0.039637	0.006546	0.017525	
0.019262	0.031079	0.017561	0.015367	0.010779	0.015263	0.024226	0.02931	0.017241	0.030569	0.024163	0.01816	0.021196	0.000265	0.001726	0.030541	0.033102	0.024957	0.029811	0.004233	0.03462	0.003529	0.010488	0.025538	0.029508	0.022385	0.036321	0.029116	0.032019	0.007154	0.031667	0.035362	0.027821	0.021253	0.020309	0.028181	0.037136	0.010038	0.018468	0.016316	0.001422	0.010793	0.005446	0.022393	0.021853	0.021781	0.007947	0.00338	0.017626	0.011319	
0.031127	0.003751	0.017941	0.020776	0.032779	0.026495	0.018644	0.001592	0.042937	0.021111	0.038516	0.034301	0.05044	0.034245	0.008462	0.01537	0.007379	0.00309	0.038593	0.011216	0.002646	0.016595	0.000188	0.016487	0.030449	0.036508	0.013846	0.003125	0.004868	0.011023	0.013192	0.007502	0.033078	0.00019	0.000737	0.017778	0.008588	0.027206	0.006378	0.020962	0.011235	0.032547	0.045056	0.024939	0.03464	0.021819	0.035872	0.032432	0.024944	0.006405	
0.029468	0.036078	0.03645	0.012313	0.026909	0.01416	0.034277	0.006669	0.007421	0.025292	0.025126	0.031226	0.01278	0.00911	0.010902	0.024955	0.010554	0.025675	0.00255	0.028335	0.033047	0.002041	0.014947	0.006286	0.008966	0.030434	0.02182	0.00273	0.033565	0.016922	0.03355	0.014549	0.022184	0.032609	0.025282	0.02442	0.028561	0.004595	0.006323	0.030825	0.005215	0.014379	0.03614	0.020191	0.028236	0.029561	0.017035	0.022979	0.020579	0.001779	
0.020748	0.008089	0.035654	0.030897	0.02167	0.026216	0.020726	0.025152	0.031815	0.027681	0.006938	0.011097	0.01941	0.010938	0.030335	0.013434	0.005009	0.024792	0.013778	0.010339	0.034099	0.023658	0.027646	0.036079	0.008417	0.031917	0.021193	0.03092	0.017357	0.001397	0.00194	0.033911	0.032561	0.004366	0.016634	0.000992	0.012187	0.0249	0.009173	0.01045	0.00519	0.033643	0.036507	0.035565	0.036172	0.036376	0.024604	0.004417	0.002585	0.010426	
0.7