50
2
0.28538	0.077242	0.023796	0.220514	-0.014022	-0.571076	-0.51204	0.144189	0.545257	-0.378744	-0.191834	0.1936	-0.51713	0.81144	-0.681576	0.177327	-0.476057	0.752679	0.838151	-0.790054	0.941362	-0.913145	-0.931912	0.065162	-0.945091	-0.325006	-0.613328	-0.46264	0.953746	0.894331	0.639771	0.31045	-0.889137	0.378322	0.273571	0.205552	-0.757116	-0.574258	0.014876	-0.046804	-0.837176	-0.285985	0.466392	0.462286	-0.763918	-0.915782	-0.36229	0.677526	0.215758	-0.845683	
-0.46855	0.172823	-0.15213	0.269277	-0.897614	0.171847	0.927963	-0.988889	0.376972	0.795933	0.586014	0.329179	0.618391	-0.676423	-0.490585	0.001791	0.855781	0.00577	-0.608841	0.34713	-0.364925	0.579962	0.487868	-0.708034	0.581652	-0.132861	0.762375	0.144167	0.979229	-0.163501	-0.289623	0.06787	-0.479002	-0.188277	0.227821	-0.447681	0.148332	0.825912	-0.227423	-0.945711	-0.187886	0.478729	-0.072548	0.961431	0.044111	0.145512	0.9669	-0.578456	-0.609813	0.93246	
-0.142318	-0.99881	0.460129	-0.045507	-0.810633	-0.554097	-0.365494	-0.654276	0.235694	-0.116452	-0.596163	-0.731047	-0.653875	-0.281147	-0.92211	-0.840381	0.213963	-0.85775	0.766888	-0.424512	-0.530365	-0.308463	-0.983218	0.208154	0.419574	-0.465093	-0.569219	-0.868	0.469941	-0.91087	-0.219993	-0.043629	-0.195648	0.151988	0.836358	0.565329	-0.468018	-0.779678	-0.860216	0.539962	0.245508	0.974781	-0.128805	-0.173919	0.322431	0.826827	0.854253	-0.740577	0.972445	-0.581847	
-0.899224	-0.788677	0.788534	0.599835	-0.893318	-0.00364	-0.177936	-0.878289	-0.514166	-0.345635	0.916549	-0.769137	0.258688	0.055814	-0.948679	-0.484023	-0.475509	-0.211425	-0.863993	0.658673	-0.749249	-0.660506	-0.182234	0.838901	0.874487	-0.295004	0.659113	0.377768	-0.558562	-0.352913	0.998112	0.776539	-0.119467	-0.654529	-0.201113	0.33966	0.24713	-0.273738	-0.335132	0.315449	0.209607	-0.766931	-0.641424	0.675649	-0.821065	-0.212837	-0.151017	-0.499985	-0.712326	-0.510742	
0.440352	-0.256202	-0.077656	-0.990101	-0.965269	-0.280001	0.858445	0.175998	-0.929912	-0.160669	-0.690018	0.144939	0.459673	0.346591	-0.745343	-0.87218	0.1657	-0.120538	-0.980765	-0.590717	0.050393	0.481137	-0.817799	-0.632136	-0.486391	0.999413	0.268463	-0.185144	-0.490413	-0.808623	-0.844453	-0.967816	0.803483	-0.079545	0.116312	0.970053	-0.241604	0.703055	-0.157071	0.801337	-0.730649	0.336063	0.234349	0.761971	-0.453699	-0.07665	-0.080449	0.892475	0.884329	-0.696062	
0.155949	-0.871296	0.82542	0.708701	0.935445	0.200791	0.558906	-0.203679	0.278356	-0.951472	0.01213	0.793205	-0.66093	0.525375	-0.072985	-0.670618	-0.960653	0.769734	-0.106154	0.890579	-0.04453	-0.024375	-0.526525	-0.204131	-0.517254	-0.426364	0.270457	-0.719556	0.896126	-0.070665	0.184882	0.756457	0.555433	-0.875511	-0.061394	0.572783	0.91946	0.096455	0.058873	0.681474	-0.778978	0.708996	0.069362	-0.313343	-0.692605	-0.45355	-0.805727	0.83369	0.084595	-0.928241	
0.902809	0.494623	-0.201419	0.102313	0.780435	-0.934883	0.084851	0.296387	-0.586964	0.724817	0.172931	-0.992982	-0.66245	0.248677	0.319063	0.614307	-0.939296	0.129781	-0.883349	-0.173333	0.23063	-0.713296	-0.713565	0.633051	-0.256559	0.88861	0.924834	0.230253	-0.635351	0.287276	-0.2112	0.790187	0.338121	0.274992	-0.667998	-0.52322	0.905643	-0.434865	-0.70244	-0.637788	0.40449	-0.844967	-0.629946	-0.625202	0.425276	-0.144084	-0.166541	0.982742	-0.989723	0.880162	
-0.815656	0.464817	0.956164	-0.94458	-0.977019	-0.61754	-0.100081	-0.541459	0.049171	-0.406813	-0.329487	0.98202	0.385389	0.654567	0.362989	0.126993	0.996117	-0.162571	0.710814	0.002605	-0.618737	-0.016271	-0.984054	-0.272459	-0.786077	-0.678595	0.976182	0.54679	-0.619877	-0.350535	-0.293951	-0.74402	-0.586709	0.733608	-0.384699	0.175499	-0.337189	-0.26854	0.709895	0.741925	0.820393	-0.003106	-0.548577	0.153595	-0.116159	0.365791	0.15786	-0.995269	-0.4336	-0.088299	
-0.001253	0.228519	-0.150354	0.800559	-0.790878	-0.445534	0.893453	-0.022822	0.111087	0.042016	-0.654762	0.213208	-0.304028	-0.471929	0.292183	-0.31951	-0.180445	-0.780406	-0.451163	-0.534328	-0.25834	-0.192534	-0.167372	-0.703147	-0.746028	0.382563	-0.404809	-0.987447	-0.90031	0.758382	0.45716	0.72269	0.290328	-0.126582	0.772675	0.891175	-0.347316	0.185416	0.48282	-0.700932	-0.722378	-0.036163	-0.674732	-0.614912	-0.149931	-0.207765	0.858599	0.407261	-0.831009	-0.919317	
0.220645	0.070259	0.518213	0.59174	-0.437241	0.852897	-0.265935	0.775323	0.287468	-0.479311	0.857569	-0.096798	-0.412789	-0.799226	-0.813673	-0.048059	-0.912677	0.115207	-0.671635	0.819326	0.718208	-0.297629	0.586847	0.470166	0.263674	0.356926	-0.618427	-0.947949	0.993874	-0.9928	0.422281	0.816233	-0.797091	0.681803	0.370145	0.347006	0.347366	0.862578	-0.104527	-0.897768	-0.801371	0.971966	-0.650412	-0.38567	-0.328214	0.088583	0.174739	0.172617	-0.556355	-0.575819	
0.90994	-0.212058	-0.927225	0.973362	0.220865	0.141956	0.03024	0.827492	-0.492325	0.497423	-0.145544	0.643822	-0.895267	0.282256	0.758337	0.30791	-0.755526	-0.432575	0.344541	0.240034	0.932837	-0.759936	0.011999	-0.362461	0.912852	0.684148	0.787151	-0.248699	-0.33022	0.755572	-0.151791	0.014353	0.539435	-0.365349	0.536666	0.338587	-0.715793	-0.622323	-0.371069	-0.888634	0.04689	-0.832549	-0.659337	0.705723	0.88283	0.475113	0.844467	0.445816	0.589357	0.922951	
0.155306	0.5557	0.777825	0.454871	0.60573	-0.693234	0.147406	-0.551333	-0.13209	-0.779883	0.312154	-0.48675	-0.430413	0.619583	0.184579	-0.71744	0.364007	-0.774062	0.883848	0.046821	0.032511	-0.544696	-0.156941	0.020036	0.750822	-0.699048	-0.259102	-0.478232	0.926391	-0.440506	-0.771346	0.247023	0.218837	0.772034	-0.02546	0.900845	-0.302143	-0.593047	-0.819283	-0.326401	-0.307777	0.130109	-0.312142	0.274184	0.61492	-0.462474	0.084782	-0.030156	-0.488963	-0.336814	
0.778686	0.030168	-0.56297	0.214934	0.336569	0.144954	-0.539556	-0.63312	0.151459	0.697606	-0.053679	0.740221	0.796664	-0.989852	-0.256755	0.712419	0.76208	0.000788	-0.101314	0.964821	-0.652675	-0.035721	-0.824034	0.244837	0.547474	0.464584	0.005395	0.523312	-0.83258	0.715677	-0.537006	0.915653	-0.777858	-0.210702	-0.303784	-0.098829	-0.865436	-0.639633	-0.268372	0.375268	0.064449	-0.538995	-0.054667	0.736312	-0.61706	-0.554816	0.672923	0.163781	-0.233463	-0.473936	
0.156882	0.70634	0.28419	0.788736	0.83588	0.163931	0.301096	-0.073157	-0.485618	0.582713	-0.18672	-0.258217	0.83561	-0.531635	-0.9768	0.642979	0.370542	0.973344	-0.395646	-0.49918	0.33286	-0.595109	-0.172909	-0.292762	0.330992	0.983744	-0.225963	0.902351	0.559913	0.478411	-0.013806	-0.470397	0.874984	0.368035	0.078712	-0.3288	-0.871373	0.319544	0.582355	0.960452	0.4413	-0.65248	-0.973874	0.712398	0.549952	-0.70599	0.196608	-0.4177	-0.125432	-0.938564	
-0.605697	-0.705559	-0.517968	-0.719926	0.954621	-0.12302	-0.523979	-0.184589	-0.997009	-0.842564	-0.459269	0.015666	-0.569414	-0.723943	0.791054	-0.711685	-0.594874	-0.755716	0.420881	0.995183	0.359958	-0.754154	-0.297725	-0.042144	0.149916	-0.74889	0.645312	-0.834411	0.327117	-0.589713	-0.968246	-0.354496	-0.21785	0.732357	-0.653441	0.930877	-0.2072	-0.825689	-0.795369	-0.051675	0.39587	-0.569836	0.975257	0.289331	-0.322649	-0.400583	0.97127	0.259286	0.047209	-0.224093	
0.413576	0.553812	0.812213	-0.682474	0.709243	0.237974	0.747225	-0.147456	0.688504	0.473446	0.070752	0.678243	0.462838	0.280378	0.748893	0.237761	0.081559	0.906831	0.301322	0.427433	0.205119	0.629786	0.16406	-0.842475	0.681895	-0.616597	-0.352442	-0.179847	0.314698	-0.244486	0.765007	0.489105	-0.672268	-0.399634	-0.703137	-0.340123	0.779948	0.79577	-0.141209	-0.673651	0.474235	-0.678884	-0.073807	0.501731	0.983949	0.520501	0.703109	-0.949487	0.84482	-0.554423	
0.047134	-0.055884	-0.947235	-0.355842	-0.401864	0.888151	-0.627193	-0.576944	-0.065682	-0.17945	0.349931	0.385995	-0.79658	0.971256	0.417485	-0.216879	0.754499	0.027349	-0.748437	0.747615	-0.5484	0.722673	0.924389	0.495526	-0.528206	-0.35846	-0.142966	-0.355191	0.674383	0.843286	0.805562	0.947091	0.878901	-0.566351	-0.871004	-0.720126	-0.531415	0.427193	0.261804	0.876759	-0.082061	0.776232	0.916865	0.310579	-0.68588	-0.567085	0.187981	-0.31622	-0.823981	-0.343777	
-0.091038	0.956183	0.695253	0.638594	-0.712281	0.841203	0.702463	-0.80057	-0.785171	0.662118	-0.202835	-0.222997	0.923156	-0.954974	0.533536	-0.156153	-0.456225	-0.913456	-0.842432	0.813437	-0.094163	-0.896246	0.370551	-0.15162	-0.209231	0.69612	-0.211405	0.419418	-0.977882	-0.584771	-0.746093	0.682397	0.983595	-0.077699	0.036057	0.515076	0.313259	-0.573628	-0.987328	-0.569878	-0.701306	-0.783269	-0.088284	-0.412539	-0.856585	-0.006582	0.270783	0.723985	0.285903	0.524007	
0.086792	0.936141	0.34955	0.440768	0.288692	0.5578	-0.389034	0.287642	-0.141838	0.723789	0.894745	0.268561	0.614862	0.377753	-0.652202	-0.492393	-0.383212	0.218908	0.171934	0.007442	0.955843	0.447951	-0.466341	0.973501	0.013062	0.082233	-0.193784	0.143874	-0.096144	0.501253	0.950998	-0.122165	0.547285	0.380694	-0.689999	0.685469	-0.37642	0.066072	-0.643669	-0.747507	-0.447361	0.292323	-0.165767	-0.443421	0.932905	0.260904	0.063523	-0.144884	-0.590149	-0.797272	
-0.329746	-0.549067	-0.825674	-0.608272	-0.728311	0.422814	0.413806	0.704876	-0.397822	0.138986	0.347506	-0.58801	-0.656086	0.462762	0.96349	0.93529	0.661617	-0.049795	0.59105	0.983447	0.778171	-0.233815	-0.689937	0.916065	0.597237	-0.7604	-0.459304	-0.202282	0.470057	0.748901	-0.010851	0.353811	0.703921	-0.208492	0.497626	0.010931	-0.567159	0.358336	0.696403	-0.348708	-0.116244	-0.489772	-0.307334	0.180453	0.126104	-0.108431	0.887503	0.61533	-0.043401	0.358942	
-0.515838	-0.187368	-0.618273	0.154646	0.687571	0.301831	0.580441	-0.435622	0.660518	0.418008	0.18559	-0.043686	0.159813	-0.828068	0.945018	-0.031607	0.129721	-0.484774	0.020163	0.857131	0.327392	0.528632	-0.334938	0.039555	-0.830349	0.774423	0.30409	-0.748705	0.452645	0.352034	0.917083	-0.292651	0.339426	0.127577	-0.428035	-0.975025	-0.925454	0.608133	-0.951706	0.367931	0.765759	0.609695	0.811735	-0.124483	0.180251	0.852429	-0.070764	-0.110167	0.318242	0.872387	
-0.648008	0.348785	-0.980328	0.28182	0.036206	0.359014	-0.803437	-0.413344	-0.923603	-0.262276	-0.450893	-0.89448	0.497809	-0.670515	0.305383	0.555551	0.971459	0.74217	0.732313	0.219243	0.32626	0.103179	0.570286	-0.337963	-0.03053	-0.79507	0.65009	-0.720819	-0.105355	-0.269039	-0.878334	-0.708897	-0.624471	-0.939125	-0.45579	-0.997606	-0.874845	0.719393	-0.830931	0.011853	0.601145	0.349915	0.265676	0.979906	0.551775	0.400412	-0.762592	-0.246943	0.008949	0.372817	
-0.966361	-0.292177	-0.57082	-0.502177	-0.382806	0.186038	-0.44408	-0.067652	-0.922955	0.545201	0.677498	0.904768	0.403777	-0.373692	-0.818084	-0.707561	-0.489086	-0.053488	-0.413224	0.951296	0.515878	-0.32808	0.8408	-0.225927	0.723306	-0.843232	-0.782706	0.197213	0.355563	0.877403	-0.546223	-0.730602	-0.9649	0.722157	-0.391374	0.431105	-0.850287	-0.524145	-0.718142	-0.940925	-0.902991	-0.860043	0.151967	-0.559481	-0.591888	-0.014944	0.341001	-0.132492	-0.068119	-0.909984	
-0.858752	0.234238	0.371748	0.543272	-0.889103	-0.467116	-0.276727	0.194186	-0.874951	-0.665987	-0.007093	0.60244	0.659749	0.420982	-0.158245	0.923526	0.454159	0.630309	0.687356	-0.081568	0.660539	0.61605	-0.533061	-0.772395	0.702866	0.945033	0.65509	0.092694	-0.815599	-0.712903	-0.174474	-0.717918	-0.343818	-0.075744	-0.177841	-0.262002	0.056659	-0.880892	0.196963	-0.339497	0.298316	-0.904125	0.938479	-0.193154	0.349363	0.178958	-0.055266	0.972256	0.77057	-0.269452	
0.388936	0.628906	0.741534	0.053492	0.034157	0.687782	-0.117375	-0.724668	-0.010819	0.680804	-0.792389	-0.439973	-0.517608	0.867074	-0.531271	0.662624	-0.424994	-0.316756	0.596571	0.443753	-0.774571	-0.832751	-0.99837	0.111972	0.678345	0.535996	0.388106	-0.39505	-0.358522	0.097617	0.64738	-0.660689	0.481373	-0.630071	0.707865	-0.147226	0.273541	-0.992953	0.151944	0.676918	-0.493096	-0.086953	-0.830093	0.850224	-0.058031	0.675365	0.077091	0.17374	0.100823	0.21467	
0.692769	-0.187203	0.989246	-0.020095	-0.104775	-0.058068	-0.49183	-0.053011	-0.794012	0.215449	0.604449	0.487919	-0.22052	0.3647	-0.306422	0.547553	-0.47745	-0.994262	0.874965	0.364082	-0.855497	-0.144991	-0.521842	-0.117454	-0.89079	-0.640181	0.865766	-0.884244	-0.019061	-0.709187	0.760103	-0.515632	0.935759	0.5324	0.018961	0.222568	-0.026546	0.723619	0.598923	0.376885	0.311557	-0.977022	0.330212	-0.067827	0.834303	0.402183	0.090462	-0.416213	0.332076	0.727616	
-0.640969	-0.717375	-0.475876	-0.574931	0.779193	0.572489	-0.917621	0.190119	-0.591632	0.025987	-0.071764	-0.667996	-0.18873	-0.455369	-0.290547	0.835791	-0.828034	-0.392989	-0.582743	-0.832586	0.484755	-0.251507	-0.145926	-0.634873	0.316758	-0.927386	-0.471129	0.939763	-0.034706	-0.848666	0.216091	-0.681568	0.828482	0.864851	0.613613	0.317608	0.267246	-0.489118	-0.159713	0.480637	-0.79509	0.815878	-0.301393	0.528865	-0.725062	-0.652392	0.095292	-0.559801	0.705225	-0.768003	
0.986401	0.799644	-0.832719	0.205859	-0.136074	-0.699715	-0.801262	0.099643	-0.827885	0.340365	-0.721108	0.417636	-0.817515	-0.373431	0.915269	-0.600299	-0.295456	0.212193	0.374835	0.616084	-0.186762	-0.709192	0.783197	-0.641995	0.382609	0.109783	0.410604	-0.731805	0.36102	-0.670042	0.772207	0.526606	-0.53756	0.688998	-0.289449	-0.470983	0.124604	0.108101	-0.901823	-0.122203	-0.832121	0.113622	-0.295168	-0.990641	-0.425166	-0.755781	0.470587	-0.226227	0.205322	0.850015	
-0.042219	-0.170495	0.2759	-0.926914	-0.474015	0.614955	0.732859	-0.616915	0.096719	-0.007171	-0.498217	0.387598	0.30843	0.476894	-0.164959	-0.222827	-0.866151	-0.143208	0.036826	0.909038	-0.426799	0.886383	0.003539	-0.932141	-0.633661	-0.161267	-0.935342	-0.734248	-0.932831	0.807901	-0.122863	0.164181	0.18802	0.092456	0.111317	-0.268636	-0.704103	0.254434	-0.642412	0.687827	-0.652795	-0.147406	0.893402	0.679654	0.46403	-0.0881	0.191061	0.350901	-0.405598	0.405412	
-0.91533	0.271401	-0.230987	0.230806	-0.147716	0.762909	-0.729783	0.171776	-0.661294	0.393313	-0.364684	0.94969	-0.326171	-0.542593	-0.713928	0.506906	0.22561	0.589043	0.090559	0.812906	0.574926	-0.836677	-0.864272	0.385345	0.80083	-0.937767	0.6782	0.50335	-0.955601	-0.16334	0.881793	-0.677457	-0.300066	-0.362347	0.150311	0.245205	-0.427202	-0.379171	0.884483	0.087626	-0.383691	-0.72494	0.752146	0.520031	0.219158	-0.928386	0.727043	0.850267	-0.337489	-0.169464	
0.198206	-0.641099	-0.67102	-0.967831	-0.867801	-0.172974	-0.896715	-0.354254	-0.315238	0.643176	-0.248199	-0.664177	0.359492	-0.77117	-0.467338	-0.697762	0.300581	0.090363	0.198772	0.399558	0.056167	-0.851469	-0.987367	0.691149	0.722013	0.040211	-0.579044	0.382399	0.919053	0.464957	-0.599796	-0.132914	-0.821581	0.847305	0.180537	0.335477	0.363131	0.480391	0.891097	-0.899162	-0.907196	-0.643548	-0.096664	0.763307	0.47216	-0.672926	0.352611	0.216864	0.856598	0.424591	
0.358074	-0.010069	0.050685	-0.53337	0.981272	0.335301	-0.266822	0.773651	0.405843	0.95052	0.586683	0.527528	0.653695	-0.409765	-0.227671	0.599546	0.96609	-0.900005	-0.474532	0.85484	0.478236	0.414468	-0.198	-0.858191	-0.014557	0.557596	0.600952	-0.567071	0.066158	0.34613	0.057756	-0.290425	-0.992809	-0.678658	-0.278389	0.150373	-0.919677	-0.405402	-0.967565	-0.41957	-0.723628	0.503148	0.69637	-0.145562	-0.121625	0.379604	0.812148	0.416154	-0.594799	0.811216	
0.315815	-0.709921	-0.835052	-0.126906	0.718549	0.39302	-0.458992	0.242102	-0.861217	0.71696	-0.035713	-0.528385	0.055597	0.858427	-0.095302	-0.342381	0.829554	0.451398	-0.363175	-0.718191	-0.485575	0.14159	-0.431094	-0.349629	0.268152	-0.739111	-0.802432	0.975164	0.098168	-0.183458	0.081983	0.263465	-0.860828	0.900048	-0.093042	0.575209	0.751392	-0.458497	0.642672	0.364558	0.339107	-0.771003	-0.023728	-0.701619	0.469961	0.202411	-0.31778	0.629273	0.882057	0.231023	
-0.296284	0.385163	0.481594	-0.225242	-0.006265	-0.542939	-0.908686	0.756988	-0.407574	-0.315199	-0.552064	0.034201	0.116485	0.923081	-0.143497	-0.042095	-0.390781	0.95659	-0.365873	-0.653325	0.556898	-0.660365	-0.215492	-0.184209	0.79047	-0.451822	0.729978	-0.119981	-0.635843	0.677773	-0.489651	-0.184688	-0.480111	-0.797692	-0.866634	-0.366632	-0.540206	0.539538	-0.365325	-0.65111	0.870322	0.983681	-0.517833	-0.279561	-0.985701	0.759922	-0.120192	0.120401	0.394804	-0.94078	
0.036269	-0.788772	-0.779139	-0.013043	0.828231	0.362311	0.657315	-0.426381	0.753483	-0.110077	-0.780125	0.266378	0.561099	-0.906465	0.977803	0.865801	0.541516	-0.305588	-0.473288	0.202143	-0.326708	0.596132	-0.145723	-0.936465	0.733914	0.95058	0.625403	-0.087863	-0.273615	0.70175	-0.616874	-0.519887	-0.719582	0.90639	0.117345	0.742275	0.212913	0.402313	-0.233612	-0.021049	0.412152	0.647695	-0.566819	-0.099766	-0.792377	-0.752573	-0.199603	0.791882	-0.081744	-0.90385	
0.783333	-0.75614	0.345957	-0.796761	0.907265	-0.449967	0.847087	-0.092157	-0.944436	-0.958029	-0.060364	0.760236	-0.820942	-0.800024	-0.360297	0.392686	0.780521	0.781648	0.476365	0.391149	0.130977	0.178056	-0.861004	-0.847879	-0.46003	-0.226464	0.888651	0.904714	0.956032	-0.854793	0.59938	-0.120778	0.291263	-0.079422	0.644948	0.222161	-0.105441	0.650201	-0.108684	-0.863563	0.511278	-0.054637	-0.045483	0.804234	0.347007	-0.130684	-0.44384	0.79791	0.140408	-0.393576	
0.342343	0.589989	0.429997	-0.549182	0.263262	0.176047	0.36904	0.74845	-0.716431	0.238937	-0.820709	0.258135	-0.22884	0.006316	-0.752382	-0.090285	-0.811733	0.213148	-0.164436	0.96439	0.029186	0.853665	-0.202573	-0.306771	0.098441	-0.225715	0.515346	0.535723	0.41615	-0.150673	0.108351	0.709325	-0.344667	-0.472781	0.695131	-0.432536	0.017589	0.669416	-0.130919	-0.791778	0.501535	-0.143792	0.19439	0.664771	0.058548	0.112261	-0.456075	0.617351	-0.062441	-0.394115	
0.825457	-0.388508	-0.1119	0.269312	0.192643	0.917846	0.593658	0.902738	0.779764	0.839763	-0.925382	-0.210173	-0.442534	-0.830011	0.900122	0.186751	-0.764812	-0.125125	0.998351	0.404612	-0.00961	-0.3147	0.706447	-0.197399	-0.489349	0.889323	-0.470859	0.659937	0.754655	-0.746371	0.225765	0.80299	0.799772	-0.873899	0.949325	-0.368502	0.24514	0.276416	0.734878	-0.506425	0.576692	0.665052	0.315449	0.116168	0.25871	-0.285031	0.24738	0.237903	0.70335	-0.922713	
0.074651	0.62587	0.377824	-0.399771	0.679432	-0.125739	0.873945	0.452252	-0.214426	0.954583	-0.437964	-0.768447	-0.042083	-0.900907	0.035352	0.415312	-0.971657	0.583587	0.545909	0.419223	0.709941	-0.650677	0.678849	0.671106	0.638788	0.334537	0.737223	0.873241	-0.334036	0.824563	-0.318179	-0.580878	-0.431406	-0.216877	0.785514	0.826669	0.173961	-0.816428	0.679952	0.566542	0.882324	-0.940921	-0.960691	0.801047	-0.219813	-0.531845	0.478531	0.406895	0.276178	0.598451	
-0.015749	0.561312	0.536071	0.32605	-0.179453	-0.221969	-0.364476	0.426127	-0.036062	0.300446	0.301838	0.307979	0.8228	0.788863	-0.607104	-0.958023	0.068765	0.009337	0.505818	-0.149154	0.891105	0.432713	0.763626	-0.035226	0.97143	-0.714603	-0.010564	0.279895	-0.302715	0.102762	0.629749	0.23136	0.50484	-0.212735	0.213481	-0.377722	-0.571583	-0.244727	0.662985	0.246088	-0.773586	-0.213076	0.417366	0.846909	0.973674	-0.548459	-0.981229	0.682213	-0.341584	0.898421	
-0.671082	-0.620833	-0.822689	-0.186805	0.23694	0.085077	-0.840846	0.777678	-0.28271	0.078935	-0.723659	-0.117063	-0.213696	-0.044956	0.833138	0.513402	-0.362474	-0.91003	0.302403	-0.716384	0.704751	0.675408	0.969547	0.309909	0.983534	0.956857	0.611154	0.1771	0.639524	0.73238	-0.245527	0.165713	0.557274	0.547042	0.424967	0.09513	0.637291	-0.63576	0.532985	-0.750789	-0.448468	-0.158317	-0.120956	-0.449125	-0.577831	0.028343	0.420053	-0.863996	-0.538346	0.816414	
-0.773952	-0.644794	-0.548307	0.98713	0.417846	-0.223463	-0.57981	0.196214	0.412701	0.126731	-0.521631	0.780018	-0.144223	-0.93612	-0.977556	-0.399385	0.118401	-0.538217	-0.420733	0.515166	-0.403554	-0.728775	0.949232	0.749365	0.407326	-0.947831	0.754839	0.339667	-0.693094	0.159701	0.990592	-0.195228	0.600165	-0.542043	-0.894276	0.319116	0.184246	0.204847	0.9139	-0.577326	-0.586477	0.250836	-0.453178	-0.353425	-0.561661	-0.392414	-0.425648	0.25922	0.540749	-0.205269	
-0.416964	-0.96892	-0.92397	0.633107	-0.49271	-0.758318	-0.780821	-0.875941	-0.168298	-0.915556	0.89173	0.645593	-0.500949	-0.248227	-0.353748	-0.60691	0.126926	-0.282556	0.960726	-0.132327	0.343138	0.657874	0.558979	-0.385469	0.956371	-0.053809	0.368504	0.952347	-0.038254	0.917666	-0.874666	0.501564	0.352548	-0.89034	-0.007315	-0.777061	0.094209	0.921615	-0.28654	0.549322	-0.628529	0.17021	0.824281	0.179947	-0.593297	0.345236	0.841451	-0.254032	-0.198009	0.383612	
0.95219	-0.171692	0.704275	0.597784	-0.118024	0.062367	-0.402352	0.413222	-0.312807	-0.993966	-0.025496	-0.163848	0.236849	-0.184673	0.940175	-0.80953	0.546103	-0.885552	-0.210431	0.783775	-0.183631	-0.729251	0.034442	0.969653	-0.586777	0.066655	-0.679579	0.830562	-0.313972	0.67376	-0.226564	-0.182622	-0.159365	0.81683	-0.299182	-0.486616	0.958189	-0.770076	-0.482129	-0.126759	0.154198	-0.71249	-0.046137	0.981237	-0.443174	0.703006	-0.607608	-0.544656	-0.803213	-0.668813	
0.990511	-0.3859	0.858855	-0.865479	0.801494	-0.465857	-0.141707	-0.461333	-0.922949	-0.362689	0.998986	0.103348	-0.352878	0.375084	0.829017	-0.576387	-0.770121	0.758385	-0.653571	-0.768201	-0.745824	0.361084	-0.645595	0.681345	0.02074	0.957666	-0.262842	-0.682864	-0.445601	0.266432	0.455021	0.422034	-0.234645	0.797125	-0.104707	0.856052	0.891508	0.12463	0.906677	0.113488	-0.107455	-0.740467	0.151428	-0.556281	-0.980863	0.292695	0.619048	0.848678	-0.300827	0.630355	
-0.711054	-0.256738	0.821376	0.185753	-0.896324	0.534942	0.778292	0.613073	0.44263	0.805767	0.993915	0.724588	-0.596666	0.751396	0.176037	-0.707782	-0.837427	-0.772492	-0.099213	0.11993	-0.183929	-0.983805	-0.343362	0.255868	0.761601	0.661947	0.175255	-0.772939	-0.755729	-0.839444	-0.175773	0.405267	-0.406662	0.101915	0.947919	0.719857	0.584742	0.688736	-0.830572	0.36526	0.684682	-0.25468	-0.007901	-0.902889	0.361346	-0.502285	-0.316217	-0.426366	-0.391457	-0.041879	
-0.797186	-0.031003	0.609012	0.08249	-0.978896	0.323919	-0.112337	0.622291	-0.943943	-0.253716	0.79005	0.645102	0.345981	-0.203092	-0.364369	0.492031	-0.02338	-0.199708	-0.04144	-0.715373	-0.90237	-0.656871	-0.875959	-0.526334	-0.875112	0.154239	0.460693	0.865932	-0.341423	0.397502	-0.545227	0.433376	-0.544174	-0.791772	-0.837888	0.922357	-0.969767	-0.863757	-0.003881	-0.472069	-0.435419	0.552507	0.99267	-0.393266	-0.408565	0.211095	-0.906903	0.90017	-0.714687	-0.395723	
-0.520759	-0.109386	0.66637	-0.539183	0.818911	-0.486594	0.84642	-0.581636	0.580112	0.899014	-0.868945	-0.784065	0.018865	0.130165	0.417635	-0.726848	-0.008045	-0.973006	-0.078752	0.037233	-0.385499	0.863332	0.918953	-0.755644	-0.091586	-0.939746	0.738312	-0.586785	0.648184	-0.327942	-0.493674	0.041279	-0.195599	0.018157	0.393164	0.265453	0.616997	-0.323123	0.81096	0.940432	-0.450681	-0.43021	0.985983	-0.798066	0.538832	0.318714	0.079279	-0.574815	0.935059	-0.273998	
0.609732	-0.444372	-0.09291	0.617507	0.840426	-0.91463	0.051998	-0.680418	0.953785	0.546835	-0.072376	0.563864	-0.532174	0.372238	-0.860863	-0.661097	0.788464	0.416334	-0.351633	-0.774522	-0.144372	-0.517909	0.556946	-0.627257	0.443402	-0.820385	-0.279517	0.422874	0.006883	0.632114	0.454531	0.920995	-0.463371	0.140639	-0.189266	0.334006	0.824409	0.475514	-0.164986	0.082217	0.918296	-0.723031	0.894756	0.604752	-0.331923	0.153149	-0.651216	0.78036	-0.493349	-0.86283	
-0.057455	-0.227541	0.640624	0.124865	0.201747	0.765497	-0.44838	-0.110982	0.543953	0.595765	0.12937	0.045963	-0.522565	-0.895476	0.713875	-0.361256	0.169862	-0.269214	-0.592832	-0.239219	0.767209	0.252971	-0.8253	-0.371532	0.244314	-0.187393	-0.018075	0.134435	0.30319	-0.393372	0.598821	-0.791181	-0.1248	0.685372	-0.480682	0.770494	-0.47516	0.021328	0.207802	0.045025	-0.129632	-0.84205	0.069781	-0.577577	-0.022651	0.125038	0.438726	0.010023	-0.849229	0.570074	
-0.635017	0.636964	0.357097	0.834516	0.550542	0.956743	0.759818	0.309654	-0.522337	0.919387	-0.690312	0.605078	0.456699	-0.975374	0.22765	-0.375901	0.168479	0.476788	-0.258615	-0.241119	0.17471	-0.104494	-0.534265	-0.555682	0.484807	-0.897475	-0.935275	0.153536	0.363826	-0.93605	-0.349498	0.151674	-0.175768	0.374471	0.453134	-0.28967	0.510273	0.012973	0.732974	-0.488654	0.91424	0.58116	-0.555461	0.719873	-0.640624	-0.307963	-0.170348	-0.034375	-0.050867	0.437225	
0.533284	0.454915	-0.899554	0.940304	-0.05843	0.064185	-0.250711	-0.928387	0.664408	0.280609	0.565525	0.906717	-0.203111	0.830894	-0.166791	-0.654799	-0.480366	-0.400461	0.882008	0.335736	-0.182863	-0.325421	0.298529	0.661288	-0.046579	0.903793	0.002633	-0.36332	-0.46159	-0.004262	0.696518	-0.293794	-0.677748	0.113413	-0.789724	0.7807	0.770637	-0.773172	-0.942496	0.351422	0.338386	-0.276268	-0.273727	-0.816734	0.60797	0.883634	0.600974	-0.459645	0.168193	-0.070777	
0.329914	0.525702	0.31971	0.483488	0.603395	-0.187219	0.192585	-0.889745	-0.702	0.756857	-0.853127	0.229554	0.150352	-0.504043	0.323491	0.059412	0.335608	0.921238	-0.859285	0.042045	0.03353	0.829446	0.92683	0.751111	0.991249	0.980929	0.247617	-0.077224	0.131572	-0.173347	0.052049	0.864251	0.012486	0.696503	-0.011992	-0.730711	0.202991	-0.050186	-0.608725	0.075433	0.884339	0.093846	-0.023901	0.773504	-0.154443	-0.464366	0.605804	0.947892	-0.369469	-0.006968	
0.776783	0.34212	0.98964	-0.550464	0.023924	-0.478325	0.346293	0.067339	0.353033	0.812022	-0.6357	0.656393	0.719845	-0.150293	0.218991	0.520789	-0.044862	-0.155895	0.873327	0.009615	-0.017301	0.554478	0.816937	-0.417736	0.376926	0.599452	-0.520284	-0.503061	0.874852	0.298882	-0.108189	-0.840996	-0.592909	-0.358987	-0.48555	0.036874	-0.671549	0.011116	-0.98117	0.626306	-0.915521	-0.587932	-0.116976	0.795862	-0.218488	0.94981	0.90728	-0.628363	-0.866183	-0.027749	
-0.391986	0.510186	-0.681563	-0.933997	-0.889977	-0.464645	0.820874	0.583495	0.796406	-0.729488	-0.285052	-0.17872	-0.016109	0.511308	-0.928927	-0.577112	0.04919	0.664466	0.444802	0.37028	-0.476312	-0.485991	0.215838	0.975047	-0.7794	-0.081032	0.823757	0.116763	-0.292323	-0.604396	-0.708724	0.530401	-0.253335	0.30139	-0.104471	0.038195	0.805303	-0.897475	-0.161036	0.319215	0.769687	0.448765	0.411445	-0.49377	-0.014609	0.570593	0.076006	0.149527	-0.771894	0.748279	
0.123465	-0.925045	0.079511	0.999282	0.170977	-0.174403	-0.754641	-0.637629	0.852504	-0.51635	-0.554059	0.031875	-0.349103	0.644709	0.090792	-0.584444	-0.779947	0.792831	-0.516602	-0.430836	0.062298	-0.407451	-0.446603	0.08704	0.754783	-0.58853	0.29546	0.622393	0.467593	-0.00431	0.888552	0.548365	0.393745	0.071196	0.740862	-0.903414	-0.848848	-0.336789	-0.964793	0.103187	0.874882	0.205011	0.523668	0.381478	0.206541	-0.447251	0.434138	-0.401067	-0.636663	-0.126971	
-0.657055	-0.451651	-0.204773	-0.193854	0.743957	0.937363	0.589885	-0.28694	0.574614	-0.650965	0.187516	0.302334	-0.827262	0.119983	-0.992968	0.366096	0.284817	0.278419	0.427281	0.256716	-0.430812	0.01106	0.773648	0.733137	-0.763018	0.483519	0.229891	0.305369	0.230143	-0.773756	0.922806	-0.945244	0.981812	0.824746	0.505927	0.228053	-0.527278	-0.680474	0.30702	0.728936	0.163729	0.007152	-0.428486	0.364673	0.587099	-0.567668	0.066313	-0.555941	-0.54827	-0.846399	
-0.273248	0.857738	-0.574839	0.203551	-0.539089	-0.684717	0.363075	-0.511617	-0.680347	-0.424043	0.084317	-0.149024	-0.368555	-0.952232	-0.530109	0.130616	0.400763	-0.450624	0.624556	-0.850123	-0.096136	0.083958	0.716654	-0.162553	-0.867954	-0.627082	-0.249527	-0.76489	0.728779	-0.135929	-0.055583	-0.634678	-0.535054	0.67539	0.082947	-0.165663	0.697218	0.120534	0.365575	0.886673	0.601761	-0.773838	0.91604	-0.039287	0.707333	0.800728	-0.321192	-0.645567	0.665798	0.806947	
-0.726686	0.425729	-0.914369	-0.033408	-0.604621	0.66615	-0.560835	0.408141	0.810136	0.02411	0.10502	-0.83348	-0.364067	0.91101	0.543147	0.215298	0.408563	0.713101	0.671341	-0.501361	0.940633	0.133075	0.033196	0.556109	-0.064848	0.853275	-0.151646	-0.091557	-0.904918	0.488169	0.853309	0.915227	0.044242	-0.905926	-0.758767	-0.891956	0.98866	0.131755	0.443588	-0.065876	-0.04102	0.763514	-0.971709	-0.441996	-0.666843	-0.745343	0.674091	0.857028	-0.182777	-0.643056	
-0.965604	-0.363174	0.387347	0.30626	-0.449637	-0.040532	0.699029	-0.551985	-0.022363	0.317112	0.915878	0.264493	0.547206	0.427419	0.145584	-0.667997	0.009982	0.975307	0.002082	0.167473	0.026877	0.800107	-0.768158	0.601905	-0.96416	-0.644785	0.804811	-0.526402	0.670011	0.108311	-0.927804	0.357014	0.682927	0.988467	0.228689	-0.055691	0.782954	0.695396	-0.280337	0.736035	-0.707899	0.184403	0.461374	-0.913915	0.452083	0.310496	-0.568008	-0.693018	0.635132	0.987713	
-0.936993	0.96915	0.373824	0.86862	0.483808	-0.52986	0.281292	0.200089	-0.151817	-0.952063	-0.19424	0.242484	-0.590869	0.767268	-0.103044	-0.836386	0.009052	-0.104421	0.744201	-0.920163	0.895725	0.785481	-0.067245	0.721906	-0.723092	0.506045	-0.119904	-0.816289	-0.225926	0.981277	0.063933	0.150081	-0.121276	0.09247	-0.60093	-0.308641	0.93678	-0.173442	0.490223	0.297863	0.964206	0.976408	0.539223	-0.232391	-0.086074	0.073545	-0.272601	0.675752	0.001069	0.465351	
0.93985	0.109952	-0.039787	0.195865	-0.672313	-0.04033	0.018836	0.736083	0.298782	-0.328858	-0.824399	-0.53316	0.819169	0.459836	0.240208	0.284695	-0.648277	0.769452	-0.011821	0.853199	0.377423	-0.847119	-0.862426	-0.462987	0.333387	0.114999	-0.434036	-0.631553	-0.526837	-0.370783	0.691235	0.95793	0.403461	0.704915	-0.826605	-0.304191	0.642663	0.943394	0.460019	-0.940845	0.657102	-0.846491	-0.702906	-0.428691	0.919215	-0.084565	0.914344	-0.63144	-0.309091	0.669697	
0.692072	0.671715	-0.473478	-0.374541	0.923249	-0.806757	0.689271	0.020365	0.138759	-0.252594	0.535729	-0.345278	-0.365715	-0.794547	-0.213335	0.653201	-0.575037	-0.414188	-0.197107	-0.792505	0.935579	-0.168524	-0.718867	0.755803	-0.532279	0.261849	0.589923	-0.312862	0.642918	-0.966252	-0.914004	-0.022908	0.615522	-0.174424	0.22171	-0.798997	-0.660049	0.564984	-0.030942	0.129998	0.852377	0.622978	0.430914	-0.918158	-0.044177	-0.861636	0.33636	0.361066	0.338505	-0.913709	
0.734194	-0.978304	-0.254983	0.385093	0.104407	0.183626	0.904043	-0.224095	0.597607	0.371713	0.883497	-0.780838	0.103241	0.913105	-0.0132	-0.753368	0.631578	0.846837	-0.980788	0.753212	-0.613743	-0.05005	0.12893	-0.395812	0.960958	-0.903401	-0.606829	0.733457	-0.717597	0.857704	0.874463	0.996261	0.520717	0.671175	-0.445424	0.118831	0.042772	-0.150424	0.545139	0.635028	-0.517185	0.091987	-0.806248	-0.273327	-0.227452	0.426358	-0.35241	0.205995	-0.710226	0.798516	
-0.988595	0.407171	0.782945	-0.961877	0.019021	0.657977	0.748694	-0.284364	0.317511	-0.345709	-0.845197	-0.159863	-0.367478	0.57499	0.690879	0.089751	0.14063	-0.14873	-0.119808	0.927336	-0.44676	0.458589	0.325841	-0.894351	-0.38785	-0.580286	0.228467	0.10919	0.253114	-0.183016	0.514633	0.589494	0.61224	0.616127	-0.974557	-0.94714	0.836183	0.775209	-0.262445	-0.46754	-0.008851	-0.002241	-0.408907	0.322042	-0.649115	-0.985921	0.023991	-0.65971	-0.058323	-0.552225	
-0.883839	-0.926515	0.015388	0.660489	0.753771	0.487372	-0.097181	0.916029	-0.293399	-0.948518	-0.679384	0.725312	0.554815	-0.534011	-0.322525	-0.055181	0.4943	0.121759	0.530407	0.815367	-0.680232	0.33834	0.52557	0.131627	-0.428799	-0.476567	-0.40385	0.7368	-0.838592	-0.380118	0.433987	0.191789	-0.493624	-0.90599	0.875344	-0.516195	-0.007534	-0.200204	0.966088	0.905143	-0.430515	-0.637486	-0.91368	0.066246	0.693525	0.257633	0.924177	0.616558	-0.396342	-0.863281	
0.537371	0.271711	0.30724	-0.647112	0.539053	-0.820422	-0.967612	-0.285412	0.532292	0.563932	0.428219	0.671506	-0.900866	-0.502246	0.558762	0.532442	0.886801	0.060693	0.698266	0.271429	-0.294094	-0.269879	0.644255	-0.733174	0.443549	0.78652	0.204287	0.242153	-0.831072	0.209105	0.586619	0.56461	-0.31052	0.531719	0.610312	0.033755	-0.007696	-0.293701	-0.937226	-0.463306	0.75478	0.554963	0.92815	0.185839	0.692086	0.458943	-0.883816	-0.014014	-0.622684	0.15572	
0.919531	0.571906	0.967783	-0.837881	0.772029	-0.274555	0.852344	-0.972366	0.227272	-0.422307	0.597859	0.382917	0.098917	0.821783	0.717136	-0.878247	0.971293	-0.926343	-0.985121	-0.408542	-0.794001	0.598507	0.912666	0.347786	0.635831	-0.494765	-0.653699	-0.197827	0.533937	0.037304	-0.410689	-0.345057	-0.903855	-0.387093	-0.892156	0.936579	-0.598212	0.991483	0.115849	-0.024666	0.635607	0.144568	-0.522547	0.065479	-0.362758	-0.896373	0.662117	0.026391	0.830402	0.983563	
-0.651529	-0.176816	0.482693	-0.810632	0.404115	0.03607	-0.570765	0.812439	-0.834321	-0.537336	-0.039247	0.681352	-0.990848	0.146714	-0.219647	0.305783	-0.19481	-0.453392	0.373205	0.491701	0.765551	-0.372325	0.084805	-0.36926	0.999742	0.761917	-0.196996	-0.413655	0.31306	-0.056168	0.536277	0.949066	0.452906	0.40639	0.324615	0.880452	-0.627549	0.652096	0.467596	-0.46344	-0.630801	0.549949	-0.949552	-0.087545	-0.686998	-0.132435	-0.759406	0.006484	-0.485649	-0.375326	
-0.618769	-0.397548	0.111556	0.867378	-0.584478	0.395481	0.81131	0.376931	-0.363059	0.779161	-0.620465	0.793642	-0.598625	-0.527093	-0.537797	0.934444	-0.647979	0.455927	-0.843163	0.759534	0.116472	0.933941	0.989921	-0.768163	0.905582	-0.208667	0.354262	0.854609	0.746973	0.179876	0.748114	0.343613	0.760325	0.787118	0.652857	0.049928	0.394221	-0.523896	0.578632	0.50668	-0.317392	-0.009392	0.829512	-0.280665	-0.125024	0.066043	-0.733823	0.774175	0.265824	0.592796	
0.221931	-0.985942	0.205705	-0.513967	0.623651	0.348945	0.321798	-0.708622	-0.378308	-0.128688	-0.928681	-0.383768	0.208693	0.667888	0.974988	-0.025556	0.632119	0.950369	-0.566023	0.881832	0.511572	-0.644074	-0.234041	-0.156953	-0.834936	-0.732761	0.614301	0.507329	0.197819	0.247783	-0.171997	-0.98131	0.357477	0.176129	-0.396852	-0.206822	0.706638	0.383028	0.257799	0.385612	-0.665082	-0.776831	-0.53003	-0.485545	0.891873	0.884574	0.935206	0.237678	-0.551512	-0.714486	
-0.000793	0.955086	0.548711	-0.743966	-0.014352	0.149914	0.646265	-0.067016	-0.260443	0.620752	0.262171	0.414672	-0.08964	0.130938	-0.5757	-0.717777	0.827611	0.251107	0.935211	0.093443	0.716836	-0.18646	0.069586	-0.246889	0.797305	0.705427	-0.107742	0.956077	0.399178	0.663977	-0.289697	0.961641	0.630608	-0.019448	-0.647271	0.723432	-0.174478	0.067562	-0.745329	-0.05833	-0.655777	0.926382	-0.663531	-0.367826	0.899775	-0.583598	0.809594	0.724392	-0.625751	0.829945	
-0.803208	0.145508	0.771498	-0.674905	0.38357	-0.797669	0.847943	-0.832141	-0.103472	-0.547866	0.363807	0.329423	0.598446	0.233514	0.244197	0.385641	-0.586493	-0.69009	-0.452543	-0.395291	-0.98604	-0.692757	-0.945842	-0.739802	0.825321	-0.628216	-0.542351	0.184488	0.545863	-0.13692	-0.584945	-0.793407	0.874505	-0.542138	0.39714	-0.222238	0.348871	-0.607567	-0.175448	0.43681	-0.965114	0.896694	0.962431	-0.850581	-0.683739	0.119739	-0.000222	-0.180975	-0.890177	0.562487	
0.184204	0.644218	-0.78991	0.227062	0.7653	-0.618401	-0.812798	0.82956	-0.302008	-0.384471	0.209981	-0.433862	-0.607183	0.476175	-0.078936	-0.754226	0.361425	-0.178794	0.291475	-0.31681	-0.153448	-0.215426	0.854125	0.292325	-0.383553	0.909361	-0.703756	0.326598	0.221124	0.399991	-0.648081	0.442849	0.407842	-0.832055	0.62455	-0.287036	-0.393913	-0.823546	0.479194	0.38743	0.659608	-0.445037	-0.879957	-0.397939	0.758877	-0.593064	-0.346948	-0.342729	-0.100578	-0.703983	
0.59255	-0.668784	0.755059	-0.709632	0.747798	-0.329344	-0.97906	-0.899409	0.429949	-0.888462	-0.70338	0.225355	-0.353114	-0.185225	-0.313418	-0.582162	0.72007	0.889829	0.087775	0.477216	0.311078	-0.475425	-0.158592	-0.257501	0.136637	0.721475	0.286131	-0.587882	0.604488	0.726322	0.915448	-0.157348	0.852999	-0.881226	0.151691	0.096341	0.014184	0.191272	-0.771479	0.9158	-0.242637	-0.029729	-0.943013	-0.613344	0.151711	0.678411	0.690315	0.288418	0.47818	0.733244	
0.36838	-0.703727	0.556255	0.417918	0.63504	-0.299979	-0.340145	0.280735	0.723596	0.841786	0.294035	0.916703	0.540522	-0.275267	-0.148895	0.115083	0.887279	0.026359	0.435909	0.176215	-0.098354	0.337377	-0.044566	-0.845127	0.961292	-0.784984	-0.547439	0.436158	0.845825	-0.8119	0.717841	0.429421	0.0641	-0.409243	-0.877349	-0.054538	-0.713201	-0.144183	0.789684	-0.468345	-0.412746	-0.527762	-0.654549	0.208895	-0.66947	0.317539	0.182867	-0.866848	-0.336927	0.157577	
0.262092	0.410102	0.626319	-0.314988	-0.239982	0.072361	0.336172	0.503632	0.14671	0.616576	0.625326	-0.731548	-0.053019	-0.456709	0.426524	-0.801387	0.662765	-0.074766	0.744858	-0.048325	0.259094	-0.206529	0.031852	0.354061	0.156137	-0.057785	-0.111096	-0.834671	-0.054731	0.078963	0.05203	0.137179	-0.01232	-0.218807	-0.536383	-0.456856	0.289509	0.152574	0.929502	0.404536	-0.162364	0.263682	-0.400393	-0.342564	0.6078	0.440247	-0.628473	0.142033	0.52472	0.140673	
0.284505	-0.036248	0.894056	0.868116	0.102697	0.568663	0.410251	-0.852291	0.748887	0.883174	0.158845	-0.160147	0.630882	0.00621	0.66139	0.994314	-0.793496	-0.626037	-0.747568	-0.880146	-0.796836	-0.467244	-0.316761	0.877116	0.756344	-0.93761	0.790859	0.831769	0.252194	0.253127	-0.149919	0.159888	-0.807281	0.53163	0.201236	0.950795	-0.291069	-0.137258	0.663656	-0.710279	0.603491	-0.59945	-0.998292	0.946134	0.474902	0.743062	-0.942749	-0.975189	0.05976	0.511171	
-0.374005	-0.172756	0.263029	-0.467189	0.405261	0.330471	0.388355	0.009891	-0.309855	-0.342336	0.55278	-0.932402	-0.740837	0.34566	0.962877	0.106433	0.44953	0.145014	0.646269	0.210388	-0.147773	-0.960544	-0.523171	-0.435386	-0.243165	-0.6036	-0.828316	0.416278	0.671485	0.228228	-0.283242	0.772501	-0.137476	0.880858	0.38345	-0.323885	-0.59564	-0.40592	-0.175053	-0.339271	0.321518	-0.095229	0.000149	0.135614	-0.533342	0.870064	0.027203	0.19495	0.214159	-0.181845	
-0.903829	-0.181545	0.321973	-0.847959	0.086692	0.5381	0.598222	0.303895	0.103322	-0.766608	-0.009791	0.698965	-0.955754	-0.697811	0.546177	0.827061	-0.785662	0.764388	-0.433238	0.260977	0.067334	-0.333165	0.887285	-0.641234	0.035337	-0.227991	-0.548912	0.199897	-0.590537	0.18833	-0.878705	-0.403717	-0.326989	0.653159	-0.676507	0.253375	-0.218054	0.623961	-0.60788	-0.144044	-0.704486	0.037522	0.873938	-0.116625	-0.119548	-0.697336	-0.013602	0.27861	-0.642536	-0.928969	
-0.654492	-0.829278	0.972786	0.718782	0.39056	-0.194489	0.612852	-0.939883	-0.465628	-0.625924	-0.39347	0.081929	0.035552	-0.39043	0.508579	0.52064	-0.797877	0.753754	0.163239	0.02769	0.222492	-0.928972	-0.118654	-0.881595	-0.765219	0.823084	-0.144881	-0.124174	-0.880611	-0.215321	-0.031925	0.33855	-0.922221	0.181672	0.256443	0.440402	0.687831	-0.795596	-0.604322	-0.656777	-0.096273	0.115961	-0.780374	-0.159203	-0.403406	0.511894	0.344429	0.883456	-0.54924	-0.885791	
0.519795	0.978035	0.623091	-0.604439	-0.694723	-0.622551	0.248096	-0.217952	0.949246	-0.075123	-0.095214	0.687599	-0.459542	0.979958	0.170315	0.778007	-0.286621	0.64738	0.857881	-0.963431	-0.524506	-0.803449	0.940922	-0.274737	-0.582899	0.943218	0.018413	-0.924569	-0.895494	0.226127	-0.451208	-0.868488	-0.552995	-0.821295	-0.915635	-0.736803	0.219177	-0.617752	-0.180139	-0.805344	-0.374125	0.720244	-0.44119	0.776922	0.714285	-0.359533	-0.552849	0.404707	0.90759	0.90087	
0.727689	0.561881	-0.850757	0.697464	0.951607	-0.089879	0.656849	0.601735	0.493598	0.530474	0.248392	-0.414832	0.769701	0.0235	-0.287159	0.92919	-0.04933	-0.093948	0.555955	-0.272784	-0.658935	0.198177	0.863221	-0.947439	-0.095538	-0.896709	-0.648262	0.938234	0.960758	-0.250778	0.115125	-0.633635	-0.11702	-0.344124	0.58564	-0.234111	-0.54019	0.174399	-0.739017	0.919348	0.733495	-0.075361	-0.492567	0.018131	-0.771131	0.786165	0.833505	0.313396	-0.881696	0.29854	
-0.942809	0.610353	-0.312242	0.493905	-0.792986	-0.904703	-0.199083	-0.083671	-0.992368	-0.872073	0.951995	0.040071	0.383711	0.545487	0.501885	-0.969811	0.647996	-0.016716	-0.909144	-0.187781	0.76426	0.107548	-0.315678	0.864894	-0.494315	0.411041	-0.194795	0.023705	0.152842	-0.393677	-0.398924	0.324075	-0.709772	0.885275	0.551292	-0.311442	-0.76661	-0.032206	0.011454	0.295759	-0.946393	-0.179243	0.482185	-0.933222	0.794204	0.029979	-0.638568	0.113333	-0.264455	-0.466318	
-0.166321	0.780088	0.463221	-0.774839	-0.757656	0.573754	0.460214	0.633193	0.607359	-0.493314	0.984711	-0.642657	0.745298	0.903524	0.529916	0.298962	0.874132	0.715635	-0.240553	0.222771	0.862583	0.682999	0.832824	-0.14833	0.429105	-0.528711	-0.497073	-0.331431	-0.478695	0.867684	0.209137	-0.495773	0.177848	-0.429634	0.283247	-0.629151	0.073286	0.415972	0.535012	0.129604	-0.97069	0.27623	0.560031	-0.827118	-0.899802	-0.819946	-0.763239	0.366528	-0.554235	0.572656	
-0.493288	-0.798479	-0.781244	0.745507	0.440508	-0.444137	0.331786	-0.768756	0.497312	0.765478	0.959275	0.345544	0.509743	0.523254	-0.591436	0.278023	-0.634455	0.078567	0.781377	-0.372076	-0.349759	-0.778455	0.932938	0.355305	0.037824	0.303938	0.889087	-0.506508	0.851884	0.204589	-0.601593	-0.747141	0.374189	-0.951307	-0.71798	0.573067	-0.212293	0.976453	0.695484	0.375864	-0.524567	0.130674	-0.654873	-0.463475	-0.250303	-0.7263	-0.866252	0.315254	0.751331	-0.279057	
0.515265	0.416291	0.477849	-0.292097	0.695025	0.210695	0.14659	0.258664	-0.467056	-0.424195	-0.134391	0.726296	0.168063	-0.091219	-0.730417	0.099439	-0.197502	-0.248	-0.243513	0.96552	-0.965065	-0.62496	0.424279	0.748839	-0.668554	-0.930537	0.389513	-0.786829	-0.581891	-0.212031	0.982626	0.928138	0.476732	-0.659228	0.32341	-0.84403	-0.908728	0.338368	-0.283624	-0.105431	-0.394467	-0.069838	0.745154	0.76084	-0.658165	-0.013428	-0.366085	-0.67263	-0.33766	0.941641	
0.097547	-0.755231	0.448215	-0.120776	0.159823	-0.160968	0.824246	-0.052012	0.271263	-0.166217	-0.257653	0.527791	-0.852894	-0.0575	0.155724	0.274689	0.740276	-0.444708	0.713057	-0.249196	-0.743998	0.385114	0.382955	0.476953	-0.240604	0.276921	-0.084588	-0.152194	0.773134	-0.461238	0.913805	0.769797	0.475059	0.341962	-0.481722	-0.915798	0.640391	0.129429	0.37626	-0.314322	-0.550719	0.781316	-0.509333	-0.307025	-0.385679	-0.265114	0.606561	-0.373601	-0.84773	-0.42981	
0.715958	0.771687	-0.204177	-0.57941	-0.571755	0.628457	0.730969	-0.460593	-0.117666	0.942807	-0.227202	-0.778486	0.169756	0.322116	0.72123	-0.489188	0.066794	0.258981	0.287498	0.384799	0.317623	0.407494	-0.290795	0.092637	-0.751205	0.206448	-0.799843	-0.068476	-0.1669	0.598227	-0.438376	0.523182	-0.511978	0.6137	0.361809	0.711137	0.941781	0.988787	-0.073092	-0.1136	0.001724	0.534894	-0.374495	-0.255896	-0.3616	-0.421641	0.130201	0.918502	-0.121368	0.774025	
0.999189	0.281846	0.363185	-0.876889	-0.186113	-0.256057	-0.356815	0.818104	0.051893	-0.320582	-0.27318	-0.067682	0.623273	-0.32512	-0.697792	0.951299	-0.234577	-0.490091	-0.666494	-0.339121	0.216793	-0.223415	0.953836	0.8049	0.468282	0.833944	-0.80968	-0.943459	0.230933	-0.964745	0.177439	0.00839	-0.668549	0.360929	0.805527	-0.591195	-0.044813	0.649201	0.917792	-0.200202	-0.11612	0.501926	-0.346132	0.068788	0.943509	-0.984021	-0.876035	-0.031495	0.259198	-0.234427	
0.482568	-0.497798	0.361679	0.197573	-0.386625	0.36751	0.340271	-0.724972	0.912155	0.925298	-0.952749	0.362629	0.597052	-0.144079	-0.504875	0.403836	-0.899626	0.416732	-0.238559	0.885738	0.721371	-0.574873	-0.97128	0.687399	0.385358	0.373183	-0.439748	0.501421	0.723729	-0.282337	-0.144978	0.978315	0.278734	0.177185	-0.784033	-0.526541	-0.160872	-0.324084	0.301991	0.749454	-0.399243	0.088703	-0.678866	0.85891	-0.778734	0.640794	-0.930981	0.059723	0.532034	0.228081	
-0.784944	0.933554	0.981521	0.061096	-0.055024	-0.019186	-0.5239	-0.852403	-0.808818	0.767076	0.580785	0.878078	-0.05909	-0.002969	0.247003	-0.675087	-0.80415	0.19483	0.71716	0.738462	0.44788	-0.683185	0.751457	-0.503168	-0.414182	-0.849629	-0.304364	0.866891	-0.238943	0.816082	0.742631	0.202331	0.64822	-0.521924	0.834866	0.286704	0.687312	0.90217	-0.452423	-0.574333	0.303099	0.431859	-0.19641	0.081309	0.062167	-0.307025	-0.486004	0.924847	0.529972	0.311141	
-0.311084	0.471622	-0.733557	0.26004	-0.018351	0.885301	-0.486427	0.516993	-0.796429	0.057885	-0.771287	0.681705	-0.964721	0.446186	-0.947421	0.92142	0.095906	0.383845	0.715189	0.305064	-0.629397	-0.177062	-0.973359	-0.86311	0.26991	0.726102	-0.689309	-0.567007	-0.508365	0.884592	-0.779027	0.510722	-0.296905	-0.514659	0.148516	0.972947	-0.16882	-0.596229	-0.536184	-0.293667	0.754566	-0.713389	-0.094564	-0.956393	-0.83278	0.03792	-0.743894	0.711419	0.679601	-0.718449	
-0.758785	0.717406	0.227484	0.557425	-0.043151	-0.179218	-0.598623	-0.395467	-0.114865	-0.217554	-0.562683	0.999998	-0.978169	0.195109	0.431088	0.119633	0.15254	-0.743423	-0.051463	0.706753	0.405225	-0.669129	0.199321	0.576984	-0.664108	0.289793	-0.848188	-0.965644	0.556681	-0.42899	-0.090513	0.474225	0.459028	-0.741707	0.76486	0.146793	0.614792	-0.277257	-0.520911	0.757586	-0.012795	0.704181	-0.8992	0.872011	0.475269	0.762572	-0.811069	0.98187	0.856694	0.376255	
-0.971468	-0.300206	0.091608	-0.859992	-0.260339	-0.224522	0.994062	-0.974762	-0.485105	0.440721	-0.170666	-0.2579	0.599981	0.212389	-0.721914	0.680227	0.000447	-0.033561	0.754591	0.734894	-0.086495	-0.917993	0.878763	-0.496897	0.932745	-0.775535	0.573582	0.784602	0.169865	-0.996172	0.123167	-0.497649	-0.316632	0.492551	-0.521307	-0.451433	0.808494	0.546043	-0.720684	-0.067017	-0.213845	0.886323	-0.001531	-0.471763	0.519412	-0.186977	-0.800416	-0.692518	-0.055795	-0.883698	
0.867147	0.9393	-0.618597	0.229627	-0.944378	0.274844	0.258245	0.263838	0.611797	0.586107	0.532282	0.717301	-0.005751	0.255851	0.998204	0.984294	0.578432	-0.984569	-0.33402	0.642306	0.713204	0.165066	-0.983486	-0.318892	-0.022761	0.78971	0.714271	0.556267	0.369624	-0.33354	-0.080894	-0.135128	0.702554	-0.085154	-0.698932	0.265621	0.652607	-0.416032	0.112947	-0.253651	-0.875957	0.051874	0.098932	-0.524075	0.846541	0.552308	0.102396	0.561751	0.47944	0.724624	
0.006034	0.96649	0.009584	-0.878836	0.829385	-0.148435	0.446312	-0.38958	0.715098	-0.863657	0.760683	-0.633793	-0.103126	-0.340011	-0.379148	-0.98603	0.032889	0.88343	-0.586531	0.433096	-0.138319	0.430544	0.747894	0.75471	-0.642525	0.55002	-0.848937	-0.000664	0.66544	0.790466	-0.639981	0.733724	0.78286	-0.450948	0.414903	0.502827	-0.176488	-0.039917	-0.395031	-0.881632	0.627959	-0.6489	0.682196	0.809857	0.738203	-0.29604	0.976987	-0.310561	0.211288	0.347495	
-0.101343	-0.406362	0.197339	0.865067	-0.767813	0.427411	-0.686401	0.359367	0.375286	0.726078	0.914716	0.516054	0.203147	-0.933486	-0.406787	0.089773	-0.113289	-0.292689	-0.655633	-0.658253	-0.651658	0.867536	0.159111	0.245914	-0.072306	-0.291594	-0.219301	-0.550063	0.689088	-0.410007	-0.909008	-0.219081	0.200938	0.36725	0.53142	-0.161146	0.047916	-0.868132	-0.926299	-0.297668	0.022707	0.164563	0.745753	-0.8591	0.037622	-0.713424	-0.393336	-0.502561	0.549646	-0.079641	
-0.455322	0.982883	0.479883	-0.661737	-0.192606	-0.784699	-0.934059	-0.663671	0.798911	0.099392	0.467034	-0.982316	0.01922	-0.080228	-0.049699	0.942442	-0.587141	0.401377	-0.784605	0.722109	-0.128528	-0.898372	0.255779	0.230607	0.492851	-0.999724	0.837707	0.701832	0.38123	0.624826	-0.55447	0.403831	-0.574907	-0.400908	-0.608767	-0.952652	0.393973	0.531534	0.15073	0.611981	0.782691	-0.92026	-0.528595	-0.397821	-0.72955	-0.333598	-0.275845	-0.41674	0.845444	-0.672292	
-0.347572	0.884693	-0.795461	-0.936656	0.518282	0.896554	-0.997988	-0.300092	-0.316392	0.001758	-0.39011	0.853887	0.188988	-0.732441	0.541965	0.750993	-0.314767	-0.877803	-0.11488	-0.687803	-0.74494	-0.593076	-0.933394	-0.382808	-0.411645	-0.126686	0.728351	0.040165	0.032034	0.39177	0.40726	-0.04824	0.04755	-0.57695	-0.92519	-0.169718	0.878118	-0.204754	-0.521427	-0.241414	0.201213	-0.922622	0.298723	-0.411453	0.217705	-0.253022	0.693952	-0.777717	-0.671653	0.74506	
0.016087	0.007623	0.024245	0.002026	0.025718	0.021018	0.03072	0.000476	0.032962	0.021884	0.028286	0.01774	0.005877	0.00756	0.018442	0.010228	0.036371	0.02903	0.038171	0.041227	0.034424	0.011783	0.029488	0.010135	0.028992	0.04141	0.017693	0.001844	0.030006	0.009003	0.034565	0.013478	0.025471	0.009062	0.007726	0.005203	0.039402	0.033941	0.029819	0.004806	0.009846	0.001946	0.02744	0.002625	0.02366	0.016469	0.009287	0.01693	0.032718	0.025137	
0.002881	0.03329	0.0131	0.027551	0.025001	0.017638	0.017372	0.002466	0.004694	0.030123	0.023917	0.035368	0.024572	0.027544	0.006758	0.03539	0.036545	0.036037	0.036075	0.01082	0.001355	0.030914	0.013537	0.011237	0.027469	0.036803	0.00277	0.000385	0.007463	0.021869	0.00755	0.036093	0.001998	0.02555	0.036177	0.03727	0.005344	0.030177	0.018595	0.001858	0.03315	0.016335	0.020378	0.023062	0.02158	0.009101	0.005717	0.007431	0.031538	0.030152	
0.04264	0.042223	0.011819	0.005476	0.024466	0.028071	0.044958	0.025349	0.00107	0.001876	0.008447	0.020365	0.013516	0.0396	0.003769	0.019954	0.025458	0.041923	0.00986	0.046039	0.005695	0.032519	0.019021	0.036776	0.019706	0.021105	0.022784	0.003091	0.00082	0.025463	0.042768	0.018828	0.038086	0.000439	0.033314	0.017355	0.017573	0.014646	0.016526	0.00492	0.011167	0.003477	0.026849	0.018289	0.000488	0.029588	0.002124	0.020471	0.022869	0.016364	
0.03825	0.032536	0.012438	0.035181	0.002519	0.021192	0.03966	0.035725	0.002646	0.00818	0.024574	0.014098	0.028152	0.039726	0.028393	0.006918	0.038886	0.037159	0.023468	0.028747	0.024245	0.024489	0.011612	0.002441	0.023179	0.029158	0.006362	0.021948	0.003235	0.023278	0.004681	0.014067	0.009365	0.009905	0.036693	0.021206	0.011629	0.005651	0.009868	0.00127	0.014545	0.001314	0.035834	0.038659	0.002265	0.011259	0.006399	0.035754	0.037417	0.023824	
0.03211	0.0406	0.000393	0.0246	0.018537	0.035718	0.040729	0.026655	0.020299	0.041421	0.011321	0.009291	0.035049	0.00531	0.020272	0.008734	0.009811	0.002525	0.009745	0.000262	0.024827	0.032006	0.021787	0.038126	0.039443	0.029833	0.014579	0.000108	0.001335	0.010291	0.037145	0.012759	0.013158	0.026743	0.037262	0.012959	0.023629	0.010951	0.001394	0.031017	0.009873	0.028752	0.017508	0.01137	0.030254	0.000109	0.018357	0.007139	0.03859	0.025314	
0.04258	0.021869	0.017857	0.014304	0.037551	0.008763	0.025715	0.001772	0.033585	0.032563	0.013117	0.004929	0.03222	0.023951	0.040881	0.001325	0.009632	0.002788	0.010272	0.004516	0.038697	0.037785	0.014463	0.002323	0.043455	0.012183	0.02266	0.032405	0.000831	0.032091	0.016235	0.026099	0.013282	0.006213	0.014103	0.0367	0.039449	0.012025	0.03205	0.012344	0.013068	0.041369	0.015245	0.000417	0.003635	0.001913	0.019376	0.015301	0.035741	0.028352	
0.028506	0.023529	0.029749	0.009876	0.0286	0.010003	0.027393	0.019682	0.005482	0.025176	0.02598	0.022275	0.023396	0.005325	6.2e-05	0.020412	0.035296	0.009898	0.014705	0.006522	0.000706	0.029342	0.02946	0.02041	0.034764	0.023228	0.024343	0.0316	0.000857	0.023455	0.00246	0.003892	0.024027	0.011634	0.037703	0.031608	0.018881	0.009824	0.022398	0.027837	0.011735	0.018981	0.02174	0.020061	0.01994	0.016665	0.036136	0.020501	0.016347	0.037598	
0.010927	0.02982	0.033142	0.029955	0.015549	0.011273	0.002802	0.007275	0.010615	0.013516	0.034688	0.032426	0.021899	0.023201	0.011688	0.032976	0.007887	0.02529	0.030364	0.028813	0.009645	0.024777	0.020509	0.015466	0.030226	0.001963	0.029751	0.002916	0.036154	0.000405	0.03605	0.007853	0.030171	0.020948	0.012152	0.007095	0.006526	0.021266	0.037392	0.034307	0.02047	0.017328	0.022916	0.017432	0.03268	0.025027	0.018714	0.017394	0.026563	0.001798	
0.015571	0.005316	0.00025	0.019227	0.004019	0.039933	0.029297	0.030177	0.03372	0.022079	0.021343	0.033055	0.022604	0.003107	0.006012	0.006824	0.028776	0.011481	0.017976	0.023288	0.012824	0.018843	0.031947	0.027785	0.027634	0.030723	0.036702	0.025225	0.021763	0.019742	0.0342	0.028196	0.019756	0.014285	0.006749	0.037801	7.4e-05	0.009507	0.016167	0.022339	0.00839	0.015301	0.011529	0.019988	0.025044	0.002364	0.013936	0.037538	0.028513	0.02108	
0.036085	0.021737	0.03553	0.026834	0.010675	0.031808	0.015878	0.008071	0.007958	0.006376	0.032648	0.030632	0.033067	0.03487	0.026166	0.033369	0.017018	0.023972	0.03622	0.027306	0.008378	0.029592	0.028586	0.013628	0.035712	0.010205	0.02157	0.027616	0.021949	0.002644	0.017621	0.026441	0.012104	0.032391	0.018179	0.010416	0.023669	0.012328	0.001985	0.011875	0.013478	0.016882	0.007334	0.01565	0.01229	0.002489	0.006649	0.030232	0.030115	0.001772	
0.000875	0.019042	0.010232	0.011269	0.007965	0.038142	0.036861	0.03276	0.010903	0.030211	0.000695	0.018276	0.012431	0.015537	0.019481	0.039205	0.00321	0.003208	0.015108	0.021488	0.030115	0.038552	0.031489	0.014173	0.000893	0.032901	0.002274	0.029185	0.025538	0.013969	0.007969	0.038007	0.026623	0.007164	0.024689	0.029626	0.007196	0.016313	0.013786	0.007215	0.018899	0.037855	0.030439	0.023005	0.028298	0.022621	0.03848	0.037626	0.013598	0.004603	
0.003813	0.040182	0.00879	0.032779	0.00365	0.018083	0.030114	0.016252	0.04307	0.00874	0.02872	0.031865	0.027776	0.020698	0.033792	0.022129	0.031121	0.004637	0.002784	0.016339	0.033538	0.024793	0.036449	0.006115	0.017166	0.004385	0.004445	0.005311	0.024808	0.004381	0.003296	0.029207	0.029542	0.017173	0.020918	0.005574	0.024366	0.036717	0.016266	0.01983	0.015032	0.038804	0.016847	0.017177	0.002368	0.008673	0.02449	0.012607	0.035352	0.039036	
0.014587	0.024019	0.031085	0.00711	0.005995	0.033482	0.007357	0.001437	0.008443	0.02828	0.030773	0.014375	0.005612	0.005827	0.034351	0.038599	0.004837	0.008547	0.00097	0.0132	0.023372	0.033345	0.029801	0.007249	0.022742	0.004308	0.036481	0.021139	0.034573	0.023401	0.038211	0.019037	0.033814	0.018159	0.008971	0.007796	0.033285	0.036931	0.00171	0.028168	0.020481	0.030403	0.013255	0.038796	0.038399	0.007868	0.003615	0.028876	0.029345	0.007583	
0.029521	0.027851	0.00758	0.010837	0.022852	0.022933	0.020703	0.004082	0.035416	0.031256	0.017588	0.027421	0.015473	0.011711	0.008262	0.024262	0.007866	0.023047	0.019474	0.012989	0.017348	0.013943	0.004877	0.004954	0.02231	0.036279	0.022504	0.003728	0.033473	0.019134	0.01414	0.013041	0.02574	0.029005	0.020647	0.00347	0.027257	0.002645	0.029828	0.009939	0.028326	0.012783	0.02443	0.033477	0.025494	0.03431	0.033916	0.023767	0.033766	0.014345	
0.01888	0.016354	0.029711	0.00733	0.021828	0.004167	0.008226	0.025502	0.011924	0.00933	0.039764	0.000284	0.016287	0.040149	0.011081	0.033438	0.007961	0.014509	0.029748	0.033783	0.002513	0.009761	0.034314	0.027433	0.03162	0.039695	0.026314	0.021193	0.01278	0.026384	0.006556	0.034282	0.02057	0.01322	0.031452	0.029813	0.038407	0.01562	0.02454	0.017066	0.015382	0.002656	0.000331	0.011139	0.030614	0.012753	0.025909	0.00864	0.03205	0.016737	
0.011971	0.013536	0.011898	0.034595	0.011502	0.031112	0.001388	0.017316	0.012036	0.019046	0.026876	0.03251	0.035571	0.007733	0.027907	0.023567	0.021924	0.027615	0.014967	0.023448	0.034844	0.000589	0.015667	0.029066	0.028591	0.035599	0.005834	0.00482	0.028419	0.030276	0.001238	0.01135	0.025612	0.011155	0.002623	0.02352	0.034227	0.019176	0.02992	0.03058	0.032313	0.008298	0.020085	0.014723	0.002335	0.003956	0.033798	0.029591	0.009708	0.035569	
0.037314	0.039531	0.037355	0.024654	0.017089	0.029171	0.005459	0.00207	0.024742	8.9e-05	0.021618	0.037997	0.041153	0.022016	0.020964	0.010768	0.005545	0.033128	0.012315	0.040785	0.008917	0.017036	0.002565	0.018591	0.03711	0.009043	0.040199	0.028209	0.028477	0.007283	0.004691	0.01336	0.000944	0.020963	0.002387	0.024392	0.00541	0.000488	0.038716	0.024682	0.013808	0.036676	0.033951	0.003053	0.010248	0.027958	0.007419	0.041517	0.010765	0.017379	
0.005465	0.006953	0.017537	0.037192	0.036004	0.015838	0.009574	0.028245	0.018844	0.040971	0.028305	0.007074	0.010049	0.005809	0.002637	0.039286	0.010351	0.034087	0.000535	0.012118	0.02679	0.019948	0.025124	0.011529	0.02525	0.013464	0.010209	0.016477	0.037234	0.002718	0.008938	0.028727	0.017127	0.032426	0.018594	0.021025	0.037371	0.003232	0.041003	0.004807	0.008951	0.021498	0.036018	0.036128	0.034324	0.012368	0.019089	0.00717	0.019574	0.036013	
0.026004	0.02886	0.033394	0.036475	0.018737	0.030762	0.028588	0.018579	0.024416	0.032863	0.031053	0.033228	0.008717	0.015438	0.029541	0.029372	0.018853	0.031062	0.01106	0.026422	0.015243	0.013166	0.006411	0.034823	0.015358	0.007536	0.012988	0.002894	0.019182	0.003369	0.007674	0.010959	0.037333	0.014211	0.021316	0.00914	0.01473	0.020931	0.026915	0.028722	0.011978	0.021549	0.018643	0.033277	0.002133	0.001755	0.030825	0.020531	0.008406	0.014578	
0.028419	0.000171	0.001777	0.023619	0.033379	0.007911	0.031177	0.016466	0.008104	0.022598	0.03598	0.017406	0.025332	0.007438	0.035736	0.011513	0.005684	0.035337	0.031815	0.036172	0.016284	0.013027	0.032935	0.032854	0.011088	0.013825	0.021286	0.036443	0.022463	0.024327	0.00575	0.008081	0.029603	0.021261	0.00364	0.026628	0.022094	0.013186	0.013472	0.033756	0.011843	0.030664	0.029153	0.012931	0.00069	0.033593	0.019871	0.008893	0.032278	0.002047	
0.013635	0.009277	0.029971	0.011884	0.00984	0.022639	0.036143	0.016647	0.036519	0.02625	0.009022	0.014253	0.036503	0.018611	0.034364	0.005956	0.001832	0.00029	0.015079	0.012386	0.006376	0.029679	0.028799	0.007643	0.014475	0.039124	0.035092	0.029232	0.036834	0.011355	0.016771	0.017733	0.036452	0.033594	0.012718	0.00031	0.025711	0.018068	0.012321	0.013133	0.039893	0.022529	0.016415	0.029227	0.002139	0.002104	0.02108	0.019291	0.023076	0.037725	
0.019718	0.007261	0.007906	0.03261	0.011032	0.018837	0.016494	0.036737	0.002093	0.035602	0.041339	0.002718	0.041627	0.003972	0.020187	0.006169	0.026091	0.025202	0.020317	0.013016	0.035131	0.037914	0.042257	0.03014	0.000936	0.001294	0.003033	0.018784	0.025124	0.008892	0.035776	0.007285	0.023821	0.008515	0.021437	0.009937	0.021561	0.037491	0.021646	0.006193	0.025181	0.005286	0.000983	0.027082	0.034909	0.026755	0.038848	0.01006	0.022945	0.021856	
0.003261	0.008757	0.005809	0.013343	0.035818	0.036784	0.022958	0.016451	0.021736	0.000632	0.019765	0.011921	0.033396	0.014517	0.034886	0.03308	0.026802	0.029262	0.027805	0.000659	0.011194	0.002321	0.018135	0.008032	0.006226	0.034896	0.025531	0.010237	0.011198	0.033706	0.024936	0.018128	0.031523	0.033484	0.004052	0.009371	0.024016	0.034548	0.015157	0.017041	0.034837	0.016234	0.013129	0.013408	0.004332	0.027476	0.025162	0.021551	0.035646	0.036851	
0.031168	0.014232	0.011528	0.044089	0.021634	0.040074	0.020278	0.04469	0.038296	0.012499	0.003835	0.007569	0.010743	0.039765	0.010566	0.019743	0.028532	0.025616	0.017832	0.021066	0.02981	0.03881	0.013503	0.015475	0.015141	0.043425	0.017795	0.000529	0.00269	0.012894	0.028684	0.014967	0.010639	0.001471	0.021881	0.003386	0.009221	0.020236	0.008706	0.019405	0.003251	0.042848	0.036232	0.008627	0.003576	0.005702	0.039011	0.032958	0.028493	0.006879	
0.032665	0.002638	0.0263	0.017385	0.040468	0.012567	0.006257	0.022758	0.00294	0.016666	0.012828	0.034151	0.015625	0.00851	0.015526	0.030122	0.042121	0.034489	0.00709	0.01937	0.012862	0.027776	0.005773	0.031454	0.039093	0.03454	0.007172	0.011147	0.021498	0.018087	0.032854	0.006027	0.037144	0.03381	0.011953	0.020425	0.007052	0.019584	0.007208	0.01429	0.030855	0.022177	0.019038	0.042634	0.021201	0.027834	0.006921	0.017945	0.00682	0.00435	
0.029028	0.005669	0.010075	0.030886	0.024083	0.033529	0.000762	0.018455	0.019807	0.007362	0.012895	0.021509	0.000348	0.01704	0.040626	0.031531	0.007295	0.027617	0.042319	0.011263	0.010695	0.03898	0.043462	0.012119	0.004913	0.004151	0.023899	0.024951	0.012802	0.029886	0.025626	0.005347	0.022197	0.016894	0.043457	0.001154	0.011762	0.042389	0.018163	0.016585	0.02385	0.031826	0.020059	0.020506	0.011493	0.010342	0.005727	0.022717	0.018257	0.033692	
0.022261	0.02996	0.020276	0.023292	0.017094	0.034619	0.035968	0.036298	0.036229	0.036439	0.01726	0.02918	0.032886	0.01165	0.003275	0.014526	0.016272	0.006902	0.034267	0.037766	0.016491	0.004404	0.000707	0.015858	0.037142	0.018076	0.001299	0.02025	0.015353	0.015292	0.009199	0.036114	0.000466	0.036334	0.006914	0.022504	0.032582	0.007129	0.026355	0.001784	0.010302	0.026969	0.029765	0.006799	0.025329	0.009941	0.033499	0.015682	7.4e-05	0.020967	
0.03627	0.004577	0.019526	0.031607	0.035888	0.002041	0.01447	0.012853	0.013842	0.009369	0.03314	0.009255	0.007551	0.027708	0.015633	0.040646	0.002225	0.036634	0.036115	0.025271	0.019447	0.009283	0.012486	0.023282	0.006934	0.034097	0.040968	0.035701	0.023427	0.038305	0.034154	0.000154	0.015325	0.030332	0.003458	0.020534	0.026341	0.03273	0.034956	0.011502	0.022158	0.01203	0.016686	0.004658	0.014997	0.014767	0.018877	0.013762	0.012786	0.001242	
0.016008	0.00284	0.038254	0.02782	0.033071	0.008847	0.003687	0.029103	0.004627	0.017697	0.032381	0.028069	0.015601	0.033243	0.002186	0.010824	0.017517	0.010014	0.010949	0.018402	0.00951	0.020352	0.008249	0.029994	0.008499	0.007985	0.037374	0.011512	0.033661	0.011129	0.019987	0.003819	0.035101	0.039536	0.031177	0.038917	0.01296	0.036511	0.028493	0.018845	0.002391	0.009927	0.02505	0.021976	0.019997	0.028629	0.012993	0.011332	0.027254	0.0357	
0.006149	0.006519	0.006659	0.018002	0.034145	0.001251	0.020048	0.017308	0.027951	0.013095	0.024238	0.029221	0.032117	0.02439	0.009358	0.003418	0.02034	0.002111	0.041309	0.022589	0.031981	0.043395	0.037683	0.017047	0.033875	0.002592	0.041788	0.013274	0.038325	0.004299	0.005687	0.004135	0.042231	0.010977	0.034102	0.011493	0.011011	0.026842	0.005259	0.023826	0.033713	0.017948	0.007137	0.01489	0.01856	0.001327	0.02969	0.010358	0.037349	0.028988	
0.039296	0.019825	0.012569	0.034571	0.008613	0.009692	0.035432	0.02471	0.040765	0.027175	0.002898	0.033495	0.029047	0.010184	0.025402	0.007178	0.03167	0.025669	0.008008	0.026011	0.037271	0.017894	0.025825	0.008605	0.015751	0.004065	0.030006	0.000861	0.004671	0.00061	0.022192	0.000702	0.021893	0.029136	0.002495	0.0195	0.025587	0.000347	0.018843	0.035383	0.024791	0.032671	0.011142	0.022652	0.024607	0.018687	0.032942	0.020707	0.034583	0.003371	
0.032433	0.01194	0.035232	0.036675	0.004349	0.014404	0.014507	0.020322	0.008792	0.011776	0.03076	0.010702	0.032833	0.005535	0.022722	0.007974	0.028578	0.015453	0.021792	0.016772	0.019737	0.024571	0.009075	0.035929	0.032649	0.002835	0.03466	0.039371	0.023585	0.007679	0.022561	0.017622	0.016316	0.032645	0.020644	0.0233	0.004321	0.035276	0.029905	0.01489	0.003629	0.035128	0.027697	0.025273	0.009738	0.002307	0.029479	0.020874	0.013894	0.000859	
0.009978	0.014112	0.032489	0.011626	0.041092	0.005388	0.014337	0.007264	0.034858	0.002093	0.038689	0.002108	0.009078	4.9e-05	0.032056	0.000326	0.008752	0.005876	0.037096	0.038729	0.043696	0.042285	0.000142	0.036862	0.024605	0.007729	0.009693	0.019872	0.004806	0.035495	0.022275	0.013287	0.015194	0.029072	0.006117	0.02482	0.023197	0.016038	0.00833	0.024323	0.005972	0.024401	0.03661	0.003778	0.013834	0.008259	0.029298	0.045252	0.043057	0.035705	
0.019957	0.028943	0.004085	0.004463	0.021226	0.026126	0.026402	0.002204	0.000941	0.016582	0.03705	0.002208	0.036288	0.037197	0.011418	0.025232	0.015675	0.011318	0.036462	8.5e-05	0.008237	0.026977	0.023392	0.016628	0.027135	0.03325	0.011735	0.025503	0.013149	0.014666	0.027392	0.017304	0.024424	0.040804	0.010122	0.015978	0.00955	0.007469	0.036693	0.038721	0.039079	0.02702	0.006215	0.024944	0.030306	0.017636	0.027055	0.002318	0.023854	0.008582	
0.021486	0.008052	0.03645	0.025548	0.034216	0.02979	0.006259	0.016921	0.024563	0.023359	0.035076	0.00412	0.006213	0.010285	0.034084	0.020021	0.030532	0.00465	0.035881	0.029323	0.019329	0.023879	0.029852	0.018099	0.000963	0.008261	0.032189	0.024182	0.03611	0.004411	0.022081	0.00921	0.012354	0.031556	0.011874	0.023193	0.018144	0.031525	0.020855	0.022755	0.005164	0.028834	0.020464	0.022498	0.018255	0.012989	0.015674	0.005292	0.022474	0.010705	
0.02379	0.025928	0.033166	0.03457	0.006537	0.028135	0.0319	0.034959	0.007723	0.013164	0.017587	0.032755	0.019909	0.0205	0.017053	0.010903	0.005661	0.00916	0.014547	0.024433	0.017894	0.025767	0.0257	0.034296	0.027439	0.002596	0.013684	0.031628	0.018558	0.029406	0.01034	0.019857	0.020301	0.00119	0.02298	0.024822	0.006424	0.033139	0.021039	0.020257	0.016213	0.025286	0.016409	0.027644	0.008107	0.035387	0.000742	0.029744	0.014121	0.00665	
0.039542	0.026956	0.002149	0.015526	0.004521	0.038046	0.004513	0.036033	0.035838	0.029598	0.030933	0.011066	0.001079	0.026295	0.009351	0.020593	0.010217	0.040551	0.004038	0.006395	0.037187	0.009425	0.004691	0.013531	0.035076	0.025609	0.034361	0.021214	0.032294	0.035703	0.007703	0.024149	0.00401	0.006653	0.015096	0.002409	0.003429	0.001492	0.023817	0.000937	0.029067	0.034196	0.023168	0.030522	0.031347	0.024631	0.002948	0.031466	0.020646	0.039983	
0.029847	0.001933	0.022915	0.011885	0.015413	0.011669	0.029828	0.014433	0.018314	0.007564	0.005698	0.03954	0.02805	0.03412	0.02804	0.02868	0.00896	0.042021	0.016353	0.035985	0.04104	0.026689	0.016633	0.01173	0.013917	0.013367	0.033529	0.00099	0.020947	0.005836	0.006405	0.01679	0.015818	0.00371	0.008681	0.019139	0.039161	0.026718	0.000526	0.027655	0.038688	0.021926	0.029758	0.017727	0.008258	0.012334	0.010478	0.007262	0.037523	0.035517	
0.031388	0.007034	0.007362	0.009166	0.033334	0.035839	0.021816	0.020587	0.024996	0.023617	0.015924	0.02739	0.005301	0.002185	0.023342	0.035256	0.002059	0.03351	0.018285	0.012273	0.016224	0.021022	0.025354	0.037527	0.037712	0.014138	0.029112	0.029039	0.012904	0.020177	0.023539	0.023693	0.013439	0.036797	0.003582	0.008957	0.027753	0.011061	0.004689	0.034764	0.034127	0.028733	0.003108	0.016179	0.019937	0.006122	0.033233	0.008918	0.00764	0.019856	
0.019016	0.025017	0.010336	0.013399	0.036651	0.026878	0.007332	0.003901	0.003076	0.03022	0.028902	0.037275	0.018986	0.018906	0.021542	0.018688	0.029986	0.021715	0.033694	0.023832	0.033861	0.00334	0.002732	0.015276	0.011907	0.02932	0.0312	0.023067	0.010653	0.028372	0.001703	0.004647	0.028782	0.006016	0.008378	0.033186	0.015877	0.003352	0.018059	0.032847	0.032809	0.028267	0.038263	0.007333	0.020901	0.038059	0.007473	0.011628	0.029375	0.013965	
0.022714	0.023132	0.013328	0.025642	0.02404	0.008954	0.007251	0.021386	0.024067	0.039004	0.032759	0.027815	0.022224	9.8e-05	0.010527	0.030582	0.007621	0.03275	0.039095	0.010841	0.032153	0.023716	0.039353	0.001799	0.01349	0.025304	0.015212	0.007943	0.0289	0.002654	0.031839	0.013861	0.002052	0.03094	0.025911	0.011149	0.01544	0.023337	0.009056	0.029119	0.034637	0.013503	0.035515	0.015636	0.017714	0.015569	0.01097	0.038254	0.00794	0.003204	
0.022571	0.006055	0.019592	0.027772	0.001108	0.005809	0.030633	0.021902	0.005582	0.041358	0.025425	0.021937	0.035645	0.008441	0.024434	0.007301	0.027418	0.021364	0.006734	0.033811	0.022604	0.001077	0.024182	0.038637	0.014149	0.013921	0.027787	0.031501	0.027036	0.001714	0.002786	0.012309	0.003595	0.015411	0.031863	0.011428	0.036997	0.026874	0.010221	0.038515	0.031104	0.02481	0.013422	0.008685	0.013934	0.018813	0.026314	0.028495	0.010251	0.036673	
0.008388	0.006164	0.011298	0.025169	0.033958	0.015145	0.031036	0.029532	0.001051	0.031545	0.018353	0.029934	0.028092	0.001875	0.023318	0.03753	0.006912	0.025984	0.004108	0.039167	0.017698	0.034963	0.001288	0.014107	0.037243	0.006943	0.018939	0.009765	0.02852	0.033052	0.025148	0.003276	0.028305	0.029397	0.034172	0.007725	0.013877	0.032609	0.002279	0.036239	0.017829	0.01093	0.010181	0.006078	0.028043	0.020853	0.02531	0.019636	0.010553	0.026483	
0.029709	0.007685	0.038166	0.000348	0.023002	0.009294	0.022148	0.032395	0.00924	0.001567	0.038649	0.027573	0.00191	0.004421	0.035724	0.008109	0.023384	0.033016	0.004547	0.001124	0.005986	0.039772	0.010587	0.010067	0.030998	0.005966	0.038126	0.031876	0.026618	0.030262	0.025735	0.005862	0.029772	0.023241	0.04094	0.009149	0.023057	0.004854	0.031731	0.034783	0.024586	0.017559	0.032045	0.00446	0.021614	0.008263	0.028674	0.000438	0.036006	0.014962	
0.011394	0.004708	0.003989	0.025389	0.005406	0.007612	0.03225	0.014574	0.03559	0.02499	0.025914	0.033377	0.003475	0.030639	0.038167	0.000372	0.004935	0.032009	0.030878	0.021541	0.007199	0.013338	0.023329	0.012253	0.023784	0.021196	0.023417	0.009528	0.016525	0.032392	0.027398	0.00836	0.011471	0.017124	0.004817	0.020129	0.009343	0.020097	0.018646	0.037103	0.037259	0.020663	0.010535	0.024691	0.02851	0.01515	0.027474	0.030617	0.025388	0.035055	
0.016335	0.023248	0.024997	0.042822	0.027246	0.008216	0.008216	0.024904	0.025423	0.014371	0.001834	0.028654	0.039576	0.03348	0.019018	0.009399	0.013521	0.039898	0.025375	0.012008	0.021429	0.009349	0.026187	0.026545	0.010393	0.026926	0.031989	0.011965	0.022329	0.002861	0.039787	0.029436	0.035691	0.016359	0.025627	0.015668	0.026411	0.02234	0.001373	0.008025	0.0105	0.025331	0.009997	0.043707	0.020006	0.003861	0.004893	0.016405	0.008332	0.007737	
0.008272	0.011225	0.033099	0.00151	0.001048	0.026982	0.003358	0.008232	0.008429	0.018818	0.027105	0.001217	0.003707	0.028843	0.019826	0.037842	0.037719	0.017186	0.001681	0.036232	0.023017	0.034572	0.037053	0.00282	0.021339	0.039519	0.005534	0.014007	0.022713	0.007453	0.007234	0.000878	0.001766	0.022159	0.036216	0.008947	0.034	0.028298	0.023262	0.031276	0.027099	0.037272	0.012019	0.017311	0.039074	0.008797	0.022698	0.024266	0.03983	0.03724	
0.021299	0.031205	0.033798	0.021529	0.026005	0.026708	0.02536	0.03008	0.014956	0.022054	0.029502	0.008744	0.01469	0.028121	0.018607	0.007659	0.030911	0.010981	0.032895	0.024059	0.028443	0.027048	0.029954	0.027507	0.026599	0.001166	0.006662	0.030151	0.011844	0.019474	0.00143	0.019193	0.033357	0.004565	0.003686	0.012627	0.020863	0.023027	0.022499	0.024602	0.00171	0.009452	0.023117	0.031534	0.009756	0.030406	0.014519	0.000145	0.028788	0.016713	
0.008337	0.0103	0.030176	0.018395	0.002355	0.038992	0.002071	0.00062	0.005542	0.005199	0.019872	0.007659	0.011498	0.035541	0.002936	0.003093	0.005963	0.032835	0.008422	0.035511	0.018543	0.02866	0.033923	0.007939	0.032878	0.026894	0.038091	0.029165	0.009474	0.012444	0.037945	0.039989	0.004602	0.03648	0.010232	0.009056	0.001169	0.014949	0.034544	0.021572	0.022961	0.03346	0.031386	0.019855	0.038107	0.035134	0.017372	0.002921	0.027989	0.036949	
0.016756	0.029539	0.037696	0.03556	0.037109	0.016494	0.015506	0.005966	0.025146	0.011399	0.006994	0.005955	0.030019	0.002665	0.038174	0.022417	0.021339	0.011778	0.026548	0.038453	0.006257	0.013691	0.035722	0.02221	0.023118	0.011944	0.008071	0.01003	0.002704	0.003039	0.035605	0.000923	0.010157	0.00194	0.015632	0.030097	0.007185	0.022782	0.031245	0.020275	0.011083	0.025964	0.035423	0.038591	0.031243	0.03164	0.021053	0.012061	0.007636	0.037166	
0.026418	0.007333	0.000962	0.022238	0.040058	0.04009	0.034705	0.025579	0.021902	0.015917	0.03479	0.012665	0.03369	0.024756	0.004154	9.2e-05	0.028899	0.020476	0.00222	0.039371	0.01303	0.027676	0.021131	0.004457	0.026436	0.006341	0.022457	0.025395	0.018626	0.025839	0.004575	0.002244	0.018387	0.014299	0.026003	0.002629	0.026173	0.001597	0.012121	0.028685	0.039598	0.010372	0.035753	0.00117	0.011419	0.028691	0.022843	0.03342	0.012466	0.039852	
0.030239	0.010827	0.026874	0.035501	0.028713	0.003828	0.019573	0.018833	0.002581	0.032979	0.006861	0.001236	0.007355	0.040386	0.007534	0.000374	0.032153	0.023514	0.012569	0.034466	0.026813	0.008607	0.007874	0.021851	0.001444	0.003352	0.034796	0.039339	0.031168	0.025035	0.023705	0.007201	0.006243	0.032698	0.035966	0.010362	0.002764	0.017443	0.029928	0.011218	0.023081	0.027301	0.012536	0.02075	0.032728	0.037652	0.023454	0.032713	0.010927	0.024655	
0.029515	0.017464	0.022799	0.023089	0.010204	0.027722	0.027099	0.025185	0.041886	0.038485	0.003325	0.024105	0.02897	0.000425	0.037011	0.012041	0.027047	0.008547	0.009592	0.007112	0.04182	0.035056	0.008629	0.007044	0.004375	0.019951	0.010446	0.001537	0.007987	0.016027	0.013723	0.025569	0.016602	0.007336	0.01381	0.010649	0.029463	0.024455	0.029086	0.028582	0.015166	0.03558	0.01645	0.035684	0.024444	0.007333	0.019634	0.015802	0.027674	0.028463	
0.014237	0.031665	0.003647	0.028473	0.026804	0.006811	0.028591	0.025002	0.022909	0.024033	0.037382	0.017877	0.009322	0.021886	0.026591	0.01637	0.027634	0.026744	0.033163	0.001349	0.032137	0.01129	0.034955	0.010214	0.005098	0.027046	0.004851	0.010215	0.029437	0.010599	0.021493	0.021387	0.026406	0.024279	0.003645	0.027968	0.01082	0.015733	0.018465	0.028773	0.000873	0.022927	0.026238	0.018172	0.037766	0.020555	0.010395	0.036822	0.009015	0.011936	
0.023147	0.008974	0.038922	0.02711	0.014754	0.025405	0.034504	0.03211	0.005255	0.019851	0.005498	0.013871	0.035683	0.036913	0.022729	0.0167	0.026551	0.001961	0.028049	0.030798	0.020888	0.001821	0.03043	0.038907	0.037959	0.029393	0.013637	0.015288	0.014806	0.007497	0.021806	0.036847	0.014746	0.010397	0.007185	0.023481	0.037579	0.016769	0.01747	0.004663	0.038526	0.002929	0.010252	0.0077	0.002501	0.01611	0.013328	0.027812	0.01489	0.015598	
0.021972	0.038439	0.01083	0.038058	0.005914	0.003698	0.002023	0.036424	0.009946	0.036134	0.031612	0.036647	0.003122	0.034563	0.021125	0.005193	0.024963	0.013329	0.039403	0.038715	0.00863	0.014411	0.007339	0.03037	0.005732	0.027462	0.025881	0.016277	0.016109	0.025649	0.015237	0.028249	0.015846	0.014707	0.006767	0.019638	0.038981	0.034843	0.005608	0.000586	0.025135	0.039118	0.006099	0.033014	0.006699	0.004259	0.009883	0.033054	0.026339	0.005968	
0.010345	0.014502	0.017719	0.001772	0.006829	0.010351	0.006394	0.025734	0.030658	0.017843	0.009283	0.022742	0.036258	0.032125	0.014372	0.035316	0.029012	0.011433	0.003692	0.018507	0.025662	0.032236	0.031398	0.012133	0.027904	0.00168	0.017701	0.018979	0.032056	0.009315	0.015161	0.020276	0.014298	0.013693	0.030876	0.030831	0.022537	0.024414	0.031741	0.036794	0.001449	0.022713	0.030203	0.022894	0.017611	0.032741	0.019735	0.008245	0.027217	0.01262	
0.006384	0.003285	0.032273	0.019921	0.022541	0.027125	0.035349	0.019765	0.036151	0.028269	0.033379	0.004041	0.009982	0.023076	0.001474	0.037545	0.015732	0.013188	0.001127	0.031626	0.029028	0.009582	0.030589	0.034961	0.028869	0.031106	0.020428	0.030374	0.002996	0.033575	0.001548	0.020225	0.033357	0.020135	0.016377	0.009558	0.015274	0.038074	0.018904	0.002736	0.015396	0.006013	0.017352	0.026747	0.006089	0.002414	0.01114	0.022324	0.032028	0.030568	
0.009066	0.016051	0.033822	0.008847	0.03306	0.019539	0.027319	0.024473	0.025975	0.018916	0.028137	0.003062	0.019468	0.029031	0.012359	0.016928	0.031595	0.004397	0.035826	0.02529	0.037282	0.020329	0.003231	0.022318	0.011161	0.028803	0.034942	0.032189	0.002595	0.033394	0.013914	0.027739	0.019554	0.014078	0.017604	0.004513	0.033013	0.000163	0.025259	0.020574	0.033429	0.020219	0.031577	0.007656	0.022825	0.025947	0.003369	0.014673	0.005681	0.008808	
0.019784	0.031464	0.039012	0.006604	0.016903	0.013554	0.008451	0.017913	0.020016	0.014016	0.044833	0.037539	0.035409	0.036498	0.008958	0.007371	0.026883	0.001923	0.028903	0.00927	0.04444	0.015138	0.008249	0.025394	0.005759	0.041548	0.00397	0.04475	0.006264	0.019853	0.029341	0.019639	0.022356	0.018085	0.016839	0.023467	0.001498	0.027446	0.022584	0.044056	0.038576	0.00723	0.03036	0.006534	0.013639	0.000836	0.015696	0.002193	0.014686	0.00427	
0.005515	0.035709	0.009482	0.011078	0.0079	0.037499	0.021474	0.00272	0.024441	0.012903	0.018327	0.014545	0.01756	0.02691	0.022451	0.034549	0.034062	0.019155	0.010607	0.025598	0.014742	0.036448	0.027865	0.002658	0.020996	0.022991	0.0286	0.016797	0.034245	0.005299	0.007444	0.004686	0.00564	0.013113	0.006058	0.019863	0.034069	0.021134	0.032353	0.038758	0.027362	0.026368	0.015324	0.036363	0.013744	0.038293	0.015909	0.025456	0.004968	0.009969	
0.007745	0.001382	0.017871	0.001884	0.039183	0.030243	0.006683	0.038534	2e-06	0.023157	0.028835	0.005814	0.038414	0.03326	0.020768	0.012349	0.000971	0.012278	0.025094	0.003995	0.010318	0.020394	0.003483	0.020097	0.010384	0.00049	0.023165	0.007292	0.018493	0.019035	0.033198	0.040108	0.000561	0.043081	0.024783	0.024882	0.021062	0.041404	0.025035	0.014971	0.042374	0.013892	0.036251	0.035027	0.01205	0.030987	0.016493	0.017965	0.027914	0.016349	
0.018781	0.025143	0.008871	0.009967	0.012533	0.011593	0.019587	0.006397	0.010652	0.020274	0.03397	0.003236	0.000208	0.024702	0.030905	0.006119	0.01857	0.039425	0.044355	0.027519	0.001902	0.001315	0.038425	0.011691	0.039975	0.038438	0.016618	0.043941	0.012129	0.014925	0.044362	0.015589	0.021748	0.005683	0.035556	0.014885	0.02072	0.001447	0.029586	0.03321	0.013372	0.005453	0.026353	0.013413	0.015776	0.015327	0.040069	0.039443	0.007644	0.008198	
0.009743	0.025587	0.010101	0.005059	0.002805	0.004195	0.033064	0.041705	0.018283	0.025205	0.029048	0.009845	0.003612	0.022409	0.024685	0.018865	0.019293	0.041227	0.012712	0.012735	0.02737	0.020927	0.005907	0.036988	0.04035	0.008978	0.007859	0.004809	0.010609	0.024574	0.034871	0.016276	0.014541	0.033778	0.017479	0.033356	0.023533	0.041345	0.008953	0.003955	0.009494	0.023593	0.017899	0.034864	0.010884	0.020624	0.022133	0.014923	0.022214	0.036736	
0.02162	0.023659	0.017288	0.035059	0.037577	0.035662	0.031444	0.026952	0.004434	0.006649	0.01537	0.022407	0.032863	0.028741	0.034727	0.02433	0.007292	0.012367	0.02392	0.03736	0.013242	0.024736	0.003338	0.025776	0.009624	0.025393	0.009143	0.012433	0.002646	0.006797	0.018032	0.018947	0.008442	0.010592	0.017177	0.019344	0.021889	0.025104	0.015206	0.017241	0.0349	0.027791	0.026498	0.020614	0.033156	0.015049	0.002249	0.016	0.025168	0.013752	
0.03271	0.000227	0.006344	0.006841	0.015343	0.008951	0.018422	0.016004	0.02704	0.011562	0.036602	0.025938	0.012722	0.032578	0.001497	0.021025	0.018155	0.007767	0.014503	0.030776	0.022464	0.019605	0.005341	0.023292	0.011212	0.01739	0.00096	0.034337	0.011665	0.020069	0.015524	0.024974	0.023829	0.024229	0.027317	0.00154	0.029633	0.034962	0.008378	0.036845	0.022338	0.02803	0.029192	0.032385	0.032965	0.014026	0.028904	0.035596	0.021592	0.016399	
0.017089	0.039998	0.010316	0.036051	0.023477	0.031017	0.017435	0.004732	0.03141	0.029818	0.009395	0.035697	0.032334	0.017968	0.035275	0.005109	0.03998	0.030493	0.031925	0.034976	0.006	0.004258	0.008766	0.00322	0.006919	0.019967	0.038812	0.000152	0.014531	0.036831	0.026714	0.00167	0.010949	0.030234	0.017149	0.034956	0.035051	0.007239	0.007524	0.005621	0.009266	0.018541	0.022746	0.013042	0.02454	0.012866	0.005696	0.024266	0.036654	0.001325	
0.019089	0.033562	0.003116	0.003127	0.036382	0.019454	0.001082	0.017349	0.031164	0.008062	0.031885	0.014864	0.019022	0.030918	0.025553	0.038289	0.016217	0.016316	0.01086	0.033452	0.025201	0.029143	0.040749	0.008659	0.019597	0.029924	0.017941	0.014376	0.030314	0.019786	0.02545	0.007997	0.026064	0.016462	0.002441	0.013516	0.035975	0.00037	0.022237	0.011814	0.014054	0.009447	0.000981	0.032596	0.009956	0.005783	0.037946	0.029181	0.021983	0.030294	
0.034971	0.005067	0.016283	0.013229	0.038642	0.0016	0.009899	0.018212	0.032535	0.00757	0.030267	0.00027	0.028689	0.031721	0.037998	0.038042	0.001515	0.02409	0.034665	0.028453	0.000526	0.03304	0.03974	0.024083	0.024973	0.025688	0.029538	0.004254	0.009301	0.037782	0.003574	0.021034	0.003771	0.039437	0.008322	0.020994	0.028279	0.003057	0.038454	0.02969	0.010862	0.008329	0.021116	0.005541	0.024818	0.013427	0.009993	0.013611	0.02642	0.006628	
0.012319	0.030366	0.009701	0.005042	0.029306	0.010038	0.007492	0.019567	0.025737	0.0096	0.032652	0.024666	0.027749	0.032787	0.031975	0.01575	0.031897	0.018596	0.021071	0.016089	0.033856	0.014392	0.033109	0.014885	0.022873	0.024314	0.005634	0.011312	0.001232	0.029241	0.028564	0.003816	0.033177	0.032573	0.001729	0.000983	0.025589	0.028329	0.035666	0.035537	0.006023	0.036209	0.011392	0.016188	0.029035	0.016783	0.019652	0.005247	0.011765	0.018495	
0.021342	0.037867	0.020058	0.038048	0.008713	0.00871	0.021514	0.02125	0.001844	0.039061	0.033325	0.027818	0.029059	0.038942	0.022477	0.016571	0.0178	0.017331	0.014	0.035974	0.007563	0.023811	0.003765	0.040306	0.033356	0.003589	0.024847	0.005952	0.008078	0.001059	0.022477	0.025087	0.00763	0.010857	0.016035	0.019614	0.006883	0.011225	0.037168	0.018918	0.033622	0.02939	0.018728	0.030253	0.028644	0.006193	0.019971	0.015873	0.012231	0.005171	
0.032792	0.003295	0.025473	0.009635	0.024643	0.013519	0.018647	0.034062	0.007228	0.016223	0.020467	0.030341	0.022128	0.027134	0.018766	0.007542	0.03019	0.020848	0.034842	0.039772	0.014447	0.01338	0.008797	0.022463	0.021697	0.014791	0.029364	0.027049	0.031719	0.010696	0.022016	0.012622	0.034138	0.018453	0.014446	0.022798	0.036957	0.026477	0.001296	0.013861	0.011514	0.003207	0.039478	0.027276	0.029068	0.005598	0.016536	0.000241	0.014423	0.017645	
0.022402	0.016492	0.024154	0.003812	0.009649	0.02027	0.035348	0.035117	0.023958	0.014897	0.034062	0.035041	0.015414	0.03246	0.021158	0.000641	0.014106	0.028721	0.01432	0.025811	0.002436	0.014499	0.022728	0.018401	0.009302	0.031367	0.029477	0.021355	0.018869	0.030732	0.024036	0.011532	0.010925	0.017357	0.033851	0.008808	0.02159	0.024955	0.021369	0.022199	0.001213	0.000316	0.003182	0.035318	0.035086	0.001002	0.017484	0.033138	0.020266	0.029374	
0.021776	0.008563	0.024564	0.03704	0.018771	0.025338	0.001802	0.019215	0.014429	0.032741	0.038077	0.003817	0.031506	0.00812	0.019254	0.037388	0.003726	0.0141	0.00795	0.021721	0.028138	0.032887	0.020205	0.011166	0.015619	0.039417	0.019347	0.018545	0.021613	0.005034	0.027237	0.02382	0.039851	0.032261	0.008853	0.029027	0.015479	0.031056	0.001973	0.034106	0.002411	0.005764	0.001948	0.026528	0.021225	0.022594	0.003703	0.005902	0.031738	0.032655	
0.011709	0.000705	0.018697	0.01089	0.019812	0.040986	0.009772	0.024514	0.023484	0.032363	0.035183	0.038573	0.019183	0.014794	0.01859	0.017782	0.033765	0.003621	0.039544	0.010834	0.022304	0.010476	0.007978	0.038621	0.037203	0.008288	0.033676	0.029306	0.010664	0.04176	0.022126	0.025784	0.043791	0.002209	0.010846	0.008709	0.021505	0.002925	0.036885	0.001867	0.021568	0.011628	0.033698	0.009536	0.031105	0.011047	0.019072	0.008811	0.003007	0.008804	
0.000241	0.003861	0.006711	0.039269	0.042377	0.02687	0.006449	0.003127	0.001327	0.005847	0.005041	0.041827	0.042685	0.007509	0.002709	0.011702	0.038071	0.031485	0.033283	0.007669	0.004126	0.041831	0.031737	0.01653	0.011025	0.008325	0.002531	0.025549	0.043304	0.0395	0.028267	0.012295	0.000797	0.015684	0.010808	0.017278	0.039729	0.041952	0.037406	0.016111	0.02002	0.024425	0.017948	0.02022	0.000852	0.011613	0.036534	0.007832	0.041556	0.016155	
0.028111	0.002308	0.002104	0.037224	0.017803	0.018956	0.000445	0.017789	0.012501	0.007981	0.016898	0.037382	0.032807	0.034929	0.017753	0.001687	0.034983	0.026494	0.010706	0.014392	0.000198	0.025242	0.038955	0.031047	0.005386	0.016074	0.01617	0.011203	0.018361	0.027322	0.025678	0.016771	0.038456	0.037323	0.025865	0.02589	0.008749	0.002506	0.029864	0.016129	0.001752	0.02661	0.025935	0.017393	0.001224	0.024457	0.033732	0.026007	0.02614	0.026308	
0.029404	0.032877	0.033677	0.030821	0.020829	0.031752	0.014323	0.037965	0.004204	0.031006	0.017402	0.022825	0.025249	0.009985	0.030771	0.024171	0.018884	0.0158	0.018907	0.017631	0.012023	0.030637	0.012545	0.002906	0.005353	0.019432	0.017996	0.014549	0.01222	0.010387	0.011927	0.036787	0.001782	0.012624	0.019039	0.038031	0.038286	0.018316	0.027781	0.009454	0.001751	0.014212	0.005378	0.030397	0.035351	0.032151	0.009954	0.007515	0.026927	0.015806	
0.03198	0.033512	0.015006	0.009776	0.029942	0.00733	0.013338	0.024607	0.014995	0.014871	0.026254	0.019625	0.026556	0.028021	0.030353	0.033447	0.001145	0.010594	0.007935	0.010109	0.006789	0.028956	0.017027	0.031056	0.030263	0.034741	0.034966	0.012615	0.032005	0.032392	0.007221	0.013355	0.002747	0.031602	0.016076	0.014615	0.028324	0.02416	0.023588	0.010749	0.014528	0.010797	0.01814	0.031923	0.015304	0.025036	0.008488	0.008124	0.028893	0.016124	
0.026401	0.004678	0.019572	0.028065	0.02154	0.011377	0.024161	0.002321	0.015348	0.015942	0.012414	0.008834	0.019425	0.010279	0.027908	0.036024	0.010768	0.031419	0.013399	0.011298	0.028933	0.016081	0.016063	0.035899	0.006431	0.011264	0.006236	0.029398	0.027023	0.022116	0.033835	0.019272	0.018511	0.028884	0.029578	0.001077	0.03197	0.01011	0.02322	0.024127	0.014374	0.012756	0.005702	0.028723	0.027178	0.033339	0.031358	0.026293	0.030054	0.019022	
0.019081	0.040912	0.030732	0.001398	0.001037	0.016979	0.022333	0.016471	0.016601	0.009761	0.030151	0.017412	0.024662	0.021331	0.020472	0.014184	0.040362	0.037292	0.017509	0.016861	0.033361	0.01349	0.024359	0.001603	0.018727	0.039268	0.021711	0.024932	0.03827	0.013382	0.006581	0.016847	0.003011	0.013756	0.016528	0.011203	0.023611	0.018784	0.032871	0.010099	0.000292	0.014673	0.002695	0.022728	0.040202	0.008029	0.033758	0.022815	0.01506	0.041813	
0.003968	0.035438	0.023279	0.030731	0.035445	0.003219	0.018854	0.035581	0.016751	0.013151	0.002133	0.033106	0.002364	0.030033	0.035765	0.029557	0.035453	0.029943	0.036417	0.036806	0.023026	0.005087	0.030413	0.013783	0.023873	0.003066	0.013569	0.032783	0.01699	0.000417	0.007581	0.02995	0.006333	0.002438	0.00284	0.022521	0.022857	0.026376	0.009598	0.036508	0.030131	0.010312	0.02172	0.016184	0.022587	0.027995	0.001923	0.029301	0.000188	0.021656	
0.024403	0.017931	0.010776	0.001654	0.00476	0.00055	0.039527	0.039927	0.010125	0.026902	0.024061	0.005854	0.009826	0.024526	0.015988	0.017891	0.023731	0.015351	0.035385	0.036582	0.005328	0.016025	0.004256	0.025056	0.028094	0.008699	0.000267	0.036556	0.02591	0.028422	0.018967	0.02859	0.039147	0.002142	0.026635	0.034822	0.01134	0.00947	0.018115	0.022687	0.030697	0.038428	0.000739	0.018367	0.026211	0.031209	0.002294	0.024853	0.015763	0.035161	
0.038351	0.014334	0.007018	0.005439	0.038986	0.008237	0.031172	0.012907	0.032955	0.035948	0.030537	0.00269	0.016907	0.012022	0.040598	0.028555	0.021198	0.009194	0.023045	0.019295	0.040147	0.010471	0.007924	0.027712	0.007308	0.035871	0.006161	0.024965	0.005259	0.032974	0.005401	0.009674	0.035991	0.0229	0.030016	0.02563	0.028922	0.030666	0.027327	0.035311	0.009113	0.00501	0.005588	0.022884	0.017718	0.003307	0.01275	0.006899	0.029374	0.007339	
0.034721	0.021903	0.030773	0.024332	0.020368	0.020873	0.009759	0.025829	0.033385	0.000286	0.033993	0.025481	0.024073	0.030751	0.023289	0.029784	0.020499	0.009383	0.015758	0.016661	0.002278	0.003998	0.024128	0.010922	0.014072	0.036026	0.01392	0.032032	0.026536	0.003577	0.012426	0.001411	0.01505	0.023286	0.032211	0.001216	0.029116	0.017884	0.021823	0.032977	0.034963	0.008039	0.016416	0.024002	0.032164	0.019412	0.020118	0.007752	0.029106	0.001238	
0.04303	0.015024	0.003186	0.033361	0.0228	0.012132	0.015539	0.036796	0.021667	0.013701	0.008303	0.032769	0.037068	0.016432	0.028612	0.017371	0.001973	0.018573	0.012425	0.007823	0.005436	0.011568	0.019788	0.012341	0.011431	0.026914	0.008447	0.032435	0.0264	0.042521	0.031257	0.031342	0.015533	0.021592	0.021951	0.02179	0.009275	0.014702	0.009205	0.021933	0.004999	0.01687	0.005943	0.032753	0.025797	0.045552	0.002513	0.02575	0.014724	0.030653	
0.02751	0.014997	0.002003	0.034229	0.016757	0.037005	0.035303	0.014081	0.035897	0.02885	0.026672	0.003753	0.020858	0.03586	0.009839	0.013214	0.007308	0.011219	0.000786	0.012267	0.03436	0.03689	0.029271	0.017904	0.006257	0.024074	0.030573	0.002398	0.005415	0.027682	0.028476	0.01245	0.038237	0.025912	0.002805	0.028424	0.031276	0.036161	0.031219	0.02035	0.025471	0.02783	0.023721	0.014063	0.004527	0.000585	0.005812	0.020047	0.011222	0.00818	
0.025021	0.022401	0.022033	0.031411	0.030202	0.030582	0.006197	0.029284	0.006869	0.021594	0.013614	0.011469	0.025666	0.009695	0.029757	0.031119	0.014822	0.006863	0.020303	0.0253	0.010794	0.007158	0.024487	0.021737	0.004607	0.017501	0.024744	0.005702	0.029024	0.024828	0.016673	0.009266	0.004352	0.023609	0.0325	0.02729	0.02889	0.032819	0.033715	0.007445	0.020528	0.033101	0.031924	0.030652	0.001011	0.006782	0.014816	0.020336	0.024117	0.01539	
0.004671	0.025416	0.029586	0.008053	0.027819	0.037219	0.030171	0.013563	0.020898	0.024678	0.007414	0.014347	0.016519	0.017484	0.023016	0.003629	0.022568	0.041434	0.004543	0.017322	0.029834	0.013958	0.023722	0.026193	0.018076	0.032325	0.031789	0.019438	0.012241	0.007311	0.02624	0.00151	0.007506	0.00152	0.024439	0.002674	0.027828	0.034947	0.023476	0.038873	0.036467	0.026427	0.005928	0.019745	0.035165	0.00515	0.032369	0.033235	0.004775	0.006489	
0.004641	0.009405	0.037279	0.040141	0.009129	0.037964	0.023376	0.03113	0.012029	0.004251	0.02699	0.001134	0.020003	0.025804	0.004216	0.024944	0.025171	0.011684	0.028571	0.028505	0.001096	0.0171	0.014029	0.011211	0.009624	0.011113	0.02794	0.007231	0.02195	0.025633	0.013181	0.029462	0.03183	0.004021	0.00164	0.039385	0.026606	0.018372	0.024721	0.007986	0.023966	0.008518	0.039823	0.030468	0.019283	0.02883	0.014577	0.040381	0.002669	0.040987	
0.003258	0.006253	0.011056	0.025536	0.028118	0.028689	0.01906	0.034492	0.031207	0.029798	0.008769	0.022639	0.002785	0.012476	0.030522	0.011279	0.019626	0.020163	0.032501	0.033226	0.004795	0.023114	0.032394	0.024541	0.033755	0.021443	0.033229	0.019619	0.014163	0.034317	0.017801	0.004035	0.027321	0.02417	0.023191	0.003381	0.013529	0.03158	0.00532	0.000586	0.010844	0.001097	0.033569	0.029912	0.009228	0.034184	0.034455	0.007241	0.001262	0.034471	
0.01781	0.014197	0.016063	0.004758	0.016694	0.024982	0.000996	0.013533	0.028673	0.013886	0.036743	0.017146	0.008961	0.033105	0.015486	0.032115	0.038675	0.020121	0.005528	0.02377	0.028511	0.000632	0.037483	0.017777	0.010133	0.009531	0.034115	0.010113	0.017322	0.001364	0.035648	0.021741	0.014333	0.025488	0.001032	0.034195	0.04037	0.013789	0.027385	0.002918	0.035491	0.013284	0.007147	0.039637	0.029953	0.017506	0.01565	0.018065	0.036025	0.02012	
0.01521	0.012422	0.023465	0.029533	0.045399	0.013267	0.03427	0.020056	0.00407	0.004227	0.031512	0.00177	0.027795	0.045296	0.00022	0.012554	0.0432	0.023689	0.017831	0.034974	0.014992	0.023536	0.011485	0.008644	0.005765	0.000233	0.023833	0.044752	0.019717	0.002205	0.024637	0.017123	0.029888	0.037835	0.012817	0.016951	0.0363	0.010775	0.029416	0.001343	0.037647	0.01464	0.013281	0.020136	0.004453	0.025916	0.00544	0.012497	0.016096	0.036887	
0.005451	0.001898	0.01747	0.035601	0.006295	0.032296	0.010919	0.04169	0.01112	0.021232	0.023784	0.006901	0.021706	0.035151	0.008573	0.016949	0.025901	0.028258	0.003118	0.02551	0.040763	0.034193	0.040191	0.042585	0.012732	0.041534	0.001211	0.010654	0.019407	0.006408	0.01039	0.016039	0.002	0.000705	0.002959	0.041508	0.007351	0.041757	0.036441	0.02062	0.03523	0.015538	0.022918	0.019849	0.011416	0.011474	0.036372	0.006418	0.01912	0.012394	
0.028881	0.00225	0.017169	0.013929	0.021786	0.033752	0.005773	0.035461	0.038858	0.002144	0.030075	0.037534	0.037208	0.009291	0.003198	0.031311	0.023655	0.035387	0.007573	0.001891	0.033564	0.024874	0.033647	0.001773	0.007711	0.028557	0.028614	0.020638	0.006762	0.021851	0.031429	0.022657	0.013663	0.010398	0.037926	0.004346	0.029838	0.009047	0.007538	0.037338	0.01071	0.019896	0.018629	0.017649	0.015214	0.029569	0.021493	0.0279	0.005022	0.004621	
0.041604	0.028144	0.036768	0.020641	0.024382	0.00831	0.038128	0.025733	0.023556	0.010505	0.025101	0.039526	0.012589	0.01081	0.002447	0.035324	0.002572	0.018307	0.031111	0.023543	0.022935	0.037166	0.018074	0.036413	0.018768	0.019485	0.02777	0.004175	0.002686	0.01001	0.033459	0.038053	0.006398	0.023116	0.015226	0.003284	0.002992	0.017671	0.005139	0.011643	0.001994	0.004025	0.015374	0.016459	0.011726	0.035876	0.033094	0.025076	0.041943	0.000869	
0.010018	0.007853	0.003686	0.004381	0.031423	0.013769	0.025997	0.033586	0.031271	0.030326	0.007614	0.032764	0.020495	0.032626	0.015338	0.012888	0.025336	0.032912	0.002119	0.031052	0.025237	0.03311	0.029988	0.021625	0.000521	0.019159	0.029706	0.03091	0.019962	0.014242	0.015236	0.031973	0.004336	0.011936	0.021172	0.026903	0.031571	0.012259	0.016575	0.030605	0.018662	0.025807	0.021619	0.019805	0.026202	0.028812	0.009583	0.001651	0.010615	0.004764	
0.002944	0.016957	0.005922	0.012539	0.012139	0.041562	0.0317	0.030448	0.025277	0.000256	0.033479	0.020131	0.026796	0.003219	0.001501	0.001531	0.035774	0.025431	0.029538	0.026784	0.007075	0.015644	0.036633	0.037728	0.00439	0.028728	0.035266	0.030544	0.023705	0.026459	0.005705	0.01318	0.033472	0.039428	0.033583	0.001483	0.027132	0.013818	0.011005	0.033605	0.004739	0.008478	0.004162	0.027668	0.00177	0.023777	0.024426	0.020339	0.019031	0.023099	
0.03767	0.026933	0.037456	0.039117	0.017696	0.039179	0.019294	0.041547	0.025104	0.040981	0.027992	0.003245	0.011051	0.034599	0.025071	0.012882	0.015481	0.014443	0.00568	0.001909	0.008156	0.026234	0.012278	0.010697	0.037914	0.002967	0.031545	0.001985	0.025528	0.016282	0.006535	0.011608	0.022957	0.022694	0.024929	0.015251	0.00424	0.042469	0.008531	0.011758	0.013215	0.022201	0.036713	0.018656	0.01249	0.007823	0.010868	0.023824	0.018738	0.013584	
0.028991	0.028127	0.02163	0.021359	0.026396	0.034322	0.013996	0.023352	0.005644	0.03563	0.012723	0.015365	0.029719	0.009695	0.029899	0.023485	0.024711	1.8e-05	0.019593	0.009984	0.028067	0.015554	0.023199	0.025239	0.023084	0.022057	0.028443	0.035606	0.016531	0.021623	0.007893	0.019905	0.019751	0.00343	0.03139	0.010562	0.006405	0.035914	0.029568	0.015318	0.002229	0.014073	0.001068	0.024035	0.026449	0.015552	0.03433	0.029327	0.016148	0.002611	
0.83