50
2
-0.37834	0.637974	-0.330495	-0.612573	-0.779373	0.92462	0.730095	0.704824	-0.840978	0.521478	0.720387	-0.669298	0.312612	-0.261089	0.634877	0.837501	-0.67356	0.664247	-0.114324	0.975316	0.478448	0.125158	0.559605	-0.011547	0.804496	0.345296	0.736655	0.631391	0.820345	-0.086224	-0.432683	0.819566	-0.775324	-0.843962	0.43328	0.044547	0.936898	0.996635	0.759458	0.797744	-0.83857	0.081521	-0.92435	0.36586	0.199652	0.585615	0.009313	-0.484582	-0.602358	-0.548838	
0.426108	0.054072	-0.746727	-0.749533	-0.436111	-0.421707	0.745721	0.803403	0.86489	-0.799047	0.296726	0.386004	0.453503	-0.90889	0.065477	0.388569	-0.152983	0.968468	-0.335549	0.599776	-0.912817	-0.137073	-0.982167	-0.256106	-0.53574	-0.284012	-0.77411	-0.235409	0.771345	0.704525	-0.738852	-0.779398	-0.771702	-0.066463	-0.411514	0.69064	-0.858363	-0.427232	0.010975	-0.649393	-0.821882	-0.438547	-0.695835	0.552879	0.33078	0.129154	-0.670392	-0.839896	-0.758065	-0.313062	
0.515064	-0.609813	-0.290861	-0.786902	0.963566	0.371063	0.303756	-0.968004	-0.987913	-0.090081	0.719405	0.405278	-0.854898	-0.407537	0.414449	-0.86421	-0.004969	0.863671	-0.077817	-0.914211	-0.760891	0.878374	0.755965	0.817288	-0.575213	-0.56113	-0.214422	0.310715	0.416096	0.538541	-0.444877	-0.13796	-0.425699	0.72935	0.350419	0.221359	-0.914307	-0.782389	-0.341986	-0.445195	0.275478	-0.369682	-0.734217	-0.570596	0.960989	-0.715563	0.970718	0.345226	-0.486357	-0.110272	
-0.437721	-0.02876	0.501675	0.707327	-0.219177	0.630338	0.226046	0.064635	0.193296	0.611409	-0.184647	0.268217	0.764203	0.375743	-0.058662	-0.939976	0.096112	-0.831799	-0.948932	-0.646598	0.148263	-0.407349	-0.926085	-0.792221	0.739851	-0.860532	0.017969	-0.224312	-0.760354	-0.523509	-0.343423	-0.017404	0.792944	0.611443	-0.516518	0.240316	-0.906409	0.056141	0.694732	0.89764	0.262253	-0.440289	-0.900243	-0.021734	0.55009	-0.719144	0.231257	0.054103	-0.97624	-0.071118	
0.612834	-0.435906	0.608052	0.721485	-0.671122	0.705416	-0.6255	-0.9046	0.210669	0.750513	-0.166954	-0.768278	0.830953	0.914266	-0.23094	-0.022383	-0.469751	0.389553	-0.423212	-0.830257	0.36369	0.102312	0.045207	-0.780548	0.233694	0.572804	0.859744	0.747079	0.553792	0.891548	-0.552343	0.143321	-0.215308	0.554044	0.664638	-0.160531	0.822581	-0.357638	0.684518	0.495685	0.529365	-0.613264	-0.928442	0.144851	0.937599	-0.541677	0.486129	0.704881	0.822069	-0.105148	
0.85907	0.364627	-0.968234	0.687409	0.173986	-0.790095	0.661194	-0.881839	0.917981	0.772186	0.282143	0.744859	0.154034	0.304195	0.696936	-0.679434	0.806441	0.515373	-0.519211	-0.944312	0.338897	-0.893769	-0.298365	0.723507	-0.782772	0.913167	-0.638492	-0.636376	0.403644	-0.654175	0.545079	-0.77738	0.226252	0.709075	-0.814647	-0.972483	0.180311	-0.620504	-0.208693	-0.492462	0.222268	-0.396205	-0.868324	0.819667	0.311324	0.502352	-0.685992	0.316378	-0.763157	-0.707284	
-0.24797	0.130263	0.874863	0.859213	0.013258	-0.440873	0.724426	0.31617	-0.864619	-0.197542	-0.170199	0.238871	-0.115385	0.177967	0.322251	-0.915527	-0.865106	-0.790734	0.062239	0.165812	-0.990571	-0.717015	0.474801	0.680012	0.159626	-0.124891	-0.551429	-0.085643	-0.756189	-0.017383	0.32252	0.68107	-0.018274	0.003751	0.406863	0.244581	0.541641	-0.658713	0.899521	-0.632169	0.24393	0.888801	0.363495	-0.67396	-0.961216	0.432607	-0.026751	0.698273	-0.507088	0.348648	
0.356202	0.229266	-0.021565	-0.353589	-0.136845	0.972671	-0.117521	-0.79264	-0.187166	0.886106	0.199535	-0.154758	0.370154	0.395139	-0.300927	0.954912	-0.155577	-0.628298	-0.579728	0.887872	-0.017092	0.798539	-0.506443	-0.210966	-0.924679	-0.013998	-0.903132	-0.17475	-0.990185	-0.006084	0.760178	0.031877	-0.9022	0.543497	0.656159	0.147097	-0.43578	-0.222622	0.516356	-0.360855	0.614834	-0.950327	-0.297199	0.810198	0.868698	-0.730918	-0.420961	-0.733361	-0.373974	-0.361655	
0.260295	-0.457946	0.253316	-0.327609	-0.32753	0.117019	-0.875668	0.122237	0.766257	-0.167367	-0.99554	0.910819	-0.452178	-0.073514	0.225127	0.332623	0.420953	-0.917657	-0.409449	-0.616106	-0.565548	0.388577	-0.507393	0.152913	0.35995	0.198522	0.456353	-0.825372	-0.679827	-0.476982	-0.705428	-0.165651	-0.386675	0.704396	-0.39777	-0.078003	0.81237	-0.047235	-0.784855	0.090297	0.058222	-0.954302	0.664133	0.095597	-0.249921	0.136969	0.945368	0.194483	-0.2203	-0.271985	
0.499931	0.862041	-0.561881	0.244308	0.650881	-0.793756	-0.89547	-0.740561	-0.829671	-0.015746	-0.444885	0.371406	0.999052	-0.363771	0.258579	-0.676428	0.434642	-0.496537	-0.508096	-0.377097	0.180866	-0.165721	0.833295	-0.647217	0.017824	-0.262711	-0.599484	0.764266	-0.985919	0.519103	-0.884418	0.692299	0.15196	-0.298776	-0.476051	0.178821	-0.170754	0.954731	0.009302	-0.555222	0.835374	-0.433644	-0.464016	-0.584187	-0.901555	0.074907	0.254779	-0.395485	0.745119	-0.645904	
0.719558	-0.08066	-0.021201	0.289202	-0.37666	-0.273649	0.406642	-0.248712	-0.615628	-0.555978	-0.973084	-0.719095	0.74852	0.608892	-0.548595	0.559828	-0.288711	-0.774076	0.561582	0.956292	0.180636	0.365729	-0.931034	0.096123	-0.888811	-0.950786	-0.396454	-0.375669	-0.339806	0.091315	0.096389	0.730586	0.201118	-0.810567	-0.692291	-0.791008	-0.679534	0.040949	0.773259	-0.427405	0.556857	-0.709634	-0.178632	0.15215	-0.834787	-0.131021	-0.77246	-0.367164	0.756571	0.583376	
0.117142	0.108629	0.418072	0.08209	-0.9196	-0.780044	-0.035112	0.696099	-0.613497	-0.806788	-0.07644	0.874016	0.601466	0.456727	-0.065906	-0.911292	-0.365202	-0.721922	-0.746809	0.578502	-0.054705	-0.104021	-0.891454	-0.589563	0.175215	0.852926	-0.174085	-0.203904	-0.993027	-0.445766	0.46096	-0.438753	-0.772813	-0.019459	-0.791847	0.967194	0.795024	-0.225696	0.44326	-0.800154	-0.937608	-0.374932	0.325289	-0.705414	0.978095	-0.95457	0.136793	0.297846	0.514391	0.057021	
-0.645231	-0.926692	-0.83807	-0.870148	-0.002836	-0.427166	-0.820036	0.79821	-0.385115	-0.441842	0.072588	0.318145	0.406927	-0.389202	-0.884082	0.066609	-0.975676	0.326458	-0.667259	0.345332	0.644727	-0.475966	-0.758205	0.634808	-0.542276	0.653426	0.435958	-0.890344	0.709199	0.132143	-0.300595	-0.245483	-0.694138	-0.79079	0.603202	-0.599275	0.267652	-0.377583	-0.403335	0.09454	-0.420576	-0.444528	0.007553	0.040921	0.81765	0.769021	0.844753	-0.915306	-0.763134	-0.811128	
-0.133377	-0.307391	0.083979	-0.669653	-0.450964	0.895769	0.391589	-0.495952	-0.021016	-0.254992	-0.576778	0.646039	-0.411875	-0.130748	-0.423968	0.923663	-0.863876	-0.27308	-0.197344	-0.664546	-0.569911	-0.960427	-0.123391	-0.741772	0.288075	-0.964074	0.673049	0.728069	-0.919316	0.051035	-0.239763	0.307623	0.341849	0.183876	-0.694995	-0.021062	-0.255077	0.600481	-0.039438	0.563122	0.980557	0.010597	0.700316	0.857237	-0.877224	-0.976275	-0.502231	-0.266487	-0.380746	-0.130847	
0.200916	0.205369	0.891674	-0.397041	0.200588	-0.78819	-0.650831	-0.350065	0.408672	-0.838094	0.38866	-0.595164	-0.417737	-0.900099	-0.431727	-0.703032	-0.611679	0.413555	-0.995832	-0.670267	0.868451	-0.465721	0.747617	0.811133	0.171103	-0.513436	-0.972614	0.903233	0.197682	0.766728	-0.908516	0.499279	0.649259	-0.740879	-0.79481	0.005664	0.330031	0.616829	0.023086	0.037184	-0.75451	0.865105	0.704655	0.244604	-0.633919	0.538862	-0.227486	0.035585	-0.476602	-0.723784	
0.476291	0.968856	-0.71652	-0.397306	-0.593618	-0.021781	0.106178	0.015208	-0.297538	-0.324761	-0.130067	-0.358211	-0.932346	-0.966792	-0.246395	-0.328963	-0.512917	0.385427	-0.355624	0.695066	-0.51962	-0.117885	0.580159	0.592838	0.357547	-0.67868	0.822354	-0.216141	0.800612	0.679038	-0.023136	0.984447	-0.403969	-0.208798	-0.078252	0.045406	-0.35257	0.91352	0.219244	-0.70988	0.304761	0.430521	-0.132521	-0.898512	0.233484	-0.285191	-0.102826	0.280383	-0.831643	-0.939728	
0.849058	0.569155	0.717365	0.154771	0.915037	-0.778825	-0.637586	-0.472538	-0.406882	-0.353126	0.767558	-0.618458	-0.193946	0.205191	0.457235	-0.093469	-0.736719	-0.944429	-0.652993	-0.910871	-0.265318	-0.129098	-0.617841	0.474441	-0.032161	0.853985	0.278399	-0.689966	-0.805329	-0.276474	-0.4525	-0.53672	0.534071	0.662619	-0.96244	0.266405	0.82968	0.917098	0.216257	0.874343	0.138754	0.367173	0.741424	-0.128126	0.280101	0.881927	-0.568149	-0.138153	0.079319	0.257333	
-0.189214	-0.707554	0.200546	0.580211	0.080506	-0.582853	-0.673338	-0.517518	0.736986	0.686182	-0.914922	-0.731055	-0.66304	-0.899686	-0.381168	0.68075	-0.489892	-0.364256	0.294396	0.849386	-0.997241	-0.420179	-0.076577	0.309596	-0.880707	0.787381	-0.054292	-0.649952	-0.841995	0.40828	-0.939677	0.799726	-0.536931	-0.411411	-0.320113	-0.59422	0.182439	-0.234133	-0.988112	0.011088	0.211341	-0.612628	-0.905867	0.408838	-0.578556	0.431247	-0.164304	0.346468	0.518797	0.08376	
0.553503	0.871089	0.565985	0.976349	-0.872601	0.51275	0.019712	-0.988943	-0.02277	-0.657079	0.598828	-0.728766	0.789668	0.456962	-0.989238	0.874792	0.838952	0.42192	-0.155004	0.24581	0.525334	-0.072905	-0.011351	0.637432	-0.393515	0.197805	0.827123	0.397721	0.152329	-0.989132	0.021911	0.759518	0.688767	-0.840226	0.637626	-0.144448	-0.157189	0.99694	-0.878471	0.379782	0.814825	0.416034	0.577649	-0.176296	0.648287	-0.222678	0.871586	-0.106568	0.73844	0.362764	
0.702637	0.364936	0.301218	-0.90896	-0.467244	0.328697	0.961563	0.299394	-0.094198	-0.200464	0.691768	0.244035	-0.454929	-0.105291	0.476584	0.357265	-0.128512	0.032226	-0.638389	0.603705	-0.786031	-0.98663	0.37482	0.120344	0.332931	-0.036372	0.79452	0.867406	-0.660415	0.497336	0.633753	0.438892	-0.151124	-0.840346	0.650847	-0.775733	0.757583	-0.850284	-0.041534	0.79825	-0.230558	0.193966	-0.460055	-0.544508	-0.652765	0.40753	0.764173	-0.865074	0.748376	0.342147	
-0.273718	-0.842222	0.014954	0.012079	-0.767562	-0.604881	-0.355251	0.342064	-0.896402	-0.142495	0.141349	0.813928	0.518788	0.69647	0.665507	-0.506955	0.857708	0.226868	-0.359256	0.22696	-0.17562	0.040663	0.872909	-0.401626	0.07995	-0.013371	-0.719009	0.907902	-0.301051	0.6932	-0.516718	0.113047	-0.786452	0.301419	0.690743	-0.659147	-0.436332	-0.209417	0.908612	0.986354	-0.047498	-0.641349	-0.270321	-0.659189	0.059629	0.475483	0.535007	-0.216485	0.682757	0.715823	
0.700947	-0.148842	0.126751	0.210127	-0.131414	0.882731	0.177045	-0.480743	0.817101	0.023715	0.171148	0.718514	0.082334	0.840694	-0.250128	-0.013667	-0.214136	-0.203188	0.650829	0.424311	0.277528	-0.395984	-0.754052	0.449377	0.610789	-0.830635	0.007547	0.594327	-0.448141	-0.860359	0.81715	-0.802262	-0.217155	0.743766	0.504038	0.994598	-0.58638	0.448125	-0.189714	0.909469	0.236074	0.506649	0.339382	0.633924	0.659075	-0.526994	0.628732	-0.105501	0.689399	-0.806773	
0.034685	-0.177439	-0.998009	0.680469	-0.76522	-0.830552	0.737036	0.67343	0.220011	-0.34816	-0.409054	-0.854312	-0.506993	-0.54416	0.700725	-0.995727	0.600831	0.170693	-0.796743	-0.496918	-0.059391	0.197562	-0.623888	-0.086707	-0.907988	0.802708	-0.535088	0.864436	-0.363825	-0.646235	-0.213033	-0.889442	0.70835	-0.847262	0.991348	0.207742	-0.849766	-0.138145	0.562194	-0.484517	0.333517	-0.151625	0.015543	0.356859	-0.681486	0.234752	-0.23138	-0.811294	-0.237063	0.088314	
-0.903996	0.981513	-0.89089	-0.263905	-0.662435	-0.680512	-0.884139	0.158774	-0.36374	0.835748	-0.737678	0.19531	0.667852	-0.775104	-0.056238	-0.533688	0.532062	0.5281	0.18337	0.314323	0.375584	-0.057862	-0.717146	-0.743944	-0.269361	0.577055	0.533108	-0.608352	0.329738	-0.98244	-0.449399	-0.49093	-0.290099	-0.06351	-0.080991	0.48565	0.365191	0.427903	0.736121	0.921205	-0.35984	-0.034356	0.535494	-0.769565	-0.399808	0.085116	0.509276	-0.047522	0.281655	-0.162809	
-0.256123	0.541266	-0.317078	-0.65546	0.08619	0.229148	-0.283545	0.666685	-0.137981	-0.267656	-0.43553	0.982675	-0.86906	0.943426	0.611019	-0.306767	0.984509	-0.052215	-0.453687	-0.281055	-0.161219	-0.700782	0.614889	0.357291	-0.743833	-0.294483	-0.594064	0.052334	-0.940873	0.814087	-0.699659	-0.671418	-0.570569	0.111125	-0.818939	0.70868	-0.546529	0.198485	-0.211102	0.591719	0.838523	-0.455095	0.001946	0.85662	-0.748097	-0.927094	-0.472094	0.976344	-0.71028	0.316627	
0.640684	0.574007	-0.738761	-0.145285	-0.703824	-0.800646	-0.756288	0.257293	-0.061199	0.257789	-0.813965	-0.875714	-0.067635	0.381441	-0.654224	-0.577954	0.547521	0.837749	-0.498877	0.230971	0.37185	0.38881	0.028596	-0.429189	0.289531	0.185665	-0.299153	-0.216721	0.509353	0.577859	0.336299	-0.1388	-0.104961	-0.061406	-0.906905	-0.831608	-0.732656	-0.806974	-0.929448	0.885417	0.076001	-0.521185	0.208817	0.682003	-0.822522	0.652219	-0.266552	-0.484664	-0.792427	-0.606438	
-0.295735	-0.683272	-0.938089	-0.767909	-0.436452	0.633623	0.15817	0.932269	-0.149709	-0.941683	0.132166	-0.793789	0.238652	0.446198	0.171277	-0.784995	-0.172373	-0.585647	0.295814	-0.18147	-0.063189	0.715321	0.501039	0.929356	-0.460378	0.050726	0.076978	-0.886365	0.826186	-0.93032	-0.404801	-0.476561	-0.209168	-0.737697	0.761973	-0.432166	0.761121	0.06381	0.859856	0.755595	-0.821595	0.711813	-0.07528	-0.983051	-0.823657	0.45424	-0.254512	-0.260524	0.673936	0.299309	
-0.365469	0.715845	-0.700933	-0.851048	0.910248	0.865186	0.376142	-0.9721	-0.562684	0.281485	0.380226	0.252648	0.234102	0.073293	-0.052619	0.62117	-0.485471	-0.51542	0.083671	-0.230062	-0.687111	0.793552	-0.123009	0.12311	0.156682	-0.376803	-0.128751	-0.910428	0.495025	-0.934676	-0.653439	0.593595	0.044586	-0.624039	0.747128	-0.989439	-0.483264	-0.427853	-0.785502	-0.820214	0.240864	-0.010261	-0.253978	0.028763	-0.082927	-0.3391	0.609899	-0.951099	0.32944	0.283479	
0.192538	-0.597541	0.088571	-0.111908	0.609564	-0.244734	-0.471386	0.813149	-0.186832	-0.840813	-0.548989	0.367826	-0.476523	-0.173366	-0.490326	0.711369	0.490149	-0.97381	-0.593373	-0.797721	-0.281965	0.747027	-0.818672	-0.192554	0.272221	0.630994	0.730815	0.417916	-0.192108	0.386533	0.57397	-0.610775	0.942058	0.544912	0.413245	0.867552	-0.861196	-0.752281	0.16051	-0.747195	0.354899	0.056441	0.241174	-0.046423	0.241405	-0.217006	-0.466593	0.51735	0.088164	-0.326435	
0.836269	-0.713825	-0.954105	-0.372262	-0.532428	0.678471	0.757002	0.208476	0.396817	-0.538568	0.850611	-0.500195	0.478678	0.304504	-0.869959	-0.917872	-0.817803	-0.575392	-0.767599	0.190388	0.073886	0.393369	0.915583	0.525588	-0.828514	0.513418	-0.033873	0.416244	-0.338373	-0.840459	-0.862092	0.486985	0.629736	0.252142	0.019359	0.216531	0.35556	0.943544	-0.798678	-0.621133	0.916827	-0.667425	0.591019	0.147254	-0.266967	-0.628825	0.06959	-0.771841	0.722075	0.816824	
-0.599006	0.276689	0.475039	-0.074725	0.2949	-0.076099	-0.81078	0.631606	-0.579197	0.828272	-0.505045	0.000522	-0.598266	0.115446	-0.651328	0.900971	0.229054	0.183258	-0.844442	-0.235385	-0.135578	0.994395	0.207194	0.07243	-0.863167	0.148788	0.03784	-0.323723	-0.586313	-0.264768	-0.913316	-0.976312	-0.658497	-0.158728	0.293317	0.356464	0.396779	-0.554929	0.249564	-0.647678	0.223123	0.536049	-0.023402	-0.125505	0.781188	0.730246	-0.48957	0.73922	-0.062715	-0.708087	
-0.145782	0.873507	0.93234	0.516613	-0.595324	-0.523957	-0.134453	-0.758604	0.908693	-0.32	-0.308708	-0.764687	0.782443	0.963362	-0.921944	-0.647189	0.86213	0.518467	-0.950492	-0.410586	0.490544	-0.084034	0.745752	-0.052546	-0.641863	-0.039958	0.710808	0.79962	0.761999	0.226815	-0.049052	0.948471	0.542692	-0.271768	0.342075	0.341086	0.250698	0.095825	0.950796	0.258635	0.928666	0.058098	0.030995	-0.381836	-0.63463	0.33997	0.93067	-0.72945	0.305087	0.366476	
0.90237	0.573496	0.841504	-0.719218	-0.601931	-0.15394	-0.708965	-0.791324	-0.843361	-0.584757	-0.283721	0.890845	0.104987	-0.514286	-0.628153	0.393584	0.676388	-0.764486	0.209598	-0.422776	-0.633858	0.087729	-0.701883	0.564142	-0.732281	0.790986	0.499855	-0.932576	-0.846853	-0.95752	0.136632	0.308305	-0.29953	-0.784321	-0.75843	0.902354	0.968526	-0.113154	-0.539931	-0.406928	0.484497	-0.943481	-0.857814	-0.039555	0.321474	0.380735	-0.453263	0.347919	-0.731794	0.4843	
-0.486223	-0.390195	0.695191	-0.844339	-0.627864	0.069979	0.388683	-0.052148	-0.052212	0.749657	-0.475239	-0.855567	0.225374	0.686481	-0.921435	-0.490198	0.406647	-0.669889	-0.11404	0.802774	0.296104	-0.655226	0.193527	-0.423841	-0.512137	-0.987386	-0.096048	0.656536	-0.67238	0.34904	-0.243281	0.228667	-0.708993	-0.105976	0.026041	-0.892929	-0.398152	-0.312698	-0.219961	0.836542	0.333974	0.496652	-0.773922	0.200981	-0.607496	0.819259	0.974638	-0.523775	0.635729	0.227822	
-0.983157	0.053467	0.394344	-0.392919	-0.809834	-0.138873	-0.252243	0.791146	-0.443748	-0.765741	-0.647306	-0.90655	-0.83445	-0.452205	0.985646	0.252934	0.293697	0.683529	-0.381652	0.360727	0.072908	0.230078	0.293682	-0.950681	0.269167	0.03768	-0.687477	-0.242223	0.83571	0.20614	-0.131347	-0.613762	0.547159	0.308919	0.2288	0.539273	0.958678	0.127008	-0.820764	0.317259	0.501769	-0.177426	-0.000732	0.660104	0.947323	0.451497	-0.679692	0.824486	0.943261	-0.420124	
0.041101	0.629306	0.245151	0.720326	-0.692776	0.575272	0.135209	-0.343864	-0.938265	0.409647	0.037343	-0.151482	0.495562	-0.636317	0.68245	-0.194051	-0.714217	0.343462	0.959123	-0.234264	-0.749455	-0.883228	0.892642	-0.378433	-0.081079	0.919749	-0.963908	0.001574	0.402655	0.36435	0.576957	-0.378209	-0.408391	0.355373	-0.442744	0.774302	-0.217515	-0.792709	-0.672418	0.938384	-0.728708	-0.113241	0.715431	0.220805	-0.121868	-0.444299	0.703433	-0.135441	-0.819607	0.296995	
-0.163266	0.246527	0.660112	0.324807	-0.839292	-0.477232	-0.508962	0.407898	-0.71536	-0.330989	0.84194	-0.604649	-0.82778	-0.950416	-0.457847	-0.820876	-0.992587	-0.719027	-0.547154	-0.695766	-0.308764	-0.974536	0.385169	-0.489209	0.084573	-0.386092	-0.563088	0.452143	-0.816679	0.920954	0.322616	0.431823	0.300676	-0.505352	0.28611	-0.370002	-0.55819	-0.57078	0.705768	0.242613	-0.982096	0.079968	0.626081	0.702122	-0.009034	-0.362202	0.105994	-0.488428	-0.385893	0.773022	
0.126983	0.825101	-0.780474	-0.796841	0.833832	-0.40867	0.111041	-0.472091	-0.748148	0.462602	0.001429	0.207751	0.728305	-0.82258	0.620952	-0.165705	0.228351	0.018954	-0.931466	-0.590328	-0.214823	-0.2618	0.89772	-0.452331	0.219215	0.752272	-0.336162	-0.720055	-0.568813	-0.491089	0.16558	-0.96668	0.231876	0.783572	0.02181	-0.346982	0.480631	-0.653049	-0.811555	-0.484895	-0.166453	-0.360494	0.442203	0.808411	-0.729355	0.01185	0.668392	-0.788723	-0.445582	0.252442	
-0.946668	-0.457596	0.236663	-0.871718	0.768201	0.352491	0.0167	0.044578	0.149179	0.611971	0.649678	0.255568	-0.209161	0.86553	0.218309	-0.916813	-0.276831	0.122865	0.737273	0.292362	0.692379	0.278225	0.02039	0.503433	0.28513	-0.795746	-0.895464	-0.97252	0.00763	0.632619	-0.697528	0.443397	0.250088	0.042129	-0.932	0.884413	0.841272	0.459066	0.382189	0.168235	0.211903	0.696791	-0.046824	0.859973	-0.23378	0.02715	-0.26115	0.028389	-0.21466	-0.080429	
-0.00747	-0.575151	0.710042	0.995425	0.151061	-0.367245	-0.63882	-0.068555	0.472999	-0.655817	0.414089	0.703946	-0.008564	-0.038201	-0.71373	0.727129	0.903333	0.941624	-0.899849	-0.080434	0.534073	-0.484657	0.163384	-0.690289	0.079169	-0.984585	0.111059	-0.740312	0.367397	-0.148445	-0.127983	0.411561	-0.861264	-0.765575	-0.518589	-0.20389	-0.208737	0.697648	0.69626	-0.284839	-0.211499	-0.053479	-0.238334	-0.534495	-0.445414	0.037301	-0.93381	-0.668807	-0.903419	0.135424	
-0.893176	0.192379	0.061111	0.293267	0.595876	0.186025	0.198053	0.863788	-0.436704	0.622771	0.891785	0.968868	0.752641	0.950178	0.452884	-0.845899	-0.237931	-0.904644	-0.270872	-0.956982	-0.164826	-0.449444	0.427675	-0.677684	-0.783414	-0.159131	0.271219	-0.655638	-0.472186	-0.890464	-0.035103	-0.781702	0.724226	-0.145096	0.570234	0.022893	0.244416	0.311053	-0.639327	-0.127463	-0.14433	0.182218	0.947769	0.235747	-0.152279	-0.981339	0.004923	0.182251	-0.77839	-0.084701	
0.660063	0.373154	0.188852	0.540045	0.859492	0.576895	-0.671371	-0.210707	-0.955475	-0.513512	0.716336	-0.890578	-0.563797	0.679825	0.937701	-0.580015	0.699105	0.666377	0.932533	0.993943	-0.163269	0.454695	0.235976	-0.477563	-0.152695	0.852165	-0.214091	-0.393172	0.688145	-0.379451	-0.297579	-0.750678	-0.272341	0.66867	0.788187	-0.130311	-0.116496	0.618691	0.014984	-0.149812	-0.913296	-0.248567	0.088942	-0.241107	0.743352	-0.667088	-0.392427	-0.03928	0.208636	0.166714	
-0.46349	-0.005748	0.703777	0.420599	0.236206	0.923573	-0.196774	0.495213	0.17973	-0.294399	-0.125574	-0.726526	0.328081	-0.356994	0.314131	0.650846	0.854197	-0.204647	0.208528	-0.752367	0.58207	-0.450009	-0.675458	-0.007743	-0.33938	0.991013	0.679101	-0.363861	-0.660734	-0.613369	-0.946968	-0.843378	0.773273	0.281954	-0.315556	0.65165	0.537182	0.567436	0.185018	-0.821518	0.096878	0.501221	0.310802	0.147323	0.380573	-0.24902	-0.638689	0.922357	-0.988768	-0.26836	
0.677664	-0.982982	0.933155	-0.10274	0.115946	-0.191377	0.567233	0.074748	0.561885	-0.082513	-0.547484	0.647795	-0.838656	0.811511	0.60655	0.058206	-0.726874	-0.245601	0.401688	-0.238723	0.137832	-0.474433	-0.362189	-0.570385	0.62788	0.013561	-0.465238	-0.877054	0.025151	-0.721228	0.111565	0.293433	-0.935185	-0.994814	0.461144	0.996755	0.210764	-0.00894	-0.77324	-0.887748	-0.114085	-0.341507	-0.567992	0.922668	0.386878	-0.566281	-0.064358	0.943162	-0.840475	-0.286407	
-0.096186	0.744878	-0.946538	-0.875725	0.132164	0.746151	0.517659	0.230918	0.898206	-0.874313	0.909735	0.406111	-0.828322	0.305528	0.880514	0.429144	-0.51717	0.366324	0.642782	-0.707863	0.586023	0.979266	0.529851	0.123379	-0.690816	0.509663	0.003379	0.923847	-0.662066	0.554943	-0.35922	-0.584377	0.670892	-0.603054	-0.89828	0.379971	-0.136651	-0.395034	0.305094	0.048383	0.857359	0.092524	0.166677	0.717268	-0.372933	0.203258	-0.440018	-0.322812	-0.186935	0.15052	
-0.058474	0.314139	0.213944	-0.875864	-0.531948	0.369809	-0.63535	-0.157932	-0.691628	0.660669	-0.34936	-0.104588	-0.79123	0.376064	0.579448	-0.204426	0.361049	-0.301106	0.586605	0.92616	0.994029	0.431657	0.312651	0.341349	0.424701	0.425242	-0.365838	0.132313	-0.640405	-0.382822	0.064803	-0.451143	-0.174874	-0.334723	-0.363094	0.110779	-0.045812	-0.255886	-0.42542	0.032446	-0.176378	-0.898746	-0.091057	0.836242	0.2239	-0.17567	-0.277462	0.980755	-0.719343	-0.414551	
0.43622	-0.731477	0.75049	0.219493	0.540788	-0.48289	-0.448855	0.475795	0.591961	-0.976695	0.706325	0.288918	-0.922377	-0.585729	-0.18789	0.830743	-0.011098	0.127709	0.711151	-0.667374	-0.797492	-0.842113	0.445037	0.095939	-0.316115	0.530028	-0.822627	-0.041479	0.984996	0.668436	-0.803189	-0.825795	0.368481	0.618896	0.539939	-0.703812	-0.989921	-0.440276	-0.566745	-0.186148	-0.975373	-0.056936	-0.802321	-0.248978	-0.603081	-0.249298	-0.461823	0.241923	0.951105	-0.731225	
0.321018	0.085217	0.886998	-0.898957	0.541539	0.706281	-0.891909	0.734298	0.679692	-0.126227	0.169659	0.312408	0.416839	0.884156	0.690191	-0.506604	0.765495	-0.118763	0.711021	0.718087	-0.91424	0.823012	-0.541183	0.608398	-0.197849	0.08231	-0.292891	-0.771572	-0.415404	0.889367	-0.80031	-0.036329	0.13367	0.52365	0.473634	-0.541869	-0.224453	-0.932382	0.410833	0.641418	0.90923	-0.880168	-0.200886	-0.126297	0.357781	-0.714051	0.020386	0.185394	-0.228909	0.484186	
0.322344	0.153683	0.193917	-0.637322	-0.103405	0.854663	0.706377	0.111346	-0.354657	0.554959	-0.234319	0.8968	0.414613	-0.664024	-0.457119	0.616266	0.794339	0.156044	-0.351218	0.216688	0.806871	0.941158	0.173343	-0.068753	0.509272	0.577663	0.416815	0.162615	0.098555	-0.001105	0.599328	-0.844877	-0.347066	0.469225	-0.755365	-0.651184	0.588925	-0.679525	-0.775118	0.185396	0.10334	-0.831681	-0.30457	-0.032146	0.353759	0.793775	0.564019	-0.833224	-0.506299	0.612909	
-0.505922	0.476677	0.186676	-0.902875	0.193657	-0.256248	0.652325	-0.65309	-0.018422	-0.878106	-0.572662	0.181417	0.310686	-0.275196	-0.927374	-0.397928	-0.075314	0.478832	-0.926829	-0.2153	-0.110541	0.479395	-0.546297	0.504974	-0.948304	-0.9567	0.30189	-0.859003	-0.605196	0.307586	0.832252	-0.527769	0.265528	0.30064	0.51526	0.804268	-0.625721	0.88981	0.709834	-0.651626	-0.044977	0.475095	-0.982382	0.311498	-0.744138	-0.330529	0.621693	0.457782	0.919701	-0.226794	
0.255723	-0.63019	0.191133	-0.724243	-0.781579	-0.338898	0.012414	-0.462395	0.322908	0.142334	-0.09589	0.223433	-0.474928	-0.183717	0.823155	0.260198	0.692509	-0.254061	-0.352112	0.594973	-0.403824	0.433479	0.251199	0.275491	0.243635	0.9967	0.654118	0.013147	0.94011	-0.536005	0.753081	0.463091	-0.857486	0.351231	0.26584	-0.954749	-0.120848	0.411839	-0.263359	-0.344804	-0.503117	-0.679382	0.374483	0.625261	0.792144	-0.207217	0.809954	-0.509793	-0.545602	0.750439	
0.450307	0.924866	-0.822732	-0.810726	-0.961301	0.536038	0.542183	-0.03334	0.724098	-0.973306	0.101831	0.809816	0.914229	-0.60213	-0.14672	-0.800039	-0.247804	0.879725	0.248567	-0.337289	-0.38028	0.447443	-0.057685	0.735399	0.50271	0.852371	-0.35574	0.234335	0.466008	0.90205	-0.807762	0.237288	0.268667	0.991569	-0.46857	-0.657986	0.584456	-0.174088	-0.066483	-0.61228	0.369586	0.961831	0.774467	-0.471001	-0.065427	0.397311	0.098348	-0.631243	0.822143	0.200085	
0.386624	-0.579389	-0.004222	0.720244	-0.296636	0.416424	0.568762	-0.413442	-0.029954	0.14767	0.746606	-0.72204	0.277313	0.009352	0.488219	-0.128126	0.048999	0.655693	-0.882067	-0.972484	-0.640561	-0.051701	-0.974906	0.417653	-0.538788	0.602871	-0.820355	-0.594183	0.717528	-0.055984	-0.479231	0.6912	-0.978636	-0.751199	0.463789	0.403658	0.693363	0.245175	-0.953932	-0.033402	0.30053	-0.187523	-0.699667	0.176598	-0.37037	-0.392195	-0.903865	-0.900475	0.891495	-0.305856	
-0.591512	0.726519	0.259201	0.624958	0.61525	0.112799	-0.074592	0.296335	0.833219	0.789976	-0.431929	0.063687	0.04125	0.590762	-0.489695	0.543962	-0.774945	-0.478971	-0.445168	-0.488698	0.857675	-0.880449	0.303819	-0.677848	-0.17613	0.924008	-0.134927	0.307617	-0.218096	0.53986	-0.852234	0.998245	-0.094053	0.050403	0.421756	-0.718284	-0.862914	-0.547975	0.117803	-0.087747	-0.032131	-0.630996	0.176383	-0.428966	0.396838	-0.879908	-0.650253	0.512951	0.81971	0.127814	
0.140962	-0.161647	-0.905594	0.046246	0.642662	0.447874	-0.205387	-0.705067	0.539957	0.409445	-0.246323	-0.913704	0.259168	-0.429213	-0.511679	0.736871	-0.091284	-0.278611	-0.645722	0.763095	0.375183	-0.249513	-0.704444	0.326031	-0.7142	0.772387	0.914308	-0.035056	0.007812	0.567789	0.084205	-0.536197	0.604716	0.614177	0.49675	-0.735641	-0.125611	-0.889811	-0.12373	0.927876	0.83922	0.705922	0.017019	0.724051	-0.986131	0.290646	-0.183879	0.990454	-0.106247	-0.451819	
-0.270984	0.019691	0.753716	0.978891	-0.693002	-0.357777	-0.936624	-0.147693	-0.762539	0.479966	-0.859193	-0.396962	0.666332	-0.479421	-0.896466	-0.82579	0.816643	-0.097162	0.204856	-0.024873	-0.30332	0.510129	0.400292	0.232198	0.269572	0.719274	0.5911	0.239721	0.982562	-0.181307	0.425012	0.915659	0.902691	-0.556505	0.47555	-0.788911	0.464315	-0.521076	0.808727	-0.467174	-0.289561	0.652987	-0.196435	0.40275	0.676666	0.446953	0.307766	0.750254	-0.186122	0.449003	
0.694472	0.280984	-0.383433	0.804463	0.381535	-0.8537	-0.479951	0.402255	-0.368646	-0.831647	0.446044	0.726473	0.364623	0.943192	0.192237	-0.844371	0.529228	-0.293046	0.759614	-0.29257	-0.325941	0.134985	-0.705385	-0.938694	0.172298	-0.390688	-0.961646	-0.744197	-0.077243	-0.514004	0.857111	-0.962431	-0.624601	0.018895	-0.369549	0.498304	0.363624	-0.930349	-0.827721	0.839443	0.375993	-0.786358	0.707499	0.152594	-0.22956	-0.11403	-0.739079	0.230026	-0.551738	-0.607447	
0.368824	-0.649548	-0.683128	-0.471794	0.640088	0.376954	-0.534888	0.941908	-0.262299	0.150861	0.707647	0.289673	0.5189	0.078052	0.761706	0.650455	-0.628228	0.453589	-0.722664	-0.019049	0.67364	-0.113133	-0.821761	0.019642	-0.129515	0.92339	0.249709	-0.138564	0.939612	0.843793	-0.836994	0.942258	0.694163	0.651287	-0.608747	0.972064	-0.121782	-0.021872	-0.435737	0.143291	-0.744051	0.689825	0.085262	0.501455	0.998011	-0.180229	-0.791027	0.172172	-0.135073	0.085604	
0.119133	0.431249	-0.011224	-0.022462	0.504512	0.317984	-0.059444	-0.516755	0.834073	-0.079704	0.743303	-0.548423	0.895626	-0.509765	-0.099447	-0.763571	0.63156	-0.186287	-0.910974	-0.080222	-0.135424	0.050542	-0.964369	0.243772	-0.658959	-0.94496	-0.284025	0.162152	-0.555418	-0.23613	-0.692705	-0.167196	-0.987949	0.951529	-0.822523	0.338324	0.838128	-0.919978	-0.701735	-0.613691	0.302263	0.108565	-0.298366	0.201197	-0.930891	0.184103	-0.532302	0.635205	-0.659354	0.848836	
-0.618387	0.051169	-0.684519	0.843524	0.38348	-0.264752	0.438599	0.930377	0.493404	-0.663951	-0.985138	-0.75082	0.609264	-0.354811	-0.7365	0.422132	0.80632	-0.056078	0.147371	-0.203678	-0.892539	-0.895392	-0.832855	-0.408114	-0.989532	0.112484	-0.058017	-0.909328	0.267858	-0.603635	0.675385	0.431713	-0.496738	-0.675149	-0.656003	0.359336	-0.570064	0.563967	-0.43046	-0.748395	-0.299545	-0.051364	0.092406	0.432328	-0.991929	-0.559489	0.012169	0.428005	-0.111228	-0.503873	
-0.229222	0.548196	0.010493	0.464973	0.520923	-0.343989	-0.598129	0.709328	-0.499788	-0.735518	-0.293781	0.411006	-0.486518	0.476448	0.573576	0.428268	0.186596	-0.323118	0.92996	0.372296	-0.493675	-0.704975	0.9825	0.618378	0.011961	-0.182299	0.399177	0.60032	0.010825	0.427549	0.366578	0.375498	-0.627798	-0.985885	0.232241	-0.706849	0.526121	0.201675	0.238164	-0.597247	0.866715	0.193015	-0.901543	-0.963751	0.060088	-0.038845	0.378393	0.007067	0.928864	0.597321	
-0.603732	0.951083	-0.079398	0.670282	-0.70441	0.45422	0.571718	0.058863	0.585426	-0.593622	-0.990439	-0.024269	-0.465153	-0.273092	0.547636	-0.728339	0.160815	-0.717047	-0.788875	-0.849728	-0.126038	0.217614	0.280608	-0.080454	-0.359432	-0.775348	0.413878	-0.49873	-0.151584	-0.047613	-0.654468	-0.740516	0.685801	0.528393	-0.278628	0.579099	0.51788	0.728329	-0.605698	0.081476	-0.920566	0.274269	0.182518	0.140265	-0.731012	-0.578022	0.785725	-0.831344	-0.726175	0.243726	
0.529457	-0.588832	0.331758	0.312987	0.049832	-0.190996	-0.970281	0.2005	0.731727	-0.908153	-0.798065	-0.744309	0.481299	0.187182	0.721866	0.224331	0.486855	-0.267282	0.777959	0.640347	-0.44156	-0.569564	0.451896	-0.997156	-0.111758	-0.866931	0.743442	0.123583	-0.179225	0.589812	0.762735	0.177119	-0.368024	-0.00922	0.645648	0.092883	0.90817	0.352319	0.45471	-0.414161	-0.780063	0.672997	0.257665	-0.222941	0.143734	0.731088	0.024487	0.822391	0.459618	-0.897712	
0.791484	0.225202	0.966924	-0.606941	0.439455	0.667507	0.103557	0.022654	0.454859	-0.340837	-0.6733	0.51035	0.292723	-0.017606	-0.989465	-0.224678	0.649371	-0.179741	0.706813	-0.032583	-0.769594	-0.81567	-0.258231	-0.640191	-0.086227	-0.674152	-0.473767	-0.72391	0.837777	-0.262676	0.915991	0.982635	-0.662584	-0.059498	0.347453	0.445137	0.706859	-0.750683	-0.310088	0.200548	0.332019	0.031968	-0.02366	0.066774	0.750813	0.234092	0.957991	0.122391	0.95365	0.447187	
0.943815	0.630241	-0.239001	-0.478486	0.267724	-0.783165	-0.675819	-0.136305	-0.533046	0.120682	-0.177591	-0.971256	0.495354	0.582077	-0.824526	0.410277	-0.07244	0.920072	-0.688333	0.814408	0.399828	-0.454245	0.938836	0.734508	-0.574407	0.382678	0.285036	-0.924235	0.034173	-0.726817	-0.613296	0.683183	0.701561	0.183505	0.768007	-0.456243	-0.157034	-0.317065	0.986012	0.207461	-0.752113	-0.393171	-0.524235	-0.431238	-0.036998	0.737067	0.496889	-0.712931	-0.952808	-0.17278	
-0.298063	0.690272	0.607304	-0.322464	-0.917283	0.811697	-0.110581	0.719652	-0.046314	-0.30152	0.032601	-0.190053	-0.372447	0.615876	-0.435537	-0.626601	0.723221	-0.324828	0.920016	0.852318	-0.231421	-0.254916	0.019163	-0.323606	-0.446889	-0.125745	-0.888769	0.25639	0.77083	0.92199	0.666842	-0.548962	0.493713	0.962248	-0.589636	0.29085	0.566948	0.872491	-0.425297	0.841944	-0.920592	-0.641343	0.166243	-0.007814	-0.643409	-0.888815	0.662351	-0.986653	-0.649253	0.317431	
-0.636076	-0.827729	-0.976631	-0.326264	0.45253	-0.253558	-0.970032	-0.770089	-0.239125	0.961833	0.529885	-0.579919	0.363361	-0.594886	-0.47486	0.336318	-0.462234	0.244787	0.186417	0.584762	0.966865	-0.56573	-0.128306	0.801697	0.411154	0.781652	-0.392905	0.836695	-0.522168	-0.730682	0.976226	0.768941	-0.668896	0.988647	-0.4844	0.040188	-0.364737	-0.235549	-0.287016	-0.663712	-0.46393	0.256039	-0.124106	0.304323	0.646652	0.984896	-0.320876	0.748634	0.071153	-0.724724	
-0.211695	0.729889	-0.651583	-0.014438	-0.657887	-0.959123	-0.436597	-0.113606	0.196415	-0.755547	0.145631	0.903319	-0.455725	0.922159	-0.427002	-0.644634	-0.900652	-0.365626	0.19738	0.551126	0.876445	0.744374	-0.290159	-0.635961	-0.69281	-0.390417	-0.500861	0.817783	-0.208625	-0.350625	0.382738	0.949436	-0.769942	0.548627	0.254075	0.686549	0.029964	-0.006008	-0.461413	-0.310677	0.538809	-0.575323	-0.911241	-0.216161	-0.661494	0.051281	-0.64889	0.190791	0.062249	0.19196	
-0.092792	-0.616957	-0.325538	0.254381	0.594378	-0.384478	-0.772813	0.350358	0.802295	-0.833221	-0.37507	0.263553	-0.059881	0.759892	-0.98858	0.971364	0.3967	0.445936	0.106114	-0.804303	-0.200982	-0.13117	-0.127488	0.823048	-0.100291	0.061526	0.116657	-0.558623	0.813385	0.921048	-0.41012	0.482218	0.161895	0.829451	-0.812985	-0.822899	-0.161084	0.869545	-0.849428	-0.715237	0.140274	0.34727	-0.512754	-0.012666	0.902626	-0.836415	-0.298308	0.64775	0.242395	-0.062322	
0.788112	-0.468469	-0.066103	-0.289275	-0.67801	0.218447	-0.383769	-0.899989	-0.234055	-0.257141	0.710162	0.809658	-0.378962	0.374522	-0.596489	-0.632855	0.14229	0.359445	0.79113	-0.775425	0.267328	-0.078947	-0.078389	0.035835	0.138052	0.994324	-0.063635	0.443183	-0.051424	-0.995448	0.563098	0.028502	0.36901	0.148271	0.282828	-0.913476	0.063646	0.671561	-0.023846	0.699169	0.362483	-0.714579	0.317185	-0.74579	-0.742487	-0.426923	-0.712522	0.953262	-0.044553	0.256672	
-0.836711	-0.20555	-0.746625	0.59338	-0.430719	0.712848	-0.489022	0.167265	0.511593	0.875745	0.537513	0.271937	-0.830561	0.233595	-0.88241	0.204424	0.079443	-0.647846	0.964694	-0.457995	-0.0294	0.642626	0.622815	0.774424	-0.847457	0.970427	-0.008207	0.042316	0.463294	-0.274544	0.335601	-0.752293	-0.070979	0.764631	0.080063	0.570458	0.592232	-0.549114	-0.457774	-0.501744	0.496598	0.219213	0.585684	-0.423156	0.82395	0.482593	-0.013935	0.782697	-0.0659	0.37494	
-0.254832	0.864318	0.278845	0.482451	0.795762	0.339029	0.377155	0.532639	0.467977	0.456567	-0.720021	-0.161169	-0.697687	-0.546915	-0.518431	-0.299588	0.999287	-0.257629	-0.985294	-0.072086	0.959216	0.363713	0.228787	-0.705247	0.213751	0.847043	-0.16018	0.15096	0.78293	-0.6296	0.357067	-0.280421	0.583829	-0.925973	-0.411963	-0.897291	0.546606	0.973078	0.872952	0.978927	0.137538	-0.330685	-0.79559	0.200717	0.73944	-0.126844	-0.154762	0.416406	0.65488	-0.553516	
-0.996998	0.226418	0.966535	0.78687	-0.293281	-0.03917	-0.672109	0.556697	0.642819	0.766303	0.18433	0.227088	-0.530967	0.219143	0.289632	0.656806	-0.679447	0.381445	0.882188	-0.364125	-0.204988	0.044915	0.824849	-0.849822	-0.74807	-0.619605	-0.562803	-0.174581	-0.714521	0.055065	0.585696	0.290464	0.4391	-0.172227	-0.194358	-0.373405	0.079756	-0.331028	-0.712516	-0.764737	0.05863	0.675145	0.321669	-0.914363	-0.119391	-0.348743	-0.481488	-0.693241	-0.012435	0.893692	
0.297116	0.447195	0.043693	0.243706	-0.83129	0.370426	-0.762857	-0.804554	-0.400167	-0.371242	0.557509	-0.731657	0.033872	-0.046341	0.834083	0.690003	-0.172623	-0.194727	0.318582	0.567847	-0.189872	0.732611	-0.30048	-0.824481	0.405904	-0.306933	-0.169605	0.896201	0.174336	0.046158	-0.426959	-0.228075	0.302575	0.94044	-0.501332	0.098432	-0.829795	-0.275908	0.977025	0.348472	0.366331	0.574736	0.379933	0.742681	-0.869566	-0.282747	-0.653829	-0.450425	0.615887	0.834901	
0.755592	0.795725	0.477211	-0.733326	0.854731	-0.639368	-0.610467	0.111068	-0.259865	-0.599411	0.631643	0.649504	0.243887	-0.773429	-0.357138	-0.604167	-0.33072	0.109864	-0.730477	0.70806	-0.695836	-0.14494	-0.080947	0.677894	-0.594253	0.887862	0.405757	-0.10717	-0.663282	0.889925	-0.787317	0.427905	-0.376401	0.830616	-0.789801	0.669246	-0.144494	0.583861	-0.151435	-0.329865	0.500538	0.403627	0.224814	0.560403	-0.960377	0.245503	0.432039	0.87426	0.232035	-0.387822	
0.473545	0.797666	-0.739047	-0.87249	-0.331869	0.702265	-0.974981	0.597565	-0.454838	0.593228	0.897897	-0.320798	0.670629	-0.051756	-0.19399	0.160852	-0.704026	0.386917	-0.205114	-0.714468	-0.870427	0.123165	-0.18623	-0.957338	-0.559789	-0.427006	-0.13639	-0.049821	-0.988648	-0.520345	0.811346	0.382293	-0.543674	0.249193	0.795998	0.864014	0.732437	0.185384	-0.739519	-0.535093	0.791804	0.899225	-0.603276	-0.323489	-0.453543	0.019824	0.952296	-0.371654	-0.298879	-0.436274	
-0.241964	0.807157	0.571434	-0.95734	-0.313021	0.768672	-0.22441	-0.036884	0.53962	0.828735	0.694333	0.958127	-0.344973	-0.010826	0.89141	-0.164759	0.311042	-0.784375	-0.04416	0.364201	-0.534528	0.832755	-0.262046	0.596919	-0.263091	0.955653	0.836967	-0.716082	-0.698876	0.82551	0.65642	-0.029021	0.298911	0.394219	0.69518	-0.445497	-0.058437	-0.830463	-0.766305	0.251432	-0.436608	-0.208811	0.883129	-0.970597	-0.785086	0.436421	0.299107	-0.015584	0.468581	0.466056	
-0.604678	-0.655188	0.081553	0.313334	-0.068767	0.006837	0.179184	0.052546	0.300286	-0.23255	-0.973529	-0.610003	-0.458488	0.761064	0.763055	-0.98536	0.262954	0.547616	0.892865	-0.967542	0.621193	0.34004	-0.23806	0.421628	-0.37295	0.369245	-0.372782	0.941334	-0.453348	-0.142591	-0.973265	-0.706722	-0.334157	0.41897	0.474353	-0.544514	-0.402849	0.173383	0.019588	0.440458	-0.169289	-0.94882	0.643233	-0.928725	0.484458	0.741245	0.495564	0.527303	-0.582873	-0.085957	
-0.396823	0.045939	-0.320617	0.201463	-0.491707	-0.364084	0.308357	-0.037834	-0.836216	-0.036824	0.699134	0.115137	0.686229	0.911504	0.273618	0.487692	-0.967203	0.806717	0.094351	-0.361825	-0.720321	0.510754	0.110195	-0.297178	-0.713337	-0.777673	0.075743	-0.906725	0.963975	0.733081	-0.162554	0.743721	0.602275	0.337969	0.013379	-0.915845	0.131828	-0.248066	0.049412	-0.070994	0.393432	-0.429939	-0.440224	-0.87427	-0.088348	0.464522	-0.620643	-0.74615	-0.32938	0.941907	
0.143092	-0.079371	-0.086994	-0.33412	-0.098933	0.959345	0.185386	-0.67499	0.364217	0.876144	-0.988769	-0.042874	0.408976	-0.690573	0.209269	0.356703	0.977838	0.906764	0.104893	-0.789842	0.816773	0.990444	-0.248722	0.216836	-0.531173	-0.638487	-0.673471	-0.912915	-0.197544	0.836814	-0.848403	-0.512113	0.464058	0.245246	0.865349	0.435624	0.848446	0.12159	0.696893	-0.667869	0.562033	-0.586687	-0.978623	-0.637584	-0.047131	0.257644	0.829402	-0.88025	0.52696	-0.877344	
0.548187	0.005664	-0.087862	-0.682679	0.329461	-0.669468	0.05448	-0.220393	0.684725	-0.511709	0.136071	-0.430148	0.831015	-0.984528	0.123858	-0.295693	-0.954813	0.364075	0.410875	0.332198	0.789945	-0.203234	-0.431847	-0.987954	0.249237	0.981043	-0.315412	0.294977	-0.356558	0.016589	0.089737	-0.520177	-0.322869	0.852245	0.254013	-0.631332	0.656975	0.188033	0.359301	0.513986	0.772227	0.34117	-0.064827	-0.751998	-0.221186	0.72674	-0.301302	0.807215	-0.288473	0.695224	
0.565325	0.141349	0.610617	-0.50266	0.468605	-0.666084	0.213494	0.617708	-0.624432	0.026261	-0.933642	-0.714671	0.48907	-0.199339	0.113139	-0.075708	0.324677	0.089138	-0.678139	0.32297	0.291123	0.272395	0.209665	0.202594	-0.27429	0.709469	-0.384399	0.690108	-0.338096	0.438224	0.750323	-0.333741	-0.306809	0.892674	-0.967727	-0.688097	0.410604	-0.927479	-0.753874	0.059341	-0.376681	0.063786	-0.491599	0.854893	0.720254	0.287657	-0.08653	0.091303	0.464682	-0.91567	
-0.739913	-0.654976	-0.43791	0.339696	-0.12543	0.885238	0.273828	-0.989702	0.093291	0.94957	0.791327	-0.190513	-0.558146	0.580581	-0.990855	-0.142249	0.8279	-0.133571	0.91816	-0.468658	-0.208326	-0.252379	-0.086847	0.908128	-0.728151	0.693397	-0.928306	0.110994	-0.694096	-0.810503	-0.274283	-0.521712	0.014374	-0.686155	-0.107186	0.820782	-0.309178	0.082649	-0.421257	0.470146	0.251911	0.880523	0.196539	0.764105	-0.432112	0.366836	0.858635	-0.76894	0.060152	-0.18946	
-0.246988	-0.04521	-0.691992	0.664636	0.81892	-0.157418	0.479845	-0.289404	0.105391	0.432961	-0.210682	0.412906	-0.952867	0.371057	0.556437	0.116616	0.43686	0.746975	0.754771	-0.972056	0.451013	0.174316	-0.996268	0.486093	0.516715	0.144583	-0.483499	-0.19303	0.818047	-0.373971	0.257546	0.028746	0.628209	0.643966	0.607666	0.761273	0.839077	0.516799	0.101891	-0.802931	0.81787	0.281239	0.433826	-0.26087	0.424815	0.232712	-0.216524	0.796854	-0.698035	0.982634	
-0.107792	0.41735	-0.237265	-0.400524	-0.778152	0.396073	-0.466484	-0.645677	-0.676188	0.910646	0.615146	-0.415515	0.815437	-0.915314	-0.940288	-0.908671	-0.083234	-0.903231	-0.689871	-0.19409	0.242704	-0.609872	-0.851348	-0.693459	-0.995706	-0.564124	-0.17051	-0.455014	-0.21924	0.581508	0.0669	-0.442404	0.043104	-0.578537	-0.45972	-0.167481	0.927475	0.535932	0.990832	0.381654	-0.316077	0.208378	0.319675	0.058441	-0.015707	-0.833786	0.388334	-0.016945	-0.039481	-0.130694	
-0.668762	-0.135028	0.490816	0.578999	-0.65202	0.304809	-0.13524	-0.953437	-0.672599	0.513859	0.628217	0.082395	-0.315098	0.750777	0.504074	0.165843	0.111085	-0.539321	-0.772376	-0.073297	-0.309138	0.510976	9e-05	0.869016	0.695906	0.661585	-0.57807	0.480037	0.341796	-0.57146	-0.160818	0.58252	-0.791037	0.318078	0.576563	-0.567553	-0.853252	-0.867531	0.869896	0.032999	-0.705869	-0.182192	-0.793343	-0.159554	0.272357	-0.427083	-0.861307	0.908146	0.549577	-0.6861	
0.702649	-0.942554	-0.796551	0.276326	-0.819396	0.243074	-0.242529	-0.790615	0.984001	-0.710451	0.677884	0.945731	0.061477	0.198441	0.12352	-0.227213	-0.605562	0.311076	0.791858	-0.012821	0.959453	0.742975	-0.24587	0.848716	-0.80694	0.45912	-0.618817	-0.681407	0.39562	-0.604368	0.928076	0.463439	0.634627	-0.514058	0.792904	0.360253	-0.656168	0.020582	-0.841393	0.492309	-0.530332	-0.927556	-0.749056	-0.398071	0.871895	-0.791837	-0.484107	-0.510759	0.271385	0.111458	
-0.43265	0.809135	0.537282	-0.329314	0.61147	-0.272466	-0.825911	0.096177	0.263063	0.740769	0.855715	0.756665	-0.820414	0.91279	-0.819677	0.369882	-0.893352	0.791846	0.754869	0.106071	0.369167	-0.958846	0.95692	-0.863185	-0.45712	0.493766	0.338042	-0.360957	0.926197	-0.32487	0.031968	0.323906	-0.6071	-0.636956	0.030645	0.816143	-0.1316	-0.292836	0.819668	-0.89828	-0.018243	0.674184	-0.131076	-0.550892	-0.172098	-0.830968	-0.691863	0.372199	-0.985934	0.132073	
0.810504	0.659632	-0.84577	0.50323	0.346772	0.778129	0.948806	0.372759	-0.746128	-0.04929	-0.534465	0.342328	0.518972	0.398602	0.490258	0.801067	0.421251	0.977712	0.43893	0.145322	0.705852	0.248765	-0.237419	-0.342935	-0.935736	-0.341708	0.638408	0.827342	-0.968769	0.208443	0.21531	-0.604895	-0.68807	0.408309	-0.183159	-0.37705	0.779299	0.928471	0.788852	-0.132976	-0.420904	-0.020063	-0.900208	0.228265	-0.404563	0.316458	0.481385	-0.557791	-0.855887	0.953195	
-0.293222	0.920876	0.852896	0.286024	0.115583	0.392441	-0.45581	0.811562	0.976887	0.906004	-0.303243	-0.236945	0.754165	-0.948244	0.885224	0.944512	0.653125	0.775494	0.978287	-0.007884	-0.988776	0.5389	0.569568	-0.619858	-0.163957	-0.88496	-0.625148	-0.095557	-0.806137	0.927244	-0.11773	0.635753	0.965121	0.423891	-0.483083	0.099929	-0.546513	0.013582	0.976967	0.846174	-0.289929	-0.778088	0.616653	-0.327083	0.943527	-0.599142	-0.995061	-0.787987	0.979697	0.517998	
-0.613465	0.778467	0.666563	0.024419	0.173625	-0.625021	0.932759	-0.8839	0.180374	0.704711	0.095338	-0.049652	0.986846	-0.209355	-0.584101	-0.214739	-0.030828	-0.520371	0.985583	0.795692	0.52552	0.941272	0.511465	0.939116	0.104862	-0.792604	-0.228665	0.981019	0.975834	-0.09052	-0.458791	-0.891125	-0.701401	0.403205	-0.853589	-0.377412	0.680187	-0.343989	0.61882	-0.769235	-0.881958	0.958988	0.808056	-0.733961	0.234742	0.53414	-0.618718	0.277682	0.646801	-0.131098	
0.940909	-0.705292	0.138538	-0.731916	0.793475	0.594625	-0.339267	0.20761	-0.476137	0.274088	0.852705	-0.782966	0.148239	0.980962	-0.648639	0.570004	-0.943569	0.470172	-0.403381	-0.274566	0.624876	0.747873	0.18074	0.520633	0.655107	0.305668	-0.615466	0.614411	0.431964	0.147927	-0.137721	-0.977265	-0.614735	-0.690085	0.649852	-0.766192	0.087069	-0.345036	-0.502105	-0.83872	0.916318	0.089064	0.900599	0.230057	0.972283	0.87902	0.789335	-0.58081	-0.807509	-0.53858	
-0.313406	-0.577882	0.908036	-0.107853	0.775065	0.52785	-0.919129	0.22441	0.503461	0.238343	-0.231081	0.013146	0.911628	0.808233	0.575828	-0.063732	-0.750472	0.85404	-0.851918	-0.964026	0.286411	0.741029	-0.547073	-0.705222	0.44575	-0.730865	-0.749105	-0.158323	0.03002	0.831413	-0.803469	-0.698708	-0.51209	-0.868867	0.376144	-0.951852	-0.275482	-0.85912	0.652527	-0.007028	0.253514	-0.121749	-0.521119	-0.211308	-0.256193	-0.730723	0.597864	-0.242863	0.641476	0.45157	
-0.363988	-0.05673	-0.207005	0.655786	-0.876202	-0.814616	0.159326	0.027682	0.504901	0.261056	0.563103	-0.226467	0.057759	0.520091	-0.806875	-0.186744	0.988262	0.862553	0.69472	0.624365	0.840062	-0.464392	0.822583	0.480193	0.139926	-0.130585	-0.19328	-0.80649	0.998931	-0.555545	-0.672421	-0.1338	0.510286	-0.611244	0.134739	0.621711	0.178074	0.514579	-0.237461	-0.392554	-0.859624	-0.82443	-0.315149	0.537236	0.430553	-0.429979	0.744094	0.926947	0.219934	-0.542931	
-0.81531	0.249155	0.130471	-0.40305	-0.299921	0.576097	0.106728	-0.051053	0.228937	0.52654	-0.286251	0.026701	-0.933543	-0.293513	-0.330385	0.6308	0.161307	0.79483	-0.67009	0.178988	0.619024	0.435642	-0.379072	0.460361	-0.699765	0.660707	0.912834	-0.718694	0.473984	-0.458514	0.308064	-0.92459	0.088176	0.075202	-0.964067	0.281369	0.954612	-0.831802	0.945301	-0.490534	0.252097	0.897822	-0.430794	0.516763	-0.189579	0.362132	-0.611246	-0.050766	-0.358263	0.650197	
-0.653463	0.381282	-0.113451	-0.147451	0.130768	0.4225	-0.867491	0.257599	-0.457988	0.357718	-0.410742	-0.455159	0.617347	-0.870931	0.261062	-0.883011	-0.22427	0.218651	-0.035295	-0.478588	-0.705609	-0.927539	-0.164241	0.095757	-0.412771	-0.822346	-0.071209	-0.707929	0.734019	0.080771	-0.065638	-0.968005	0.169661	-0.374713	0.66207	-0.191105	-0.688222	-0.297674	0.844978	-0.707906	0.514782	-0.859749	-0.025529	0.91841	0.361622	-0.63993	-0.959295	0.331965	-0.506345	-0.862077	
-0.92452	0.681753	-0.982242	-0.827144	-0.325407	-0.267085	-0.451935	0.366764	-0.439897	-0.317971	-0.08657	-0.851462	-0.434402	0.781265	-0.479484	0.329127	0.144839	0.459976	-0.167768	-0.417592	-0.821674	0.496236	-0.498454	0.563816	-0.259615	-0.046308	-0.555643	-0.194078	-0.581153	0.586154	-0.647563	-0.61396	0.931811	0.753054	0.967474	0.441243	0.329106	-0.1219	0.643652	-0.279595	0.38765	0.632515	-0.371617	0.479053	0.441598	-0.506705	0.377351	0.517682	0.364273	-0.683536	
0.061247	-0.533652	-0.459079	0.587994	0.996863	-0.473997	-0.608211	-0.821674	0.119682	0.530253	0.172977	0.773256	-0.592964	0.351217	0.345282	0.67733	0.79599	-0.77172	0.603326	0.428076	0.234928	0.084372	0.381298	0.699905	-0.605926	0.722653	0.09191	-0.121454	-0.447503	-0.366439	0.293667	-0.039062	-0.179514	0.78432	-0.103415	0.625043	-0.062799	0.615864	0.830714	0.770942	0.918211	-0.065338	-0.565892	0.523604	-0.964861	-0.243322	0.657671	0.505475	-0.91253	0.663333	
-0.525981	-0.695729	0.715755	-0.582122	0.922754	-0.092598	-0.319135	0.064823	0.710224	-0.201534	0.077646	-0.909234	-0.366935	-0.819641	0.183788	0.787844	-0.848309	-0.870005	0.850591	-0.930889	0.49522	0.584029	-0.079442	0.238172	-0.807989	0.291533	0.505096	-0.507081	0.596993	-0.320096	0.247411	0.951275	0.381368	-0.667726	-0.953242	-0.556222	-0.266992	0.180963	0.87855	0.000103	-0.195162	-0.377189	-0.813259	-0.918577	0.538843	0.927277	-0.032993	-0.103217	-0.560512	0.992321	
-0.220282	0.557414	0.700106	0.77582	0.788074	0.185336	0.955402	0.165668	0.858912	-0.261198	-0.26952	0.824443	0.201509	0.175481	-0.625313	0.059522	-0.645272	0.970085	-0.104381	-0.686575	-0.479821	-0.184623	0.710893	0.566404	0.569274	0.463583	-0.278061	-0.811763	-0.647528	-0.78678	-0.4031	-0.825774	-0.864581	0.579901	-0.487115	0.958692	-0.03157	0.324357	-0.783682	-0.50153	-0.639164	-0.252665	0.047154	-0.360731	0.153686	0.421411	-0.423793	0.952796	-0.993024	0.991553	
0.004045	0.003361	0.004885	0.004832	0.001856	0.037756	0.016224	0.023734	0.03465	0.02624	0.003058	0.043363	0.043888	0.002553	0.027553	0.003712	0.028426	0.019738	0.026521	0.014497	0.002615	0.022771	0.041811	0.017493	0.039018	0.023753	0.009983	0.01609	0.026472	0.018751	0.020531	0.005174	0.015461	0.017479	0.02119	0.011967	0.031479	0.02494	0.037617	0.018418	0.003548	0.041595	0.028295	0.044022	0.025072	0.008268	0.007192	0.012496	0.013485	0.022122	
0.003661	0.002452	0.031941	0.020544	0.015679	0.033208	0.01019	0.031557	0.028965	0.01131	0.014138	0.005221	0.037916	0.038275	0.017481	0.019384	0.03436	0.021554	0.002404	0.027828	0.007118	0.000145	0.022838	0.02042	0.004276	0.038204	0.018566	0.022522	0.013258	0.02885	0.000944	0.011652	0.019417	0.010209	0.029867	0.033751	0.005851	0.01339	0.005807	0.030956	0.01876	0.00305	0.036011	0.011846	0.033155	0.017303	0.036072	0.033581	0.02712	0.036993	
0.008704	0.004877	0.012826	0.027032	0.017197	0.017267	0.039902	0.033249	0.016969	0.016483	0.033609	0.031035	0.026647	0.009334	0.022641	0.031681	0.006897	0.018105	0.013835	0.007042	0.018471	0.031896	0.015112	0.03891	0.010764	0.037362	0.014905	0.002792	0.036981	0.019626	0.016096	0.011765	0.021073	0.034561	0.022574	0.005714	0.0028	0.038218	0.001532	0.000834	0.009603	0.002653	0.037261	0.023537	0.033739	0.001586	0.034845	0.030476	0.038221	0.010761	
0.033641	0.026183	0.025181	0.031746	0.02306	0.005509	0.015457	0.031271	0.035655	0.014787	0.026642	0.002724	0.023663	0.019618	0.02115	0.017481	0.030929	0.000933	0.007747	0.028984	0.029453	0.018235	0.006879	0.011477	0.030155	0.036466	0.003808	0.000797	0.020196	0.028846	0.019104	0.022759	0.017822	0.022861	0.013086	0.014567	0.017797	0.015749	0.036039	0.028457	0.023413	0.031912	0.009665	0.021982	0.02906	0.000491	0.017434	0.017783	0.017909	0.013437	
0.007765	0.024008	0.012407	0.009163	0.019194	0.028631	0.013753	0.027937	0.008666	0.029454	0.030584	0.019281	0.015646	0.020677	0.027907	0.020194	0.013809	0.006065	0.027769	0.026085	0.005911	0.029787	0.020607	0.004551	0.021006	0.026258	0.016845	0.014572	0.014634	0.011982	0.027378	0.017698	0.010425	0.021101	0.030259	0.031083	0.029703	0.024749	0.004197	0.024142	0.028613	0.01936	0.028841	0.007767	0.013145	0.028402	0.022796	0.025569	0.021594	0.02803	
0.021325	0.001433	0.029515	0.032587	0.026282	0.008739	0.004085	0.031534	0.035851	0.017564	0.016357	0.002363	0.017952	0.005939	0.019356	0.03737	0.019623	0.027799	0.018987	0.032331	0.007914	0.006578	0.016527	0.015982	0.01207	0.021807	0.000691	0.037686	0.02364	0.009817	0.024925	0.016	0.02907	0.029135	0.030437	0.018091	0.021022	0.023234	0.031835	0.032035	0.008652	0.028518	0.020765	0.032953	0.017288	0.016116	0.01731	0.016149	0.01718	0.009581	
0.000351	0.034338	0.009056	0.019392	0.0057	0.027443	0.030537	0.001145	0.017267	0.046192	0.011974	0.023676	0.009629	0.023476	0.022476	0.010747	0.010332	0.040995	0.005689	0.000281	0.040019	0.027429	0.01074	0.010762	0.018674	0.012348	0.001207	0.045658	0.031633	0.001112	0.029662	0.032023	0.021378	0.027974	0.007212	0.019346	0.007324	0.022877	0.03445	0.017455	0.028135	0.03231	0.00877	0.019242	0.007508	0.037213	0.011274	0.019348	0.04576	0.020461	
0.02077	0.032814	0.015474	0.002528	0.035081	0.002027	0.037976	0.015714	0.018705	0.004074	0.034272	0.006009	0.006197	0.016379	0.036694	0.031819	0.038661	0.003296	0.021375	0.025199	0.02343	0.014303	0.036453	0.002486	0.0243	0.034451	0.036525	0.011991	0.021073	0.038501	0.028975	0.03007	0.019427	0.010256	0.035099	0.025963	0.010583	0.025159	0.000361	0.025499	0.001843	0.016117	0.000965	0.000788	0.036537	0.011089	0.00425	0.012257	0.031823	0.024362	
0.036863	0.039444	0.020186	0.002213	0.010781	0.020748	0.001383	0.024806	0.0211	0.004038	0.006447	0.004294	0.009743	0.022133	0.0087	0.001073	0.007586	0.030741	0.044963	0.000748	0.018754	0.040044	0.007406	0.016576	0.024201	0.012556	0.004597	0.020315	0.01868	0.04083	0.010641	0.043762	0.009499	0.030887	0.046278	0.034444	0.011128	0.025273	0.007416	0.04736	0.009564	0.046665	0.002713	0.017885	0.020629	0.017105	0.049057	0.005485	0.035108	0.007152	
0.022248	0.02454	0.014531	0.029002	0.009022	0.022901	0.031297	0.022308	0.002404	0.025423	0.00451	0.032089	0.021102	0.025526	0.025869	0.017095	0.011081	0.031252	0.032019	0.019821	0.029465	0.001041	0.02089	0.003026	0.013396	0.034098	0.019407	0.012211	0.030988	0.007624	0.011591	0.007145	0.006272	0.024387	0.022784	0.015293	0.03398	0.022064	0.02345	0.029547	0.009498	0.007876	0.016445	0.027681	0.025163	0.030322	0.006425	0.025767	0.027294	0.03083	
0.028438	0.007267	0.003998	0.013334	0.014799	0.020635	0.033014	0.022365	0.023766	0.017752	0.01332	0.022793	0.029747	0.008091	0.033348	0.017354	0.007586	0.003819	0.031081	0.022186	0.013309	0.005797	0.014063	0.021261	0.0081	0.008646	0.034494	0.012738	0.028465	0.024107	0.035163	0.034755	0.011955	0.006763	0.02386	0.032919	0.035945	0.003249	0.025427	0.023966	0.021045	0.021965	0.028807	0.0207	0.023679	0.032603	0.018167	0.011655	0.023871	0.017833	
0.026662	0.00212	0.032506	0.021115	0.005431	0.005568	0.010994	0.027437	0.02575	0.006711	0.00044	0.03267	0.000191	0.039019	0.006042	0.036525	0.012011	0.014695	0.034872	0.020474	0.017366	0.016683	0.038646	0.023347	0.024904	0.026258	0.00799	0.023906	0.032677	0.032893	0.026676	0.003949	0.010547	0.001337	0.037973	0.014433	0.035796	0.005674	0.02932	0.023527	0.02149	0.008616	0.015409	0.032914	0.027598	0.036595	0.031527	0.009803	0.020832	8.1e-05	
0.016085	0.007302	0.006846	0.019645	0.0012	0.011599	0.01824	0.015873	0.037852	0.029337	0.024673	0.027488	0.019691	0.013581	0.006766	0.021125	0.030954	0.031992	0.010852	0.014161	0.006949	0.02352	0.014066	0.000821	0.007493	0.018843	0.026444	0.035006	0.027057	0.013115	0.015502	0.017185	0.038359	0.006982	0.040145	0.011191	0.027954	0.028239	0.012658	0.03629	0.037317	0.006529	0.014383	0.004872	0.031457	0.024196	0.035136	0.036749	0.014383	0.021897	
0.006056	0.024512	0.012343	6.5e-05	0.034699	0.007006	0.027692	0.013661	0.024341	0.027103	0.022335	0.016223	0.02459	0.037402	0.021386	0.022608	0.000873	0.015073	0.035114	0.00216	0.013427	0.010027	0.002225	0.026628	0.025083	0.028727	0.007114	0.031155	0.016375	0.029906	0.017744	0.008093	0.016793	0.020779	0.012121	0.040333	0.00793	0.027619	0.040112	0.038265	0.040062	0.014339	0.034322	0.014085	0.002774	0.02586	0.009446	0.0162	0.029595	0.017619	
0.002005	0.031712	0.007156	0.004916	0.008125	0.004666	0.01287	0.007	0.040665	0.004036	0.004243	0.030872	0.0001	0.017686	0.032228	0.002815	0.025476	0.014001	0.036492	0.013705	0.024462	0.029764	0.001771	0.015335	0.036628	0.013724	0.024005	0.04347	0.033586	0.024858	0.026559	0.016748	0.030319	0.0439	0.012266	0.035799	0.006142	0.008315	0.029488	0.039121	0.033464	0.022043	0.011338	0.038211	0.009704	0.002912	0.039517	0.021791	0.010227	0.013764	
0.017072	0.002801	0.016836	0.028055	0.009738	0.038725	0.024768	0.039256	0.012552	0.039838	0.017024	0.008217	0.027405	0.045349	0.020874	0.035396	0.025394	0.006355	0.029406	0.004776	0.019705	0.026176	0.025855	0.003476	0.010844	0.01768	0.020173	0.016369	0.042909	0.005604	0.001328	0.021174	0.043946	0.005816	0.005475	0.037869	0.027484	0.001026	0.00218	0.00229	0.027099	0.011218	0.004683	0.022967	0.009672	0.032207	0.040491	0.018186	0.026034	0.020227	
0.024081	0.013359	0.009291	0.03084	0.00374	0.021564	0.038405	0.034345	0.033706	0.007712	0.007579	0.020538	0.040274	0.00134	0.027614	0.028712	0.032823	0.028066	0.022768	0.030943	0.018964	0.007485	0.030455	0.023392	0.004599	0.036855	0.028849	0.021363	0.003107	0.03068	0.025582	0.004994	0.011393	0.015309	0.034502	0.007301	0.038642	0.00464	0.01131	0.008802	0.039093	0.000781	0.004351	0.004919	0.0134	0.022919	0.014668	0.010902	0.038136	0.024907	
0.002536	0.007026	0.018808	0.022222	0.031433	0.007777	0.000794	0.018022	0.008223	0.012573	0.034357	0.006156	0.019486	0.001821	0.003017	0.023644	0.038933	0.03964	0.025241	0.035593	0.027512	0.017439	0.030363	0.014832	0.034093	0.003102	0.012524	0.018218	0.033027	0.035998	0.007546	0.00111	0.032802	0.010992	0.03644	0.014035	0.031903	0.002263	0.015623	0.021318	0.019413	0.001284	0.038649	0.011978	0.022386	0.031072	0.032974	0.01874	0.029121	0.035941	
0.036669	0.030306	0.043273	0.006358	0.020077	0.024747	0.036054	0.009134	0.014779	0.009596	0.010878	0.016878	0.012957	0.007	0.028196	0.032843	0.011721	0.009252	0.017956	0.029531	0.021743	0.008262	0.000958	0.041944	0.005793	0.039378	0.011128	0.037697	0.010319	0.034376	0.02918	0.012494	0.003312	0.016504	0.033582	0.022726	0.020234	0.01537	0.020681	0.024331	0.017199	0.011031	0.029089	0.038271	0.01644	0.002882	0.008718	0.014719	0.032206	0.011228	
0.016445	0.025939	0.009258	0.004219	0.002973	0.025626	0.030797	0.005258	0.00662	0.010599	0.036561	0.025169	0.033904	0.005793	0.032421	0.039078	0.038776	0.006157	0.008603	0.019004	0.025256	0.008631	0.00463	0.016908	0.03825	0.005663	0.002257	0.024643	0.001868	0.031436	0.030396	0.012416	0.031852	0.023662	0.030878	0.038389	0.036295	0.009424	0.009956	0.029092	0.039438	0.0273	0.037162	0.025907	0.004755	0.021236	0.009429	0.020616	0.016164	0.002891	
0.017113	0.017808	0.00322	0.033981	0.024599	0.022176	0.042522	0.00106	0.016161	0.025075	0.022315	0.026402	0.000696	0.015216	0.023147	0.006779	0.012973	0.008385	0.000725	0.02451	0.006462	0.03713	0.004583	0.019631	0.016765	0.041829	0.036592	0.043072	0.026343	0.032805	0.007753	0.02556	0.009725	0.010155	0.007395	0.024434	0.009237	0.038932	0.02416	0.028885	0.027031	0.017553	0.035248	0.028564	0.011274	0.020599	0.037609	0.017728	0.002914	0.005169	
0.027	0.019048	0.019657	0.00083	0.01741	0.021859	0.002839	0.017885	0.031737	0.027428	0.014734	0.015472	0.016812	0.030793	0.040866	0.021351	0.007867	0.013422	0.038504	0.013394	0.000695	0.024579	0.017363	0.016257	0.032341	0.013068	0.01922	0.040928	0.022654	0.00947	0.001921	0.034658	0.001715	0.040613	0.036991	0.002931	0.013027	0.031805	0.025831	0.003725	0.034311	0.035082	0.010485	0.014223	0.008818	0.040148	0.035224	0.009136	0.001953	0.02192	
0.029063	0.032326	0.023161	0.018463	0.020787	0.011503	0.027922	0.039629	0.016883	0.000344	0.035955	0.011479	0.023598	0.015602	0.025151	0.030665	0.017561	0.038038	0.038696	0.036362	0.011314	0.003361	0.033885	0.031733	0.012577	1e-05	0.005654	0.023676	0.017726	0.011028	0.034405	0.025831	0.017914	0.000445	0.020661	0.008562	0.037501	0.003997	0.005889	0.013823	0.014508	0.014947	0.016458	0.032198	0.029123	0.033978	0.005243	0.010072	0.011759	0.018534	
0.002973	0.018903	0.024916	0.008817	0.007483	0.004949	0.03058	0.020724	0.005198	0.012824	0.009904	0.019319	0.019731	0.037377	0.031056	0.018399	0.023248	0.014347	0.029261	0.029707	0.027881	0.029105	0.03053	0.03122	0.015507	0.033171	0.008346	0.036346	0.033229	0.03401	0.007365	0.019469	0.017383	0.001814	0.023164	0.003065	0.01166	0.001487	0.027463	0.036888	0.014605	0.028741	0.014563	0.010201	0.030933	0.022169	0.01645	0.009973	0.024024	0.029522	
0.007174	0.023862	0.004644	0.012037	0.027983	0.019847	0.000229	0.029284	0.005393	0.027891	0.013901	0.026026	0.016409	0.019925	0.026397	0.024066	0.026556	0.026131	0.035523	0.032601	0.030624	0.005188	0.012596	0.035522	0.007874	0.01519	0.011407	0.018536	0.017575	0.003393	0.025485	0.000842	0.029507	0.032871	0.014975	0.031053	0.023406	0.030213	0.024264	0.00934	0.016561	0.015138	0.021224	0.036518	0.016733	0.027176	0.014712	0.031245	0.00671	0.028243	
0.016879	0.015311	0.01248	0.010056	0.000454	0.019998	0.024389	0.019402	0.005402	0.017322	0.032389	0.015724	0.00667	0.008452	0.02366	0.001134	0.01637	0.038769	0.003201	0.038157	0.00524	0.038806	0.002648	0.012839	0.027289	0.027232	0.033323	0.001588	0.02606	0.035739	0.032575	0.011184	0.019093	0.037348	0.037279	0.021019	0.026201	0.025663	0.028848	0.000826	0.027525	0.033004	0.010394	0.038878	0.008498	0.002774	0.005836	0.039403	0.023997	0.032672	
0.014439	0.027837	0.036147	0.029339	0.02772	0.016124	0.030184	0.019207	0.034872	0.002682	0.022398	0.002821	0.006332	0.011875	0.012141	0.018609	0.036803	0.026988	0.029918	0.011203	0.029108	0.015012	0.035207	0.014707	0.002456	0.02193	0.020394	0.032634	0.006827	0.028562	0.007332	0.025749	0.033372	0.026028	0.036417	0.027411	0.022647	0.022027	0.025268	0.006828	0.00455	0.032705	0.003884	0.007746	0.012369	0.010461	0.003834	0.007589	0.022367	0.03694	
0.009094	0.002447	6.7e-05	0.01677	0.019207	0.022702	0.0357	0.024854	0.019413	0.001988	0.028838	0.036836	0.038356	0.028756	0.036214	0.022532	0.01474	0.021706	0.018349	0.006405	0.033298	0.028804	0.034977	0.0107	0.023905	0.030834	0.007617	7.9e-05	0.020375	0.02563	0.031663	0.000223	0.002217	0.030531	0.022195	0.010621	0.002316	0.005391	0.024883	0.014395	0.030922	0.03133	0.035649	0.017512	0.035953	0.004777	0.02153	0.016966	0.026013	0.01372	
0.01566	0.039002	0.006532	0.024816	0.032128	0.003869	0.016894	0.038882	0.037368	0.03899	0.014964	0.006077	0.013751	0.019589	0.000643	0.010543	0.006328	0.012941	0.02904	0.037905	0.008917	0.024865	0.001654	0.036755	0.01318	0.037846	0.019721	7.7e-05	0.040821	0.022914	0.039649	0.025499	0.018104	0.011297	0.012304	0.018157	0.040256	0.023973	0.009978	0.02439	0.016466	0.018378	0.005372	0.002931	0.009489	0.027843	0.029675	0.022831	0.012073	0.018663	
0.000229	0.030844	0.021913	0.025185	0.016172	0.028007	0.011237	0.036517	0.016358	0.030737	0.019772	0.032144	0.027792	0.02319	0.017871	0.021491	0.026902	0.016611	0.004119	0.028961	0.027243	0.028925	0.016096	0.036616	0.019921	0.022796	0.030434	0.022863	0.006493	0.003125	0.023982	0.034932	0.006563	0.013855	0.025025	0.007837	0.027395	0.02472	0.001565	0.0118	0.023892	0.015616	0.009555	0.008843	0.027644	0.004652	0.035723	0.005388	0.031736	0.008713	
0.012543	0.035286	0.003865	0.012355	0.005201	0.001227	0.013683	0.007979	0.035449	0.030914	0.019591	0.002897	0.033942	0.01682	0.02393	0.01866	0.022232	0.019159	0.014405	0.036007	0.00389	0.023647	0.019351	0.0015	0.037618	0.004696	0.021718	0.021646	0.002044	0.011712	0.031244	0.010566	0.026667	0.025798	0.006598	0.021357	0.035586	0.031565	0.020654	0.013277	0.015952	0.026257	0.021358	0.02243	0.036957	0.028994	0.032905	0.025564	0.023173	0.029131	
0.005021	0.008687	0.006537	0.036841	0.012281	0.034554	0.01953	0.018822	0.041565	0.00813	0.038138	0.023182	0.01791	0.030859	0.006357	0.038853	0.022853	0.016418	0.006209	0.038382	0.041787	0.014255	0.011622	0.039919	0.040051	0.009669	0.004038	0.007152	0.013634	0.02946	0.005819	0.003561	0.015682	0.01668	0.011764	0.005793	0.010327	0.016543	0.009555	0.01072	0.013924	0.030051	0.016944	0.02739	0.03377	0.013094	0.024512	0.038851	0.039398	0.012906	
0.027718	0.030248	0.008558	0.027569	0.034269	0.036403	0.026513	0.015356	0.019643	0.027434	0.00734	0.003267	0.009684	0.021138	0.015905	0.019537	0.033798	0.015338	0.032668	0.002828	0.020827	0.004195	0.00854	0.017536	0.003033	0.010955	0.020175	0.017963	0.005341	0.01793	0.008331	0.024738	0.025506	0.014293	0.034671	0.018706	0.030302	0.012477	0.034104	0.00366	0.03017	0.032286	0.029257	0.021238	0.001689	0.035054	0.0213	0.030022	0.028437	0.02205	
0.036008	0.002153	0.04041	0.005918	0.00965	0.018218	0.032141	0.029685	0.037229	0.024807	0.006459	0.017951	0.022013	0.013812	0.021743	0.037409	0.010807	0.004523	0.011132	0.002005	0.026701	0.015139	0.003293	0.002396	0.027484	0.009229	0.016417	0.023869	0.030862	0.023882	0.010543	0.019215	0.012544	0.039718	0.016945	0.024505	0.010089	0.037539	0.034636	0.022601	0.009694	0.037586	0.020239	0.003497	0.026529	0.011411	0.029425	0.03804	0.028798	0.003101	
0.018514	0.001307	0.036174	0.020703	0.039753	0.022412	0.006431	0.016741	0.039816	0.027323	0.012264	0.032485	0.029131	0.001198	0.006877	0.025687	0.028502	0.009438	0.018295	0.032565	0.006862	0.030288	0.024602	0.031474	0.002954	0.01814	0.013791	0.012144	0.002267	0.020114	0.025324	0.005457	0.032739	0.011924	0.009669	0.013747	0.029345	0.035563	0.009787	0.029846	0.04121	0.035021	0.005816	0.012184	0.014569	0.0322	0.001007	0.030277	0.029456	0.006607	
0.016442	0.027311	0.028187	0.021813	0.001572	0.026518	0.008455	0.024572	0.006902	0.009945	0.005357	0.038785	0.037359	0.02924	0.026672	0.025863	0.003207	0.036175	0.015329	0.015594	0.002545	0.026338	0.03077	0.027705	0.020811	0.028647	0.035931	0.015778	0.007192	0.03562	0.012574	0.003443	0.006082	0.022147	0.004714	0.014938	0.022928	0.031378	0.026531	0.014419	0.021221	0.029762	0.034097	0.009238	0.015313	0.010024	0.002852	0.036043	0.022847	0.022814	
0.010215	0.008377	0.00707	0.004847	0.015265	0.038747	0.038864	0.012398	0.009102	0.036914	0.01482	0.002419	0.005344	0.028405	0.012599	0.031997	0.028168	0.026766	0.023506	0.019601	0.008946	0.013688	0.006404	0.036868	0.028652	0.011948	0.022487	0.016747	0.003812	0.00134	0.022254	0.017559	0.030102	0.001977	0.009236	0.025001	0.036967	0.029888	0.03409	0.035186	0.034663	0.025399	0.032711	0.015233	0.038413	0.013452	0.02379	0.003773	0.020512	0.023478	
0.004639	0.027046	0.036172	0.005706	0.030166	0.028574	0.02982	0.014552	0.001792	0.023184	0.005018	0.000426	0.017365	0.003912	0.014317	0.024506	0.012202	0.029973	0.009454	0.03488	0.00861	0.038421	0.034167	0.006131	0.02896	0.040405	0.032308	0.002992	0.032101	0.035688	0.015585	0.02404	0.027588	0.03594	0.027064	0.003925	0.027144	0.010373	0.00508	0.008606	0.01141	0.035872	0.027758	0.003829	0.03336	0.040849	0.027573	0.01717	0.003052	0.000295	
0.005972	0.035994	0.038473	0.017882	0.016063	0.005376	0.023613	0.031107	0.032422	0.020865	0.024299	0.024933	0.002779	0.035236	0.037771	0.01083	0.037113	0.033035	0.032023	0.0033	0.019913	0.024739	0.015761	0.007684	0.004958	0.022035	0.029998	0.014933	0.010925	0.012331	0.005433	0.036915	0.020563	0.019454	0.028749	0.032872	0.004597	0.009334	0.010352	0.000961	0.010887	0.037559	0.035686	0.001	0.020469	0.033975	0.018367	0.001684	0.010016	0.028764	
0.012446	0.029453	0.030413	0.011431	0.013396	0.002342	0.022463	0.029195	0.018931	0.005344	0.031835	0.021336	0.032125	0.018628	0.011344	0.016325	0.036297	0.026773	0.004593	0.006202	0.025752	0.018209	0.015403	0.03226	0.021975	0.02051	0.010752	0.03011	0.028999	0.017325	0.002057	0.010517	0.0165	0.03269	0.026183	0.030138	0.036315	0.010772	0.023993	0.007835	0.032438	0.040332	0.004803	0.034848	0.007992	0.023321	0.022973	0.005795	0.021392	0.006939	
0.027713	0.033175	0.002443	0.010965	0.003078	0.005882	0.022833	0.013984	0.030022	0.031117	0.023066	0.026931	0.028834	0.014961	0.007175	0.034009	0.030375	0.028915	0.007604	0.030532	0.028522	0.010245	0.01131	0.0163	0.004737	0.027622	0.001951	0.017588	0.016398	0.003914	0.022337	0.025158	0.028691	0.005632	0.023055	0.009679	0.033876	0.027862	0.024643	0.022228	0.015997	0.026373	0.034908	0.015346	0.021118	0.033281	0.022038	0.015645	0.020518	0.019414	
0.013634	0.009499	0.010461	0.013862	0.000348	0.001753	0.004065	0.031575	0.003746	0.00264	0.029096	0.034235	0.024497	0.00111	0.002209	0.041437	0.013302	0.0179	0.03597	0.031438	0.011549	0.025701	0.022521	0.002132	0.01787	0.036959	0.011042	0.043064	0.024886	0.019199	0.0085	0.014888	0.045823	0.032093	0.034797	0.008675	0.030676	0.003604	0.048036	0.015372	0.012671	0.031861	0.005463	0.035603	0.03833	0.042499	0.014839	0.034038	0.004088	0.000444	
0.024171	0.021091	0.009435	0.005052	0.009165	0.02965	0.003198	0.033319	0.009955	0.020243	0.027009	0.026137	0.029718	0.030874	0.013936	0.010088	0.021437	0.021478	0.034338	0.011297	0.02722	0.002218	0.018883	0.005224	0.004566	0.022338	0.033481	0.019859	0.030526	0.021646	0.03239	0.003792	0.015805	0.025793	0.032136	0.018015	0.013032	0.018223	0.023683	0.003999	0.029776	0.03247	0.033711	0.007407	0.028167	0.025515	0.019184	0.008086	0.032882	0.018382	
0.002786	0.032355	0.022354	0.017109	0.011183	0.032774	0.009541	0.007248	0.007902	0.040568	0.038446	0.012197	0.031997	0.020715	0.027912	0.015891	0.03394	0.030171	0.030335	0.000574	0.017126	0.01986	0.009134	0.032476	0.011997	0.018819	0.038457	0.011732	0.002273	0.012322	0.01034	0.014803	0.002504	0.024745	0.035473	0.020565	0.004753	0.011035	0.040259	0.011151	0.000887	0.030454	0.04004	0.010541	0.013501	0.001564	0.035893	0.036309	0.028972	0.026017	
0.00526	0.029721	0.002426	0.007857	0.006043	0.014053	0.038647	0.003817	0.03323	0.005325	0.047505	0.04462	0.012803	0.023956	0.031969	0.030457	0.049541	0.022604	0.008226	0.025807	0.000382	0.004405	0.012538	0.006271	0.026631	0.000514	0.030613	0.010974	0.033636	0.040194	0.002471	0.001121	0.004288	0.013855	0.042376	0.001899	0.011225	0.021719	0.007759	0.02001	0.043493	0.035067	0.030412	0.004717	0.022768	0.041142	0.001251	0.014404	0.03352	0.036478	
0.003168	0.035604	0.029932	0.001902	0.000974	0.017042	0.040965	0.002974	0.019317	0.017552	0.00619	0.005177	0.010853	0.027083	0.038493	0.000112	0.025068	0.034965	0.030641	0.032643	0.031301	0.037841	0.014857	0.016932	0.032901	0.014814	0.025861	0.029874	0.022162	0.018887	0.025713	0.012452	0.025001	0.021766	0.014181	0.017502	0.005015	0.036535	0.028648	0.002992	0.016435	0.018058	0.024669	0.041193	0.018824	0.00541	0.009232	0.015475	0.029042	0.005772	
0.008399	0.026321	0.024859	0.035335	0.029269	0.026208	0.032856	0.021148	0.033367	0.00974	0.007343	0.02224	0.020326	0.028378	0.017678	0.015252	0.028352	0.009769	0.014314	0.032665	0.026098	0.038388	0.012708	0.017235	0.01004	0.011126	0.021239	0.001784	0.01566	0.005777	0.018103	0.035051	0.017251	0.031311	0.037808	0.035726	0.020034	0.004149	0.021429	0.034074	0.034604	0.001327	0.027084	0.009602	0.019658	0.000226	0.001513	0.002729	0.035609	0.008838	
0.033964	0.013219	0.003007	0.024168	0.033354	0.026381	0.016402	0.001473	0.031391	0.031672	0.01251	0.012211	0.019621	0.030524	0.033053	0.006749	0.014747	0.018686	0.016234	0.017415	0.028797	0.020986	0.02055	0.017009	0.017929	0.020365	0.028244	0.020727	0.005939	0.031256	0.007653	0.016419	0.032544	0.023459	0.001705	0.026792	0.014574	0.029656	0.000261	0.013763	0.021536	0.025142	0.021989	0.019183	0.028476	0.010257	0.021456	0.013741	0.032609	0.030202	
0.025075	0.021702	0.021315	0.022263	0.025909	0.019988	0.04412	0.03323	0.006169	0.016938	0.029392	0.035108	0.024649	0.016093	0.020509	0.031584	0.007545	0.009777	0.013094	0.003032	0.015551	0.039771	0.009311	0.000777	0.010212	0.023378	0.011376	0.004177	0.00361	0.015256	0.005174	0.041995	0.008016	0.034339	0.005222	0.008395	0.031779	0.040875	0.037854	0.019948	0.014458	0.025906	0.014872	0.014213	0.038228	0.01685	0.014573	0.040499	0.018752	0.007141	
0.008604	0.006148	0.008622	0.034404	0.021164	0.033986	0.008763	0.028101	0.02023	0.014183	0.036077	0.000578	0.015435	0.019654	0.005074	0.002964	0.020084	0.033788	0.024035	0.012811	0.037062	0.026207	0.012991	0.025683	0.035676	0.017528	0.035748	0.007167	0.029546	0.022966	0.005775	0.027993	0.005917	0.035727	0.002666	0.005251	0.036372	0.001135	0.008634	0.019837	0.031299	0.029503	0.038773	0.019569	0.01656	0.031702	0.00606	0.000611	0.03504	0.036297	
0.015376	0.002489	0.037273	0.033274	0.014504	0.04078	0.021751	0.008401	0.030143	0.01399	0.027211	0.009562	0.013615	0.018878	0.015821	0.024252	0.025191	0.019127	0.016262	0.016032	0.006394	0.027546	0.002354	0.020766	0.03057	0.028133	0.024739	0.038068	0.040215	0.024671	0.029523	0.012572	0.024314	0.008378	0.035658	0.024766	0.01077	0.037293	1.1e-05	0.011981	0.001544	0.021554	0.023054	0.024202	0.028284	0.010499	0.039156	0.002992	0.002516	0.003545	
0.032037	0.002439	0.031954	0.024085	0.009833	0.02416	0.00246	0.01342	0.034659	0.016892	0.003488	0.005118	0.029655	0.031425	0.020432	0.019072	0.016656	0.032698	0.012888	0.024592	0.036058	0.022726	0.030562	0.013056	0.031644	0.019308	0.006955	0.029459	0.035302	0.018762	0.017311	0.004052	0.019561	0.018509	0.023785	0.027342	0.036905	0.036216	0.033467	0.007427	0.003727	0.021482	0.01545	0.004785	0.013433	0.009677	0.0169	0.007101	0.021376	0.029699	
0.014438	0.018827	0.021274	0.032953	0.010131	0.02097	0.033459	0.013957	0.013425	0.019041	0.025511	0.017018	0.029285	0.01794	0.025024	0.033605	0.009748	0.026703	0.013124	0.034206	0.024301	0.007284	0.006559	0.0265	7.5e-05	0.026752	0.017912	0.028824	0.02841	0.005265	0.025267	0.034348	0.033521	0.031179	0.002681	0.030273	0.014855	0.026598	0.011979	0.003223	0.015717	0.015352	0.020346	0.005562	0.007968	0.004385	0.03598	0.025612	0.018776	0.033857	
0.012421	0.005071	0.017988	0.040236	0.015803	0.025911	0.024357	0.025669	0.000927	0.01153	0.040976	0.001651	0.00412	0.0169	0.01416	0.033679	0.009189	0.023056	0.001412	0.011891	0.024287	0.030852	0.023066	0.029753	0.02874	0.042892	0.035506	0.009462	0.03419	0.002328	0.002099	0.017649	0.035351	0.002047	0.026041	0.031539	0.040584	0.008433	0.018821	0.04291	0.030749	0.011084	0.003931	0.011303	0.016383	0.019692	0.033557	0.006116	0.019318	0.02437	
0.034016	0.002999	0.035288	0.033444	0.006295	0.020633	0.024409	0.023842	0.008585	0.031434	0.027989	0.034642	0.026776	0.014981	0.00372	0.030382	0.023286	0.021678	0.03773	0.026003	0.001077	0.024171	0.018015	0.033365	0.027949	0.027701	0.01536	0.016889	0.01779	0.031553	0.03736	0.029537	0.002278	0.018539	2.7e-05	0.027645	0.016561	0.004521	0.01634	0.015542	0.012152	0.022645	0.034593	0.003105	0.007656	0.018007	0.031065	0.00328	0.014606	0.002539	
0.010161	0.023569	0.036027	0.01463	0.02645	0.033576	0.014793	0.02272	0.034198	0.037294	0.018855	0.036067	0.031797	0.015838	0.029367	0.004346	0.002532	0.027972	0.002272	0.009281	0.006968	0.018771	0.004225	0.020485	0.007555	0.005639	0.001017	0.001222	0.027696	0.033089	0.008076	0.020735	0.026132	0.03392	0.018664	0.019129	0.022918	0.0188	0.024781	0.009334	0.026307	0.007291	0.005975	0.028709	0.022913	0.031688	0.013123	0.02917	0.037341	0.036582	
0.021877	0.016064	0.015512	0.002663	0.031343	0.020569	0.02356	0.020323	0.017579	0.014989	0.021155	0.018248	0.031293	0.009266	0.017097	0.001519	0.013291	0.011233	0.001333	0.030347	0.015088	0.003251	0.03634	0.035625	0.035055	0.024083	0.022221	0.031008	0.030613	0.004274	0.032028	0.025677	0.007403	0.031176	0.022034	0.03524	0.034594	0.025743	0.028349	0.023605	0.000926	0.019505	0.017926	0.020351	0.009743	0.01974	0.023988	0.015049	0.011042	0.019062	
0.032144	0.000125	0.009734	0.031017	0.021571	0.015923	0.014718	0.043608	0.013779	0.026852	0.017693	0.011695	0.024216	0.038068	0.023828	0.002645	0.040284	0.017973	0.015257	0.015618	0.013438	0.021862	0.005544	0.032958	0.014155	0.006693	0.041336	0.038035	0.01799	0.014048	0.007243	0.01612	0.036289	0.007471	0.032453	0.016552	0.008052	0.018081	0.039694	0.031582	0.004788	0.006982	0.017951	0.040547	0.009803	0.025635	0.034271	0.006022	0.001223	0.016434	
0.01351	0.017149	0.00116	0.034078	0.024504	0.023305	0.025108	0.008855	0.032913	0.02373	0.03327	0.016486	0.028601	0.040869	0.016378	0.03218	0.023046	0.016647	0.04148	0.046589	0.002696	0.012938	0.009138	0.023982	0.015546	0.008904	0.015333	0.038368	0.029375	0.014	0.02688	0.010714	0.022413	0.006337	0.001555	0.009029	0.034791	0.006687	0.015266	0.003411	0.021509	0.020184	0.042505	0.008697	0.006598	0.003266	0.028702	0.04153	0.017778	0.00201	
0.034675	0.004506	0.013811	0.015917	0.037227	0.014026	0.001257	0.018085	0.041419	0.000463	0.009671	0.036696	0.008496	0.039245	0.022054	0.009218	0.020304	0.01935	0.010979	0.019264	0.015648	0.033234	0.031656	0.006296	0.003801	0.039658	0.025668	0.027473	0.00927	0.028046	0.012002	0.014807	0.012516	0.024167	0.033832	0.005487	0.017791	0.003498	0.032165	0.035404	0.027738	0.010688	0.026463	0.026346	0.002323	0.024233	0.03334	0.021076	0.027445	0.011266	
0.030472	0.032754	0.006858	0.01674	0.007029	0.005867	0.039567	0.015625	0.039033	0.014733	0.014196	0.039513	0.038488	0.006172	0.021882	0.02977	0.016799	0.028593	0.010407	0.00098	0.026243	0.017779	0.003392	0.034341	0.004183	0.004807	0.009731	0.02773	0.032646	0.024964	0.004184	0.0197	0.009643	0.028947	0.035206	0.019891	0.001929	0.021737	0.035423	0.029341	0.014414	0.016555	0.017031	0.022043	0.023862	0.002968	0.036633	0.022778	0.014176	0.022245	
0.038398	0.023384	0.011375	0.031502	0.01768	0.010529	0.026475	0.017108	0.030176	0.004913	0.009263	0.028375	0.016117	0.020337	0.029649	0.016109	0.013494	0.01872	0.005802	0.009896	0.034198	0.033904	0.019493	0.001926	0.037839	0.038114	0.01474	0.010941	0.02768	0.013814	0.030856	0.035644	0.003836	0.014151	0.024139	0.015947	0.022613	0.03035	0.030083	0.006126	0.006648	0.011782	0.018814	0.013909	0.025828	0.011154	0.021604	0.025457	0.017747	0.021361	
0.003678	0.008712	0.033687	0.03652	0.032908	0.016997	0.010308	0.00254	0.020533	0.031023	0.037676	0.029535	0.032772	0.007335	0.010638	0.019618	0.028797	0.009988	0.036012	0.031219	0.031195	0.004079	0.032728	0.017682	0.004245	0.038911	0.015833	0.029116	0.015366	0.026412	0.017637	0.000635	0.022394	0.033503	0.001751	0.000198	0.013314	0.022546	0.013619	0.037194	0.034458	0.009079	0.010409	0.003514	0.027002	0.002977	0.028978	0.009109	0.022689	0.032931	
0.019986	0.036957	0.028582	0.027455	0.011263	0.024142	0.004002	0.011148	0.019489	0.002488	0.030585	0.004959	0.01752	0.02888	0.001839	0.012131	0.02608	0.01302	0.026845	0.027267	0.018097	0.014822	0.011515	0.024174	0.025459	0.008364	0.027397	0.029228	0.036857	0.002841	0.031709	0.001051	0.028019	0.024453	0.034275	0.013875	0.011011	0.034846	0.012111	0.025253	0.016791	0.003673	0.010034	0.025515	0.032984	0.032053	0.037741	0.013808	0.035524	0.001882	
0.029334	0.007612	0.0224	0.014505	0.028478	0.032169	0.031293	0.015019	0.004205	0.015346	0.024762	0.015055	0.007231	0.008987	0.005307	0.004609	0.021446	0.03935	0.023808	0.033427	0.026429	0.003828	0.015417	0.039314	0.024534	0.022834	0.03609	0.002576	0.003011	0.014385	0.033034	0.011642	0.023476	0.014477	0.031997	0.032656	0.024687	0.016049	0.021787	0.021052	0.03595	0.01721	0.013985	0.016383	0.011772	0.009237	0.007563	0.035266	0.013966	0.03505	
0.020031	0.006722	3.9e-05	0.030307	0.014809	0.007763	0.012602	0.02983	0.022218	0.02108	0.00703	0.008156	0.029575	0.01743	0.029848	0.031663	0.031324	0.028036	0.016692	0.010391	0.010971	0.015459	0.034807	0.010604	0.003202	0.032412	0.036381	0.023954	0.014177	0.039397	0.004127	0.029507	0.001269	0.011678	0.021241	0.010813	0.028839	0.033098	0.036909	0.007749	0.022343	0.022387	0.02655	0.036835	0.016704	0.016827	0.013176	0.029291	0.017873	0.015874	
0.011093	0.015996	0.006322	0.021705	0.01408	0.012717	0.032284	0.025926	0.023525	0.023711	0.01337	0.011636	0.036065	0.01329	0.01449	0.035712	0.024002	0.035587	0.01186	0.026818	0.010677	0.029415	0.033969	0.026265	0.025514	0.013587	0.01129	0.024324	0.001028	0.003305	0.016324	0.024535	0.036338	0.033532	0.007517	0.003958	0.027668	0.000933	0.013061	0.025357	0.033153	0.021418	0.017935	0.033279	0.026577	0.014944	0.026931	0.00833	0.004436	0.034211	
0.012321	0.027369	0.014588	0.02074	0.033342	0.004497	0.026825	0.009065	0.027995	0.015608	0.023397	0.035222	0.016905	0.025056	0.025435	0.000486	0.001004	0.029335	0.031021	0.032421	0.026437	0.011257	0.008959	0.001852	0.023242	0.013907	0.04022	0.029834	0.033797	0.006427	0.00577	0.011639	0.035476	0.032978	0.025121	0.005214	0.01755	0.024192	0.012748	0.018565	0.037913	0.027738	0.014605	0.012143	0.017999	0.030257	0.021491	0.007752	0.018434	0.013851	
0.008628	0.013399	0.020585	0.037039	0.02619	0.033857	0.037653	0.012006	0.012604	0.038588	0.018031	0.022007	0.034668	0.026766	0.002959	0.000404	0.014688	0.014459	0.010502	0.018218	0.020365	0.025973	0.031002	0.015519	0.022813	0.020136	0.037886	0.017815	0.034684	0.039555	0.019176	0.001631	0.026602	0.008908	0.014063	0.018154	0.021759	0.014429	0.027967	0.006659	0.032947	0.014447	0.010141	0.009455	0.02001	0.036588	0.00803	0.013405	0.007655	0.018975	
0.002623	0.023045	0.000729	0.033019	0.008115	0.013087	0.023078	0.0053	0.001943	0.028222	0.023368	0.031155	0.01543	0.028888	0.022836	0.01195	0.020099	0.014138	0.027746	0.041444	0.012005	0.037477	0.017984	0.035455	0.019732	0.009498	0.015081	0.033034	0.000423	0.037426	0.017776	0.027466	0.041035	0.026962	0.041886	0.028214	0.0086	0.015153	0.008917	0.021859	0.02755	0.007001	0.005593	0.019025	0.005614	0.027723	0.020184	0.031467	0.021469	0.002176	
0.022184	0.002153	0.005404	0.019485	0.015906	0.006874	0.040042	0.002322	0.009835	0.000376	0.021839	0.034213	0.013929	0.019495	0.021619	0.009386	0.023051	0.013569	0.022679	0.036914	0.034302	0.019543	0.013973	0.028825	0.028667	0.015996	0.011941	0.039981	0.038163	0.009782	0.022126	0.018261	0.02011	0.023888	0.002651	0.032206	0.031912	0.018261	0.004399	0.036657	0.038797	0.025803	0.019764	0.028467	0.033137	0.002046	0.02773	0.006156	0.00331	0.021871	
0.01747	0.023031	0.009029	0.024155	0.025376	0.03168	0.026408	0.012316	0.001924	0.0162	0.030166	0.037321	0.00362	0.032881	0.004054	0.020036	0.002493	0.021844	0.006202	0.032684	0.040268	0.003878	0.028089	0.020063	0.009253	0.041046	0.037818	0.034518	0.029312	0.005405	0.011183	0.031361	0.022093	0.03245	0.005711	0.007047	0.020859	0.036034	0.020255	0.007965	0.018027	0.026406	0.037137	0.015858	0.002757	0.004467	0.015154	0.017747	0.025647	0.013302	
0.014578	0.023906	0.006508	0.01727	0.014942	0.026526	0.036564	0.038606	0.013727	0.004424	0.033372	0.001608	0.006776	0.027295	0.020963	0.014839	0.028338	0.030278	0.013532	0.019748	0.032002	0.012867	0.038636	0.020163	0.016815	0.022429	0.026299	0.032419	0.03144	0.037433	0.017404	0.006711	0.032166	0.014948	0.018541	0.021368	0.003422	0.012018	0.001432	0.029867	0.009005	0.016363	0.021104	0.026677	0.010413	0.008479	0.03006	0.010786	0.028861	0.016072	
0.034581	0.007216	0.02859	0.022133	0.028699	0.030018	0.02237	0.024952	0.032649	0.01591	0.011228	0.025753	0.012655	0.009419	0.010278	0.018796	0.027545	0.006901	6e-05	0.009627	0.00963	0.017789	0.005876	0.028554	0.013457	0.009139	0.031522	0.035027	0.018726	0.03237	0.007557	0.017777	0.036455	0.027329	0.024702	0.029276	0.03131	0.011936	0.027656	0.022002	0.031272	0.033397	0.029833	0.02538	0.013648	0.001152	0.009515	0.008948	0.003451	0.025934	
0.036155	0.019244	0.008607	0.034934	0.03276	0.003287	0.035253	0.032274	0.02738	0.032898	6.5e-05	0.010452	0.020233	0.005472	0.028945	0.025272	0.016709	0.025891	0.024057	0.006559	0.020711	0.025251	0.027603	0.032037	0.000246	0.027596	0.0368	0.032752	0.00202	0.036215	0.00275	0.00554	0.027687	0.023912	0.036549	0.017431	0.007466	0.022364	0.000597	0.001971	0.009721	0.03041	0.033068	0.030046	0.023427	0.017546	0.025809	0.000648	0.01278	0.0026	
0.005001	0.026025	0.024483	0.011231	0.007561	0.023961	0.016116	0.015847	0.011942	0.00655	0.001837	0.005362	0.020576	0.000118	0.022619	0.003475	0.030913	0.031655	0.029383	0.034224	0.013617	0.028245	0.034801	0.03661	0.037671	0.012909	0.02225	0.027812	0.019438	0.005428	0.010121	0.032267	0.012669	0.029768	0.02429	0.030515	0.023091	0.019801	0.009465	0.014486	0.031511	0.030885	0.021018	0.009005	0.032833	0.031945	0.021508	0.005798	0.005213	0.036151	
0.009789	0.001372	0.022311	0.030055	0.024794	0.003133	0.001869	0.014394	0.038919	0.009847	0.010501	0.028417	0.011198	0.037146	0.023628	0.019388	0.033424	0.019216	0.030444	0.006278	0.011535	0.000575	0.039779	0.023835	0.018947	0.034453	0.033039	0.008758	0.007402	0.005345	0.013146	0.03112	0.006361	0.021717	0.024632	0.005639	0.040036	0.012766	0.019646	0.038085	0.040329	0.012422	0.021615	0.020756	0.017145	0.001241	0.015806	0.034282	0.028793	0.034672	
0.008204	0.032812	0.014884	0.029397	0.007311	0.033538	0.0044	0.041165	0.03607	0.02917	0.007719	0.019138	0.03282	0.019991	0.042215	0.022207	0.025971	0.014569	0.005441	0.012048	0.003724	0.016251	0.006338	0.017779	0.025604	0.037142	0.015688	0.032489	0.000103	0.02123	0.022142	0.035508	0.01016	0.028115	0.022769	0.008069	0.029681	0.038532	0.012526	0.001095	0.036284	0.035334	0.007918	0.023538	0.000382	0.030419	0.003415	0.000959	0.031295	0.006441	
0.007967	0.02563	0.015387	0.018663	0.000647	0.033151	0.017451	0.031737	0.009367	0.013645	0.028209	0.018578	0.033813	0.026393	0.000266	0.022892	0.022433	0.013625	0.008675	0.027016	0.006814	0.033162	0.010205	0.015275	0.014512	0.035794	0.039325	0.035499	0.013921	0.035493	0.02737	0.034483	0.008391	0.024217	0.040909	0.0042	0.006008	0.025579	0.003206	0.016662	0.024391	0.023748	0.02092	0.018413	0.024566	0.007514	0.036761	0.01218	0.024848	8.89999999999e-05	
0.035906	0.030642	0.030556	0.031083	0.033162	0.000471	0.00721	0.0317	0.006323	0.027529	0.008957	0.040378	0.038572	0.010135	0.017663	0.023251	0.008141	0.016276	0.00261	0.014376	0.002865	0.000547	0.002836	0.023304	0.031083	0.030755	0.037923	0.030134	0.021623	0.002043	0.016681	0.008375	0.027806	0.00954	0.030487	0.034225	0.037942	0.040535	0.007565	0.030495	0.002866	0.003824	0.022776	0.006516	0.031466	0.009745	0.014689	0.021609	0.007076	0.037728	
0.004147	0.02217	0.02562	0.018591	0.003143	0.007127	0.030175	0.003954	0.005933	0.011602	0.032239	0.038971	0.018669	0.043552	0.027727	0.000201	0.039858	0.004639	0.014921	0.011984	0.002949	0.004997	0.041325	0.043526	0.036951	0.041366	0.026459	0.008314	0.040059	0.015268	0.029622	0.023847	0.016815	0.00527	0.003745	0.000884	0.021855	0.041082	0.013807	0.015025	0.020459	0.039712	0.010176	0.008934	0.025362	0.036621	0.011656	0.037267	0.001663	0.009761	
0.030272	0.023018	0.024122	0.028646	0.005181	0.027241	0.026214	0.003	0.032697	0.017659	0.004152	0.021415	0.003331	0.027144	0.01486	0.021781	0.030885	0.030531	1.4e-05	0.002767	0.007637	0.01029	0.017845	0.013318	0.032002	0.023003	0.019939	0.036786	0.016412	0.024821	0.033108	0.007158	0.014411	0.033485	0.021776	0.034153	0.033006	1.4e-05	0.017939	0.01661	0.00166	0.024741	0.029064	0.003334	0.0367	0.018192	0.013846	0.035005	0.013233	0.035582	
0.01405	0.024816	0.018049	0.036826	0.013395	0.023499	0.030502	0.004019	0.034284	0.006219	0.029329	0.021093	0.006503	0.029042	0.009012	0.035323	0.012066	0.028791	0.011938	0.029721	0.038879	0.029695	0.025309	0.030961	0.021772	0.023583	0.022798	0.019662	0.018881	0.028157	0.013252	0.005318	0.009215	0.006113	0.033849	0.032859	0.015638	0.010849	0.011615	0.009643	0.017775	0.039518	0.010762	0.008246	0.017031	0.009663	0.029546	0.004428	0.028315	0.008191	
0.038699	0.036575	0.017256	0.028176	0.015471	0.019808	0.029552	0.009262	0.039298	0.009815	0.022734	0.023657	0.002753	0.027856	0.00151	0.001425	0.038527	0.000935	0.001192	0.010403	0.006713	0.015737	0.02277	0.015849	0.035745	0.00731	0.011271	0.042473	0.014345	0.019253	0.023681	0.038938	0.039339	0.018666	0.026521	0.03094	0.012286	0.010697	0.001685	0.013729	0.013301	0.013936	0.013635	0.009104	0.023074	0.033134	0.017722	0.034573	0.038436	0.020233	
0.019889	0.017576	0.031295	0.026797	0.012272	0.015812	0.002641	0.006766	0.038939	0.004046	0.004079	0.013488	0.014772	0.017768	0.024669	0.030283	0.012367	0.025799	0.036178	0.00733	0.039362	0.01014	0.022344	0.011736	0.044352	0.004652	0.001685	0.012575	0.036307	0.015665	0.004374	0.011501	0.015039	0.012289	0.005099	0.044697	0.038755	0.026624	0.002833	0.021995	0.041715	0.021819	0.034999	0.029293	0.00264	0.028234	0.025244	0.026055	0.008394	0.036817	
0.006065	0.041326	0.006085	0.010562	0.040834	0.013386	1.1e-05	0.01678	0.040924	0.021219	0.010732	0.040909	0.023909	0.008148	0.014327	0.040036	0.002576	0.010217	0.022894	0.009003	0.000101	0.023776	0.002743	0.006182	0.029281	0.023706	0.012144	0.038819	0.003765	0.033005	0.031565	0.040558	0.0151	0.002712	0.026255	0.004624	0.009221	0.00252	0.041256	0.02778	0.018018	0.038814	0.025933	0.025235	0.031847	0.000772	0.025439	0.037805	0.031874	0.009207	
0.027645	0.028752	0.018561	0.03264	0.015424	0.028773	0.01501	0.037545	0.021242	0.031564	0.025968	0.012461	0.000619	0.013425	0.000751	0.021631	0.005805	0.028263	0.02419	0.00387	0.036047	0.015961	0.013189	0.019816	0.013912	0.016651	0.016726	0.000984	0.030449	0.022865	0.033999	0.000322	0.001022	0.03301	0.037283	0.034489	0.019195	0.029728	0.01443	0.01388	0.008849	0.038195	0.033361	0.036988	0.026379	0.00933	0.002522	0.025671	0.009539	0.011069	
0.007569	0.012715	0.030629	0.024116	0.025699	0.027489	0.003537	0.034749	0.022134	0.003113	0.012533	0.024207	0.031389	0.016753	0.026129	0.015706	0.018488	0.020916	0.023224	0.023726	0.014162	0.017848	0.02312	0.010868	0.033119	0.032406	0.029662	0.013198	0.003649	0.021912	0.000874	0.02787	0.025149	0.00879	0.023351	0.034412	0.031218	0.015789	0.016322	0.028939	0.027441	0.029458	0.004281	0.010541	0.014288	0.005287	0.033634	0.032401	0.017371	0.007819	
0.004995	0.031804	0.024861	0.040718	0.025715	0.020274	0.023232	0.003859	0.026026	0.020594	0.022808	0.002038	0.015814	0.021136	0.01868	0.00053	0.039995	0.002102	0.000726	0.040237	0.004518	0.039643	0.024891	0.006899	0.015301	0.020104	0.004314	0.013132	0.033186	0.028538	0.039437	0.017422	0.012116	0.006309	0.011082	0.009033	0.0148	0.031646	0.002332	0.024095	0.03167	0.042119	0.00766	0.028216	0.037018	0.016696	0.030717	0.040782	0.012197	0.007983	
0.044099	0.013863	0.002256	0.037956	0.024898	0.022097	0.000481	0.025952	0.029867	0.028335	0.007382	0.014513	0.027861	0.034995	0.018156	0.046107	0.011242	0.004915	0.020086	0.018803	0.031471	0.00188	0.02045	0.037891	0.035027	0.00539	0.037142	0.016628	0.004057	0.010274	0.001365	0.002269	0.002182	0.025454	0.007516	0.006879	0.03543	0.025907	0.016153	0.017559	0.010836	0.023799	0.000535	0.005984	0.041751	0.044106	0.031579	0.01478	0.028062	0.02378	
0.016505	0.0061	0.032442	0.01055	0.020911	0.013951	0.002797	0.007123	0.032378	0.031766	0.02136	0.02814	0.021193	0.02289	0.020114	0.018199	0.019144	0.02207	0.028587	0.029104	0.019092	0.034639	0.007605	0.031436	0.022746	0.019664	0.022779	0.02845	0.011497	0.018192	0.010568	0.022059	0.020575	0.028598	0.023466	0.008799	0.010301	0.026009	0.01404	0.032199	0.007201	0.008256	0.00904	0.01653	0.025569	0.027694	0.020113	0.019469	0.020239	0.027851	
0.022998	0.018421	0.012744	0.019299	0.016938	0.025243	0.0286	0.030721	0.019666	0.020413	0.023954	0.01898	0.028621	0.031938	0.033036	0.02539	0.033861	0.035825	0.032974	0.020262	0.019678	0.007624	0.006253	0.01673	0.002976	0.015429	0.004274	0.014321	0.02689	0.03017	0.011876	0.003191	0.024322	0.035658	0.007727	0.018955	0.017698	0.004714	0.033794	0.038078	0.02111	0.027123	0.008612	0.009294	0.024122	0.024731	0.004291	0.0262	0.001754	0.012521	
0.02971	0.035776	0.021559	0.025633	0.008337	0.006605	0.023809	0.032085	0.000763	0.032715	0.021676	0.03668	0.01167	0.022076	0.009926	0.010971	0.003432	0.035934	0.01249	0.034635	0.031479	0.002649	0.032935	0.021152	0.024238	0.010405	0.003928	0.036512	0.013221	0.007153	0.023091	0.004531	0.01762	0.028413	0.002172	0.025342	0.021096	0.000702	0.015586	0.026514	0.037663	0.031069	0.003335	0.032832	0.037317	0.004539	0.035297	0.012693	0.020294	0.01974	
0.033317	0.000534	0.021024	0.001058	0.036507	0.035286	0.023455	0.014247	0.003942	0.02401	0.0308	0.022531	0.014898	0.01237	0.023512	0.012846	0.035404	0.00239	0.003412	0.036716	0.013876	0.00247	0.031864	0.010357	0.034027	0.010802	0.024286	0.008375	0.033014	0.020281	0.03675	0.029089	0.001329	0.017471	0.02925	0.003858	0.017736	0.014078	0.027318	0.019052	0.008899	0.014688	0.012588	0.036921	0.029543	0.01923	0.016497	0.022852	0.029821	0.035419	
0.028789	0.032067	0.017601	0.012493	0.015945	0.026896	0.034866	0.033619	0.004582	0.016341	0.019775	0.021174	0.010778	0.015287	0.038755	0.019832	0.019672	0.02541	0.037087	0.011437	0.020561	0.004473	0.01722	0.007366	0.024364	0.007772	0.022278	0.017985	0.016671	0.03684	0.02386	0.000311	0.016087	0.009876	0.018771	0.000524	0.015083	0.03122	0.012922	0.033354	0.028021	0.023144	0.020378	0.014627	0.021922	0.038029	0.007883	0.034634	0.004812	0.026606	
0.012491	0.029791	0.038023	0.017186	0.008273	0.024429	0.029221	0.033231	0.037227	0.023574	0.020345	0.007283	0.030081	0.008951	0.039427	0.039333	0.026988	0.03877	0.033636	0.006191	0.029464	0.002705	0.014422	0.002929	0.005677	0.02595	0.029698	0.03796	0.037451	0.002176	0.015749	0.011859	0.028592	0.000757	0.036976	0.010675	0.008774	0.005803	0.004375	0.022016	0.005062	0.037243	0.039023	0.000868	0.007899	0.004506	0.003971	0.020212	0.008903	0.033854	
0.013418	0.030435	0.038974	0.016032	0.032159	0.017858	0.010865	0.00835	0.016968	0.020512	0.009998	0.023212	0.019054	0.023529	0.022717	0.032845	0.005169	0.034444	0.00383	2.1e-05	0.007275	0.002462	0.024778	0.01333	0.027593	0.016865	0.021112	0.022965	0.035416	0.027368	0.016298	0.008561	0.02166	0.009363	0.004891	0.027953	0.038768	0.030303	0.015395	0.032947	0.016939	0.026537	0.014869	0.031609	0.03457	0.012172	0.030756	0.008291	0.00445	0.034114	
0.020973	0.004054	0.02133	0.029642	0.02742	0.039902	0.001472	0.011521	0.035415	0.02164	0.006511	0.012448	0.043595	0.015121	0.036198	0.033131	0.025956	0.004559	0.025201	0.014653	0.031363	0.015336	0.0139	0.016604	0.02933	0.02446	0.022245	0.009085	0.00449	0.012731	0.038239	0.001522	0.001628	0.011723	0.000866	0.037372	0.022719	0.007935	0.039115	0.022006	0.00707	0.018321	0.03699	0.028299	0.010399	0.008285	0.040599	0.04075	0.00483	0.011046	
0.034838	0.010183	0.024215	0.032612	0.002	0.017282	0.016014	0.028942	0.001827	0.021667	0.022419	0.018039	0.015252	0.037707	0.031958	0.016344	0.036981	0.038633	0.004553	0.021036	0.019264	0.024951	0.030413	0.033602	0.000937	0.00438	0.038779	0.004064	0.010357	0.015743	0.031586	0.032733	0.004115	0.01033	0.022711	0.004721	0.015978	0.017234	0.039371	0.008598	0.039129	0.023633	0.038876	0.016818	0.00096	0.006937	0.022061	0.012979	0.034438	0.0018	
0.030213	0.01525	0.006571	0.00599	0.01923	0.034861	0.012206	0.01335	0.009992	0.03313	0.033188	0.004254	0.007652	0.033144	0.014078	0.032923	0.030639	0.026306	0.013626	0.034888	0.026829	0.028734	0.010515	0.035585	0.018705	0.02571	0.008966	0.035137	0.011908	0.017363	0.029581	0.027415	0.001139	0.010248	0.016386	0.031436	0.020403	0.021119	0.031037	0.004269	0.028119	0.011329	0.020427	0.033337	0.018565	0.026875	0.004652	0.02275	0.003663	0.006307	
0.72