50
2
-0.449549	0.278462	0.247798	0.556085	-0.043773	0.918268	0.994868	0.665027	-0.59231	-0.7319	0.230029	0.185974	0.289561	0.977441	-0.329675	0.617038	0.34183	0.07628	-0.860982	-0.820998	0.743585	0.176068	-0.846869	-0.311784	-0.267314	-0.976263	-0.116335	-0.892915	0.345177	-0.935462	-0.231019	0.648265	0.796185	-0.340423	-0.805315	-0.62321	-0.670803	0.874535	0.976652	-0.814188	-0.475612	-0.73466	0.441611	-0.617325	-0.969822	-0.691954	0.803207	0.228816	-0.80674	-0.667	
-0.990406	-0.071456	-0.859944	0.816262	-0.450444	0.162176	0.793	-0.681906	0.62861	-0.19504	-0.535733	-0.760147	-0.333517	0.454724	-0.957042	-0.386983	-0.433009	0.642657	0.115382	0.9049	-0.40295	-0.325332	-0.417956	-0.307366	0.927717	-0.093986	-0.884534	-0.601775	0.168989	-0.559294	0.572895	-0.446924	0.441279	-0.93287	-0.352097	-0.509796	0.983725	0.507325	-0.211571	-0.566888	0.768522	-0.289421	-0.108039	0.604658	0.44318	0.805049	0.383743	0.715165	0.504776	0.233697	
0.614602	0.510173	0.13338	-0.130276	-0.685586	-0.278308	-0.768054	0.535847	-0.403873	-0.411643	-0.629556	-0.220089	0.818964	0.639761	0.638508	-0.819796	0.61321	-0.312903	-0.718922	-0.74268	0.047162	0.667417	-0.867383	-0.683286	-0.115415	-0.989478	0.056363	0.462836	0.54098	0.971519	-0.109092	0.448441	0.053089	0.958792	-0.497767	0.544628	0.968996	-0.86631	-0.961186	0.856608	-0.112858	-0.244004	0.945066	0.593467	-0.650968	0.218693	-0.469077	0.040667	-0.891468	0.269711	
0.042267	0.061254	-0.379131	0.325761	-0.404217	-0.442645	0.787158	0.280606	0.088471	-0.320716	-0.081617	-0.791158	-0.235751	0.557778	0.658037	-0.482224	0.51126	0.353326	0.632696	0.160211	0.232728	0.081757	0.327379	0.978317	0.368396	-0.831996	-0.676594	0.498832	0.897167	0.602607	0.859254	0.16402	-0.532944	0.912465	-0.242354	-0.541179	-0.868479	0.986492	-0.38682	-0.141837	0.874063	-0.865657	0.193743	-0.84472	0.5274	-0.358398	0.934466	0.850309	0.649997	-0.63763	
-0.293384	-0.986624	0.713635	-0.353491	-0.516386	-0.007246	-0.359842	-0.385879	0.808511	0.299025	0.760149	0.931919	-0.931845	-0.547251	-0.701563	0.940245	0.216083	0.670182	0.853552	0.56464	-0.039618	0.571004	-0.967049	-0.580625	-0.323135	-0.327211	-0.528286	-0.155067	-0.126717	0.375393	-0.005525	0.443138	-0.844348	-0.035207	-0.835418	0.924496	-0.424831	-0.008344	-0.44565	0.117387	0.575552	0.054161	0.460385	0.412519	0.287613	0.675196	-0.42579	0.861977	0.931837	0.518537	
0.928332	-0.068991	0.556628	0.005112	-0.363602	0.79155	-0.843591	-0.470442	-0.859726	0.826793	0.211188	-0.00937	0.88783	-0.30669	0.23819	0.884477	0.794725	-0.468725	-0.379375	0.93118	0.574723	-0.27899	-0.251164	-0.289797	0.731533	0.877994	-0.326812	-0.863197	0.295424	0.753554	-0.168355	-0.428545	0.216406	-0.649906	0.814346	0.849024	0.282251	-0.253688	-0.057363	0.846232	0.246295	-0.32405	0.716581	-0.054845	-0.32854	-0.887903	-0.780219	-0.061755	0.058944	-0.208529	
0.40526	0.430517	-0.012667	-0.544842	0.74951	-0.532696	-0.632743	0.4188	-0.724123	0.106694	-0.669151	0.069725	0.680539	0.794234	-0.550724	-0.381013	0.437544	0.366565	0.238151	-0.779553	0.067044	0.531088	-0.816076	-0.99495	0.944287	0.068293	-0.155406	-0.215724	-0.221846	0.819413	0.075971	-0.1358	-0.170642	0.690887	-0.059276	0.133457	0.38276	0.03623	-0.854235	-0.833419	-0.407047	-0.469955	-0.023576	-0.154907	-0.455574	-0.382978	-0.363248	0.952444	-0.234434	-0.829724	
0.942482	0.993128	-0.747766	0.672289	0.828423	0.419222	0.015693	-0.152266	0.379589	-0.865623	-0.010438	0.29311	0.230866	-0.17555	0.136032	-0.000227	-0.051909	-0.760214	-0.453518	-0.62299	-0.28286	-0.355603	-0.201591	-0.05339	0.431424	-0.634515	0.29275	0.048584	-0.587939	-0.319588	-0.317341	0.410329	0.609092	-0.05234	-0.287846	-0.993989	0.209958	0.044215	-0.382318	-0.737208	-0.494579	0.081798	0.051475	-0.45051	-0.901043	-0.535613	-0.982161	0.388753	-0.177133	-0.007331	
-0.021115	-0.364265	-0.161897	-0.210577	-0.724517	0.942913	0.556535	-0.305715	-0.127194	0.449266	0.696251	-0.193132	-0.203524	0.425708	0.250377	0.433302	-0.090463	-0.968819	-0.042911	0.875028	-0.764762	-0.822812	-0.812998	-0.373744	0.507683	0.448168	-0.846611	0.948584	-0.252021	-0.548237	-0.16299	0.470839	-0.547849	-0.300647	-0.940414	0.471063	0.148882	0.257423	0.742155	0.719481	-0.061182	0.554437	0.039055	-0.346235	-0.299338	-0.203732	0.349318	-0.367379	0.849962	-0.684575	
-0.944397	0.248366	-0.723893	-0.648781	-0.666337	0.006786	0.833566	-0.276865	-0.547219	-0.483502	0.166454	0.270514	-0.287293	-0.693604	0.502237	-0.963817	0.940043	-0.226838	-0.761768	-0.770628	-0.2492	0.277949	0.06199	-0.788058	-0.841203	-0.24884	-0.832658	-0.455624	0.111268	0.263866	0.169633	0.74498	0.620529	-0.53871	0.317308	0.528972	-0.816158	0.586618	0.467239	-0.307679	0.051686	-0.028454	0.44995	-0.364542	0.316773	0.074652	-0.832112	-0.94471	-0.986403	-0.654932	
0.798596	0.835735	0.889822	-0.746352	0.030053	0.247184	0.289431	-0.162233	-0.802835	0.069801	-0.474307	0.47383	-0.935694	0.612737	0.104524	-0.569523	-0.027471	-0.106114	-0.921263	-0.577437	0.556373	-0.860025	-0.240225	-0.890573	0.131342	-0.862779	0.026349	-0.972535	0.233547	0.533977	0.351187	-0.371989	-0.513292	-0.742852	0.58702	-0.821255	0.342984	-0.807071	0.057407	-0.707576	-0.422641	-0.403449	-0.276209	-0.775023	-0.880239	0.237418	-0.773371	-0.658326	0.315052	-0.14381	
0.247178	-0.125372	0.940168	0.430699	-0.408717	-0.854916	0.101459	0.315039	0.85048	0.25457	-0.510538	0.682229	-0.147087	0.167097	0.45057	0.736954	-0.34301	0.934415	-0.322088	-0.158355	0.354386	-0.725827	-0.571657	-0.831702	0.980884	0.508189	-0.367861	0.11997	-0.717509	0.056839	0.898104	-0.298505	0.648389	0.237701	0.785817	-0.017091	0.375725	-0.735638	-0.979015	0.615181	0.376333	0.94036	0.205067	-0.926497	-0.734923	-0.228239	0.504707	-0.916039	-0.247456	0.009719	
0.364397	-0.91262	0.092987	-0.822643	0.691881	0.978583	-0.712965	0.015746	-0.988235	-0.390649	-0.212502	0.048535	0.1513	-0.093743	0.243336	0.462047	-0.220872	0.694751	-0.550252	0.239851	0.849225	0.107462	0.309739	0.182936	0.939882	0.103178	-0.290812	-0.366105	0.059947	-0.028602	0.69704	-0.21098	0.140444	-0.250828	0.170398	0.150091	-0.554976	-0.219531	0.706796	-0.185693	0.801557	0.550942	-0.992494	-0.891822	0.881722	0.136626	-0.14861	0.613832	0.328782	0.521367	
0.368932	0.605985	-0.359092	0.315892	-0.060103	0.430334	-0.773459	0.177597	-0.460711	-0.209861	-0.911137	0.687722	-0.672657	-0.172253	0.600159	-0.068545	-0.536799	-0.968098	0.258179	-0.62533	-0.7342	0.014398	0.697666	0.307075	0.601271	-0.956238	-0.562063	-0.669531	-0.050567	0.987991	-0.238568	-0.707887	0.477431	-0.569598	0.036954	0.523479	0.877104	0.487297	-0.825139	0.207638	-0.690809	0.41422	0.503547	0.554177	-0.614452	0.624809	0.398917	0.27763	-0.590363	-0.040228	
-0.06196	0.291711	-0.991247	0.932744	-0.84561	-0.428665	0.805066	0.007366	-0.781897	0.620687	-0.164021	0.236496	0.723284	-0.697729	-0.716661	-0.080804	-0.276804	0.316061	0.261476	0.050352	0.937414	-0.782971	-0.35785	0.157872	-0.02423	-0.70621	-0.74888	-0.370698	0.379083	0.783208	-0.411746	-0.883749	-0.180304	0.091832	-0.726639	0.127477	0.920429	0.008292	-0.524996	0.801811	0.64931	0.625321	-0.892718	-0.989026	-0.231196	-0.329654	0.352287	-0.107277	-0.339405	-0.848361	
-0.008219	-0.889989	0.427214	0.636098	0.252766	0.140227	-0.932051	-0.097397	0.434649	0.90469	-0.296324	-0.640139	0.308425	0.095521	-0.196382	-0.480301	-0.963683	0.053736	-0.207731	0.792656	-0.273388	0.653744	-0.048236	-0.655253	0.219278	-0.885149	0.835118	-0.077445	0.07395	0.937862	0.483483	0.983574	-0.694589	-0.277326	0.398817	-0.124443	0.536056	-0.380835	0.316681	-0.498412	-0.431343	-0.610645	0.649769	-0.826393	-0.435335	-0.930353	0.853903	-0.811094	-0.743537	-0.51762	
-0.580521	-0.154649	-0.560564	0.827463	-0.155709	-0.298457	0.682463	0.374937	0.710766	0.312402	-0.579595	-0.537059	0.706051	0.934847	0.753653	-0.264739	0.766071	-0.180148	0.209692	-0.944523	-0.211825	0.158207	0.570708	-0.522141	0.393877	0.129805	0.344065	0.652554	-0.73331	-0.08423	0.157077	-0.442353	-0.046233	-0.804697	-0.940579	-0.332008	-0.722028	-0.444507	0.552128	0.568427	-0.056685	-0.770886	0.079456	-0.246594	-0.285155	0.136109	0.829435	0.364092	-0.260574	-0.813538	
0.907921	0.326664	-0.961147	0.026784	0.058332	0.251077	0.633786	-0.296372	-0.667015	-0.167491	0.071054	0.430089	-0.841113	0.697872	-0.858068	-0.332356	0.565509	-0.287423	0.911254	0.477843	0.744583	0.03847	0.456533	-0.681316	-0.59086	-0.929159	-0.70321	-0.783561	0.284732	-0.513975	-0.231808	-0.628492	0.623786	-0.407391	0.590801	0.053638	0.074871	-0.262893	0.808624	-0.926896	0.47644	-0.635929	-0.127211	-0.818509	-0.382376	-0.708617	-0.932899	0.355407	-0.509957	-0.170892	
0.207985	-0.230512	-0.207528	-0.887959	0.331146	0.201267	0.65125	-0.259049	-0.893256	0.731883	0.506722	-0.463773	-0.023164	0.640641	-0.964576	0.968631	-0.374105	-0.371503	0.387831	0.965847	0.590022	-0.25753	-0.969968	0.596726	-0.513429	-0.193785	0.593814	-0.166287	-0.862286	0.293301	-0.918638	0.481806	-0.165754	-0.114309	-0.880584	-0.399073	0.498295	-0.815178	0.657017	-0.506508	-0.047931	0.920934	-0.291173	0.16712	-0.721292	-0.844841	0.69924	0.409447	-0.077225	-0.979042	
0.380314	-0.052178	0.650587	0.79513	0.865618	-0.138202	-0.545999	0.781684	0.030927	0.614087	-0.429625	0.95434	0.557209	0.318512	-0.462611	0.399437	0.736591	-0.655859	0.519789	-0.191926	0.131799	0.222994	0.957592	0.008338	-0.530167	0.990575	0.814056	0.192572	-0.512313	-0.336766	0.956345	0.625243	-0.610389	-0.341906	-0.51046	0.313363	0.106658	0.958701	0.411221	-0.828826	0.984949	-0.438934	0.471149	-0.814391	0.943342	0.79942	0.473495	0.191977	-0.533872	-0.489316	
-0.792697	-0.130495	0.188474	0.900365	0.039148	0.47906	0.483253	-0.515332	0.532079	-0.257492	-0.423464	0.249769	0.081047	0.686396	0.245267	-0.937842	0.996165	-0.929203	0.943026	-0.931126	0.961826	-0.08183	0.44019	-0.373868	0.851786	-0.785173	0.498237	-0.084909	-0.596681	0.789433	-0.50674	-0.429674	-0.661261	0.337084	0.599036	0.24455	-0.356413	0.40782	-0.931019	-0.716117	0.011738	-0.633029	-0.680536	-0.629944	0.552746	0.475468	-0.98484	-0.360158	0.586145	0.867332	
0.988252	0.825729	0.15373	-0.253994	0.926523	0.166863	0.169792	0.51827	-0.914938	-0.421906	0.193704	-0.961205	0.802905	0.994114	-0.146002	0.021763	-0.865558	-0.73632	-0.752767	0.259188	0.816353	0.668163	0.69564	0.662861	0.965508	0.609945	-0.961568	-0.205067	-0.712629	-0.677148	0.05218	0.619899	0.804937	-0.208046	-0.199624	-0.129018	-0.760929	-0.292214	0.31341	0.615121	-0.458425	-0.88677	-0.935499	-0.488168	-0.55226	0.514098	-0.440851	0.853948	0.089923	0.274099	
0.951182	0.231722	-0.256582	0.853802	0.456675	0.25463	0.972015	-0.054105	-0.966885	0.332554	-0.758993	0.151328	0.709197	0.472351	0.568421	0.436356	0.701881	0.214134	0.661381	-0.538526	0.644367	-0.308298	0.879646	0.208342	-0.046491	0.02313	-0.809699	-0.389915	-0.913074	-0.067505	-0.916682	0.93957	-0.535879	0.037728	-0.326249	0.061094	0.893397	0.681163	-0.084374	0.021873	-0.857854	0.813985	-0.453275	0.60983	-0.498085	0.464254	0.676741	-0.353918	-0.598646	-0.873257	
-0.487655	-0.815725	-0.045417	0.445838	0.452792	0.376843	0.80232	-0.456176	0.187129	0.48505	-0.297692	-0.069409	0.264706	0.922386	0.750294	0.303251	0.04977	-0.58977	0.178744	-0.065098	0.491465	0.476071	0.976085	-0.774002	0.625819	-0.702073	0.584318	0.767951	0.150696	0.972313	0.999428	-0.434926	0.043334	0.706479	0.688308	0.410529	-0.965651	0.399893	0.479823	-0.414691	-0.233888	0.794127	0.586406	-0.959707	-0.571882	-0.254543	-0.919157	0.857222	0.497355	-0.714481	
-0.062423	0.911331	-0.395195	-0.851743	0.41775	-0.90789	-0.29011	0.714424	-0.679199	-0.513995	0.755254	-0.372189	0.277796	-0.961716	-0.89209	-0.471401	0.98803	0.463005	-0.379222	0.467151	0.309745	0.85475	-0.132733	-0.131554	-0.565237	-0.555627	-0.398936	0.790707	-0.818955	-0.945552	-0.852663	-0.290312	0.882182	0.715035	0.314917	0.101747	-0.571928	0.028137	0.430479	0.966016	-0.90521	-0.093658	0.853917	-0.048022	-0.052335	0.065651	-0.079703	-0.225009	-0.204807	-0.517686	
0.669035	0.100801	0.673766	0.019122	-0.505421	0.828448	0.843332	-0.389418	0.982623	0.358857	-0.567995	0.530004	-0.680852	0.628554	-0.152036	0.68105	-0.18233	0.690849	-0.048306	-0.580811	-0.888954	-0.633359	0.767893	0.090551	0.478465	-0.060436	0.694075	-0.172422	0.411999	0.122665	0.778486	0.939693	-0.137917	-0.443669	-0.235639	0.038289	-0.829495	0.86042	0.224264	-0.22684	-0.469419	0.649457	0.060255	0.604125	-0.483055	0.644132	0.70064	0.532486	0.087432	0.852248	
-0.12992	0.74155	0.453362	-0.943688	0.720792	0.237599	-0.784043	0.591351	0.396829	-0.166705	0.134937	-0.006619	-0.536423	-0.874466	-0.123171	-0.757861	0.077068	-0.13392	0.328835	0.474175	-0.150185	-0.013046	-0.376733	-0.972319	-0.270715	0.686133	-0.493866	-0.412073	-0.378677	0.165051	-0.63732	0.198752	-0.908105	0.046001	0.281306	0.452324	0.922815	-0.012694	0.189429	-0.562234	0.450256	0.636026	-0.326245	0.245383	-0.635731	0.310565	-0.340454	0.40739	-0.797118	-0.741787	
-0.562821	0.054795	0.231987	0.074174	0.585792	-0.084952	-0.205234	-0.225526	-0.061311	0.82805	-0.713216	0.24973	-0.360041	0.466856	0.038924	-0.858698	-0.360088	-0.763832	-0.114022	0.369732	-0.532334	-0.520197	-0.575342	-0.006243	0.707057	-0.257225	0.221749	-0.249558	0.006783	0.367517	-0.678292	0.024986	0.123025	0.33498	-0.461543	0.678737	-0.745952	0.315001	-0.52827	0.630168	0.751477	-0.845899	0.306931	0.921858	0.803181	-0.593844	-0.573657	0.984821	-0.526054	0.093759	
0.972527	-0.093866	0.528067	-0.739244	0.206301	-0.0456	0.915059	0.921237	0.846007	-0.458783	0.382691	0.665771	-0.137089	0.334527	0.164715	-0.87844	0.07655	0.867872	-0.193321	-0.936751	0.25524	-0.720767	-0.765868	-0.925779	0.538025	-0.054178	0.558495	-0.210787	-0.304074	0.884452	0.517664	-0.201265	-0.576846	-0.563689	0.812564	0.886609	0.082115	-0.446384	0.052434	-0.527866	-0.531994	0.737735	0.090559	0.859566	-0.817813	0.525471	-0.557872	-0.893328	-0.608535	-0.211475	
0.371389	0.225923	0.867688	-0.441437	-0.330469	-0.55362	-0.109779	0.560404	-0.788142	0.808227	0.011546	0.822646	-0.336938	0.554637	0.408905	0.283977	-0.226312	0.489555	-0.517776	0.563182	0.796829	-0.15387	0.992435	0.390345	0.577889	-0.873661	-0.198944	0.456749	0.953716	0.785685	-0.702204	0.659451	-0.493919	-0.088573	0.974142	-0.717012	0.088233	0.883198	-0.352691	0.595538	0.896013	-0.212435	-0.595744	0.451503	-0.224954	-0.494347	-0.238295	0.634662	-0.337279	-0.561205	
0.403403	0.042519	-0.450069	0.666921	-0.892765	0.658101	-0.055911	0.606056	0.982711	0.710635	-0.533166	0.609347	0.970631	-0.531564	-0.722218	-0.378702	0.901142	-0.226455	-0.720955	0.226953	-0.476662	0.322578	0.255948	-0.487399	-0.642309	0.713983	-0.917395	0.431444	-0.417856	-0.971965	-0.613671	-0.220202	-0.502586	0.051562	0.662397	0.083182	-0.224669	-0.394668	-0.838856	-0.194964	0.154869	0.043072	-0.123107	0.268575	-0.73492	-0.631151	-0.41519	0.644934	0.768412	-0.954126	
-0.500496	0.891928	-0.095308	0.780349	-0.091565	0.197168	-0.547561	-0.544521	-0.615788	0.252277	-0.152384	0.112095	-0.074009	-0.517915	0.309643	-0.091595	-0.261356	0.153772	0.842494	-0.586216	-0.872605	-0.826854	-0.561722	-0.080084	0.22577	-0.499876	0.555395	-0.677145	-0.42675	-0.421838	0.849627	-0.5771	0.196202	0.671608	-0.794754	-0.063796	-0.45906	-0.165585	-0.475937	0.167472	0.811649	-0.238677	-0.913556	0.28465	-0.699033	0.406894	0.315209	-0.760738	-0.699076	-0.674307	
-0.254931	0.236992	0.736997	-0.846449	-0.353263	0.669927	0.749317	-0.194002	0.587798	0.695294	0.287333	0.349958	-0.581599	-0.637579	-0.499779	-0.817364	0.566974	-0.365026	0.768766	-0.593966	-0.290841	-0.510586	-0.459413	0.443685	-0.095541	-0.545869	-0.178119	-0.321973	-0.087521	-0.196179	0.384503	-0.605906	0.243182	-0.190058	0.410492	-0.339882	-0.936847	0.633419	-0.207446	0.568739	0.42391	-0.576979	-0.429322	0.141835	0.680446	0.956059	0.883291	-0.612319	0.102625	-0.064931	
0.146602	0.51504	0.075411	-0.79895	-0.195025	-0.808381	0.146655	0.254243	-0.468249	-0.645884	-0.196142	0.187441	0.759909	0.570729	0.322263	-0.803771	0.652785	0.605894	0.912133	-0.719486	-0.633748	-0.550549	-0.730563	0.973801	0.057642	-0.537709	-0.247748	0.059577	-0.379498	-0.370004	-0.188781	0.910854	-0.080099	0.283791	0.394357	0.678495	-0.888961	-0.030409	0.296521	-0.513438	0.588588	-0.276948	0.024744	-0.352542	-0.899314	0.314974	-0.672904	0.266991	0.637213	-0.422662	
-0.008982	-0.047385	0.781109	0.846384	0.962756	0.752764	0.508926	-0.542067	-0.197316	-0.969667	-0.558021	-0.42569	-0.774074	-0.994376	-0.58174	-0.301294	-0.040496	-0.732389	-0.228032	0.413967	0.450908	0.20909	-0.464385	0.447958	0.669579	-0.960182	0.309716	0.012372	-0.459622	0.151239	-0.735953	-0.860171	-0.122068	-0.266886	0.329674	0.576403	0.657014	-0.480837	0.29971	-0.04421	-0.054054	-0.013075	0.283211	-0.721875	0.715608	0.94335	0.881765	-0.720304	-0.867312	-0.286516	
-0.856812	0.17163	0.74957	0.372665	-0.639099	-0.960649	0.216974	0.917957	0.282148	-0.011981	0.99654	-0.155919	-0.771434	-0.825274	-0.244158	-0.326789	0.442054	0.009379	0.583425	-0.344037	0.547023	-0.12959	0.063335	-0.664363	0.88381	-0.671964	-0.385774	-0.93485	0.673779	0.988337	-0.435821	0.96924	0.859621	-0.398252	-0.21158	0.495401	0.754577	0.08818	0.518331	-0.503314	-0.087337	-0.97837	0.777844	0.249988	0.032887	-0.546471	-0.411076	-0.112265	0.851686	-0.335498	
-0.950055	0.363642	0.227611	-0.238164	0.054725	-0.58026	0.211265	0.901307	0.967901	-0.773537	-0.930792	-0.131914	0.39221	0.582522	0.219356	-0.067391	-0.462765	-0.310158	0.929443	0.522465	0.575627	-0.587149	0.046316	-0.256558	-0.938417	-0.603418	-0.805807	0.948547	-0.638731	0.059603	0.447233	0.585422	-0.551756	-0.008219	-0.731302	-0.186044	-0.820065	0.398566	0.224875	0.913693	0.400508	-0.664222	-0.714143	0.392202	-0.785672	0.949235	-0.974407	-0.175937	-0.60617	-0.458204	
0.008152	0.798949	0.667939	0.601242	-0.017807	0.658735	0.6731	0.064389	-0.200386	0.284411	-0.506248	0.920675	0.938417	0.487908	-0.419416	0.22929	0.63716	0.819435	0.783492	-0.193292	0.317575	-0.745092	0.157529	0.055072	-0.479505	0.572285	0.426652	0.488564	0.667669	-0.453089	-0.675041	0.600958	0.23408	-0.261304	0.501198	0.211548	-0.539279	-0.141524	0.981617	-0.178296	-0.873371	0.923574	0.286945	-0.613855	0.287376	0.815568	-0.778633	0.414266	0.278459	0.245599	
0.769748	-0.940492	0.201589	0.825314	0.140497	0.757029	0.747658	0.843302	-0.505711	-0.88857	0.528594	0.103903	0.698908	-0.870832	-0.217519	-0.606848	-0.086919	-0.296374	-0.320455	0.463691	-0.717941	0.367244	-0.836954	0.785744	0.472605	0.515634	-0.837303	-0.645819	0.226899	0.372211	-0.575035	0.649186	-0.989185	0.772761	-0.965252	0.625402	0.538345	-0.869462	-0.167896	-0.679308	-0.277436	-0.072509	-0.06619	0.143246	-0.576246	-0.257201	0.64158	-0.964478	-0.747146	0.985868	
0.082015	-0.159719	0.563491	0.48447	-0.521236	0.956924	-0.923778	-0.687478	-0.280996	0.577449	0.091287	0.092287	-0.430785	0.907324	0.626537	-0.915574	0.956798	-0.538	0.849725	0.870969	-0.688048	0.069964	-0.664764	-0.329969	0.294061	-0.589268	0.075153	0.654238	0.59542	-0.001559	-0.57367	-0.577402	-0.148946	-0.428766	0.059176	0.947577	-0.115652	0.526086	-0.924519	0.343229	0.247368	0.727415	-0.817787	-0.698567	-0.152568	-0.576772	0.224441	0.530448	0.943694	-0.869853	
-0.766297	-0.470275	0.792512	0.967114	0.702814	0.84776	-0.803077	-0.349362	-0.590436	0.400664	0.273554	0.135449	0.985558	0.54987	-0.533161	0.646648	0.542489	-0.140953	-0.528094	0.253019	-0.210013	-0.549155	0.21043	-0.36904	0.956398	0.550359	0.10489	0.646886	-0.840567	-0.906683	0.146054	0.937417	-0.036715	-0.202938	0.115697	0.40945	-0.536984	0.478072	-0.435945	-0.191704	-0.497193	-0.654183	0.61276	0.659058	0.544344	0.040938	0.95088	0.168787	0.00609	-0.040484	
0.734951	0.166191	-0.321552	0.181689	-0.907296	-0.38453	0.975863	0.405922	-0.892068	-0.836154	-0.078018	0.519641	0.818959	-0.316681	-0.28942	0.276364	0.567929	-0.099308	0.499546	0.504354	-0.489575	0.249752	-0.781619	0.848113	-0.404665	0.186187	0.520135	-0.918261	-0.641342	-0.897864	-0.197118	0.377156	0.245874	-0.154333	-0.470822	0.473969	0.380931	0.404858	0.877179	0.168877	0.558355	-0.937152	-0.173985	-0.309302	-0.36702	0.63667	0.705511	0.556308	0.960466	0.135298	
-0.686086	0.962888	-0.933857	0.215455	-0.740453	-0.856701	0.872542	0.337983	0.638965	-0.502246	-0.908404	0.269837	0.501314	-0.138609	0.475365	0.50033	-0.557015	-0.824949	-0.964123	0.100562	-0.464705	0.232388	0.944985	-0.89645	0.085805	0.571086	0.203167	0.267707	0.761328	0.994968	-0.385604	0.423182	0.776384	0.173781	-0.010765	0.587779	0.19037	-0.37252	0.539894	-0.328444	0.715967	-0.042643	-0.265437	0.436486	-0.289735	0.441301	-0.760071	-0.410616	0.154135	0.358672	
-0.690991	0.515899	-0.610859	0.766673	-0.156187	-0.034646	-0.348739	-0.638772	-0.935423	0.923534	-0.412399	0.152015	-0.232602	0.648917	-0.257462	-0.059948	0.853317	-0.295641	-0.87377	0.50208	0.207347	-0.305777	0.04633	0.576042	-0.659756	-0.327692	0.180547	0.710175	0.126832	-0.843624	0.09765	-0.426032	-0.606746	-0.390081	0.845713	-0.313012	-0.292081	0.825168	-0.617286	-0.076999	0.122712	-0.105466	0.836826	-0.203106	-0.917703	-0.538214	-0.842866	0.453618	-0.668078	-0.238355	
0.555464	-0.580607	0.984639	-0.313564	0.070951	0.694051	0.78975	0.461187	-0.595459	0.099977	-0.449557	0.924488	-0.276264	-0.607094	-0.38694	0.741601	0.64064	-0.863775	0.082204	0.81328	-0.199491	0.016295	-0.497473	-0.467328	-0.125276	-0.39512	0.993957	-0.718063	-0.392897	-0.86537	-0.524471	0.481994	0.476729	0.165556	0.104687	-0.782812	-0.009568	0.451684	-0.404023	-0.565536	-0.328968	0.243672	-0.952343	-0.757727	-0.590008	0.734541	0.889201	0.163212	0.852831	-0.120034	
0.191295	-0.083906	-0.785608	0.607143	0.943551	-0.10891	0.367613	0.555969	-0.801442	0.055421	-0.252397	0.964729	-0.25603	0.540499	0.3798	-0.424169	-0.164692	0.755446	0.561608	0.678781	-0.904339	0.907323	-0.63597	0.007066	-0.756634	0.147591	-0.835578	-0.520403	-0.378203	0.817454	-0.380382	0.593509	0.301083	-0.133032	0.726759	0.670424	-0.988502	-0.559259	0.879993	-0.533528	-0.586272	0.316773	0.247615	0.779072	0.577372	-0.568418	-0.053307	-0.435411	-0.596095	0.691831	
0.873328	0.205594	0.453286	0.08388	0.779057	-0.557781	-0.838095	-0.797796	0.918321	-0.03919	-0.495304	0.241841	0.092335	-0.781575	0.683154	0.475573	-0.345961	0.892219	0.814121	0.192751	0.118029	-0.417176	-0.954162	-0.899544	-0.198747	-0.49651	-0.15074	0.534489	-0.650101	0.329642	0.2171	-0.633902	-0.756387	-0.203791	0.700605	0.978052	-0.735118	0.308393	0.326875	-0.721904	0.847564	-0.085133	0.546475	0.431575	0.939269	0.435409	0.433533	-0.387796	-0.073779	-0.135717	
-0.470821	-0.190098	0.495802	-0.383808	0.225436	-0.764152	0.004364	-0.728076	-0.660551	0.901682	-0.234781	-0.218777	-0.528095	0.659078	0.127206	-0.463486	0.569024	-0.226968	-0.629356	0.076895	0.440325	-0.670607	-0.854364	0.93585	-0.06622	0.267335	0.352078	0.084456	0.867033	-0.059891	-0.61247	-0.675209	-0.705095	-0.394892	-0.901007	-0.62665	-0.49714	0.244199	-0.558154	0.412214	-0.249541	0.074681	-0.054814	-0.642938	0.693953	0.193877	0.036093	0.129926	-0.192839	0.190402	
0.368928	-0.908109	-0.517165	0.722142	-0.263833	-0.318002	-0.146624	0.884291	0.946425	0.469725	0.485342	0.405135	0.555544	-0.417881	-0.005005	0.573963	-0.129889	0.715721	0.670804	-0.539307	-0.44088	-0.919954	0.076758	0.113723	-0.236568	0.097644	-0.320843	0.77404	-0.495156	0.532908	0.359247	-0.135274	0.29216	0.207191	-0.971512	0.768298	0.07658	-0.436284	-0.946945	-0.359498	-0.256295	-0.574513	-0.592866	-0.176908	-0.909055	0.574336	-0.141773	-0.910677	0.631185	0.832054	
-0.966302	-0.267572	0.15606	0.349764	-0.343791	0.989295	-0.994945	0.286925	-0.982514	0.330435	-0.780477	0.268076	0.907418	0.964813	-0.251645	-0.210461	-0.272561	-0.74685	0.495546	0.566614	-0.416072	-0.878311	0.17283	-0.43967	0.822726	-0.191837	-0.668277	0.783871	-0.316161	-0.924953	-0.71649	-0.375448	-0.352581	-0.046164	-0.550411	-0.764738	-0.503196	0.291417	0.176762	-0.01867	-0.857559	0.588451	0.663786	0.999955	-0.919427	0.115905	-0.262824	-0.233193	-0.982011	-0.822648	
-0.661896	0.542684	0.361817	0.133307	0.403857	0.445279	-0.56684	-0.426447	0.30017	-0.271029	-0.127678	-0.917125	0.986271	-0.555294	-0.25318	-0.758382	-0.146032	0.907372	-0.599225	-0.096268	0.920077	0.669295	-0.700199	-0.765787	0.285046	0.409734	-0.025735	-0.101864	0.020187	0.186472	0.262408	-0.166186	0.26687	0.183435	0.137645	0.761999	-0.222611	-0.789186	0.654262	0.046595	-0.087782	-0.876549	-0.452164	-0.905407	0.378367	0.7657	-0.713693	-0.902095	0.842379	0.267232	
-0.871367	0.946922	0.182945	-0.986618	0.22511	0.478962	-0.823281	0.426409	0.334722	-0.318527	-0.806003	0.655507	0.380755	0.895712	-0.046111	-0.655229	-0.227002	-0.983658	-0.060303	0.975082	-0.750816	-0.009578	0.487109	-0.979564	-0.75174	0.514033	0.453621	0.507124	0.527982	0.412461	0.174737	-0.311028	0.825184	0.919401	-0.361908	0.099256	0.53789	0.045749	0.281128	0.262813	-0.420383	-0.218139	0.545476	0.840862	0.792608	-0.788663	-0.654641	0.788803	-0.94823	-0.101355	
0.109043	0.681039	0.837568	-0.878823	0.916118	0.767233	-0.267998	0.831137	0.013294	0.825145	0.619992	0.450339	-0.948822	-0.813893	-0.608829	-0.653174	-0.269133	-0.688584	0.290083	0.059843	-0.813367	-0.312913	-0.052791	-0.444809	0.214812	0.608052	-0.77235	-0.957565	0.444891	-0.448504	-0.640326	-0.764348	-0.085982	-0.194489	-0.350691	-0.865192	0.044006	-0.839981	-0.146194	-0.235832	0.693855	0.289602	0.373391	0.852009	0.9494	0.670751	-0.085635	0.243943	-0.829821	-0.174993	
0.31121	0.565876	0.430097	-0.496863	0.861296	0.465771	0.776429	-0.887767	0.58477	-0.90308	-0.612944	-0.734864	-0.475574	-0.488324	-0.513079	-0.315927	0.75654	-0.583611	-0.901061	-0.346376	0.332019	0.414935	-0.075022	0.755024	0.690671	-0.222435	-0.800507	-0.310376	-0.570495	-0.484071	-0.726122	-0.716284	0.851963	0.394063	-0.792873	-0.334594	-0.198565	0.907539	-0.597265	0.465749	0.823601	-0.286293	-0.541072	0.202885	-0.18074	-0.655796	0.368923	0.860945	0.206027	0.652013	
-0.714311	0.306758	0.458333	0.335013	0.442019	0.671222	0.618277	0.135901	0.771427	0.370666	-0.499091	-0.845445	0.32088	-0.620976	0.685643	-0.166634	0.870992	0.649217	-0.58655	0.361716	0.043453	-0.245414	0.450797	-0.009519	-0.211353	0.330722	-0.088008	-0.677771	0.049614	0.04748	-0.195145	-0.845128	-0.081067	0.753446	-0.083728	-0.905555	0.256267	0.050137	-0.852444	0.23641	0.39903	0.779345	0.997435	-0.053705	0.174229	-0.100029	-0.734138	0.500111	-0.334762	0.031922	
-0.093834	0.673881	0.010244	0.317151	-0.01393	0.551103	0.983714	-0.38524	-0.091463	-0.286309	0.787713	-0.675339	0.754128	-0.407507	0.979611	-0.212215	0.407484	-0.835735	-0.360326	-0.903927	0.058745	-0.096371	0.610627	0.568839	-0.350775	-0.105477	-0.250206	-0.978475	0.628445	0.521653	0.6159	0.893964	0.199817	0.424437	0.599657	0.865262	-0.998413	-0.875115	-0.38234	-0.163277	0.749938	-0.806958	0.094879	0.159141	-0.329279	-0.552679	0.321757	0.953764	-0.07158	0.370049	
0.016549	0.134286	0.747026	-0.379924	-0.532313	0.251967	0.959906	0.704668	0.529475	-0.862163	-0.795759	0.379401	0.109513	0.97114	-0.365793	-0.464475	0.767286	-0.451863	-0.176226	0.562691	0.0616	0.215367	-0.728127	-0.68921	0.878039	0.614341	0.458981	-0.074886	0.047856	-0.577355	0.761903	0.339333	-0.520314	-0.889943	-0.106012	0.872304	0.349934	0.447138	-0.942706	-0.044051	-0.762667	-0.190826	-0.424281	0.12506	-0.206272	-0.64371	-0.877261	-0.865627	-0.380604	0.81149	
0.184597	0.635094	-0.95203	0.167986	-0.410868	-0.868489	0.78185	-0.230832	0.010638	-0.690177	-0.370835	0.802377	-0.934568	-0.560995	0.078371	-0.183322	-0.334111	0.578243	-0.451276	0.758944	0.975957	-0.185648	-0.320894	0.728073	-0.923605	-0.684611	0.810883	0.376441	0.896579	0.734415	0.582613	-0.51969	-0.393713	-0.129274	-0.264231	0.058886	-0.140186	0.742192	-0.515837	-0.318698	0.668973	0.119778	-0.605105	0.809455	-0.544526	-0.020725	-0.90833	-0.871702	-0.636307	0.1181	
0.96035	0.139378	-0.322548	0.943671	-0.766296	-0.528629	0.658934	-0.326991	-0.740469	-0.063964	0.435025	-0.006155	-0.472813	-0.859957	0.223927	0.253238	-0.387627	-0.427585	0.669525	0.637384	0.651495	-0.275244	-0.452578	-0.749448	0.393693	0.971744	-0.133357	0.045954	-0.936506	-0.425458	0.946428	0.152213	-0.933563	-0.680537	-0.903437	0.25935	0.354459	0.809367	0.117307	-0.440002	0.998519	0.420867	-0.112581	0.512764	0.33309	-0.012714	-0.299784	0.597796	-0.708463	-0.121233	
0.295521	-0.813107	-0.299736	0.710334	0.112579	-0.171875	0.796297	-0.389661	0.635881	0.581821	-0.779449	0.363605	0.925615	-0.81494	0.939773	-0.586681	0.579019	-0.521852	0.652209	0.316283	0.618428	-0.407163	0.625244	-0.768943	0.826588	-0.748258	-0.598964	-0.800563	-0.261007	-0.7971	-0.104681	0.670537	0.796756	-0.269895	-0.49927	-0.802598	-0.676147	-0.262406	-0.353983	0.857002	-0.676517	-0.954702	-0.686209	0.767352	-0.719054	-0.448957	0.060977	0.93643	-0.026143	0.722259	
-0.870496	-0.669429	-0.397563	-0.369194	0.906855	-0.246746	-0.966654	0.381981	0.182323	-0.465528	0.491381	-0.660226	-0.385886	-0.553011	-0.595325	0.567253	-0.321696	0.128956	0.010074	0.273246	-0.580199	0.935029	0.218025	0.259087	-0.401547	0.563972	0.516931	0.120596	-0.972693	0.547831	-0.89808	0.653917	-0.360469	-0.947337	-0.9473	0.355172	-0.600415	0.278762	-0.780069	-0.492941	0.382598	-0.375073	0.324587	-0.742391	0.494052	-0.175227	-0.556259	0.058429	-0.000186	0.759092	
-0.819547	-0.768781	0.816831	0.718186	0.23951	-0.735726	-0.912945	0.843284	0.037572	-0.252463	0.259906	-0.411285	-0.636577	0.455132	0.667902	-0.176908	0.55827	0.974978	0.278293	-0.827294	0.931002	0.964967	0.434569	-0.943308	-0.16678	-0.650308	-0.791274	-0.19136	0.439494	0.317122	-0.648365	-0.665954	-0.387903	0.223907	0.942342	0.169223	-0.466065	-0.509899	-0.611151	-0.330102	-0.669638	-0.889032	-0.156056	-0.461117	0.43343	-0.059538	0.478033	0.400746	-0.074499	0.973806	
-0.696768	-0.170811	0.567131	0.666713	-0.657301	0.448102	-0.595615	-0.832201	0.247984	0.187477	-0.884638	-0.19649	-0.352816	0.049693	-0.088162	-0.075831	0.576163	0.032673	0.934763	-0.116726	-0.060608	0.93055	0.224603	-0.937304	0.514009	0.313007	-0.535484	-0.570085	-0.629183	-0.206955	-0.795584	0.985271	-0.295905	-0.203681	-0.43898	-0.22707	0.346318	-0.454728	0.787162	0.708652	0.323476	-0.436602	0.888502	0.383999	0.702151	0.571108	0.860832	-0.928328	0.940038	-0.460844	
0.166297	0.633034	0.373126	0.49297	-0.668749	0.088799	-0.330475	-0.862496	-0.357114	-0.11383	0.920506	-0.166067	0.556568	-0.350839	-0.857874	-0.176624	0.924004	0.164444	0.299053	0.951729	-0.933085	0.555706	0.574514	-0.059152	-0.905301	-0.771371	-0.166778	-0.694653	-0.900964	-0.312115	-0.507996	0.727162	0.152277	0.171913	0.126307	-0.899924	-0.680426	-0.326336	-0.850273	-0.39878	-0.900038	-0.547041	0.152087	-0.973514	0.114428	-0.943245	-0.652727	-0.362667	-0.342957	0.013376	
0.411481	0.389402	0.893558	-0.584212	-0.623073	0.178659	-0.279233	-0.290775	0.023397	-0.397969	-0.249702	0.93382	-0.974294	-0.884136	0.415393	-0.11374	-0.202549	0.819993	0.454047	-0.383905	-0.39455	-0.554318	-0.110825	0.935723	-0.160757	0.85825	0.871074	0.520874	-0.259505	-0.978327	-0.598579	-0.518469	0.288946	-0.120673	0.351564	0.471032	-0.631168	-0.155698	0.282048	-0.928929	-0.93879	0.727776	0.822895	0.257506	-0.207571	-0.19468	0.213278	-0.154038	-0.420323	0.442577	
0.348484	-0.632643	0.148902	0.708013	-0.26719	-0.662478	0.209855	0.712202	-0.612438	-0.532867	0.079533	0.189152	0.606561	-0.982107	0.30649	0.267665	0.991565	-0.978386	0.414235	-0.8059	0.096063	-0.836864	-0.638645	0.379088	0.504432	0.645319	-0.598277	-0.340443	0.330085	0.397595	0.410702	0.061093	-0.865431	-0.509127	0.009585	0.884945	0.98349	0.121172	-0.314433	-0.787219	-0.099419	0.516451	-0.914208	-0.837495	0.287235	0.287205	-0.27465	-0.731956	-0.921182	-0.8735	
-0.366973	0.321885	-0.551739	0.564488	-0.80713	-0.379307	-0.609394	0.695492	-0.025174	0.134692	-0.66317	-0.215822	0.352627	0.605245	-0.412313	0.813941	0.042911	-0.964534	0.430477	-0.112253	0.281392	0.204261	-0.176511	-0.048521	-0.374072	0.212604	-0.524668	-0.662246	-0.306573	-0.455603	-0.956393	-0.881789	-0.322579	-0.906302	-0.134579	-0.255709	0.53444	0.602746	0.007986	0.02174	0.946426	-0.069316	0.2094	-0.201158	-0.628575	0.159965	-0.995276	0.857448	0.54136	0.05144	
0.256238	0.64462	0.682654	0.27412	0.23893	-0.161665	0.794555	0.176024	-0.601493	-0.10195	-0.230386	-0.092687	0.464653	-0.048514	0.74845	-0.062488	0.591935	0.559416	-0.20704	0.260034	0.558691	0.790898	0.482912	0.549116	0.982881	0.587694	0.320714	-0.340928	0.12532	0.571826	0.087613	0.213452	0.207842	-0.798039	0.589472	0.20159	-0.136738	-0.889124	0.171773	-0.702833	0.387694	0.668583	0.067724	-0.031308	0.07346	0.890821	0.747981	0.706869	0.964334	-0.409956	
-0.164935	0.78627	-0.717976	-0.854631	-0.688283	0.020269	-0.596441	-0.270941	-0.261598	-0.273369	0.134796	0.08658	-0.832834	-0.547813	-0.906024	0.991097	-0.345681	0.777943	-0.539994	0.859202	-0.983634	0.846415	-0.367252	-0.607195	-0.157924	0.744338	0.225598	-0.073506	-0.746899	0.243396	-0.889206	-0.504805	-0.589063	0.757379	0.404337	0.075199	-0.666379	0.120609	0.993879	-0.844733	0.211458	0.348084	-0.901949	-0.837153	-0.836777	-0.188663	0.912886	0.072639	0.996553	0.615844	
0.367435	-0.799491	-0.078465	-0.000802	-0.814671	0.421918	-0.907585	-0.449629	-0.515949	0.358078	0.00544	-0.61432	0.122983	0.674952	-0.471868	0.994222	-0.450167	-0.284453	-0.275505	-0.169081	0.731732	-0.886879	-0.555763	-0.033099	0.066573	-0.979279	-0.119488	-0.251055	-0.025922	-0.264231	-0.72052	0.873084	-0.420437	0.214624	0.964453	0.847688	-0.630361	-0.028943	-0.713936	0.71038	0.785578	-0.107885	-0.730761	0.536417	0.943725	-0.636218	-0.017625	-0.672578	-0.413771	-0.649662	
0.695395	0.46085	0.444681	0.000452	-0.063871	0.316796	-0.171648	-0.765198	-0.725963	-0.075865	0.359315	-0.882846	-0.621864	-0.739425	-0.55857	-0.053633	0.17753	0.844235	-0.817188	0.149511	-0.61018	0.069671	0.498035	-0.443423	0.847617	-0.255164	-0.351091	0.738136	-0.081275	0.930218	0.353583	0.523592	-0.764481	-0.432729	0.921386	-0.173546	0.642567	-0.963861	-0.59726	-0.545515	0.766045	0.895541	-0.222864	0.362374	-0.975303	0.383774	-0.179429	0.696374	-0.836775	0.795409	
-0.098041	-0.012245	0.799024	-0.573471	-0.81167	-0.571336	-0.307218	-0.74164	-0.656736	0.26094	0.161017	-0.728887	-0.359439	0.625704	0.731963	0.616657	0.5567	-0.815324	-0.759751	-0.222717	0.651665	-0.803214	0.104413	0.865901	0.970826	0.504175	0.98478	0.863199	-0.325566	0.857886	-0.407119	-0.798915	-0.215079	0.01149	0.882455	0.631793	0.248153	0.992623	-0.007808	-0.828995	0.489916	0.535678	-0.573951	-0.29196	0.941749	-0.914666	0.239815	0.248253	-0.814316	-0.900917	
0.413388	0.333199	0.611191	0.440288	-0.412685	0.35098	-0.834583	0.365083	-0.774548	-0.559221	-0.046315	-0.854474	0.801925	-0.358533	-0.788189	0.374539	-0.462953	0.365035	0.651063	0.146376	-0.645205	-0.917403	0.892811	0.132145	-0.595097	-0.603902	-0.547474	0.490813	-0.50974	-0.219225	-0.078849	-0.416272	-0.151345	0.146129	0.172671	-0.553637	0.352524	-0.398085	0.552039	-0.633063	-0.92826	-0.425667	0.10266	-0.925577	-0.683088	-0.486779	-0.138608	0.001637	-0.801081	-0.676305	
-0.050857	0.084296	0.935127	0.51166	-0.717807	0.068151	0.22083	-0.206196	0.045256	0.932628	-0.306651	0.913214	0.730663	0.748239	0.05497	-0.80753	-0.820075	-0.805514	0.292994	0.231967	-0.5874	-0.221693	0.546993	0.02722	0.887306	-0.995964	0.284546	0.222842	-0.806659	-0.417636	-0.44489	0.20909	-0.822906	-0.402922	0.196517	0.396978	-0.921499	-0.383687	-0.34269	-0.649856	-0.446498	0.095647	-0.20744	-0.516421	-0.260527	0.872117	-0.171999	0.344345	0.663692	-0.708924	
0.142782	-0.673988	-0.936119	0.665098	0.937523	-0.490462	-0.162831	0.569536	-0.561253	-0.857551	0.110608	-0.30273	-0.694397	-0.74912	0.912083	0.478122	-0.472738	0.70922	0.743842	-0.93068	-0.39025	0.557847	-0.273367	0.826417	-0.466788	-0.821315	-0.728229	0.79793	0.014539	0.522686	0.247874	0.152306	0.04581	0.830142	0.51011	0.540794	-0.134793	-0.871286	0.843827	-0.894918	0.71615	0.493956	0.481948	0.372693	-0.756039	0.05405	0.348279	-0.324715	-0.554035	0.566727	
0.360115	-0.890557	0.289746	-0.63299	0.615483	0.837007	0.309834	-0.9351	0.287073	0.146928	0.777684	-0.848864	0.034036	-0.440286	0.424845	0.462143	0.323036	-0.405411	-0.307978	0.98606	-0.399123	0.85761	0.16559	0.612506	-0.201542	0.384738	0.813744	0.197887	-0.199642	-0.361186	0.029291	-0.981983	-0.524829	0.080731	0.262132	0.618157	0.934853	0.607892	-0.431754	-0.117835	0.70334	-0.080335	-0.149453	-0.689026	-0.935692	-0.536068	0.588721	0.768973	0.102091	-0.69167	
-0.816627	0.130444	-0.451103	-0.943151	0.477476	-0.964983	-0.047507	-0.994393	0.944949	-0.201076	0.353783	-0.809213	0.061192	0.357484	-0.492802	0.957287	-0.22051	0.182087	0.850783	0.192793	-0.583035	0.092181	-0.66888	0.2045	-0.74506	0.255675	0.132148	0.734504	-0.812433	0.047146	0.064999	-0.312949	0.411656	-0.32073	0.319514	0.349576	-0.965964	0.288019	0.234851	0.274951	0.012827	0.836022	-0.956029	-0.703339	-0.222043	-0.705583	-0.359108	-0.071276	0.646033	0.340043	
-0.123842	0.353539	-0.324661	0.873851	0.997409	0.981306	-0.815353	0.342246	-0.867609	-0.558853	0.852168	0.16447	-0.379706	-0.723249	-0.593759	-0.364503	-0.497345	0.411597	0.670392	0.607605	-0.261981	-0.623752	-0.028407	0.371727	-0.974549	0.600154	0.421729	-0.839565	0.006081	-0.545648	0.943461	0.555037	-0.381569	-0.766552	-0.375785	-0.039454	0.788379	0.949335	0.719012	0.380177	0.719736	-0.955317	-0.437666	0.361841	0.799666	0.837187	0.0612	0.54849	0.243633	-0.889309	
-0.761251	-0.713783	-0.296491	0.496245	0.432142	0.428717	-0.499807	0.884877	0.788544	0.723785	-0.050729	0.459313	0.24826	0.921317	-0.792663	0.132122	0.453792	-0.125199	-0.291731	0.024261	-0.552875	-0.693383	0.416931	-0.400429	-0.288917	-0.816168	-0.066217	0.9034	0.856059	0.550089	0.034248	0.083881	0.548646	0.498662	0.126997	-0.351343	0.367502	-0.156851	-0.352075	-0.661827	-0.399955	-0.489237	0.576216	-0.966471	0.896263	0.218138	0.958171	-0.060461	0.042142	-0.474383	
0.478309	0.138724	-0.240524	-0.577071	-0.602072	0.109767	0.883962	-0.624132	0.70998	0.699249	-0.649975	-0.299917	-0.405896	0.126638	-0.942145	0.858572	0.378575	-0.86971	-0.538326	-0.424133	0.96528	-0.182005	0.319158	-0.952246	-0.788116	0.884798	-0.780708	0.736	-0.976338	0.631158	-0.948035	-0.809904	-0.431071	0.533092	0.126227	0.391652	-0.872332	-0.49601	0.205803	-0.234671	0.106115	-0.880485	0.408667	-0.983246	-0.885653	0.665886	-0.066335	0.119915	-0.262292	-0.829712	
-0.594072	-0.486536	-0.75846	-0.953169	0.330782	-0.391248	-0.803871	-0.554579	-0.974333	0.351579	0.543127	0.882031	-0.749051	0.560339	-0.037809	-0.706861	0.089886	0.757786	0.349601	0.877415	-0.939993	-0.160076	-0.561509	0.633566	0.056313	0.265148	-0.83251	-0.148602	-0.896448	-0.944659	0.714387	0.390011	-0.899959	0.639299	-0.874224	-0.10426	0.103998	0.02328	-0.872713	0.788067	0.938224	-0.114277	-0.341446	-0.899472	0.670697	-0.706323	-0.49281	0.742742	0.505603	0.362507	
-0.882089	-0.243341	-0.536014	0.181707	-0.803833	0.359867	0.853021	0.20735	0.044629	0.452719	-0.308394	0.990955	0.205959	-0.237663	0.945819	0.622381	-0.165742	0.273676	0.70461	-0.824338	0.832117	0.548016	-0.66799	-0.170602	0.564248	0.218585	0.426145	0.09915	0.891099	0.71594	0.692372	0.316005	-0.678437	-0.384945	0.539272	0.606519	0.316338	0.183692	-0.388609	0.400301	0.256253	-0.406831	0.382889	-0.81222	-0.933665	-0.691437	-0.912347	0.043056	-0.970496	-0.990415	
0.643951	-0.144287	-0.221676	-0.906424	0.559556	0.507257	-0.167945	-0.014048	-0.848935	0.330779	0.544933	0.028597	-0.49491	0.511679	0.096274	-0.313984	0.360235	-0.764822	-0.574939	0.167478	-0.460431	-0.16066	0.098512	0.03506	0.059719	0.268654	-0.087989	-0.654705	0.705243	0.955992	-0.585299	-0.80807	0.281806	-0.665632	0.965662	0.448524	0.998652	-0.194097	-0.111983	0.384352	0.257793	-0.094817	-0.643854	-0.425572	0.031486	-0.032503	-0.269434	0.053356	-0.191831	0.646418	
0.314983	0.874972	0.054519	-0.863512	0.12809	0.487171	-0.844569	0.510616	0.631363	-0.58126	-0.274571	-0.257571	0.271453	0.506848	-0.448804	-0.65021	0.47226	0.178624	-0.872105	0.350377	0.488881	0.544871	0.465715	0.569184	0.029442	-0.629516	-0.851973	0.470533	0.401969	-0.256543	-0.211129	-0.612373	0.11291	0.64793	-0.396887	0.880853	-0.605954	0.717278	0.063981	-0.087039	0.803662	0.068304	-0.780506	-0.585109	0.367096	-0.019747	0.255757	0.761972	0.679957	0.407079	
-0.422979	-0.816379	0.714855	0.197173	0.455752	0.396087	0.480958	0.72984	0.00725	0.943866	-0.933658	0.363462	0.392974	0.449042	-0.406485	0.552475	-0.262287	-0.231725	0.193435	0.39082	0.38577	-0.717168	-0.119253	-0.167565	-0.809567	0.571323	0.138336	0.485499	0.693265	0.876537	-0.868046	0.518011	-0.380194	-0.756611	-0.304515	-0.943557	-0.122166	-0.576899	0.081086	-0.054628	0.834891	0.989538	0.144949	0.321862	0.951511	0.217278	-0.375037	0.909862	-0.958642	0.945086	
-0.213449	0.061749	-0.660439	0.963423	0.007129	-0.569166	0.023348	0.910487	0.02794	-0.517003	0.994458	0.761347	-0.906817	0.455428	-0.078155	-0.792462	0.903143	0.218186	-0.423735	-0.547422	0.159502	-0.733658	-0.945861	-0.319514	-0.389775	-0.702838	-0.144298	-0.443632	0.399354	0.776886	-0.376556	0.253288	-0.235394	-0.485557	-0.521589	-0.615621	-0.708961	0.56015	0.130194	-0.241844	-0.312317	-0.838315	0.766439	-0.892723	-0.592793	-0.610024	0.936463	0.768013	-0.477185	-0.659767	
0.745377	0.670282	-0.422248	-0.788531	0.126439	0.096515	0.501852	-0.300087	0.241419	0.684261	-0.271971	-0.888007	0.416033	-0.339814	-0.763855	0.968729	0.840674	0.861036	-0.847524	0.494311	-0.892784	0.157371	-0.921117	0.235265	-0.619527	0.479298	-0.892452	-0.43409	0.201219	0.584157	0.76102	-0.125256	-0.669072	0.227688	-0.91842	0.520748	-0.373317	-0.023151	-0.594996	-0.689306	-0.602998	0.964447	0.827775	0.018012	0.693153	0.435946	-0.707161	0.955158	0.475586	-0.036892	
-0.589375	-0.257033	0.980456	-0.96826	-0.411476	-0.784949	0.703422	0.00261	-0.317344	-0.580777	0.857683	0.668821	-0.574612	-0.059867	0.680276	0.7741	0.026547	0.360736	0.645377	-0.940591	-0.810229	-0.748077	0.686843	0.131038	0.330442	0.718489	0.760758	0.692354	0.213289	-0.277362	-0.850964	0.224852	-0.441031	0.605548	0.961233	0.474107	-0.882677	0.257779	-0.673164	-0.966667	0.240219	0.333524	0.850208	0.225308	0.604368	-0.578566	-0.284648	-0.57438	-0.706631	-0.200299	
-0.826824	0.783182	-0.458461	0.792849	0.208731	-0.262856	0.200505	0.26112	0.544902	-0.689617	-0.273717	-0.356154	0.643646	0.394469	0.585501	0.58702	-0.660627	-0.716292	0.536116	0.582027	-0.024664	0.412474	0.376529	0.783167	-0.116741	0.100238	0.863473	0.577334	0.615177	0.633051	0.176018	0.54278	-0.189445	0.298611	-0.597856	-0.763056	0.845004	0.327755	-0.422142	-0.092985	-0.234102	0.564488	-0.300527	0.837425	0.952393	-0.751209	0.242017	0.620432	-0.53151	0.187781	
-0.869583	0.903921	-0.255673	0.669842	0.912774	-0.846783	-0.314506	-0.131587	0.640489	-0.544424	-0.586642	0.419499	0.54899	0.844907	0.406888	0.126708	0.836645	0.068617	0.59232	0.079983	0.013505	-0.296553	-0.480184	-0.661624	0.568318	0.176146	-0.280765	0.68709	0.584045	0.13519	-0.593797	-0.358391	0.365245	0.177138	0.644862	0.072568	0.779154	-0.368755	-0.838376	0.416816	-0.48619	0.724636	0.054059	0.080313	-0.023741	-0.293981	-0.516032	-0.895865	-0.837917	-0.762504	
0.844867	-0.376309	-0.95546	-0.478113	-0.769254	0.326366	-0.880736	0.087125	-0.882612	0.150422	0.716645	0.309952	-0.794001	-0.08875	-0.974959	0.257166	-0.334223	0.769618	0.123903	-0.832432	-0.771489	-0.222892	0.940072	-0.79941	-0.551741	-0.37526	0.186685	-0.341692	-0.686418	-0.704779	-0.143279	-0.18618	0.538122	0.037385	0.788651	-0.015501	0.772878	0.118942	0.578046	-0.728988	0.24167	0.173983	0.430076	-0.833439	0.207136	0.269401	0.026243	-0.495074	0.640977	-0.598645	
0.362489	0.539238	-0.130147	-0.01659	0.282729	-0.184099	0.52567	-0.100185	-0.759115	-0.581242	0.270553	0.29806	-0.325336	-0.665933	0.648253	0.16781	-0.607399	0.278747	0.522791	-0.469736	0.236385	-0.16419	-0.515862	0.166296	-0.202614	0.863096	-0.250144	-0.246406	0.715546	0.505553	0.030691	-0.15837	0.769113	-0.284563	-0.867205	0.554094	0.767626	0.041699	-0.461442	0.218289	0.452703	0.998727	0.687853	0.689642	-0.326127	0.430777	-0.627807	-0.126908	-0.529699	-0.38283	
-0.815921	-0.991539	0.350213	-0.550045	0.436656	-0.703506	0.295923	-0.248198	0.401559	-0.749777	0.437863	-0.668537	0.594538	-0.582132	-0.14318	-0.683186	-0.378978	-0.659181	0.957599	-0.568842	0.795027	0.099426	0.222672	0.757614	-0.916644	0.849172	-0.415926	0.514368	-0.365568	-0.673749	0.102386	-0.7284	0.925646	-0.673392	-0.348919	-0.107218	0.053661	0.092175	-0.034829	-0.768597	-0.301792	-0.410745	0.815963	0.885917	0.588573	0.166265	-0.390044	0.642059	0.083127	-0.010285	
-0.500983	-0.083848	0.694301	0.30645	-0.959737	-0.893906	0.02345	0.031421	-0.980078	0.745639	-0.331277	0.653135	0.364382	-0.665527	-0.855613	0.908205	0.847975	0.512919	0.181815	0.447413	-0.374862	0.34403	-0.249331	0.186539	-0.520951	0.3123	-0.401016	0.12846	-0.495749	-0.386834	0.28204	0.939776	-0.87391	0.093844	-0.95892	-0.023343	-0.094807	-0.041683	0.739591	-0.674634	-0.330584	-0.184281	-0.200317	-0.616357	0.3973	0.42533	0.699706	0.912629	0.531908	0.228738	
-0.776229	0.714908	-0.789271	0.758695	0.768055	0.494738	-0.963612	0.452404	-0.898857	-0.17091	-0.27741	-0.237855	0.974217	-0.997068	0.614003	-0.388013	-0.538886	-0.514957	0.396732	0.387105	0.836199	0.684963	0.613007	-0.568891	-0.761717	0.877238	-0.476006	0.244497	0.64793	0.825706	-0.517493	0.323479	0.381022	-0.74922	0.163648	-0.526299	-0.051002	-0.337615	-0.78853	-0.387589	-0.732	0.016959	-0.067089	0.865582	0.533982	-0.126336	0.817431	-0.48134	-0.978172	-0.417761	
0.554914	0.291884	0.893081	-0.153143	-0.989009	-0.314989	-0.607744	-0.651583	0.418286	0.939843	-0.41007	-0.423994	-0.629978	-0.284154	0.389472	0.358734	-0.096689	0.228751	-0.245407	-0.817259	0.764225	0.582716	0.597161	-0.737891	0.707277	-0.12379	-0.971853	-0.812547	0.486659	-0.089795	0.470983	-0.59189	-0.927889	-0.390994	-0.155677	0.90713	0.260504	-0.59652	-0.218977	0.677958	-0.160975	-0.425675	-0.578652	0.752517	0.13017	0.364348	0.566698	0.284789	0.7517	-0.330062	
0.280174	-0.27181	-0.923173	-0.098796	0.797899	0.555149	0.689519	-0.401757	0.762317	0.758014	-0.62532	0.806586	0.60787	-0.620569	0.718047	-0.283228	-0.440756	0.876825	0.449613	0.099248	0.203642	-0.931897	-0.862706	-0.24646	-0.351667	-0.464546	0.748799	-0.963312	0.344255	-0.735529	-0.470335	0.983206	0.607089	-0.897766	-0.855958	-0.675742	-0.275947	-0.383564	-0.100695	-0.105287	0.317282	0.736571	-0.532338	-0.577284	0.572371	0.522302	-0.032314	0.510978	0.247023	-0.67083	
-0.778592	0.127639	0.064504	-0.726819	-0.611651	-0.541529	-0.602009	0.152559	0.503205	0.457572	-0.004376	-0.818732	-0.551605	0.831547	-0.385823	-0.587196	-0.594834	0.709965	-0.912024	0.007167	0.174347	-0.41813	-0.784105	-0.049713	-0.685589	-0.924019	-0.50425	-0.428713	-0.380401	0.469691	-0.554763	-0.167336	0.410947	0.548779	-0.303504	0.547209	-0.044505	0.291049	0.153065	-0.893593	-0.460901	0.746579	0.10286	-0.711284	0.707167	0.977254	0.153009	0.601411	-0.210713	0.459929	
0.802882	-0.3409	-0.912213	0.464016	-0.262768	-0.611809	-0.692376	0.741769	-0.035183	0.824375	-0.347989	-0.621694	0.799225	0.985788	0.442792	0.529587	-0.630704	0.397393	-0.838431	0.974501	0.448754	-0.835422	-0.391857	-0.946389	-0.986447	-0.71005	0.007591	-0.382529	0.815565	-0.896497	-0.88553	0.822892	0.807028	0.043243	0.43982	0.201536	0.065142	-0.828628	-0.928493	0.068764	0.938931	0.764989	0.889627	0.542883	0.100361	0.773895	-0.868985	-0.758973	-0.708067	0.009994	
0.929688	0.793633	-0.367932	0.469242	-0.13415	0.689636	0.55788	0.883558	0.365396	0.744721	-0.892592	-0.809042	-0.172935	0.594989	0.102945	-0.671698	0.290781	0.880209	-0.061446	0.794604	0.373836	0.659616	0.499307	0.901422	0.88487	0.471865	-0.70245	-0.285518	-0.261643	0.562823	-0.704555	-0.249596	0.878778	-0.172109	-0.968358	0.904958	-0.158237	-0.281913	-0.176569	0.009904	0.307695	0.900944	-0.252848	0.21892	-0.161391	0.634381	0.900759	-0.92876	0.712514	0.666387	
0.020651	0.012405	0.03779	0.034948	0.001174	0.001195	0.00782	0.025616	0.027387	0.01412	0.037226	0.020468	0.009388	0.013806	0.038934	0.035146	0.030673	0.023094	0.031957	0.005661	0.025671	0.001571	0.035811	0.025162	0.023616	0.012851	0.017774	0.007219	0.001286	0.002535	0.010045	0.016647	0.01882	0.021777	0.024175	0.029944	0.005261	0.006727	0.03187	0.019771	0.023436	0.000492	0.035212	0.026743	0.014046	0.037697	0.019133	0.009659	0.027034	0.038556	
0.036693	0.012664	0.030365	0.015158	0.026246	0.015432	0.01765	0.027601	0.025487	0.03271	0.038974	0.025062	0.01473	0.010067	0.007358	0.016137	0.027484	0.025844	0.007043	0.015114	0.012305	0.000881	0.022847	0.035955	0.01335	0.038252	0.026284	0.030762	0.023061	0.0162	0.011559	0.010391	0.032468	0.000709	0.035965	0.015722	0.027439	0.021882	0.003246	0.007244	0.023974	0.008094	0.015454	0.014783	0.038523	0.019126	0.017224	0.018007	0.022507	0.007967	
0.024257	0.036077	0.033756	0.037161	0.0074	0.000244	0.007195	0.019882	0.02526	0.028679	0.023784	0.027967	0.023874	0.008708	0.028408	0.032961	0.027487	0.032166	0.006014	0.022405	0.020654	0.008271	0.025241	0.010139	0.027386	0.007272	0.024709	0.029305	0.018964	0.01583	0.024559	0.006058	0.027907	0.013018	0.027842	0.030898	0.01484	0.00453	0.018899	0.028715	0.012156	0.022471	0.014693	0.029809	0.033919	0.012076	0.004176	0.011658	0.010538	0.009782	
0.039738	0.003	0.015368	0.032174	0.03598	0.00138	0.024352	0.009254	0.043223	0.022293	0.013755	0.003941	0.025003	0.00475	0.019237	0.006148	0.011815	0.016142	0.019148	0.025721	0.000121	0.006234	0.018084	0.034165	0.013487	0.033326	0.036266	0.033459	0.015392	0.016495	0.017243	0.009278	0.03969	0.020697	0.041582	0.041823	0.000758	0.013127	0.030475	0.033833	0.010147	0.021997	0.01131	0.04146	0.020803	0.001644	0.008069	0.015478	0.010585	0.03055	
0.010377	0.033402	0.000815	0.038941	0.010941	0.022061	0.037127	0.037273	0.012808	0.012314	0.000768	0.018984	0.019909	0.006685	0.013554	0.002034	0.020691	0.015267	0.025631	0.015408	0.02435	0.035422	0.009885	0.001005	0.019768	0.021577	0.023853	0.02953	0.027327	0.015625	0.03873	0.005665	0.037321	0.036135	0.012839	0.016582	0.014777	0.032738	0.009731	0.016497	0.039724	0.006219	0.030338	0.028936	0.021822	0.006337	0.026437	0.021542	0.024327	0.009971	
0.013264	0.002676	0.017315	0.032933	0.006752	0.032434	0.006381	0.002862	0.002372	0.015975	0.012454	0.022352	0.019038	0.036972	0.014518	0.007124	0.012927	0.031142	0.034759	0.012757	0.016703	0.041681	0.011624	0.037574	0.004387	0.006819	0.041874	0.006865	0.033815	0.033711	0.010348	0.013343	0.03101	0.004745	0.00581	0.004999	0.035617	0.008195	0.040071	0.026782	0.018381	0.003552	0.032378	0.014274	0.022905	0.032814	0.012193	0.034869	0.033946	0.041708	
0.024264	0.031159	0.023851	0.009086	0.034599	0.03362	0.033144	0.001797	0.018445	0.040176	0.006276	0.031595	0.029972	0.037474	0.018183	0.027316	0.016005	0.004269	0.033917	0.003264	0.00159	0.007413	0.002304	0.006292	0.003049	0.024792	0.00114	0.018379	0.016314	0.030061	0.02788	0.013294	0.021259	0.011373	0.002984	0.04108	0.027625	0.03276	0.010798	0.022852	0.02349	0.03929	0.033153	0.03889	0.021862	0.024493	0.00595	0.02206	0.00538	0.003781	
0.004363	0.023873	0.003702	0.022334	0.029212	0.004678	0.028623	0.010547	0.001376	0.010336	0.040569	0.038005	0.002861	0.036946	0.042273	0.024732	0.005316	0.036841	6e-06	0.000899	0.020545	0.043403	0.014811	0.036304	0.031929	0.024081	0.021568	0.005073	0.023871	0.035195	0.007426	0.008387	0.020093	0.02879	0.020536	0.019893	0.013681	0.040589	0.017506	0.032695	0.022362	0.038924	0.012141	0.008455	0.017357	0.001156	0.026242	0.006645	0.023044	0.009806	
0.003463	0.001769	0.014901	0.032075	0.000751	0.016029	0.023723	0.026287	0.017151	0.009298	0.003795	0.008152	0.018726	0.027738	0.02931	0.027029	0.020811	0.021773	0.026711	0.021018	0.011526	0.02308	0.025051	0.029327	0.03843	0.001547	0.003965	0.027036	0.039877	0.034901	0.032393	0.025565	0.039228	0.018672	0.008561	0.007005	0.01985	0.009639	0.007217	0.018218	0.02669	0.022992	0.017171	0.030886	0.025078	0.010729	0.033699	0.022361	0.032216	0.00658	
0.03674	0.000728	0.03099	0.023382	0.007516	0.029637	0.042775	0.005033	0.025398	0.019551	0.018791	0.034693	0.030578	0.030973	0.00093	0.028485	0.002847	0.001103	0.025572	0.027116	0.005357	0.021403	0.039994	0.014834	0.018739	0.030573	0.022848	0.029065	0.029093	0.015011	0.004541	6.5e-05	0.003865	0.003942	0.003964	0.018251	0.012158	0.022422	0.035051	0.010012	0.007295	0.036696	0.016747	0.037593	0.018357	0.010807	0.033898	0.033053	0.03626	0.005268	
0.011078	0.016513	0.001443	0.012649	0.019514	0.026339	0.018054	0.00388	0.010977	0.034162	0.00063	0.01285	0.035833	0.028817	0.015806	0.035925	0.035482	0.012593	0.012775	0.036364	0.034755	0.030715	0.019964	0.001479	0.017392	0.027758	0.01448	0.003073	0.00692	0.035615	0.017484	0.020095	0.017873	0.012526	0.016653	0.028355	0.01309	0.017045	0.021433	0.030224	0.018878	0.031197	0.034767	0.001943	0.025594	0.025827	0.015302	0.02411	0.020577	0.033192	
0.019987	0.017977	0.027126	0.011347	0.038069	0.014155	0.014264	0.025532	0.005138	0.002617	0.009331	0.006501	0.003299	0.022235	0.021621	0.035339	0.025319	0.028315	0.034062	0.009583	0.023711	0.01886	0.036522	0.027753	0.01749	0.006337	0.003436	0.00625	0.027828	0.001184	0.036726	0.036203	0.023527	0.00969	0.008321	0.0176	0.023241	0.026407	0.032788	0.02702	0.034586	0.032943	0.010498	0.008446	0.025134	0.006731	0.028876	0.03275	0.035133	0.002192	
0.024504	0.003052	0.002225	0.013394	0.036306	0.008862	0.000629	0.009053	0.025845	0.015672	0.030266	0.024278	0.035378	0.028566	0.034105	0.013101	0.018227	0.026942	0.030172	0.001625	0.020181	0.012224	0.026073	0.039478	0.028378	0.024345	0.03963	0.031986	0.025538	0.036921	0.006395	0.008934	0.016336	0.014816	0.029588	0.007485	0.017338	0.001106	0.03577	0.000425	0.033111	0.006288	0.020903	0.028496	0.029602	0.007916	0.016763	0.004428	0.014689	0.032655	
0.017786	0.000698	0.001565	0.003897	0.032401	0.0304	0.020042	0.030522	0.040074	0.040005	0.000371	0.003283	0.037352	0.031888	0.027288	0.023591	0.010806	0.010383	0.039142	0.038741	0.011271	0.004188	0.017765	0.005309	0.017694	0.011051	0.023622	0.025246	0.025527	0.009527	0.023845	0.026113	0.013622	0.027095	0.009245	0.006488	0.000641	0.033151	0.021842	0.01425	0.024819	0.018729	0.036165	0.019099	0.032374	0.000826	0.021938	0.011356	0.040033	0.026934	
0.00086	0.004127	0.03529	0.000969	0.026958	0.020868	0.018766	0.009445	0.00415	0.036063	0.025413	0.026904	0.008951	0.025427	0.025959	0.024285	0.013744	0.012182	0.028099	0.025945	0.012961	0.019717	0.004474	0.011984	0.018495	0.024337	0.031806	0.007885	0.028296	0.022608	0.035689	0.03486	0.033866	0.018153	0.020324	0.020644	0.032977	0.026914	0.021052	0.012914	0.017654	0.03133	0.003515	0.012594	0.009114	0.032476	0.024539	0.019634	0.01739	0.017393	
0.017722	0.024271	0.00714	0.037261	0.012571	0.015239	0.026263	0.006447	0.020509	0.036216	0.023396	0.004317	0.015077	0.029089	0.032604	0.012614	0.030712	0.013217	0.006238	0.011264	0.021244	0.030235	0.028617	0.016221	0.025593	0.004116	0.023062	0.014729	0.018719	0.022173	0.017608	0.014622	0.018194	0.037021	0.021698	0.035154	0.010769	0.027467	0.035659	0.001977	0.022891	0.014177	0.010014	0.01664	0.036409	0.012141	0.011767	0.010913	0.028254	0.029749	
0.02196	0.002271	0.033609	0.003134	0.013633	0.011991	0.034219	0.026935	0.010808	0.003848	0.031321	0.033622	0.000529	0.028064	0.021865	0.017872	0.008723	0.000963	0.026474	0.001864	0.027294	0.031985	0.025834	0.020453	0.026186	0.021824	0.016474	0.036697	0.017799	0.011162	0.029342	0.02015	0.022421	0.008302	0.031509	0.015218	0.037248	0.016128	0.028152	0.009533	0.026514	0.014909	0.012651	0.012569	0.037149	0.0029	0.022121	0.024336	0.030446	0.028989	
0.013475	0.030199	0.007793	0.022208	0.02297	0.002806	0.029458	0.017467	0.004605	0.034686	0.036593	0.028717	0.00757	0.019881	0.012736	0.034638	0.023029	0.012995	0.010032	0.00531	0.009063	0.018471	0.022538	0.027867	0.030057	0.035483	0.022728	0.028384	0.034818	0.00643	0.035469	0.000971	0.011333	7.2e-05	0.020339	0.036483	0.036973	0.023244	0.024001	0.005629	0.019787	0.033482	0.026242	0.035446	0.00149	0.017032	0.017188	0.021093	0.01043	0.010289	
0.025606	0.027771	0.035059	0.01948	0.029681	0.021711	0.005438	0.035176	0.025067	0.020723	0.001134	0.01202	0.035705	0.000206	0.026657	0.020342	0.033269	0.027988	0.003462	0.018297	0.018636	0.024624	0.007818	0.032501	0.020728	0.016785	0.001422	0.02403	0.022199	0.039519	0.027911	0.005317	0.032878	0.008749	0.008824	0.006389	0.001336	0.004727	0.01437	0.018246	0.029978	0.000255	0.033019	0.032112	0.020906	0.015815	0.030628	0.037701	0.028169	0.009616	
0.037521	0.006737	0.009123	0.033671	0.012355	0.008039	0.030669	0.027231	0.023737	0.003966	0.032246	0.015646	0.03346	0.039821	0.015139	0.030901	0.03516	0.005131	0.011563	0.008831	0.002811	0.004811	0.025453	0.036128	0.002234	0.006749	0.028708	0.032321	0.022592	0.027476	0.009202	0.023186	0.026335	0.000594	0.033729	0.010025	0.014265	0.019186	0.031644	0.007779	0.019015	0.00386	0.024791	0.031214	0.017258	0.015846	0.025369	0.013971	0.029069	0.033432	
0.031687	0.029138	0.004696	0.007427	0.011142	0.000315	0.020139	0.011936	0.012053	0.031904	0.001453	0.013333	0.029081	0.034026	0.008687	0.013232	0.028268	0.029935	0.029756	0.034727	0.028551	0.008571	0.010077	0.032697	0.033111	0.026473	0.024258	0.022949	0.025355	0.029116	0.012633	0.014151	0.021363	0.029794	0.00838	0.026698	0.017853	0.008242	0.006315	0.026407	0.021906	0.031775	0.022533	0.012271	0.022371	0.003981	0.025297	0.011083	0.03296	0.019894	
0.034143	0.029854	0.024157	0.009061	0.011131	0.038068	0.016182	0.014346	0.008574	0.021455	0.029187	0.022221	0.000432	0.027478	0.020665	0.03469	0.018968	0.01094	0.020783	0.019891	0.023997	0.003185	0.002886	0.030729	0.020235	0.016408	0.031943	0.031518	0.008517	0.008376	0.016363	0.037225	0.036048	0.031993	0.035255	0.037096	0.027438	0.006554	0.022457	0.002807	0.037093	0.004936	0.000137	0.002401	0.016512	0.00476	0.02531	0.009626	0.031845	0.024124	
0.024666	0.03313	0.021688	0.003967	0.011931	0.013437	0.020466	0.034214	0.015092	0.01976	0.000744	0.016913	0.028396	0.015209	0.007567	0.032519	0.026463	0.004077	0.011619	0.026355	0.008588	0.019809	0.038358	0.026186	0.007262	0.027216	0.000882	0.037589	0.017648	0.00555	0.033532	0.03233	0.007577	0.018379	0.024447	0.031921	0.009154	0.006029	0.035542	0.028249	0.017953	0.020933	0.033291	0.015375	0.015082	0.018919	0.036656	0.016552	0.03754	0.003238	
0.0352	0.016338	0.021042	0.029572	0.011966	0.007067	0.026666	0.030629	0.008534	0.010092	0.018636	0.02675	0.019348	0.015882	0.029259	0.036142	0.021431	0.017425	0.030206	0.002005	0.016211	0.004302	0.028945	0.002081	0.023123	0.033839	0.01371	0.013555	0.022996	0.001614	0.013085	0.029588	0.0354	0.010996	0.001547	0.018727	0.030828	0.011179	0.02513	0.02125	0.010832	0.032065	0.031682	0.016594	0.02341	0.013938	0.018618	0.027058	0.019507	0.034	
0.021717	0.036493	0.003377	0.020058	0.015426	0.036706	0.016489	0.037156	0.036797	0.006379	0.001837	0.028369	0.023486	0.016268	0.028078	0.029501	0.008351	0.026267	0.005366	0.000712	0.026209	0.031842	0.037439	0.031065	0.015167	0.003848	0.019353	0.027248	6.6e-05	0.02675	0.032643	0.015851	0.006348	0.010239	0.025327	0.035362	0.016089	0.017665	0.018207	0.013699	0.007023	0.017684	0.005058	0.032182	0.026898	0.018353	0.029084	0.008105	0.014171	0.032192	
0.026467	0.034617	0.008635	0.021449	0.016941	0.037758	0.033161	0.001257	0.023893	0.012387	0.026488	0.018647	0.008524	0.004827	0.019728	0.008818	0.029465	0.036379	0.010165	0.025966	0.013521	0.038015	0.008529	0.01356	0.039196	0.0275	0.01083	0.040793	0.004388	0.030029	0.000162	0.010847	2.5e-05	0.033511	0.013905	0.021026	0.00173	0.028916	0.017378	0.039287	0.007512	0.001566	0.039844	0.036774	0.020793	0.038579	0.003893	0.013822	0.037118	0.001379	
0.033799	0.007421	0.000408	0.020603	0.033167	0.020198	0.002671	0.036419	0.009672	0.022506	0.005408	0.03146	0.032077	0.022986	0.015412	0.024394	0.020224	0.024867	0.002063	0.007933	0.026129	0.024103	0.006966	0.034795	0.010773	0.03534	0.033789	0.031976	0.031467	0.015421	0.021326	0.023741	0.011544	0.005309	0.033943	0.004703	0.038167	0.011844	0.012952	0.015175	0.006466	0.004074	0.031076	0.026925	0.016993	0.010504	0.029854	0.034373	0.023221	0.013363	
0.004351	0.002626	0.00627	0.011301	0.035283	0.028494	0.033722	0.010369	0.043625	0.02133	0.015327	0.039758	0.005456	0.030224	0.025794	0.021059	0.012084	0.008656	0.035184	0.035004	0.012415	0.035707	0.004163	0.020881	0.026284	0.037604	0.021825	0.036672	0.017542	0.001356	0.02908	0.028509	0.007377	0.004822	0.016884	0.00966	0.003296	0.020016	0.016501	0.027529	0.012112	0.011632	0.027862	0.042621	0.040997	0.013988	0.016298	0.006021	0.007854	0.016575	
0.012049	0.024766	0.030754	0.014306	0.032276	0.011632	0.026316	0.002963	0.027552	0.031982	0.012486	0.028214	0.022403	0.027516	0.019769	0.030128	0.004972	0.024643	0.028957	0.018799	0.00801	0.036359	0.006019	0.019747	0.00474	0.016252	0.032045	0.003629	0.00104	0.022502	0.032611	0.032991	0.026273	0.01174	0.027861	0.035292	0.011777	0.026739	0.023356	0.024066	0.002605	0.013164	0.013667	0.025244	0.016574	0.00988	0.025789	0.009876	0.011888	0.035781	
0.023372	0.035087	0.03371	0.037058	0.004285	0.014019	0.004305	0.017464	0.024392	0.028985	0.008809	0.011531	0.03629	0.002072	0.030514	0.024236	0.039216	0.034116	0.01911	0.035869	0.015587	0.000142	0.011564	0.025373	0.03714	0.012388	0.017258	0.028643	0.004376	0.034504	0.032455	0.017822	0.017231	0.037887	0.003906	0.02712	0.014943	0.035186	0.002827	0.006448	0.00768	0.009186	0.024826	0.000497	0.011961	0.015856	0.029335	0.029002	0.009355	0.015062	
0.026954	0.008358	0.029333	0.028932	0.00701	0.013826	0.014143	0.012803	0.012172	0.013364	0.023837	0.023443	0.024036	0.027233	0.01406	0.022338	0.024395	0.028937	0.026935	0.009152	0.011023	0.02142	0.006761	0.009416	0.037257	0.024214	0.023583	0.004761	0.021688	0.036354	0.025255	0.034381	0.013061	0.017755	0.005635	0.013881	0.020095	0.008041	0.024838	0.038217	0.0251	0.025575	0.000714	0.026516	0.026173	0.011701	0.027277	0.0304	0.031392	0.006255	
0.020388	0.041048	0.029686	0.002048	0.028777	0.036495	0.011567	0.017207	0.032304	0.040077	0.033879	0.015873	0.01254	0.001201	0.00015	0.004882	0.022785	0.025843	0.017292	0.029399	0.034948	0.01169	0.007826	0.028543	0.002206	0.035549	0.02889	0.021477	0.031489	0.032126	0.002428	0.032339	0.036051	0.02054	0.006537	0.006072	0.030089	0.017073	0.000491	0.033753	0.00491	0.018361	0.001832	0.027025	0.016085	0.004275	0.014046	0.022238	0.024577	0.023093	
0.013319	0.00951	0.034083	0.041267	0.040137	0.013532	0.011461	0.012025	0.016778	0.008851	0.002715	0.001874	0.03877	0.016714	0.013817	0.040785	0.000981	0.034937	0.017777	0.033058	0.034395	0.026729	0.022407	0.034964	0.000729	0.002183	0.015314	0.030857	0.031217	0.000478	0.032779	0.034778	0.014702	0.011268	0.011874	0.020965	0.025123	0.009175	0.033267	0.021953	0.017496	0.013513	0.031385	0.020958	0.021791	0.010736	0.021219	0.015076	0.009976	0.020302	
0.022979	0.003246	0.02884	0.019088	0.008214	0.00752	0.033144	0.009772	0.017957	0.04064	0.02437	0.005702	0.012036	0.027607	0.015583	0.035558	0.004278	0.019751	0.033608	0.013044	0.016249	0.013219	0.038158	0.036056	0.009018	0.011057	0.031248	0.026318	0.013586	0.020006	0.027559	0.035157	0.038437	0.002736	0.008627	0.030282	0.001928	0.02283	0.007737	0.000226	0.017063	0.023872	0.011334	0.017268	0.019353	0.024711	0.034288	0.021561	0.026795	0.030384	
0.007488	0.026477	0.007074	0.025946	0.0032	0.015264	0.012502	0.04014	0.007998	0.009031	0.033906	0.012121	0.03001	0.015836	0.028068	0.022448	0.038791	0.00121	0.023466	0.002454	0.001988	0.012856	0.034247	0.026151	0.034297	0.022698	0.033474	0.018534	0.008212	0.035999	0.027485	0.006999	0.038584	0.000353	0.004488	0.024882	0.009513	0.014903	0.026197	0.017244	0.038024	0.029083	0.039673	0.036893	0.002062	0.034159	0.015912	0.020987	0.003027	0.017646	
0.006385	0.009165	0.011683	0.007764	0.041989	0.004284	0.033735	0.033441	0.037228	0.003161	0.013846	0.001662	0.003975	0.038107	0.002106	0.019712	0.033687	0.002093	0.006887	0.046449	0.005467	0.018475	0.037928	0.019869	0.001309	0.001845	0.04342	0.04058	0.013141	0.017466	0.027229	0.00179	0.042094	0.00884	0.021794	0.021851	0.01369	0.041136	0.008823	0.028086	0.000389	0.041395	0.038832	0.014229	0.008719	0.018651	0.013192	0.022284	0.034466	0.035651	
0.003652	0.007352	0.033055	0.027331	0.03517	0.03801	0.031003	0.006681	0.003764	0.038416	0.030095	0.02413	0.032406	0.014722	0.030282	0.020411	0.023613	0.013813	0.030275	0.020206	0.027833	0.004924	0.035985	0.003375	0.033356	0.010125	0.021162	0.023175	0.030206	0.039153	0.000844	0.016779	0.008786	0.009794	0.010082	0.032769	0.026445	0.003285	0.012766	0.011013	0.019852	0.003473	0.014302	0.002204	0.013785	0.012492	0.008847	0.024043	0.036691	0.038067	
0.035526	0.00077	0.002772	0.023516	0.026164	0.029541	0.005867	0.006354	0.024311	0.028603	0.024311	0.016971	0.023611	0.011573	0.035694	0.004335	0.030852	0.027543	0.030253	0.026485	1.6e-05	0.034243	0.018041	0.031914	0.007591	0.039873	0.015812	0.028979	0.009452	0.0136	0.030733	0.007987	0.007923	0.009637	0.029217	0.012495	0.008694	0.023212	0.009586	0.033075	0.039316	0.039977	0.016123	0.011937	0.001275	0.029913	0.025457	0.018023	0.019782	0.011065	
0.020665	0.034721	0.036241	0.026807	0.035396	0.004153	0.006927	0.00651	0.02855	0.034489	0.021047	0.010161	0.019093	0.034904	0.004393	0.026051	0.016583	0.002942	0.012308	0.009072	0.006245	0.016822	0.009911	0.008972	0.033009	0.038433	0.029148	0.039844	0.02699	0.021253	0.010751	0.018614	0.03353	0.016407	0.02565	0.025529	0.004814	0.002381	0.006658	0.006016	0.031249	0.026468	0.004012	0.027127	0.01506	0.035913	0.00663	0.03963	0.031211	0.01071	
0.031299	0.037239	0.010923	0.04292	0.01614	0.038046	0.012715	0.001685	0.017433	0.015054	0.028313	0.040938	0.014708	0.016174	0.007324	0.00422	0.021963	0.016016	0.029269	0.014132	0.03767	0.038405	0.025603	0.035748	0.041688	0.028519	0.015193	0.000213	0.011143	0.013346	0.014405	0.033558	0.032977	0.010589	0.012643	0.032708	0.032135	0.023555	0.010327	0.001475	0.016638	0.006161	0.013315	0.00257	0.012121	0.014866	0.01257	0.00938	0.026225	0.017743	
0.041484	0.004089	0.023985	0.000842	0.004463	0.010996	0.003143	0.017575	0.023163	0.01078	0.038434	0.029202	0.021416	0.039278	0.027266	0.028809	0.011202	0.028441	0.002343	0.032002	0.002872	0.007442	0.03797	0.022858	0.019044	0.039094	0.006017	0.017802	0.027556	0.028017	0.026264	0.001286	0.026247	0.007585	0.000267	0.002595	0.02818	0.017913	0.0381	0.029967	0.01671	0.038615	0.01112	0.038078	0.009664	0.02071	0.010878	0.028834	0.002034	0.037368	
0.006939	0.010618	0.021741	0.005006	0.028026	0.039967	0.031119	0.008377	0.018231	0.033147	0.013369	0.019587	0.017723	0.025941	0.014452	0.012295	0.029655	0.014947	0.037627	0.014132	0.019221	0.001683	0.025246	0.031442	0.038386	0.006088	0.018571	0.023024	0.029608	0.030015	0.02953	0.02054	0.008781	0.022761	0.024697	0.007545	0.003282	0.031474	0.034377	0.001395	0.003258	0.001659	0.035191	0.040738	0.022847	0.014346	0.016137	0.017254	0.001856	0.036149	
0.036023	0.017944	0.028987	0.027981	0.006197	0.008578	0.025034	0.014735	0.022315	0.001315	0.008456	0.019858	0.02085	0.037471	0.014642	0.038837	0.030971	0.0353	0.005777	0.016626	0.021136	0.014704	0.001382	0.02256	0.030519	0.002036	0.020796	0.007588	0.029567	0.037081	0.03744	0.004606	0.02375	0.000716	0.0142	0.019466	0.009264	0.033607	0.001235	0.020641	0.00766	0.019979	0.036449	0.01272	0.025317	0.024316	0.026898	0.028562	0.02121	0.026698	
0.036357	0.019019	0.004226	0.027777	0.001222	0.018392	0.017391	0.011426	0.005259	0.026856	0.038249	0.033843	0.03526	0.016112	0.042848	0.002977	0.019263	0.015292	0.024754	0.013037	0.000807	0.022708	0.012246	0.035783	0.00466	0.019826	0.013894	0.039555	0.000157	0.01626	0.006774	0.000581	0.021084	0.00986	0.02521	0.033693	0.02463	0.031973	0.005827	0.008784	0.023923	0.002622	0.028911	0.017352	0.039597	0.040246	0.007607	0.042508	0.043236	0.010126	
0.011402	0.018767	0.011795	0.009493	0.000126	0.012993	0.016681	0.008484	0.027404	0.03181	0.021946	0.037482	0.03572	0.003407	0.019618	0.033701	0.016068	0.037172	0.014759	0.029679	0.037931	0.013309	0.022013	0.024838	0.022271	0.037109	0.008453	0.004243	0.010629	0.000272	0.018311	0.005534	0.008227	0.020811	0.017551	0.012437	0.035702	0.002783	0.018323	0.017818	0.025216	0.037253	0.014258	0.025247	0.030704	0.031453	0.022063	0.031927	0.010297	0.03451	
0.008635	0.012714	0.00903	0.008427	0.039302	0.027939	0.039509	0.004393	0.025912	0.02422	0.033359	0.002016	0.028415	0.031558	0.037187	0.033393	0.002616	0.016963	0.007184	0.003716	0.02477	0.033891	0.018847	0.017411	0.031654	0.022871	0.03379	0.025547	0.02057	0.009483	0.007839	0.018435	0.037746	0.004419	0.002675	0.020728	0.025649	0.007657	0.005043	0.017832	0.024977	0.038683	0.00568	0.007615	0.036227	0.023675	0.004421	0.036837	0.013452	0.025088	
0.008636	0.019068	0.010316	0.009958	0.015793	0.036024	0.012134	0.012195	0.030348	0.01244	0.038314	0.031213	0.019401	0.028437	0.027372	0.0383	0.025761	0.010695	0.001236	0.001953	0.021026	0.03868	0.032009	0.027152	0.014735	0.018227	0.005352	0.022625	0.014511	0.019992	0.006745	0.011142	0.017257	0.004731	0.013952	0.007556	0.022769	0.007079	0.009514	0.036481	0.021192	0.032719	0.020767	0.022554	0.030228	0.031847	0.010142	0.034024	0.018125	0.037273	
0.005402	0.028056	0.014771	0.017628	0.018028	0.019644	0.002035	0.005818	0.032208	0.012036	0.00879	0.009598	0.041597	0.004247	0.01835	0.043054	0.000471	0.015737	0.038161	0.00353	0.009843	0.023037	0.039079	0.031804	0.041036	0.03244	0.03795	0.028163	0.029913	0.037854	0.010534	0.019424	0.000495	0.027584	0.031189	0.004914	0.003915	0.041676	0.001707	0.023536	0.020462	0.013595	0.021863	0.029216	0.027886	0.027458	0.013068	0.021778	0.005838	0.003582	
0.00945	0.011637	0.025354	0.01252	0.010191	0.002615	0.022193	0.008815	0.009257	0.007917	0.035516	0.015751	0.008911	0.016694	0.02428	0.007915	0.009622	0.021912	0.01573	0.011121	0.010474	0.037382	0.0152	0.040421	0.043017	0.028682	0.033424	0.027155	0.000774	0.029813	0.015332	0.013576	0.020141	0.034346	0.04038	0.018468	0.037302	0.032704	0.000119	0.018618	0.017329	0.027497	0.002986	0.026915	0.014557	0.020712	0.038397	0.039278	0.019255	0.008345	
0.018824	0.027822	0.029597	0.006206	0.010151	0.007802	0.009327	0.0087	0.026642	0.032855	0.028412	0.009351	0.035129	0.00852	0.032794	0.015338	0.038671	0.032366	0.021924	0.007077	0.021507	0.024874	0.0377	0.010845	0.00194	0.000931	0.00018	0.027108	0.014365	0.022286	0.009372	0.037758	0.021628	0.034039	0.024154	0.003738	0.028577	0.023702	0.006075	0.018227	0.016564	0.037706	0.016508	0.019787	0.026484	0.016482	0.001073	0.014876	0.037656	0.03635	
0.004117	0.019295	0.011142	0.017972	0.007241	0.018576	0.004062	0.000761	0.01552	0.03209	0.023756	0.034944	0.003301	0.032657	0.018058	0.032128	0.005514	0.035204	0.020677	0.026809	0.026012	0.025822	0.027063	0.022243	0.006642	0.011429	0.013385	0.031254	0.028672	0.001815	0.029918	0.027383	0.007915	0.020097	0.025307	0.018221	0.035916	0.035506	0.0211	0.006555	0.030309	0.010123	0.026331	0.021214	0.016554	0.013189	0.009977	0.033658	0.02804	0.024526	
0.021429	0.029553	0.026282	0.013056	0.03596	0.006664	0.012427	0.022326	0.014358	0.016401	0.035125	0.033842	0.021153	0.005945	0.017877	0.029867	0.023631	0.005	0.014829	0.005883	0.011592	0.036141	0.031658	0.031518	0.012358	0.010312	0.01495	0.027103	0.038959	0.039203	0.025155	0.036977	0.03418	0.008877	0.012287	0.001285	0.017116	0.014154	0.027827	0.016903	0.014938	0.008929	0.028859	0.006617	0.028446	0.025538	0.007042	0.003724	0.025839	0.009905	
0.011968	0.033517	0.038151	0.012581	0.007115	0.022852	0.0205	0.008961	0.035006	0.033376	0.028325	0.018093	0.000763	0.045381	0.001912	0.033942	0.045317	0.01416	0.016404	0.021225	0.0189	0.046142	0.031257	0.033644	0.006674	0.011305	0.014014	0.009524	0.025065	0.006795	0.027842	0.006991	0.028312	0.013477	0.000976	0.00011	0.032801	0.020202	0.03776	0.00788	0.006867	0.010498	0.029183	0.043426	0.011296	0.018228	0.023343	0.011452	0.015573	0.000914	
0.02423	0.029797	0.014087	0.024703	0.032809	0.005528	0.019264	0.01758	0.037751	0.002057	0.037331	0.013621	0.01302	0.018922	0.0337	0.017586	0.003796	0.023018	0.004488	0.012226	0.001081	0.029749	0.037068	0.022958	0.028093	0.028641	0.009277	0.00941	0.013486	0.03724	0.022288	0.039951	0.010519	0.036652	0.03736	0.005923	0.033551	0.020092	0.023997	0.008962	0.004654	0.039538	0.010365	0.008861	0.011678	0.002377	0.029887	0.013894	0.023445	0.013489	
0.024165	0.028922	0.028879	0.019546	0.025979	0.030033	0.00914	0.006282	0.009827	0.020138	0.013071	0.00367	0.03259	0.030098	0.012557	0.018564	0.004859	0.033834	0.032954	0.008292	0.017199	0.019541	0.004757	0.03546	0.036082	0.01982	0.017742	0.013425	0.035039	0.000404	0.002792	0.011719	0.012699	0.000103	0.017078	0.036562	0.019567	0.025159	0.005003	0.022701	0.025972	0.014022	0.030232	0.028002	0.030866	0.022654	0.030395	0.006513	0.034842	0.03025	
0.009146	0.043275	0.040866	0.034159	0.044336	0.024509	0.024237	0.001293	0.02854	0.010664	0.038012	0.010854	0.010867	0.018862	0.042183	0.001855	0.022813	0.037556	0.008091	0.014728	0.039428	0.008609	0.003702	0.031387	0.016749	0.02805	0.007911	0.027715	0.004577	0.007798	0.007841	0.010148	0.01208	0.032414	0.023929	0.01243	0.003086	0.010332	0.010617	0.024846	0.013524	0.003699	0.037188	0.006653	0.044954	0.012058	0.039093	0.019784	0.014112	0.01844	
0.03208	0.016838	0.023714	0.032496	0.011352	0.02314	0.026916	0.029172	0.03044	0.00943	0.024262	0.003382	0.009775	0.030611	0.016169	0.007703	0.018017	0.023798	0.015386	0.002727	0.028159	0.009525	0.02608	0.006312	0.006769	0.00055	0.022536	0.006498	0.031104	0.023374	0.024314	0.033388	0.028642	0.009729	0.034895	0.030586	0.036118	0.033124	0.006679	0.035013	0.025456	0.003491	0.016698	0.01303	0.029317	0.028034	0.032521	0.010731	0.002004	0.017915	
0.016252	0.008435	0.021442	0.025493	0.003937	0.017784	0.037521	0.00792	0.029236	0.001604	0.025164	0.013801	0.007063	0.007249	0.009953	0.005985	0.031695	0.016514	0.033102	0.025526	0.021877	0.031635	0.02663	0.009668	0.012863	0.015923	0.022271	0.030429	0.022098	0.025012	0.029661	0.035641	0.0083	0.031947	0.016728	0.015156	0.007088	0.031117	0.028246	0.024564	0.015455	0.035995	0.035544	0.012624	0.010859	0.035505	0.010279	0.004956	0.019462	0.026791	
0.01475	0.033988	0.025103	0.033643	0.006494	0.023527	0.034074	0.007073	0.006018	0.015994	0.003283	0.032414	0.006566	0.021888	0.030855	0.00824	0.016513	0.023686	0.015022	0.006004	0.008605	0.034052	0.02326	0.013606	0.008141	0.032589	0.034156	0.009873	0.020827	0.031164	0.006689	0.003671	0.006747	0.024604	0.018221	0.031172	0.020159	0.029952	0.017324	0.034875	0.03061	0.026205	0.015168	0.013488	0.009694	0.027356	0.032459	0.031091	0.014102	0.025005	
0.003373	0.016578	0.004929	0.007189	0.027065	0.018201	0.019085	0.020432	0.034252	0.010079	0.036524	0.009936	0.034133	0.031105	0.036521	0.03629	0.001871	0.000458	0.007831	0.027765	0.021453	0.031582	0.003193	0.011704	0.018802	0.018853	0.007659	0.03981	0.014293	0.010889	0.003102	0.008221	0.018943	0.034271	0.025838	0.019068	0.004868	0.031415	0.004965	0.028137	0.029909	0.034929	0.037866	0.019856	0.020135	0.021991	0.02226	0.02957	0.005685	0.037116	
0.002813	0.025671	0.033947	0.001477	0.025997	0.035849	0.01849	0.022515	0.007446	0.007654	0.01956	0.00441	0.016814	0.003013	0.021454	0.026029	0.011406	0.01801	0.010905	0.020642	0.01677	0.025529	0.030277	0.017763	0.035542	0.036445	0.037424	0.011805	0.008367	0.03287	0.014524	0.018894	0.020421	0.016483	0.038778	0.026061	0.016421	0.033669	0.003328	0.022163	0.034375	0.025384	0.008568	0.001929	0.032802	0.033048	0.003981	0.007896	0.029903	0.024478	
0.024147	0.000775	0.03363	0.033978	0.001694	0.001669	0.03277	0.028061	0.002573	0.029665	0.030206	0.026305	0.003311	0.019138	0.021025	0.018739	0.011608	0.006732	0.006544	0.027594	0.026788	0.026561	0.025667	0.010488	0.033043	0.023043	0.013957	0.025805	0.006085	0.023421	0.030328	0.034893	0.004889	0.025516	0.009765	0.03336	0.024595	0.007097	0.019223	0.028274	0.000954	0.010321	0.033411	0.029285	0.020235	0.032912	0.025243	0.018829	0.014229	0.021619	
0.036225	0.02802	0.027808	0.005878	0.037899	0.025596	0.015039	0.022456	0.027182	0.007146	0.0333	0.030219	0.007869	0.011824	0.025186	0.018515	0.03811	0.033949	0.014955	0.018873	0.033527	0.019881	0.016	0.024624	0.011875	0.009405	0.010185	0.027866	0.026839	0.006866	0.034356	0.028815	0.023881	0.000201	0.005954	0.008634	0.015422	0.011537	0.017715	0.023024	0.031805	0.005075	0.003825	0.01129	0.03042	0.016749	0.015423	0.02697	0.007678	0.028109	
0.006087	0.017775	0.041358	0.02039	0.007414	0.029713	0.036186	0.022521	0.007598	0.010372	0.036377	0.036955	0.008048	0.006722	0.000692	0.025707	0.039261	0.0154	0.003744	0.033685	0.011775	0.016062	0.007359	0.017373	0.010809	0.008138	0.041533	0.034707	0.032415	0.039543	0.017452	0.007449	0.032711	0.011929	0.008746	0.025544	0.041497	0.034487	0.011153	0.010654	0.023523	0.001444	0.015543	0.023784	0.031906	0.004378	0.00947	0.001406	0.024851	0.036354	
0.020329	0.008164	0.001045	0.031485	0.022969	0.030294	0.01742	0.026119	0.008145	0.022114	0.015067	0.016095	0.031616	0.009218	0.027649	0.001333	0.022518	0.014123	0.032694	0.019814	0.029799	0.028822	0.022667	0.018395	0.007742	0.019581	0.017747	0.012846	0.020255	0.032539	0.028582	0.022945	0.031852	0.015275	0.008853	0.005552	0.028529	0.032674	0.011817	0.027331	0.016426	0.023522	0.017722	0.000451	0.018225	0.024182	0.034959	0.017241	0.013542	0.031716	
0.004459	0.041222	0.018011	0.025846	0.013078	0.007983	0.003736	0.025865	0.010699	0.038019	0.003159	0.037608	0.00814	0.026237	0.0095	0.028429	0.010097	0.015318	0.026674	0.037228	0.010904	0.013385	0.023769	0.019226	0.030843	0.02758	0.004068	0.032763	0.027185	0.030627	0.034423	0.034876	0.038568	0.018058	0.042661	0.018011	0.014036	0.022185	0.010947	0.00365	0.00165	0.025234	0.022357	0.015625	0.009902	0.023384	0.010339	0.003269	0.038843	0.000324	
0.019097	0.021733	0.042206	0.011903	0.02432	0.030096	0.022784	0.005393	0.003805	0.015206	0.004282	0.022452	0.024542	0.021269	0.006372	0.002241	0.033977	0.012868	0.035289	0.037919	0.024448	0.000855	0.041564	0.005821	7.8e-05	0.014659	0.005701	0.000684	0.035467	0.025342	0.036275	0.00993	0.00628	0.034548	0.028301	0.003232	0.004073	0.002889	0.010675	0.018389	0.020195	0.029836	0.038625	0.035477	0.025923	0.014888	0.031823	0.027641	0.038648	0.029979	
0.034749	0.009368	0.019811	0.027126	0.033197	0.014255	0.02007	0.034866	0.029686	0.000572	0.027012	0.025466	0.005233	0.029237	0.001059	0.021012	0.0218	0.018596	0.001436	0.038718	0.026687	0.028735	0.018539	0.001075	0.035432	0.009681	0.010485	0.008022	0.01283	0.028845	0.023176	0.032225	0.025358	0.002978	0.001371	0.013036	0.00984	0.028305	0.031582	0.037329	0.025402	0.036264	0.03799	2.2e-05	0.021721	0.008957	0.026256	0.013162	0.006703	0.024723	
0.015111	0.029115	0.015038	0.010523	0.036457	0.021851	0.010611	0.032923	0.028291	0.014777	0.026547	0.033861	0.005359	0.020865	0.009095	0.024128	0.024197	0.037995	0.012814	0.031448	0.005234	0.022525	0.038841	0.011286	0.019272	0.012145	0.028299	0.004172	0.002957	0.003195	0.028296	0.021873	0.025658	0.036237	0.019117	0.013499	0.034444	0.019602	0.018409	0.008804	0.008007	0.016694	0.020584	0.03118	0.013616	0.003739	0.030365	0.009722	0.020869	0.030353	
0.018687	0.015038	0.008998	0.017701	0.018606	0.030815	0.025938	0.028257	0.02895	0.011725	0.036568	0.030032	0.009239	0.01522	0.032649	0.010655	0.013692	0.003503	0.005633	0.013514	0.011426	0.035104	0.030672	0.021472	0.021841	0.018476	0.026807	0.022837	0.022733	0.018004	0.002268	0.013899	0.026165	0.036689	0.00595	0.023059	0.023179	0.00025	0.004234	0.013523	0.035537	0.033976	0.00039	0.017253	0.03799	0.037857	0.014849	0.038047	0.01053	0.019563	
0.038538	0.027034	0.035957	0.001404	0.01833	0.018929	0.019353	0.018117	0.018089	0.018482	0.017168	0.021307	0.00078	0.029848	0.01658	0.024644	0.041608	0.025792	0.010927	0.014784	0.030768	0.017608	0.013427	0.030533	0.006772	0.039446	0.027853	0.005902	0.02534	0.002193	0.004473	0.015221	0.014099	0.038496	0.00407	0.008373	0.024721	0.013714	0.013255	0.015704	0.024842	0.015636	0.014402	0.001451	0.032344	0.034489	0.018833	0.039961	0.035864	0.012539	
0.030547	0.016389	0.03634	0.029906	0.023873	0.009376	0.030924	0.016382	0.002248	0.03115	0.019192	0.037494	0.019861	2e-05	0.02344	0.014258	0.009529	0.01293	0.026852	0.027296	0.037926	0.02422	0.006728	0.034415	0.003048	0.018106	0.030451	0.016298	0.034305	0.023895	0.020148	0.000354	0.027049	0.026089	0.036578	0.008866	0.021387	0.03307	0.006362	0.003383	0.012516	0.012814	0.008234	0.001064	0.010977	0.00807	0.032293	0.032759	0.013128	0.03746	
0.026878	0.011993	0.026648	0.007573	0.011367	0.032932	0.019137	0.031817	0.026827	0.020587	0.034151	0.027395	0.008797	0.024046	0.006164	0.026935	0.018208	0.035461	0.030473	0.031644	0.012993	0.007485	0.026912	0.027104	0.008471	0.028431	0.009899	0.00081	0.027217	0.019655	0.027749	0.002611	0.030466	0.024898	0.012079	0.020648	0.009824	0.032347	0.005574	0.026564	0.002269	0.012112	0.028526	0.033461	0.017023	0.009841	0.02437	0.034766	0.005181	0.011681	
0.014603	0.014854	0.01965	0.032506	0.020348	0.013149	0.003145	0.030093	0.031883	0.028088	0.032158	0.012867	0.001327	0.013378	0.01228	0.019512	0.020102	0.017976	0.02474	0.020609	0.007517	0.009372	0.002777	0.035868	0.002031	0.016248	0.017697	0.033558	0.013584	0.004088	0.036358	0.011769	0.033062	0.004288	0.028853	0.025796	0.026472	0.025419	0.006382	0.023027	0.031496	0.011597	0.036499	0.002782	0.026206	0.026022	0.03608	0.036529	0.029744	0.015611	
0.009864	0.01848	0.001726	0.013909	0.027046	0.031706	0.040065	0.009583	0.008516	0.025472	0.024936	0.02904	0.003422	0.012457	0.032883	0.0252	0.000375	0.02431	0.009024	0.021604	0.01929	0.037215	0.036236	0.027094	0.03176	0.013626	0.023728	0.001267	0.012792	0.023786	0.035261	0.021204	0.005481	0.02379	0.044763	0.00363	0.0297	0.026736	0.022474	0.042955	0.016675	0.023692	0.008627	0.008856	0.019868	0.005703	0.001647	0.041707	0.010972	0.009847	
0.008988	0.027055	0.019747	0.017383	0.029741	0.023262	0.040792	0.005629	0.017524	0.024817	0.009786	0.041738	0.025444	0.038101	0.033951	0.016433	0.003753	0.019169	0.012846	0.014673	0.037202	0.000709	0.007008	0.000841	0.019838	0.011711	0.008774	0.006747	0.019543	0.038634	0.007969	0.019833	0.00442	0.008243	0.0199	0.006732	0.004294	0.037	0.032159	0.026851	0.022639	0.03812	0.033301	0.018484	0.004976	0.013503	0.041777	0.040043	0.02121	0.016707	
0.020727	0.004679	0.025832	0.008453	0.033515	0.027593	0.009916	0.012692	0.023601	0.019595	0.013861	0.011145	0.017908	0.018227	0.035768	0.028893	0.030854	0.022851	0.035593	0.015926	0.014459	0.007324	0.029461	0.008018	0.007213	0.036289	0.009447	0.036993	0.018258	0.000268	0.017943	0.011714	0.031181	0.013449	0.008019	0.03542	0.030342	0.003269	0.014001	0.027114	0.016449	0.025932	0.021381	0.034967	0.009928	0.021647	0.033877	0.018402	0.011209	0.028397	
0.008318	0.020716	0.017525	0.035056	0.013323	0.002836	0.038615	0.037089	0.015333	0.016532	0.002243	0.033054	0.013343	0.037161	0.021621	0.009855	0.022445	0.038112	0.001329	0.023787	0.020427	0.01661	0.006774	0.038023	0.038416	0.034687	0.012093	0.01912	0.026839	0.03933	0.022093	0.021469	0.023808	0.007947	0.012757	0.013566	0.037193	0.023403	0.006016	0.008593	0.022687	0.001821	0.025795	0.01217	0.016405	0.021324	0.007429	0.011151	0.018264	0.025497	
0.038506	0.003631	0.030524	0.008493	0.005242	0.017617	0.027211	0.014138	0.001407	0.032073	0.004581	0.026925	0.006833	0.017549	0.010858	0.010689	0.012682	0.03835	0.027567	0.014098	0.002091	0.03306	0.021049	0.009725	0.027715	0.012788	0.038187	0.027229	0.016843	0.034849	0.032988	0.022105	0.021704	0.016963	0.014192	0.020814	0.029367	0.029255	0.016606	0.017021	0.008747	0.023652	0.033492	0.031566	0.00339	0.01121	0.016373	0.025794	0.020015	0.032236	
0.009891	0.017341	0.024123	0.029311	0.009871	0.020276	0.011082	0.018894	0.014621	0.022401	0.007862	0.020241	0.028599	0.005388	0.010389	0.034438	0.011405	0.006817	0.005416	0.016577	0.025584	0.020111	0.016823	0.015702	0.036883	0.008544	0.019811	0.035833	0.006015	0.039641	0.034227	0.013225	0.011281	0.023457	0.036661	0.00011	0.031814	0.005982	0.002477	0.02735	0.020354	0.034833	0.025512	0.010408	0.03548	0.034172	0.035561	0.037718	0.021824	0.007664	
0.02525	0.011316	0.015196	0.03719	0.02084	0.02166	0.020148	0.007618	0.031803	0.012231	0.030521	0.004383	0.033336	0.014885	0.03869	0.019428	0.016917	0.025983	0.00318	0.028011	0.004777	0.014867	0.032763	0.004576	0.032155	0.004077	0.015634	0.032452	0.013467	0.02017	0.022594	0.020674	0.016822	0.024707	0.009474	0.015031	0.017325	0.031408	0.000574	0.024305	0.002856	0.012084	0.033068	0.036896	0.017228	0.032276	0.033811	0.033247	0.019087	0.003009	
0.002904	0.031106	0.000228	0.021251	0.020508	0.008625	0.012575	0.034777	0.010204	0.008915	0.011808	0.021123	0.032621	0.006675	0.028299	0.034431	0.018895	0.021878	0.033117	0.019489	0.027666	0.033704	0.008276	0.002377	0.03221	0.010892	0.027637	0.032953	0.018558	0.033564	0.014696	0.00012	0.031689	0.027458	0.028625	0.003904	0.028488	0.002589	0.035829	0.036445	0.014036	0.031859	0.029949	0.013352	0.02894	0.021429	0.030966	0.00508	0.004681	0.002599	
0.02173	0.003091	0.012817	0.018934	0.005885	0.008437	0.029348	0.028068	0.000414	0.022647	0.026733	0.018391	0.01226	0.035864	0.016095	0.022831	0.025879	0.029297	0.015399	0.031942	0.029663	0.00493	0.020304	0.013306	0.011886	0.006225	0.022471	0.031431	0.014144	0.001846	0.033811	0.033167	0.030744	0.033659	0.026658	0.024848	0.020103	0.02586	0.014244	0.001585	0.018484	0.027519	0.029687	0.016844	0.034787	0.022299	0.02018	0.013887	0.017097	0.012269	
0.018597	0.029862	0.031735	0.006136	0.02356	0.006594	0.010124	0.002704	0.024098	0.027135	0.007781	0.021593	0.024109	0.025273	0.008379	0.025121	0.035842	0.032624	0.001184	0.005859	0.016797	0.025244	0.035408	0.008099	0.001614	0.033659	0.012241	0.010228	0.025327	0.0242	0.035463	0.017226	0.01096	0.019095	0.028997	0.031386	0.008583	0.035692	0.018677	0.034085	0.029573	0.013562	0.00595	0.031271	0.014087	0.005634	0.024126	0.029989	0.008252	0.036265	
0.013842	0.005094	0.017417	0.01257	0.032438	0.021791	0.02952	0.005722	0.01313	0.010154	0.037366	0.029418	0.021332	0.019557	0.022624	0.014547	0.005136	0.010727	0.002707	0.008511	0.038618	0.038021	0.021148	0.025814	0.031386	0.014356	0.013266	9.2e-05	0.020628	0.027754	0.00658	0.013102	0.031455	0.019465	0.033357	0.000725	0.025809	0.028344	0.022926	0.006108	0.037825	0.013373	0.017738	0.017812	0.025961	0.003105	0.035712	0.026463	0.036856	0.032598	
0.01764	0.008356	0.009642	0.024947	0.003072	0.016355	0.001435	0.022968	0.045519	0.010902	0.010965	0.032297	0.002734	0.027728	0.029252	0.003555	0.02686	0.03848	0.044606	0.042011	0.031751	0.004014	0.03984	0.025234	0.020001	0.017024	0.043628	0.017651	0.02767	0.023083	0.002273	0.012757	0.016757	0.008302	0.016497	0.038479	0.021861	0.007012	0.028844	0.025603	0.034242	0.008776	0.005262	0.01193	0.025622	0.021444	0.033847	0.008694	0.001743	0.000835	
0.011837	0.039916	0.023001	0.001382	0.023642	0.002675	0.000662	0.022036	0.024136	0.001422	0.030336	0.018639	0.004295	0.001751	0.029428	0.032661	0.02445	0.032236	0.001604	0.012341	0.028946	0.015818	0.034444	0.036806	0.019776	0.031676	0.033957	0.017975	0.03859	0.006103	0.037699	0.036926	0.034271	0.027865	0.019809	0.016317	0.00522	0.03379	0.029846	0.005058	0.007181	0.039891	0.01579	0.010891	0.008854	0.004815	0.001396	0.020341	0.033846	0.007653	
0.013549	0.010056	0.038058	0.009772	0.039429	0.013874	0.034265	0.030233	0.016308	0.004465	0.00787	0.011692	0.024051	0.030286	0.002949	0.024693	0.026629	0.038828	0.034876	0.00884	0.02303	0.018457	0.0117	0.008341	0.030694	0.003267	0.003648	0.013453	0.008864	0.035277	0.008605	0.028476	0.037999	0.000671	0.018268	0.00855	0.024928	0.001843	0.016354	0.039481	0.013823	0.024875	0.04038	0.027157	0.028443	0.030443	0.004448	0.030923	0.00193	0.034949	
0.010679	0.033624	0.030095	0.021221	0.009759	0.002183	0.012023	0.021141	0.036963	0.002284	0.032134	0.030335	0.026376	0.00794	0.030379	0.039959	0.015376	0.016371	0.013374	0.015487	0.017814	0.013872	0.038284	0.009347	0.010081	0.041738	0.009673	0.040353	0.019266	0.026639	0.000346	0.010246	0.02868	0.009987	0.041704	0.039602	0.037217	0.005653	0.037235	0.002684	0.018442	0.001925	0.006883	0.00265	0.016246	0.030113	0.041542	0.002151	0.008431	0.023493	
0.017806	0.016191	0.027048	0.001331	0.015526	0.027616	0.03717	0.03134	0.001419	0.03228	0.016898	0.033369	0.007223	0.037401	0.019186	0.035765	0.021727	0.006825	0.026534	0.018614	0.027862	0.037991	0.018392	0.00229	0.004064	0.025975	0.01691	0.01687	0.022357	0.027308	0.001011	0.028618	0.033852	0.01031	0.015731	0.034185	0.001738	0.022247	0.013589	0.029926	0.002186	0.021484	0.000425	0.020444	0.004194	0.006599	0.032506	0.03203	0.021256	0.036381	
0.022068	0.024279	0.000888	0.019311	0.038793	0.00757	0.041252	0.021919	0.034018	0.026338	0.002248	0.010677	0.007617	0.013137	0.032518	0.000782	0.017525	0.015727	0.005308	0.00503	0.02943	0.008356	0.024863	0.040601	0.016005	0.002855	0.00771	0.002323	0.030918	0.002628	0.011062	0.021196	0.001822	0.006895	0.024323	0.041261	0.035637	0.028458	0.029566	0.039428	0.037075	0.031429	0.025252	0.003153	0.010581	0.032143	0.036726	0.015757	0.039168	0.016374	
0.037683	0.010276	0.017401	0.000486	0.007301	0.036134	0.036003	0.005663	0.023477	0.013721	0.006875	0.030633	0.024361	0.032335	0.010715	0.012519	0.028514	0.03447	0.029837	0.027161	0.027088	0.022001	0.027147	0.010735	0.006811	0.016434	0.036871	0.004053	0.016279	0.020351	0.007902	0.021665	0.006369	0.038055	0.009558	0.032989	0.01971	0.011246	0.02703	0.021436	0.01908	0.016215	0.007129	0.03489	0.006366	0.007793	0.006161	0.031488	0.038319	0.023264	
0.022494	0.029895	0.007041	0.022621	0.006069	0.003537	0.030861	0.027654	0.035188	0.027103	0.010753	0.034904	0.01466	0.019919	0.02864	0.017994	0.006198	0.011436	0.039424	0.010003	0.021396	0.028324	0.025788	0.035229	0.024293	0.034337	0.0132	0.010837	0.028984	0.039207	0.028721	0.004503	0.023822	0.019093	0.004169	0.016377	0.007248	0.007037	0.036398	0.02377	0.038281	0.035876	0.016527	0.003805	0.030572	0.011947	0.000481	0.002482	0.003807	0.017095	
0.026041	0.003856	0.001323	0.034187	0.031375	0.030278	0.007357	0.037722	0.016971	0.003492	0.02565	0.03037	0.008885	0.016254	0.007225	0.006783	0.008758	0.010882	0.028576	0.00891	0.004555	0.034436	0.008322	0.010551	0.00943	0.029849	0.028838	0.031286	0.026495	0.018979	0.013872	0.024279	0.035402	0.013229	0.03583	0.031891	0.020205	0.018737	0.038007	0.019014	0.005141	0.010903	0.018465	0.020326	0.03562	0.019891	0.021735	0.033168	0.005086	0.031563	
0.000578	0.020603	0.031386	0.015195	0.011707	0.018779	0.041071	0.000345	0.004741	0.017674	0.002135	0.005597	0.016798	0.050109	0.016918	0.015903	0.018979	0.028204	0.000701	0.016148	0.007838	0.012976	0.045508	0.005964	0.049613	0.019908	0.030797	0.01702	0.016498	0.003312	0.040952	0.012867	0.006124	0.010248	0.018341	0.034554	0.024827	0.012586	0.019808	0.004843	0.026721	0.053269	0.040682	0.011411	0.033876	0.004871	0.050918	0.017056	0.001367	0.031674	
0.022703	0.003916	0.039632	0.009448	0.033004	0.021433	0.008847	0.041958	0.031719	0.003396	0.016562	0.032702	0.006972	0.041992	0.021688	0.024187	0.006698	0.020533	0.041748	0.004905	0.026975	0.022728	0.007615	0.033499	0.01152	0.003125	0.028049	0.029775	0.020975	0.018015	0.00269	0.026982	0.018547	0.034737	0.004624	2.2e-05	0.034472	0.027848	0.015823	0.02096	0.006649	0.004186	0.004797	0.020265	0.000905	0.032854	0.017277	0.013954	0.035958	0.040131	
0.006348	0.023543	0.02461	0.023068	0.030677	0.020678	0.021557	0.017526	0.017249	0.007121	0.030009	0.002889	0.002297	0.024809	0.024806	0.025849	0.027439	0.02798	0.015916	0.022475	0.022147	0.02288	0.004283	0.006626	0.034134	0.015461	0.008529	0.011999	0.017441	0.031751	0.014216	0.032558	0.010241	0.035427	0.00417	0.023392	0.031713	0.02272	0.02083	0.026455	0.018791	0.02692	0.009519	0.023577	0.005463	0.01684	0.018667	0.029867	0.031554	0.024983	
0.015866	0.034871	0.012764	0.000741	0.02961	0.026433	0.016251	0.036252	0.003462	0.028393	0.014196	0.02426	0.032933	0.010126	0.017787	0.026274	0.001191	0.009689	0.006348	0.03482	0.014273	0.005046	0.010104	1e-06	0.015151	0.025061	0.031387	0.029945	0.025036	0.008477	0.015725	0.022395	0.025466	0.010348	0.024208	0.017816	0.033053	0.014582	0.011	0.025379	0.034571	0.031507	0.021484	0.02535	0.007542	0.020096	0.031293	0.024279	0.026663	0.030495	
0.021644	0.023305	0.023922	0.028377	0.031859	0.028258	0.018683	0.029425	0.030368	0.032462	0.018887	0.019543	0.000751	0.023013	0.02635	0.031242	0.024581	0.021971	0.000122	0.029647	0.022466	0.005479	0.026475	0.023722	0.01717	0.023102	0.023135	0.015127	0.018072	0.014402	0.00674	0.028641	0.026918	0.009522	0.005916	0.019549	0.008238	0.027946	0.004397	0.022532	0.029397	0.015027	0.020345	0.014315	0.019822	0.009914	0.02145	0.027005	0.020386	0.00838	
0.005094	0.021303	0.031961	0.011358	0.016374	0.019298	0.031158	0.006181	0.002763	0.031064	0.018576	0.013631	0.041101	0.010633	0.00858	0.031535	0.010948	0.033073	0.018679	0.009354	0.018473	0.002768	0.006056	0.027101	0.003966	0.04346	0.009538	0.013121	0.014209	0.034868	0.044435	0.029012	0.008106	0.030442	0.016053	0.012868	0.033361	0.018545	0.027051	0.045455	0.00161	0.021739	0.008212	0.041515	0.034772	0.021249	0.010525	0.010307	0.017162	0.021357	
0.56