50
2
-0.979252	0.003749	-0.008453	-0.732341	-0.715778	-0.562883	-0.162984	-0.503798	-0.831881	-0.309003	-0.666447	0.757118	0.901928	-0.922503	0.398215	0.14552	0.796014	0.333798	0.095676	0.404855	-0.227046	0.388877	0.649741	-0.068663	0.881049	0.60748	0.966718	-0.660727	0.042169	0.891035	0.299081	0.721664	0.941692	-0.628917	-0.513769	0.746802	0.812555	0.516556	-0.306196	-0.072931	0.221075	-0.007437	-0.044052	-0.128889	0.740817	-0.625283	0.375348	0.407058	0.8504	-0.92109	
0.294233	0.276108	-0.076605	-0.893881	-0.922858	-0.660937	0.589096	-0.674788	-0.722523	-0.294166	-0.031003	0.395473	0.602313	-0.466451	0.818952	-0.954266	-0.249754	-0.600733	-0.31439	-0.111775	-0.003721	-0.171307	-0.571488	-0.566721	-0.535386	0.458171	-0.168163	0.167796	-0.011327	-0.139906	0.469532	0.112433	-0.394739	0.941596	-0.550315	-0.722462	0.229865	-0.016142	-0.633695	-0.781379	0.079151	-0.421401	-0.793892	-0.018797	0.264183	-0.924062	0.000216	-0.832913	0.582636	0.516072	
-0.475454	-0.798283	0.834385	0.03492	-0.732921	-0.774914	0.683282	0.092149	-0.477967	0.151651	-0.372295	0.583246	-0.013819	0.930316	0.040624	0.806043	-0.500391	0.042975	0.011491	0.626143	-0.853612	0.672414	0.608471	-0.187357	-0.927098	0.534508	0.357855	0.837858	0.120371	0.935438	-0.383231	-0.32222	0.461764	0.40274	0.450698	0.787885	0.433298	0.364306	0.686234	0.290238	-0.394602	0.657562	-0.510561	0.407561	0.071776	-0.238381	-0.642764	0.771663	-0.839533	0.607177	
0.366941	-0.075979	0.328099	-0.434667	0.72315	-0.643041	0.159422	-0.072731	0.346444	-0.047751	0.905022	0.706515	0.797014	-0.948862	-0.687154	-0.046204	0.469444	-0.287381	0.128907	-0.909061	0.280883	0.362413	-0.208725	-0.726654	-0.167084	0.476926	0.168615	0.766866	0.157499	-0.644059	0.183503	-0.892245	0.486826	-0.597925	0.809351	-0.052864	-0.116694	-0.727841	0.615391	0.834058	0.389177	0.335089	0.413236	0.489627	0.42919	-0.714075	0.332716	0.820715	-0.93515	-0.630371	
0.524704	-0.916267	-0.442027	0.715921	-0.26192	0.797984	-0.421804	-0.239353	-0.781253	0.629249	0.866971	-0.633786	-0.377603	0.349408	-0.841798	-0.934552	-0.346849	-0.226776	0.097935	0.105862	-0.339746	-0.148698	-0.496286	-0.59473	0.555051	-0.720814	-0.097593	-0.754955	0.632572	0.68698	-0.77045	0.441963	0.846631	-0.227938	0.554226	0.847771	-0.990097	-0.454832	-0.926962	-0.601616	-0.977584	-0.902201	0.298685	-0.422553	0.68882	-0.333406	0.842614	-0.737227	0.09801	-0.411131	
0.612306	-0.324647	-0.757941	-0.088805	-0.500237	0.490466	0.47184	-0.97959	-0.994016	0.836013	-0.35425	-0.407242	-0.458148	-0.508552	0.550739	-0.473523	0.437974	0.346578	0.101068	0.365546	-0.651934	-0.070964	-0.012082	-0.945177	-0.563523	0.866818	0.317289	0.957325	-0.261372	0.524781	0.19933	0.204185	-0.773385	-0.555598	-0.855475	0.010606	-0.309802	-0.606559	-0.250606	0.052813	0.421654	0.179943	0.278182	0.207524	-0.25285	-0.348891	0.122284	0.499327	0.838382	0.655338	
0.107455	0.649644	-0.943536	0.595042	-0.601023	0.371682	0.65038	-0.370074	-0.200505	0.971178	-0.492871	0.510679	-0.187881	-0.36954	0.541032	-0.100279	0.420172	-0.555599	0.647674	0.433548	-0.001517	0.583102	0.839411	0.574778	-0.404326	0.43467	0.230114	0.682646	-0.190864	-0.093277	-0.812471	-0.562713	0.058685	0.057733	0.426153	-0.427215	-0.767856	-0.625497	-0.132562	-0.628915	-0.753068	0.450051	0.820336	-0.878176	-0.916351	-0.428572	0.159287	0.876523	0.16337	0.359968	
0.299957	0.891009	0.713417	-0.277984	0.644346	-0.477566	0.972071	-0.200413	0.1089	0.295562	-0.371998	0.740373	0.979584	0.139017	-0.554458	-0.428395	0.636246	0.12205	0.084785	-0.700879	0.48049	-0.686969	-0.626504	0.172229	0.238295	-0.62043	0.870302	0.416239	0.603433	0.561511	0.046611	0.263544	-0.96252	0.166027	0.21947	0.335592	-0.59276	-0.358413	0.946965	-0.452382	0.399963	-0.46939	0.145395	0.744285	0.634165	-0.94154	-0.151278	-0.21278	0.800651	-0.928388	
-0.090412	0.962672	-0.92719	0.341509	0.469433	-0.790226	-0.477566	-0.049755	-0.59781	0.865366	0.432489	-0.797817	0.747703	-0.423591	-0.190361	0.239307	-0.010506	0.071132	0.881874	-0.22588	0.042699	-0.613571	-0.932677	0.041463	-0.800113	0.354607	-0.534841	0.016134	0.630935	0.388885	-0.145393	0.363634	-0.357854	0.819082	-0.379881	0.231058	-0.110977	-0.89601	-0.18878	0.178801	-0.053186	0.874536	-0.743721	0.50273	0.245651	-0.288874	0.105959	-0.740363	0.186299	-0.724883	
0.179156	0.663417	-0.183334	-0.885177	-0.552048	0.135146	0.22905	0.896582	0.795294	-0.417579	-0.771647	0.641416	0.047363	0.930844	-0.860468	-0.295847	0.486213	0.125508	0.63265	0.491875	-0.286635	-0.236414	-0.544909	0.616555	-0.129789	0.693152	0.896303	-0.316613	-0.264909	-0.043709	0.49759	-0.966313	-0.141358	0.605352	-0.70382	0.512869	-0.302608	-0.91384	0.448982	0.715276	0.954134	-0.696008	0.183024	-0.455321	0.76758	-0.817176	-0.637719	-0.843369	-0.407052	0.906002	
-0.265683	0.122011	-0.20751	0.961196	0.430677	0.683407	-0.745064	0.873642	-0.450957	0.375196	-0.405301	0.298414	-0.928304	-0.219533	0.902314	-0.714596	-0.261818	0.863788	-0.983186	0.677121	0.675958	0.562746	0.764998	-0.240317	-0.405443	0.050872	-0.412529	-0.506432	-0.876545	-0.293247	-0.686201	0.519804	0.356695	0.724202	-0.043464	-0.513451	0.520506	-0.619033	-0.234258	0.245561	0.269616	-0.036351	0.272917	-0.578327	-0.038014	-0.369879	-0.660326	-0.860205	-0.594618	-0.186045	
0.329004	-0.4707	0.759074	-0.861675	0.606504	-0.062446	-0.365333	-0.718751	0.192784	0.140258	0.374869	0.708809	-0.077928	0.8976	0.970777	-0.762368	0.093167	0.198207	-0.970139	-0.705108	0.485789	-0.254124	0.62764	0.985778	0.173196	-0.958459	-0.690059	0.327733	0.539463	-0.981443	0.271116	0.071747	-0.737656	-0.830362	0.906853	0.918458	-0.362547	-0.211924	-0.777816	-0.5024	-0.353451	0.382105	-0.142077	0.24965	0.306348	0.06139	0.078983	-0.999877	0.269314	0.381736	
0.974786	-0.070954	0.365221	-0.159398	-0.576182	-0.716884	-0.8191	-0.554061	-0.169166	-0.890692	-0.987809	0.550411	0.780997	-0.408696	-0.199994	0.852013	-0.201219	-0.019143	-0.865104	0.014066	0.42409	-0.439492	-0.077507	-0.878476	0.207775	0.411233	-0.952997	-0.044478	-0.82825	0.960242	-0.132367	-0.002034	-0.018656	0.865077	0.281329	0.456744	0.184375	0.043408	0.639287	0.668901	0.185824	0.031669	-0.176819	0.025447	-0.884642	-0.464464	0.601477	0.865814	-0.975994	-0.966145	
0.861335	0.69094	-0.013148	0.883269	-0.499329	-0.367352	0.884334	-0.326692	0.957489	-0.716755	0.217575	0.211283	-0.677714	-0.59458	-0.18485	0.001415	-0.337334	0.343539	0.895347	0.710244	-0.650694	0.016597	0.98847	-0.072527	0.731988	-0.838555	0.398138	-0.684585	0.837146	-0.198305	-0.17749	-0.809266	-0.847285	0.223871	0.079407	-0.302943	0.933334	-0.11552	0.370485	-0.525398	0.006834	0.876474	-0.185906	0.080313	-0.405459	-0.352057	-0.215049	-0.487999	0.544955	0.016752	
0.894136	0.149759	0.435474	-0.072127	-0.486484	-0.377229	-0.54436	-0.86761	0.408698	0.043826	-0.514182	-0.804584	-0.250291	0.322713	-0.318789	-0.169091	-0.061697	-0.125191	-0.162187	-0.245874	-0.272984	0.396743	0.501963	-0.321261	0.553068	-0.003204	-0.096693	0.83925	0.110076	0.312282	-0.544535	-0.306101	-0.055587	0.226125	0.466462	0.686468	0.405	0.223431	-0.029724	-0.16995	0.563345	-0.036917	-0.653418	-0.49296	-0.514976	0.630228	0.994623	0.611846	0.433484	0.202247	
-0.236262	0.409359	0.083999	-0.324957	-0.835267	-0.584761	0.960301	-0.319829	0.444585	-0.043995	0.169802	-0.432344	0.296276	-0.82351	0.282301	0.732464	0.791144	0.198056	-0.715167	0.691559	-0.141077	0.098839	0.367098	0.15675	0.656935	0.337179	0.900091	-0.490739	0.256439	0.222349	0.391873	-0.552206	-0.849494	-0.957538	-0.067797	0.160555	-0.932245	0.066412	0.160909	-0.859428	0.785256	-0.786085	-0.599701	-0.281412	0.25164	-0.317209	0.095573	0.100447	-0.409173	-0.269243	
0.793247	-0.301993	0.798289	0.927096	0.54246	-0.088129	0.893226	-0.56173	0.851393	0.568307	0.220554	0.710329	-0.306148	-0.722263	-0.978182	-0.244227	-0.130858	0.456126	-0.659135	-0.174419	-0.063601	0.744488	-0.467744	0.045185	-0.836792	-0.572515	-0.582288	-0.250842	0.494532	0.048015	-0.27402	-0.193807	0.872364	0.105656	-0.537732	-0.700876	0.609802	-0.821942	-0.507673	0.841255	-0.705764	0.221487	-0.028098	-0.784074	0.400653	0.655307	0.782052	-0.54443	-0.212868	-0.82573	
0.797784	-0.800138	0.812011	-0.888106	-0.214523	-0.236268	0.031664	-0.06241	0.616517	0.526408	0.382119	0.809006	-0.919854	0.165862	-0.102267	0.93302	-0.752768	-0.563058	-0.05092	-0.836974	-0.298752	-0.392144	0.552858	0.082639	-0.934879	0.315885	0.549248	0.87834	0.632609	0.371164	-0.627238	0.832356	-0.714416	0.783798	0.027591	0.586221	-0.220768	0.602269	0.155837	-0.17781	-0.228997	0.847179	0.723934	0.053202	-0.457382	0.079864	0.37054	0.240272	0.215352	0.530633	
-0.469718	0.641803	-0.399461	0.816712	-0.344341	-0.501793	0.552135	-0.7733	0.516347	0.045207	0.308076	-0.149065	-0.22424	0.823929	0.296687	-0.45872	-0.700746	-0.940867	0.253501	-0.199939	0.406541	-0.456468	0.606399	0.84599	0.373711	-0.091335	0.09957	-0.635055	-0.660137	-0.872472	0.381138	-0.435874	0.955221	0.497708	0.353673	0.334651	0.205351	-0.77203	0.92689	0.052708	0.348171	0.213324	0.033086	-0.458388	0.211845	0.412092	-0.254129	0.409797	-0.728879	0.415042	
0.557621	0.967067	0.476067	0.891297	-0.516007	0.690128	0.380682	0.775536	-0.843423	0.102746	-0.615589	-0.574372	-0.499674	-0.800387	-0.74146	0.471916	0.156314	0.745842	-0.951272	0.083613	0.611653	0.213438	-0.539904	-0.966792	0.469103	0.61163	-0.874205	-0.096542	-0.400392	-0.042292	0.537766	0.129457	-0.235802	0.408065	0.189051	0.747052	-0.650429	-0.096411	0.241572	-0.322966	0.165742	-0.859867	-0.800924	-0.050423	0.082518	0.967526	0.330426	0.374888	0.23495	0.98851	
0.714467	0.947575	0.602783	0.152214	0.563512	0.174609	-0.216734	-0.519748	0.218807	-0.781935	0.533508	-0.283343	0.976077	-0.297254	0.688774	0.440693	-0.605845	-0.918093	-0.336076	0.564372	0.260626	-0.058994	-0.094342	0.119285	-0.969994	0.782727	-0.169072	-0.528872	-0.71738	0.993767	-0.187019	0.22602	-0.631336	-0.911243	-0.372841	-0.269624	0.438117	-0.975001	0.856839	0.248059	-0.749548	0.815471	-0.796059	0.462362	0.659576	0.383562	-0.600998	-0.327336	-0.80598	0.049585	
-0.065059	0.496629	-0.142086	0.19131	-0.546011	-0.585202	-0.782905	-0.663584	-0.952436	-0.23522	0.981875	0.689284	0.876309	-0.159206	0.835178	0.241952	-0.709377	-0.226111	-0.306786	-0.798628	-0.746755	0.323796	0.031771	-0.582313	-0.977099	-0.105714	0.694053	0.929003	0.076077	0.73112	0.700622	-0.503857	0.929938	0.112257	0.233664	0.930612	-0.368376	0.941134	0.313351	0.665078	0.632473	-0.513891	-0.617501	-0.38856	-0.072559	-0.691882	-0.640265	-0.273664	0.780115	-0.809352	
0.353041	0.275852	0.576105	-0.975712	-0.252976	0.559705	0.178536	-0.137461	0.851649	-0.883025	-0.658895	-0.795419	0.430239	0.411613	0.72476	0.756535	0.480148	-0.742136	0.007291	-0.124604	-0.625206	0.036013	0.4796	-0.064486	0.852627	0.804572	0.254601	-0.110433	-0.618025	0.436187	0.551241	0.004108	0.485159	0.635172	0.508284	0.739553	0.021976	-0.233707	0.96284	0.825909	0.799598	0.695509	-0.804107	-0.184599	-0.571636	-0.93266	0.037714	0.458499	-0.377485	-0.136816	
-0.401533	-0.037377	-0.486852	-0.396151	0.411378	0.873821	-0.839884	0.366365	0.085102	-0.652841	0.598795	0.292209	-0.009999	0.140688	-0.739956	0.636581	0.357349	0.837223	-0.306583	0.157552	-0.822405	-0.634592	-0.497575	-0.431424	-0.336308	-0.332029	-0.634025	-0.35598	0.832944	0.2741	0.433629	0.194057	-0.563094	0.83787	0.736001	0.301277	0.990783	0.197878	-0.937126	-0.213628	0.410863	0.278211	-0.435633	-0.569476	-0.472392	0.821531	-0.054632	0.645454	-0.548093	-0.046313	
-0.215884	0.246417	-0.278867	0.959611	-0.050078	-0.110705	-0.427001	0.740875	0.177109	-0.91362	0.382952	-0.233093	-0.102048	-0.157566	-0.188677	0.753139	0.611949	-0.802758	-0.943131	0.240964	-0.445496	0.213493	0.648983	0.422313	-0.277065	0.270406	0.666487	0.046433	-0.465367	0.908795	-0.627138	-0.598352	-0.345892	-0.931036	0.356008	-0.623753	0.661883	-0.735393	0.869346	0.317569	-0.162852	-0.739668	0.066697	-0.112827	0.708539	-0.100382	-0.875391	0.425527	0.199624	0.085472	
-0.598381	-0.007331	0.62914	0.246561	0.491907	0.354979	-0.437948	0.442012	0.969262	0.005299	-0.316392	-0.980021	-0.966719	-0.79723	-0.243224	0.152522	0.103616	0.714697	-0.317604	0.31818	-0.201966	-0.304039	-0.671421	0.804694	0.1224	-0.839038	0.918371	0.595468	0.090407	0.108404	0.924872	-0.528272	0.679983	0.930415	-0.038973	0.93564	-0.570789	-0.542037	-0.459828	0.738014	-0.822545	0.094352	-0.998576	-0.768697	-0.339358	0.943699	0.79901	0.373604	0.928	0.809603	
0.953059	0.305501	0.773619	0.47896	0.879317	0.895687	-0.629919	-0.633726	-0.587269	0.308318	-0.380547	0.886167	-0.202969	-0.484622	-0.620469	-0.149288	-0.73412	0.80463	0.717358	0.711762	0.988359	-0.401361	-0.459278	-0.815094	-0.980467	0.612965	-0.397809	0.527696	-0.767654	-0.053379	-0.791745	-0.773432	0.830962	-0.531343	0.58117	0.227846	0.068413	-0.934495	-0.510868	-0.549905	0.569628	0.047126	-0.842603	-0.451807	0.455217	0.449719	-0.50713	-0.671186	-0.173329	-0.533482	
0.024839	-0.832385	-0.129198	-0.282529	0.96017	-0.08536	-0.075602	0.937021	-0.217478	-0.700674	-0.593326	0.676567	0.627987	-0.420752	0.084659	0.813656	0.409599	0.907539	-0.503609	0.9826	-0.787585	0.269684	-0.95462	0.443101	-0.970731	-0.231574	0.379383	-0.92309	-0.701217	-0.459073	-0.658094	-0.08445	-0.835941	0.401278	0.599654	0.255011	0.307613	0.17493	-0.163317	-0.871221	0.613951	0.894513	0.199386	0.385364	-0.142161	0.04422	0.450851	-0.670719	0.335781	0.070483	
-0.4896	0.761214	0.998849	-0.271305	-0.44848	0.055972	0.507728	0.540703	-0.336559	-0.004178	-0.992739	-0.606048	-0.166894	-0.464207	0.601117	0.167479	0.744669	0.181064	0.688913	-0.565197	0.567736	0.01394	-0.430349	-0.925969	0.298726	-0.500495	0.929256	-0.822658	0.648531	-0.243933	0.97665	0.23161	0.779275	0.192107	-0.061851	-0.992839	0.41232	-0.153592	-0.143553	0.224402	-0.504453	0.567943	0.057562	0.780888	0.398517	-0.683964	0.411417	0.51242	0.175366	0.962827	
-0.448968	0.055049	0.754614	-0.952953	-0.004939	-0.249162	0.519308	0.210363	-0.184086	0.496461	-0.401688	0.293667	-0.882376	-0.03758	-0.418669	-0.210867	0.630595	0.570113	-0.105941	-0.075885	0.580471	-0.094918	-0.225474	-0.981541	0.7682	-0.543073	-0.513727	-0.547704	0.838672	-0.451678	-0.904379	0.925179	0.362449	-0.742901	-0.093167	-0.568889	-0.131128	-0.306296	-0.08118	-0.38609	0.153008	0.662411	-0.008027	0.095922	0.466605	-0.771142	0.436782	0.966361	-0.731664	-0.913648	
0.97987	-0.639177	-0.20013	0.251612	-0.197418	0.948529	-0.427136	-0.278809	-0.703435	0.804635	0.155137	-0.175586	0.354505	0.293085	0.716267	-0.538531	0.798208	-0.542482	-0.699152	0.831442	0.251127	0.969283	0.739612	-0.57192	0.300116	0.680768	0.691469	0.415372	0.276405	0.399556	-0.501943	-0.108973	0.601395	0.387617	-0.709852	0.143661	0.412586	0.75797	0.465707	0.194674	0.701352	-0.880223	0.17806	0.125512	-0.013389	0.726204	0.355501	0.071197	-0.426769	-0.825646	
-0.989641	0.680637	-0.365054	-0.021207	-0.137842	0.576221	-0.466629	-0.52287	-0.89472	0.685671	0.977496	-0.40446	0.237728	-0.208623	0.265231	-0.760883	-0.676117	-0.452415	-0.92865	-0.873825	0.435112	0.448198	0.451574	-0.339773	0.310077	-0.796512	-0.014524	0.892187	-0.056298	-0.372155	0.997233	-0.390188	-0.363554	0.735849	0.979254	-0.185775	-0.885409	-0.281074	-0.035553	0.64774	-0.851845	0.47145	-0.484849	-0.232402	-0.644885	-0.968604	-0.501949	-0.222685	-0.239211	-0.911224	
-0.326604	0.335353	0.16249	-0.838735	0.721462	-0.403609	0.470421	0.144306	0.013192	0.38023	0.334838	0.334048	0.854369	-0.901124	0.100567	-0.761058	0.771923	0.907435	-0.073868	0.056904	-0.631283	-0.681623	-0.848943	-0.862162	0.905308	-0.713719	-0.77435	0.312031	0.465806	-0.69742	-0.22319	-0.846869	0.238876	0.090822	0.807266	0.979664	0.219507	0.904691	0.375817	-0.115807	-0.801294	-0.823859	-0.931074	-0.81105	0.937255	-0.105467	0.332543	-0.483658	0.036638	0.295937	
0.109569	-0.556725	-0.49206	0.206616	0.104602	0.136713	0.764959	-0.533964	-0.561494	-0.338654	-0.276684	-0.405016	-0.17492	-0.982706	0.008459	0.436463	-0.851825	0.512546	-0.91306	0.896699	-0.028161	-0.625082	-0.253406	0.020084	0.324738	-0.271926	-0.158486	0.716188	-0.731774	0.243221	-0.973724	0.172989	0.078987	-0.598241	-0.393211	0.214485	0.384067	0.265239	-0.569604	-0.232215	-0.788928	-0.907835	-0.315921	0.294068	0.297424	-0.379629	-0.668538	0.65419	0.877159	-0.210591	
0.504198	-0.529794	-0.648595	-0.730994	-0.790249	-0.323464	-0.882875	0.837457	-0.89222	-0.881634	-0.514534	0.200114	-0.131273	0.064131	0.6002	0.635955	0.725475	0.457642	-0.797558	-0.801678	0.035791	0.295892	0.773265	-0.760582	0.252632	0.582392	0.637636	0.798514	-0.264557	0.59132	-0.569065	0.727107	0.963155	-0.284682	0.821147	-0.531272	0.383132	0.32845	0.305949	-0.014722	0.060231	0.778834	-0.750564	-0.508367	-0.989702	0.976958	0.209771	0.623073	-0.917838	-0.585858	
0.594856	-0.31746	0.400188	-0.448404	-0.633859	0.918885	0.537114	0.562582	-0.682729	-0.88324	-0.710816	0.111365	-0.613464	0.723833	-0.112303	-0.833749	0.991046	-0.758891	-0.267609	-0.731286	-0.193933	-0.501604	-0.910711	0.363579	0.99522	-0.747977	-0.335134	0.128361	-0.520731	-0.508099	-0.705054	0.198225	-0.698874	-0.489165	-0.050466	0.093062	-0.603165	0.440445	-0.285464	-0.563199	-0.427504	0.176689	-0.076863	-0.248959	0.139796	0.205305	-0.468547	0.919585	-0.797267	-0.595594	
-0.696249	-0.941292	-0.471509	-0.649794	-0.915872	-0.711683	0.736102	0.506714	-0.152694	0.681902	-0.37478	0.195097	-0.008706	-0.026797	-0.877441	0.995104	-0.62754	-0.441731	0.309152	-0.954762	-0.386736	-0.260539	0.23854	-0.844303	-0.794878	0.051923	0.63331	-0.414505	0.053147	-0.000266	0.539377	0.98016	-0.739761	-0.105821	0.319191	0.553005	0.795441	0.468168	-0.051	0.786358	0.848001	-0.704015	-0.778752	-0.174908	0.123006	0.873647	0.785733	0.355393	-0.880937	-0.643089	
-0.86579	-0.811798	-0.184185	0.18683	-0.646809	0.182868	0.950447	-0.175676	0.846574	-0.960559	0.375357	-0.537578	-0.950082	0.306624	0.624385	-0.225998	0.355943	-0.811076	0.761424	-0.809845	-0.651402	-0.177449	-0.710512	0.305245	-0.192884	0.146255	-0.376231	0.52854	0.298819	-0.813318	0.971697	0.072217	-0.233563	0.093452	-0.785838	-0.322743	-0.095689	0.042846	0.286039	-0.310693	-0.999024	-0.408975	0.110347	0.502371	-0.131395	0.946274	-0.270465	-0.354728	-0.455633	0.939805	
0.724651	-0.96735	-0.091787	-0.014344	-0.855383	0.398397	-0.279662	0.760026	-0.294522	-0.933373	-0.039894	-0.191474	-0.954867	-0.732007	0.744383	0.889358	-0.386062	-0.974876	0.15361	-0.10672	0.80047	0.934047	-0.379925	0.756235	0.577945	0.110391	-0.183254	-0.301631	0.618789	-0.300753	-0.095831	-0.817696	0.360351	-0.460855	-0.4623	0.60248	-0.248226	0.320072	-0.131494	-0.164775	-0.286847	-0.389802	-0.060857	0.812932	-0.614999	0.412778	-0.967781	-0.643463	0.756772	0.158018	
0.227611	-0.631594	0.033505	-0.048823	0.778066	-0.430065	-0.744414	-0.486163	-0.015888	0.435229	-0.792868	-0.506421	-0.725763	0.681726	0.170867	-0.064961	0.93199	-0.211748	-0.438244	0.35919	0.638985	0.719614	0.244692	0.967351	-0.032754	0.197025	0.069876	0.071091	0.606337	0.934073	0.218354	-0.119153	0.779443	-0.153095	0.462243	-0.786402	-0.623882	0.158638	0.457955	-0.945832	0.609019	0.257472	0.309232	-0.836642	-0.33694	-0.004382	-0.296425	0.700097	-0.474217	0.172921	
-0.008681	-0.993976	0.133025	-0.573916	0.963888	0.521879	-0.838271	-0.527371	0.217183	-0.665955	-0.081984	0.62896	-0.933174	-0.16715	-0.632876	-0.276741	0.230775	0.068005	0.355651	0.69766	-0.840297	-0.902158	0.459018	-0.498786	0.87522	0.684129	0.71471	-0.19331	0.749717	0.653424	0.501283	-0.827412	-0.415959	-0.684605	-0.188114	-0.749487	-0.390629	-0.167237	0.528537	-0.218888	-0.89766	-0.694221	-0.877607	-0.334972	-0.312112	-0.55952	0.537341	-0.47216	-0.430676	-0.546885	
0.343573	0.354623	-0.806451	-0.214804	-0.04723	0.73932	-0.094714	-0.307155	0.636165	0.698474	-0.488894	-0.201219	0.322259	-0.333672	-0.832213	-0.867927	-0.332412	-0.105094	0.432283	-0.181554	0.34074	-0.464428	0.310266	-0.968907	0.934913	-0.597858	0.747543	0.623356	0.33431	-0.629611	-0.033344	-0.689539	0.615331	0.765228	0.688146	-0.773837	0.779218	-0.099571	-0.270317	0.153705	0.754536	-0.613058	0.414077	0.696598	-0.665204	-0.741973	-0.566043	-0.622116	-0.000186	0.800614	
-0.718734	0.068384	0.68752	0.253182	0.093106	0.180146	0.307377	0.249934	-0.478694	-0.43827	0.2126	0.495024	-0.932534	-0.964415	0.774097	0.407396	0.847446	-0.155723	-0.650126	0.720888	0.684337	-0.456571	0.391889	-0.771669	0.628326	0.156239	0.913336	0.052118	0.276997	0.897655	-0.818726	-0.001704	-0.344693	-0.178033	0.901066	0.616764	0.776487	0.233654	-0.813078	-0.42268	-0.438653	-0.583943	-0.220325	0.86465	-0.384037	-0.154414	-0.78246	0.406428	0.510135	-0.676154	
0.31297	0.30617	0.903625	0.209567	0.390931	-0.689061	-0.044977	-0.032472	0.500544	-0.159058	-0.413949	0.296109	-0.030498	-0.65219	0.061929	0.792767	-0.117253	0.051848	0.04149	-0.826535	0.316768	0.850195	0.287886	0.774276	0.442429	0.235781	-0.341543	0.250187	-0.244406	0.997728	0.413147	-0.612557	-0.074956	0.673915	0.880063	-0.409467	0.413466	0.646939	-0.676376	-0.717637	-0.955957	0.193572	0.44699	-0.954448	0.631613	0.759333	-0.347608	-0.950482	0.137015	0.55446	
0.583288	-0.730379	0.868841	0.78987	-0.515627	0.362249	-0.084533	-0.212032	-0.431918	-0.98098	0.25971	0.344421	0.968301	0.080074	-0.111398	0.028504	0.812713	0.707108	-0.211166	0.457732	-0.535724	-0.018058	-0.121942	0.710071	0.855781	0.538184	0.735993	0.305337	0.039333	0.650369	-0.159565	0.14939	-0.540657	-0.14596	0.485594	-0.554095	-0.189705	-0.190177	-0.718485	-0.555139	0.463106	0.311487	0.36022	-0.638995	-0.408034	-0.809193	0.832307	-0.097353	-0.603084	0.618387	
0.727046	-0.629833	-0.072006	-0.38726	0.91739	0.278334	0.803885	0.428255	-0.132198	-0.293824	0.014199	0.161087	0.306769	-0.209555	-0.410236	0.939391	0.421732	-0.643423	-0.807182	-0.279344	-0.129694	-0.612691	-0.776498	-0.460818	0.998707	-0.557967	0.973154	0.749918	-0.263344	-0.448947	0.02526	0.584384	0.716878	-0.727171	-0.501781	0.082438	0.077618	0.392946	0.892069	0.189402	-0.911256	0.330468	-0.250784	-0.530708	0.353543	-0.313852	0.916783	-0.638201	-0.504167	-0.225126	
0.602988	0.467902	-0.96208	0.213329	-0.784134	0.564793	-0.404753	0.988801	-0.469927	0.079596	-0.795239	0.523048	-0.68627	-0.571418	0.99085	-0.603834	0.893397	0.533282	0.343731	-0.974013	-0.494557	-0.590326	0.102956	-0.198074	0.468501	0.226895	0.541449	-0.914466	-0.989286	0.87858	-0.112539	-0.03869	-0.832999	0.360058	0.96554	0.587754	0.323064	0.184697	-0.334742	0.713181	-0.835011	-0.506698	0.824942	-0.738087	-0.788918	-0.003946	-0.073496	-0.179941	-0.526558	-0.706039	
-0.723876	-0.228396	-0.089941	-0.507607	0.710682	-0.324896	0.53038	-0.067905	-0.33398	0.43752	0.310469	0.00924	0.358484	-0.827843	0.945162	-0.386178	0.010103	0.264428	0.391213	0.669296	-0.003524	0.077962	-0.496326	0.46774	-0.286318	0.477716	0.809603	-0.551059	0.839481	-0.668966	0.227408	-0.561351	-0.400518	0.341835	0.369844	-0.831971	0.459073	-0.568863	0.377229	-0.484679	0.874332	-0.063421	-0.908225	0.878341	-0.820549	0.546348	0.02936	-0.030429	-0.362311	0.844024	
0.917579	-0.743932	0.054007	-0.862658	-0.766007	-0.941382	0.210657	0.580297	-0.926721	0.113439	-0.188778	-0.88293	-0.138404	0.597389	-0.03812	0.258215	-0.462047	0.981435	-0.121427	0.184816	-0.939351	0.751577	-0.273781	-0.797825	0.044803	-0.341339	-0.993742	-0.260569	0.66877	-0.875222	-0.049728	-0.036123	-0.863941	0.838788	-0.152045	-0.58901	0.055294	-0.245396	0.838045	0.649071	-0.907371	0.638017	-0.635876	0.776365	-0.757504	-0.850608	-0.744639	0.073641	-0.069159	-0.702846	
-0.309348	0.243515	-0.835325	0.926226	-0.951909	0.985552	0.493671	0.341071	-0.107875	-0.163176	-0.420552	0.777804	-0.534152	0.218741	0.33439	-0.003112	0.404197	0.75733	0.007261	-0.328365	-0.045539	-0.788955	-0.986878	0.073386	-0.189973	0.037099	0.832049	-0.347536	-0.242532	-0.321697	0.025551	-0.520376	-0.624786	0.071771	0.561943	0.754966	0.172183	0.579206	-0.405663	-0.623345	-0.762177	0.32166	0.705955	0.713682	-0.098295	-0.818148	-0.791504	-0.803169	0.426548	-0.409554	
0.477449	-0.020081	0.309905	0.904869	0.759979	-0.69034	0.003121	-0.992592	0.293626	0.77368	0.554826	-0.010907	-0.891535	0.408901	-0.819013	0.699164	0.475188	-0.690598	-0.343312	0.848088	-0.966657	-0.392145	-0.816014	0.04769	0.995373	-0.263291	0.206485	-0.80617	0.776659	0.128476	0.252424	-0.351043	0.658803	-0.0272	-0.070744	0.502873	0.108593	0.163134	0.713485	0.340999	0.646214	0.829017	0.553008	0.880162	-0.603879	-0.513134	-0.456647	-0.099844	0.784166	-0.478058	
0.64977	-0.202983	0.872438	0.010712	-0.414132	0.563349	-0.363356	-0.471883	0.508609	-0.939857	-0.062716	0.172594	0.568733	-0.753137	-0.065021	-0.540831	0.885096	0.087772	-0.084483	-0.753094	0.332233	0.120811	0.454006	0.775386	0.400044	0.31507	0.074369	-0.228412	0.476515	0.841567	-0.78022	-0.308432	0.437824	0.742001	0.46423	-0.436076	-0.358531	0.007601	-0.995197	-0.10614	0.388667	0.193211	0.026091	-0.448892	0.181481	-0.034943	-0.608725	-0.042093	-0.771863	-0.74454	
0.57606	-0.802219	-0.000395	-0.509775	0.046452	-0.811316	0.475599	-0.154949	-0.82355	0.284801	-0.120231	0.898408	-0.300931	0.172688	-0.147207	0.358831	-0.309128	-0.739609	0.877767	-0.904344	-0.676796	0.109652	-0.195946	-0.832236	-0.488008	-0.948711	-0.305963	0.670205	0.301997	0.740945	-0.856189	-0.143987	0.424401	-0.901916	-0.167489	0.648207	0.753923	-0.349199	0.277517	-0.549634	0.826906	-0.411917	0.593273	0.637222	-0.574729	0.636136	0.541325	0.691756	0.712977	0.843522	
0.423908	0.74429	-0.199961	0.554936	0.434274	-0.343079	0.04261	0.601458	-0.164194	-0.682087	-0.4534	0.977887	0.707609	-0.757442	-0.630022	0.131833	-0.239563	-0.598452	0.913693	-0.339497	-0.279165	0.748348	0.867046	-0.141236	0.276841	0.892631	0.065705	-0.089505	-0.248262	-0.32794	-0.198809	0.307918	0.812201	-0.380134	-0.756018	0.419163	-0.231132	0.52805	0.466681	0.867422	0.317738	-0.633867	0.146388	0.203771	0.64355	-0.564766	0.494352	-0.138159	-0.273902	0.202069	
0.058446	-0.309445	-0.420365	-0.829708	0.81647	-0.933198	-0.689243	-0.7154	0.196529	0.059254	0.310556	-0.784444	-0.677842	-0.482528	-0.42009	0.115252	0.058421	0.592193	-0.724402	0.47687	0.327174	-0.35009	-0.797497	0.782606	0.870827	0.333124	-0.728978	0.91056	0.029153	0.726903	-0.867525	0.692324	-0.917348	0.392977	0.164084	-0.377851	-0.413342	0.601943	-0.213923	-0.878046	0.897645	0.560426	-0.426252	0.009998	0.802538	-0.530853	-0.848025	-0.584826	-0.572387	-0.177473	
-0.778178	-0.944191	0.909448	-0.455222	0.302942	-0.912293	-0.105191	-0.052578	-0.233519	0.910629	-0.941713	0.722035	-0.973115	-0.098947	0.838365	-0.671559	-0.997976	-0.424416	-0.888532	0.407661	0.007677	0.203613	0.845755	0.62139	-0.59946	0.605292	-0.464413	-0.30847	-0.129681	0.838707	0.090444	-0.627273	-0.518135	0.782876	0.174204	0.381317	-0.856245	-0.843074	-0.405504	0.095652	0.516028	0.929778	0.441587	0.876953	-0.550538	-0.513263	0.552484	-0.050895	-0.528355	0.164068	
0.45369	-0.567028	0.935421	-0.408318	0.61524	-0.475763	-0.661166	0.295911	0.071376	-0.442913	-0.081667	-0.712449	-0.02186	0.633356	0.262639	-0.411573	0.215649	-0.58132	-0.414667	0.874208	0.023749	-0.584144	-0.975789	0.050756	-0.018368	0.196454	-0.34169	-0.751722	-0.598804	-0.585058	-0.596025	-0.284165	0.684544	0.97621	0.390913	-0.587885	0.628431	0.429081	0.035103	0.935112	-0.966929	0.136925	-0.049997	-0.299906	0.451829	-0.56719	-0.566245	0.665835	0.172525	0.950729	
-0.257164	0.258221	-0.298585	-0.494472	0.691912	0.28788	-0.483811	-0.431205	0.836995	0.54634	0.328802	-0.874541	-0.633816	-0.447436	-0.242649	0.598702	0.460929	0.810606	0.262601	-0.6698	0.499547	0.790655	0.491825	-0.243885	0.87375	0.623777	0.551903	0.060451	-0.87915	0.920631	-0.447639	-0.137934	0.713111	-0.277167	0.661402	0.172602	-0.551412	0.568575	-0.299159	0.781743	0.447068	0.05082	0.405042	0.580689	-0.028123	-0.743233	-0.279735	-0.06438	-0.883093	0.858484	
-0.879549	-0.604202	-0.375438	0.436512	0.909551	0.558593	-0.040878	0.043731	-0.505931	0.797575	0.914007	-0.24072	0.571884	-0.707874	-0.802903	0.677137	-0.435665	-0.885128	0.50785	0.173829	-0.167892	0.474346	0.834611	0.285914	0.567657	0.662361	-0.235229	-0.729554	0.300728	-0.904422	-0.607508	0.264178	0.179317	0.649727	-0.400427	-0.49689	0.634891	-0.465157	-0.631746	-0.582143	-0.73386	-0.60388	0.34378	0.768298	0.2777	-0.836902	-0.012785	-0.165297	-0.479916	-0.106826	
-0.629963	0.978157	0.7523	0.691192	0.051687	-0.372439	-0.910422	-0.634038	0.55416	-0.656248	0.898781	0.06712	-0.772273	0.172361	0.116945	-0.016783	0.44278	-0.656338	0.64877	-0.561251	-0.846721	0.436987	0.019624	0.606227	0.126683	-0.271511	0.667384	0.26065	-0.561795	-0.45183	0.184764	-0.307909	0.168882	0.576177	-0.006663	0.334589	-0.847309	-0.156528	0.129855	0.344211	0.642661	-0.460841	0.225858	-0.437752	0.120216	-0.646131	-0.437508	0.028946	0.430805	-0.709844	
-0.046138	-0.191516	0.828587	-0.667346	0.396866	0.09289	-0.914896	-0.854515	0.839739	0.222643	0.043358	0.23363	-0.93282	-0.162679	0.795148	-0.565089	0.250612	0.698151	0.913308	-0.820362	0.553215	0.98457	-0.725308	0.311013	0.897091	0.134072	-0.53733	-0.790072	-0.664546	0.115277	0.583728	-0.057188	-0.839168	-0.385332	0.708661	-0.591719	0.535174	0.345014	0.758486	-0.0287	-0.856315	-0.952054	0.586692	-0.417213	-0.245615	0.634473	0.732534	-0.729339	0.488435	0.328466	
0.42148	0.713934	-0.538714	0.492375	-0.803876	0.805552	-0.534278	-0.850323	-0.832927	0.067857	-0.926547	-0.185477	0.488187	0.310209	-0.681111	0.883147	0.252341	0.473131	0.60238	0.103737	-0.96751	0.139318	-0.403304	-0.991934	-0.51448	-0.841889	0.283	0.001459	-0.770373	0.021694	0.056642	0.654077	-0.287207	-0.705432	-0.213406	0.89274	-0.049182	-0.592154	-0.832184	0.204491	0.728189	0.844942	-0.787074	-0.620296	0.102472	0.605661	0.412605	0.086399	0.79774	0.335223	
-0.859928	-0.470199	-0.002268	0.791321	0.172901	-0.727683	-0.145037	-0.539834	-0.839078	0.138586	0.027954	-0.593598	-0.162288	-0.429636	-0.941372	0.159293	0.383477	0.789652	-0.244115	0.60007	0.603169	-0.109866	-0.528157	0.279877	-0.732588	-0.490261	-0.589744	0.705934	0.606737	-0.63031	-0.353608	0.180176	0.593424	-0.03673	-0.821016	0.422937	-0.47352	0.360407	0.846168	-0.217065	0.078347	0.103493	-0.114692	0.298215	0.308756	-0.521884	-0.305694	-0.517758	0.674851	0.73118	
-0.258532	0.143747	0.611289	-0.201651	0.441407	-0.618304	0.444693	-0.445951	0.575608	0.395115	0.879206	-0.400879	-0.800475	-0.857417	-0.145761	-0.66864	0.242681	0.290432	0.815342	-0.865411	0.105327	0.085343	0.718349	0.758106	0.073427	-0.996917	-0.265308	-0.53253	0.994697	0.634803	0.753972	-0.859563	0.975944	0.985683	-0.46953	0.331825	0.989639	0.868617	-0.580268	0.125486	-0.366917	0.558218	0.39986	-0.669286	0.258296	0.88653	-0.077145	0.739193	0.84294	0.750212	
0.347797	0.322845	0.410844	-0.480161	0.643094	0.465831	0.800168	-0.628654	-0.326713	0.920465	0.076619	-0.654888	-0.539708	-0.396017	-0.395778	0.82032	-0.110478	0.976144	0.99909	0.605328	0.496748	0.757486	-0.759782	-0.240319	-0.240252	0.21325	-0.76159	0.871745	0.421856	-0.161587	-0.399975	0.026435	0.261841	-0.219661	-0.490119	0.514787	0.886962	-0.400881	0.339577	-0.811568	-0.506347	-0.990314	-0.533556	0.654325	-0.939991	0.562181	0.677366	-0.740027	-0.648156	-0.586506	
-0.627163	0.115059	0.429049	0.628354	-0.198501	0.854743	0.380826	-0.343185	0.012449	-0.685997	-0.75354	0.4797	-0.080256	-0.272113	0.34689	0.678331	0.061535	-0.41583	-0.149485	0.978482	-0.612196	0.58197	0.508838	-0.337746	-0.898888	0.382895	-0.702436	0.995744	-0.367579	-0.284897	-0.975609	0.729714	-0.575167	-0.107386	0.490607	0.357304	0.139383	0.880235	0.854814	0.200646	0.839463	0.710153	0.226506	-0.433613	-0.151319	0.151362	-0.018655	0.534046	0.008081	-0.982512	
-0.475599	-0.268009	0.379779	-0.018976	-0.60002	-0.216632	0.208574	0.199942	-0.996842	-0.347111	-0.675705	-0.430479	-0.104649	0.431167	0.287374	0.845102	-0.133537	-0.560925	-0.063221	-0.097638	-0.707861	0.79798	-0.088076	0.210074	-0.756411	-0.701289	-0.002816	-0.695347	0.451463	0.254729	0.774116	0.063084	0.034877	0.474224	0.732814	0.636924	-0.459352	0.457353	-0.23233	-0.056865	0.940895	0.425488	0.405255	0.607115	0.189866	0.112184	-0.458886	0.027976	0.202283	0.159267	
0.540315	-0.081534	0.139584	-0.283595	-0.520732	0.457429	-0.226635	0.422643	-0.496366	-0.746663	0.04465	-0.98089	-0.024867	0.694399	-0.503481	-0.707399	0.558555	-0.375355	-0.942638	0.205536	0.32034	0.158717	0.593137	-0.08587	0.451815	-0.934323	0.708637	-0.444165	0.686794	-0.843016	-0.854186	0.819286	0.795933	0.253498	-0.331614	-0.228698	-0.603187	-0.533034	-0.611584	-0.966072	0.482336	0.282523	-0.168173	-0.15163	-0.961653	0.963332	0.011291	-0.960075	0.77985	0.071217	
0.768688	-0.744887	0.707169	-0.417858	0.730823	0.143198	-0.543846	-0.082592	-0.791055	-0.364694	-0.059465	0.749513	-0.571186	0.361692	-0.342451	-0.257272	-0.731622	-0.397044	-0.056851	-0.145965	0.745434	-0.776006	-0.623516	0.005425	-0.181199	-0.000178	0.596548	-0.37041	-0.421087	-0.842343	-0.135382	0.340279	0.868408	-0.671695	0.152624	-0.779894	0.058173	-0.360325	0.922604	-0.856862	0.704971	-0.219448	0.962431	-0.923451	-0.944822	0.962934	-0.922195	-0.864399	0.747446	0.916231	
-0.199246	0.929797	0.962873	-0.073145	-0.049143	-0.227552	0.759747	0.12928	0.443755	-0.186746	-0.629846	-0.888731	0.626625	-0.78834	-0.095807	0.651938	-0.910517	-0.675715	0.053147	-0.763514	-0.521915	0.117818	0.886943	0.417493	0.312527	-0.03304	-0.141883	-0.968549	-0.556502	0.345423	-0.10703	0.623635	-0.352811	-0.088719	-0.779852	0.443054	0.485142	-0.166401	0.113383	-0.42809	-0.483113	-0.087556	-0.578832	-0.745431	-0.148869	0.383392	-0.871235	0.178604	0.600396	0.509811	
-0.617925	0.862825	-0.849762	0.007448	-0.143504	-0.728686	0.001599	-0.095069	-0.391219	-0.920678	-0.428812	0.44837	0.493481	0.502432	-0.582658	-0.367027	0.180268	0.726724	0.115086	-0.965602	0.231665	-0.625918	-0.943901	-0.859313	0.498605	-0.519972	-0.220218	-0.464386	0.059036	0.962546	0.127156	0.345484	0.762222	-0.968875	0.201328	0.865047	-0.914503	-0.042903	0.687705	-0.799766	-0.870558	-0.598373	-0.692859	-0.577046	-0.27613	-0.018235	0.387689	-0.648859	-0.172322	0.880137	
-0.570941	-0.772768	-0.56754	0.842736	0.771722	0.003791	0.948539	-0.830117	0.352388	-0.041897	0.34657	-0.291427	0.94265	-0.278637	0.509264	-0.770219	0.955082	-0.149842	-0.591224	0.574096	-0.534137	-0.529917	-0.288054	-0.103585	0.13597	0.38021	-0.248648	0.790243	0.142525	0.618318	-0.776291	0.453824	0.057109	-0.656451	0.682524	-0.179512	0.112932	-0.799463	0.854248	-0.640229	-0.974512	-0.111676	-0.147893	0.295694	0.65907	0.528964	-0.337249	-0.886327	0.184207	0.807442	
0.675337	0.507609	-0.139273	0.930825	0.607337	-0.786561	-0.35954	0.887293	-0.859738	-0.87911	-0.945149	0.885158	0.233326	0.399608	-0.664703	0.82915	-0.666691	-0.160209	-0.791949	0.72706	-0.617778	0.612778	-0.063997	-0.544036	0.469459	0.818881	0.08935	-0.230734	-0.604456	-0.667599	-0.55823	0.630912	-0.530941	0.766551	-0.745936	0.292436	-0.226167	-0.226297	-0.937167	0.407132	0.898256	-0.81224	0.874871	-0.954534	-0.024417	0.379537	-0.677716	-0.310977	-0.619198	0.299023	
-0.762578	-0.475512	-0.288193	-0.022601	0.013139	0.991024	-0.058713	-0.720061	-0.096671	0.729661	0.24496	-0.840079	0.657291	-0.826428	-0.736839	0.205493	-0.701242	-0.161899	-0.304757	-0.940095	0.765875	0.783355	0.142044	-0.853522	-0.479735	0.055857	0.43436	-0.918496	0.409939	0.23861	0.105374	-0.234936	-0.69339	0.039888	-0.513623	-0.601381	-0.978902	0.22549	0.455477	-0.17428	0.166821	0.077545	0.339314	-0.912571	-0.54645	-0.516943	0.557155	-0.898929	0.663402	-0.566446	
0.866511	0.508504	-0.003479	0.293417	-0.047044	0.658943	-0.203357	-0.590177	0.520435	-0.900557	0.946355	-0.472035	0.943965	0.764676	0.129461	-0.808267	-0.952168	-0.64293	-0.713435	0.280234	-0.696627	0.718864	0.5761	0.472781	-0.898036	-0.828575	0.60655	0.533348	0.032924	-0.695808	0.644796	0.282754	0.373528	0.118548	-0.371697	0.913434	-0.683293	-0.193324	0.115472	-0.007317	-0.937186	0.889256	0.230288	0.387493	0.722571	0.632497	-0.011287	0.634173	0.830309	0.028303	
0.532338	-0.102376	0.551487	-0.400503	0.947064	-0.053916	-0.839942	-0.713741	0.176703	0.974894	-0.388839	0.481091	-0.087152	-0.018003	-0.004502	-0.215471	0.170924	-0.958837	-0.687129	0.586109	0.590229	-0.097787	-0.739679	0.170641	-0.965446	0.802104	-0.852967	-0.302639	0.729762	0.770837	-0.744762	-0.006193	-0.66522	-0.492716	0.678612	-0.332558	0.633693	-0.003572	-0.409047	0.030096	-0.573382	-0.803506	-0.510728	-0.345007	-0.089368	0.537997	0.772235	-0.01562	0.322512	0.761526	
-0.99367	0.1442	0.742705	0.269201	-0.345368	-0.827803	-0.748831	-0.090153	0.594214	0.888207	0.290534	-0.438265	-0.411081	-0.497746	-0.705466	0.258557	0.887091	0.557243	-0.319268	0.937948	0.0687	-0.70758	0.828681	-0.318858	0.90529	-0.324759	-0.536036	0.249162	0.763017	0.804783	-0.160028	-0.661313	0.44937	0.007432	0.387031	0.945214	0.500074	-0.439056	-0.915675	0.404102	-0.599808	0.541107	0.972916	0.100131	-0.647406	0.490321	0.396447	-0.842952	0.988419	-0.753236	
-0.004552	-0.445677	-0.818728	-0.479963	0.666852	-0.692676	0.701718	-0.070403	-0.582749	0.103076	-0.90409	-0.347787	-0.978484	0.874231	0.267611	-0.990182	0.301622	-0.100941	-0.206216	-0.47418	0.504228	-0.159861	0.252934	-0.208676	-0.941155	-0.742033	-0.288188	-0.396968	-0.938478	0.461056	0.870786	-0.071263	-0.278959	0.86294	0.096329	0.669646	-0.779184	-0.156247	-0.623277	0.511051	0.019278	0.978936	0.388814	0.356101	0.258536	-0.093632	-0.128928	0.351452	-0.433565	-0.604958	
0.365122	-0.224773	0.192187	-0.556262	-0.896134	-0.441076	0.590569	-0.066665	0.048414	0.499239	0.787312	0.138024	-0.6025	-0.051796	-0.265002	0.859581	0.268619	-0.14651	-0.924627	-0.803087	0.486901	0.370381	0.994022	0.095772	-0.584386	0.093878	0.810855	0.99578	-0.880103	-0.829175	0.590439	0.356164	-0.145133	-0.694118	0.328146	0.230323	-0.041836	-0.547121	0.336691	0.916718	0.699228	0.531697	0.922085	0.923089	-0.960015	0.725896	0.46606	0.837286	0.653806	-0.322322	
-0.54791	-0.378094	0.49183	-0.06182	0.103091	-0.17668	-0.696538	0.668946	-0.433364	-0.686498	0.073826	0.336917	0.094742	0.692945	-0.879426	-0.658402	-0.863964	0.956379	-0.722967	-0.82577	-0.867588	0.90837	0.175693	-0.880427	-0.096178	0.941618	-0.424519	-0.250537	0.63242	-0.120724	0.330558	0.218435	0.139282	0.681478	0.964615	0.135016	-0.020112	-0.14911	-0.569673	-0.978606	0.470602	0.825483	0.750467	0.389401	-0.544938	-0.283948	-0.859363	0.2079	-0.599825	-0.693449	
0.223082	0.680723	-0.864932	0.756778	0.156397	-0.941965	-0.256499	-0.747603	-0.774053	-0.642427	0.514557	0.90943	0.571103	-0.838825	0.543317	-0.594284	0.200024	0.032164	-0.195248	0.321373	-0.580151	-0.04457	0.073698	0.218713	0.801101	-0.655935	-0.037957	0.16242	0.339162	-0.614501	-0.112803	0.592346	-0.048099	-0.825566	-0.749402	-0.830596	0.285383	-0.41875	0.057623	-0.540521	-0.217363	0.503317	0.348316	0.972555	0.376864	0.244366	-0.542603	0.631193	-0.245351	-0.251077	
-0.601101	0.779531	0.577941	-0.559712	0.60348	-0.748181	0.912963	0.402325	0.247776	0.53395	-0.723762	-0.130402	-0.559686	-0.372024	-0.373145	-0.240979	-0.241379	-0.839122	-0.163955	-0.159125	-0.886791	0.482617	0.807618	0.668236	0.374694	0.717594	-0.295816	0.884906	0.275539	0.880939	0.112408	0.518898	-0.752174	-0.351958	0.778256	0.741974	0.403371	-0.590396	0.823683	0.285306	0.84666	0.365912	-0.717622	0.68295	0.454161	0.102306	-0.036133	0.774374	-0.853265	-0.501885	
0.147845	-0.084347	0.381518	-0.177253	0.584802	0.770196	-0.262934	-0.965617	0.710251	0.865058	0.749346	-0.346514	0.660088	-0.937462	0.76871	-0.938156	0.492609	-0.548264	-0.094691	-0.493681	0.336637	0.537789	-0.00106	0.810329	0.541944	-0.313548	0.419878	0.189649	-0.121602	0.62295	0.073125	-0.839034	0.858313	-0.929983	0.214377	0.160393	-0.523937	0.967254	-0.204866	0.671928	0.444019	-0.353494	0.817414	0.352397	0.977581	-0.232709	-0.772754	-0.108531	0.631191	0.263314	
0.923681	-0.874105	-0.39989	0.878041	0.848017	0.817493	-0.962198	0.81437	0.868421	-0.154252	-0.379543	-0.532967	0.395705	0.717838	0.538863	-0.71198	-0.597428	-0.941564	-0.013653	0.306442	-0.050584	0.797252	-0.638907	-0.127229	0.798509	-0.292513	-0.198987	-0.372333	-0.473608	-0.323469	0.373751	-0.259522	0.842582	0.856436	0.195129	0.376231	0.561395	-0.752331	-0.174381	0.145554	0.966868	0.253265	0.388939	0.826437	0.375068	-0.125769	-0.205551	0.546662	-0.909173	-0.426126	
0.405537	-0.403138	-0.951222	0.727869	0.607399	0.944693	-0.453451	0.858827	-0.633731	0.237461	0.131797	-0.190531	0.388459	0.305637	0.088423	-0.344396	0.665494	-0.749938	-0.985823	0.204598	-0.814659	-0.48437	0.515654	0.788446	0.357008	0.060661	0.785415	0.13761	0.400721	-0.941205	-0.009107	-0.263156	-0.651447	0.093765	-0.443436	0.295421	-0.573238	0.431942	-0.43039	0.332475	0.955429	0.486875	-0.456754	0.738451	-0.363414	-0.698492	-0.631887	-0.501081	-0.229492	0.674441	
-0.664783	0.569556	-0.822957	-0.332625	0.364022	-0.119062	0.650612	-0.81672	-0.164848	-0.035895	-0.630062	-0.622386	-0.840837	-0.910902	-0.428449	0.222118	0.808804	-0.430637	0.808518	0.756562	0.527459	0.817133	0.475401	-0.974011	-0.281659	0.669486	0.250893	-0.298194	-0.163692	0.410682	-0.243461	-0.51259	-0.075379	-0.146981	0.4985	0.514809	-0.305329	0.654425	-0.923682	0.552304	0.38737	-0.336145	0.219513	-0.208836	-0.149769	0.071609	0.250727	0.461849	0.296592	0.07544	
0.500431	-0.942806	0.024547	-0.953183	0.121412	0.155079	0.98488	0.749619	-0.739614	0.813407	0.16363	-0.403622	0.210109	-0.103291	-0.396776	-0.341638	0.838656	-0.433349	0.655961	-0.757042	-0.021501	-0.165611	-0.695728	-0.009225	-0.217272	-0.347929	-0.622946	-0.209313	0.632362	0.095347	-0.326064	-0.907318	-0.087141	0.929383	-0.559022	0.257895	0.820315	-0.896282	0.751051	0.837109	-0.804146	-0.576273	-0.09002	0.589596	0.152761	-0.337462	-0.484846	-0.396878	0.447305	-0.93276	
-0.997481	-0.633326	-0.99783	-0.076253	-0.903691	0.214882	-0.316389	0.527814	0.610023	-0.22993	-0.369375	0.761156	-0.136451	-0.002552	0.005056	0.299065	0.450232	-0.497811	-0.628181	-0.402727	-0.088638	-0.581949	-0.542618	0.667266	-0.059031	0.220293	-0.824243	0.300276	-0.497893	-0.571104	0.209355	-0.267283	-0.057669	-0.389631	0.583316	-0.813291	0.866059	-0.733163	0.960535	-0.713435	-0.138226	0.140928	0.365426	0.232349	0.070168	-0.785344	-0.744498	0.450388	-0.384402	0.597429	
-0.173882	0.740249	-0.323094	0.891473	-0.806971	-0.633306	0.699465	0.548222	0.57363	0.62929	-0.756586	0.871946	-0.25033	0.987894	-0.184889	-0.526637	-0.238775	0.81416	-0.093581	-0.217051	0.632056	-0.849617	0.234294	-0.780895	-0.018513	0.141506	0.698245	0.735073	-0.285672	0.524696	0.774473	-0.820898	-0.505924	0.134147	0.832387	0.274978	-0.07356	0.307111	0.360986	0.192063	-0.775075	-0.327085	-0.320786	-0.912428	-0.805228	-0.091474	-0.479223	-0.902572	0.502358	0.592909	
-0.059066	-0.526162	0.325625	-0.026944	0.006231	-0.05348	0.655389	0.945563	-0.72398	-0.621837	0.764446	0.538744	0.742002	0.313556	0.440205	-0.763107	0.344941	-0.40924	0.478571	0.848101	-0.561107	0.010233	-0.280915	0.849924	0.809011	-0.501132	-0.361518	0.796684	-0.784238	0.451776	0.024998	-0.431499	0.484354	-0.473213	-0.374342	-0.314486	-0.733904	-0.753795	0.516119	0.898709	-0.198078	-0.611042	-0.361772	0.044106	0.611047	-0.409265	-0.170991	-0.532352	0.188699	-0.278522	
-0.984533	-0.47352	-0.040413	-0.101104	-0.830101	-0.140451	-0.770762	-0.279232	-0.650162	-0.964048	-0.164363	-0.095604	0.194205	-0.339331	0.423386	-0.358271	-0.503345	-0.057829	0.420933	-0.766536	-0.141185	0.761126	-0.572063	-0.805072	0.282966	-0.143421	0.109293	-0.365935	-0.856612	-0.492988	0.347352	0.40583	0.714629	-0.011481	-0.850377	0.237823	0.187816	-0.166003	0.731515	0.558869	0.07817	0.721433	-0.253246	-0.534832	0.193215	-0.745692	0.741734	0.296447	0.021185	0.919035	
-0.428648	0.778051	-0.553431	0.899501	-0.847311	0.460775	-0.872219	-0.291812	0.092735	-0.131917	-0.010771	-0.991676	0.435531	0.207057	0.98483	-0.117341	-0.695178	-0.716334	-0.093751	-0.855064	-0.332389	-0.448114	-0.265631	-0.147926	-0.200748	-0.719605	-0.270095	-0.370558	0.667134	0.586056	0.101881	0.896775	-0.682706	-0.665319	-0.907051	-0.355377	0.046464	0.492395	0.660874	0.295513	-0.755059	0.217121	0.03843	-0.331116	-0.565563	-0.933868	-0.717745	-0.527107	-0.264388	0.937148	
-0.280325	-0.566029	-0.721789	-0.712491	0.518663	0.522759	0.105087	0.058099	0.791637	-0.230738	-0.063997	-0.352462	-0.60015	0.890524	-0.18773	0.520267	-0.271124	-0.555927	0.507317	-0.011598	-0.469701	-0.280044	0.72299	-0.453143	-0.633582	0.640411	0.786004	-0.10044	-0.535767	-0.392943	-0.573071	0.707625	-0.482392	-0.118515	-0.99237	0.837099	-0.27743	-0.026292	-0.43126	0.190196	-0.153706	-0.995223	-0.586256	-0.541688	0.347145	-0.324868	0.904289	-0.607482	-0.623761	0.887323	
-0.155075	0.883063	0.944912	0.561714	-0.457691	-0.270534	0.427859	-0.154016	0.000286	-0.818515	-0.340521	0.738692	-0.862799	0.2647	0.409439	0.440581	-0.565788	0.918288	-0.268562	0.644629	0.633797	0.745735	-0.434007	0.568526	0.287036	-0.768578	0.441154	-0.625345	0.637099	0.456783	0.477308	-0.743817	-0.855918	-0.797759	-0.668451	0.305067	-0.410183	0.243219	-0.688461	-0.08245	-0.114417	-0.6127	0.401361	-0.645399	-0.871428	-0.983392	0.873234	-0.77655	-0.748019	0.183143	
-0.932034	0.889385	0.897064	0.497336	-0.048684	-0.072999	0.100253	0.882891	0.927606	-0.68884	0.446737	0.442922	-0.343527	0.774056	-0.603228	-0.460795	-0.798327	0.817788	-0.057909	0.683054	0.672393	-0.235332	-0.51751	-0.019881	-0.346002	0.472386	-0.80052	-0.113527	-0.499259	0.798104	0.320819	0.327162	0.238199	0.280431	0.606731	-0.881823	0.379516	0.666589	0.018921	0.609551	0.418104	-0.081911	-0.19587	0.28503	0.826942	0.063641	-0.704733	-0.691636	-0.651489	-0.77983	
-0.840546	-0.095266	0.934332	-0.919086	0.772698	0.676808	-0.722424	-0.662358	0.013252	0.492489	0.872583	-0.975818	0.111271	0.333648	0.948575	-0.573014	-0.242554	-0.12728	-0.082391	0.172976	0.408273	-0.401732	-0.451638	0.037794	-0.038971	-0.141232	-0.195499	0.720516	-0.863772	-0.64842	-0.912975	0.224029	0.021413	0.219017	-0.227201	0.204572	-0.174911	-0.666336	0.888966	0.681081	0.771055	0.73304	0.386794	0.062943	0.065837	0.594292	-0.026911	0.08385	0.577055	0.712298	
-0.682126	-0.693321	-0.326788	-0.639769	0.492549	0.446763	-0.143966	-0.451488	-0.176469	-0.073854	-0.17316	-0.632257	0.345524	0.699894	0.393692	0.450721	-0.570251	0.348979	-0.552991	0.884328	-0.529224	-0.731461	-0.370995	0.561508	-0.084034	-0.478009	-0.084071	-0.739806	0.199408	-0.170639	0.984844	-0.727711	-0.750299	0.406395	0.001736	0.536242	-0.113841	-0.561581	-0.737872	0.929919	-0.695852	-0.205284	-0.889308	-0.623502	0.158367	0.785168	0.990889	-0.067649	0.004556	0.819921	
-0.726717	0.282563	-0.894319	0.261214	-0.126092	0.949006	0.449758	0.286323	-0.908034	0.856806	0.901474	-0.888538	-0.22833	-0.458265	-0.830586	0.052637	-0.892814	-0.625034	-0.143673	-0.646919	0.259215	-0.400852	-0.284273	-0.859252	0.349903	-0.84467	-0.70249	-0.108907	0.437722	-0.134916	-0.894657	0.968756	-0.225857	-0.674409	-0.804701	-0.33469	0.838964	-0.478045	0.491612	0.679573	0.95076	0.053664	0.067138	0.983482	-0.27134	0.435367	-0.406403	0.957809	-0.544215	-0.304558	
0.126742	0.019029	0.569379	-0.503471	-0.452576	0.75561	0.246316	0.956238	0.341626	0.866564	0.575453	-0.903357	0.099191	0.634617	-0.38377	0.316983	-0.32204	0.263068	0.427334	-0.501271	0.044154	-0.769699	0.472474	0.920774	0.649746	0.228327	0.474074	0.730001	0.221052	-0.923954	0.588161	-0.436608	0.610373	-0.895001	0.021835	-0.682349	-0.067901	0.357503	-0.869971	-0.015526	-0.258744	0.771855	-0.85126	0.735828	-0.133217	-0.00184	-0.798352	0.903516	0.86404	0.4221	
0.423582	0.613331	0.82978	0.692589	-0.85548	0.664272	-0.599892	0.973661	-0.679193	-0.937709	0.00625	-0.309694	0.153636	-0.498316	-0.412564	0.732757	0.12779	0.537576	-0.892771	-0.52474	0.583106	-0.931418	-0.579269	-0.995661	0.044359	-0.413275	0.472289	0.859924	-0.607351	-0.364565	-0.107095	0.631226	0.190553	-0.310919	-0.34324	0.417036	-0.046023	0.126266	0.411284	-0.03374	0.971675	-0.340714	-0.117997	-0.530325	-0.951603	0.274566	-0.588554	-0.700598	0.905711	-0.607471	
0.026315	0.035855	0.0188	0.023256	0.039822	0.025166	0.008361	0.00457	0.032783	0.001159	0.022981	0.032515	0.002094	0.03419	0.022043	0.030716	0.007085	0.026517	0.015818	0.006085	0.007515	0.016705	0.035074	0.007544	0.039198	0.016142	0.012025	0.039947	0.020973	0.022227	0.01684	0.000182	0.000814	0.041996	0.038334	0.005837	0.007792	0.01163	0.040697	0.009913	0.010449	0.025023	0.000305	0.024186	0.034177	0.013051	0.019686	0.026529	0.033643	0.005435	
0.032011	0.021531	0.030733	0.000616	0.005081	0.027533	0.022795	0.034351	0.005017	0.031321	0.024272	0.024896	0.023627	0.008064	0.002121	0.021163	0.010718	0.007426	0.03399	0.033416	0.013234	0.012383	0.028749	0.005592	0.029965	0.011118	0.02497	0.025712	0.014936	0.022408	0.024055	0.019785	0.020936	0.026767	0.030185	0.01511	0.026117	0.008484	0.025334	0.012881	0.004449	0.014031	0.03391	0.024328	0.034026	0.008875	0.008259	0.026396	0.011665	0.034658	
0.027847	0.027742	0.017042	0.000109	0.007751	0.023986	0.023946	0.034575	0.029059	0.005642	0.017981	0.033379	0.016962	0.037888	0.018559	0.002459	0.029058	0.013194	0.006888	0.037687	0.010481	0.035332	0.008925	0.020383	0.019998	0.022379	0.031216	0.029168	0.006327	0.009574	0.024779	0.036826	0.012925	0.015784	0.023488	0.017817	0.027932	0.012394	0.007569	0.027125	0.002523	0.020961	0.032319	0.012463	0.038192	0.003865	0.005559	0.023919	0.022891	0.025132	
0.022908	0.032001	0.011164	0.025587	0.002798	0.015752	0.012038	0.013036	0.012839	0.019755	0.019241	0.023842	0.009488	0.013364	0.011832	0.015369	0.000243	0.024841	0.009967	0.020202	0.031875	0.028274	0.019312	0.009262	0.036919	0.021802	0.037246	0.024181	0.03241	0.036124	0.017403	0.021567	0.030129	0.018566	0.004786	0.028162	0.006552	0.020304	0.010505	0.032545	0.02613	0.020929	0.020307	0.014049	0.031182	0.000337	0.023744	0.032146	0.03594	0.011045	
0.0184	0.013223	0.008188	0.025478	0.015523	0.009856	0.031237	0.042584	0.024756	0.011387	0.041259	0.00792	0.030824	0.013034	0.000442	0.005661	0.002045	0.030336	0.032128	0.0305	0.002709	0.033462	0.026404	0.002967	0.007253	0.003346	0.026802	0.012718	0.006005	0.001948	0.044882	0.034386	0.007522	0.036265	0.038874	0.015852	0.011019	0.02049	0.027472	0.00072	0.035493	0.007111	0.040795	0.022037	0.031152	0.019532	0.028082	0.023577	0.028359	0.007985	
0.026079	0.039083	0.018361	0.03809	0.008227	0.035219	0.016683	0.019549	0.024524	0.027407	0.025708	0.027493	0.001866	0.026405	0.011939	0.001581	0.017198	0.030896	0.000846	0.019572	0.017887	0.033738	0.001213	0.01671	0.009273	0.039436	0.016766	0.019158	0.025864	0.030184	0.004709	0.034528	0.01377	0.034153	0.00129	0.015653	0.013696	0.006693	0.004632	0.032819	0.034929	0.006336	0.005328	0.00819	0.03921	0.024444	0.021324	0.026638	0.015098	0.029605	
0.008505	0.025942	0.033027	0.022987	0.012171	0.017659	0.021982	0.005587	0.014645	0.034525	0.010345	0.032833	0.022698	0.000472	0.007969	0.018167	0.006563	0.031968	0.02073	0.022274	0.006091	0.025952	0.023129	0.016499	0.029177	0.020689	0.006787	0.024342	0.01549	0.033025	0.022352	0.025385	0.023908	0.026526	0.000683	0.034216	0.017495	0.012086	0.029555	0.014683	0.018189	0.025584	0.01342	0.024948	0.024227	0.01637	0.034621	0.02863	0.012601	0.022291	
0.00267	0.008112	0.019102	0.003906	0.030662	0.026334	0.034293	0.027271	0.019858	0.003523	0.040778	0.020499	0.00959	0.039306	0.008005	0.012706	0.00361	0.031849	0.038048	0.010516	0.005437	0.029821	0.027032	0.012748	0.029302	0.02329	0.024397	0.036692	0.033589	0.035059	0.000817	0.002633	0.003404	0.02628	0.003078	0.031941	0.03531	0.023226	0.036115	0.026421	0.012035	0.026531	0.003244	0.038578	0.028986	0.000252	0.00357	0.021261	0.003357	0.024956	
0.003336	0.019062	0.011214	0.042969	0.038716	0.002087	0.011518	5.6e-05	0.011149	0.000385	0.000654	0.024206	0.029059	0.044891	0.015293	0.036864	0.0455	0.008367	0.006637	0.021685	0.004355	0.012242	0.030133	0.035906	0.012849	0.007282	0.010033	0.04151	0.036196	0.018664	0.007986	0.014455	0.038083	0.034215	0.041086	0.013207	0.03481	0.035875	0.002439	0.028795	0.008636	0.012276	0.028031	0.027288	0.017306	0.001605	0.031294	0.017549	0.016544	0.005702	
0.02262	0.028957	0.001811	0.009173	0.015838	0.004056	0.015312	0.032036	0.003574	0.039353	0.006419	0.037013	0.006073	0.01321	0.004076	0.036703	0.016178	0.002946	0.00674	0.003841	0.005037	0.038516	0.024028	0.025113	0.012996	0.040167	0.040136	0.03585	0.035038	0.001174	0.012164	0.01234	0.015692	0.037798	0.005275	0.034239	0.035841	0.017547	0.001831	0.002058	0.03227	0.034074	0.024965	0.034934	0.004909	0.037787	0.021705	0.029725	0.038408	0.002454	
0.02073	0.038025	0.020417	0.031348	0.008918	0.03123	0.028956	0.001806	0.001459	0.033056	0.020254	0.016382	0.022387	0.007825	0.03052	0.040864	0.038126	0.001451	0.024107	0.013822	0.027383	0.005607	0.035804	0.040985	0.008038	0.002098	0.038234	0.017362	0.004775	0.000857	0.017508	0.00463	0.021638	0.000892	0.037233	0.019767	0.020906	0.009619	0.025189	0.009491	0.002665	0.034792	0.035134	0.007347	0.02768	0.031869	0.003373	0.020627	0.022798	0.034016	
0.017429	0.024046	0.039779	0.03409	0.008404	0.001693	0.032657	0.009104	0.0094	0.014865	0.004585	0.038265	0.03557	0.021444	0.004971	0.00699	0.029556	0.005445	0.019817	0.019954	0.002441	0.015557	0.020655	0.034507	0.03074	0.008003	0.029478	0.028994	0.025155	0.01643	0.032346	0.029014	0.036369	0.009043	0.022339	0.01644	0.032544	0.001371	0.028633	0.001886	0.011166	0.03637	0.010733	0.022817	0.005282	0.035362	0.005415	0.001204	0.03648	0.035162	
0.001101	0.022961	0.020053	0.021707	0.01522	0.019062	0.028138	0.024312	0.011967	0.018889	0.007028	0.019546	0.006332	0.009713	0.040375	0.0157	0.02075	0.002396	0.02196	0.034296	0.000557	0.040039	0.034523	0.009808	0.012942	0.02813	0.013041	0.001207	0.030747	0.032215	0.020783	0.022716	0.024956	0.026288	0.033468	0.016867	0.023756	0.0028	0.020276	0.018365	0.028498	0.028646	0.03081	0.016354	0.035493	0.018812	0.024431	0.020752	0.017653	0.003561	
0.022623	0.027396	0.015872	0.009178	0.006338	0.016282	0.029431	0.033196	0.02738	0.011544	0.016155	0.016355	0.015836	0.002529	0.023566	0.006156	0.026653	0.035578	0.02435	0.018492	0.024434	0.032343	0.018486	0.007053	0.035013	0.032695	0.034088	0.019853	0.016659	0.01348	0.032338	0.01254	0.009204	0.029019	0.03306	0.002812	0.012827	0.007946	0.021427	0.024761	0.002383	0.02564	0.032609	0.015475	0.008024	0.004871	0.031831	0.00994	0.031903	0.032376	
0.035437	0.014736	0.031178	0.007669	0.031811	0.031813	0.020967	0.021957	0.016536	0.026297	0.026973	0.02525	0.031981	0.004988	0.006135	0.033299	0.024549	0.020383	0.001898	0.015231	0.012079	0.03389	0.016089	0.027828	0.00038	0.011345	0.025362	0.003723	0.006835	0.015482	0.02431	0.018211	0.015607	0.008796	0.005613	0.012145	0.022526	0.030534	0.025783	0.023951	0.024746	0.019159	0.025539	0.034615	0.012954	0.024259	0.02915	0.035398	0.000377	0.024226	
0.009299	0.034696	0.032257	0.026882	0.034958	0.034015	0.02313	0.001674	0.023125	0.002288	0.014501	0.012127	0.027723	0.025257	0.021731	0.024798	0.013047	0.027318	0.021789	0.013063	0.01286	0.029179	0.014479	0.033804	0.022848	0.016457	0.023376	0.023678	0.024859	0.022474	0.018313	0.024405	0.032762	0.011208	0.005091	0.0194	0.014838	0.0243	0.033821	0.019213	0.019435	0.005944	0.014296	0.008592	0.030568	0.032803	0.020009	0.005406	0.006631	0.005273	
0.036439	0.022276	0.021573	0.023704	0.033624	0.017008	0.00197	0.018728	0.0379	0.02399	0.01402	0.007198	0.007809	0.008028	0.016585	0.019891	0.006745	0.001647	0.026841	0.000957	0.031907	0.012055	0.001309	0.038949	0.01775	0.028149	0.004031	0.00401	0.000175	0.02584	0.025833	0.005451	0.006139	0.024858	0.037407	0.001256	0.012944	0.034607	0.03603	0.027707	0.036416	0.032739	0.008033	0.038057	0.013574	0.036882	0.035285	0.030145	0.017768	0.027761	
0.024168	0.037755	0.031442	0.031845	0.003427	0.034232	0.004787	0.035857	0.018593	0.035112	0.035003	0.031809	0.021941	0.029851	0.021965	0.017944	0.036341	0.007844	0.019765	0.00904	0.022985	0.024242	0.000426	0.020146	0.018256	0.019052	0.029796	0.011915	0.018408	0.026579	0.036907	0.030468	0.006983	0.021417	0.022783	0.009024	0.006371	0.013259	0.004351	0.034375	0.004147	2.4e-05	0.015261	0.011873	0.024442	0.011182	0.014668	0.006648	0.013503	0.031788	
0.020963	0.021182	0.005058	0.019616	0.01306	0.025546	0.003914	0.000376	0.036158	0.031629	0.030005	0.010378	0.030969	0.027426	0.023313	0.018599	0.018431	0.030126	0.029578	0.037412	0.031825	0.010198	0.020287	0.015689	0.002269	0.002879	0.027101	0.036606	0.002873	0.019752	0.002188	0.028481	0.018383	0.017668	0.026486	0.026761	0.033789	0.011814	0.026616	0.031331	0.008918	0.004805	0.033232	0.006035	0.034286	0.011822	0.023126	0.033558	0.001036	0.016447	
0.039124	0.017486	0.035185	0.02117	0.024129	0.011108	0.039168	0.001446	0.004946	0.007961	0.014312	0.010945	0.020786	0.006265	0.008305	0.021941	0.01633	0.03185	0.035222	0.036025	0.029991	0.026489	0.003695	0.015195	0.034219	0.001234	0.018488	0.011598	0.024632	0.021197	0.005593	0.022359	0.026065	0.029877	0.032304	0.01403	0.026315	0.013095	0.021036	0.020668	0.027691	0.00185	0.027068	0.028666	0.017895	0.002658	0.037084	0.02419	0.025275	0.005839	
0.027904	0.023493	0.025633	0.024862	0.010195	0.010528	0.014957	0.023507	0.02651	0.003957	0.013539	0.018643	0.042143	0.010927	0.006628	0.026015	0.014977	0.03521	0.024702	0.005006	0.019902	0.007054	0.017137	0.006925	0.038766	0.011204	0.026567	0.042054	0.023265	0.012262	0.022406	0.008574	0.016148	0.021845	0.018383	0.004342	0.015457	0.038954	0.026506	0.024333	0.018999	0.014944	0.005106	0.007779	0.034564	0.018699	0.039617	0.008635	0.023509	0.036728	
0.017206	0.014583	0.008551	0.016388	0.032025	0.036606	0.003158	0.021371	0.018176	0.029413	0.03498	0.019917	0.005483	0.008476	0.006944	0.017279	0.008713	0.009341	0.023093	0.000542	0.024284	0.029357	0.034092	0.025235	0.027732	0.006621	0.014581	0.029434	0.001839	0.051686	0.015744	0.032487	0.014306	0.028416	0.035045	0.002071	0.000554	0.012667	0.050307	0.040486	0.031552	0.023853	0.042627	0.028597	0.009818	0.006057	0.004175	0.011645	0.020399	0.012088	
0.03636	0.026307	0.02235	0.036059	0.026697	0.008105	0.010269	0.031765	0.006204	0.001077	0.006349	0.015384	0.002972	0.038513	0.018232	0.03872	0.017827	0.029417	0.01601	0.004181	0.004659	0.013862	0.032926	0.023102	0.038014	0.022798	0.019013	0.035915	0.014342	0.029862	0.019379	0.03817	0.022442	0.00411	0.001842	0.027422	0.037262	0.03047	0.031705	0.029262	0.016638	0.037715	0.008714	0.004923	9e-06	0.013658	0.005456	0.009178	0.017009	0.017345	
0.013245	0.012055	0.014081	0.026215	0.019732	0.010326	0.008599	0.002446	0.034933	0.00514	0.031261	0.028739	0.036228	0.031613	0.01487	0.02946	0.003769	0.01539	0.009862	0.032242	0.037609	0.001988	0.033222	0.005783	0.015326	0.018739	0.023557	0.037594	0.039862	0.029956	0.007166	0.027713	0.000234	0.013977	0.020818	0.002826	0.0329	0.026579	0.010573	0.01548	0.034039	0.011709	0.025716	0.013618	0.015281	0.001551	0.038391	0.022119	0.017007	0.038461	
0.040259	0.011323	0.006017	0.002988	0.012965	0.023791	0.029559	0.03097	0.02962	0.022145	0.016672	0.001636	0.009988	0.044331	0.02815	0.002808	0.01334	0.011378	0.000147	0.042085	0.01548	0.025879	0.009243	0.012266	0.006811	0.005512	0.005786	0.020571	0.000473	0.029903	0.011972	0.039846	0.028279	0.008198	0.023843	0.025531	0.038583	0.023936	0.017515	0.026329	0.012868	0.035045	0.021066	0.028646	0.03697	0.01358	0.037135	0.020672	0.029947	0.007943	
0.017787	0.037598	0.010705	0.036973	0.020989	0.005382	0.020677	0.024363	0.02949	0.039715	0.007994	0.033107	0.012928	0.039518	0.024623	0.009093	0.018293	0.014539	0.031011	0.038054	0.035061	0.005252	0.032936	0.014723	0.024772	0.027846	0.029752	0.039144	0.013332	0.000785	0.011923	0.016321	0.001945	0.009698	0.007466	0.025045	0.002723	0.019613	0.031444	0.003733	0.005703	9.1e-05	0.018699	0.013584	0.001957	0.029454	0.039339	0.031727	0.031774	0.001319	
0.036811	0.024742	0.021402	0.03781	0.034864	0.038205	0.00179	0.038458	0.005882	0.016904	0.020331	0.024022	0.005597	0.006848	0.004853	0.010208	0.015423	0.027399	0.025618	0.030704	0.014035	0.019711	0.035638	0.022765	0.011487	0.020588	0.012115	0.029801	0.038567	0.005281	0.003791	0.006577	0.030006	0.008771	0.004484	0.009345	0.022575	0.03393	0.031445	0.037886	0.000461	0.022878	0.000855	0.008081	0.030991	0.030454	0.021603	0.023369	0.012271	0.022368	
0.02052	0.038668	0.019446	0.009824	0.01229	0.029175	4.4e-05	0.021238	0.025856	0.021915	0.037291	0.038609	0.022445	0.013666	0.007689	0.008902	0.008314	0.000851	0.027778	0.030267	0.019708	0.020683	0.038426	0.005974	0.016226	0.039959	0.012377	0.013142	0.011808	0.0263	0.020107	0.03591	0.004007	0.024201	0.002842	0.0174	0.01786	0.008498	0.03703	0.028244	0.01415	0.01291	0.030773	0.017224	0.033021	0.020723	0.029321	0.002529	0.024107	0.019752	
0.037929	0.011339	0.020769	0.008009	0.026911	0.001141	0.029168	0.020798	0.021407	0.033794	0.012651	0.029581	0.034979	0.005986	0.005379	0.004631	0.019557	0.030331	0.033287	0.014481	0.025266	0.036181	0.030079	0.012275	0.022091	0.034719	0.020027	0.026378	0.026493	0.004505	0.002666	0.001887	0.013287	0.019405	0.038207	0.028646	0.004364	0.021669	0.004705	0.006713	0.005988	0.019931	0.014486	0.022022	0.016529	0.01719	0.021693	0.034988	0.027638	0.037844	
0.004641	0.022676	0.001347	0.024911	0.031478	0.026772	0.032474	0.010643	0.033059	0.002661	0.019334	0.037797	0.034778	0.036936	0.022689	0.004113	0.003683	0.008826	0.039767	0.038063	0.014769	0.011839	0.027694	0.024686	0.029679	0.018007	0.007066	0.031887	0.002703	0.038584	0.021822	0.036463	0.038337	0.009366	0.029632	0.011837	0.030733	0.006236	0.018675	0.034138	0.015945	0.010405	0.040039	0.008899	0.004727	0.001697	0.009636	0.013236	0.001008	0.013607	
0.039308	0.027898	0.005973	0.024445	0.031236	0.019022	0.038502	0.001096	0.022033	0.012037	0.017752	0.034206	0.015337	0.034637	0.012829	0.028025	0.024282	0.020737	0.035354	0.021106	0.018183	0.014202	0.030125	0.028368	0.031021	0.013319	8e-05	0.009304	0.011862	0.033239	0.001009	0.013227	0.005028	0.038824	0.039536	0.008552	0.038502	0.035497	0.006133	0.006877	0.00768	0.03506	0.015245	0.015479	0.008051	0.002262	0.038371	0.024931	0.003237	0.000981	
0.012502	0.017136	0.0417	0.012303	0.039331	0.047345	0.024915	0.004932	0.001427	0.015762	0.036732	0.008776	0.035882	0.026205	0.009842	0.003421	0.024293	0.017202	0.037644	0.022307	0.016719	0.001606	0.002908	0.015479	0.005091	0.014058	0.006966	0.019001	0.03411	0.020466	0.046507	0.043228	0.024618	0.021173	0.003311	0.006157	0.006643	0.000417	0.036245	0.000504	0.012676	0.015734	0.002456	0.044658	0.038075	0.031192	0.03859	0.030236	0.013623	0.007896	
0.04472	0.002835	0.036484	0.030887	0.014247	0.001702	0.038588	0.021924	0.025654	0.005048	0.003332	0.016061	0.017918	0.020551	0.00976	0.016621	0.006258	0.035929	0.025323	0.002463	0.036927	0.029353	0.042539	0.04456	0.03605	0.023472	0.004234	0.007754	0.024124	0.015887	0.011514	0.004235	0.004667	0.030132	0.009898	0.001511	0.039282	0.004449	0.005197	0.028493	0.011547	0.012605	0.041897	0.025361	0.016658	0.012187	0.008969	0.00967	0.042208	0.038315	
0.023556	0.01062	0.036551	0.021405	0.02509	0.032883	0.01103	0.018436	0.009809	0.011081	0.032816	0.006541	0.001802	0.028321	0.000548	0.031791	0.008827	0.011874	0.026635	0.034202	0.034361	0.035884	0.016811	0.033609	0.032203	0.026998	0.00371	0.011249	0.023172	0.0232	0.010533	0.033613	0.030579	0.029586	0.027847	0.002021	0.015249	0.003587	0.024117	0.018407	0.021119	0.022341	0.027774	0.020392	0.000508	0.008157	0.008347	0.029192	0.026841	0.014775	
0.021091	0.019824	0.013694	0.004415	0.01484	0.010504	0.013001	0.00698	0.00757	0.041332	0.031635	0.030414	0.001732	0.035028	0.00282	0.016068	0.011347	0.042719	0.020853	0.005784	0.014395	0.011377	0.034868	0.011321	0.01856	0.006356	0.035352	0.039529	0.017181	7.5e-05	0.033152	0.041386	0.009529	0.026708	0.008526	0.019462	0.003993	0.001317	0.032388	0.016292	0.038768	0.018742	0.016785	0.030123	0.02753	0.038905	0.042607	0.002121	0.017735	0.033266	
0.033368	0.013102	0.016116	0.034637	0.011315	0.010099	0.036582	0.01915	0.021774	0.002312	0.02047	0.002012	0.028724	0.007142	0.03551	0.000949	0.006685	0.035026	0.035586	0.036825	0.019056	0.035743	0.026876	0.021112	0.005719	0.004702	0.033369	0.010067	0.003897	0.021559	0.005414	0.014538	0.018517	0.021597	0.017224	0.03689	0.021571	0.022083	0.018158	0.012045	0.031778	0.011603	0.005061	0.034335	0.007523	0.029929	0.03698	0.025275	0.028358	0.011637	
0.039672	0.019012	0.0041	0.029895	0.008785	0.033351	0.003452	0.018836	0.033339	0.027536	0.008484	0.034948	0.031661	0.015009	0.000155	0.032334	0.004775	0.003479	0.011312	0.008959	0.017153	0.026856	0.019475	0.003471	0.035643	0.035678	0.029098	0.00416	0.039306	0.00824	0.025363	0.033563	0.020536	0.02133	0.023014	0.001775	0.006308	0.020418	0.004687	0.002034	0.030398	0.04091	0.032968	0.022257	0.010506	0.013372	0.027275	0.041233	0.02277	0.011109	
0.035093	0.037849	0.00754	0.000654	0.026608	0.035321	0.004354	0.007127	0.040936	0.007682	0.025631	0.017327	0.042081	0.003341	0.043884	0.003936	0.00825	0.012511	0.001866	0.003312	0.008383	0.005202	0.020987	0.036083	0.01644	0.042161	0.013501	0.006122	0.025443	0.009922	0.004786	0.040371	0.040549	0.048306	0.002828	0.003027	0.003931	0.002545	0.046239	0.04931	0.011814	0.011995	0.019479	0.044088	0.028031	0.002791	0.009679	0.018259	0.024196	0.038229	
0.004025	0.009406	0.025636	0.001892	0.013718	0.008509	0.00174	0.018278	0.021624	0.015062	0.003656	0.005585	0.027453	0.039063	0.021081	0.021976	0.012821	0.036823	0.009557	0.001487	0.031525	0.04224	0.031956	0.019017	0.031969	0.013838	0.026538	0.042621	0.044202	0.034958	0.016547	0.039662	0.008339	0.001013	0.034708	0.00855	0.004927	0.007106	0.001557	0.039603	0.028643	0.031592	0.001705	0.012046	0.033109	0.032268	0.014376	0.02783	0.016398	0.021765	
0.031767	0.013993	0.018277	0.00419	0.000128	0.010769	0.033562	0.033143	0.015041	0.006862	0.018801	0.028754	0.004909	0.025242	0.023718	0.009848	0.033172	0.023908	0.009492	0.00965	0.029407	0.020693	0.027131	0.023169	0.006259	0.014	0.031015	0.014416	0.026518	0.012914	0.030346	0.020801	0.033108	0.006954	0.014984	0.022314	0.02167	0.023627	0.024686	0.007732	0.007156	0.003131	0.031843	0.015132	0.033537	0.033689	0.025724	0.023938	0.028797	0.030083	
0.03461	0.035003	0.021633	0.007459	0.018974	0.020128	0.001955	0.033064	0.014754	0.00352	0.020655	0.003585	0.001503	0.019517	0.014873	0.01889	0.034644	0.036591	0.028073	0.03314	0.03725	0.025151	0.032638	0.002343	0.00443	0.034009	0.03029	0.022956	0.033894	0.000916	0.002321	0.01327	0.010755	0.024404	0.022732	0.024409	0.025294	0.002084	0.026476	0.020552	0.008311	0.026462	0.010245	0.016836	0.029354	0.027377	0.02002	0.001823	0.025076	0.035751	
0.007693	0.033832	0.004426	0.018373	0.028334	0.037253	0.036994	0.029858	0.039124	0.006892	0.002929	0.010876	0.00183	0.010042	0.031935	0.038062	0.01903	0.026179	0.035146	0.012986	0.028965	0.00561	0.037204	0.038416	0.005436	0.031722	0.027126	0.018656	0.021149	0.023187	0.007	0.0211	0.006089	0.026519	0.020109	0.009802	0.014964	0.016476	0.036684	0.029097	0.015431	0.022189	0.006491	0.003345	0.030919	0.003333	0.009256	0.014848	0.027117	0.009966	
0.019128	0.021414	0.024969	0.027071	0.020883	0.02549	0.03134	0.005503	0.034469	0.004006	0.036417	0.034271	0.007857	0.031693	0.034984	0.02973	0.03411	0.013307	0.033402	0.011029	0.022036	0.010792	0.006834	0.005628	0.012632	0.035098	0.03209	0.014833	0.024737	0.007659	0.005297	0.03427	0.035932	0.033974	0.019165	0.009203	0.022328	0.001447	0.008067	0.023713	0.017486	0.008146	0.010749	0.017666	0.000961	0.014928	0.024785	0.025287	0.00859	0.024594	
0.011879	0.036732	0.024773	0.004604	0.006698	0.041431	0.005379	0.025029	0.039209	0.026333	0.021583	0.038041	0.019334	0.007007	0.034858	0.00495	0.021528	0.010595	0.00361	0.021125	0.037453	0.014693	0.008369	0.034527	0.033764	0.039047	0.012893	0.005787	0.028765	0.043235	0.005334	0.005163	0.012994	0.020716	0.009309	0.000918	0.038815	0.013317	0.001578	0.01845	0.027809	0.015443	0.00188	0.036705	0.033704	0.032205	0.011349	0.040867	0.000904	0.009309	
0.017972	0.03388	0.00942	0.014511	0.022472	0.005087	0.006092	0.021515	0.008976	0.021863	0.015061	0.037353	0.022498	0.011653	0.032696	0.01943	0.019041	0.035985	0.020754	0.014932	0.019255	0.032182	0.020892	0.016816	0.022764	0.002908	0.026391	0.023088	0.015178	0.018362	0.002564	0.011636	0.02334	0.035512	0.03422	0.006531	0.032131	0.011315	0.011077	0.01911	0.023009	0.019831	0.018281	0.011093	0.036953	0.002396	0.025129	0.020372	0.035588	0.030885	
0.004329	0.027581	0.015619	0.011936	0.009235	0.020961	0.031078	0.019204	0.015719	0.029415	0.029067	0.025534	0.00613	0.022506	0.020361	0.034891	0.029367	0.036398	0.036136	0.029075	0.011156	0.032704	0.002004	0.005324	0.025105	0.026583	0.012469	0.025691	0.005833	0.002124	0.026592	0.028216	0.027047	0.026144	0.015245	0.02269	0.03003	0.030962	0.02556	0.021785	0.032946	0.012655	0.006536	0.01962	0.002575	0.017145	0.00926	0.019909	0.004986	0.016562	
0.036612	0.039427	0.014852	0.029337	0.02648	0.034608	0.030156	0.00172	0.02769	0.022124	0.01547	0.001556	0.023187	0.037239	0.00794	0.007589	0.013715	0.039556	0.034638	0.026607	0.01353	0.037619	0.02444	0.019593	0.008959	0.010424	0.013718	0.009394	0.039142	0.029263	0.028381	0.004265	0.014639	0.001873	0.019129	0.035831	0.009481	0.033598	0.020542	0.029963	0.000815	0.015068	0.006015	0.0226	0.023629	0.036237	0.00742	0.002904	0.002585	0.00844	
0.018491	0.00701	0.018225	0.033389	0.000303	0.031447	0.029911	0.022974	0.02156	0.038004	0.005701	0.018667	0.019387	0.00159	0.015108	0.018165	0.029995	0.005995	0.001668	0.019115	0.010354	0.011585	0.013427	0.024622	0.013289	0.028969	0.006998	0.003209	0.013105	0.019644	0.019893	0.021728	0.025456	0.034143	0.031966	0.010606	0.015017	0.018401	0.027251	0.008319	0.026923	0.00567	0.032327	0.032443	0.022917	0.036007	0.031182	0.030346	0.032158	0.03534	
0.028387	0.000458	0.002245	0.013	0.014872	0.032344	0.035235	0.038229	0.024429	0.016503	0.002814	0.034272	0.00652	0.010293	0.034756	0.028434	0.035914	0.007137	0.028478	0.006393	0.009246	0.024411	0.038507	0.031852	0.000553	0.003804	0.036155	0.033311	0.026307	0.001147	0.00965	0.025539	0.015281	0.025947	0.039096	0.000424	0.016974	0.037652	0.034668	0.006834	0.022603	0.02832	0.021707	0.033302	0.036568	0.021477	0.005449	0.000342	0.008634	0.003527	
0.012826	0.03444	0.00877	0.013118	0.02129	0.030226	0.000344	0.004616	0.035086	0.003238	0.023518	0.032098	0.023719	0.028858	0.024545	0.003044	0.01052	0.027367	0.027279	0.021941	0.035533	0.023873	0.023278	0.025248	0.019246	0.025412	0.029208	0.016469	0.033907	0.017475	0.021263	0.003127	0.009756	0.035441	0.032296	0.009427	0.014979	0.019991	0.031952	0.021586	0.019161	0.00943	0.011864	0.026534	0.02485	0.003874	0.012386	0.009245	0.035105	0.011241	
0.021743	0.017453	0.02813	0.007064	0.035117	0.01067	0.017192	0.033152	0.019538	0.018367	0.014926	0.028724	0.008905	0.007861	0.01244	0.033727	0.030335	0.017268	0.007812	0.023348	0.02626	0.010997	0.018426	0.03522	0.026832	0.01591	0.00519	0.02834	0.034613	0.010843	0.001165	0.009735	0.030027	0.005969	0.026226	0.028992	0.00421	0.023439	0.025437	0.034556	0.018468	0.003867	0.033482	0.030126	0.008033	0.006913	0.023725	0.034667	0.010932	0.033628	
0.018146	0.019169	0.032062	0.026173	0.011705	0.029653	0.00618	0.034478	0.007267	0.000457	0.030426	0.02008	0.016822	0.008035	0.00597	0.026283	0.030824	0.015198	0.005646	0.025665	0.025512	0.026442	0.007716	0.032273	0.032538	0.001318	0.035391	0.021937	0.019108	0.015151	0.011221	0.029528	0.031899	0.013056	0.033291	0.014305	0.008713	0.021986	0.026615	0.021036	0.027981	0.032483	0.008895	0.008965	0.009735	0.01175	0.035107	0.00446	0.030284	0.031065	
0.023085	0.031988	0.019149	0.016536	0.017781	0.011345	0.009828	0.030847	0.008697	0.012336	0.019487	0.000709	0.036394	0.004031	0.032716	0.015308	0.003984	0.036459	0.018822	0.021876	0.020546	0.007452	0.024329	0.010633	0.008501	0.031893	0.037771	0.022768	0.032778	0.010379	0.034595	0.040346	0.030669	0.027503	0.003275	0.015871	0.029862	0.039254	0.019061	0.019387	0.003223	0.033331	0.011521	0.031708	0.00442	0.018021	0.001333	0.011955	0.017231	0.029006	
0.025361	0.019965	0.001605	0.023482	0.023591	0.016778	0.030158	0.033802	0.018893	0.001873	0.019053	0.028951	0.035754	0.028821	0.026845	0.012534	0.033305	0.021981	0.012767	0.008548	0.026111	0.000889	0.006083	0.003786	0.002548	0.035691	0.029348	0.009895	0.027543	0.028614	0.02969	0.011202	0.033764	0.011934	0.013338	0.010539	0.03444	0.036784	0.037421	0.02103	0.00807	0.003743	0.014543	0.018926	0.013165	0.013959	0.034334	0.019428	0.0205	0.018615	
0.030451	0.015267	0.025058	0.018871	0.003941	0.010361	0.003258	0.00399	0.024383	0.026437	0.019793	0.03278	0.035874	0.030544	0.000101	0.010579	0.039376	0.01126	0.035427	0.000297	0.009555	0.024858	0.034436	0.036895	0.006077	0.040637	0.00777	0.003977	0.020199	0.02081	0.022508	0.002009	0.039135	0.024494	0.00501	0.020504	0.003361	0.012404	0.034299	0.01388	0.035793	0.005646	0.024317	0.009735	0.016485	0.038906	0.039519	0.011661	0.024108	0.032964	
0.025951	0.033958	0.013931	0.023914	0.015869	0.012436	0.000845	0.030067	0.02634	0.009255	0.020412	0.024709	0.031293	0.000116	0.027268	0.011315	0.017334	0.008296	0.024349	0.012391	0.026714	0.034523	0.030454	0.028432	0.010531	0.02178	0.031809	0.019588	0.034686	0.020871	0.033919	0.002011	0.012584	0.016168	0.001571	0.015729	0.001473	0.02296	0.031631	0.018733	0.029824	0.017963	0.003678	0.032113	0.010057	0.028643	0.031536	0.009289	0.033531	0.01715	
0.003336	0.029099	0.032104	0.029242	0.010301	0.008384	0.041297	0.036221	0.033586	0.012614	0.019591	0.022419	0.032091	0.008516	0.038543	0.027733	0.039874	0.006664	0.032839	0.019139	0.001973	0.010874	0.010923	0.000239	0.039282	0.005188	0.030306	0.035022	0.032379	0.029849	0.002112	0.039111	0.00539	0.006419	0.02025	0.004883	0.00275	0.020078	0.019408	0.023239	0.018342	0.026865	0.021687	0.032085	0.005031	0.019367	0.001295	0.017646	0.007377	0.027037	
0.014443	0.016142	0.030259	0.012622	0.023441	0.009491	0.014965	0.026455	0.025766	0.017583	0.020856	0.00834	0.000801	0.017258	0.029146	0.032526	0.018505	0.012103	0.029176	0.027107	0.030776	0.007914	0.011139	0.007839	0.009574	0.029522	0.005396	0.004617	0.025575	0.022553	0.020619	0.01646	0.015419	0.02756	0.009344	0.029976	0.027115	0.016149	0.02107	0.031268	0.031002	0.028179	0.032474	0.031707	0.012206	0.024777	5.6e-05	0.025763	0.03319	0.023776	
0.029401	0.021854	0.008899	0.017404	0.014881	0.029485	0.009446	0.02962	0.002878	0.019143	0.026476	0.022094	0.037159	0.004182	0.041264	0.034626	0.004261	0.0097	0.04055	0.015746	0.023042	0.03016	0.031008	0.014338	0.017833	0.013945	0.001704	0.007258	0.035571	0.014096	0.013958	0.003272	0.032471	0.035639	0.031074	0.013117	0.011894	0.016549	0.035827	0.02092	0.009654	0.000952	0.024171	0.023512	0.030357	0.041705	0.000717	0.016677	0.002325	0.027185	
0.014339	0.035658	0.009768	0.014755	0.024566	0.028073	0.003976	0.023515	0.000386	0.020008	0.026339	0.032346	0.014864	0.02474	0.032798	0.001257	0.030276	0.025748	0.028063	0.012976	0.022634	0.030859	0.004297	0.027883	0.023845	0.017948	0.026295	0.033377	0.029363	0.022667	0.002223	0.025157	0.009306	0.022483	0.002949	0.005748	0.025797	0.011767	0.033472	0.023183	0.031002	0.002498	0.028739	0.030875	0.015914	0.012697	0.010109	0.01325	0.019125	0.030087	
0.00429	0.020882	0.022529	0.019662	0.042072	0.006643	0.025351	0.013522	0.029702	0.021207	0.000137	0.02611	0.016387	0.019276	0.001015	0.000747	0.011509	0.029324	0.020268	0.020371	0.029213	0.037212	0.048872	0.045984	0.029957	0.011537	0.039119	0.023463	0.02359	0.010979	0.01473	0.01037	0.02899	0.027481	0.009508	0.022152	0.001189	0.019533	0.020976	0.021318	0.030629	0.020677	0.036542	0.003153	0.016056	0.012588	0.011814	0.026796	0.006671	0.007897	
0.021635	0.02127	0.02287	0.00031	0.008236	0.003123	0.00136	0.030001	0.013823	0.03339	0.005836	0.031656	0.040604	0.03652	0.007387	0.016117	0.017202	0.013759	0.03602	0.040621	0.020704	0.018945	0.030906	0.03829	0.014026	0.024624	0.026133	0.021722	0.03069	0.029471	0.02866	0.013531	0.025137	0.033246	0.017172	0.00985	0.000621	0.000201	0.002162	0.001256	0.031185	0.008315	0.038443	0.012765	0.010255	0.016071	0.015206	0.024994	0.02379	0.029889	
0.019672	0.024108	0.031804	0.028828	0.025191	0.021642	0.008302	0.020762	0.007572	0.032385	0.006661	0.01129	0.021394	0.01067	0.004985	0.027551	0.010277	0.020688	0.018919	0.02974	0.021507	0.015236	0.005428	0.016318	0.008942	0.007288	0.004922	0.032799	0.0073	0.032266	0.034623	0.018791	0.029759	0.018081	0.011764	0.025475	0.001879	0.019826	0.020301	0.00385	0.028039	0.029048	0.024719	0.024223	0.026838	0.033137	0.033691	0.018168	0.029855	0.033486	
0.035232	0.020936	0.022164	0.022921	0.02694	0.027692	0.029781	0.022426	0.03157	0.026428	0.004407	0.001767	0.028656	0.002892	0.010654	0.010529	0.006772	0.03136	0.025658	0.027435	0.015994	0.032533	0.018771	0.015265	0.025365	0.022017	0.013608	0.033507	0.030196	0.001968	0.022518	0.012008	0.033027	0.002363	0.006183	0.032121	0.015755	0.023582	0.022908	0.023067	0.035435	0.000554	0.032836	0.012564	0.024314	0.032229	0.004796	0.015614	0.00753	0.015152	
0.016375	0.016023	0.030247	0.035627	0.016718	0.008175	0.018535	0.015805	0.021638	0.033359	0.037139	0.013261	0.010206	0.028341	0.035337	0.004626	0.012161	0.016402	0.024774	0.026578	0.01337	0.021605	0.034549	0.026017	0.021782	0.007269	0.000672	0.022444	0.027008	0.01886	0.003028	0.002238	0.010229	0.032009	0.032723	0.002062	0.020221	0.035789	0.019387	0.035076	0.031514	0.017758	0.031908	0.013685	0.002374	0.03721	0.004812	0.002011	0.019274	0.031789	
0.031484	0.027067	0.027102	0.016006	0.001811	0.023807	0.010449	0.03187	0.029549	0.026421	0.029301	0.026949	0.011445	0.003045	0.033704	0.032915	0.01743	0.029818	0.006389	0.030635	0.005773	0.021752	0.003186	0.012118	0.023503	0.024709	0.009881	0.020778	0.020173	0.0051	0.013199	0.03013	0.011932	0.028111	0.016618	0.030738	0.026874	0.026443	0.031707	0.022637	0.017912	0.020671	0.005342	0.030513	0.002059	0.007674	0.03222	0.021107	0.029838	0.000105	
0.009028	0.007112	0.006942	0.031933	0.029376	0.028792	0.004597	0.012277	0.007003	0.022345	0.024828	0.004978	0.029895	0.00497	0.018036	0.009306	0.003538	0.023629	0.011867	0.006356	0.006674	0.030827	0.026101	0.029665	0.031049	0.031115	0.013774	0.034233	0.006849	0.029416	0.007088	0.033401	0.031659	0.021168	0.037439	0.015392	0.011232	0.024595	0.005775	0.03116	0.02519	0.011483	0.031056	0.025016	0.033516	0.029542	0.004744	0.035814	0.015056	0.033163	
0.024059	0.003471	0.026059	0.006075	0.027294	0.014243	0.000546	0.022717	0.034902	0.000568	0.031019	0.039583	0.024315	0.025431	0.00981	0.003943	0.021793	0.017006	0.010038	0.022603	0.004021	0.00162	0.011959	0.004758	0.00261	0.005445	0.027789	0.003526	0.02178	0.026044	0.03359	0.020945	0.025887	0.010991	0.026188	0.032396	0.032384	0.020754	0.014569	0.02094	0.032313	0.016884	0.024486	0.037449	0.037828	0.036221	0.016813	0.029711	0.027807	0.026817	
0.010035	0.044004	0.018355	0.037964	0.010749	0.021563	0.038515	0.043117	0.004987	0.005191	0.034508	0.028928	0.009397	0.045364	0.006123	0.001876	0.042757	0.030421	0.01217	0.036982	0.023252	0.017328	0.000625	0.008048	0.045835	0.008358	0.030027	0.041036	0.018827	0.012875	0.030654	0.011624	0.013572	0.043899	0.011972	0.014414	0.020139	0.000346	0.007107	0.033218	0.000162	0.002009	0.029907	0.00916	0.01063	0.001078	0.031275	0.017202	0.009232	0.013183	
0.001456	0.028243	0.016869	0.027861	0.031535	0.001935	0.035587	0.007045	0.004138	0.025943	0.003514	0.01611	0.014928	0.014747	0.005382	0.020523	0.036303	0.024147	0.030445	0.00783	0.006797	0.02879	0.014284	0.033549	0.006752	0.012809	0.024318	0.037723	0.024827	0.011421	0.023373	0.004332	0.032459	0.013107	0.008722	0.024507	0.024903	0.003629	0.012732	0.032854	0.032993	0.003076	0.030656	0.018991	0.012805	0.039265	0.019013	0.032333	0.034999	0.03944	
0.020147	0.009624	0.029242	0.008616	0.014109	0.006304	0.016737	0.005212	0.018106	0.026852	0.00204	0.001285	0.006769	0.019675	0.035142	0.018578	3.8e-05	0.001492	0.025399	0.029707	0.027323	0.030902	0.032488	0.037889	0.007766	0.028082	0.038111	0.024036	0.001149	0.027446	0.007424	0.017239	0.005046	0.004151	0.038038	0.006402	0.038102	0.030374	0.031389	0.037853	0.008821	0.017443	0.028543	0.034937	0.02219	0.026104	0.038576	0.009651	0.03399	0.013461	
0.016154	0.015594	0.010493	0.003469	0.033894	0.0221	0.031162	0.013163	0.023192	0.020901	0.010154	0.024173	0.03621	0.007666	0.020552	0.007773	0.040431	0.028462	0.021135	0.019601	0.008903	0.011416	0.026129	0.002842	0.024963	0.01122	0.006851	0.001554	0.03164	0.040598	0.005633	0.040544	0.011899	0.016377	0.024314	0.001439	0.006956	0.002101	0.036502	0.007595	0.037563	0.03534	0.022276	0.009084	0.034225	0.008604	0.040064	0.038887	0.017775	0.030427	
0.003491	0.012047	0.019916	0.01232	0.005993	0.037993	0.02476	0.020534	0.042293	0.041027	0.00083	0.041682	0.040442	0.016763	0.007352	0.0233	0.004923	0.031633	0.005889	0.036473	0.004725	0.03359	0.025567	0.003151	0.003417	0.040645	0.039346	0.01389	0.005566	0.025614	0.023424	0.011725	0.02251	0.012899	0.015287	0.0149	0.021352	0.026189	0.012984	0.034688	0.017342	0.001381	0.031694	0.016623	0.01982	0.001744	0.013532	0.031897	0.039936	0.004901	
0.009889	0.028392	0.009203	0.024942	0.007623	0.017478	0.000754	0.005778	0.035764	0.015525	0.036255	0.011444	0.024961	0.034126	0.017569	0.001481	0.02405	0.004445	0.028029	0.014206	0.013806	0.017305	0.004741	0.028671	0.028543	0.029085	0.008207	0.01132	0.028383	0.022763	0.012297	0.0014	0.038871	0.036042	0.028569	0.0149	0.026732	0.002239	0.030967	0.021268	0.035348	0.013401	0.028247	0.022697	0.009153	0.037338	0.028231	0.02186	0.01241	0.033292	
0.030245	0.030027	0.026693	0.016242	0.00952	0.032972	0.031762	0.032882	0.001284	0.008467	0.006162	0.007478	0.013778	0.017969	0.030626	0.033443	0.017712	0.004447	0.018976	0.017164	0.025855	0.004219	0.035729	0.017353	0.006308	0.032803	0.006177	0.030623	0.01181	0.035305	0.034287	0.025257	0.027262	0.020092	0.010177	0.029862	0.006381	0.015465	0.000828	0.0238	0.004135	0.031758	0.0173	0.003646	0.028235	0.036429	0.036267	0.014178	0.009625	0.030985	
0.017693	0.037009	0.019832	0.020023	0.038929	0.004701	0.004008	0.033352	0.034755	0.023326	0.03154	0.041315	0.025953	0.000551	0.020102	0.03073	0.000991	0.01963	0.016243	0.003792	0.027161	0.0096	0.013781	0.024552	0.020655	0.036423	0.0191	0.041462	0.028797	0.036189	0.007474	0.040015	0.020313	0.006582	0.009766	0.021903	0.030152	0.001671	0.010636	0.017726	0.007582	0.000379	0.034178	0.010155	0.008324	0.024904	0.011275	0.017552	0.012891	0.024327	
0.033737	0.00163	0.005335	0.003492	0.028248	0.008283	0.027912	0.013111	0.020133	0.015972	0.024957	0.025078	0.014859	0.002285	0.026105	0.032723	0.024847	0.007338	0.022927	0.021502	0.037637	0.000108	0.011596	0.02867	0.024439	0.023193	0.008827	0.026762	0.029016	0.03479	0.016663	0.020783	0.000727	0.026512	0.010873	0.025416	0.025475	0.037619	0.02434	0.036749	0.029119	0.030659	0.0115	3.3e-05	0.001332	0.027433	0.022045	0.025845	0.032175	0.00919	
0.019743	0.029525	0.031983	0.002531	0.004339	0.034201	0.035531	0.025113	0.010611	0.022477	0.015942	0.018119	0.027654	0.003514	0.011194	0.024437	0.011328	0.035503	0.004563	0.02451	0.007214	0.023965	0.00925	0.022399	0.033411	0.029722	0.038218	0.016819	0.008346	0.005687	0.033089	0.02044	0.008074	0.032652	0.026184	0.013689	0.017803	0.002987	0.035663	0.017574	0.015094	0.008524	0.010728	0.029396	0.033723	0.016734	0.03486	0.024552	0.001777	0.028608	
0.016505	0.00768	0.016593	0.019294	0.02075	0.010144	0.03743	0.012442	0.026448	0.023849	0.027191	0.009823	0.026675	0.016742	0.018524	0.034757	0.037731	0.000267	0.011163	0.009271	0.026996	0.027684	0.02843	0.026272	0.011625	0.030249	0.034811	0.00757	0.00059	0.016033	0.008835	0.010743	0.007077	0.003157	0.014072	0.023462	0.028311	0.034281	0.036411	0.036458	0.016085	0.00403	0.03229	0.013402	0.031374	0.013206	0.03804	0.014814	0.021037	0.019376	
0.026961	0.021516	0.038011	0.011056	0.033762	0.011846	0.030872	0.033119	0.04196	0.022566	0.021121	0.020994	0.029048	0.025657	0.007863	0.018403	0.000798	0.006216	0.038011	0.010868	0.01656	0.003101	0.019499	0.012932	0.007826	0.002572	0.032801	0.03019	0.01932	0.038361	0.02409	0.005095	0.028083	0.023864	0.018342	0.034131	0.004883	0.017367	0.01781	0.015247	0.019329	0.003661	0.027315	0.00606	0.03113	0.01486	0.007421	0.02887	0.008677	0.029955	
0.00519	0.031563	0.033045	0.028483	0.015854	0.031204	0.012665	0.012846	0.030906	0.023979	0.002747	0.018554	0.017497	0.018963	0.019164	0.003682	0.017332	0.004824	0.031283	0.005265	0.031215	0.032679	0.018726	0.02302	0.001137	0.02348	0.030789	0.034724	0.016574	0.007356	0.023129	0.016599	0.034144	0.007392	0.016549	0.009404	0.01801	0.027562	0.024041	0.026167	0.016601	0.034742	0.012255	0.034852	0.018427	0.024935	0.001936	0.017143	0.022539	0.028827	
0.026037	0.028657	0.040975	0.037385	0.029489	0.015509	0.014126	0.017107	0.001242	0.030855	0.020414	0.009688	0.031121	0.034993	0.011771	0.005361	0.003192	0.028259	0.034588	0.030783	0.016943	0.037557	0.019197	0.021499	0.000955	0.022317	0.031148	0.016094	0.001544	0.016987	0.027861	0.024096	0.000123	0.021035	0.035923	0.02431	0.001877	0.005416	0.005724	0.035244	0.018531	0.013877	0.040807	0.027074	0.028997	0.004664	0.003817	0.001158	0.022474	0.021199	
0.025422	0.035065	0.017531	0.006615	0.012206	0.026791	0.042768	0.006194	0.001478	0.014676	0.033926	0.032491	0.04276	0.040285	0.008899	0.001418	0.039704	0.040613	0.017226	0.018497	0.01006	0.015932	0.034153	0.00318	0.001844	0.01354	0.022084	0.00091	0.00614	0.006484	0.002463	0.011533	0.025283	0.030683	0.019227	0.020281	0.021404	0.017201	0.011422	0.012616	0.008039	0.04239	0.003105	0.014953	0.040271	0.025617	0.026987	0.021763	0.02775	0.03812	
0.025591	0.022551	0.010511	0.017414	0.033467	0.02834	0.026534	0.014483	0.02475	0.008447	0.019564	0.034174	0.012224	0.022343	0.006003	0.026554	0.008523	0.005462	0.01664	0.023568	0.003798	0.019209	0.025956	0.009613	0.00129	0.011802	0.031809	0.031425	0.030404	0.030475	0.033382	0.028634	0.028401	0.025395	0.029517	0.002168	0.007576	0.027319	0.021117	0.022925	0.025639	0.005437	0.030283	0.009281	0.011902	0.02577	0.029408	0.026457	0.002255	0.02421	
0.033468	0.003067	0.006664	0.029395	0.033829	0.00514	0.008325	0.012027	0.011743	0.005229	0.010068	0.019428	0.008504	0.018311	0.000501	0.003703	0.034747	0.035007	0.019029	0.006568	0.008325	0.037923	0.017581	0.002301	0.011395	0.041381	0.038688	0.033018	0.036921	0.012802	0.008475	0.038115	0.029789	0.03351	0.016941	0.043578	0.029338	0.005658	0.018035	0.037789	0.04434	0.019616	0.01368	0.000142	0.019964	0.02704	0.00949	0.008368	0.030589	0.020455	
0.005212	0.029768	0.01871	0.030679	0.003368	0.026222	0.009326	0.007041	0.011738	0.029623	0.002241	0.034964	0.033161	0.0305	0.021346	0.022115	0.025629	0.003942	0.015282	0.016259	0.00408	0.027202	0.011967	0.01619	0.035493	0.020349	0.033171	0.03342	0.003303	0.028916	0.001745	0.009085	0.034525	0.035264	0.028573	0.020791	0.028793	0.022965	0.02395	0.023	0.036069	0.026466	0.014372	0.019537	0.033034	0.022696	0.00047	0.00294	0.003591	0.020917	
0.016987	0.009703	0.01902	0.007419	0.022545	0.036774	0.003977	0.007957	0.016987	0.027694	0.021796	0.011159	0.029356	0.011924	0.011407	0.013372	0.028656	0.018534	0.030355	0.031458	0.013882	0.031959	0.020895	0.017816	0.014865	0.001377	0.01821	0.015927	0.030881	0.009858	0.025816	0.009518	0.015245	0.032524	0.036278	0.0074	0.028063	0.020436	0.028372	0.038387	0.016424	0.015173	0.007567	0.015155	0.0304	0.005606	0.03411	0.015943	0.030183	0.03465	
0.014406	0.007146	0.0197	0.033312	0.040375	0.043613	0.015221	0.01508	0.022071	0.002367	0.00946	0.019537	0.026127	0.006789	0.020446	0.040819	0.035202	0.012249	0.023822	0.029576	0.010143	0.023924	0.019323	0.02025	0.03611	0.015366	0.025472	0.022876	0.001586	0.024452	0.021716	0.024485	0.00327	0.010864	0.020254	0.000757	0.034125	0.037013	0.000874	0.03033	0.020842	0.034151	0.022315	0.002728	0.011646	0.019487	0.001727	0.033832	0.032143	0.000621	
0.005846	0.030505	0.033058	0.003717	0.012935	0.009178	0.005121	0.017365	0.036176	0.020868	0.006261	0.032667	0.024117	0.027294	0.016832	0.03329	0.031175	0.02372	0.017571	0.017663	0.031708	0.027795	0.025168	0.000573	0.014931	0.022275	0.018296	0.029605	0.011179	0.006268	0.019446	0.019001	0.015189	0.033119	0.024891	0.036316	0.012902	0.023425	0.029169	0.017501	0.009725	0.002445	0.013825	0.016154	0.032211	0.036406	0.022178	0.016849	0.02453	0.001561	
0.024842	0.006505	0.012954	0.034903	0.002886	0.012029	0.0007	0.008229	0.008691	0.011048	0.020908	0.019252	0.017145	0.01053	0.016742	0.022958	0.036909	0.006693	0.025339	0.030983	0.028371	0.036128	0.031679	0.020902	0.023771	0.016071	0.018633	0.021252	0.037441	0.029451	0.00988	0.02445	0.011857	0.031815	0.013235	0.017948	0.004557	0.017566	0.037876	0.018313	0.027949	0.014428	0.003478	0.01698	0.026807	0.017646	0.017912	0.033005	0.038945	0.021408	
0.028206	0.039255	0.023071	0.031871	0.001076	0.018975	0.001491	0.010363	0.028759	0.006748	0.010356	0.032347	0.001658	0.035009	0.006347	0.02767	0.014733	0.012438	0.02166	0.000615	0.034752	0.023359	0.038161	0.03651	0.030099	0.02073	0.012018	0.024573	0.01064	0.012665	0.011599	0.00363	0.02977	0.003704	0.00774	0.025086	0.00159	0.012342	0.024648	0.01116	0.018179	0.011709	0.028044	0.016182	0.040136	0.015192	0.038395	0.031772	0.034829	0.038138	
0.030354	0.000645	0.016407	0.012866	0.018525	0.038373	0.003935	0.039427	0.011936	0.036516	0.00555	0.028348	0.015201	0.007572	0.002872	0.017377	0.025614	0.038892	0.026164	0.021576	0.017482	0.038769	0.017694	0.009896	0.022527	0.019074	0.011283	0.043038	0.029014	0.022343	0.033419	0.038227	0.014882	0.003813	0.033433	0.03835	0.027658	0.017833	0.004793	0.007891	0.003633	0.038075	0.001178	0.013854	0.001554	0.033056	0.013735	0.027149	0.008818	0.009379	
0.015881	0.005837	0.005048	0.020203	0.036001	0.033062	0.027121	0.008328	0.001432	0.009134	0.007123	0.026163	0.021702	0.008719	0.037436	0.004805	0.014977	0.02021	0.007558	0.008186	0.010205	0.037297	0.034479	0.034821	0.024857	0.026537	0.002381	0.014203	0.036872	0.002468	0.043845	0.031261	0.012833	0.014933	0.031693	0.017163	0.014287	0.032708	0.016183	0.009775	0.012455	0.009376	0.004027	0.041813	0.027966	0.042874	0.039372	0.005655	0.013661	0.035074	
0.023301	0.033639	0.02931	0.029332	0.036445	0.013146	0.01931	0.009685	0.015462	0.002723	0.028072	0.022858	0.022471	0.013798	0.026482	0.029688	0.035037	0.026436	0.033019	0.025181	0.008874	0.033572	0.020972	0.001248	0.035532	0.000121	0.033307	0.030104	0.016765	0.00771	0.007577	0.020807	0.031532	0.011324	0.004762	0.017243	0.016066	0.018575	0.022432	0.017114	0.002454	0.02978	0.015588	0.020901	0.02693	0.021216	0.012497	0.013441	0.004485	0.021676	
0.018063	0.034578	0.010246	0.01644	0.004504	0.022287	0.027436	0.0113	0.0361	0.014917	0.000918	0.03343	0.038237	0.025926	0.029466	0.034933	0.029379	0.00732	0.001247	0.023078	0.006564	0.03793	0.009681	0.037266	0.02028	0.014773	0.013669	0.018107	0.027563	0.039671	0.01624	0.011323	0.028353	0.0371	0.014381	0.007423	0.00616	0.009502	0.03845	0.030622	0.008556	0.000234	0.032638	0.011677	0.022464	0.030791	0.005647	0.006597	0.00979	0.026743	
0.003155	0.038342	0.0385	0.007371	0.041196	0.000159	0.009838	0.024007	0.037462	0.041347	0.007232	0.021158	0.04058	0.012724	0.004347	0.021643	0.034597	0.001589	0.03057	0.008587	0.03985	0.01604	0.017739	0.03318	0.028718	0.035004	0.006142	0.027476	0.018949	0.029163	0.007034	0.014651	0.036594	0.001634	0.001128	0.027567	0.011339	0.041211	0.034218	0.019148	0.017054	0.005332	0.004787	0.005968	0.020806	0.000319	0.033471	0.027968	0.011713	0.001393	
0.008901	0.020076	0.021843	0.000736	0.035771	0.021012	0.00649	0.025945	0.039125	0.027307	0.008885	0.037848	0.014968	0.024023	0.02477	0.005712	0.004695	0.017258	0.006674	0.003566	0.006482	0.031349	0.017361	0.037477	0.031209	0.013235	0.011902	0.012033	0.015527	0.036861	0.014717	0.037364	3.3e-05	0.039879	0.004131	0.017535	0.005651	0.006737	0.0331	0.027077	0.005913	0.032824	0.035237	0.007408	0.007276	0.015579	0.039921	0.034675	0.031283	0.034619	
0.023179	0.033272	0.019747	0.001294	0.019906	0.006613	0.017839	0.004594	0.021652	0.023998	0.027179	0.022653	0.009053	0.018526	0.018417	0.001443	0.000717	0.00982	0.032091	0.038391	0.001508	0.04023	0.006975	0.001851	0.039583	0.036158	0.011127	0.024556	0.008975	0.031208	0.003763	0.041494	0.017374	0.009415	0.017804	0.030847	0.020523	0.012558	0.037773	0.019496	0.013325	0.036569	0.031742	0.037218	0.023889	0.016474	0.014212	0.022656	0.012342	0.027971	
0.008136	0.03445	0.009445	0.018592	0.031905	0.020934	0.026755	0.026191	0.018046	0.034288	0.000925	0.025326	0.032196	0.020345	0.001652	0.031781	0.021788	0.032036	0.034026	0.034668	0.022157	0.001755	0.003755	0.006426	0.007261	0.01786	0.030255	0.025872	0.020878	0.022415	0.007148	0.020155	0.005687	0.028842	0.025007	0.008151	0.009555	0.020931	0.014871	0.001905	0.01037	0.024802	0.034222	0.00842	0.014908	0.03151	0.019804	0.032578	0.034619	0.024396	
0.040689	0.013344	0.00886	0.002895	0.037567	0.008466	0.035301	0.024777	0.021937	0.01	0.002486	0.004613	0.028358	0.030714	0.024303	0.009655	0.014127	0.038204	0.014304	0.01438	0.030353	0.036334	0.010528	0.025707	0.024289	0.019885	0.012578	0.031104	0.031971	0.036469	0.016422	0.012961	0.025765	0.016364	0.02707	0.039866	0.008167	0.0382	0.040587	0.014122	0.008668	0.014353	0.003768	0.019036	0.034631	0.009424	0.008086	0.003398	0.010535	0.004379	
0.34