50
2
0.212709	0.315023	-0.385518	0.924007	0.071838	0.319269	0.998753	0.501968	0.077044	0.491011	-0.528804	-0.167299	0.69004	-0.188707	-0.050883	0.386358	-0.629673	-0.86345	0.244584	0.202037	0.738889	-0.894708	0.138129	-0.18933	0.605027	0.570744	0.557426	-0.814929	0.918359	0.687925	-0.45665	-0.04499	-0.044901	0.30973	-0.597899	-0.249634	-0.442782	-0.350449	0.118053	0.720809	0.895893	-0.090497	-0.068577	0.854207	-0.744895	-0.647074	-0.064431	0.893167	0.15762	-0.997055	
-0.9173	-0.155869	0.441164	0.598592	0.285712	-0.814876	-0.089636	-0.589271	0.405702	-0.576213	-0.939228	-0.930958	-0.49793	-0.574474	-0.005801	0.245928	-0.562945	0.654941	-0.654078	0.544202	-0.686777	0.50392	0.575484	-0.120668	-0.403462	-0.389986	0.134547	-0.159187	-0.957373	-0.976783	-0.969424	0.837195	0.86656	-0.944997	0.946553	0.234848	0.318834	-0.152839	-0.789094	0.165086	-0.64023	0.987861	0.493649	-0.473809	-0.087341	0.154492	-0.567882	-0.492843	0.212909	-0.957014	
-0.50608	0.190759	-0.013474	-0.897616	-0.232175	-0.627889	-0.032614	-0.945917	0.384862	-0.044469	0.592076	0.677505	0.790198	-0.79778	0.764513	-0.266238	0.183917	-0.71632	-0.074811	-0.939509	0.657205	0.79449	-0.735406	0.865177	-0.897868	-0.687865	-0.864071	-0.774854	0.911803	-0.474727	-0.599122	0.38444	0.71474	-0.669579	-0.54658	-0.270025	0.649495	-0.733595	-0.791762	0.152497	-0.200076	0.834729	0.785518	0.422711	0.622461	-0.622509	0.281645	0.403863	0.4728	0.925302	
0.838247	-0.721692	-0.283897	0.391783	-0.251183	0.340833	-0.166637	0.757316	-0.350931	-0.930507	-0.250498	0.484276	-0.191786	-0.484751	0.849125	0.450667	-0.587333	-0.978782	0.252279	-0.551161	-0.678327	-0.629008	0.20981	-0.889113	-0.582666	0.557497	-0.973125	-0.097235	-0.696196	-0.221831	0.221437	-0.364	0.757899	0.026935	0.802074	-0.113544	0.976527	0.055658	0.242708	-0.944864	0.552581	0.43238	-0.627332	0.586714	0.908753	0.537728	0.778915	-0.64981	0.279508	-0.579104	
0.416525	-0.658831	-0.419299	-0.826367	0.48582	-0.921546	0.814413	-0.498129	0.406694	0.975233	0.913206	-0.834746	-0.23293	0.249003	-0.718969	0.769151	-0.644797	-0.643038	-0.766279	0.811809	-0.46214	-0.946142	-0.00871	-0.605042	0.372134	-0.274871	-0.475365	0.322073	-0.061931	0.333938	-0.231385	0.536342	-0.262521	0.444168	-0.273022	-0.057264	-0.202359	-0.369875	-0.828259	0.727668	-0.839083	-0.906752	0.644009	-0.094013	0.739863	-0.805021	0.638949	0.487977	-0.198151	0.684946	
-0.530254	0.992153	0.649135	0.185911	0.014767	-0.379816	-0.774153	0.175039	-0.139049	0.167487	-0.745628	-0.700957	-0.37372	-0.367277	0.583557	0.230034	0.248684	0.176337	-0.779951	0.468389	-0.940509	-0.55732	-0.730018	0.073919	-0.21327	-0.277726	-0.488213	0.380221	0.179973	0.885775	0.28331	0.597966	0.040773	0.880693	0.300475	0.865213	-0.081503	-0.160817	0.142398	-0.902261	0.791355	-0.21307	-0.124269	0.722844	0.657028	-0.594899	-0.80324	0.3789	-0.608925	-0.953603	
0.47738	-0.24535	0.251456	0.458042	-0.571915	-0.81271	0.596599	-0.001182	-0.77478	0.547041	-0.785194	-0.733357	0.297819	-0.468492	0.261192	-0.613402	0.735346	-0.711296	0.043792	-0.130459	0.337739	-0.738551	0.291884	-0.728545	0.40577	-0.026426	0.86532	0.184803	0.98736	-0.651366	0.150318	0.38633	0.069011	0.655006	0.872382	-0.190804	-0.701677	-0.696353	-0.082688	-0.460568	0.581368	0.879177	-0.462882	-0.938234	0.07275	0.935345	-0.245408	0.856629	-0.982873	0.432658	
0.179951	0.401117	0.955079	0.536578	0.356896	-0.348194	-0.08976	-0.619912	0.274981	-0.200358	-0.176839	0.363636	0.206035	0.761221	-0.660597	0.778789	0.663835	0.929963	0.541107	0.78777	-0.404444	-0.807327	0.617996	0.355603	0.015277	-0.702084	-0.669146	0.310949	0.137702	0.999806	-0.858938	-0.180113	0.543771	0.860681	0.214992	0.733325	0.682043	0.065528	0.46593	0.675199	0.036405	0.978093	0.396508	-0.698898	0.823795	0.235135	0.998454	-0.271254	-0.403369	-0.435031	
-0.303288	0.579956	0.673374	0.88456	-0.122266	-0.220006	0.382097	-0.505046	-0.824757	-0.034562	-0.159517	-0.907647	-0.787082	-0.061516	0.918193	0.755747	-0.705416	0.793142	0.545163	0.594631	-0.210761	-0.426887	0.2288	-0.534758	0.724718	0.579758	-0.879413	-0.335016	0.218475	-0.689768	-0.899774	-0.671614	-0.318058	0.261088	0.0119	0.244425	0.296148	0.578795	-0.060898	0.635701	0.941812	-0.737703	-0.461448	-0.999578	-0.078351	0.59277	0.5258	0.855821	-0.30874	0.54955	
0.10212	-0.871284	0.425861	-0.425198	0.062239	0.66606	-0.951395	-0.609788	0.512258	0.594722	-0.640974	-0.732557	0.682442	0.402946	0.594293	0.239911	-0.592502	-0.017123	-0.411918	-0.181325	-0.731752	-0.882439	0.550523	-0.055479	-0.770878	0.168081	-0.667178	-0.928766	0.761013	0.807527	0.819788	-0.354328	0.922329	0.663983	0.06701	0.45296	0.307788	0.581551	-0.897656	0.108873	-0.68251	0.393395	0.515963	0.399744	0.94055	-0.881754	-0.157819	-0.051663	-0.572189	-0.942933	
-0.825441	0.787843	-0.681458	0.272332	-0.183698	0.668071	-0.892522	0.133638	-0.310326	0.284664	0.994722	0.254659	-0.203658	0.0575	0.678228	-0.68004	0.873846	-0.982615	0.918156	-0.187241	0.330424	-0.240523	0.210276	-0.671367	-0.659649	0.432433	0.754918	0.359173	-0.421636	-0.333129	0.984187	-0.446002	0.663725	-0.490533	-0.182698	-0.003681	-0.024978	0.841842	-0.705021	-0.182686	0.252813	-0.960348	0.803655	0.112532	0.782511	0.968009	0.582495	0.865273	-0.037148	-0.175856	
-0.685452	-0.481786	-0.990622	0.268118	-0.821093	0.232391	-0.427702	-0.211705	-0.681828	0.613549	-0.090115	0.497335	0.538425	-0.448004	-0.539656	0.924658	-0.411959	-0.860039	0.708053	0.814229	-0.155873	0.92085	0.264399	-0.577553	-0.224615	-0.249721	0.088797	-0.794417	-0.318818	0.284173	-0.531688	0.067072	-0.098056	-0.520784	-0.528771	0.306201	-0.654893	0.242463	-0.272855	-0.579627	0.647035	-0.36486	0.892999	-0.194425	-0.587732	-0.966226	-0.066931	-0.20305	0.211952	-0.746304	
0.671058	-0.794003	0.322704	-0.661504	-0.417189	-0.563557	0.520501	-0.818239	-0.737335	0.154988	0.390428	0.131639	0.810032	0.814383	0.013769	-0.700598	-0.935255	-0.277833	0.935318	0.711126	0.679695	-0.160474	-0.383759	0.886422	0.115068	0.28541	0.086264	0.479937	-0.077268	0.651433	-0.126491	0.107705	-0.919014	-0.299434	0.367347	-0.949048	-0.657108	0.244224	0.716081	-0.571905	0.856733	0.516083	-0.937045	-0.43066	0.753325	-0.768965	0.469161	-0.040461	0.401684	0.481526	
-0.779922	-0.239921	-0.267919	-0.465328	-0.130238	-0.100624	0.012133	0.805185	0.99998	-0.200843	0.320871	0.526526	0.197635	-0.247096	-0.257387	-0.091251	0.784372	-0.588619	-0.044409	-0.799617	-0.759725	-0.330102	0.714381	0.804108	0.036507	-0.242518	-0.208186	-0.684403	-0.97193	-0.728919	-0.047838	0.626373	0.448572	0.661698	0.084313	0.663067	0.815457	-0.62141	-0.530062	-0.01368	0.430412	-0.588214	-0.426946	0.606496	-0.981654	-0.568465	0.495044	-0.308176	-0.99552	-0.853605	
-0.94591	-0.104476	-0.968621	0.573928	0.092935	0.752788	-0.411958	0.881031	0.404636	-0.860406	-0.307908	0.918019	-0.34538	-0.399063	0.367489	-0.082444	-0.261668	-0.592306	0.933482	-0.414573	0.341367	0.372331	0.705411	-0.561845	-0.226589	0.536766	0.391018	0.48041	0.872561	-0.93478	0.182209	-0.744419	-0.388371	0.261259	0.469048	0.836662	-0.508967	0.148329	0.423776	0.316951	0.712733	0.152698	-0.857217	0.231345	-0.722447	0.248457	0.432069	0.21878	-0.855161	-0.653125	
0.264823	0.389284	0.9961	-0.276856	0.272277	-0.873516	-0.561789	-0.731795	-0.668141	0.098717	0.261021	0.558596	0.29078	-0.310007	0.083548	0.869331	0.409811	-0.894267	-0.438296	0.410225	-0.627268	-0.819731	-0.561543	-0.685739	0.906318	0.161196	0.928629	0.701384	-0.772902	-0.140978	0.073923	-0.808667	-0.426763	-0.050632	-0.070436	0.732432	-0.273001	-0.80999	-0.660368	-0.77408	-0.909233	-0.317324	-0.933772	-0.756956	0.699475	-0.192489	0.02669	0.89951	-0.860747	0.290572	
0.765633	0.936812	-0.928522	0.979437	0.446975	0.383115	0.474758	0.446588	-0.349727	-0.552993	-0.855392	0.814364	-0.511405	0.504414	0.353136	0.724917	-0.709507	0.435778	-0.690007	0.265352	0.188344	0.447593	0.777671	0.140565	-0.377489	-0.952626	-0.904003	-0.923538	-0.752953	0.128035	-0.929753	-0.204141	-0.672345	-0.712415	-0.578836	-0.275602	-0.355834	-0.704962	0.226362	0.590232	0.970881	0.264933	-0.712498	0.043849	-0.599018	0.018962	0.440369	-0.7624	0.073773	0.222933	
-0.613842	0.579253	0.342897	-0.391757	-0.734815	-0.796792	0.431234	0.731887	-0.867811	-0.606923	-0.757698	-0.776247	0.16423	-0.848777	0.896365	-0.268179	0.822394	-0.291002	-0.111188	-0.333354	-0.799842	-0.253796	0.153655	-0.47133	0.970013	-0.031604	0.1895	0.33993	-0.41132	0.392892	-0.089151	0.020312	-0.598137	-0.749117	0.532617	-0.63999	0.768928	0.610136	0.216533	-0.49629	0.03669	0.04	-0.789404	-0.684626	0.321683	-0.562142	-0.403308	0.177758	-0.870227	-0.684612	
-0.911637	0.901666	0.931917	0.125363	-0.311053	0.278278	0.761027	-0.272672	-0.480817	0.047267	0.191294	-0.710109	-0.238662	-0.874677	-0.581698	0.422941	0.327982	-0.236359	-0.977465	0.078032	0.412308	-0.735274	0.442846	0.377745	-0.137011	0.506168	-0.644002	0.698694	0.817022	-0.224267	-0.97096	-0.845022	0.890474	0.195564	0.657875	0.427715	0.124225	0.111783	0.602894	-0.236201	-0.769919	-0.716047	-0.423868	0.955927	0.513564	0.274675	0.320983	0.451659	0.782594	0.767078	
0.213584	0.042458	0.259127	-0.342586	-0.535707	0.073183	0.721314	0.385867	-0.847309	0.366025	0.539508	0.865047	-0.870821	0.97654	0.237247	0.223839	0.37467	-0.321129	-0.218195	-0.218256	-0.914832	0.460813	-0.182927	0.51096	0.170259	0.992613	-0.82733	-0.838343	-0.274119	-0.049021	0.37399	-0.974528	0.587765	-0.844738	-0.641887	-0.44226	-0.524541	0.71808	0.058205	0.634512	0.348957	-0.572931	-0.714731	-0.482885	-0.090861	-0.493052	-0.908913	-0.230267	0.014988	-0.64703	
0.600634	-0.528799	-0.797606	0.793742	0.706711	0.669997	-0.755857	-0.279729	-0.206918	0.75978	-0.580223	0.555099	0.058494	-0.406204	0.423451	0.460336	0.129102	-0.561483	0.824203	-0.019144	-0.265956	0.41693	0.062152	0.730116	0.170119	-0.309218	-0.319006	0.872522	-0.302683	0.071079	-0.960938	0.869788	0.281865	0.417358	-0.625932	-0.422475	0.139578	-0.594976	-0.82818	-0.399622	-0.975136	0.930989	-0.182501	0.124095	0.596464	-0.493932	-0.981172	-0.285332	-0.039942	0.147527	
0.602832	-0.62329	0.0982	0.641199	0.044389	0.978125	-0.066894	0.033274	-0.994371	0.483594	0.705813	0.38846	-0.94326	0.205022	0.65098	-0.677924	0.136432	-0.718465	0.133123	-0.635029	-0.13426	0.291	0.925259	-0.986277	0.779204	-0.442659	-0.949473	-0.566976	-0.120376	0.690536	0.560106	-0.080493	0.562544	-0.077874	0.038341	0.234222	0.761973	-0.979867	0.32567	0.707512	0.408381	-0.812655	0.329696	0.874697	-0.538858	-0.15374	-0.909378	0.195267	0.474618	0.276927	
0.874941	-0.106019	-0.521251	-0.561681	0.871173	0.869583	0.001399	-0.756675	0.591497	0.404477	0.80446	0.528775	-0.599534	0.354836	0.28412	-0.35128	0.171976	-0.560896	-0.648417	-0.964991	-0.690813	-0.886914	0.997273	-0.94862	-0.790642	0.247054	0.911862	0.401473	0.440112	-0.811851	-0.08374	0.712318	0.18474	-0.420876	-0.950205	-0.134113	-0.733096	0.502215	-0.86703	0.147888	-0.569125	-0.038882	0.845062	0.033778	0.529416	0.49003	-0.337939	-0.564604	-0.797741	0.606244	
0.067128	-0.413388	-0.583826	0.491412	0.031838	0.635044	0.935051	-0.013862	0.498639	0.231186	0.094711	-0.396577	-0.719672	0.595377	0.534157	-0.013808	-0.516643	0.285667	-0.235018	-0.318346	-0.133602	-0.936891	0.035787	-0.800465	-0.747483	0.806735	-0.727818	-0.038204	-0.05607	0.169282	-0.269164	0.285177	-0.9539	-0.426707	0.574546	0.854286	0.627114	-0.154273	-0.868366	0.450185	-0.636919	-0.10802	0.813133	0.221784	0.879532	-0.994717	0.431882	-0.750979	-0.645284	0.4843	
-0.17499	-0.188246	-0.399773	-0.818286	-0.23064	0.831976	-0.348937	-0.242421	-0.559469	-0.525291	0.26363	-0.047167	0.945665	0.438314	0.228638	0.732373	-0.899686	0.855388	-0.047949	0.084202	-0.708531	-0.7762	0.568459	0.768482	0.818968	-0.163047	-0.74988	-0.970053	-0.928444	0.835001	0.231894	0.327237	-0.311679	-0.848192	0.185641	-0.328164	0.433368	-0.736702	-0.974764	0.947281	-0.352033	-0.981443	-0.188861	-0.137128	-0.547937	-0.771693	0.260745	-0.054768	-0.651669	0.596747	
-0.895435	-0.63539	-0.715322	-0.715164	0.009561	0.859489	-0.075742	-0.679874	-0.283387	0.142884	-0.051208	-0.967947	0.625147	0.159392	-0.494181	0.302396	0.95882	-0.803364	-0.002374	-0.741109	0.136934	-0.793617	-0.488473	0.906438	-0.067638	0.353551	0.61325	0.54996	-0.793208	-0.409378	-0.188227	-0.394402	-0.75545	0.553092	-0.782367	-0.52697	-0.215682	-0.112965	0.15048	-0.752686	-0.095076	0.545217	-0.794295	-0.218842	-0.468474	0.122597	-0.269088	0.746802	0.222173	0.965	
-0.5971	-0.579347	-0.543059	-0.760156	-0.956966	-0.12285	-0.869624	0.092191	0.053369	-0.075106	0.307387	0.183208	0.208215	0.140591	-0.047897	0.230688	0.187209	-0.378945	0.734931	0.47272	-0.125227	-0.703359	-0.136089	-0.149644	-0.671798	-0.797746	0.931284	0.304888	-0.441736	0.959111	-0.273943	0.852098	-0.899949	-0.345492	-0.068101	0.146946	0.693217	-0.565153	-0.480612	-0.668197	0.975505	0.912446	0.452653	-0.402244	-0.127619	0.162678	-0.613254	0.748003	0.246698	0.455636	
-0.150761	-0.890123	-0.463451	0.896395	0.397209	-0.399778	-0.94755	-0.672466	0.055075	-0.013627	0.565622	0.22912	-0.081389	-0.901625	0.156454	-0.99117	0.470315	0.3703	-0.483712	0.030552	-0.934225	-0.192211	-0.603516	0.574972	0.09071	-0.573007	0.322228	-0.22021	0.059991	-0.585124	-0.363843	-0.756264	0.102401	-0.898013	0.55088	0.531813	0.708574	-0.373713	-0.727848	0.125499	-0.280759	0.007372	0.639638	0.614387	0.763638	-0.871433	-0.382763	0.299174	-0.688091	0.641074	
-0.315621	-0.907103	0.650271	-0.9343	-0.912281	-0.370069	0.292509	-0.223209	-0.787132	0.009261	0.091861	-0.356047	0.180809	0.308803	-0.708124	0.124497	0.083975	-0.533479	0.831229	0.504886	0.914159	0.650176	-0.742231	-0.858517	0.568843	0.292761	0.186449	-0.742411	-0.054247	-0.406033	-0.772155	-0.152869	0.229737	0.140345	-0.133864	0.718732	0.871209	0.878289	0.140793	0.222623	0.27305	0.70079	-0.006573	0.198862	-0.089872	0.583017	0.622373	0.727278	0.9798	0.601013	
-0.746244	0.144034	0.569586	-0.268048	0.070271	0.99573	-0.059669	0.001415	-0.582189	-0.470233	-0.715874	-0.993013	-0.473014	0.30763	0.947984	0.55184	0.559141	-0.519827	0.199989	-0.292001	-0.771531	-0.181031	-0.386881	-0.680639	-0.658573	-0.859662	-0.063891	-0.111853	-0.275012	0.257992	-0.567717	0.733487	0.065923	-0.479343	0.018706	-0.26188	-0.588608	0.149222	0.652921	-0.140377	-0.703695	0.320058	-0.314548	-0.373693	0.823534	0.15863	-0.47331	-0.585396	-0.406546	0.413007	
-0.298526	-0.275938	-0.065998	-0.656818	-0.365164	-0.122447	-0.792651	-0.533612	0.681144	0.296259	-0.262757	0.402353	-0.568722	0.671943	-0.659403	-0.862986	0.347345	-0.116886	0.480707	-0.505217	0.831444	0.471298	0.325492	0.595083	0.217898	0.234793	-0.260708	0.021202	-0.55989	0.480885	-0.610873	0.246834	-0.237798	-0.331505	0.214621	-0.465421	0.063435	-0.479394	0.276645	0.548127	-0.117121	0.821101	0.063522	0.672051	0.495243	-0.86823	-0.778678	0.445799	0.671491	0.077332	
-0.745946	0.573209	-0.288514	0.619223	-0.611084	0.14577	-0.946372	0.989739	-0.625599	0.951581	-0.119124	0.241126	-0.366273	-0.033684	0.755501	0.436123	0.476952	0.848404	0.1572	-0.938732	-0.813129	0.792063	0.509248	0.420036	-0.535226	0.75152	-0.91122	0.414661	-0.445917	0.296332	0.333605	-0.088253	0.301585	0.965832	-0.578869	-0.948854	-0.826663	-0.217958	0.683944	0.102469	-0.404768	0.49549	-0.555448	0.641707	-0.594369	-0.943943	-0.961913	0.379866	-0.479518	-0.115573	
0.268684	0.13389	-0.994359	0.892324	0.643482	-0.560795	0.754604	0.944337	-0.861941	0.358569	0.137232	-0.058805	0.906045	-0.172789	0.039927	0.174862	0.99333	-0.006823	-0.128707	-0.117557	-0.649645	0.727949	-0.675159	-0.425455	-0.283791	0.125085	0.468153	-0.657099	0.419822	0.520427	-0.807154	-0.571469	-0.91663	0.995986	0.433762	0.59073	-0.212797	-0.971434	-0.327544	-0.939116	-0.94926	-0.933786	-0.100249	0.749967	-0.217162	0.9565	-0.462603	0.466689	-0.662929	-0.738483	
0.451006	-0.702549	-0.786826	0.961262	-0.623568	-0.169946	-0.860351	-0.861036	0.67343	0.357739	-0.436818	-0.725547	-0.233227	0.80238	-0.920745	0.92665	0.366034	0.732511	0.28937	0.615634	0.428143	0.557753	-0.117204	0.346127	0.725834	0.592031	-0.814593	0.027069	0.900289	0.683722	-0.843451	0.365801	0.14043	-0.473417	0.88364	-0.430381	0.242875	-0.349907	-0.866279	-0.882509	0.706402	0.192225	0.42159	0.071849	0.630645	0.52495	0.28131	0.657017	-0.54612	0.771885	
0.511771	0.623351	0.810467	0.550575	-0.481704	0.081093	0.370258	0.485502	-0.783083	-0.295721	0.651489	-0.486667	0.74562	0.567517	0.110591	0.6015	-0.88299	-0.291916	-0.799337	-0.61548	-0.250285	-0.099252	0.576558	-0.504783	-0.941376	-0.365502	-0.265987	0.158316	0.441988	0.674241	-0.856746	0.206586	0.119926	-0.380065	-0.514055	-0.685201	-0.545847	0.701471	0.19527	0.493209	-0.760577	-0.625784	0.783495	0.312357	-0.33364	0.470642	-0.356205	-0.999166	-0.637104	0.821969	
-0.799101	-0.221661	-0.055616	0.838594	0.725665	0.416177	0.320629	-0.44094	-0.596831	-0.971004	-0.283707	-0.884116	0.152621	0.035927	-0.563858	-0.412808	-0.573772	0.255124	-0.499429	0.959361	-0.986414	0.073391	-0.704526	0.284303	0.468762	0.052983	-0.690373	-0.747876	0.879363	-0.397986	-0.951152	0.439914	-0.633889	-0.394429	0.826575	-0.59934	0.223685	-0.065175	0.637644	0.990195	-0.651053	0.069959	-0.251766	0.640033	0.533309	0.305513	0.236571	-0.12318	0.327356	-0.592961	
0.082374	0.031027	-0.583346	0.61197	-0.067883	0.731342	0.668139	-0.140671	-0.15155	-0.556229	-0.44716	-0.267653	0.603803	-0.945336	0.698121	0.244493	0.303015	0.642148	-0.637509	0.60815	0.710581	-0.813846	0.580555	0.266467	-0.930993	-0.616251	0.810082	0.076604	-0.331348	-0.745129	-0.042318	0.742073	-0.926672	-0.561769	-0.58886	-0.556419	0.385834	0.811386	0.37	-0.289606	0.32578	0.991972	-0.363837	-0.370987	-0.787659	-0.907944	-0.358144	0.730896	-0.358894	0.443783	
0.606921	-0.740499	-0.527147	0.140613	0.621886	-0.429513	-0.256504	-0.531138	0.55838	-0.717434	-0.304614	0.748915	-0.703429	0.424808	-0.132079	-0.386199	-0.858468	0.451954	-0.19433	-0.864608	0.357641	0.710585	-0.741502	-0.735927	0.357906	0.808947	-0.375119	0.544238	-0.119661	-0.006086	0.742793	-0.071134	0.371676	0.286909	0.070013	0.907168	0.66791	-0.590595	0.775888	-0.555551	-0.22797	-0.413183	-0.714475	0.058904	-0.596696	0.749794	-0.498019	0.394333	-0.884512	-0.386596	
-0.09965	-0.951376	0.343849	-0.75684	0.998413	0.757598	-0.482149	-0.114111	-0.950371	0.798993	-0.521086	0.45635	-0.395409	-0.199696	0.100666	-0.585062	-0.543051	0.178258	0.258057	0.786775	0.009272	0.340858	-0.008013	0.192504	-0.790339	0.995245	-0.308783	-0.834953	0.453008	-0.401237	-0.459215	0.443711	0.552779	0.957675	0.653959	-0.274246	-0.551728	0.440816	0.043902	-0.479473	0.94545	0.307558	-0.752523	-0.208188	-0.138689	0.37276	0.810968	-0.719166	0.485995	0.342453	
0.614175	-0.540357	0.222454	-0.982318	0.041782	0.898846	-0.349599	-0.913476	-0.046177	0.052762	-0.167805	-0.07883	-0.341548	0.548121	-0.047007	0.462316	-0.445548	0.854157	-0.100733	0.632431	-0.689903	0.513818	0.64533	0.091069	-0.801558	-0.762904	-0.420436	0.743622	-0.074887	0.097682	-0.181435	0.04652	0.894291	0.132541	-0.060631	-0.659229	-0.102948	-0.06849	0.992148	0.445727	-0.37825	0.66009	-0.936207	0.213461	0.820621	0.991795	0.728827	0.256746	-0.144782	-0.875179	
-0.740326	0.558403	0.949442	-0.643655	0.640025	-0.338828	0.020364	0.181842	-0.64815	-0.884197	-0.641151	0.513003	0.659238	0.86823	-0.907282	-0.967245	-0.520873	0.547906	0.360865	0.162748	-0.236804	0.026917	0.668934	-0.610531	0.877757	-0.688838	0.508365	-0.197677	0.661883	-0.354316	0.566457	-0.530539	-0.701794	0.661371	-0.031331	-0.320195	0.568097	-0.905932	0.391673	-0.25449	0.89478	-0.715224	0.256623	-0.688909	0.14441	-0.700107	0.990122	0.640823	0.349444	-0.742337	
0.541145	-0.098064	0.69051	-0.671817	0.24312	0.513619	0.194591	0.675556	-0.503043	0.560669	-0.895376	0.293105	0.437091	0.593801	-0.669887	0.179322	-0.714234	0.007611	0.51792	0.026399	0.335476	-0.234101	0.285957	-0.860693	-0.80163	0.748656	-0.859605	0.05531	0.825064	-0.998809	-0.019313	-0.35158	0.337923	-0.319146	0.738631	0.054514	0.454232	0.982198	0.821872	-0.944757	-0.917659	0.694846	-0.575115	-0.033953	-0.389601	-0.498792	-0.892681	0.752335	-0.874927	0.227082	
0.675755	-0.072382	-0.015409	0.238738	-0.528797	-0.22121	0.281436	0.940422	-0.607386	-0.818416	-0.765392	0.423075	-0.322085	0.701988	-0.582085	-0.639203	-0.750763	-0.766741	0.816188	0.969448	-0.341859	-0.519395	0.511518	-0.380058	0.424589	-0.142798	0.782371	-0.404231	-0.746927	-0.822595	-0.531102	0.018089	0.765115	-0.289106	0.879545	0.06699	-0.289478	-0.13205	0.890252	-0.67894	-0.721301	-0.922126	0.508127	0.026361	-0.06308	-0.240318	-0.114461	-0.505945	0.953324	0.261026	
0.804668	0.199284	-0.622841	0.140541	0.545386	-0.209247	0.803443	-0.348831	0.79275	0.999519	0.325039	0.908332	0.437423	-0.715349	-0.843423	0.568814	-0.98508	-0.075748	0.711981	0.241447	0.507836	0.12999	-0.171357	-0.906172	-0.5124	-0.751457	-0.353257	-0.266453	-0.544048	0.765094	0.423651	0.086433	0.07245	0.410927	-0.358966	-0.161341	-0.328436	0.123579	0.5182	-0.165966	-0.062466	0.78827	-0.864434	0.466167	-0.531115	-0.564821	0.969362	-0.176951	-0.240361	-0.041968	
-0.416429	0.818539	-0.074595	0.676886	0.492005	0.503737	-0.923204	0.764812	-0.83899	-0.791821	0.85246	-0.134189	-0.436937	-0.415561	-0.191285	-0.331296	0.899903	-0.746211	0.241505	-0.887532	-0.269499	-0.281069	-0.401911	-0.988883	0.279102	-0.449801	-0.449538	-0.939459	0.384185	0.671119	-0.772175	-0.719329	-0.106652	-0.609549	0.950404	0.402796	0.896437	-0.015608	-0.722479	0.331459	0.201851	-0.327338	-0.041398	0.177381	-0.447968	-0.013279	-0.566453	0.818472	-0.823341	0.926185	
-0.869044	0.742779	0.210437	-0.263521	-0.45461	-0.1844	0.711043	0.56615	-0.042164	0.975738	-0.511173	-0.824032	-0.581639	-0.005947	0.090207	0.100762	0.762641	-0.847707	-0.803752	-0.533738	-0.444137	0.95373	0.555452	0.345105	-0.06142	0.998743	-0.968722	-0.556626	-0.02871	-0.257808	0.225903	-0.678106	-0.052095	0.185496	-0.389986	0.726017	-0.730693	-0.323467	0.984663	0.07098	0.794671	-0.246035	-0.153033	0.121982	0.138251	0.518543	-0.774382	-0.22433	0.824157	-0.273158	
-0.815655	0.953627	0.430083	-0.03099	0.037265	0.830803	-0.454037	0.507823	-0.666735	-0.682317	-0.2855	0.918655	-0.750507	-0.192713	0.199845	0.298667	-0.388665	-0.067463	0.698998	0.973044	0.810543	0.316401	0.824392	0.690153	0.039527	0.214334	-0.673081	-0.024958	-0.705288	0.254235	-0.298267	0.806848	0.580794	-0.307805	0.373659	0.194103	0.799655	-0.98634	0.051222	0.860087	0.005275	-0.238341	0.681114	-0.963173	0.879559	-0.948165	-0.094736	-0.483623	0.362582	-0.588958	
0.64677	-0.415512	0.226475	-0.077886	-0.880472	-0.86704	0.466179	0.327652	-0.162121	0.826628	-0.606212	-0.698289	-0.039843	-0.179709	0.477611	-0.661581	0.526176	-0.89087	-0.344776	0.688124	-0.000718	0.276222	-0.052861	-0.829564	0.644476	0.68076	0.472931	-0.62863	0.561759	0.157173	-0.759304	0.426465	-0.671451	-0.370195	-0.94566	-0.575509	-0.223146	-0.695533	0.063384	0.953874	-0.219985	-0.404418	0.270947	0.080973	0.260962	0.471449	-0.717444	-0.792604	0.7027	0.498075	
0.09817	0.762783	-0.900873	0.23535	-0.074966	-0.092206	-0.907458	-0.132139	0.845165	-0.283111	-0.332628	0.425126	0.043777	-0.651678	0.204704	0.692602	-0.594803	-0.547828	-0.241306	-0.287006	0.450869	0.903584	-0.261007	-0.917009	0.920064	0.475504	0.437026	-0.240691	-0.513378	0.585241	-0.329441	-0.709134	-0.474203	-0.887913	0.283536	0.188892	0.033133	-0.897682	0.599335	-0.797794	0.22276	-0.091927	0.087074	-0.214861	-0.817823	0.670497	-0.967408	0.508366	-0.655348	-0.699858	
0.735084	0.011645	0.869178	0.529409	0.166686	-0.034539	-0.894327	-0.491784	-0.092938	0.930821	-0.258949	-0.866024	-0.323229	-0.22061	-0.424157	0.373833	0.858757	0.225557	-0.911676	0.731072	0.022233	-0.764042	-0.180731	0.853009	-0.827125	0.931883	-0.255044	-0.157347	-0.788287	-0.423704	0.784263	-0.555899	0.209815	-0.140623	0.886147	0.124265	0.14289	-0.853571	0.404684	-0.675966	-0.004477	-0.143744	-0.056311	0.436568	0.50344	-0.538043	-0.600467	0.831523	0.452221	0.352977	
0.792817	-0.295178	0.447447	-0.749656	0.078926	-0.16758	-0.828616	-0.788046	0.805539	-0.780413	-0.914279	-0.219835	-0.145544	-0.270818	-0.058261	0.615005	0.894923	-0.723184	-0.141794	-0.098091	-0.219905	-0.505475	-0.173558	-0.735919	0.786395	-0.340148	-0.585036	-0.32417	-0.416911	0.530528	-0.991175	-0.584764	0.680573	0.073562	-0.456486	-0.206423	-0.924987	-0.77551	0.139838	0.850278	-0.206269	0.300728	-0.833699	-0.237647	0.395741	-0.983462	0.619395	0.959962	-0.856677	0.844989	
0.240834	0.02722	0.394425	0.9507	-0.133808	-0.815889	-0.599902	0.732014	-0.201675	0.084169	0.487404	0.490819	0.688039	0.311598	0.642758	0.722548	0.652834	0.098686	-0.917421	0.65817	-0.154755	0.608121	-0.326499	0.642124	-0.788466	-0.630725	0.548727	-0.094293	-0.847983	0.743944	-0.58386	-0.906377	-0.600184	-0.505099	0.77689	-0.992985	-0.984499	0.969092	-0.993945	0.471689	-0.516242	0.697872	0.992683	0.429854	0.665303	0.489451	-0.293181	-0.129788	0.257408	-0.836654	
-0.560064	0.464698	0.410469	-0.445868	0.852773	0.501622	-0.890551	-0.378208	-0.405362	-0.270629	0.446242	0.481319	0.818325	0.111075	0.138521	0.871849	0.198224	-0.620793	0.611404	-0.098302	-0.01156	0.569757	0.517859	0.289791	-0.745231	-0.437661	0.130196	-0.048105	-0.003201	-0.998573	0.27753	0.616233	-0.626589	0.963178	-0.397583	0.027324	-0.801795	-0.086886	-0.685784	-0.416279	0.000473	-0.441636	0.28892	-0.780625	-0.849117	-0.605788	0.5454	-0.064532	-0.606688	0.910421	
0.285062	0.405297	0.941954	0.51456	0.471396	-0.368917	-0.971927	0.916149	-0.391536	0.968489	0.095429	0.547726	-0.809165	0.639958	0.102786	-0.457313	0.878254	-0.441602	0.846656	-0.327989	-0.003625	0.68172	0.173288	0.860888	-0.858989	0.14689	-0.375652	0.659442	-0.42464	-0.457203	0.428133	0.498686	0.191086	-0.243364	0.478555	-0.388001	0.145616	0.689745	0.425011	0.599942	0.347295	-0.192162	-0.37259	0.939991	-0.8644	-0.87922	0.325062	0.170695	0.534312	-0.588775	
0.754644	0.536975	0.261213	0.97786	0.465582	-0.767327	-0.125638	0.050079	0.82006	-0.894085	-0.264018	-0.059184	0.781218	-0.851094	0.590156	0.762589	0.458086	-0.805346	-0.434739	0.153902	-0.997224	-0.775098	0.770227	0.279557	0.967675	0.063	-0.289647	-0.044373	0.372471	0.358909	-0.049761	-0.157847	-0.431618	0.838585	0.651848	-0.293751	-0.07711	0.913577	-0.297333	-0.083966	0.98101	0.581724	-0.554239	-0.148519	-0.695354	-0.30613	-0.108747	-0.531408	0.190026	0.565972	
-0.029719	-0.009681	0.879682	-0.703623	-0.604328	0.962465	0.975371	-0.905921	-0.031296	-0.859614	-0.71441	-0.412373	0.397474	0.628828	0.955613	-0.573807	0.527423	-0.903544	-0.510872	0.92732	0.676107	0.548554	0.332764	-0.315326	0.536625	-0.487174	-0.13752	-0.559822	0.697204	0.343364	0.385808	-0.855485	-0.38882	0.785499	-0.552731	0.23367	0.182893	-0.849644	-0.516101	0.293344	-0.264498	0.797859	-0.920297	-0.689825	0.553465	0.488464	-0.345179	0.070686	0.884002	-0.8216	
-0.580297	0.104579	-0.953671	-0.661205	0.29606	0.803656	0.465249	-0.441123	-0.878637	-0.696883	-0.423851	-0.431575	-0.573291	0.551247	-0.328656	0.683938	-0.381157	0.944159	0.725095	0.738354	0.870395	0.726022	-0.773696	-0.558941	-0.250102	-0.977184	0.006065	-0.475165	0.520759	0.545024	0.069662	-0.239666	-0.243188	-0.600229	0.18157	0.094304	0.985041	-0.466982	0.898837	0.336957	-0.607757	0.795849	0.636093	0.030454	-0.637078	-0.014487	-0.698925	-0.013693	-0.474919	-0.223154	
-0.914054	-0.850573	-0.262408	-0.665515	-0.145464	-0.900282	0.548351	-0.200414	-0.784395	-0.886025	0.829051	-0.591837	-0.38321	-0.771589	-0.29705	-0.733621	0.383954	-0.888884	0.040526	-0.507167	0.13535	0.822695	0.307799	-0.839528	-0.990624	0.920848	0.698115	0.21707	0.663624	0.155659	-0.752461	-0.099744	-0.299547	-0.076759	0.020822	0.076741	0.253463	-0.83756	-0.640612	-0.263946	-0.913116	-0.025985	0.98522	-0.827081	0.151424	0.085898	-0.415666	-0.448953	0.992276	-0.257224	
0.743571	-0.25288	-0.021844	0.731813	0.802504	0.017042	-0.578306	0.571851	0.108236	0.429588	-0.403235	0.328081	0.688338	0.593061	0.846465	-0.948433	-0.133316	-0.227246	0.523544	-0.034358	-0.529255	-0.490091	-0.960909	-0.022858	-0.679711	0.128478	0.119438	-0.315773	-0.705848	0.717626	-0.767459	0.825668	-0.738058	0.843043	-0.461078	-0.546271	0.282705	-0.865163	-0.155705	0.117246	-0.91674	-0.219202	0.413299	0.105466	0.21257	-0.765593	0.916875	0.52318	0.695478	0.290454	
0.999299	0.526873	0.110674	-0.112669	0.016469	0.649977	-0.964557	-0.483209	-0.378831	0.389802	-0.28844	-0.205762	-0.643794	-0.809045	0.952007	-0.499749	0.622772	0.545592	0.362994	0.304848	0.529603	-0.98202	0.089167	0.813793	0.754022	-0.173968	-0.57637	-0.285634	-0.249223	-0.210864	0.302523	-0.535878	0.599058	-0.973017	0.453877	-0.858605	0.60142	-0.501817	0.187937	0.970498	-0.90909	0.418352	0.341764	-0.825273	0.029918	0.546422	0.005608	-0.82022	0.232776	0.610622	
0.480701	0.874195	-0.431767	0.032931	0.543793	0.299632	0.99074	-0.593462	-0.838841	-0.925376	0.594012	-0.911815	0.366916	-0.673657	-0.887379	0.36935	-0.734226	0.478053	0.390454	0.689565	0.755642	0.39999	0.802859	0.724965	0.608218	-0.658285	0.891121	-0.011065	-0.706771	-0.520888	0.057317	-0.155076	-0.735542	-0.054314	-0.056444	0.183302	-0.43953	0.391752	-0.960381	0.756961	-0.176602	-0.424607	-0.271824	0.941805	-0.228016	-0.310223	0.20513	-0.780348	0.058749	-0.937497	
-0.641119	0.722103	-0.442185	0.274562	-0.239723	-0.871053	0.311606	-0.105379	0.313566	0.115667	0.010846	-0.710099	-0.729258	-0.540172	0.790512	-0.123598	-0.104168	0.510563	-0.678322	-0.647797	0.083777	0.914929	0.201047	-0.256302	-0.523454	0.173864	0.733366	0.943759	0.44365	-0.890365	-0.990199	-0.787428	0.061916	0.786978	0.154195	0.647553	-0.15198	0.695809	-0.097425	0.465216	0.256025	-0.553725	0.105773	-0.956635	0.375484	-0.099724	0.058193	0.555246	-0.571189	-0.914147	
0.263272	-0.078171	0.070695	0.303382	0.245941	-0.828139	0.386504	0.970465	0.410113	0.510485	0.647551	0.366684	-0.822717	0.870964	-0.673824	-0.715431	-0.662642	-0.361277	0.085751	-0.976655	0.024071	0.796846	-0.30824	0.735162	-0.643879	-0.591411	0.547552	0.763422	0.862945	-0.967513	0.374329	0.080897	0.98235	-0.775882	-0.923813	0.590157	-0.105518	-0.262125	-0.054163	0.294649	0.907707	-0.533061	0.962856	0.523565	0.082284	0.922557	0.010727	0.501303	-0.287494	-0.889249	
-0.29599	-0.110204	0.018455	-0.596988	-0.0127	0.494741	-0.526427	0.998176	-0.053819	0.095478	0.946397	0.181298	0.76816	-0.22963	-0.069349	0.565999	0.179087	-0.710603	0.230681	-0.586858	-0.920652	-0.285328	0.079767	-0.015216	-0.005596	0.757897	-0.464139	0.644769	0.496159	-0.995744	0.281031	-0.107415	-0.378522	0.687121	-0.637513	0.198624	-0.771396	-0.995977	0.276791	-0.987999	0.761227	0.508901	0.797002	0.136428	0.420601	-0.710747	-0.321227	0.479039	-0.199486	-0.146131	
0.370718	-0.760975	0.066955	-0.034232	-0.514024	-0.898486	-0.399373	-0.492134	0.538811	-0.03004	0.383286	0.473243	-0.704781	0.480704	0.088284	-0.039096	0.183529	0.706199	-0.827426	-0.94907	-0.941112	0.902417	-0.646355	0.954061	-0.907897	0.476336	0.45342	0.328658	-0.684423	-0.663551	0.273397	0.303396	0.141512	0.796594	-0.435384	0.521425	-0.869525	0.184113	-0.463461	0.379352	-0.107348	0.631382	0.17031	0.391399	-0.991962	-0.533146	0.097497	0.11101	-0.521128	-0.506839	
0.158509	0.382706	0.68657	-0.578011	0.148887	-0.116578	-0.811271	-0.336051	0.606883	0.558129	-0.068296	0.37257	0.822561	0.032103	-0.051162	-0.378413	0.988809	-0.683575	0.639113	0.430021	0.767679	-0.284562	0.430681	-0.926884	0.195657	-0.751632	0.713362	-0.466654	-0.759359	-0.906391	0.875841	-0.059186	-0.545621	-0.498877	-0.027527	0.928695	-0.474075	0.662238	0.639401	0.523977	0.314147	0.416898	0.289111	0.780827	-0.724083	-0.093852	-0.092267	-0.958734	-0.807433	-0.256188	
-0.251964	-0.875123	-0.325188	-0.647125	0.412527	0.545804	-0.360098	-0.862405	0.965745	0.125054	-0.17737	0.307077	0.052876	-0.609209	0.99908	-0.212716	0.694956	0.515937	-0.865777	0.940112	0.993053	0.716532	0.152619	0.695299	-0.580382	-0.959233	0.58537	-0.898902	0.328126	0.82877	-0.10286	-0.184497	0.929598	0.290772	-0.473764	0.301909	0.967033	-0.52162	0.120921	0.715634	0.707692	-0.725947	0.497579	0.102799	-0.977055	0.602793	-0.532553	0.729232	0.264376	0.660981	
0.855635	0.756683	0.404837	0.938201	0.497686	-0.943262	-0.558489	0.146154	-0.699159	0.779095	0.927866	0.434219	0.870894	0.906331	-0.502102	0.585089	-0.408265	-0.075316	0.101654	0.498254	0.14319	-0.467908	-0.934379	-0.067279	-0.703462	-0.711335	-0.786485	0.209044	-0.380538	0.351206	0.697425	-0.763457	-0.078757	0.640523	0.774391	-0.920778	0.978103	-0.732062	-0.093528	0.943396	0.070793	-0.722414	-0.391594	0.003049	0.514084	-0.080724	-0.167234	0.714866	-0.695067	-0.215847	
-0.581649	0.10273	-0.292672	0.425229	0.999009	-0.121459	-0.072368	0.862047	0.830968	-0.295562	-0.379469	-0.351471	0.644795	0.934552	0.39121	-0.17605	0.265494	-0.110314	-0.276902	-0.420346	-0.156164	0.964362	0.752242	-0.5815	-0.916064	-0.732745	-0.509126	0.960247	-0.972833	-0.713355	-0.315253	0.823064	-0.766227	0.845914	0.50304	-0.940203	-0.905894	-0.213773	-0.380979	0.068019	0.37512	0.024307	0.035494	-0.275462	0.204128	0.560301	0.472069	0.173941	-0.68577	-0.512244	
-0.73697	0.505713	0.577981	-0.193774	-0.455453	-0.847311	-0.997362	0.343897	-0.721892	0.34172	-0.301626	0.612805	-0.256303	0.118076	0.607051	-0.198171	-0.495971	-0.898249	0.811009	-0.79169	0.708924	0.795182	-0.529557	-0.483156	-0.377182	-0.562328	-0.139567	0.071612	-0.408927	-0.619644	0.360753	-0.258188	-0.280248	0.176024	-0.598194	-0.212133	0.306393	-0.134167	0.652318	-0.485982	0.744436	0.160243	-0.465829	0.423967	0.490874	-0.085946	0.985861	0.974396	0.59221	0.258877	
0.155431	-0.100791	0.120586	-0.101837	0.590108	-0.233868	0.881496	-0.036996	-0.886316	0.382855	-0.467591	0.208271	-0.653174	-0.718107	0.074412	0.605061	0.309257	-0.167461	-0.102992	-0.04326	0.762302	0.065304	0.597811	-0.299331	-0.016653	-0.651677	-0.782267	0.568765	0.490929	0.582273	0.539724	-0.619066	0.856165	0.621936	0.635252	-0.799891	-0.680169	-0.360083	0.036315	0.830445	-0.01924	-0.887568	0.864696	0.159693	-0.960833	0.585784	-0.120581	-0.474941	0.760764	-0.659362	
-0.477508	0.361985	-0.138546	0.055537	0.744512	-0.439043	0.599859	-0.1157	-0.126143	-0.425292	0.447634	0.572974	0.367074	-0.866419	-0.894515	-0.673507	-0.474375	0.666112	0.27317	0.031042	0.233425	0.601425	-0.467453	-0.888417	0.649667	-0.921645	0.245768	0.347087	0.940452	-0.549759	-0.533262	0.909652	-0.644511	0.708344	0.231202	0.908878	0.736717	0.129481	0.392096	0.248001	0.832836	-0.406197	0.980208	-0.863819	0.536933	-0.432598	0.391865	0.04528	0.536444	-0.807818	
0.64985	-0.592568	-0.774553	-0.202442	-0.761046	-0.266489	-0.808045	0.68841	-0.352851	-0.386014	0.447905	0.281935	-0.678027	0.42872	-0.148029	-0.116642	-0.683317	0.336157	0.271648	-0.026027	-0.445968	0.783567	0.505321	-0.562227	-0.938073	-0.158381	0.648114	-0.456919	0.432916	0.563115	-0.862409	0.096348	-0.959235	-0.90132	0.549916	0.949292	-0.645921	0.275984	0.473792	-0.09807	-0.77547	-0.802985	0.999609	-0.501292	-0.048431	0.65828	0.412226	-0.696716	0.227042	-0.056495	
0.146586	-0.255637	0.922963	0.452067	-0.771802	0.166074	-0.578757	0.457165	-0.894703	0.519126	0.74303	0.54696	0.340158	0.647762	-0.832684	0.500033	0.65195	-0.475775	0.645329	0.074859	-0.398709	0.506391	0.291518	0.749586	0.246943	0.744014	0.871974	0.596013	0.163053	-0.159865	0.568884	-0.72145	0.350178	0.502826	-0.897867	-0.911288	0.57233	-0.559768	0.043588	-0.000798	0.102189	0.299497	0.648042	0.837613	-0.189102	0.434907	0.303366	-0.266414	-0.928852	0.218534	
-0.449473	0.777166	0.057439	-0.941501	-0.011276	0.174655	0.779989	0.849925	-0.45495	0.575115	0.776731	0.715893	-0.211563	0.059811	-0.285037	-0.046824	-0.146663	0.301127	-0.265275	-0.601866	-0.875376	-0.560514	0.915902	-0.495471	0.398386	0.705503	-0.04376	-0.628016	-0.944416	0.81896	0.990971	-0.108936	0.58697	0.946395	-0.527649	-0.923556	0.750872	-0.448381	-0.06904	0.444202	-0.896295	-0.223074	0.261832	0.634461	0.62556	-0.577238	-0.094564	-0.415079	-0.317404	-0.105685	
-0.471268	-0.585307	-0.72706	-0.325196	0.118329	0.450208	-0.906192	-0.940906	0.305858	0.225823	0.569874	-0.66187	-0.683491	0.553673	-0.872315	-0.183155	-0.765519	-0.918639	0.038095	0.199705	0.383366	0.804726	-0.411154	-0.529194	0.316342	-0.936649	0.25766	0.603816	-0.306341	-0.575834	0.330666	-0.711689	-0.369964	0.007897	-0.828215	0.761504	0.091102	-0.28848	0.80115	-0.371827	-0.951115	0.338097	0.329667	0.907227	-0.558668	-0.114395	0.832657	-0.135865	-0.613467	-0.256023	
-0.722116	-0.380779	-0.13857	-0.750722	-0.155497	0.687806	-0.6056	0.874453	-0.136724	-0.62428	-0.471853	-0.575422	0.080353	0.521768	-0.786062	-0.77767	-0.923277	0.192653	0.31174	-0.816998	0.223023	0.523664	0.952984	0.222744	-0.156371	0.848491	-0.385514	0.072639	0.580737	0.897866	0.761532	-0.473436	-0.251075	-0.726644	-0.305628	-0.460496	0.572451	-0.484865	-0.10016	-0.933843	0.57604	-0.699225	-0.119459	0.769458	-0.846296	-0.25848	0.913136	-0.703671	-0.050495	-0.646352	
0.559031	0.33692	0.103879	0.262078	-0.755856	0.996609	-0.183334	0.843055	-0.375271	0.637457	-0.658804	0.031363	0.464732	-0.043895	0.743443	-0.220943	0.834743	-0.486162	0.400217	-0.821215	0.949889	0.850414	0.32552	-0.003116	0.513795	0.727662	0.868737	0.799001	-0.751122	0.430159	-0.733124	0.556814	-0.10699	0.258705	0.779334	0.625782	-0.912697	0.146223	-0.309687	0.594567	0.702625	0.321288	0.800595	-0.482979	-0.675575	0.370889	0.76012	-0.406468	0.362475	0.291578	
0.80987	-0.089603	-0.646668	-0.489715	0.158318	-0.109213	-0.387233	-0.373365	-0.433209	-0.802097	0.857743	-0.174047	-0.961874	-0.179745	-0.657008	-0.819235	-0.792135	0.9351	0.935784	-0.717329	0.564175	-0.784234	0.49576	0.91769	-0.652283	-0.257951	-0.43148	-0.106426	0.439905	-0.784962	-0.115606	-0.141895	0.357444	-0.686626	-0.535547	0.87493	-0.062068	-0.179605	-0.203057	0.030501	0.632824	-0.154941	0.474136	0.775338	0.487794	0.751839	-0.123378	0.174706	0.709461	0.017519	
0.055564	-0.903398	0.441389	-0.98	-0.659801	-0.71471	-0.345145	-0.060717	0.748433	-0.191291	-0.008095	-0.20994	-0.639646	-0.774992	0.332743	0.212042	-0.606993	0.863478	-0.02593	-0.467159	-0.912081	-0.885079	0.389248	0.253569	0.539715	0.119066	-0.253979	0.044709	0.953416	0.707261	-0.67161	-0.455913	0.957792	0.590488	-0.849308	0.324503	-0.413121	-0.670615	0.45622	0.000692	0.660354	0.689901	-0.755309	0.521165	-0.668802	-0.721567	-0.970428	0.100208	0.574659	0.228354	
0.652941	0.525643	0.26459	0.152033	-0.508545	-0.043311	0.900819	-0.917705	-0.944163	-0.773048	0.058346	-0.99279	-0.015921	-0.005473	0.976069	-0.06171	-0.886801	0.068157	-0.446982	0.001781	-0.040303	-0.447295	-0.183951	-0.668505	-0.888139	-0.993528	-0.786914	-0.594704	-0.039352	0.489906	0.999735	0.684206	0.773278	0.628432	0.402969	0.033572	0.495811	0.133796	0.274497	0.499615	0.210016	0.913892	-0.232032	-0.071526	0.063394	0.834358	-0.731664	0.908145	0.680351	0.2876	
0.471487	0.374005	-0.019141	0.628468	0.402482	-0.550236	0.848722	-0.070392	-0.368889	-0.467768	0.44818	0.839922	-0.681106	0.560903	-0.103353	-0.232197	-0.724595	-0.626399	-0.349879	0.021768	-0.166898	0.833423	-0.243092	-0.702202	-0.874845	0.77106	-0.276585	0.370717	-0.520156	0.513335	0.953145	0.052091	0.319703	-0.709093	-0.34319	0.792998	-0.55175	-0.184488	-0.212119	-0.03831	-0.688691	0.156262	0.896299	-0.501041	0.661628	0.906306	0.470464	0.214789	-0.183217	-0.259111	
0.628133	-0.673112	-0.576137	-0.70063	0.533329	-0.2498	-0.217469	0.039661	-0.182146	-0.119506	-0.501054	-0.381148	0.458153	0.329495	0.844811	0.799238	0.894308	-0.472324	0.321758	0.249019	-0.312066	-0.509707	-0.240696	0.552036	0.927413	0.212045	-0.249967	-0.782256	0.124153	-0.186208	0.637017	-0.347652	-0.075554	0.225675	-0.048525	0.994882	0.467005	-0.146158	-0.849604	0.342219	-0.769205	-0.294947	0.402005	-0.144233	0.562855	0.454942	0.022609	0.857444	-0.516262	0.470488	
0.354592	0.017587	0.026847	-0.690631	-0.921841	0.419363	-0.942773	-0.845057	-0.111056	-0.967704	0.647649	0.653739	0.436477	-0.576695	0.761705	0.301689	-0.643993	0.833561	-0.853848	0.61365	0.866509	0.884581	-0.13595	-0.458467	-0.042226	0.347194	0.285039	-0.424559	0.808856	-0.927099	-0.103596	0.357199	-0.965754	0.949773	-0.696993	-0.508038	0.917107	-0.832791	-0.388557	0.825451	0.697601	0.342235	0.344879	-0.844689	-0.550362	-0.59598	-0.42754	-0.093957	0.613148	-0.751625	
-0.15656	-0.990067	0.982778	-0.203468	0.764727	0.769826	-0.271258	-0.024982	0.765368	0.261951	-0.049253	0.339985	-0.172533	0.735649	-0.814823	-0.130012	0.265408	-0.282478	0.13145	0.898013	0.51157	-0.614613	-0.047953	-0.770871	0.124161	0.04766	-0.209991	-0.272052	-0.130217	-0.249241	0.135655	0.377653	0.6604	0.907744	0.588487	-0.361582	-0.785468	-0.327053	-0.144229	-0.083168	-0.755168	-0.018817	-0.790788	-0.31617	0.074689	0.638976	0.594657	0.363151	0.30808	0.880224	
-0.581494	-0.947347	0.748105	-0.851866	-0.057751	-0.974506	-0.554977	0.862218	0.988811	0.830728	0.571127	0.846525	0.018398	-0.628951	-0.879189	0.726766	0.811153	0.445286	0.66794	0.576298	-0.148606	0.124984	0.57473	-0.690846	0.602847	-0.042093	-0.573894	0.808604	-0.659258	-0.829777	-0.865171	-0.32869	0.443	0.846919	0.81558	0.84874	-0.591345	-0.06699	-0.813957	-0.481192	0.060787	0.633107	0.09249	-0.736093	-0.26379	0.839677	-0.269577	0.7539	0.089882	0.339982	
0.978959	-0.03731	0.684729	0.245757	0.509655	0.299927	0.025285	0.603883	-0.945215	0.615527	-0.304784	0.844732	0.067524	-0.532978	0.823011	0.290838	-0.21025	-0.866145	0.438565	-0.174905	0.088434	-0.323729	0.646682	0.435814	-0.875759	0.129462	-0.192068	-0.45415	0.671076	0.695571	0.909509	-0.506165	-0.889816	-0.300434	-0.717813	-0.064259	0.203227	-0.458723	-0.941539	-0.811564	-0.395002	-0.218797	-0.758702	-0.524112	-0.260523	0.846363	0.875367	0.857982	0.711233	0.94522	
0.478969	-0.480513	-0.01486	0.94872	-0.123373	0.631761	0.883834	-0.735706	-0.502127	-0.828761	-0.785901	0.54231	0.243558	-0.134407	0.956829	-0.850057	-0.626743	-0.648362	0.701189	0.626377	-0.855866	0.352744	-0.666564	0.821108	-0.799088	0.965762	0.106142	0.873307	0.812624	-0.633228	-0.776346	0.299138	0.064989	0.079215	0.798033	0.504755	-0.918946	0.383835	-0.986646	-0.272038	0.467344	0.869393	0.688726	-0.295854	0.975912	-0.175503	0.666184	0.239975	-0.599695	-0.445725	
0.194724	0.133983	0.261376	0.055129	-0.216474	-0.186693	-0.815148	-0.787088	0.609413	0.469386	-0.3878	0.76244	-0.999764	0.49315	0.499376	-0.950013	-0.30807	-0.291361	0.400824	-0.020017	0.134321	-0.631976	-0.60787	0.090607	-0.351613	0.408003	0.442525	-0.042627	0.449029	-0.720224	-0.450062	0.601576	0.174402	0.730829	-0.726117	-0.3808	-0.173831	0.168982	-0.049364	-0.838343	0.834041	-0.776493	-0.878124	0.795812	-0.37374	0.489886	0.02606	-0.01567	0.105204	-0.273524	
0.432922	0.671472	-0.200133	-0.241204	0.951304	0.482014	-0.287479	-0.59893	-0.585433	0.133299	-0.745266	0.422392	0.10272	0.108394	-0.49351	0.195118	-0.161539	0.863799	0.170053	-0.924985	0.686359	-0.244984	-0.780935	-0.667395	0.567716	-0.627382	-0.789585	0.744596	-0.908549	-0.002393	-0.583836	-0.157408	-0.746648	0.53999	-0.491717	-0.61729	-0.557295	0.255932	0.400946	-0.20169	-0.949971	-0.747491	0.760266	-0.109259	-0.463932	-0.310051	-0.188407	0.448238	0.297331	0.4854	
0.018847	0.623225	0.447643	-0.630482	0.055745	0.952159	-0.644406	0.475941	-0.163338	0.45769	-0.253746	0.137311	-0.96793	0.656413	0.694784	-0.235159	-0.461527	0.414639	0.779042	0.763314	-0.21949	-0.90692	-0.780062	-0.657805	-0.260786	-0.193943	-0.980553	-0.914703	-0.64159	-0.638746	-0.940042	-0.408741	0.368816	0.550984	-0.36106	-0.569017	-0.044947	-0.209133	-0.132444	0.343926	-0.489754	-0.383409	-0.129968	0.441493	0.928943	0.92101	0.369468	0.213199	-0.847129	-0.084637	
-0.079495	-0.044222	0.267484	-0.158853	0.674106	-0.792671	0.701837	0.384607	-0.916952	0.033071	-0.261866	0.207584	-0.533497	0.373239	-0.456523	-0.207851	0.886238	-0.789791	-0.27386	-0.509085	-0.991256	0.893112	0.287363	0.034543	-0.847376	0.610005	-0.548911	-0.37824	0.253178	0.498982	0.244793	0.269501	0.887113	0.468852	0.77859	0.331215	0.979336	-0.924087	0.360112	-0.474302	-0.944161	0.161645	-0.481718	-0.439757	-0.011334	0.191932	-0.251657	0.373186	-0.159121	0.709382	
-0.602259	-0.32727	0.036148	0.927711	-0.606803	-0.921179	0.668026	-0.002446	0.506736	0.8058	-0.579862	-0.878507	-0.631629	0.706658	0.984222	0.079216	0.692787	0.425515	-0.768989	-0.850058	0.894371	-0.220092	0.869585	-0.52744	0.107068	-0.275432	0.421841	-0.701859	0.165015	0.819855	-0.175913	-0.923152	-0.355391	-0.349593	0.56112	0.20794	-0.945623	-0.486476	0.154562	0.307878	0.447025	0.163727	0.754181	-0.047366	-0.185677	0.2769	0.483879	-0.070465	-0.977074	-0.041747	
0.384343	0.720252	-0.656708	-0.004028	-0.378556	-0.127713	-0.469683	0.675308	-0.395119	0.229331	0.274406	-0.922593	-0.053063	-0.530661	-0.803632	0.950965	0.538394	0.750598	0.167841	-0.661757	-0.134083	0.206728	0.116448	-0.763033	-0.014647	-0.414922	0.145741	-0.552468	0.845417	-0.981546	-0.94073	0.289034	-0.601426	0.287041	-0.052974	0.658365	-5.6e-05	0.511789	-0.213675	0.305685	0.848749	0.094066	-0.992179	-0.109408	0.508713	0.927377	0.638632	-0.89898	0.868444	-0.675348	
0.683306	-0.83842	-0.279442	-0.006269	-0.346889	-0.009653	-0.28594	-0.918256	-0.159721	0.31017	0.871051	0.459285	0.075161	0.668168	0.303001	-0.995034	0.0358	-0.066932	-0.00514	0.920394	-0.108297	-0.508959	0.743727	0.826838	0.269465	-0.823308	0.049825	0.655473	-0.283323	-0.902822	0.483416	-0.783988	-0.71856	0.483006	0.472865	0.205224	-0.704581	0.658314	0.529585	-0.520847	0.684615	0.027706	-0.731188	-0.911509	0.855454	-0.712769	0.669863	-0.605551	0.296813	0.935879	
-0.776319	-0.772878	-0.53512	0.536946	-0.309408	-0.780566	0.743716	-0.767286	-0.902511	0.250812	-0.293697	-0.461784	-0.057263	0.120871	-0.725926	-0.032329	-0.954794	0.230331	-0.417007	0.798246	-0.053718	0.541566	0.096918	0.554723	-0.190646	-0.096894	-0.092993	-0.125946	0.617583	-0.70433	-0.692401	0.32829	-0.688507	0.51175	-0.286893	-0.648886	0.124658	-0.747413	0.238707	-0.319673	-0.039424	0.085368	-0.013674	0.965477	0.556887	-0.748294	0.19291	0.009962	0.267734	-0.979594	
0.155614	0.005743	0.281551	0.429473	-0.851845	0.261984	-0.883726	0.4266	-0.132177	-0.806246	0.61944	-0.897748	-0.313474	0.912502	0.532188	0.089091	0.821072	-0.436482	-0.624525	-0.103742	0.07279	0.580515	0.558742	0.365761	-0.443492	0.733024	-0.333715	0.101826	-0.99173	0.019858	-0.13133	0.456848	0.877596	-0.36335	0.02443	0.152671	0.289246	-0.061654	-0.477494	-0.994922	-0.769605	-0.963689	0.835593	-0.322391	0.976151	0.362772	-0.113743	-0.889549	0.395294	0.015995	
0.095687	0.786856	-0.938591	-0.135572	-0.218189	0.910768	-0.890333	0.162426	-0.246999	0.452921	-0.086751	-0.703023	0.818381	0.775356	0.743145	0.209609	0.419073	0.280557	0.458463	0.504256	-0.456656	0.332421	0.116957	-0.759089	-0.429367	-0.329719	0.890554	-0.023754	0.014104	-0.238437	-0.237395	0.292085	0.285214	0.319318	0.201898	0.22593	0.6307	0.568516	0.649022	-0.433552	-0.090918	-0.029042	-0.826765	-0.301601	-0.344132	-0.12055	0.864049	-0.982198	-0.295874	-0.666165	
-0.34401	0.953023	-0.381595	0.02085	-0.139451	0.649917	0.752256	-0.492004	-0.416485	0.390179	0.109092	-0.951036	0.597507	0.715742	0.89952	0.998928	-0.901246	0.375506	-0.868124	0.378362	0.356383	0.412974	0.863875	-0.455759	-0.378922	0.017203	0.981618	-0.303377	-0.542559	-0.030756	-0.666175	0.393228	-0.770119	-0.425401	0.749371	0.609678	0.133222	0.00867	-0.110185	-0.120394	-0.960621	0.983757	-0.816549	-0.773169	-0.818044	0.229192	0.396419	0.193358	0.733949	0.109831	
0.647747	-0.220173	-0.96804	-0.323443	0.857809	0.740954	-0.282689	-0.660412	-0.899581	-0.558984	-0.782489	0.758505	-0.245192	-0.532768	0.512221	-0.735062	0.856533	0.087677	-0.90609	0.084321	0.770411	0.784568	0.390561	-0.705891	0.545754	-0.020796	-0.992634	0.057777	0.497722	-0.795389	-0.610985	-0.002273	0.457897	-0.267828	-0.43611	-0.247654	-0.458745	-0.072854	-0.566366	0.50927	-0.869184	0.876497	-0.328821	-0.883134	-0.930627	0.957466	0.59893	-0.236241	0.076053	0.029146	
0.004869	0.004523	0.040916	0.007582	0.016709	0.035154	0.011545	0.011081	0.000163	0.007313	0.027226	0.00279	0.031288	0.00441	0.023882	0.039262	0.007351	0.009652	0.041217	0.03321	0.017998	0.009607	0.040156	0.019436	0.039689	0.021069	0.027273	0.013125	0.024046	0.023756	0.003431	0.007683	0.027787	0.012693	0.025858	0.041791	0.021894	0.016287	0.011596	0.00911	0.001572	0.036454	0.010685	0.031466	0.030849	0.030087	0.0332	0.018311	0.027952	0.004996	
0.013721	0.026621	0.0372	0.030135	0.033218	0.018922	0.040538	0.013347	0.028503	0.00254	0.018258	0.016945	0.007801	0.010498	0.02927	0.020078	0.00545	0.000888	0.011038	0.015285	0.02048	0.013858	0.039042	0.031535	0.029744	0.03366	0.002388	0.008391	0.040543	0.025692	0.022585	0.014746	0.013467	0.003594	0.030959	0.015496	0.015723	0.007515	0.00267	0.03654	0.022781	0.038986	0.037274	0.005842	0.005448	0.037303	0.015746	0.014162	0.031009	0.002565	
0.034309	0.010949	0.025285	0.02206	0.023209	0.028967	0.024681	0.02048	0.036463	0.025251	0.02577	0.025855	0.014643	0.026599	0.026124	0.028727	0.007148	0.029414	0.030974	0.031529	0.001095	0.023013	0.02221	0.036453	0.036836	0.011053	0.007046	0.022702	0.016766	0.006811	0.00376	0.036769	0.016173	0.029867	0.01396	0.012192	0.001572	0.015863	0.005791	0.024724	0.016566	0.005997	0.003773	0.034238	0.014841	0.0123	0.006834	0.006147	0.026891	0.02932	
0.012635	0.005627	0.000808	0.024103	0.033693	0.007332	0.017722	0.023683	0.032556	0.013993	0.020011	0.039557	0.038068	0.011488	0.024997	0.041793	0.006979	0.019027	0.02804	0.011148	0.037007	0.006206	0.027377	0.002341	0.037498	0.026122	0.01178	0.039748	0.037428	0.001772	0.010226	0.025805	0.038787	0.021119	0.003104	0.014531	0.014513	0.010893	0.000851	0.002612	0.039648	0.021251	0.016687	0.016489	0.019809	0.035058	0.011875	0.010786	0.019094	0.026323	
0.029698	0.025973	0.024298	0.00224	0.009901	0.029831	0.031212	0.035215	0.014552	0.011498	0.01165	0.016757	0.021305	0.010394	0.027188	0.004804	0.015539	0.025837	0.020228	0.024174	0.000958	0.036088	0.021066	0.036055	0.019732	0.03107	0.032369	0.032923	0.01473	0.014677	0.019508	0.012128	0.007513	0.025854	0.014182	0.018776	0.035956	0.020218	0.011417	0.020953	0.011202	0.009543	0.023887	0.029766	0.016543	0.026581	0.005479	0.00455	0.025778	0.028204	
0.011464	0.013047	0.024367	0.026081	0.022156	0.011996	0.002368	0.02006	0.035283	0.009324	0.025036	0.00363	0.035819	0.026653	0.025967	0.017252	0.027152	0.036682	0.033902	0.019263	0.027507	0.026484	0.035372	0.035697	0.022675	0.006666	0.007272	0.009054	0.028872	0.024981	0.024153	0.013506	0.003895	0.037084	0.037963	0.024372	0.034412	0.003466	0.008441	0.001887	0.015811	0.026102	0.007562	0.015284	0.023001	0.003158	0.024079	0.012361	0.012681	0.0187	
0.004918	0.015837	0.007086	0.023653	0.01075	0.026774	0.010727	0.032259	0.029308	0.006641	0.039267	0.011863	0.03469	0.015917	0.019225	0.019242	0.007517	0.004652	0.026617	0.011208	0.004859	0.033244	0.016835	0.009118	0.002937	0.014397	0.046172	0.036342	0.001993	0.008386	0.039634	0.015208	0.023901	0.016651	0.007265	0.041147	0.008458	0.009931	0.033143	0.046835	0.007784	0.043028	0.037885	0.016272	0.040129	0.010412	0.02891	0.018503	0.021455	0.001015	
0.01894	0.009913	0.037984	0.021387	0.04013	0.037263	0.042228	0.005412	0.018283	0.003189	0.027606	0.017145	0.034168	0.004687	0.000717	0.011088	0.037719	0.002718	0.042049	0.01807	0.021369	0.040575	0.039241	0.033299	0.019983	0.027575	0.004939	0.020954	0.012279	0.008858	0.005249	0.022971	0.03758	0.025574	0.004925	0.017483	0.02814	0.036105	0.007359	0.028029	0.014204	0.011521	0.00402	0.021881	0.006385	0.000982	0.024395	0.006867	0.031429	0.005133	
0.002268	0.031063	0.021301	0.033836	0.038179	0.01018	0.01473	0.037078	0.021187	0.000117	0.019023	0.022318	0.035738	0.018079	0.02148	0.013604	0.029173	0.030534	0.017552	0.00469	0.02611	0.038986	0.027306	0.005683	0.015655	0.026339	0.036866	0.010862	0.001344	0.030704	0.010651	0.031094	0.028759	0.02287	0.005702	0.034046	0.003451	0.008745	0.03353	0.021314	0.024993	0.000441	0.007855	0.016367	0.034877	0.028738	0.007467	0.000982	0.026662	0.009471	
0.032785	0.033767	0.032368	0.007341	0.010547	0.003304	0.027561	0.01751	0.018193	0.015997	0.006382	0.028793	0.014041	0.019208	0.016817	0.026067	0.005432	0.032273	0.001727	0.006525	0.015576	0.00265	0.015463	0.004382	0.037583	0.004859	0.000857	0.034368	0.031717	0.036049	0.031703	0.037442	0.035525	0.024943	0.011026	0.015488	0.029011	0.028283	0.001112	0.006263	0.019831	0.017488	0.028525	0.033906	0.006112	0.037025	0.012226	0.031944	0.022848	0.029157	
0.025381	0.016229	0.002282	0.016327	0.025558	0.033469	0.041258	0.038906	0.012203	0.002098	0.01056	0.006166	0.001033	0.031945	0.007892	0.028192	0.014954	0.005229	0.035424	0.01528	0.009615	2e-06	0.026964	0.001733	0.002681	0.039591	0.003079	0.040059	0.026677	0.035046	0.01795	0.040965	0.010592	0.008647	0.035933	0.011597	0.034809	0.003146	0.037802	0.001012	0.023624	0.033548	0.010284	0.006281	0.038646	0.033303	0.027643	0.022078	0.017751	0.028556	
0.022721	0.008179	0.007109	0.032169	0.013133	0.024359	0.00702	0.003045	0.030602	0.036219	0.012961	0.030256	0.017014	0.011922	0.03147	0.018806	0.008631	0.032192	0.017357	0.034414	0.000164	0.030147	0.003333	0.0261	0.033023	0.007914	0.026522	0.028067	0.026216	0.015462	0.033651	0.012469	0.015873	0.001575	0.033712	0.008066	0.029871	0.034076	0.030884	0.007292	0.01048	0.029099	0.014958	0.004161	0.02829	0.012599	0.029656	0.032693	0.006847	0.027221	
0.021746	0.00485	0.016347	0.002481	0.029164	0.022047	0.022987	0.040022	0.029839	0.014274	0.01977	0.038655	0.003756	0.013274	0.043061	0.023059	0.003256	0.001478	0.028511	0.036322	0.017715	0.003513	0.044667	0.023164	0.014792	0.032548	0.030843	0.035614	0.020379	0.032035	0.028077	0.004657	0.003183	0.027106	0.00201	0.004495	0.003278	0.035212	0.028488	9.1e-05	0.000789	0.023125	0.027807	0.008498	0.010684	0.027693	0.00814	0.040202	0.044605	0.001691	
0.032719	0.019299	0.016702	0.013307	0.027019	0.028179	0.030818	0.030145	0.005328	0.024266	0.030829	0.0071	0.008293	0.02487	0.024607	0.023203	0.024201	0.009001	0.016706	0.031151	0.013282	0.018574	0.014055	0.022279	0.020729	0.004656	0.01633	0.006171	0.035025	0.015905	0.036025	0.024018	0.022045	0.018597	0.034551	0.02833	0.032658	0.023721	0.004991	0.016866	0.013799	0.002917	0.009205	0.007765	0.031612	0.028374	0.025183	0.029882	0.011566	0.003146	
0.037342	0.003199	0.030868	0.013886	0.005429	0.000751	0.000892	0.014298	0.009381	0.021785	0.031196	0.025164	0.014879	0.031355	0.017494	0.021515	0.028907	0.03567	0.019455	0.014952	0.024358	0.003064	0.010058	0.018567	0.024351	0.018866	0.008835	0.009702	0.001335	0.012202	0.032178	0.015181	0.0025	0.04113	0.023604	0.036826	0.034254	0.0035	0.025956	0.029273	0.0252	0.024025	0.034715	0.004337	0.023515	0.000339	0.035761	0.037544	0.017514	0.042892	
0.035831	0.033697	0.004687	0.007433	0.014583	0.012749	0.025958	0.037222	0.031074	0.009138	0.031337	0.032562	0.017996	0.030557	0.038085	0.032895	0.003987	0.003528	0.017563	0.032088	0.036479	0.008479	0.017885	0.011308	0.002443	0.001408	0.013377	0.034629	0.030156	0.00424	0.023229	0.031239	2.5e-05	0.005233	0.026491	0.015386	0.003462	0.018356	0.028795	0.037265	0.012777	0.033296	0.018701	0.006078	0.03974	0.011012	0.024661	0.003779	0.016298	0.030803	
0.027381	0.025951	0.039366	0.039533	0.044657	0.000957	0.009917	0.03673	0.000383	0.01313	0.015087	0.000976	0.003736	0.042621	0.023738	0.039201	0.004926	0.001852	0.000242	0.015794	0.021522	0.035505	0.000999	0.025452	0.016212	0.021914	0.00806	0.011188	0.044357	0.004113	0.004391	0.03515	0.019677	0.011603	0.003702	0.039237	0.004991	0.021044	0.034593	0.034111	0.033951	0.005676	0.003156	0.00957	0.029678	0.029745	0.010775	0.00829	0.044182	0.040978	
0.000792	0.026918	0.030909	0.03148	0.038529	0.011927	0.005484	0.003311	0.013668	0.023429	0.016397	0.019543	0.032527	0.010454	0.012321	0.015005	0.007151	0.013186	0.024744	0.009415	0.022915	0.000294	0.018223	0.008204	0.037341	0.017763	0.021742	0.04095	0.024001	0.037312	0.017064	0.016116	0.015331	0.02118	0.011455	0.024861	0.009234	0.002138	0.029952	0.034506	0.019454	0.032005	0.02007	0.031017	0.028216	0.037079	0.030967	0.005639	0.010082	0.027699	
0.026218	0.003861	0.018173	0.034985	0.013081	0.020738	0.021078	0.028195	0.01211	0.038702	0.033333	0.038535	0.036579	0.034127	0.001501	0.015509	0.026384	0.034551	0.013366	0.019649	0.000222	0.007311	0.003565	0.03609	0.025561	0.006566	0.003722	0.01898	0.019564	0.023265	0.008344	0.033731	0.030593	0.012504	0.003454	0.00145	0.033877	0.031856	0.032849	0.015149	0.009123	0.032526	0.001261	0.009865	0.034442	0.012596	0.028772	0.01738	0.014503	0.020204	
0.006393	0.002202	0.007926	0.039753	0.016874	0.013619	0.018285	0.004484	0.034097	0.010098	0.024551	0.018899	0.038946	0.032974	0.003849	0.009926	0.000368	0.017193	0.027824	0.040549	0.029311	0.018402	0.039091	0.00662	0.008183	0.00457	0.031574	0.015556	0.014711	0.020034	0.033579	0.029425	0.041224	0.027976	0.034398	0.010576	0.033888	0.02556	0.032232	0.03537	0.006263	0.006656	0.005438	0.028933	0.003138	0.015217	0.034092	0.020244	0.005834	0.013095	
0.025571	0.022351	0.004353	0.033933	0.002027	0.023538	0.028686	0.026996	0.026304	0.026334	0.038267	0.035566	0.012856	0.008357	0.029128	0.033428	0.034598	0.006868	0.020668	0.014546	0.006162	0.020264	0.027218	0.021177	0.026369	0.012303	0.01487	0.024016	0.015423	0.036439	0.015734	0.006276	0.023888	0.019437	0.025481	0.009465	0.009327	0.01294	0.000415	0.00901	0.02265	0.029791	0.026243	0.012538	0.005382	0.020964	0.026831	0.011175	0.016708	0.037129	
0.039753	0.02442	0.005311	0.006389	0.033094	0.030383	0.036578	0.030846	0.000428	0.013629	0.035008	0.03261	0.014712	7.1e-05	0.008284	0.015607	0.02531	0.004913	0.016757	0.008443	0.02669	0.015218	0.01499	0.004827	0.016293	0.0359	0.015113	0.014592	0.021212	0.017769	0.0244	0.005627	0.016092	0.039162	0.010132	0.041239	0.036899	0.0054	0.013357	0.04091	0.033466	0.010994	0.007855	0.015786	0.012607	0.018005	0.028549	0.029888	0.033286	0.011196	
0.027237	0.006361	0.005429	0.011148	0.037346	0.023874	0.033455	0.029947	0.008612	0.0122	0.02818	0.013157	0.022878	0.03688	0.034756	0.016528	0.011816	0.02553	0.01969	0.01073	0.012694	0.030556	0.005483	0.016059	0.025565	0.020877	0.022565	0.035263	0.022931	0.03676	0.004196	0.015435	0.03158	0.000115	0.029037	0.004391	0.016309	0.002304	0.017678	0.003937	0.008546	0.033227	0.036231	0.01718	0.014707	0.009803	0.020098	0.034494	0.020916	0.035309	
0.027462	0.016228	0.04224	0.042518	0.037105	0.001121	0.032544	0.011306	0.0429	0.037031	0.02898	0.02668	0.010068	0.004152	0.010322	0.028942	0.007664	0.001719	0.03561	0.0396	0.035165	0.012978	0.001109	0.005873	0.026663	0.009385	0.014605	0.022883	0.012074	0.030568	0.00941	0.034681	0.007236	0.018806	0.007589	0.019033	0.010326	0.004262	0.021614	0.003912	0.010156	0.031356	0.016903	0.026693	0.002179	0.039065	0.033789	0.006186	0.037576	0.003733	
0.002172	0.014984	0.0017	0.017941	0.035326	0.014243	0.008513	0.011729	0.022877	0.031568	0.024109	0.017925	0.028432	0.029637	0.001615	9e-05	0.038841	0.017501	0.037133	0.001326	0.023747	0.012586	0.036056	0.040168	0.008144	0.033812	0.015171	0.017063	0.039115	0.016405	0.015838	0.035553	0.012569	0.022126	0.016589	0.009875	0.000211	0.031445	0.030077	0.010306	0.020777	0.04051	0.020564	0.028301	0.024691	0.008325	0.012778	0.009529	0.02671	0.023297	
0.015129	0.001692	0.009216	0.000709	0.026597	0.019866	0.012455	0.036693	0.036282	0.007478	0.039899	0.001566	0.006629	0.018797	0.007172	0.005322	0.03192	0.019002	0.029053	0.004393	0.040252	0.034224	0.037173	0.040791	0.00022	0.022486	0.03364	0.037515	0.032152	0.031143	0.032635	0.015584	0.005412	0.033337	0.008303	0.028798	0.026917	0.002345	0.007434	0.003388	0.041493	0.018966	0.019801	0.008496	0.014508	0.017771	0.035271	0.032194	0.002682	0.005199	
0.006145	0.031405	0.010934	0.003926	0.01492	0.015284	0.027764	0.025532	0.020865	0.044017	0.012987	0.006762	0.030076	0.014518	0.034678	0.029692	0.019888	0.001009	0.011676	0.018839	0.011821	0.040069	0.004359	0.012866	0.041469	0.022501	0.019076	0.037939	0.021453	0.03349	0.040066	0.040961	0.042323	0.038572	0.010702	0.001817	0.019103	0.012628	0.00833	0.01462	0.025407	0.011072	0.016675	0.000613	0.00048	0.026665	0.010564	0.023656	0.012811	0.016975	
0.034561	0.030736	0.035269	0.005443	0.023644	0.032407	0.041071	0.011101	0.028429	0.023897	0.014762	0.004149	0.010517	0.007192	0.000793	0.000771	0.032612	0.037634	0.033717	0.037167	0.002504	0.001393	0.01879	0.00899	0.028927	0.028819	0.009882	0.023758	0.021082	0.008833	0.023113	0.015209	0.023485	0.012508	0.004743	0.038221	0.011218	0.032001	0.029011	0.035669	0.039242	0.003918	0.0098	0.010368	0.022641	0.012738	0.007994	0.028512	0.012939	0.02782	
0.036995	0.019641	0.031629	0.006656	0.034954	0.017859	0.006147	0.010459	0.006288	0.002372	0.039057	0.034485	0.005571	0.036966	0.014604	0.036183	0.008585	0.033843	0.020967	0.004147	0.030599	0.019703	0.001237	0.024504	0.009483	0.013557	0.039714	0.000177	0.024402	0.020781	0.036343	0.017676	0.034281	0.019144	0.02893	0.039765	0.024719	0.008118	0.001109	0.0382	0.015238	0.002293	0.017462	0.00946	0.03111	0.006262	0.00354	0.03014	0.012767	0.031878	
0.023523	0.030122	0.026938	0.010007	0.02249	0.011621	0.001256	0.005553	0.040217	0.017063	0.004939	0.034597	0.017349	0.03738	0.014875	0.015958	0.006285	0.034852	0.01879	0.02497	0.031875	0.035265	0.002107	0.042208	0.028094	0.013686	0.027136	0.015333	0.010635	0.023314	0.035292	0.024335	0.012785	0.00391	0.003447	0.018437	0.023407	0.004897	0.020314	0.008164	0.011223	0.022299	0.019849	0.033691	0.005526	0.025013	0.017309	0.03276	0.029461	0.019443	
0.021541	0.026515	0.017312	0.038447	0.014072	0.038945	0.029296	0.006657	0.027087	0.039296	0.018191	0.003016	0.013817	0.018912	0.016378	0.014644	0.037664	0.013233	0.027257	0.021351	0.039019	0.004753	0.017465	0.018517	0.032917	0.020845	0.022505	0.0354	0.033993	0.038559	0.022819	3.4e-05	0.013882	0.001709	9.8e-05	0.031096	0.007985	0.031774	0.009343	0.000135	0.037279	0.008905	0.000548	0.011724	0.039068	0.008465	0.029384	0.027087	0.010344	0.000717	
0.018925	0.034234	0.032675	0.00694	0.019348	0.000953	0.00043	0.038005	0.015386	0.021462	0.026934	0.037528	0.025085	0.003679	0.003414	0.035989	0.011976	0.012599	0.019638	0.016996	0.021011	0.000919	0.037376	0.02533	0.000942	0.008667	0.024909	0.002929	0.002762	0.036021	0.015516	0.01676	0.027038	0.006703	0.021396	0.024181	0.014327	0.025713	0.036553	0.037696	0.012451	0.035719	0.036086	0.017663	0.030585	0.008989	0.018291	0.012206	0.038411	0.020654	
0.011385	0.007196	0.026524	0.031155	0.000824	0.01116	0.028004	0.040629	0.018827	0.016404	0.000625	0.037845	0.021927	0.009708	0.034543	0.033199	0.043314	0.010091	0.015835	0.025447	0.026462	0.008992	0.013191	0.026025	0.000684	0.036017	0.026004	0.043767	0.03617	0.040225	0.017513	0.038011	0.022857	0.005726	0.014406	0.02547	0.02902	0.006555	0.013846	0.016499	0.024797	0.015715	0.022048	0.00022	0.009861	0.009458	0.001315	0.018904	0.001832	0.023768	
0.010369	0.03845	0.032757	0.008037	0.035762	0.039676	0.00367	0.000868	0.002002	0.022664	0.01845	0.025039	0.036456	0.004704	0.011269	0.03649	0.016149	0.0306	0.035545	0.017632	0.028539	0.032649	0.023395	0.038382	0.008863	0.011106	0.039728	0.031635	0.031833	0.030752	0.016364	0.003549	0.02792	0.014638	0.000748	0.02078	0.035079	0.01651	0.001871	0.006552	0.007762	0.015679	0.025216	0.017615	0.012321	0.014102	0.019698	0.002248	0.005742	0.032135	
0.004055	0.00519	0.02512	0.01175	0.029853	0.026793	0.011113	0.009412	0.000881	0.028298	0.004817	0.029193	0.037309	0.028096	0.029789	0.034042	0.029657	0.027564	0.020163	0.017756	0.013811	0.001218	0.011958	0.031465	0.025787	0.022133	0.018158	0.037642	0.032115	0.006642	0.003226	0.022071	0.015068	0.029671	0.013163	0.035366	0.023485	0.023277	0.028421	0.024046	0.000439	0.004185	0.039128	0.006065	0.033651	0.008937	0.01027	0.022484	0.022587	0.02268	
0.010643	0.036462	0.023527	0.011425	0.034154	0.02404	0.014377	0.021434	0.011903	0.025695	0.025078	0.014948	0.000645	0.03492	0.02716	0.033874	0.037876	0.008993	0.017772	0.015442	0.000684	0.014465	0.008284	0.02796	0.021123	0.019283	0.032569	0.003836	0.014803	0.010839	0.021277	0.005818	0.035857	0.025506	0.031482	0.019146	0.034008	0.008093	0.020235	0.008444	0.018309	0.031739	0.012416	0.002099	0.026821	0.031005	0.026828	0.014115	0.010241	0.032347	
0.018998	0.035971	3.1e-05	0.006038	0.017469	0.026888	0.002692	0.031558	0.031257	0.022741	0.000136	0.027183	0.032595	0.021938	0.000308	0.00739	0.022395	0.019438	0.023529	0.005736	0.005938	0.015387	0.031177	0.007117	0.01553	0.035499	0.028649	0.008759	0.030642	0.029345	0.022205	0.020475	0.031795	0.01065	0.025128	0.001469	0.025111	0.023439	0.028425	0.024581	0.006787	0.007058	0.006801	0.02887	0.030131	0.035313	0.03634	0.019025	0.018512	0.035551	
0.015895	0.009791	0.033073	0.006311	0.011979	0.020241	0.000804	0.011437	0.015546	0.010162	0.028528	0.033274	0.017903	0.019724	0.034724	0.023286	0.020949	0.030557	0.02739	0.012397	0.031706	0.023364	0.005595	0.008949	0.015604	0.027189	0.027508	0.025441	0.007658	0.015357	0.008287	0.034658	0.016409	0.011475	0.023902	0.028701	0.011848	0.008304	0.028306	0.026369	0.028039	0.029959	0.007722	0.033719	0.02718	0.017428	0.033232	0.004079	0.023917	0.024124	
0.030872	0.021048	0.029158	0.022152	0.03528	0.026768	0.014824	0.036745	0.03521	0.038092	0.022219	0.034223	0.01523	0.005873	0.01252	0.03197	0.028466	0.016048	0.026822	0.031106	0.004895	0.006037	0.004624	0.007138	0.030381	0.015615	0.012613	0.005619	0.004038	0.034866	0.022385	0.009925	0.017295	0.022904	0.036006	0.020701	0.018044	0.012779	0.000132	0.004687	0.014933	0.01692	0.019302	0.03106	0.033661	0.005813	0.02616	0.008757	0.017787	0.020297	
0.00867	0.018588	0.029202	0.00528	0.00232	0.027643	0.005343	0.019988	0.031105	0.005851	0.031086	0.004435	0.02035	0.017404	0.021106	0.00544	0.015221	0.011967	0.002479	0.009524	0.021606	0.036288	0.023096	0.029714	0.031954	0.019681	0.030865	0.018703	0.028209	0.025653	0.003371	0.022496	0.019909	0.012202	0.015544	0.029729	0.016156	0.021025	0.03573	0.033169	0.026951	0.02006	0.037181	0.028879	0.038327	0.01984	0.027499	0.009539	0.022193	0.001429	
0.018783	0.029876	0.000293	0.026926	0.016609	0.032077	0.032272	0.026051	0.024751	0.001517	0.030396	0.029532	0.033492	0.011514	0.006737	0.030819	0.002982	0.01689	0.022039	0.030428	0.014394	0.028932	0.016239	0.007969	0.032689	0.025346	0.030701	0.002273	0.033412	0.009968	0.009498	0.019369	0.033282	0.00381	0.025665	0.017965	0.01281	0.033329	0.007312	0.007736	0.03161	0.030121	0.024733	0.026919	0.016983	0.023676	0.01522	0.012085	0.018895	0.003075	
0.032296	0.0362	0.013693	0.032402	0.011813	0.017261	0.027336	0.030537	0.033482	0.015036	0.034113	0.034723	0.004007	0.033739	0.007546	0.02443	0.030907	0.0042	0.023695	0.023736	0.005562	0.017335	0.024194	0.017028	0.006879	0.012387	0.031588	0.021955	0.038895	0.02513	0.037377	0.027446	0.006271	0.022945	0.005575	0.001372	0.035086	0.020018	0.026454	0.016598	0.017789	0.011161	0.005491	0.027747	0.007326	0.005933	0.021143	0.005812	0.007741	0.01861	
0.008676	0.010231	0.013867	0.012047	0.031462	0.00307	0.031057	0.020988	0.000276	0.018743	0.028233	0.004084	0.035226	0.008353	0.004147	0.020095	2e-06	0.003899	3.6e-05	0.021678	0.004804	0.033148	0.013942	0.047056	0.038846	0.009491	0.006462	0.036063	0.029887	0.017747	0.007811	0.00497	0.008459	0.018383	0.038685	0.048221	0.024983	0.040455	0.025465	0.035965	0.002689	0.037409	0.006252	0.020158	0.03176	0.011549	0.039489	0.031656	0.014838	0.037187	
0.020707	0.001219	0.008923	0.001282	0.025849	0.02534	0.02524	0.013444	0.012894	0.031367	0.033958	0.022575	0.018023	0.00369	0.029434	0.009723	0.034833	0.019593	0.028074	0.014891	0.009408	0.033146	0.030301	0.025928	0.000693	0.014627	0.020195	0.02404	0.030943	0.031134	0.032284	0.007302	0.028933	0.033404	0.027851	0.033447	0.010512	0.01031	0.018643	0.030778	0.028797	0.004124	0.025003	0.006118	0.02442	0.008968	0.018529	0.034315	0.002528	0.01226	
0.027197	0.020851	0.023746	0.030872	0.032468	0.010699	0.032333	0.026746	0.014466	0.008751	0.02526	0.017235	0.021033	0.02635	0.017784	0.010134	0.033757	0.016441	0.03216	0.017631	0.027223	0.014456	0.032549	0.015606	0.033829	0.000596	0.030771	0.015564	0.009346	0.000598	0.004156	0.028136	0.022029	0.016862	0.021027	0.025552	0.01019	0.012146	0.027255	0.005482	0.031845	0.016041	0.033195	0.025086	0.016173	0.009601	0.005746	0.026518	0.004994	0.031514	
0.017554	0.015503	0.006721	0.037467	0.028421	0.024299	0.003935	0.029331	0.007309	0.032648	0.014987	0.012624	0.026974	0.003354	0.008067	0.008771	0.001385	0.036607	0.007078	0.043274	0.016183	0.001642	0.023607	0.034851	0.010305	0.039692	0.010928	0.036193	0.029364	0.034715	0.005509	0.008144	0.043594	0.007693	0.005219	0.023233	0.020095	0.023335	0.012265	0.026507	0.027713	0.008479	0.021759	0.040335	0.035094	0.033459	0.001356	0.005804	0.008261	0.038357	
0.020558	0.004048	0.029049	0.012429	0.017977	0.024012	0.017758	0.022092	0.020082	0.032989	0.027175	0.021566	0.011544	0.038592	0.018852	0.025763	0.030124	0.028934	0.024598	0.002258	0.014035	0.016022	0.002393	0.011482	0.000645	0.017298	0.017495	0.011427	0.029404	0.026507	0.016051	0.033872	0.034337	0.030159	0.03805	0.00185	0.022041	0.035061	0.024484	0.006664	0.001063	0.011153	0.024001	0.01097	0.036789	0.004904	0.035997	0.014269	0.009977	0.0312	
0.016892	0.032964	0.033448	0.000569	0.031206	0.014785	0.014955	0.012943	0.013759	0.015222	0.000107	0.007201	0.00144	0.016265	0.036815	0.019697	0.008824	0.037205	0.010039	0.028212	0.010713	0.034854	0.025758	0.035048	0.022917	0.031732	0.033	0.024956	0.028585	0.037001	0.006624	0.028514	0.000418	0.014636	0.023355	0.03356	0.027923	0.003749	0.00156	0.024365	0.012668	0.02039	0.021603	0.024982	0.022347	0.029349	0.004579	0.028225	0.012939	0.021102	
0.014717	0.034836	0.003127	0.026625	0.015182	0.030193	0.007886	0.008059	0.022622	0.016011	0.00461	0.005745	0.023705	0.001476	0.005791	0.016022	0.034083	0.015955	0.025429	0.03168	0.016779	0.021338	0.034448	0.028949	0.03448	0.034918	0.026422	0.009222	0.003156	0.007359	0.025067	0.018358	0.037886	0.038269	0.022799	0.037052	0.017419	0.030268	0.030002	0.001718	0.000574	0.031571	0.027573	0.025333	0.032895	0.004169	0.008786	0.020301	0.009634	0.019501	
0.024892	0.029737	0.023878	0.003925	0.027174	0.026602	0.025324	0.00711	0.031828	0.00992	0.023041	0.016201	0.023661	0.014846	0.003764	0.026098	0.028697	0.032366	0.009083	0.0151	0.011464	0.006848	0.02364	0.022102	0.020968	0.012182	0.03208	0.018117	0.027918	0.021117	0.020975	0.008433	0.023972	0.011396	0.021399	0.030002	0.032162	0.026706	0.025836	0.002201	0.010398	0.01629	0.008407	0.026074	0.027492	0.022428	0.031554	0.013631	0.022596	0.018365	
0.018886	0.010566	0.034959	0.006315	0.019674	0.021798	0.034891	0.004625	0.008783	0.020736	0.029133	0.014301	0.019023	0.029971	0.028707	0.034053	0.017557	0.025852	0.033591	0.036755	0.020525	0.027874	0.021797	0.013952	0.035435	0.028535	0.007196	0.003787	0.015369	0.002192	0.007272	0.02224	0.032164	0.035502	0.014585	0.003322	0.032096	0.002771	0.032589	0.016285	0.03151	0.006539	0.021746	0.000546	0.023069	0.013345	0.021922	0.015285	0.003526	0.036848	
0.038063	0.009656	0.021115	0.036383	0.034797	0.010116	0.038521	0.009718	0.00205	0.025011	0.03185	0.009939	0.010914	0.036696	0.010777	0.034061	0.003943	0.027237	0.00978	0.015486	0.011876	0.013044	0.021655	0.023273	0.03162	0.012999	0.009928	0.037185	0.012674	0.010068	0.036929	0.012939	0.01044	0.023432	0.036491	0.000758	0.0256	0.001895	0.014953	0.027135	0.025309	0.009511	0.000581	0.035918	0.03702	0.024705	0.004283	0.033092	0.00584	0.032734	
0.023692	0.015389	0.010588	0.035923	0.015737	0.025438	0.024941	0.030544	0.029942	0.004082	0.004995	0.004678	0.010205	0.005173	0.025702	0.033737	0.003784	0.019665	0.000836	0.001653	0.007845	0.041956	0.034548	0.036504	0.000418	0.021284	0.029913	0.037467	0.025862	0.033367	0.012644	0.03744	0.004745	0.039488	0.010655	0.03502	0.021558	0.019644	0.044804	0.04463	0.025586	0.011307	0.000373	0.000545	0.008187	0.001855	0.024866	0.034631	0.020274	0.00588	
0.009117	0.018701	0.024631	0.010634	0.007496	0.018529	0.03913	0.035976	0.017138	0.021316	0.009136	0.031319	0.02065	0.016047	0.024014	0.015847	0.017173	0.028899	0.039465	0.029243	0.027188	0.020758	0.010414	0.03589	0.038739	0.000472	0.024682	0.025502	0.036895	0.039514	0.002324	0.008475	0.021986	0.006684	0.02188	0.018083	0.007214	0.000124	0.027433	0.029161	0.026695	0.025344	0.007937	0.01467	0.02983	0.010876	0.006077	0.021266	0.016046	0.00338	
0.024742	0.034544	0.017371	0.022743	0.006895	0.027237	0.009332	0.019375	0.005969	0.00613	0.029164	0.004867	0.033512	0.024116	0.033868	0.028236	0.024047	0.036536	0.004818	0.020331	0.024546	0.029323	0.003709	0.001101	0.018883	0.015228	0.014242	0.002774	0.011412	0.033572	0.009928	0.033409	0.004951	0.03565	0.029384	0.029174	0.008807	0.034809	0.012263	0.004959	0.029982	0.019956	0.027933	0.02308	0.028988	0.024294	0.01068	0.016393	0.011201	0.035536	
0.032284	0.013587	0.003167	0.025848	0.028642	0.013846	0.023546	0.005034	0.0227	0.0168	0.000445	0.024969	0.002657	0.035438	0.015558	0.033975	0.033171	0.007201	0.031269	0.004695	0.022224	0.034012	0.017116	0.021029	0.017293	0.001337	0.017855	0.031416	0.029819	0.028501	0.017152	0.02871	0.010091	0.027919	0.004509	0.033939	0.008089	0.008954	0.020507	0.033683	0.014857	0.033707	0.024539	0.024367	0.018864	0.001332	0.011443	0.013362	0.034467	0.034075	
0.011952	0.037559	0.036104	0.032921	0.02167	0.001406	0.015452	0.017459	0.031334	0.023125	0.031113	0.034084	0.011533	0.003742	0.03525	0.009663	0.013401	0.011008	0.023156	0.019889	0.008882	0.012034	0.036138	0.031321	0.016405	0.010448	0.028846	0.005397	0.007582	0.037231	0.033107	0.025186	0.037588	0.003351	0.007131	0.031658	0.001884	0.006741	0.024796	0.030815	0.01063	0.023118	0.029921	0.031342	0.012498	0.021915	0.011897	0.010302	0.029399	0.000616	
0.040148	0.031173	0.036325	0.042325	0.001377	0.016384	0.040466	0.015194	0.018864	0.027568	0.020104	0.04242	0.015246	0.003983	0.01961	0.020734	0.01803	0.000542	0.009938	0.021753	0.019009	0.005793	0.013128	0.001672	0.031516	0.000838	0.018049	0.030548	0.015026	0.039299	0.008878	0.002411	0.002186	0.008181	0.028844	0.018219	0.020261	0.027285	0.022781	0.016772	0.034798	0.03782	0.016931	0.002732	0.025028	0.011807	0.040956	0.012732	0.031488	0.012828	
0.020775	0.007449	0.038578	0.038639	0.018656	0.010826	0.013481	0.003525	0.010632	0.036298	0.005913	0.016524	0.027359	0.025648	0.03096	0.025172	0.015373	0.026137	0.040894	0.024509	0.004952	0.012998	0.004759	0.005958	0.039419	0.024183	0.017739	0.010708	0.017439	0.037265	0.031187	0.002806	0.009104	0.018188	0.014334	0.036328	0.013895	0.016204	0.038163	0.013645	0.012741	0.029222	0.013574	0.035032	0.000102	0.002907	0.017896	0.030609	0.038509	0.012786	
0.006115	0.011992	0.029096	0.002173	0.032311	0.019027	0.014504	0.03276	0.035695	0.021637	0.002146	0.006426	0.010098	0.027264	0.00086	0.023615	0.025625	0.023101	0.007887	0.000335	0.016315	0.011409	0.004126	0.031467	0.027683	0.034493	0.026847	0.015376	0.034392	0.035064	0.021518	0.03135	0.001931	0.02312	0.031915	0.031166	0.020414	0.033625	0.005004	0.027133	0.015275	0.014786	0.015583	0.026898	0.017398	0.032544	0.022392	0.011675	0.025388	0.021046	
0.020422	0.028507	0.030365	0.025761	0.018003	0.00623	0.012723	0.025354	0.008942	0.004232	0.002026	0.014491	0.011384	0.010471	0.008157	0.024373	0.019462	0.026877	0.025415	0.008552	0.007673	0.034105	0.029882	0.044064	0.004164	0.016967	0.016395	0.038799	0.010803	0.019931	0.008064	0.018728	0.029126	0.019464	0.042486	0.00074	0.03288	0.002475	0.031238	0.009464	0.0425	0.024028	0.014951	0.002637	0.023055	0.043674	0.026366	0.010062	0.037548	0.025984	
0.036274	0.005488	0.014377	0.001976	0.027872	0.038832	0.022296	0.005881	0.006129	0.005799	0.038726	0.014246	0.027223	0.03069	0.043322	0.002103	0.016489	0.031136	0.034702	0.031912	0.002456	0.028176	0.003095	0.03246	0.00987	0.023679	0.013542	0.005206	0.017509	0.037004	0.002493	0.033357	0.00205	0.040946	0.040271	0.015085	0.00635	0.014086	0.019032	0.030784	0.030983	0.006934	0.007427	0.008829	0.018	0.026979	0.017294	0.01313	0.038897	0.018603	
0.002622	0.000421	0.021547	0.019011	0.003821	0.021235	0.008805	0.027961	0.030269	0.032586	0.016317	0.004451	0.033879	0.009143	0.035402	0.025377	0.033709	0.030436	0.024283	0.038111	0.038063	0.012283	0.022061	0.023915	0.028404	0.01525	0.020672	0.031959	0.00498	0.021629	0.022738	0.013337	0.025813	0.017143	0.009922	0.000342	0.027886	0.015722	0.001972	0.000919	0.030364	0.036742	0.029712	0.028903	0.000543	0.021068	0.021818	0.013545	0.032161	0.010748	
0.007933	0.029321	0.016086	0.030228	0.010054	0.028686	0.019548	0.002632	0.030632	0.014396	0.010014	0.035368	0.001816	0.020117	0.019973	0.018032	0.014859	0.005077	0.016714	0.003136	0.034371	0.016763	0.011739	0.030977	0.021055	0.004427	0.013948	0.036916	0.038071	0.036464	0.00884	0.0056	0.032536	0.029764	0.018981	0.002039	0.000181	0.021765	0.031035	0.030179	0.009887	0.034744	0.027725	0.0289	0.039224	0.037452	0.0031	0.020408	0.018464	0.019823	
0.019076	0.022294	0.01612	0.016375	0.00626	0.030042	0.029724	0.022879	0.014974	0.002175	0.011931	0.029634	0.025865	0.024749	0.027174	0.035098	0.019947	0.012954	0.024976	0.031971	0.004653	0.012357	0.025231	0.029745	0.035433	0.017604	0.027421	0.036582	0.001936	0.01953	0.024793	0.023229	0.019298	0.009997	0.026024	0.006808	0.000513	0.003528	0.013307	0.039888	1e-06	0.030779	0.035516	0.018239	0.010298	0.01056	0.039013	0.01743	0.024701	0.011368	
0.027409	0.002278	0.018062	0.027383	0.005934	0.033927	0.001009	0.022268	0.01392	0.005395	0.03932	0.017308	0.014089	0.026019	0.027751	0.009513	0.00944	0.020759	0.035525	0.026842	0.007383	0.017167	0.011354	0.02718	0.039071	0.003488	0.018222	0.006908	0.017951	0.009135	0.029275	0.029894	0.032213	0.01242	0.005174	0.011994	0.022648	0.012544	0.030983	0.038413	0.003128	0.017537	0.033247	0.028034	0.016122	0.013034	0.01846	0.030973	0.034658	0.037239	
0.024464	0.013448	0.031212	0.016543	0.024385	0.000785	0.035312	0.026003	0.015077	0.002516	0.013654	0.027427	0.027342	0.003438	0.030769	0.02891	0.030245	1.2e-05	0.013783	0.019351	0.036767	0.032858	0.025136	0.024755	0.025303	0.020709	0.027328	0.0025	0.007878	0.032988	0.003146	0.009085	0.005945	0.016301	0.01813	0.032123	0.030121	0.025615	0.008581	0.004776	0.02888	0.017383	0.026006	0.032881	0.007773	0.035234	0.018387	0.031628	0.007468	0.019639	
0.013768	0.025225	0.01619	0.002555	0.012354	0.019907	0.022225	0.03469	0.000827	0.022252	0.018012	0.011244	0.011606	0.031525	0.033248	0.018396	0.014145	0.023839	0.010267	0.025167	0.033596	0.019997	0.035136	0.020366	0.00717	0.01202	0.032652	0.031199	0.035374	0.018897	0.034349	0.014716	0.01996	0.035249	0.023802	0.016829	0.033745	0.006383	0.003952	0.002684	0.009536	0.012784	0.026854	0.001478	0.035502	0.017451	0.021616	0.002107	0.033	0.034154	
0.030115	0.007126	0.023852	0.020712	0.026588	0.004297	0.022931	0.041179	0.005666	0.004243	0.018218	0.006023	0.040006	0.002598	0.018836	0.015163	0.024767	0.009904	0.028082	0.036324	0.028142	0.032494	0.005602	0.000245	0.03528	0.001199	0.017672	0.010337	0.026462	0.005453	0.03078	0.002031	0.010164	0.029125	0.02565	0.00576	0.018989	0.02835	0.016456	0.039685	0.031168	0.036989	0.021904	0.035669	0.024865	0.027615	0.026704	0.01364	0.00369	0.02125	
0.032845	0.01687	0.030886	0.000847	0.020557	0.036565	0.00458	0.016071	0.016433	0.018773	0.037782	0.038099	0.024809	0.002241	0.011638	0.014439	0.010528	0.029134	0.009412	0.018185	0.004683	0.035997	0.009854	0.011819	0.040408	0.009271	0.015946	0.01619	0.009529	0.018671	0.034625	0.030688	0.016346	0.024394	0.022888	0.004207	0.017376	0.020933	0.028728	0.031966	0.03031	0.015926	0.009545	0.015846	0.021229	0.029237	0.016491	0.03514	0.004668	0.026395	
0.008541	0.005653	0.031555	0.013383	0.026207	0.004394	0.029289	0.031553	0.0173	0.018019	0.021159	0.032425	0.012279	0.027623	0.032108	0.009895	0.002305	0.033489	0.032776	0.029273	0.015013	0.035221	0.023433	0.012832	0.007146	0.012099	0.02629	0.011187	0.017647	0.00446	0.02742	0.033256	0.033373	0.014328	0.02517	0.001272	0.01649	0.027713	0.02296	0.018663	0.012958	0.017984	0.022655	0.016546	0.03383	0.006847	0.020493	0.019294	0.017664	0.02653	
0.007576	0.029833	0.003346	0.003937	0.013385	0.023054	0.022047	0.018233	0.038957	0.027089	0.022008	0.029685	0.032453	0.036554	0.038537	0.039812	0.024986	0.038749	0.00595	0.031194	0.010209	0.019772	0.028728	0.028815	0.028502	0.005509	0.018155	0.042013	0.012107	0.02373	0.01683	0.01072	0.039514	0.006098	0.0045	0.014646	0.016541	0.014852	0.004177	0.015517	0.010637	0.006279	0.011505	0.014486	0.013821	0.007226	0.013691	0.04249	0.004955	0.02659	
0.025992	0.010451	0.012311	0.034015	0.017617	0.028084	0.023642	0.016976	0.02944	0.011435	0.0055	0.005835	0.019466	0.02717	0.025758	0.035876	0.005889	0.017987	0.015864	0.003346	0.012031	0.027482	0.030029	0.005003	0.023087	0.011588	0.003884	0.014219	0.030487	0.016226	0.014587	0.01285	0.0388	0.007836	0.040506	0.006242	0.008639	0.040446	0.036893	0.017389	0.03066	0.023382	0.037447	0.007008	0.02218	0.017353	0.007353	0.01305	0.03453	0.036159	
0.030691	0.005075	0.001348	0.025843	0.02996	0.024613	0.032174	0.027404	0.013689	0.02703	0.002441	0.010965	0.020108	0.007385	0.010546	0.005929	0.014882	0.008061	0.020988	0.019275	0.032436	0.027522	0.02795	0.019424	0.025262	0.002203	0.030149	0.034533	0.019997	0.029204	0.027556	0.000874	0.009415	0.029925	0.019939	0.015161	0.015298	0.015918	0.033386	0.034772	0.026741	0.016689	0.016975	0.034057	0.015182	0.023784	0.012667	0.028823	0.022403	0.013348	
0.02011	0.026254	0.016459	0.021654	0.002525	0.024223	0.034269	0.024761	0.025611	0.01644	0.031585	0.037692	0.000528	0.007851	0.031377	0.030252	0.029726	0.011587	0.016584	0.019832	0.014378	0.003853	0.014951	0.007845	0.035658	0.027434	0.001465	0.026897	0.032358	0.031329	0.034911	0.015707	0.018825	0.007193	0.001056	0.01026	0.017333	0.038063	0.023659	0.000385	0.01391	0.004994	0.032155	0.037565	0.004887	0.02857	0.024322	0.007956	0.031768	0.020993	
0.029927	0.035111	0.03596	0.020676	0.020498	0.004786	0.009281	0.010424	0.018856	0.012801	0.020054	0.03432	0.019214	0.037709	0.025317	0.003965	0.020173	0.032346	0.00395	0.020448	0.03187	0.019877	0.021978	0.024839	0.025881	0.015008	0.00868	0.003764	0.037234	0.019513	0.037464	0.01703	0.014842	0.007476	0.029989	0.005863	0.018188	0.039425	0.012159	0.000698	0.016933	0.036764	0.003965	0.005807	0.011351	0.00801	0.017082	0.025217	0.033084	0.034193	
0.01065	0.002757	0.028791	0.031941	0.031647	0.035704	0.021148	0.022549	0.024237	0.018632	0.009391	0.018881	0.032096	0.030302	0.015184	0.004006	0.011329	0.01885	0.018249	0.024825	0.031472	0.019762	0.006662	0.019895	0.027839	0.007963	0.0014	0.01891	0.010146	0.034239	0.025351	0.011048	0.029672	0.035138	0.007574	0.026956	0.032891	0.001266	0.006426	0.023467	0.035473	0.014398	0.030309	0.014892	0.01513	0.007527	0.015494	0.022336	0.030857	0.024338	
0.008107	0.001489	0.016207	0.00287	0.000682	0.036854	0.003742	0.02158	0.026154	0.042345	0.039863	0.002992	0.001489	0.022515	0.045156	0.010793	0.0061	0.030935	0.02371	0.009721	0.021062	0.034328	0.003051	0.001111	0.039002	0.027881	0.031785	0.046082	0.002614	0.031955	0.013271	0.009797	0.029903	0.019821	0.014767	0.017248	0.001593	0.002151	0.011946	0.036311	0.032903	0.027484	0.025518	0.042189	0.01413	0.017853	0.021868	0.018115	0.042513	0.008444	
0.009525	0.002833	0.005593	0.016734	0.03515	0.004338	0.024074	0.0181	0.016208	0.03392	0.025049	0.008448	0.004165	0.024738	0.007747	0.021577	0.02053	0.026659	0.031203	0.010265	0.006912	0.029515	0.025573	0.022705	0.029816	0.00369	0.004017	0.02439	0.013145	0.028032	0.020349	0.034241	0.032188	0.012118	0.031824	0.015518	0.015297	0.031301	0.035267	0.032877	0.003188	0.023941	0.031545	0.017205	0.002056	0.023416	0.034984	0.004051	0.034824	0.029159	
0.027267	0.026798	0.007598	0.008471	0.0138	0.024288	0.032294	0.028907	0.016746	0.000675	0.034038	0.034283	0.011211	0.034572	0.032763	0.021494	0.025641	0.018451	0.030136	0.018827	0.008681	0.034283	0.004214	0.022903	0.004665	0.038203	0.005409	0.02957	0.018221	0.026289	0.034241	0.003459	0.030271	0.010672	0.022896	0.017034	0.026014	0.020951	0.002084	0.004113	0.016051	0.009679	0.005948	0.00214	0.038369	0.020345	0.021173	0.021476	0.028005	0.024381	
0.021616	0.034345	0.007007	0.029268	0.025796	0.011738	0.032352	0.038785	0.022475	0.024097	0.034136	0.007639	0.000839	0.026037	0.03526	0.015836	0.015815	0.017542	0.028193	0.017028	0.032426	0.018023	0.036844	0.008401	0.004857	0.016171	0.035694	0.029601	0.026356	0.026845	0.015673	0.022233	0.03454	0.012756	0.004232	0.020826	0.001452	0.015878	0.025989	0.010345	0.026555	0.014255	0.010734	0.024083	0.002417	0.014704	0.007797	0.026386	0.026023	0.0021	
0.037021	0.037157	0.004487	0.028208	0.01647	0.008305	0.030108	0.001639	0.007035	0.000767	0.010208	0.02534	0.041857	0.011583	0.020563	0.016428	0.037677	0.019109	0.033025	0.010682	0.019205	0.027659	0.03289	0.03209	0.0094	0.00404	0.01474	0.01827	0.042453	0.028054	0.038197	0.013895	0.021076	0.007952	0.002854	0.015713	0.032159	0.023924	0.014566	0.002006	0.026026	0.042035	0.012622	0.025584	0.002623	0.008565	0.034839	0.01673	0.023068	0.009096	
0.026625	0.030263	0.032116	0.0031	0.035908	0.005858	0.003256	0.035666	0.009001	0.028311	0.000408	0.004209	0.006035	0.038533	0.045543	0.034004	0.024204	0.031096	0.002097	0.010973	0.033582	0.01596	0.017287	0.025008	0.005341	0.034854	0.03529	0.022183	0.045115	0.043602	0.013868	0.039845	0.018227	0.009971	0.001225	0.012943	0.044073	0.007826	0.037095	0.0007	0.031659	0.027953	0.015733	0.016006	0.010443	0.006004	0.003996	0.000235	0.015265	0.001505	
0.021729	0.014566	0.025221	0.021737	0.022697	0.014566	0.003297	0.022928	0.026617	0.027013	0.014859	0.040582	0.028585	0.00836	0.031208	0.011606	0.010706	0.017075	0.037843	0.006583	0.00012	0.035566	0.037747	0.027275	0.006276	0.002937	0.032725	0.021487	0.002514	0.040679	0.01592	0.017847	0.01159	0.040944	0.01158	0.011133	0.040297	0.014179	0.006532	0.023034	0.02475	0.006009	0.006059	0.03998	0.005377	0.015296	0.038565	0.030508	0.019656	0.00564	
0.035807	0.003033	0.025969	0.005362	0.009382	0.038906	0.016814	0.037327	0.031394	0.026814	0.025884	0.006017	0.027711	0.004063	0.033082	0.012816	0.008158	0.002666	0.027507	0.036519	0.025401	0.026928	0.000678	0.028266	0.033135	0.043627	0.008394	0.037006	0.01417	0.026292	0.002217	0.010153	0.006893	0.030779	0.000583	0.012995	0.008369	0.035256	0.006171	0.03698	0.033541	0.04099	0.035262	0.026954	0.002972	0.012149	0.006132	0.009209	0.015472	0.007795	
0.035632	0.017894	0.026468	0.032755	0.025366	0.011709	0.005061	0.025872	0.010058	0.015163	0.013075	0.025618	0.01947	0.030443	0.020892	0.000246	0.019008	0.007526	0.036321	0.019953	0.027777	0.010247	0.036074	0.009632	0.001898	0.02374	0.010346	0.014358	0.033803	0.035119	0.028394	0.012019	0.010997	0.025411	0.032917	0.026632	0.036748	0.023439	0.037197	0.003437	0.028812	0.005336	0.002744	0.011862	0.010926	0.033767	0.013258	0.037098	0.01563	0.001852	
0.026707	0.008166	0.026401	0.028551	0.004172	0.002157	0.015604	0.002973	0.002157	0.034158	0.003335	0.028352	0.006491	0.031123	0.016557	0.027261	0.025989	0.026827	0.024209	0.011064	0.02631	0.019289	0.028349	0.017758	0.027778	0.009333	0.024392	0.004716	0.022725	0.030892	0.009886	0.003859	0.026126	0.013148	0.024796	0.02125	0.032781	0.030026	0.015472	0.006159	0.034322	0.009689	0.030365	0.028039	0.031338	0.02302	0.024007	0.026805	0.028728	0.016388	
0.004378	0.012063	0.033513	0.014532	0.004202	0.001077	0.020444	0.017277	0.000489	0.010096	0.001414	0.013577	0.038266	0.018305	0.001832	0.010612	0.007839	0.037681	0.035689	0.020185	0.036671	0.016334	0.034303	0.03026	0.006356	0.000254	0.037325	0.013172	0.02943	0.021951	0.039072	0.005033	0.025341	0.033527	0.020172	0.025394	0.034401	0.005846	0.024542	0.038408	0.039751	0.025822	0.016251	0.009499	0.026958	0.027147	0.013412	0.036071	0.010101	0.013725	
0.001192	1e-05	0.040588	0.011048	0.040808	0.041029	0.020746	0.009644	0.007467	0.0231	0.024658	0.006195	0.028068	0.040872	0.018185	0.006136	0.029664	0.002443	0.018144	0.024099	0.039309	0.003949	0.007627	0.028209	0.034699	0.022403	0.005114	0.015012	0.027137	0.035124	0.021069	0.01891	0.026744	0.020306	0.037087	0.008972	0.029572	0.04074	0.005322	0.027118	0.00507	0.019806	0.00677	0.008502	0.035796	0.013701	0.008947	0.010627	0.003796	0.038466	
0.003898	0.038499	0.028928	0.001418	0.006491	0.039756	0.017284	0.008697	0.008305	0.007981	0.008445	0.032289	0.000539	0.031369	0.028288	0.035221	0.019417	0.022843	0.002493	0.002561	0.027381	0.018396	0.009794	0.029956	0.02467	0.012759	0.020262	0.034324	0.030928	0.01059	0.032613	0.012235	0.036723	0.03194	0.02989	0.019352	0.01153	0.025564	0.011439	0.00182	0.031753	0.014916	0.011844	0.028	0.030108	0.034003	0.033487	0.033092	0.000813	0.005096	
0.029359	0.003577	0.020902	0.026211	0.012747	0.035815	0.000137	0.032882	0.004007	0.037478	0.036927	0.018645	0.018936	0.037043	0.008329	0.036169	0.006764	0.023966	0.027612	0.023461	0.000812	0.03075	0.002392	0.028899	0.022013	0.017911	0.016269	0.030117	0.014798	0.014689	0.0268	0.035003	0.007858	0.024084	0.021124	0.019973	0.004174	0.022988	0.000927	0.01824	0.010014	0.003398	0.0274	0.037783	0.029721	0.019552	0.021708	0.011454	0.022101	0.016081	
0.023444	0.019648	0.019706	0.006444	0.022856	0.032153	0.022487	0.015635	0.028711	0.024502	0.034933	0.005207	0.031348	0.033309	0.024964	0.031312	0.016089	0.036779	0.034001	0.006894	0.005191	0.029378	0.015201	0.004072	0.008805	0.015928	0.033941	0.021849	0.036005	0.011825	0.024385	0.022194	0.008336	0.015896	0.038242	0.018039	0.000815	0.004277	0.040793	0.012094	0.029051	0.017804	0.015101	0.004215	0.020625	0.006053	0.020166	0.007398	0.036849	0.00505	
0.033731	0.01928	0.011736	0.008298	0.023909	0.014128	0.023745	0.019784	0.036032	0.022171	0.001239	0.020463	0.001866	0.008417	0.015844	0.027724	0.015184	0.00971	0.028021	0.028987	0.010297	0.037899	0.003899	0.027911	0.039106	0.02257	0.015744	0.027214	0.035059	0.009057	0.032353	0.005785	0.006675	0.026298	0.030479	0.022167	0.038241	0.000208	0.014536	0.035294	0.035488	0.032774	0.03562	0.001307	0.002061	0.024635	0.034689	0.003046	0.015519	0.0038	
0.003586	0.021245	0.035697	0.004298	0.017528	0.009256	0.017014	0.015244	0.018774	0.032013	0.028492	0.01319	0.029567	0.013855	0.028042	0.013844	0.037792	0.001553	0.037411	0.002175	0.009918	0.020096	0.034836	0.030186	0.020882	0.026237	0.02643	0.018279	0.027195	0.006496	0.023759	0.008087	0.024325	0.024448	0.031626	0.014636	0.033625	0.035173	0.029708	0.010064	0.013796	0.001524	0.012641	0.006247	0.035336	0.025511	0.003847	0.024042	0.022079	0.018395	
0.031784	0.018901	0.000401	0.033593	0.006739	0.038948	0.038935	0.038111	0.004607	0.017052	0.002253	0.010663	0.038519	0.032213	0.008062	0.006485	0.006744	0.00836	0.029188	0.012566	0.019056	0.017326	0.034467	0.002095	0.026397	0.007264	0.029252	0.025215	0.032879	0.032128	0.022674	0.025341	0.008908	0.025352	0.005532	0.036098	0.012307	0.002392	0.034357	0.033313	0.019932	0.001994	0.01944	0.033032	0.002106	0.015075	0.009858	0.034358	0.031665	0.016063	
0.021094	0.025568	0.007002	0.023242	0.023764	0.036881	0.031503	0.010052	0.022112	0.02268	0.005007	0.0026	0.035936	0.016206	0.017999	0.035216	0.008227	0.017681	0.015918	0.024846	0.01494	0.035523	0.009555	0.030963	0.016848	0.013333	0.0197	0.019733	0.00729	0.004982	0.032705	0.01513	0.035472	0.030406	0.017849	0.036915	0.004298	0.033998	0.032155	0.005975	0.024373	0.003057	0.024808	0.01282	0.030612	0.00528	0.007269	0.023712	0.012682	0.034083	
0.029171	0.016035	0.006998	0.006349	0.019701	0.034288	0.027117	0.026369	0.018186	0.020967	0.031183	0.007207	0.017984	0.007983	0.035263	0.008254	0.00025	0.03283	0.020331	0.032894	0.000891	0.029546	0.026809	0.008953	0.031146	0.031127	0.024356	0.033939	0.030746	0.031178	0.017748	0.023059	0.011779	0.012416	0.000442	0.033735	0.010452	0.018942	0.003154	0.024852	0.027923	0.009143	0.013464	0.03445	0.026643	0.035583	0.020524	0.004496	0.014416	0.008728	
0.019723	0.004647	0.029983	0.027048	0.032186	0.024142	0.035553	0.003871	0.030926	0.006382	0.033368	0.027637	0.033101	0.032572	0.030554	0.001012	0.029726	0.001482	0.033243	0.016359	0.024124	0.028345	0.034957	0.030421	0.003909	0.004047	0.035562	0.005867	0.025194	0.010494	0.032063	0.000992	0.008717	0.006452	0.012	0.014831	0.029037	0.010594	0.014508	0.025781	0.032974	0.018795	0.023036	0.021644	0.00399	0.015474	0.011017	0.023535	0.006574	0.031551	
0.018446	0.020853	0.00852	0.009636	0.032166	0.009636	0.028504	0.002389	0.031458	0.005497	0.035203	0.02371	0.023769	0.006065	0.027863	0.022605	0.018535	0.026287	0.00806	0.031308	0.039178	0.021374	0.000791	0.033829	0.003131	0.003129	0.030403	0.009707	0.033756	0.027206	0.008176	0.02556	0.002337	0.02314	0.020897	0.017425	0.030856	0.019322	0.001512	0.022193	0.019621	0.035272	0.03597	0.021122	0.012964	0.034873	0.026076	0.010819	0.019949	0.018902	
0.027088	0.029205	0.029349	0.003624	0.041878	0.000324	0.041726	0.01335	0.017133	0.038795	0.008836	0.003603	0.01576	0.005991	0.011661	0.032831	0.006018	0.013862	0.018375	0.023094	0.018971	0.04432	0.008909	0.038527	0.03191	0.003617	0.019924	7.7e-05	0.02944	0.041728	0.041328	0.008473	0.004355	0.011344	0.026537	0.005742	0.021986	0.012032	0.004416	0.030347	0.014379	0.006937	0.041356	0.004796	0.040074	0.010835	0.023123	0.025082	0.004621	0.042311	
0.98