50
2
-0.570626	0.819005	0.634471	0.807761	0.413759	-0.763848	-0.815198	0.123948	0.142824	-0.922086	-0.346905	-0.418364	0.021126	-0.392306	-0.392512	-0.713656	-0.92734	-0.201529	0.493684	0.709935	0.309361	0.93258	0.287311	0.488534	0.664005	-0.988084	0.066715	0.841655	-0.633432	0.973896	-0.060816	0.112515	-0.49774	-0.127676	0.650282	0.273975	0.646013	-0.433268	-0.098541	-0.650296	-0.910008	0.332245	-0.347225	-0.481753	0.495601	0.391666	0.931736	-0.330192	0.778668	-0.144469	
0.865345	0.53688	-0.567811	0.721134	0.714217	0.999197	-0.396672	-0.44616	-0.321712	-0.551834	-0.389772	0.42685	0.253031	-0.511464	-0.61348	0.980357	-0.263853	-0.637906	-0.496229	0.687456	-0.140609	0.478158	-0.714396	0.515931	0.628827	-0.38117	-0.91131	-0.95028	-0.289894	0.823958	-0.777498	0.505257	0.339249	0.099557	-0.513561	-0.478416	0.897332	-0.857451	-0.46995	-0.793019	-0.336879	-0.273603	-0.469922	0.742823	0.660295	0.959044	0.092637	0.100473	-0.774092	0.407538	
0.723173	-0.950509	0.867074	0.666204	-0.22936	-0.51584	-0.205607	-0.737963	0.929116	-0.608777	-0.580264	0.379736	-0.108391	-0.19433	0.180585	-0.884592	-0.451459	-0.478368	-0.192013	0.528948	-0.192437	-0.283322	-0.230539	-0.775343	0.465281	0.963799	0.320761	-0.36294	0.114962	0.725821	-0.694882	0.592977	-0.863615	0.286924	0.789557	-0.193189	-0.277629	0.521611	-0.959351	-0.722911	-0.320225	0.388299	0.825619	-0.56972	-0.303642	0.184545	-0.362067	-0.452467	-0.058758	-0.082549	
0.23722	0.837902	-0.679136	0.599582	0.984279	0.440549	0.014755	-0.905316	0.627553	0.142697	0.531234	0.477297	-0.073693	0.572879	0.488181	-0.168181	0.846844	-0.406291	0.801022	0.153675	0.302762	0.508633	0.110071	0.131977	-0.582233	-0.015841	0.778595	-0.53481	-0.729735	0.157817	0.819352	-0.372284	0.363887	0.19751	-0.37061	-0.808275	0.519933	-0.814121	0.216024	0.920878	-0.119605	0.572898	-0.911561	0.764893	0.799515	-0.084883	0.395019	0.692214	0.177244	-0.116759	
0.982002	0.181601	0.130135	0.037358	-0.266957	-0.486192	0.593823	0.352508	-0.951921	-0.2578	-0.476955	-0.111477	-0.824195	-0.695625	0.75074	0.31742	0.780768	0.597188	-0.857188	-0.999753	0.109821	0.935999	-0.602374	0.446634	-0.274985	0.874048	0.073755	-0.855828	0.005816	-0.644346	0.414487	0.200607	0.186775	-0.673604	-0.683519	-0.878753	-0.10635	0.532862	0.854752	0.751896	-0.403919	-0.840402	0.721988	-0.053997	-0.143673	-0.017219	0.865602	0.622016	0.253887	-0.548602	
-0.212694	-0.23411	-0.817982	0.184196	-0.554817	0.068373	0.963679	-0.64244	0.558441	0.544347	0.223732	-0.174911	-0.069382	0.175277	0.613344	-0.435981	0.879098	0.126957	-0.529413	-0.323338	0.424365	0.202323	-0.044501	0.803753	0.308684	-0.582718	-0.015645	0.652807	0.546351	0.109777	0.043956	-0.962864	0.448246	0.361654	-0.454074	0.715043	0.03809	-0.892993	-0.24062	-0.348478	0.984742	-0.425227	0.506267	0.399142	0.74896	-0.088998	0.031419	0.159832	0.853486	-0.369943	
0.066883	0.747495	0.528173	0.65162	0.643614	-0.474054	0.812737	-0.700013	0.442447	-0.847082	-0.037602	0.23515	0.128022	0.612877	-0.427338	0.072632	-0.723418	0.17343	-0.120381	0.956957	0.142726	-0.25185	-0.408082	-0.088904	0.386202	0.996232	0.638592	-0.973354	-0.001999	0.531008	0.947258	-0.074181	-0.083888	-0.569685	-0.843392	-0.198128	-0.290732	-0.697239	-0.339444	0.562609	-0.392633	-0.502716	0.832528	-0.980537	0.447309	-0.32101	-0.74728	-0.076575	0.840344	-0.709644	
0.979677	-0.459233	0.743783	0.813814	0.800575	-0.396198	-0.044521	0.356297	0.152141	0.457198	0.323793	0.529771	0.533095	-0.620008	-0.925481	-0.098336	-0.958115	0.28642	-0.133625	0.967057	0.539571	0.850765	0.69526	-0.59765	0.686792	0.450038	-0.879584	-0.222105	0.56037	-0.20728	-0.972228	-0.263212	0.139441	-0.32547	0.811796	-0.067853	0.679862	-0.126412	-0.889288	0.077212	-0.742105	-0.937418	-0.922746	-0.184613	-0.831292	0.526339	0.52013	-0.982101	0.705111	0.508661	
-0.676141	0.40813	0.290608	0.853977	-0.278122	0.242945	0.063804	0.454514	-0.538849	0.667088	0.973272	0.260562	-0.473195	-0.860648	-0.542661	0.564557	0.370035	-0.781471	-0.457346	-0.213616	0.956145	-0.582422	-0.60254	-0.983476	0.890372	-0.696721	0.836378	0.976826	0.041036	-0.518971	0.323498	-0.876738	0.796922	0.45447	-0.960456	-0.383317	-0.37983	-0.176188	0.355611	0.115375	-0.456806	-0.856851	-0.636519	0.994239	0.85905	-0.757276	-0.24276	-0.049215	-0.740473	-0.419549	
-0.383148	-0.776849	0.098339	-0.873304	-0.744519	-0.90458	-0.922235	0.77002	0.92583	-0.62152	-0.893358	0.529461	0.22802	-0.589967	-0.186848	0.084074	-0.396812	-0.484453	-0.28756	0.738435	-0.948398	-0.69003	-0.546448	0.08823	-0.879197	-0.282115	0.317019	0.401117	-0.379833	0.415124	-0.030215	-0.170055	0.267874	0.786183	0.488585	-0.92725	-0.05159	-0.750062	-0.574473	-0.650943	-0.531498	0.390096	0.590456	-0.70966	0.24694	0.183433	-0.141326	-0.361631	0.66739	0.08191	
-0.137168	0.504232	0.5929	-0.374665	-0.78382	-0.118525	-0.469565	-0.719975	0.719646	0.28782	0.504954	-0.857632	-0.917101	-0.384558	0.225709	0.723447	-0.816744	0.70522	-0.1558	-0.292069	0.562072	-0.665694	0.519669	0.538423	-0.215217	-0.315636	-0.528569	0.057837	0.156905	-0.584495	0.874325	0.536032	0.544104	0.055712	-0.141309	-0.023165	0.336103	0.950504	-0.285973	0.471572	0.963933	-0.540463	0.04505	-0.932616	0.075195	-0.816562	0.16688	0.596839	0.840108	-0.322275	
0.928258	0.80599	-0.281883	-0.36604	-0.032938	-0.851801	0.044518	0.803065	0.337151	-0.925826	-0.088011	-0.841502	0.608787	-0.602514	0.209444	0.669784	-0.512659	-0.929891	0.97161	-0.608896	0.286747	0.729025	-0.949475	0.50854	-0.008161	0.028017	0.901937	0.745934	-0.975543	-0.88322	-0.68157	0.360309	0.904202	-0.866707	0.435356	0.578111	-0.853306	-0.31082	0.279506	0.938828	0.795885	-0.36324	0.414253	0.018261	-0.740017	0.851642	-0.235405	0.473592	0.117428	0.095097	
-0.856937	-0.606068	0.978859	-0.357961	-0.501799	0.443424	-0.753511	-0.720249	0.564739	0.868567	-0.74321	-0.994316	-0.601151	0.10115	0.293483	0.616308	0.046672	-0.920928	0.748957	0.457107	0.480553	0.280053	0.418072	-0.728402	-0.535689	0.344918	-0.032437	-0.373437	0.411761	-0.221132	-0.672398	0.253874	0.594499	0.474643	-0.239442	-0.677658	0.272663	-0.473449	-0.528655	0.8688	0.830017	0.377278	-0.045715	-0.021187	0.100709	0.860007	-0.89937	0.628683	-0.04773	0.574566	
-0.814233	0.99495	0.509257	-0.669264	-0.937305	0.970312	0.584974	-0.425552	0.128909	-0.925267	-0.03379	0.054598	-0.948205	-0.194395	0.075499	-0.698492	0.861341	-0.814589	0.751154	0.200924	0.326651	-0.595829	-0.671698	-0.961012	-0.868955	-0.32601	0.182389	-0.618658	0.642483	0.082917	0.817471	-0.508541	0.456425	-0.301022	0.765902	-0.103557	-0.538214	-0.501023	-0.901951	-0.205292	0.680896	-0.008182	0.324632	0.090189	-0.185817	0.723136	0.00278	-0.102661	-0.778481	0.944613	
-0.002891	0.064209	-0.779475	0.78041	-0.603899	-0.371973	-0.218722	0.540329	-0.034372	0.649013	0.193929	-0.559093	-0.840189	-0.870322	0.847175	-0.786107	0.705426	-0.207976	-0.147228	-0.388173	-0.730337	-0.966385	-0.369644	-0.508363	-0.088997	0.622103	0.209522	-0.693516	0.842226	-0.059627	0.583398	-0.987904	-0.299215	-0.756441	0.535377	0.103653	0.295162	0.098552	-0.153994	0.015991	0.545664	-0.806656	-0.751192	-0.917139	0.726607	-0.779629	-0.693174	0.736312	-0.630175	-0.360763	
0.108209	-0.427314	0.924535	0.219785	0.309801	0.942602	-0.432472	0.455055	-0.181908	0.513879	-0.383232	-0.817832	-0.936598	-0.081162	-0.54624	0.00341	-0.969189	0.119155	0.40544	-0.126985	0.719843	-0.753436	-0.497773	-0.599063	0.916083	0.257965	-0.710376	-0.921288	-0.39525	-0.39257	-0.888935	-0.312461	-0.603888	0.969867	-0.637262	-0.231111	0.722549	-0.250331	0.843751	0.363783	-0.58574	-0.310874	0.431527	0.207845	-0.11516	-0.372712	-0.953895	0.877343	0.163974	0.432774	
0.304842	-0.915863	-0.076305	0.878971	0.41835	-0.153006	0.094356	0.17155	0.882958	0.912871	0.45673	-0.255765	-0.204174	0.552332	0.26987	-0.660397	-0.786485	0.1828	-0.054605	0.251588	0.351068	-0.770538	0.585887	0.511228	0.863206	-0.840924	0.615399	-0.133845	0.662268	0.512555	0.91095	-0.204115	0.200486	-0.156801	0.028299	0.938683	0.827022	0.574183	-0.378138	0.550433	-0.89473	0.322699	0.297392	-0.436491	-0.115497	0.504448	-0.610045	0.539592	-0.222595	0.874782	
0.047175	-0.339341	0.476497	0.376908	-0.036795	0.027017	-0.470325	-0.560652	-0.289694	-0.789766	0.625708	0.676022	0.859238	-0.574877	0.171227	0.775527	0.102803	0.728734	0.206149	-0.674827	0.698336	0.408311	-0.793761	-0.559078	0.923839	0.881784	-0.433248	-0.781918	-0.149607	-0.088302	0.421671	0.590199	-0.844334	-0.962219	-0.236148	0.961963	0.309728	-0.347814	0.347104	0.986405	0.691649	-0.936844	-0.113542	-0.607212	0.663959	0.278096	0.728858	-0.018952	-0.85721	-0.542439	
-0.841238	0.83281	0.686825	0.19575	0.075905	0.911595	0.859831	-0.723771	0.219974	0.223798	-0.653729	0.328586	0.938531	0.968862	-0.39004	-0.900207	-0.454858	0.911284	0.737593	0.866452	0.244274	0.97114	0.38753	-0.226919	-0.641471	0.136064	-0.989604	0.873193	-0.891812	0.710386	-0.756411	0.015774	0.090651	0.886296	0.138966	-0.472604	-0.920843	0.475339	0.466124	-0.308017	-0.263529	0.425762	-0.949176	0.515184	-0.283682	0.086125	0.071519	-0.818732	-0.225859	0.021817	
-0.201366	0.913255	0.815774	0.732505	-0.643056	0.583872	0.963095	-0.514473	-0.443727	-0.393561	0.096587	0.737921	0.687774	0.677128	-0.96501	-0.887924	0.606411	-0.274463	0.45778	0.608508	0.448606	-0.465725	0.43225	0.205421	-0.221553	0.382294	-0.921995	0.250657	0.794621	-0.381316	0.568061	0.189003	0.628124	0.730332	0.100305	0.93667	-0.365623	0.982162	0.281275	-0.824053	-0.508043	-0.67439	-0.683497	0.053338	-0.815172	0.721458	-0.643352	-0.328169	-0.6339	-0.914398	
0.88972	0.823227	-0.373515	0.98462	0.161327	-0.446718	-0.529188	0.153067	0.517014	-0.711056	-0.252234	0.690869	-0.433763	0.707057	-0.460484	0.931267	-0.530945	0.66923	0.85546	0.870155	-0.414211	-0.63772	-0.796156	0.779805	0.589039	-0.14562	0.515188	-0.297002	0.515381	-0.497121	-0.584028	0.075504	0.394361	-0.44363	-0.962701	0.91819	0.733848	0.204205	0.741668	-0.007876	-0.534881	0.08763	-0.246435	-0.348852	0.582381	-0.793455	-0.844852	-0.590736	0.536752	0.608568	
-0.566645	0.491185	-0.833915	0.607251	0.423838	0.860451	0.224205	0.687062	-0.032996	0.843261	-0.954596	0.289276	-0.861755	0.914539	-0.991032	-0.205169	0.076877	-0.791605	0.857873	0.291501	-0.739193	-0.845576	0.535984	-0.148551	-0.301279	0.272521	-0.415245	-0.145383	0.330243	0.041355	0.659378	0.208942	0.809734	0.038196	-0.162574	0.135483	0.527831	0.557752	0.981194	-0.958948	-0.587565	0.280482	-0.232061	-0.56279	-0.10317	-0.59236	-0.328658	-0.839852	0.489104	-0.538121	
0.911855	0.846426	-0.574011	-0.763911	-0.389954	0.582387	-0.326951	0.894949	-0.369622	-0.163965	0.763378	-0.338089	0.668272	0.548753	0.77179	0.153997	0.992949	0.816689	-0.051904	0.791354	0.404597	-0.880526	-0.519155	0.411152	-0.381033	-0.814036	-0.870769	-0.637553	-0.066528	-0.541235	-0.044967	-0.198008	0.243332	0.633742	-0.408182	0.594728	0.641574	-0.478408	0.480641	0.664946	0.642329	0.892475	-0.268507	0.075123	-0.921418	-0.35972	-0.750769	-0.315237	-0.155245	-0.724156	
0.352843	-0.345984	0.899973	0.710852	-0.361533	0.146619	-0.728608	0.287315	-0.437957	-0.438522	-0.969366	-0.908491	0.640374	0.19209	-0.237793	-0.482633	0.537592	0.362319	-0.100871	0.20113	-0.816654	0.162911	-0.56756	0.507912	-0.164378	-0.905807	0.97555	0.12798	0.415217	0.581539	0.016106	-0.900958	-0.156646	-0.517662	-0.329265	0.132537	-0.665628	0.771689	0.460586	-0.133817	-0.252306	0.791163	-0.703528	-0.347048	-0.968627	-0.239193	0.326659	-0.01475	-0.502134	0.746857	
-0.023225	0.343424	0.412145	-0.380797	0.36118	-0.448121	-0.39854	-0.40783	0.476356	-0.910585	0.617791	-0.302703	0.431294	-0.87732	-0.883277	-0.392183	-0.742145	0.486438	-0.01089	0.036174	0.017813	-0.83255	0.247748	-0.428413	0.573972	0.470761	-0.022763	-0.002796	-0.979712	0.960019	0.067886	0.485878	-0.161257	-0.375197	0.031027	0.125728	0.39893	0.313509	-0.615415	-0.445155	-0.163004	0.419282	0.688225	0.767668	0.370123	0.113684	0.20103	0.572659	0.620201	0.303245	
-0.160916	-0.570977	0.076455	-0.622934	-0.929393	0.78395	-0.916213	-0.919167	0.091385	-0.894756	0.169467	-0.592926	0.22953	0.965471	0.986903	0.974468	0.263236	0.32263	0.232616	0.00682	-0.016514	0.634828	0.323173	0.940517	-0.878435	-0.405068	0.039253	-0.249087	-0.871191	-0.674894	-0.284433	-0.688286	0.658956	0.09407	0.676657	0.695678	-0.240767	-0.233921	0.173393	0.179136	0.589415	0.46431	-0.608485	0.012694	0.704031	0.400536	0.617808	-0.829893	0.951837	0.418462	
0.727684	0.330558	-0.448148	0.254602	-0.089589	-0.180014	0.149797	-0.185336	0.560156	0.14221	-0.57641	0.381867	-0.781669	-0.649896	-0.25149	-0.774352	-0.039469	-0.654926	0.019682	-0.517606	0.125456	0.221613	-0.369589	-0.826361	0.948538	0.393834	-0.267386	-0.950795	0.692915	0.685419	-0.883113	-0.656905	0.809504	-0.128973	-0.329119	-0.12055	0.263529	0.209658	0.06389	-0.569221	-0.109035	0.636535	0.187276	-0.812744	0.934321	0.242935	0.991398	0.49658	0.621288	0.315486	
0.878733	0.108496	0.66952	-0.041999	-0.437762	0.29359	-0.927074	-0.911305	0.565122	0.168185	0.952259	-0.167334	0.278982	0.377541	-0.909329	-0.322489	-0.208333	0.513613	0.968124	0.345442	0.715437	-0.407478	0.89833	0.627886	0.600131	-0.017002	-0.035485	0.352303	-0.088508	-0.524062	0.011434	0.208639	0.223567	-0.090822	0.402586	0.741305	0.647825	-0.516567	-0.902354	-0.233559	0.228246	0.671368	0.591661	0.169424	-0.270336	-0.861631	-0.757679	0.514084	0.730366	-0.596569	
0.001445	-0.088441	-0.682256	-0.738205	-0.224189	0.361332	0.317109	0.492625	-0.081749	-0.906706	-0.528653	-0.604082	-0.43301	-0.500354	0.759245	0.449691	-0.434061	-0.395123	0.722401	-0.70244	-0.457982	0.984113	0.287992	0.470541	0.835926	-0.71416	0.712977	0.720614	-0.204485	-0.885247	0.58817	-0.162094	-0.514549	-0.629808	-0.364718	-0.15488	-0.921058	-0.734383	0.533294	-0.954274	0.761806	-0.989488	0.720416	0.508634	-0.687641	-0.94891	-0.898527	0.810517	-0.149546	0.055165	
-0.621077	-0.383017	0.966239	0.628455	0.392661	0.128464	-0.37291	0.756095	0.937023	-0.546818	0.879275	-0.221046	0.11083	0.112765	-0.191918	-0.203021	-0.754167	0.96738	-0.89563	-0.631784	0.295971	0.787519	0.478059	-0.594474	0.823471	-0.635914	0.618707	0.057873	-0.623887	-0.810455	0.753654	-0.906939	-0.346781	-0.258284	0.015822	-0.76638	0.402858	0.208289	0.211726	-0.585419	0.586664	0.817972	-0.365646	-0.547697	0.902553	-0.499444	-0.241163	-0.977374	0.437356	0.870785	
-0.795695	0.621747	-0.067344	0.374273	0.249074	-0.433138	0.027718	-0.555653	0.675305	-0.047027	-0.76528	-0.300868	0.574837	0.805164	-0.295111	-0.331659	-0.444351	0.242069	0.390661	-0.649949	-0.780725	-0.503214	-0.355596	0.157656	0.616291	0.780668	-0.527876	0.742602	-0.191214	-0.624131	0.457797	0.491813	0.30596	0.551328	0.26796	-0.716531	-0.403644	0.988376	-0.387841	-0.483154	-0.718208	0.171694	-0.088707	-0.842387	0.891672	-0.016297	0.596166	-0.349966	0.769567	-0.332132	
-0.266086	0.787634	-0.247575	0.02412	-0.714592	-0.582729	0.981273	0.915279	0.699617	-0.098943	0.087161	-0.472617	0.469013	0.041821	0.283945	0.343072	-0.012742	-0.158305	0.452291	0.617251	-0.302674	-0.594621	-0.627007	-0.421993	-0.531276	-0.719652	0.879559	0.348551	0.489721	0.933941	-0.77138	-0.756538	0.396063	0.467543	0.669357	-0.8193	-0.981958	0.307298	-0.021689	0.585252	-0.693743	-0.447559	-0.791549	-0.079827	-0.137621	0.977358	-0.002125	-0.773282	0.174393	-0.370246	
-0.266958	-0.866245	0.522942	-0.662143	-0.177905	-0.610287	0.460169	-0.57954	0.653145	0.464504	-0.07596	0.060295	0.314569	0.255851	0.750358	0.360516	-0.404879	-0.085493	0.255143	0.688732	0.01014	0.758282	-0.876709	0.374793	0.970924	-0.573023	-0.687908	-0.516765	-0.41309	0.96654	-0.360335	-0.934045	-0.091788	-0.662261	-0.185365	-0.539276	0.139689	-0.234317	0.335324	-0.601807	-0.577715	0.97404	0.591329	-0.354037	-0.586763	-0.586549	-0.557624	0.797267	-0.261358	-0.220894	
0.62079	0.379383	-0.576594	-0.931889	-0.357349	0.498606	-0.602329	-0.897398	-0.336757	-0.640284	0.467981	0.334228	0.163251	0.777289	0.4033	-0.288934	-0.865574	-0.719502	0.831073	-0.499954	-0.894861	0.837231	0.508015	-0.906834	0.380952	0.290187	-0.261191	-0.091992	-0.62986	0.491282	-0.787865	-0.178384	-0.393758	0.600462	-0.540742	-0.594235	0.51305	0.465652	-0.78736	-0.458038	-0.63831	0.865614	-0.054686	-0.613367	-0.12366	0.78835	0.563395	-0.171189	-0.000581	0.013964	
-0.750966	0.985129	-0.34638	0.499792	0.259005	0.552339	-0.590985	-0.544374	-0.027219	0.461227	0.25517	-0.984447	-0.562955	0.660285	0.73891	0.251571	0.337594	0.123232	0.475006	-0.150096	-0.963894	0.772313	0.118933	-0.771301	0.239683	-0.639141	-0.166464	0.816535	-0.82893	0.749799	-0.183038	-0.777967	0.127411	0.057463	0.956095	0.983492	0.596667	-0.884078	0.977435	-0.267577	0.538798	0.568586	-0.235582	-0.038518	0.623015	-0.168838	0.039326	0.196003	0.148787	0.59411	
0.564834	0.302847	-0.380655	0.511729	0.515869	0.724355	0.882716	0.408493	0.742073	0.64598	0.008309	0.430372	-0.264908	0.022627	-0.594602	0.673903	0.221554	0.254708	-0.461944	0.535407	0.342682	0.042746	0.079015	-0.898636	-0.502794	0.296429	-0.064883	0.630077	0.722928	0.866407	-0.658567	-0.568286	0.006229	-0.171254	0.013726	-0.302467	0.136457	-0.944049	-0.399757	-0.060141	-0.924255	0.209685	-0.314648	-0.19001	0.227106	-0.504089	0.855692	-0.465346	-0.547354	0.870413	
0.194258	0.291693	0.223226	-0.812516	-0.875034	0.14495	-0.623168	-0.631743	-0.118464	0.869877	0.554415	0.110585	0.732759	-0.085823	-0.903761	-0.727647	0.704292	-0.328334	-0.244866	-0.848557	0.327215	0.69601	0.293421	-0.878831	-0.178807	0.824999	0.278244	0.767401	0.223877	0.228391	-0.065194	0.53193	0.920374	0.435294	0.25171	-0.484312	-0.321861	-0.588722	-0.225599	0.884052	-0.961519	0.754729	0.819367	0.859381	0.654729	0.387032	0.336024	0.361921	0.643089	-0.730192	
-0.777333	0.56272	-0.505401	0.722832	-0.205437	0.975597	0.383811	0.999546	-0.918365	-0.582182	-0.225043	-0.451763	-0.693937	-0.369369	0.101055	-0.635548	-0.50598	-0.209413	0.380854	0.651701	0.948201	0.136755	-0.319427	-0.465138	-0.803553	0.284872	-0.948157	-0.849179	0.008424	-0.898413	-0.212726	-0.289351	-0.553054	0.651451	-0.990227	-0.889055	-0.504971	-0.822842	0.934951	-0.680291	-0.672037	-0.078394	-0.605638	-0.299179	-0.810735	0.213536	-0.332094	-0.520807	0.349754	0.940031	
0.064006	0.554983	-0.870204	-0.108065	-0.35217	-0.507571	-0.775977	-0.001607	0.382643	-0.119362	0.104722	-0.498402	0.948687	0.105466	-0.149071	-0.230474	-0.161965	0.732881	0.887719	0.938749	0.385393	-0.256454	-0.632735	-0.218566	0.72595	0.231804	0.536834	-0.880873	-0.829259	0.008167	0.917603	-0.835558	0.473793	-0.414199	-0.569751	0.976705	-0.354277	0.887699	0.595111	-0.608285	-0.221769	0.259007	0.555701	0.456021	0.527287	0.003706	-0.505414	-0.329017	-0.15235	0.870908	
0.346703	0.321729	0.894016	-0.59066	-0.818347	0.179447	-0.57175	-0.60139	0.21956	0.297556	0.815741	0.847027	-0.614972	0.309159	-0.032603	0.672155	0.367254	0.856283	-0.85481	-0.785326	-0.062738	-0.184668	0.749573	0.385368	0.859225	0.500054	0.929074	0.39137	0.863509	0.002804	0.483346	-0.45083	-0.97052	0.483335	-0.566804	0.328173	0.829336	0.405136	0.390244	0.173636	-0.514958	0.745245	-0.350051	-0.401676	0.258513	-0.21469	-0.615755	-0.721598	0.228319	-0.254483	
0.923815	-0.434874	-0.004267	-0.130787	-0.390089	-0.524034	-0.079087	-0.986621	-0.400453	-0.460891	0.450523	0.019856	-0.784381	-0.859723	-0.576877	0.002411	0.221849	-0.642002	-0.513968	-0.488409	-0.927989	-0.056853	-0.952441	0.161715	-0.977044	-0.79871	-0.370962	-0.625657	0.458914	-0.958061	0.036563	-0.880854	0.70113	0.913571	0.637989	0.412876	-0.895251	-0.396955	-0.49597	0.877515	-0.377346	0.239063	-0.460663	0.087334	-0.479008	-0.90483	-0.293821	-0.999941	-0.509538	0.013175	
0.007783	0.571594	-0.949839	-0.780103	-0.665084	-0.357174	-0.859555	-0.454023	-0.250401	0.74961	0.342349	-0.347921	-0.929144	-0.828485	0.954634	-0.166942	-0.497946	0.167587	-0.496581	0.042702	-0.085762	0.127732	-0.627104	0.983396	0.012161	-0.513037	-0.083843	-0.862267	0.541842	0.070723	-0.280675	-0.282402	0.258193	0.328442	0.613302	0.58265	-0.81468	0.769721	0.8082	-0.563414	-0.686765	0.633463	0.218345	-0.733411	-0.966784	-0.433068	-0.309492	0.983419	-0.51634	0.97385	
0.071456	0.964417	-0.31875	-0.412654	-0.471633	-0.782218	0.867503	-0.992752	0.595611	-0.142473	-0.986308	0.779548	0.388447	-0.00323	0.211013	-0.962512	0.031519	-0.941542	0.859668	-0.798925	0.221509	0.144187	0.350931	-0.64053	0.267732	-0.994725	0.986494	0.606116	0.328013	0.136691	0.962915	-0.291471	0.289508	0.848097	-0.247344	-0.203191	0.600422	0.924606	-0.686284	-0.40227	0.248883	0.848346	0.623541	0.842951	-0.486305	-0.784613	0.687164	0.943763	-0.775523	0.981949	
0.335795	0.742803	0.286133	-0.766112	-0.314578	0.578647	0.379125	-0.41416	0.676666	-0.913582	0.963882	0.834099	-0.148024	-0.087068	0.671936	-0.825693	-0.52748	-0.370649	-0.295414	0.90055	-0.501973	0.856208	-0.131371	0.476991	0.957343	0.26714	0.043082	0.360925	0.21144	0.883409	0.428592	0.563424	0.291032	0.8266	-0.614983	0.26911	-0.912956	0.217513	0.759173	-0.718047	-0.588606	0.548386	-0.271774	0.672829	0.400923	0.242178	-0.189372	0.564942	-0.688704	0.299431	
0.756125	-0.269435	0.480662	-0.165083	-0.452293	-0.457809	0.811607	-0.048137	0.125168	-0.629241	-0.566879	0.780701	0.8243	-0.443174	-0.921791	0.392288	-0.214605	0.834129	-0.110168	0.895672	-0.272921	0.809413	0.721264	0.918344	0.077751	0.588857	-0.216637	0.531305	0.988456	0.439495	-0.648721	0.564337	0.69724	-0.188637	0.262638	0.847135	0.507678	-0.12166	-0.573414	-0.618848	-0.747704	-0.932251	-0.102098	0.689525	-0.417843	-0.342725	-0.62197	0.530885	-0.383597	-0.963751	
0.910397	-0.157963	-0.601369	-0.657421	0.469921	0.884617	-0.543301	-0.246482	0.094485	-0.912177	0.890496	0.728722	-0.218436	-0.035312	-0.59699	0.54813	-0.932169	0.446734	0.596954	0.674736	-0.822768	-0.485167	0.319276	0.416601	0.510443	0.47651	-0.147686	0.774148	-0.984359	-0.19869	0.602751	0.76305	-0.690787	-0.629099	-0.702411	0.442107	0.255383	0.714326	0.623182	0.564111	0.729304	0.898294	-0.606863	0.555776	-0.400593	0.866212	-0.503441	0.16657	-0.078979	0.484288	
0.149904	0.57551	-0.231558	-0.983281	0.041587	-0.476732	-0.808276	0.765285	-0.707439	-0.385851	0.034299	0.154275	0.736032	0.97931	-0.631756	-0.643726	0.779204	-0.059513	-0.691048	0.011952	-0.074858	0.9334	-0.631897	-0.600865	0.956818	-0.341838	0.540217	0.630935	-0.931055	-0.386986	0.172866	0.494566	0.699993	-0.474343	-0.211548	0.672672	0.369341	-0.16609	-0.434355	0.175239	-0.867012	-0.780718	-0.08302	0.398852	0.207821	0.629635	0.858216	0.61326	0.497742	0.790093	
-0.599569	-0.377411	-0.816982	-0.874753	0.228288	0.219316	0.977871	0.872912	0.163793	-0.574722	-0.836161	-0.287205	0.10301	-0.865951	0.382451	-0.762943	-0.397659	-0.577958	-0.620239	-0.367977	-0.543936	0.054128	0.485262	0.210035	-0.080821	0.423048	0.240724	0.624638	-0.570185	-0.453482	0.870351	-0.137355	-0.765984	-0.769697	-0.400952	0.331523	-0.155082	-0.625219	-0.192752	0.321499	-0.721298	0.046125	0.307979	-0.19341	0.765016	0.638247	0.508252	0.365498	-0.769246	-0.486829	
0.900101	-0.168696	0.011993	0.746237	-0.658715	-0.027463	-0.731149	0.062223	0.25234	-0.0935	0.199593	0.884205	0.959496	0.616304	0.431772	-0.057998	0.746675	-0.638169	0.0278	-0.904266	0.685193	0.043976	-0.097062	-0.488885	-0.905193	-0.768068	0.737353	-0.377131	-0.25576	-0.678139	-0.848667	0.170396	0.995176	-0.832807	0.420394	0.721262	0.755517	-0.101775	-0.73855	0.258741	-0.154532	0.40446	-0.240532	0.620511	0.903984	-0.423556	0.876281	-0.614272	0.736027	-0.065881	
0.362389	0.097237	-0.419113	-0.812794	-0.362816	-0.589509	0.157428	-0.275135	0.513166	-0.272544	0.982079	-0.668087	0.698977	-0.241363	0.719131	-0.41027	-0.90483	-0.691348	-0.746763	-0.227589	0.295298	0.86534	-0.381368	0.502035	0.204469	-0.593345	0.138748	-0.828305	-0.821798	-0.265238	0.259556	-0.881722	-0.614143	-0.036882	0.900303	-0.161013	-0.329889	0.837222	-0.242966	-0.854643	0.399114	-0.699802	0.967503	0.816069	-0.812431	0.095158	-0.588308	0.768753	0.312633	-0.413175	
0.062108	-0.393194	-0.628081	-0.312661	0.424589	0.83123	0.945652	-0.913586	-0.018844	-0.944952	-0.166462	-0.140841	0.784727	0.336854	-0.602128	0.534528	0.736973	-0.264051	0.417482	-0.763202	0.15212	0.137593	-0.862815	-0.252616	-0.104809	-0.438385	0.705135	0.630733	0.222593	0.257662	-0.276298	-0.063398	0.07479	0.20751	0.442592	-0.589629	-0.973204	0.4681	-0.290153	-0.546446	-0.146831	0.045047	0.681585	-0.272761	-0.023405	-0.759639	-0.485778	-0.675081	-0.411074	0.179986	
0.315584	0.58103	-0.616416	-0.856699	-0.105171	0.303536	-0.643	0.012685	0.673279	0.951955	0.970185	0.28325	-0.470369	0.309914	-0.331426	-0.388241	-0.801728	0.45173	-0.801866	-0.476114	-0.770599	-0.654153	0.893598	-0.579475	0.628708	0.766216	-0.350971	0.068319	0.750281	-0.792712	-0.025325	-0.491951	0.76829	-0.110212	-0.679202	0.36683	0.221751	-0.063276	-0.873704	0.740166	0.839953	-0.406825	0.629348	-0.307469	0.155079	-0.897015	0.743207	0.82214	-0.409267	-0.60381	
0.574133	-0.641336	-0.683811	-0.588046	-0.260756	-0.749871	-0.398499	-0.327081	0.129204	0.581152	-0.627443	0.443848	0.311399	0.583918	0.996588	-0.764274	0.796575	0.562497	0.74259	-0.823621	-0.089625	0.855465	-0.809115	0.888546	0.116667	-0.824864	0.142554	-0.565503	-0.998941	0.161114	0.311436	-0.277982	-0.459528	-0.782017	-0.422816	-0.817084	0.167045	-0.69711	0.96875	-0.861993	0.516645	-0.249325	-0.46744	-0.675169	0.571475	0.099509	-0.051338	0.122487	-0.114153	0.735536	
0.171632	0.872992	-0.470064	0.35383	0.752413	-0.292689	-0.871398	-0.639628	0.973751	0.348815	0.927974	0.431661	0.13084	-0.48932	-0.791626	0.117635	0.050301	0.478402	-0.298935	-0.367271	0.358651	-0.530283	-0.680503	0.16748	0.573566	0.179909	-0.845213	0.196858	-0.303071	-0.774881	0.460047	0.678219	0.130939	0.832322	0.600589	-0.4851	0.671325	-0.959383	-0.89938	-0.624698	-0.464342	0.926458	-0.213805	-0.852502	0.014013	-0.497389	-0.142894	-0.162181	0.226242	-0.804126	
-0.90473	-0.154941	0.359006	-0.197822	-0.192838	0.549581	0.717768	-0.010732	-0.306255	0.560944	-0.931718	-0.417291	-0.290492	-0.81466	-0.604943	0.063979	-0.404656	-0.103628	0.86684	0.146807	0.540537	0.993041	0.193982	-0.740264	0.467216	0.990398	0.3384	-0.548455	0.613652	0.607611	0.199604	-0.480563	-0.194994	-0.844792	0.567047	-0.265428	0.746404	0.127267	0.830636	0.174419	0.854384	-0.679457	-0.780298	0.479146	-0.417415	-0.684978	-0.761997	0.756208	-0.08127	0.389602	
-0.789846	-0.82277	-0.094267	0.022819	0.458199	0.547738	-0.893573	-0.060057	-0.896045	-0.206759	0.855259	0.212705	0.461583	0.523656	0.113054	-0.166044	-0.259945	-0.977325	-0.821159	0.167947	0.641274	0.871324	-0.568966	0.935691	0.413324	-0.302766	0.030382	-0.352675	0.224159	-0.698186	0.239357	-0.365189	0.223945	-0.034738	-0.431667	0.007522	0.392375	-0.062039	0.801208	0.874081	-0.703848	0.969911	0.817898	0.524821	-0.589908	0.995205	-0.464196	0.348945	-0.35346	-0.839763	
0.26758	-0.405947	0.880988	0.127185	-0.199963	-0.258556	0.684581	0.019608	0.277196	-0.243538	-0.035474	0.302983	-0.488512	-0.614927	-0.647603	-0.406536	-0.590443	0.866945	0.596982	0.725954	0.809522	-0.658501	0.603282	0.888713	-0.679114	0.735667	0.672214	-0.679846	-0.038023	0.515151	0.675809	-0.322968	-0.738426	0.802385	-0.081284	0.184176	0.400937	0.794554	-0.804276	-0.695984	-0.107718	0.978004	0.886212	-0.260447	-0.588723	0.951453	0.171208	0.485876	-0.520747	0.311649	
0.631475	-0.974422	0.586974	-0.967508	-0.067829	0.374544	-0.817064	-0.159313	0.304707	-0.650823	-0.402366	-0.465395	0.335437	0.110404	0.019966	0.24947	-0.791093	0.181919	0.0913	0.949265	-0.183636	-0.665597	0.590485	-0.506296	0.831981	0.50387	-0.018888	-0.658398	0.552351	-0.3751	0.061655	-0.303988	-0.703559	0.921913	-0.118385	0.321274	0.490755	0.331534	0.537519	-0.956192	0.220374	-0.265532	0.597733	-0.962912	0.262012	0.985418	-0.500989	-0.249063	-0.823473	-0.622684	
-0.282744	-0.065589	0.156839	0.354579	0.135735	0.39619	-0.630592	0.012119	-0.102702	0.722108	-0.862757	0.049526	0.382268	-0.617157	0.609087	0.260123	-0.174124	0.105477	0.814407	-0.132367	-0.738834	-0.413008	-0.758193	0.094346	-0.569954	-0.052699	0.4243	-0.663132	-0.086404	-0.83749	-0.854594	-0.720666	-0.71096	0.941204	0.748166	0.710238	-0.833277	0.359862	0.626595	-0.651213	0.377438	0.949995	0.832835	-0.777216	0.1466	0.438609	-0.178543	0.547938	0.955714	-0.639993	
0.957519	0.079236	-0.017467	-0.971464	-0.647901	0.669692	-0.365563	0.250231	0.155098	-0.290993	0.601292	-0.045913	0.788943	0.534906	-0.951709	0.214926	-0.535194	-0.392984	0.245461	0.974704	-0.679844	0.882432	-0.636625	0.559444	0.916319	-0.670442	0.823278	0.278261	-0.732376	-0.256348	-0.162606	-0.380694	0.920964	0.025724	0.659389	0.957467	-0.828719	0.028953	0.962548	-0.90661	0.965832	-0.341278	-0.867858	-0.215851	-0.510049	-0.059516	-0.908189	-0.081724	-0.809847	0.8542	
-0.457029	-0.511247	-0.26384	-0.562506	0.640737	0.573921	0.046916	-0.701569	-0.362535	-0.764119	-0.451711	0.076619	0.541087	-0.686846	0.684219	-0.750519	-0.758102	0.248153	0.094851	0.878111	-0.221167	0.67257	0.677519	-0.016095	0.380248	0.929025	0.587561	-0.034732	-0.109003	0.351893	-0.316352	-0.402889	-0.362061	0.712465	-0.696332	-0.194001	0.190865	-0.839256	0.014217	0.069628	0.187672	0.956841	0.178837	-0.507825	0.638837	0.295105	0.059312	-0.445797	0.608993	0.893982	
0.657535	-0.164281	-0.047012	0.362083	-0.18474	-0.46548	0.742273	-0.122307	0.188457	0.409506	-0.772927	-0.841645	0.185868	-0.00514	0.951025	-0.581955	-0.599525	-0.695842	0.806354	-0.171832	-0.999753	-0.748544	0.653631	-0.42553	-0.833525	-0.100458	-0.092701	0.349075	-0.062733	-0.592974	-0.314044	0.977783	-0.866769	0.623219	-0.069777	0.313378	0.304289	0.079948	-0.563998	-0.757797	-0.244691	-0.608702	0.993774	-0.591218	0.000517	0.998061	-0.568633	-0.378104	0.32966	0.16702	
-0.738986	0.433954	-0.243497	-0.920506	0.526496	0.250093	0.001545	0.774217	-0.283994	-0.926357	-0.687111	0.110128	-0.292397	0.963358	-0.85815	0.015469	0.858125	0.567074	-0.286735	-0.229198	-0.669239	0.583153	-0.53957	-0.332825	0.258725	0.892771	0.075933	0.980387	0.751114	0.643045	0.010435	-0.27065	-0.154089	-0.064039	0.450491	0.145833	0.29815	0.815263	0.353739	-0.056144	0.451734	0.830179	0.774726	-0.359322	0.563736	-0.539067	0.458402	-0.685539	-0.998358	0.225214	
-0.698897	0.779423	-0.967647	-0.359061	-0.343007	0.183411	-0.072132	-0.988256	-0.218769	-0.572492	0.815462	-0.708487	-0.665234	0.599309	0.319349	-0.313655	-0.662924	-0.259427	0.945952	-0.597499	-0.487156	-0.057022	-0.112624	0.208517	-0.378275	-0.065628	0.407316	0.015703	0.965383	0.899547	-0.00925	-0.865079	-0.504038	-0.023667	-0.240247	0.404837	0.362164	0.032308	0.841415	-0.205082	-0.523706	-0.247682	0.831406	-0.804852	-0.279067	0.965563	-0.996662	-0.266048	0.749591	0.199483	
-0.218017	-0.518269	-0.608814	0.51022	0.381522	-0.268516	0.266761	0.42211	0.31321	-0.132957	-0.726802	-0.425159	-0.803631	0.805405	0.320531	-0.151393	-0.828793	-0.882555	0.684376	-0.573209	-0.48139	-0.486849	0.320265	0.636353	-0.023363	0.244301	0.857659	-0.827058	-0.099192	-0.119694	0.259519	-0.41408	-0.620084	-0.693541	0.259812	-0.837406	-0.942263	-0.57556	-0.7701	0.328219	0.411443	-0.65395	0.385649	-0.770072	0.652383	0.344755	0.921718	-0.116245	-0.802525	-0.100798	
0.451465	-0.767986	0.598321	0.004574	-0.165963	0.583818	0.132697	-0.813048	0.95352	-0.518734	-0.187234	0.775423	-0.311928	-0.507738	0.842467	-0.055523	0.145638	-0.106917	0.27854	0.689751	-0.868831	-0.154219	-0.142889	-0.101677	0.310848	0.79593	0.601918	0.714951	-0.12168	-0.000343	0.821449	-0.209408	0.857838	0.632011	-0.846406	-0.161561	0.383915	0.281378	-0.970334	0.512857	0.573537	0.55398	0.442124	-0.617576	0.054685	0.522784	0.748303	-0.282463	-0.104287	0.836828	
0.394217	-0.838831	0.663132	0.009733	0.000771	-0.137316	-0.721374	0.719592	-0.243361	-0.093589	-0.743241	-0.019056	0.104597	-0.074697	-0.97666	0.947305	-0.130514	-0.478449	0.287897	-0.260554	-0.130879	0.152842	-0.899098	-0.254398	-0.245569	-0.823652	0.208329	0.992359	0.847549	0.590175	-0.960799	0.354342	-0.031647	-0.079242	-0.469233	-0.993255	-0.754552	0.248547	-0.926153	-0.9086	0.549156	0.508505	-0.20031	-0.117158	0.766222	-0.90518	-0.558405	-0.461251	0.473527	-0.088501	
0.70935	0.133404	-0.402477	0.546158	-0.198768	-0.387355	0.661412	-0.926585	0.887952	0.201588	-0.449776	-0.325965	0.677193	-0.402193	-0.694775	0.221873	-0.4444	-0.018936	-0.270607	-0.08282	-0.499161	0.572924	-0.684353	0.787725	0.714849	0.555784	-0.389928	-0.997181	-0.808735	0.707774	-0.691603	0.475979	-0.155298	-0.825234	0.926905	-0.749581	-0.19445	-0.580305	0.905722	0.675157	-0.106047	0.129423	0.510555	0.968214	0.59627	0.744208	0.701194	0.755724	0.35412	-0.220889	
0.423318	-0.698122	0.336888	0.718673	0.232079	-0.563452	0.028091	0.599482	-0.815259	-0.4023	-0.072549	0.388986	-0.150759	-0.465843	-0.288894	-0.120578	0.72688	-0.887386	-0.291885	-0.317767	-0.251569	0.605815	-0.374564	-0.896079	0.17903	-0.982805	-0.538041	0.263034	0.741259	0.623146	0.198906	-0.070172	-0.673	0.59195	-0.881657	-0.758813	-0.40395	-0.528438	0.789213	-0.207602	0.164493	-0.343873	-0.031251	-0.013197	-0.254016	-0.936223	0.973914	0.03965	-0.431725	0.09448	
-0.142895	-0.903542	0.098058	0.296814	0.703816	-0.447319	0.746148	0.470329	-0.458965	-0.315769	0.584551	-0.010806	-0.446712	0.674602	-0.304785	-0.935872	-0.305394	0.264522	-0.290112	-0.52226	0.092741	-0.913913	-0.989844	0.353923	-0.191882	0.491394	0.842064	-0.466563	0.845911	0.389703	-0.631114	0.566093	-0.881445	0.833295	0.095348	-0.017955	-0.328668	-0.417955	0.435561	-0.028619	-0.943551	0.649424	0.478189	0.60281	-0.970485	0.52565	0.463859	-0.226999	0.628542	-0.937315	
-0.966453	0.241037	0.089492	-0.176742	-0.132437	-0.564548	-0.353635	-0.567181	0.960861	0.524778	-0.675578	-0.837434	0.407522	-0.057123	-0.194027	-0.8172	-0.781313	-0.674287	0.392533	-0.999204	-0.025415	-0.504843	-0.692854	0.144238	0.54858	0.036517	-0.062511	-0.638469	0.151086	0.191454	-0.60746	0.311607	-0.673365	-0.374548	0.473492	-0.760811	-0.425507	0.144209	-0.71947	0.870672	0.509284	-0.004066	0.147489	-0.170305	0.571234	-0.556471	-0.050336	0.850642	0.692132	-0.618793	
-0.491046	0.474385	0.365555	-0.473923	0.882091	0.509474	-0.916026	-0.818897	-0.774478	-0.618923	-0.363027	-0.62308	0.199209	0.699814	0.357638	-0.812156	-0.984028	0.154448	0.537441	-0.118717	0.329879	-0.941137	-0.392634	-0.793157	-0.860552	0.786733	-0.105287	0.286499	0.996512	0.668214	-0.269522	-0.804998	0.392104	0.773702	0.129349	0.701299	-0.356668	-0.059712	0.281612	0.312928	0.384742	-0.097777	0.020798	-0.33856	-0.749261	-0.376563	-0.885824	-0.019643	-0.984403	-0.469406	
0.520522	-0.487954	0.542444	-0.121226	0.297826	-0.058189	0.166409	-0.714868	-0.243763	-0.406285	-0.527197	-0.647436	-0.787546	-0.099225	0.426569	-0.969305	0.47872	-0.942432	0.107096	0.863603	0.429127	0.946148	0.823829	-0.584052	0.560557	0.630883	-0.071867	0.918295	0.269625	0.377211	-0.208389	-0.297348	0.721624	-0.895286	-0.555785	0.165129	-0.904506	-0.816767	0.233068	-0.697836	0.081418	0.540913	0.120849	-0.019725	0.034091	-0.007746	-0.594306	-0.407563	-0.984195	-0.315267	
-0.215808	-0.219138	0.016675	-0.330221	0.81789	-0.210263	-0.755463	0.670577	-0.840997	0.750405	-0.466235	-0.568634	0.059607	0.830393	0.1667	-0.929831	-0.422748	0.903443	0.571027	-0.774617	-0.986783	0.819954	0.895702	-0.302374	0.658683	-0.872091	0.151996	-0.565818	0.267977	0.727671	0.309584	0.401554	-0.893928	-0.98148	0.738275	-0.338789	0.580769	-0.771372	-0.29938	-0.782508	-0.879966	-0.382759	0.578533	-0.235365	0.677022	0.075729	-0.442395	-0.871773	0.571925	-0.956237	
0.672877	-0.037422	0.237148	0.71142	0.767417	-0.700291	-0.256933	-0.776083	0.151951	-0.544345	-0.061251	-0.463331	-0.653717	-0.451446	-0.013857	0.42167	-0.179588	-0.710067	-0.886371	0.820536	0.854855	0.340905	-0.572176	0.165932	0.638076	0.89004	0.362475	0.920104	-0.872385	-0.501253	0.60251	0.947332	0.078235	-0.961435	0.494838	0.904723	-0.512318	0.515481	-0.101211	-0.486419	0.648884	0.277503	0.338314	-0.001778	-0.739942	0.040188	-0.928236	0.273168	-0.832678	0.286636	
0.02097	0.722652	-0.322083	-0.01911	-0.460255	-0.137137	-0.271759	0.324982	0.455956	0.249777	-0.085177	0.562536	-0.031882	0.507821	0.129332	0.023995	0.256097	-0.067753	-0.529199	0.809222	-0.063807	-0.261935	-0.756624	0.478165	-0.730457	0.236988	-0.497976	-0.052028	0.452095	-0.147758	0.46986	0.738436	0.318233	0.073487	-0.884591	0.728668	-0.249666	-0.786024	0.740261	-0.79679	0.93377	0.815946	-0.67684	0.578854	-0.766434	-0.053582	-0.910478	0.436807	0.934196	-0.50385	
-0.729334	0.649831	0.092633	0.360687	-0.037522	0.833896	0.848855	0.509197	0.803256	-0.949927	0.666132	-0.134719	-0.22625	-0.840816	0.865404	-0.243322	0.749395	0.393306	0.39779	0.371033	0.808102	0.904278	-0.698352	-0.860639	-0.959385	-0.761	-0.332614	-0.464221	0.523897	0.942844	-0.530456	-0.473334	0.527761	-0.806181	0.336145	-0.444323	-0.623447	0.203964	0.785573	0.502267	0.901732	0.970756	-0.832089	-0.649913	0.613591	-0.395052	0.749424	-0.24162	-0.244771	-0.055529	
-0.930314	0.251584	-0.613624	0.312389	-0.02056	0.400996	-0.687567	0.268805	-0.241767	-0.091469	0.649565	0.726384	-0.117376	-0.213067	-0.744699	-0.439569	0.235031	0.589299	-0.78342	-0.316661	-0.467193	-0.418644	0.318073	-0.528156	-0.922278	0.368895	-0.36002	-0.645422	-0.498103	0.34275	0.486569	0.104827	-0.342503	0.761977	-0.148595	-0.330236	0.498263	-0.319837	-0.304931	-0.133986	-0.336666	0.006918	-0.710687	-0.945565	0.037053	0.446674	-0.821615	-0.425988	-0.998407	-0.587614	
0.480936	0.316477	-0.896838	0.054689	0.959889	0.321699	0.289617	-0.238871	-0.233598	0.215118	-0.764035	0.079666	-0.686544	0.604159	-0.370328	0.52442	-0.562955	0.588526	-0.149001	0.562065	-0.070502	-0.463985	0.691648	0.484368	-0.436032	0.195979	0.996171	0.961801	-0.128747	-0.325488	-0.308401	-0.99669	-0.056928	-0.964146	0.021769	0.830262	-0.231501	0.591032	0.636962	0.464163	0.912818	-0.503592	0.23633	0.844359	0.947616	-0.944398	-0.862782	0.599416	-0.564665	-0.808104	
0.413298	-0.049764	-0.670234	-0.652096	0.982794	-0.139767	0.687374	0.948235	0.539655	-0.965856	-0.949115	-0.820022	-0.271723	-0.636577	-0.54772	0.53308	0.483132	0.533197	0.177992	-0.395978	0.274076	0.223757	-0.336936	0.524004	-0.77719	-0.458651	-0.798577	0.270356	-0.339611	-0.729213	-0.670671	-0.825716	0.762757	0.99376	0.359947	0.614938	0.173264	-0.132979	-0.078154	0.860461	-0.681334	-0.563347	-0.574009	-0.560861	-0.882548	-0.916271	-0.688966	-0.851708	-0.987295	-0.746381	
0.700898	-0.398708	0.129114	-0.572558	0.999396	0.236559	0.431698	-0.526608	-0.550924	0.157214	-0.985158	-0.704815	0.469126	0.86078	-0.924545	0.464316	-0.474181	0.608146	-0.243996	0.183879	-0.840054	-0.545934	0.04736	0.102947	-0.425323	-0.886047	-0.511619	0.795195	-0.523104	-0.452856	-0.394456	0.448112	-0.70765	0.091323	-0.265162	0.969494	-0.422157	0.324124	0.541125	0.218644	0.211513	0.115612	-0.51551	0.180589	-0.251589	0.969377	-0.990021	-0.916403	0.915601	-0.851396	
-0.556121	0.176591	0.886724	-0.508032	-0.323059	-0.985538	0.66665	-0.553004	0.713866	0.837437	0.190198	0.980084	-0.719109	0.679424	-0.718425	0.759676	0.861671	0.205702	0.658884	0.730221	0.232845	-0.793897	-0.373463	0.174918	-0.600917	-0.918126	-0.930991	-0.093754	0.854696	-0.360392	-0.427764	-0.743784	0.387235	-0.714022	0.721032	-0.774724	-0.373567	-0.271753	0.550078	0.297518	0.06806	0.293242	-0.707731	0.621601	-0.754809	0.553792	0.899667	0.790379	0.592572	0.606711	
-0.838109	0.067622	0.167643	0.494405	-0.754808	-0.712325	0.590187	0.094113	0.302011	-0.070983	-0.456915	-0.739471	-0.256308	-0.796726	-0.072087	-0.709014	0.62205	-0.124569	-0.991101	0.060522	0.441306	-0.167501	0.864375	-0.227623	-0.493669	-0.186227	-0.3036	0.145555	-0.428161	-0.866975	0.563482	0.907891	0.744196	0.464397	0.447064	-0.052085	0.211629	0.79766	0.892066	0.377939	-0.685126	0.623797	0.281691	-0.4559	-0.54561	0.162316	0.532727	-0.60595	0.957479	-0.800143	
0.767563	-0.695857	-0.430882	0.24311	-0.59599	-0.264125	-0.136244	-0.955022	0.665434	-0.413257	-0.378883	-0.233415	-0.952938	0.19356	0.533418	-0.15729	-0.999953	-0.820434	0.771669	0.083	0.534959	-0.9416	0.137768	-0.575629	0.151361	0.813032	0.908443	0.313635	-0.678608	-0.805766	-0.118285	-0.734699	0.487693	0.318596	0.681533	-0.131463	0.608796	0.287102	0.409187	-0.611064	-0.420798	0.480912	0.095231	-0.537743	0.011472	0.610266	0.940294	-0.878676	-0.070967	0.281732	
0.311984	0.110284	-0.298176	-0.890376	-0.985746	0.49624	-0.299743	0.431308	-0.334718	-0.288443	0.921466	-0.039941	0.729906	-0.668628	-0.037712	0.445483	-0.138535	0.367103	-0.431822	0.497645	-0.371379	0.502915	-0.48293	-0.246972	0.873373	-0.825168	0.958832	0.646037	0.225757	-0.44096	0.992946	0.282241	-0.826369	-0.786794	-0.504725	-0.176118	0.515799	0.169558	0.319101	0.134854	0.204112	0.848862	-0.765725	0.73752	-0.262466	-0.967048	0.360486	-0.93703	-0.803974	0.59898	
-0.250126	0.743735	0.204176	-0.603102	0.672308	0.313746	-0.955862	0.143953	-0.884943	-0.152536	0.213531	-0.405903	0.526007	0.162454	-0.957897	0.457807	0.966833	0.180123	-0.374806	-0.313394	-0.91068	0.793944	0.373874	0.526345	-0.693417	-0.394277	0.225556	0.918757	-0.855202	0.380288	0.196103	-0.326797	0.386881	0.462068	0.562085	0.855183	-0.779065	-0.724525	-0.724286	-0.023966	-0.991701	-0.036369	0.388277	0.893195	0.037839	0.076874	-0.10151	0.065877	-0.549337	0.288842	
0.203595	-0.7901	-0.373039	0.340878	-0.620055	0.91948	-0.821599	0.909511	0.529334	-0.460032	-0.623183	-0.954178	0.244648	-0.294307	0.852207	-0.603169	0.159405	-0.860178	-0.139877	0.813318	-0.26296	0.723044	0.569313	0.7488	-0.137391	-0.052101	0.460192	-0.49596	-0.91245	-0.185368	-0.730491	0.687226	-0.750109	-0.355081	0.415836	-0.325419	-0.317084	0.747104	-0.036574	-0.366318	0.73321	0.136784	0.367909	0.650009	0.419711	-0.415688	-0.733732	-0.506071	0.731058	0.117964	
0.439387	0.627034	-0.681815	0.811349	0.038629	0.63102	0.257063	-0.342448	0.171195	-0.275692	0.866761	-0.419504	-0.129318	-0.070298	-0.376104	-0.729944	-0.05618	0.559969	-0.723417	-0.696276	-0.484519	0.111395	-0.363298	-0.401946	-0.681532	0.957513	0.915913	0.073437	0.893322	-0.407606	-0.25473	-0.987026	-0.862266	0.994813	0.363033	-0.293706	-0.166414	0.858507	0.728893	0.321743	-0.104138	-0.22465	-0.998489	0.176643	0.706484	-0.694959	-0.20437	-0.407642	-0.721952	0.392023	
-0.691205	0.819908	0.482862	0.26809	0.413703	0.541306	-0.714501	0.348789	0.314648	0.612962	0.516204	-0.04455	0.538596	-0.032431	0.583653	-0.518553	0.239094	-0.583402	0.823854	0.762981	0.290162	-0.919184	-0.740235	-0.249139	0.214342	-0.636778	-0.940803	0.975841	-0.310253	-0.856829	0.122484	0.984947	0.873396	0.142397	0.950078	0.491367	0.862943	0.933906	-0.953857	0.938852	-0.03365	0.280381	-0.464378	-0.396925	0.651352	0.25473	-0.30007	-0.486683	0.040784	-0.744706	
0.469514	-0.027999	-0.411645	0.016147	-0.12242	-0.100056	0.550109	-0.40701	0.094472	-0.1487	0.486579	-0.026449	0.397463	0.43439	-0.433676	-0.215411	-0.579242	0.822413	0.728016	0.903679	-0.294247	-0.868795	0.704801	-0.853887	-0.517058	0.693633	0.317175	0.500648	-0.669725	0.315278	0.64118	0.22767	-0.481421	0.863237	0.896921	-0.234687	0.05447	0.511598	-0.367341	0.272344	0.88298	-0.607162	-0.101314	0.606628	0.971282	0.719095	-0.096835	-0.359406	0.991153	0.999747	
-0.300222	-0.493483	0.825774	0.770469	-0.174665	-0.535389	0.165574	-0.45997	0.815113	-0.756533	-0.322668	0.158993	-0.559152	0.302548	-0.868976	0.520046	0.236805	-0.750146	0.47794	-0.271074	-0.43518	0.696402	-0.741365	0.082477	0.877325	0.860639	-0.754526	-0.867763	-0.978722	0.427526	0.610323	-0.35854	-0.828397	0.139351	-0.154447	0.262486	0.211045	0.829243	0.637595	-0.069383	0.548072	0.860726	-0.545137	0.987436	-0.832659	0.306039	-0.368484	0.390133	0.800485	-0.98974	
0.984677	-0.584755	-0.227387	0.588105	-0.338403	0.068711	0.665575	-0.205342	-0.688264	-0.809166	-0.520611	0.242628	0.070045	-0.638333	0.933596	0.558738	-0.373537	0.779222	0.775638	0.477369	0.277184	-0.395937	-0.89743	0.794991	-0.827626	-0.795417	-0.163642	0.838031	-0.77393	-0.926881	0.346419	-0.278942	-0.282652	0.438346	0.090361	0.194167	-0.25553	0.832139	-0.360669	-0.181531	0.210517	-0.378293	0.298726	0.943108	0.727051	0.447143	-0.043022	0.745373	-0.840114	0.198311	
0.272888	0.353008	0.853464	-0.852353	0.25654	-0.335482	0.990236	0.364803	-0.063981	0.354149	-0.536033	0.944654	0.260759	0.620356	-0.579667	0.820981	0.225495	0.176929	-0.513669	-0.176796	0.9747	-0.432345	-0.944392	-0.637476	-0.804879	-0.297412	0.164002	0.217017	-0.054707	0.962664	-0.873995	-0.9578	0.494085	0.015817	0.351239	-0.43813	0.7578	-0.034703	-0.620655	-0.318593	-0.651498	0.937302	-0.002562	0.715399	-0.262942	0.007835	0.223489	-0.791116	0.696841	-0.581894	
-0.114766	0.233045	0.820305	0.744153	-0.808662	-0.691998	0.212196	-0.153835	0.57459	-0.629701	0.9035	0.473474	-0.262304	0.743793	0.302922	-0.396119	0.174351	0.603509	-0.400328	0.432028	0.167272	-0.703985	-0.886273	0.901007	-0.341152	0.920149	0.348639	0.617724	0.626536	0.715901	-0.772659	-0.60387	-0.777472	0.934706	0.977102	-0.518234	-0.857387	-0.654406	-0.114477	-0.752763	0.693431	-0.406302	-0.05322	0.488563	0.777845	-0.606749	0.465718	-0.651113	0.415399	0.568159	
0.145013	0.832215	-0.457033	-0.606182	0.985337	-0.643826	-0.283202	0.36837	-0.590858	-0.478091	0.868889	-0.38481	-0.905407	-0.056414	-0.734967	-0.702074	-0.037919	0.568855	-0.238009	0.005831	0.61289	-0.537376	0.488303	-0.63731	-0.894207	0.857028	0.231867	0.255081	0.125322	0.028326	0.645997	0.417309	0.41403	0.137519	0.209526	0.034639	0.67765	-0.779679	0.894795	-0.923794	-0.18488	-0.467557	0.568664	0.965333	-0.745463	0.889107	-0.060662	0.97209	-0.407649	-0.445441	
-0.056379	-0.291144	-0.610353	0.133577	-0.514258	0.076642	0.041317	0.126842	-0.32086	-0.762652	0.106051	-0.814801	0.432745	-0.545073	0.509515	-0.441962	-0.188777	0.594158	-0.958464	-0.427021	0.508836	-0.889601	0.024532	-0.220351	-0.850051	-0.968994	0.268289	0.661439	-0.376445	-0.364577	0.974614	0.053762	0.821465	0.986472	-0.042358	0.85023	-0.004759	-0.781516	-0.640053	0.887721	-0.428655	-0.863299	-0.586558	-0.807027	-0.45442	0.578714	-0.367632	-0.66384	0.937907	-0.779617	
-0.769487	0.096509	-0.5387	-0.828704	0.399788	0.051064	-0.385375	0.539541	-0.119776	-0.504233	-0.050646	-0.48267	-0.076358	0.758741	0.41629	0.176379	0.031714	-0.214646	0.822944	0.349246	0.964589	-0.225834	0.638301	-0.193846	0.794808	0.434502	-0.824572	0.66119	-0.712691	-0.500172	-0.98644	-0.092254	-0.155603	-0.512142	-0.685351	-0.681692	0.938683	0.757826	-0.278465	0.631443	-0.185732	-0.072863	0.831271	0.506865	-0.754279	-0.24625	0.081188	0.42132	0.231808	-0.09044	
0.170724	-0.324897	0.95419	-0.101179	0.582823	-0.43841	-0.090458	0.972047	0.867557	-0.06064	0.164172	0.282063	-0.886101	-0.477823	0.771564	-0.43693	-0.708441	-0.810607	-0.601927	0.383223	0.757313	0.000123	0.630972	-0.53526	0.087804	-0.081818	0.993377	0.500091	0.447404	0.353295	-0.212379	0.655379	-0.37552	0.313857	0.835274	0.848029	-0.932496	0.810968	-0.055194	0.247907	-0.033412	-0.245846	-0.726004	-0.228554	0.064732	0.127097	-0.667446	-0.037747	0.563085	0.53475	
-0.978256	0.496403	0.937217	0.84614	0.175892	-0.002306	0.77561	-0.26014	0.106213	-0.790071	-0.203158	0.741579	-0.664201	0.131879	-0.546586	0.218396	0.638756	-0.26846	-0.23986	0.472026	-0.142367	-0.853132	0.885964	0.767043	-0.379814	-0.936533	-0.389194	0.286996	0.639938	-0.297658	-0.274256	0.563464	-0.048967	0.986863	0.809468	0.326265	0.933633	0.339289	0.209327	-0.289138	-0.34602	-0.454376	-0.272252	0.436058	0.30975	0.176149	-0.40186	-0.880403	0.937814	-0.229091	
-0.510612	0.47961	-0.788788	-0.189388	-0.610206	0.692871	0.019604	-0.47456	0.34057	0.358715	-0.126516	-0.395149	0.170392	0.410746	-0.358971	-0.246386	0.089074	0.060262	0.176156	0.321889	-0.413821	-0.370591	-0.307827	-0.951636	-0.33131	-0.077396	0.459616	0.49226	0.368895	-0.30801	-0.406004	-0.1822	0.223112	0.035956	-0.556203	-0.235826	-0.337458	-0.051998	-0.597402	-0.274047	0.163509	0.287226	0.8198	-0.377788	0.437895	-0.204497	-0.279619	-0.724051	0.617144	0.952355	
0.004352	0.038491	0.002397	0.00873	0.023298	0.034624	0.01372	0.032453	0.006456	0.038359	0.031886	0.021495	0.037671	0.033941	0.00304	0.021834	0.012043	0.007075	0.009871	0.03306	0.00691	0.015867	0.002207	0.029869	0.00224	0.031655	0.031836	0.009631	0.029339	0.019812	0.024112	0.011391	0.032412	0.012524	0.036782	0.006952	0.002347	0.030514	0.022965	0.012658	0.018737	0.017617	0.03081	0.018223	0.003793	0.032787	0.011789	0.021379	0.031469	0.026577	
0.011979	0.037592	0.000625	0.039006	0.002787	0.036974	0.029629	0.013046	0.009909	0.004444	0.01765	0.03039	0.023955	0.020554	0.038681	0.020509	0.032043	0.004565	0.022553	0.019803	0.01865	0.010858	0.011354	0.007788	0.005526	0.012698	0.038401	0.033025	0.02997	0.018663	0.03007	0.017102	0.017883	0.015318	0.020282	0.01561	0.008073	0.027012	0.01745	0.005276	0.004904	0.009342	0.022774	0.031298	0.024819	0.034981	0.007784	0.018177	0.037063	0.031155	
0.022676	0.017482	0.035935	0.016341	0.020152	0.032356	0.006803	0.004453	0.014287	0.025989	0.038599	0.019175	0.005228	0.021694	0.005009	0.007084	0.024283	0.007373	0.038105	0.014055	0.034544	0.033262	0.033094	0.018764	0.038476	0.016131	0.021198	0.008475	0.003316	0.017025	0.001828	0.011228	0.021042	0.028991	0.027099	0.023404	0.026339	0.019831	0.032988	0.003127	0.023305	0.033893	0.024612	0.001619	0.016573	0.020276	0.009199	0.012972	0.035443	0.024867	
0.018465	0.001008	0.042655	0.040897	0.032783	0.022615	0.01932	0.018188	0.029341	0.020085	0.034585	0.004893	0.038463	0.019163	0.009571	0.009615	0.036167	0.005007	0.007499	0.034882	0.021844	0.021923	0.016503	0.029765	0.026826	0.024637	0.027126	0.02347	0.035438	0.029146	0.01063	0.019774	0.028732	0.016674	0.008676	0.029855	0.036311	0.004902	0.003041	0.002743	0.006198	0.004634	0.014432	0.009632	0.037188	0.038478	0.01069	0.002812	0.003873	0.008845	
0.02956	0.003858	0.029067	0.02796	0.035383	0.020381	0.024216	0.011727	0.040416	0.028453	0.037328	0.008468	0.002538	0.02227	0.030439	0.026242	0.021579	0.005717	0.040078	0.001811	0.024605	0.006663	0.006644	0.037039	0.000384	0.010448	0.009591	0.007004	6.1e-05	0.011909	0.026653	0.014984	0.027096	0.03506	0.013251	0.034545	0.009558	0.01825	0.00806	0.007934	0.02326	0.038239	0.006391	0.031123	0.02108	0.037991	0.033558	0.018068	0.014503	0.018557	
0.025561	0.015777	0.018449	0.001846	0.017139	0.009244	0.015634	0.00201	0.016614	0.03275	0.007186	0.013579	0.005794	0.035816	0.031897	0.025599	0.031425	0.034835	0.038355	0.036772	0.013422	0.03799	0.026337	0.018496	0.031021	0.023345	0.003881	0.029626	0.035131	0.024443	0.023412	0.009035	0.038189	0.010408	0.022659	0.021176	0.016174	0.011692	0.000765	0.029279	0.022317	0.004425	0.014722	0.032757	0.018309	0.01697	0.039476	0.001422	0.006626	0.000213	
0.024536	0.017614	0.012471	0.013187	0.034386	0.030474	0.006551	0.026435	0.006971	0.041138	0.011178	0.035033	0.025768	0.018941	0.002021	0.019048	0.009047	0.022735	0.019581	0.013758	0.010913	0.01882	0.024591	0.015088	0.013595	0.002204	0.027924	0.009994	0.000433	0.040289	0.018973	0.023159	0.01903	0.037035	0.030909	0.020704	0.012625	0.03036	0.019756	0.019504	0.002788	0.031851	0.029696	0.014926	0.016686	0.028157	0.006289	0.014551	0.02914	0.039137	
0.000249	0.013534	0.004883	0.011692	0.029697	0.031048	0.007176	0.026742	0.018464	0.033841	0.036862	0.032069	0.025838	0.014226	0.011519	0.031276	0.033125	0.031707	0.009754	0.005996	0.020498	0.010508	0.00709	0.003165	0.023823	0.026934	0.031661	0.033762	0.034108	0.003485	0.021291	0.032158	0.034754	0.018636	0.014563	0.002822	0.019907	0.020982	0.012482	0.002066	0.036748	0.018607	0.028102	0.036598	0.00756	0.01768	0.014965	0.028293	0.001734	0.02532	
0.000844	0.012123	0.005367	0.023541	0.027072	0.02313	0.034855	0.005855	0.040948	0.007034	0.040598	0.036675	0.002123	0.000629	0.037221	0.008579	0.032247	0.042571	0.00143	0.039595	0.000291	0.024029	0.039808	0.003165	0.003686	0.012981	0.037256	0.004637	0.019435	0.020461	0.019753	0.035643	0.041612	0.014249	0.026534	0.006591	0.021162	0.024149	0.017094	0.002963	0.00212	0.010904	0.031838	0.04153	0.042477	0.013631	0.022458	0.009412	0.019537	0.008157	
0.009667	0.008923	0.036617	0.006948	0.009748	0.042354	0.009403	0.003085	0.00242	0.008555	0.034751	0.007604	0.014623	0.010868	0.006434	0.004632	0.019641	0.04273	0.00451	0.022746	0.043209	0.009451	0.020607	0.007637	0.00067	0.038507	0.021836	0.045117	0.021433	0.023733	0.020707	0.027024	0.003476	0.021486	0.008246	0.028926	0.034369	0.000831	0.03889	0.042244	0.014363	0.035793	0.002405	0.036661	0.012871	0.030822	0.033186	0.009121	0.018477	0.041643	
0.00583	0.018491	0.016416	0.03428	0.030543	0.006542	0.027432	0.027421	0.03451	0.003425	0.011497	0.034298	0.004468	0.010663	0.007403	0.027471	0.033545	0.008731	0.032093	0.010462	0.029786	0.010435	0.016782	0.013661	0.003199	0.027121	0.006955	0.021814	0.009841	0.034346	0.000479	0.02115	0.031496	0.035015	0.028256	0.034082	0.009155	0.016139	0.015281	0.024895	0.028039	0.015747	0.01893	0.016547	0.028114	0.022404	0.034144	0.00034	0.033727	0.026599	
0.031195	0.023477	0.034166	0.038797	0.041893	0.002083	0.041987	0.02115	0.004129	0.000759	0.022034	0.000108	0.020342	0.031914	0.030372	0.01555	0.028863	0.003534	0.000421	0.001678	0.030018	0.006458	0.032303	0.026009	0.026277	0.002443	0.01318	0.025904	0.025603	0.025789	0.007773	0.039515	0.004586	0.008285	0.013364	0.010846	0.038036	0.036058	0.016162	0.012091	0.038923	0.026317	0.032173	0.014548	0.008856	0.00687	0.003823	0.002291	0.036725	0.034322	
0.027688	0.007324	0.02563	0.032982	0.019268	0.03716	0.014192	0.027172	0.01819	0.022919	0.010405	0.019584	0.010671	0.027975	0.004588	0.000498	0.011043	0.001263	0.021792	0.029261	0.01986	0.000452	0.035857	0.003469	0.011346	0.031889	0.017693	0.001295	0.038401	0.038253	0.036635	0.014584	0.015479	0.015783	0.030908	0.000827	0.018526	0.023666	0.026937	0.027289	0.030062	0.029755	0.017904	0.037947	0.026056	0.029216	0.0158	0.003334	0.024531	0.006641	
0.009487	0.034106	0.003187	0.024717	0.019203	0.016504	0.023715	0.012783	0.004927	0.035778	0.025911	0.025283	0.031401	0.009356	0.032019	0.015555	0.011785	0.029645	0.021003	0.003128	0.035892	0.017224	0.026341	0.015239	0.009189	0.029165	0.001828	0.022886	0.001685	0.03272	0.036081	0.032595	0.003137	0.022581	0.020756	0.018828	0.034695	0.010908	0.02889	0.026331	0.019311	0.026717	0.00774	0.031861	0.013469	0.03497	0.007831	0.009244	0.014356	0.018037	
0.038429	0.028273	0.036609	0.006721	0.024024	0.021556	0.013158	0.008824	0.00058	0.031231	0.028026	0.039079	0.023147	0.001401	0.032682	0.005428	0.020478	0.015884	0.011628	0.01981	0.037202	0.013802	0.032634	0.001876	0.016944	0.035695	0.025811	0.031954	0.003509	0.009105	0.010398	0.030043	0.003923	0.037067	0.030651	9.5e-05	0.022519	0.026918	0.037092	0.015423	0.015345	0.001506	0.011963	0.018246	0.027997	0.018408	0.012649	0.027232	0.02579	0.011235	
0.029783	0.000317	0.010954	0.005841	0.002188	0.00788	0.012879	0.031804	0.015312	0.006253	0.029444	0.042617	0.002144	0.026538	0.017069	0.004836	0.003604	0.035377	0.024908	0.016551	0.025446	0.021377	0.039407	0.013566	0.037822	0.030869	0.03192	0.038085	0.017095	0.011423	0.037279	0.006522	0.018689	0.032003	0.01047	0.024688	0.007342	0.026254	0.008409	0.002056	0.018902	0.031153	0.026066	0.01635	0.021939	0.006903	0.034662	0.033806	0.021153	0.022045	
0.031199	0.034332	0.008392	0.030805	0.020966	0.001663	0.022183	0.01685	0.017742	0.005888	0.014629	0.020257	0.033861	0.036833	0.01176	0.018978	0.002836	0.01916	0.028142	0.039137	0.009407	0.023352	0.007527	0.031643	0.033008	0.027607	0.014373	0.016074	0.023251	0.002514	0.032589	0.02578	0.010939	0.018836	0.01433	0.033034	0.041276	0.036111	0.031985	0.010178	0.01526	0.016118	0.007907	0.017958	0.025527	0.008396	0.026353	0.002072	0.004406	0.016576	
0.014985	0.031175	0.030467	0.042312	0.027962	0.004704	0.00654	0.004867	0.027291	0.033229	0.011861	0.006891	0.00692	0.02549	0.036891	0.013401	0.003327	0.002338	0.023776	0.027139	0.027509	0.012546	0.005041	0.008427	0.004296	0.014399	0.041927	0.036356	0.021711	0.016403	0.028013	0.01227	0.003974	0.040283	0.032848	0.030519	0.009892	0.037065	0.030953	0.008748	0.010883	0.034448	0.02942	0.016903	0.021397	0.007337	0.012677	0.033098	0.00297	0.026121	
0.027131	0.009607	0.014075	0.01971	0.030094	0.011033	0.011005	0.030309	0.017441	0.027901	0.037451	0.01101	0.004485	0.001444	0.031175	0.03664	0.032144	0.021325	0.001131	0.004291	0.026136	0.035985	0.039878	0.020914	0.007182	0.009526	0.033103	0.028043	0.015014	0.031615	0.036481	0.017353	0.015408	0.032084	0.001764	0.039944	0.00749	0.002585	0.027526	0.006584	0.006738	0.017729	0.006371	0.037883	0.007031	0.037107	0.037682	0.011108	0.00041	0.023924	
0.008761	0.007629	0.026652	0.024036	0.031679	0.030067	0.007045	0.020987	0.030563	0.0299	0.033906	0.02155	0.021283	0.021484	0.000271	0.036825	0.035015	0.037245	0.010092	0.03436	0.029387	0.012724	0.00103	0.015812	0.009434	0.024591	0.002444	0.020277	0.012598	0.009364	0.030507	0.030678	0.016771	0.031252	0.006024	0.023422	0.020059	0.007092	0.027241	0.014629	0.003457	0.012547	0.019311	0.028523	0.03326	0.018605	0.025849	0.002806	0.025182	0.015774	
0.029251	0.023221	0.025897	0.013556	0.000854	0.009881	0.022358	0.031492	0.002089	0.024447	0.019871	0.026388	0.010552	0.008934	0.030545	0.009133	0.009816	0.031623	0.035859	0.035403	0.019662	0.021347	0.01099	0.033667	0.026102	0.029357	0.022712	0.036234	0.015411	0.01145	0.031981	0.031912	0.005895	0.001144	0.027731	0.005256	0.003253	0.022736	0.005491	0.023168	0.035025	0.015938	0.036135	0.03131	0.003718	0.025417	0.025566	0.014577	0.021484	0.004161	
0.006486	0.011862	0.034411	0.030597	0.012681	0.031391	0.008774	0.019093	0.033819	0.023637	0.035438	0.007503	0.038091	0.033993	0.001036	0.035649	0.008649	0.013799	0.001865	0.013454	0.019488	0.006737	0.008924	0.01689	0.039092	0.010442	0.021455	0.028038	0.038797	0.020422	0.003732	0.018517	0.008648	0.027562	0.017415	0.031624	0.01954	0.028787	0.022004	0.025007	0.007301	0.019621	0.014556	0.007542	0.036714	0.016391	0.016459	0.002231	0.031656	0.03218	
0.03399	0.010314	0.001	0.006381	0.025911	0.044792	0.000704	0.033876	0.015898	0.019666	0.021764	3.3e-05	0.036374	0.027906	0.02088	0.003102	0.03347	0.004711	0.027747	0.033409	0.043256	0.021528	0.001293	0.038729	0.008163	0.00889	0.008213	0.036049	0.025128	0.018349	0.027487	0.014016	0.021801	0.024229	0.023254	0.023671	0.017275	0.011167	0.027233	0.001677	0.020694	0.001191	0.003228	0.041795	0.011755	0.016133	0.034421	0.019792	0.036163	0.011492	
0.011724	0.020218	0.031461	0.0145	0.009683	0.009303	0.01992	0.033604	0.016541	0.010419	0.029148	0.019007	0.010416	0.026309	0.023972	0.034666	0.013275	0.036924	0.002837	0.025152	0.01444	0.001862	0.036863	0.026997	0.029916	0.017744	0.034425	0.006547	0.029077	0.032348	0.009451	0.003995	0.002071	0.027313	0.020036	0.025122	0.033593	0.005133	0.031396	0.015521	0.018622	0.020854	0.018252	0.01926	0.025713	0.024392	0.012977	0.003742	0.024357	0.028902	
0.014042	0.002699	0.022695	0.008599	0.012926	0.02179	0.010796	0.007912	0.022332	0.032367	0.005599	0.028944	0.02985	0.028752	0.025757	0.033242	0.014338	0.029199	0.016592	0.031637	0.028981	0.007523	0.02114	0.025256	0.01267	0.028929	0.030989	0.023524	0.033593	0.018192	0.017569	0.023857	0.028302	0.025582	0.014591	0.009604	0.032306	0.019877	0.032095	0.020823	0.01614	0.012854	0.011838	0.019626	0.029623	0.010617	0.023724	0.011922	0.007016	0.001169	
0.014471	0.012948	0.02329	0.034652	0.024935	0.004362	0.022637	0.008519	0.026968	0.021681	0.028598	0.031074	0.021607	0.028742	0.018448	0.029024	0.035238	0.026035	0.005773	0.019762	0.017538	0.032429	0.016324	0.004749	0.029363	0.034549	0.009691	0.027664	0.010593	0.01627	0.027522	0.007888	0.030487	0.001979	0.011001	0.014776	0.002596	0.005836	0.028493	0.020863	0.035182	0.033772	0.015329	0.008533	0.012011	0.024047	0.010174	0.031547	0.005783	0.034247	
0.037973	0.016785	0.017106	0.019494	0.007657	0.008515	0.0162	0.029041	0.002403	0.032027	0.004922	0.000689	0.032525	0.027719	0.000893	0.023453	0.01198	0.003524	0.007716	0.014806	0.012395	0.028132	0.011204	0.032277	0.033428	0.022591	0.037586	0.022524	0.035006	0.004408	0.034276	0.032369	0.020477	0.039443	0.030598	0.024648	0.027642	0.031036	0.009588	0.037473	0.003552	0.034256	0.018542	0.015247	0.005976	0.004198	0.024295	0.036111	0.014424	0.00087	
0.01451	0.014262	0.00514	0.014641	0.014215	0.030836	0.028127	0.033143	0.021396	0.016428	0.00479	0.034137	0.033913	0.02802	0.004102	0.001774	0.001485	0.004756	0.031425	0.032628	0.016958	0.026856	0.006625	0.027765	0.015757	0.03169	0.035159	0.031234	0.014989	0.019113	0.036771	0.013913	0.026094	0.012863	0.009428	0.000626	0.023454	0.012183	0.024384	0.031169	0.019476	0.007808	0.035074	0.036927	0.013179	0.020917	0.020941	0.033683	0.005165	0.020071	
0.031743	0.005649	0.000528	0.03421	0.024009	0.028016	0.026366	0.037115	0.013901	0.03608	0.034426	0.015987	0.011333	0.007156	0.017196	0.036407	0.016286	0.005952	0.025317	0.034352	0.014207	0.027237	0.022755	0.021309	0.020324	0.020641	0.024132	0.002324	0.027686	0.014417	0.018234	0.027018	0.013424	0.004981	0.024127	0.011741	0.024645	0.014353	0.000886	0.03601	0.038437	0.020822	0.030417	0.001074	0.005462	0.026282	0.016112	0.003179	0.027874	0.017861	
0.015411	0.011021	0.027598	0.001488	0.021438	0.029932	0.012614	0.017587	0.021168	0.019525	0.007641	0.012505	0.007807	0.025495	0.024447	0.022676	0.000432	0.0245	0.017206	0.028467	0.032576	0.002463	0.035178	0.000365	0.019441	0.022688	0.001728	0.024627	0.0286	0.015905	0.008427	0.01614	0.028417	0.016834	0.038699	0.015052	0.002982	0.026275	0.027079	0.02957	0.022704	0.012588	0.030014	0.029228	0.003482	0.017196	0.041059	0.020118	0.039857	0.04175	
0.028301	0.040487	0.029458	0.022334	0.021638	0.010969	0.002356	0.021023	0.003875	0.001319	0.036408	0.008818	0.031891	0.034764	0.026543	0.015002	0.013783	0.011241	0.000137	0.02133	0.026431	0.006156	0.027023	0.035175	0.030152	0.001173	0.026507	0.022957	0.013458	0.030221	0.005197	0.033212	0.017835	0.005763	0.010532	0.037125	0.03738	0.025342	0.018088	0.00302	0.039817	0.019777	0.024572	0.025593	0.017112	0.004903	0.021513	0.012084	0.033233	0.006972	
0.035162	0.021289	0.032645	0.033504	0.018875	0.025685	0.026119	0.010388	0.033132	0.001435	0.023992	0.009905	0.027468	0.031507	0.002106	0.017319	0.003638	0.035063	0.003006	0.004897	0.011556	0.024344	0.035639	0.013942	0.031399	0.007687	0.022376	0.010144	0.020021	0.03613	0.010641	0.019764	0.013706	0.005779	0.023713	0.010866	0.031532	0.038039	0.017555	0.03511	0.009571	0.004847	0.007969	0.031647	0.023101	0.012773	0.035726	0.021663	0.022126	0.013499	
0.005315	0.036911	0.026505	0.032882	0.002321	0.020358	0.004713	0.006135	0.002076	0.00496	0.024573	0.033376	0.009922	0.029785	0.021975	0.020631	0.024079	0.031717	0.007305	0.030925	0.021082	0.027272	0.012006	0.02029	0.025896	0.030621	0.006756	0.022246	0.036981	0.030077	0.028899	0.022952	0.032099	0.000355	0.026473	0.00542	0.01988	0.00793	0.036166	0.039017	0.022355	0.038571	0.002384	0.009277	0.012077	0.017814	0.005171	0.003935	0.022068	0.037466	
0.014892	0.038592	0.00856	0.019624	0.010416	0.027776	0.001875	0.029067	0.005255	0.018636	0.040785	0.026687	0.01933	0.038238	0.003904	0.006261	0.003913	0.030949	0.015382	0.000999	0.035193	0.008804	0.020202	0.020889	0.031334	0.016125	0.037735	0.025069	0.030035	0.025443	0.004706	0.02366	0.018156	0.031647	0.022271	0.023601	0.002566	0.009384	0.016816	0.03241	0.002126	0.021911	0.028725	0.034407	0.018019	0.026031	0.023286	0.008634	0.034096	0.005578	
0.033022	0.022847	0.041255	0.014236	0.023467	0.041652	0.01237	0.023425	0.003287	0.011824	0.003607	0.007394	0.022132	0.022095	0.006138	0.007768	0.032823	0.018196	0.010885	0.041641	0.010092	0.009242	0.021271	0.036072	0.038079	0.006461	0.030837	0.010079	0.014741	0.003989	0.035083	0.028826	0.044622	0.008073	0.007747	0.01756	0.031024	0.015396	0.022362	0.007627	0.010699	0.040088	0.006909	0.01587	0.025122	0.027392	0.017281	0.008664	0.043636	0.005092	
0.037135	0.024579	0.011349	0.006662	0.03617	0.018198	0.040808	0.0076	0.026842	0.017685	0.025478	0.040448	0.029689	0.037655	0.016148	0.004422	0.001417	0.018338	0.004646	0.010338	0.03096	0.003495	0.039149	0.024514	0.005604	0.00342	0.018219	0.035651	0.002072	0.0014	0.036607	0.029527	0.023159	0.032559	0.014602	0.034856	0.020613	0.000106	0.009159	0.015385	0.003575	0.03735	0.007097	0.014306	0.000855	0.018959	0.016743	0.035729	0.040556	0.028166	
0.010416	0.002881	0.002867	0.027875	0.007387	0.017597	0.030213	0.012187	0.007619	0.034866	0.039222	0.029614	0.008964	0.010832	0.009821	0.0328	0.01641	0.03083	0.016767	0.017544	0.034813	0.028933	0.01872	0.035637	0.007079	0.036439	0.032649	0.023829	0.002857	0.019779	0.034837	0.010624	0.005208	0.006312	0.035628	0.032922	0.019163	0.013076	0.018561	0.002379	0.004061	0.037715	0.020907	0.01279	0.015541	0.035348	0.012097	0.034588	0.025044	0.015752	
0.030311	0.013228	0.028258	0.036787	0.016976	0.026788	0.029581	0.032096	0.015238	0.019802	0.017282	0.003377	0.035961	0.014937	0.000165	0.027321	0.018009	0.005652	0.01246	0.028665	0.018412	0.011545	0.015509	0.035246	0.018777	0.001179	0.01402	0.03245	0.023383	0.015591	0.024091	0.023906	0.01844	0.035344	0.03343	0.025999	0.034192	0.004774	0.004609	0.018835	0.020945	0.008506	0.025549	0.018085	0.003719	0.013195	0.022305	0.014354	0.021469	0.029247	
0.015887	0.031999	0.020698	0.00369	0.002964	0.011439	0.012344	0.008002	0.002774	0.013831	0.016631	0.001818	0.021094	0.021144	0.025648	0.023916	0.014271	0.012986	0.002444	0.026463	0.036557	0.035734	0.035199	0.016574	0.031437	0.03328	0.036157	0.03369	0.025847	0.004969	0.020128	0.033218	0.023179	0.011675	0.004986	0.028159	0.035032	0.036231	0.010844	0.025771	0.016046	0.003907	0.021647	0.0281	0.018092	0.019784	0.024642	0.026218	0.022438	0.010416	
0.019959	0.007094	0.003273	0.03933	0.017878	0.00596	0.028101	0.02184	0.042858	0.036509	0.016513	0.029295	0.003608	0.030631	0.008179	0.022905	0.021153	0.025389	0.000295	0.00158	0.001991	0.021472	0.015064	0.009293	0.021524	0.034801	0.025972	0.032674	0.009154	0.002003	0.013128	0.011901	0.015865	0.038151	0.042578	0.015456	0.016076	0.00778	0.024399	0.014361	0.037694	0.03124	0.039658	0.015849	0.036037	0.004394	0.008505	0.031229	0.027014	0.012387	
0.035976	0.002825	0.019512	0.004887	0.030638	0.035871	0.015142	0.018267	0.037862	0.00791	0.02258	0.006999	0.003671	0.002768	0.002098	0.01162	0.005648	0.031764	0.0265	0.012908	0.028948	0.025988	0.025675	0.024571	0.016583	0.007692	0.026121	0.001926	0.021286	0.015678	0.029431	0.020802	0.012396	0.033487	0.001578	0.01263	0.005338	0.038224	0.036932	0.030371	0.028202	0.000798	0.034673	0.016581	0.029621	0.032698	0.028213	0.028597	0.022867	0.026647	
0.036356	0.002502	0.02475	0.017956	0.01693	0.017713	0.022244	0.013969	0.002908	0.016279	0.018051	0.036056	0.008813	0.035911	0.033729	0.030546	0.008114	0.02013	0.038138	0.000292	0.012076	0.004832	0.039057	0.012972	0.030414	0.038887	0.00934	0.015843	0.013763	0.023424	0.040012	0.0013	0.016709	0.039739	0.038426	0.017947	0.010491	0.029641	0.029364	0.031691	0.017144	3.4e-05	0.011359	0.000402	0.001139	0.035257	0.034782	0.012711	0.017271	0.012586	
0.005145	0.009931	0.03462	0.019154	0.02282	0.035053	0.036384	0.026502	0.034117	0.018709	0.004853	0.025711	0.037195	0.013327	0.026319	0.015688	0.02341	0.000566	0.040133	0.00802	0.035951	0.007919	0.021749	0.016896	0.003007	0.004606	0.008487	0.025616	0.020903	0.011664	0.009784	0.008206	0.020245	0.010898	0.010868	0.03347	0.027136	0.03387	0.033519	0.029685	0.003644	0.027635	0.036111	0.000908	0.020555	0.017195	0.003594	0.003442	0.036906	0.037874	
0.026867	0.014362	0.028866	0.033696	0.031938	0.018529	0.025132	0.011893	0.014968	0.013758	0.02447	0.007984	0.000366	0.018145	0.011232	0.019211	0.0243	0.025813	0.013039	0.019306	0.02463	0.035531	0.008992	0.036384	0.032014	0.024226	0.011124	0.0377	0.025032	0.033363	0.011324	0.026469	0.028946	0.008215	0.005707	0.032453	0.007625	0.014477	0.036011	0.015179	0.009935	0.034083	0.01604	0.025284	0.001363	0.015423	0.01076	0.021538	0.007541	0.018756	
0.011958	0.016688	0.03337	0.028628	0.017602	0.002149	0.009357	0.028761	0.007153	0.011986	0.021593	0.004775	0.02938	0.036651	0.02577	0.022412	0.025541	0.027642	0.015627	0.017995	0.032627	0.005268	0.018245	0.027747	0.034608	0.008042	0.025381	0.018561	0.022402	0.024791	0.020524	0.017841	0.024927	0.028558	0.035017	0.031461	0.036168	0.008477	0.025889	0.02339	0.021465	0.005123	0.025208	0.002717	0.016046	0.000162	0.002046	0.013559	0.029207	0.019505	
0.021556	0.034044	0.027038	0.018923	0.002565	0.017821	0.02763	0.027951	0.030116	0.010636	0.0213	0.006053	0.001936	0.008692	0.034574	0.024824	0.014536	0.024252	0.034354	0.008427	0.017126	0.009735	0.017368	0.030789	0.003857	0.031007	0.012579	0.00865	0.034688	0.022566	0.013829	0.021846	0.031239	0.025395	0.027091	0.031749	0.010268	0.031368	0.027036	0.011451	0.020827	0.027432	0.012454	0.028448	0.021226	0.028548	0.006766	0.007965	0.003234	0.026235	
0.006065	0.027351	0.012648	0.04159	0.023339	0.04231	0.040417	0.026506	0.002495	0.000371	0.034899	0.03438	0.020861	0.024547	0.028005	0.027291	0.002644	0.02118	0.00215	0.019311	0.017706	0.021065	0.01741	0.0448	0.010859	0.009353	0.031261	0.026496	0.025921	0.028579	0.019782	0.007843	0.003433	0.011827	0.032838	0.026905	0.00104	0.01795	0.013228	0.012546	0.017029	0.043959	0.002865	0.021212	0.013739	0.010913	0.008389	0.026052	0.013985	0.022655	
0.001469	0.016832	0.014721	0.033775	0.00877	0.011371	0.011147	0.028996	0.023416	0.009769	0.029942	0.002035	0.024313	0.036583	0.005403	0.021103	0.036634	0.040574	0.030067	0.036589	0.005749	0.041178	0.025607	0.003558	0.04163	0.009211	0.011663	0.001682	0.002703	0.014568	0.027882	0.033755	0.026196	0.019181	0.025668	0.040906	0.006521	0.012023	0.004833	0.021404	0.013492	0.031318	0.010308	0.032783	0.02967	0.00771	0.014332	0.026651	0.026976	0.007333	
0.002943	0.020624	0.018455	0.021124	0.039477	0.020743	0.013979	0.023281	0.019833	0.017028	0.024127	0.000426	0.012784	0.038963	0.029831	0.002493	0.013881	0.00991	0.006638	0.008582	0.006133	0.016862	0.02888	0.034429	0.010089	0.034051	0.020028	0.004827	0.029037	0.029521	0.030229	0.011595	0.013774	0.01436	0.018581	0.024203	0.022815	0.02565	0.019909	0.04055	0.028456	0.030741	0.001946	0.017687	0.029688	0.030125	0.003573	0.036705	0.030062	0.010372	
0.035461	0.020261	0.023008	0.008852	0.033611	0.03551	0.011022	0.030623	0.021142	0.01769	0.019417	0.002332	0.017665	0.039953	0.037011	0.021031	0.007154	0.00523	0.038108	0.032189	0.013297	0.018885	0.009667	0.002964	0.017417	0.014196	0.015755	0.016091	0.030806	0.011414	0.002999	0.035846	0.023244	0.009262	0.004439	0.028089	0.001806	0.019055	0.022488	0.00145	0.031163	0.040393	0.021108	0.008265	0.038444	0.020029	0.03028	0.016854	0.018064	0.01896	
0.009756	0.019039	0.005636	0.036992	0.031603	0.005364	0.026247	0.002848	0.020641	0.03239	0.001722	0.009134	0.017428	0.022451	0.010725	0.008493	0.003972	0.018141	0.014799	0.00413	0.018296	0.028898	0.033324	0.032995	0.026587	0.024684	0.021154	0.035886	0.03552	0.034133	0.029875	0.017615	0.025107	0.027533	0.018987	0.01557	0.000619	0.022169	0.026906	0.034592	0.036949	0.008009	0.009904	0.004913	0.014238	0.022987	0.013776	0.026674	0.031875	0.018714	
0.027949	0.007349	0.034361	0.015402	0.017817	0.007953	0.010947	0.006537	0.041065	0.016188	0.004615	0.038681	0.001543	0.011996	0.00062	0.034694	0.014537	0.033456	0.035939	0.001257	0.019485	0.027233	0.004236	0.027273	0.011386	0.035385	0.024125	0.036532	0.026236	0.000631	0.014756	0.00406	0.022171	0.000253	0.034472	0.028172	0.012852	0.035122	0.028124	0.02182	0.028034	0.00038	0.034028	0.036949	0.009112	0.024164	0.023541	0.015235	0.038551	0.012776	
0.005118	0.03548	0.038229	0.001633	0.035169	0.004922	0.019453	0.025497	0.008916	0.002309	0.027568	0.011392	0.036042	0.026385	0.030074	0.004572	0.025096	0.037378	0.021986	0.018374	0.020201	0.038085	0.009945	0.034479	0.017175	0.009732	0.034304	0.009427	0.025742	0.029972	0.012088	0.002334	0.024337	0.013619	0.003342	0.010964	0.015242	0.002485	0.036297	0.032756	0.035549	0.036028	0.023928	0.011535	0.017427	0.023431	0.02303	0.008202	0.009867	0.012884	
0.036831	0.039344	0.039656	0.007691	0.007015	0.027966	0.031515	0.026289	0.037494	0.034126	0.019654	0.018214	0.031092	0.006323	0.035827	0.009516	0.020369	0.024218	0.035158	0.024237	0.021841	0.019888	0.001092	0.039854	0.001701	0.018096	0.025136	0.031092	0.00381	0.014083	0.007408	0.00486	0.00888	0.00313	0.009856	0.018379	0.001219	0.012857	0.034354	0.021979	0.012227	0.039717	0.031676	0.037389	0.010083	0.006671	0.009842	0.021065	0.007229	0.012051	
0.02119	0.009467	0.04007	0.027016	0.038052	0.024393	0.033847	0.013692	0.004607	0.006935	0.005231	0.035023	0.002124	0.00375	0.013721	0.002299	0.013287	0.027221	0.02722	0.019021	0.012548	0.003444	0.018526	0.037327	0.029099	0.0274	0.012096	0.035199	0.028047	0.029033	0.018264	0.012159	0.035035	0.006742	0.025658	0.01525	0.008836	0.015256	0.028637	0.016603	0.018208	0.003865	0.008566	0.037797	0.040337	0.016317	0.04032	0.008062	0.042167	0.001036	
0.020792	0.011746	0.005265	0.037455	0.020357	0.014716	0.039998	0.029244	0.007348	0.012096	0.005786	0.013166	0.031566	0.033678	0.009374	0.014001	0.019174	0.019978	0.003032	0.0146	0.023306	0.019697	0.006415	0.035376	0.007808	0.040149	0.011145	0.000308	0.016149	0.011332	0.003599	0.037627	0.026818	0.004738	0.008397	0.0157	0.034115	0.034509	0.026082	0.017516	0.023581	0.028652	0.030338	0.013295	0.023806	0.022508	0.036047	0.018877	0.037992	0.020746	
0.001862	0.014265	0.019842	0.02443	0.021277	0.012915	0.02977	0.021894	0.005496	0.022999	0.031084	0.008023	0.017217	0.031087	0.030623	0.033741	0.015585	0.039183	0.033433	0.039848	0.038683	0.013947	0.016584	0.040664	0.002001	0.009365	0.029867	0.006106	0.009375	0.021695	0.036075	0.000416	0.013236	0.008437	0.000925	0.021945	0.004598	0.007446	0.034448	0.001589	0.026753	0.03685	0.021703	0.034239	0.007413	0.010389	0.017318	0.023211	0.021067	0.029081	
0.017206	0.035357	0.023299	0.00659	0.02463	0.03049	0.031945	0.012418	0.006071	0.030258	0.024275	0.02332	0.025662	0.011684	0.029309	0.005056	0.014632	0.025005	0.011562	0.006036	0.027482	0.009907	0.009346	0.002832	0.009334	0.009821	0.024511	0.00687	0.03696	0.037913	0.036515	0.029897	0.016157	0.000273	0.034062	0.003954	0.018237	0.010048	0.011819	0.023006	0.0265	0.008218	0.035564	0.001235	0.033344	0.034315	0.027701	0.029305	0.025458	0.024611	
0.006266	0.010736	0.002246	0.000858	0.033889	0.032839	0.0258	0.021743	0.004965	0.040051	0.00693	0.008903	0.011066	0.035522	0.033126	0.001689	0.003503	0.012601	0.006817	0.040771	0.011161	0.010923	0.039989	0.019281	0.029764	0.037396	0.037074	0.026052	0.027868	0.025145	0.034256	0.030052	0.021866	0.006851	0.030329	0.009439	0.020677	0.018599	0.025826	0.04031	0.032126	0.001195	0.013605	0.005503	0.013875	0.006541	0.020497	0.023373	0.039281	0.000825	
0.012279	0.02079	0.011413	0.043891	0.007344	0.040302	0.035746	0.012547	0.029724	0.029502	0.037949	0.02977	0.005329	0.002467	0.027935	0.004701	0.010121	0.002734	0.033376	0.03864	0.000775	0.002721	0.006845	0.031689	0.017733	0.008322	0.009644	0.034946	0.037432	0.030156	0.022722	0.02896	0.030937	0.008618	0.022584	0.014457	0.003886	0.025618	0.001106	0.014136	0.005062	0.033884	0.035964	0.00154	0.01484	0.014726	0.022728	0.020056	0.02504	0.036313	
0.00401	0.011774	0.019375	0.010391	0.005968	0.00224	0.001621	0.006822	0.016008	0.011513	0.022298	0.041611	0.042083	0.034234	0.010879	0.016154	0.001338	0.01942	0.045505	0.026259	0.048903	0.006979	0.050256	0.010374	0.027078	0.032732	0.005487	0.042136	0.046534	0.027779	0.044477	0.010448	0.001043	0.013217	0.034828	0.002076	0.038184	0.035609	0.001849	0.008367	0.017536	0.011531	0.01819	0.025661	0.002279	0.000737	0.008795	0.031781	0.004171	0.04146	
0.001278	0.03957	0.003549	0.039028	0.013226	0.014768	0.021403	0.02934	0.025481	0.039034	0.015283	0.02894	0.030928	0.018211	0.038121	0.018695	0.00962	0.000527	0.004973	0.00156	0.001274	0.017959	0.033431	0.002413	0.022829	0.016744	0.040211	0.028415	0.022147	0.002797	0.011611	0.027423	0.001797	0.004369	0.030791	0.038018	0.013725	0.019044	0.032945	0.034769	0.001199	0.005835	0.028727	0.005956	0.027117	0.036909	0.023291	0.018601	0.027687	0.028431	
0.025593	0.020584	0.031562	0.026222	0.028203	0.023561	0.012284	0.030554	0.027498	0.020232	0.022168	0.017453	0.026295	0.030772	0.017193	0.015786	0.024381	0.005244	0.00045	0.025766	0.02801	0.024387	0.013224	0.013047	0.027194	0.012501	0.006052	0.002394	0.024356	0.011422	0.014285	0.022469	0.018323	0.030267	0.033491	0.028585	0.017717	0.035883	0.007166	0.018468	0.004181	0.013865	0.032465	0.001745	0.019289	0.013007	0.016181	0.02677	0.017672	0.033783	
0.023667	0.001948	0.010073	0.016201	0.018962	0.026652	0.008306	0.002317	0.0048	0.007207	0.003935	0.009452	0.036008	0.035623	0.029807	0.008639	0.016716	0.035182	0.000551	0.006302	0.039411	0.021952	0.034911	0.037171	0.022862	0.038645	0.023462	0.017645	0.030567	0.022327	0.001112	0.034969	0.038958	0.031508	0.004497	0.019127	0.032523	0.010825	0.023004	0.021938	0.025286	0.03629	0.005965	0.005867	0.037163	0.022269	0.012905	0.013618	0.027294	0.003581	
0.038513	0.008283	0.014446	0.017461	0.015205	0.01325	0.012547	0.028957	0.010149	0.02075	0.000907	0.035932	0.004498	0.019412	0.032924	0.024299	0.021303	0.022782	0.011638	0.020376	0.01455	0.033595	0.033299	0.010261	0.013551	0.031007	0.013955	0.010828	0.03064	0.034237	0.034883	0.033203	0.015717	0.038445	0.003122	0.005476	0.015404	0.017696	0.006569	0.016025	0.013285	0.034464	0.022115	0.004166	0.001971	0.036462	0.026109	0.020482	0.021378	0.033473	
0.032154	0.014336	0.017091	0.020401	0.018551	0.010846	0.003843	0.019422	0.011618	0.00924	0.024681	0.020271	0.033047	0.001806	0.015831	0.004067	0.033303	0.0294	0.025184	0.006714	0.028645	0.030709	0.023542	0.024238	0.011113	0.013648	0.022826	0.026869	0.022234	0.02485	0.013045	0.005048	0.026566	0.016434	0.016012	0.021643	0.029252	0.000653	0.006148	0.007484	0.0204	0.028104	0.024543	0.031536	0.026699	0.032395	0.031806	0.031406	0.030805	0.019541	
0.01567	0.011347	0.004532	0.029667	0.033925	0.019144	0.036925	0.026387	0.03758	0.038424	0.026147	0.000656	0.023179	0.028669	0.002886	0.015434	0.002224	0.035474	0.0038	0.003734	0.022197	0.026392	0.017569	0.035487	0.034377	0.019357	0.021764	0.03159	0.019823	0.032559	0.025483	0.022767	0.035533	0.025425	0.003709	0.001243	0.029856	0.005513	0.037011	0.003841	0.009159	0.0097	0.021805	0.01714	0.015673	0.032018	0.003122	0.00854	0.019114	0.016429	
0.020703	0.015545	0.010722	0.005747	0.000147	0.005832	0.02898	0.01735	0.018521	0.008979	0.037222	0.025166	0.020964	0.022028	0.019964	0.031168	0.015198	0.029635	0.039272	0.027541	0.011611	0.02759	0.013651	0.010514	0.028154	0.000654	0.016432	0.031547	0.03925	0.03293	0.025452	0.010742	0.027422	0.016604	0.009888	0.031083	0.014784	0.008048	0.031611	0.001894	0.010419	0.016275	0.020792	0.029721	0.013558	0.01799	0.030493	0.018985	0.027987	0.023235	
0.002629	0.007817	0.012256	0.031144	0.029311	0.023674	0.011556	0.038873	0.023645	0.016938	0.018755	0.017291	0.019012	0.028677	0.019476	0.018656	0.030238	0.009363	0.009616	0.023115	0.040819	0.040101	0.014785	0.00874	0.028503	0.033659	0.004886	0.031117	0.029053	0.008734	0.010628	0.023352	0.023099	0.005309	0.007221	0.041435	0.034324	0.018508	0.006324	0.039683	0.010735	0.014712	0.026395	0.004639	0.023269	0.026755	0.022707	0.005261	0.018099	0.005106	
0.014876	0.035076	0.014995	0.009185	0.006955	0.021605	0.007597	0.007816	0.035681	0.011596	0.035694	0.012702	0.028442	0.007539	0.03823	0.03253	0.036184	0.003515	0.010596	0.012628	0.015784	0.030041	0.036764	0.007935	0.00744	0.006996	0.010609	0.006553	0.037643	0.027776	0.014494	0.018144	0.012294	0.010774	0.038138	0.016608	0.021088	0.022721	0.017094	0.01979	0.003803	0.024654	0.022606	0.03209	0.009038	0.023058	0.028799	0.035634	0.021372	0.036818	
0.036622	0.009136	0.026594	0.010422	0.033471	0.02596	0.001569	0.015274	0.019055	0.033969	0.002211	0.023815	0.019491	0.032903	0.029894	0.02189	0.012296	0.021055	0.019668	0.030951	0.016414	0.028722	0.0347	0.01717	0.033648	0.013982	0.008537	0.004155	0.011553	0.0127	0.004153	0.024898	0.020621	0.033951	0.000232	0.036979	0.025175	0.001985	0.030831	0.035326	0.022869	0.012132	0.002032	0.014987	0.007036	0.006994	0.036787	0.015309	0.025615	0.034261	
0.024333	0.007356	0.027456	0.018849	0.017283	0.022158	0.028365	0.001186	0.001022	0.014991	0.021759	0.01408	0.031605	0.02659	0.015016	0.015658	0.007693	0.003502	0.028919	0.023716	0.023131	0.029214	0.03229	0.020241	0.005438	0.005022	0.032114	0.022654	0.000508	0.010476	0.028295	0.029478	0.02129	0.026806	0.028805	0.015799	0.017027	0.028319	0.030402	0.014403	0.014738	0.018146	0.026014	0.02497	0.03286	0.011033	0.023225	0.018241	0.03142	0.026104	
0.016075	0.031738	0.030335	0.031818	0.011029	0.009625	0.034383	0.031904	0.01065	0.010173	0.029782	0.028345	0.037888	0.018837	0.027194	0.011302	0.03677	0.011704	0.023169	0.0	0.022332	0.003374	0.009125	0.003149	0.001394	0.014342	0.020492	0.01023	0.035805	0.011891	0.000776	0.015168	0.025941	0.027799	0.011238	0.038263	0.025996	0.015822	0.028571	0.016668	0.005135	0.034296	0.035402	0.030138	0.033469	0.012392	0.03115	0.019299	0.004736	0.012886	
0.000931	0.037815	0.039227	0.01006	0.00248	0.016214	0.010832	0.023034	0.035418	0.020659	0.008968	0.012305	0.026623	0.001528	0.03653	0.013158	0.01579	8.8e-05	0.004609	0.027953	0.000424	0.002619	0.015245	0.039157	0.023922	0.034108	0.005034	0.008735	0.00107	0.043333	0.036666	0.025718	0.006429	0.0265	0.007706	0.024758	0.040983	0.025879	0.023905	0.024704	0.024463	0.033147	0.021336	0.021971	0.040015	0.016722	0.035819	0.004987	0.012084	0.028339	
0.020655	0.023625	0.036031	0.011499	0.025199	0.023688	0.030062	0.018946	0.002024	0.036079	0.023521	0.022895	0.029054	0.007864	0.00535	0.024623	0.028457	0.021388	0.001636	0.008821	0.018399	0.033537	0.034734	0.007793	0.019205	0.032814	0.000136	0.010933	0.021153	0.023871	0.022519	0.025517	0.00393	0.022402	0.015553	1.4e-05	0.031438	0.028442	0.018256	0.030753	0.018649	0.012546	0.019293	0.002574	0.018474	0.024118	0.036247	0.027059	0.011002	0.027222	
0.033605	0.024803	0.041815	0.007565	0.034554	0.008718	0.022414	0.024574	0.012049	0.006785	0.005322	0.030701	0.017198	0.005826	0.004447	0.024022	0.042947	0.010244	0.020835	0.010668	0.034526	0.012696	0.001387	0.016519	0.001883	0.020727	0.003007	0.012718	0.027002	0.036885	0.039361	0.008283	0.01602	0.038013	0.019829	0.012133	0.009238	0.033015	0.036483	0.024065	0.037887	0.042294	0.039083	0.005821	0.002995	0.020084	0.008177	0.014373	0.004439	0.031965	
0.04157	0.01144	0.005066	0.000167	0.001778	0.043698	0.035365	0.016926	0.037224	0.003795	0.014065	0.029813	0.015481	0.023932	0.023686	0.020406	0.019603	0.030872	0.02498	0.019754	0.024486	0.012452	0.019009	0.018209	0.014533	0.038314	0.015695	0.013268	0.001054	0.00749	0.038205	0.027236	0.031606	0.016181	0.04133	0.036774	0.016154	0.000204	0.004627	0.013229	0.044055	0.018447	0.010342	0.03732	0.020831	0.001199	0.014889	0.017178	0.000286	0.025776	
0.012664	0.010554	0.018108	0.026056	0.021133	0.023965	0.030423	0.015874	0.020847	0.016556	0.018092	0.02433	0.011634	0.025366	0.003577	0.020618	0.038141	0.027019	0.024622	0.032179	0.006447	0.035616	0.023797	0.014251	0.007082	0.030218	0.022768	0.009908	0.035201	0.011355	0.042159	0.00253	0.000167	0.018126	0.035144	0.003411	0.013943	0.005403	0.015893	0.012863	0.041919	0.008885	0.025884	0.001277	0.025961	0.018096	0.03703	0.038305	0.018169	0.016434	
0.010916	0.019635	0.004424	0.001521	0.028575	0.004835	0.020533	0.028387	0.038843	0.012829	0.007049	0.014068	0.027368	0.036497	0.014122	0.022936	0.003531	0.028523	0.038944	0.030949	0.024333	0.004655	0.011252	0.017968	0.009331	0.023084	0.006217	0.02689	0.028359	0.035349	0.023667	0.023509	0.019708	0.008531	0.015091	0.024826	0.028286	0.03414	0.015109	0.019646	0.005886	0.038317	0.01156	0.024193	0.020781	0.030372	0.00226	0.019952	0.027177	0.025066	
0.002589	0.011523	0.025915	0.035953	0.001728	0.017382	0.037672	0.023463	0.002367	0.036173	0.027534	0.023375	0.024652	0.030205	0.019137	0.008329	0.038961	0.027762	0.037858	3.4e-05	0.016261	0.009295	0.021334	0.011048	0.02404	0.013869	0.014814	0.008816	0.024695	0.018154	0.01481	0.037091	0.024025	0.027556	0.018253	0.030395	0.022814	0.031945	0.018348	6.3e-05	0.030927	0.032518	0.003818	0.022851	0.013695	0.00217	0.01261	0.037716	0.006917	0.01654	
0.004683	0.035278	0.036925	0.022406	0.027869	0.024653	0.01307	0.001496	0.019453	0.028012	0.029314	0.018829	0.013981	0.014482	0.021576	0.031459	0.02464	0.012093	0.01681	0.011502	0.032771	0.006058	0.031	0.03227	0.001797	0.024475	0.035304	0.006418	0.011701	0.000808	0.024015	0.024841	0.002061	0.022008	0.034018	0.036691	0.008629	0.028969	0.000847	0.033021	0.011912	0.003901	0.028244	0.033498	0.013933	0.003474	0.004151	0.0312	0.027813	0.035641	
0.001348	0.02853	0.028835	0.028407	0.022996	0.018897	0.031259	0.016788	0.013296	0.010227	0.028726	0.021748	0.006929	0.007909	0.012523	0.017627	0.016278	0.016875	0.019013	0.028381	0.029746	0.026246	0.028866	0.022824	0.004975	0.019591	0.011573	0.02376	0.030364	0.011238	0.028841	0.020454	0.024917	0.02956	0.023611	0.031146	0.007917	0.023779	0.022457	0.018341	0.022243	0.003945	0.02594	0.023827	0.012322	0.020436	0.027836	0.013625	0.014501	0.018527	
0.028846	0.033044	0.032445	0.031352	0.036266	0.018819	0.026686	0.016535	0.033243	0.030551	0.018589	0.035976	0.023977	0.035533	0.009385	0.022018	0.02124	0.009327	0.00591	0.002452	0.019882	0.020368	0.00515	0.017914	0.025331	0.031833	0.0258	0.007173	0.021924	0.006029	0.020036	0.003139	0.017015	0.019666	0.002972	0.012036	0.016668	0.035955	0.019547	0.021464	0.018462	0.027546	0.026677	0.015514	0.010141	0.028814	0.010605	0.00727	0.005341	0.027534	
0.03411	0.000263	0.008665	5.3e-05	0.038025	0.00651	0.001168	0.023478	0.004839	0.012626	0.01835	0.035463	0.010089	0.010402	0.017413	0.017536	0.022537	0.00097	0.011326	0.009678	0.031949	0.044569	0.010333	0.016012	0.039779	0.011769	0.04535	0.009222	0.000834	0.021757	0.039563	0.0068	0.027997	0.026205	0.006938	0.036083	0.022565	0.041155	0.038377	0.013946	0.019367	0.046351	0.023487	0.030769	0.012382	0.034414	0.00323	0.035336	0.000651	0.019309	
0.011288	0.027599	0.026005	0.028317	0.020528	0.010337	0.028915	0.018003	0.019643	0.008022	0.022507	0.00011	0.020116	0.028665	0.025556	0.025601	0.026058	0.02087	0.018027	0.00925	0.02719	0.011485	0.02704	0.027989	0.01864	0.025086	0.033973	0.002179	0.028726	0.001712	0.017788	0.013262	0.017932	0.019309	0.030221	0.025854	0.008481	0.025212	0.023855	0.029554	0.016075	0.011642	0.023427	0.013338	0.003016	0.027459	0.014315	0.033065	0.030152	0.016606	
0.009686	0.029166	0.000472	0.009976	0.022536	0.029081	0.019299	0.020383	0.031244	0.005725	0.023486	0.030732	0.03095	0.036845	0.011162	0.031263	0.005378	0.035846	0.016998	0.006902	0.03359	0.011639	0.018566	0.02332	0.000471	0.026354	0.006793	0.018465	0.011995	0.028895	0.032706	0.007973	0.037624	0.000613	0.011833	0.015838	0.017124	0.029893	0.013299	0.011826	0.02516	0.016863	0.007346	0.03241	0.010562	0.031994	0.018671	0.036058	0.021474	0.033515	
0.030299	0.032073	0.020951	0.032919	0.00838	0.013765	0.035071	0.008921	0.034321	0.008175	0.01527	0.029996	0.000861	0.021531	0.004622	0.01698	0.019576	0.000231	0.027622	0.037487	0.028606	0.01155	0.001955	0.036968	0.013124	0.002737	0.00111	0.012876	0.018954	0.037102	0.017501	0.039048	0.002507	0.032654	0.010881	0.003414	0.003114	0.013735	0.009181	0.012552	0.038236	0.019884	0.029084	0.030314	0.037011	0.014346	0.035239	0.028833	0.02998	0.028453	
0.030497	0.020022	0.028166	0.035825	0.022623	0.017587	0.033945	0.039321	0.02392	0.025341	0.004306	0.009563	0.037071	0.034443	0.031258	0.007267	0.014071	0.033125	0.005489	0.017743	0.015368	0.021302	0.003479	0.004598	0.007143	0.013311	0.041668	0.006988	0.012829	0.023454	0.015639	0.008464	0.013841	0.009336	0.010765	0.033856	0.000577	0.008722	0.001437	0.010242	0.030984	0.035627	0.028633	0.032528	0.025193	0.028814	0.023481	0.017148	0.039882	0.003108	
0.036129	0.00261	0.02714	0.033129	0.038941	0.018569	0.027575	0.021386	0.033751	0.004562	0.020939	0.008203	0.017199	0.020719	0.029214	0.028828	0.001253	0.028126	0.006146	0.009121	0.035025	0.017113	0.037492	0.012645	0.020561	0.005132	0.035853	0.018541	0.036595	0.009456	0.019208	0.038758	0.009602	0.007691	0.008263	0.020867	0.006603	0.036336	0.004365	0.03812	0.005247	0.013754	0.022177	0.013993	0.000347	0.021036	0.03927	0.011264	0.040231	0.000915	
0.036703	0.019999	0.014956	0.033913	0.027555	0.002927	0.00303	0.016002	0.029505	0.003219	0.02472	0.036081	0.004638	0.019246	0.003344	0.026494	0.011288	0.008644	0.009966	0.015981	0.000606	0.008729	0.012676	0.022842	0.024673	0.037691	0.021074	0.027693	0.019023	0.018036	0.037707	0.033214	0.007821	0.017445	0.025185	0.003691	0.027309	0.032935	0.007609	0.022517	0.028511	0.02816	0.026955	0.014623	0.008157	0.03261	0.007229	0.031853	0.034257	0.030958	
0.017284	0.023369	0.018069	0.032703	0.009506	0.013671	0.0058	0.020375	0.019451	0.010876	0.011077	0.018666	0.010831	0.038793	0.042108	0.009121	0.038782	0.020874	0.028062	0.01129	0.018815	0.0076	0.013935	0.025079	0.041414	0.006159	0.002637	0.03265	0.014312	0.028657	0.028606	0.035411	0.016524	0.015866	0.037475	0.002641	0.02778	0.02866	0.017395	0.030588	0.021212	0.015633	0.023183	0.015338	0.005352	0.014594	0.006498	0.004806	0.027415	0.033057	
0.018811	0.019277	0.01115	0.016177	0.031202	0.031723	0.027428	0.026101	0.026911	0.03465	0.001399	0.024739	0.013997	0.007821	0.032432	0.031167	0.0113	0.000402	0.021886	0.028665	0.033226	0.012531	0.035308	0.025076	0.033602	0.021764	0.017284	0.024263	0.028743	0.00376	0.017575	0.008724	0.008112	0.000734	0.002501	0.020418	0.031532	0.026116	0.003002	0.021145	0.000262	0.005519	0.033631	0.016165	0.031711	0.036341	0.022111	0.035869	0.014597	0.01114	
0.022821	0.012695	0.024103	0.007822	0.014286	0.034527	0.032148	0.011976	0.01803	0.016752	0.037974	0.025173	0.00618	0.031219	0.034522	0.029513	0.035735	0.014498	0.024331	0.012911	0.03679	0.02414	0.022009	0.011428	0.010366	0.014911	0.019856	0.034424	0.005981	0.010992	0.016115	0.003273	0.002543	0.028549	0.003489	0.033881	0.029998	0.023015	0.024126	0.0326	0.017855	0.033943	0.011666	0.027181	0.011867	0.019914	0.008349	0.014195	0.018312	0.001016	
0.005089	0.00456	0.017343	0.002341	0.011801	0.034327	0.035392	0.034699	0.005125	0.008224	0.018895	0.032653	0.023036	0.007739	0.007136	0.011347	0.035096	0.035844	0.026048	0.037185	0.021376	0.013284	0.017397	0.014167	0.005882	0.004933	0.026755	0.011013	0.002324	0.003628	0.031045	0.012365	0.026069	0.027113	0.014809	0.036401	0.022471	0.025501	0.028436	0.022344	0.016779	0.032756	0.014606	0.015626	0.035452	0.02665	0.011071	0.018319	0.038607	0.028941	
0.027886	0.026217	0.022583	0.015513	0.017871	0.025005	0.018143	0.037336	0.010386	0.017064	0.000184	0.031466	0.026617	0.03447	0.000505	0.036082	0.002854	0.011301	0.016553	0.008661	0.030865	0.033907	0.001161	0.013942	0.031714	0.017721	0.002039	0.004021	0.038683	0.036796	0.031314	0.017715	0.015303	0.019477	0.03359	0.014303	0.033964	0.03125	0.007593	0.024062	0.004702	0.024408	0.015516	0.011402	0.012001	0.002243	0.024283	0.035652	0.004571	0.039105	
0.019528	0.002537	0.002531	0.011593	0.017952	0.008361	0.005074	0.027644	0.021815	0.012578	0.020452	0.037709	0.006697	0.033126	0.018488	0.030413	0.015665	0.007591	0.000465	0.002303	0.024407	0.036159	0.012673	0.03911	0.028361	0.041715	0.030248	0.040827	0.043113	0.039944	0.027713	0.036231	0.031297	0.001234	0.024894	0.002937	0.019725	0.001378	0.030511	0.032641	0.002039	0.000521	0.040216	0.019793	0.028671	0.008995	0.018101	0.002021	0.024483	0.00752	
0.012885	0.011381	0.005504	0.026824	0.009427	0.018351	0.014119	0.038338	0.039119	0.00708	0.007476	0.034381	0.034015	0.034796	0.030862	0.021159	0.005	0.030723	0.011474	0.016	0.023606	0.017076	0.013924	0.035608	0.022513	0.038946	0.034524	0.039883	0.001823	0.017712	0.029349	0.024547	0.003261	0.00357	0.020828	0.006572	0.024295	1.9e-05	0.014404	0.011951	0.03047	0.015469	0.017242	0.015995	0.017173	0.022247	0.022112	0.036708	0.020939	0.00832	
0.026149	0.019809	0.02667	0.03278	0.001016	0.030541	0.002095	0.019717	0.027561	0.003423	0.028472	0.019651	0.034169	0.035741	0.010979	0.007724	0.020221	0.016812	0.004139	0.018442	0.036073	0.0193	0.022581	0.027998	0.035415	0.022528	0.00679	0.005799	0.024907	0.004817	0.032937	0.000644	0.033122	0.022299	0.00774	0.004318	0.034834	0.03678	0.009525	0.034825	0.021587	0.030938	0.019087	0.025026	0.012618	0.02775	0.03251	0.002512	0.007892	0.010737	
0.012264	0.021362	0.043563	0.006267	0.0206	0.006291	0.021586	0.012709	0.005166	0.030283	0.002452	0.026119	0.029695	0.016801	0.002565	0.013356	0.033117	0.027642	0.014791	0.008561	0.021753	0.00554	0.033433	0.024734	0.040322	0.037958	0.01142	0.039081	0.036005	0.009954	0.012656	0.019542	0.018049	0.008272	0.030945	0.007282	0.007386	0.014553	0.032076	0.022663	0.018225	0.026309	0.03334	0.023041	0.023249	0.006836	0.002847	0.021929	0.014554	0.040856	
0.01605	0.023441	0.035178	0.034481	0.037066	0.014555	0.009103	0.032174	0.015181	0.026962	0.0222	0.004599	0.0088	0.03204	0.008878	0.011021	0.005086	0.033379	0.010184	0.003316	0.005249	0.021396	0.012732	0.03654	0.002456	0.013873	0.027816	0.034212	0.011338	0.031593	0.036891	0.000971	0.035448	0.027131	0.004441	0.002383	0.027017	0.010089	0.015437	0.011977	0.026317	0.038267	0.031439	0.028355	0.002046	0.031857	0.024415	0.022032	0.028118	0.01447	
0.0