50
2
0.355617	-0.474641	-0.969396	-0.656326	0.156469	-0.01546	0.721893	0.082092	0.931932	-0.707156	0.880975	-0.487623	-0.387025	-0.667405	0.378725	-0.695366	0.317532	0.887878	0.953311	-0.475309	0.415957	-0.498862	0.003853	-0.625795	-0.219442	-0.446589	-0.712801	0.911677	0.632272	0.079359	-0.46684	-0.89477	0.938356	0.167502	-0.339892	0.023104	0.265738	0.067115	0.560053	0.515011	-0.401902	-0.426963	-0.032255	0.617067	-0.948128	0.528439	-0.350643	0.17265	0.352683	-0.122343	
-0.245529	0.026423	-0.550008	0.006562	0.943411	-0.184162	-0.872861	0.549251	0.185184	0.587465	-0.479383	0.351984	-0.763951	-0.778308	0.076471	0.114587	-0.140616	0.738819	0.873502	0.328416	0.172637	0.107078	-0.790241	0.366743	0.399409	0.103413	0.108371	0.120797	-0.695568	-0.631198	-0.97163	-0.416157	-0.114892	0.986581	-0.955763	0.238314	-0.081819	-0.699503	-0.76179	0.910434	-0.552244	-0.753007	0.600298	0.308854	-0.397333	0.171608	0.462678	0.751967	-0.17383	0.763354	
0.39937	0.918174	0.610123	-0.385608	-0.262954	0.29143	0.099979	-0.476594	0.182325	0.467418	-0.045253	0.402181	-0.564577	0.365431	0.596566	0.564445	0.361233	0.837686	-0.519946	0.854937	-0.281259	0.753545	-0.504387	0.982683	0.900751	-0.179669	-0.698324	0.714165	-0.561624	-0.570711	0.678342	0.794409	0.117836	0.436485	-0.468993	-0.630023	-0.216452	-0.579865	-0.101014	0.48452	-0.219733	0.884122	-0.791239	0.640274	-0.809449	-0.077044	-0.874749	0.562877	0.058117	-0.928422	
-0.058168	-0.191361	0.114262	-0.364148	-0.061332	0.70576	0.28258	-0.135978	-0.677533	-0.721118	0.700075	0.188078	-0.074706	-0.371917	-0.21694	-0.651147	-0.983912	-0.007648	-0.025948	-0.23919	0.718658	0.999845	-0.832941	0.480215	0.223673	0.504452	-0.742905	0.099263	-0.336308	-0.398381	0.708356	0.874509	0.478654	-0.241791	0.916642	-0.736019	0.543136	-0.10557	-0.853685	-0.866213	0.954374	0.847562	0.946593	-0.264949	0.061524	-0.881169	-0.16516	0.152005	-0.324035	-0.340198	
0.589644	0.072079	-0.016488	0.784736	0.942935	-0.628202	0.270163	-0.067327	0.902894	0.43686	0.736563	0.707968	-0.026694	-0.454359	-0.50556	0.433476	-0.106957	-0.649143	-0.041946	-0.983753	0.458789	-0.48772	-0.18187	-0.157107	0.418773	0.154087	0.32289	-0.817845	0.272113	0.671759	-0.676092	0.748286	-0.97223	-0.134754	0.971016	-0.416584	-0.681279	-0.734789	-0.857393	-0.788425	-0.437866	0.41498	-0.502691	0.986434	0.668355	0.974272	0.944359	0.237069	0.666289	0.36648	
-0.206932	0.566475	0.047728	0.194484	-0.26876	-0.318923	-0.412295	0.684384	0.05806	0.496396	-0.641329	0.481685	-0.958746	-0.216518	-0.227318	0.422924	0.708938	-0.544248	0.193753	-0.204321	0.726255	-0.002202	0.179455	0.140659	0.163991	0.055308	-0.252632	-0.109542	0.599206	0.955236	-0.347365	-0.74493	-0.901764	0.228992	0.200226	0.214602	0.329704	-0.314889	-0.472416	-0.474889	-0.712066	0.412573	0.867457	0.354917	-0.758882	0.282084	-0.099175	0.705546	-0.946913	0.364509	
0.086249	-0.414206	0.16213	-0.612628	-0.178807	0.82102	-0.918458	-0.836088	-0.456543	-0.101634	-0.647341	-0.066861	-0.391598	0.293847	0.153535	-0.37635	0.753412	-0.416897	0.210424	-0.393615	-0.021322	-0.492559	-0.085495	-0.739602	0.715031	-0.458538	-0.23105	0.633392	0.242216	0.093497	0.656453	-0.192327	0.534542	0.258005	-0.836087	-0.502273	-0.844396	0.414498	-0.445303	0.013157	-0.869749	-0.354368	0.310132	0.892067	0.638907	0.245346	-0.777734	-0.392464	-0.063533	0.890975	
-0.31947	0.588648	0.451378	-0.030479	0.313589	-0.950275	0.427704	-0.593185	-0.782707	-0.818076	0.53975	0.101544	-0.353908	0.824099	0.794541	-0.255108	-0.707797	0.894772	0.676447	-0.865132	-0.770895	0.057717	-0.498361	-0.522826	0.800354	0.716498	-0.444052	-0.633311	0.052496	-0.529325	0.300266	0.314184	0.994821	0.104407	-0.361836	0.605146	-0.832095	0.829189	-0.417225	-0.716262	-0.426258	0.657298	-0.027997	-0.919175	0.446612	-0.403685	0.773553	-0.342952	-0.358009	-0.911713	
0.555875	-0.715323	0.958807	-0.555154	0.839013	0.590448	-0.6532	0.014934	0.464777	0.507234	-0.55765	-0.858224	0.926157	-0.125784	-0.347237	0.421261	-0.918912	0.029244	0.618838	0.595734	0.780451	-0.291652	0.27647	-0.333265	0.113836	-0.732551	0.974965	-0.237819	0.758603	-0.691564	0.240001	0.722799	0.09585	0.620114	-0.746847	0.745567	-0.224211	0.229057	0.707998	-0.842838	0.421883	-0.679208	0.506035	-0.69004	-0.971917	0.50385	0.724343	-0.032112	-0.68755	-0.653017	
-0.478425	0.668659	-0.094658	0.316122	-0.300866	-0.336809	0.759033	-0.944855	0.928019	-0.333129	0.593076	-0.686145	-0.041036	-0.456472	-0.373943	-0.832472	0.166523	0.889772	0.811608	0.262087	-0.426496	-0.707515	0.895891	-0.394126	0.554834	-0.408887	-0.079478	0.004854	-0.450005	0.741743	-0.701295	0.080066	0.456553	-0.599866	-0.146781	0.058572	-0.653399	0.015302	0.541529	-0.797716	-0.066742	0.126281	-0.241503	-0.279483	0.162008	0.830249	-0.853268	-0.732001	-0.430037	-0.66594	
0.908453	0.241035	0.517007	0.350075	0.430343	0.066293	-0.83812	0.232783	-0.744797	0.067482	-0.58393	-0.937739	-0.499699	0.590636	0.870627	-0.275083	-0.709842	0.747691	0.10298	-0.280819	-0.302804	-0.760849	0.993941	-0.993695	0.900263	-0.510325	0.892547	-0.822288	-0.742253	0.034998	-0.978059	-0.6839	0.067567	0.616568	0.459227	0.809749	-0.294816	-0.689923	-0.728477	0.771779	-0.042726	0.247094	0.939906	-0.197497	0.100601	-0.633987	0.753801	0.617167	-0.233616	0.963523	
-0.048865	0.913795	0.034811	-0.892372	0.34399	-0.366948	0.282887	0.865084	-0.439727	0.043546	-0.442614	0.183707	-0.547323	-0.737624	-0.975942	0.583098	-0.24923	0.278976	-0.917774	-0.724703	0.561408	-0.960643	-0.388069	-0.032192	-0.250363	-0.58629	-0.292859	0.867664	0.663003	0.9946	-0.375257	0.928244	0.049112	-0.427689	0.254454	-0.149668	0.409747	-0.854253	-0.429363	-0.068592	-0.752978	0.630956	-0.623242	-0.836924	-0.800275	-0.592833	0.496544	0.909716	-0.644284	0.561472	
0.781741	0.269363	-0.742951	-0.385393	-0.686685	-0.266487	-0.456042	-0.283732	-0.478143	0.798794	0.256715	0.285969	-0.889979	0.065737	0.627051	-0.245608	0.314816	-0.234382	0.205538	0.225665	-0.324249	-0.890871	-0.446683	0.064902	0.779829	-0.363918	-0.520767	0.813237	0.919318	0.273667	-0.16348	0.168035	-0.20805	-0.945944	0.211705	0.876959	0.562099	-0.220209	0.773056	0.373489	-0.258058	-0.790986	-0.66041	0.782392	-0.065448	-0.310747	-0.835583	-0.898065	-0.247384	-0.377853	
-0.221512	-0.91532	-0.156905	-0.805537	-0.914339	0.737271	0.776208	-0.06801	-0.187956	0.425063	0.575095	-0.269625	-0.710938	0.886809	0.870075	-0.947498	-0.603595	-0.571051	0.247314	0.26777	0.374958	0.564145	-0.525809	-0.513443	-0.003513	-0.928962	0.331325	0.554541	0.69682	0.6585	0.845429	-0.115845	0.361162	-0.208908	0.280983	-0.003025	-0.119407	-0.371485	0.338226	0.737747	-0.779238	0.904965	0.392663	0.937946	0.700024	-0.508882	0.656137	0.429926	-0.349684	-0.676906	
0.644431	-0.327573	0.239909	0.357769	-0.216257	0.111385	-0.44154	0.43222	0.432031	-0.356787	0.605377	0.736018	0.996974	0.515466	0.727848	-0.426589	-0.760755	0.70807	0.863898	0.212565	-0.546566	0.017921	-0.135252	-0.46721	0.40204	-0.31798	-0.51356	-0.583855	-0.147167	0.585763	0.869451	-0.628804	0.669597	-0.10923	0.628377	-0.350052	-0.279731	-0.273445	-0.828232	-0.808137	0.269522	-0.214192	0.738206	0.576743	0.241427	-0.991836	0.850152	-0.740285	-0.443612	-0.41088	
-0.304699	-0.374776	0.688474	-0.305657	-0.54218	0.655843	0.732214	-0.726244	-0.211291	-0.803064	0.140854	-0.043008	0.734725	0.378105	0.976381	-0.347238	-0.378142	-0.844039	0.55012	-0.351916	-0.083255	-0.199397	-0.285291	0.815923	0.866234	0.925414	-0.734347	-0.230549	-0.919875	0.791103	-0.949726	-0.209632	0.961034	-0.131422	-0.333637	0.810956	0.872533	-0.000221	-0.351974	0.379173	0.176153	-0.161576	0.778364	-0.404174	-0.172036	-0.753885	-0.966459	0.662694	0.393712	-0.168593	
-0.876762	0.266734	-0.548674	0.644492	0.913199	-0.139678	0.122786	-0.172449	0.586454	-0.403591	-0.44129	0.437728	0.907569	-0.009254	-0.473833	0.080932	-0.866372	-0.14973	0.470256	-0.493671	-0.80432	-0.782515	-0.897048	0.997113	0.894407	-0.035202	0.135018	-0.17225	0.782645	-0.96321	0.428205	-0.158931	-0.858061	0.83753	-0.500662	0.282717	-0.664722	-0.639798	-0.505974	0.766453	0.945037	-0.399326	0.249971	0.364894	0.270254	0.639817	-0.976109	-0.276603	-0.980135	0.83083	
0.068774	-0.296261	-0.098237	-0.622331	0.313175	0.188379	0.27205	0.882588	-0.414222	-0.826737	0.726811	-0.105991	-0.341347	-0.184405	-0.112109	-0.874762	-0.838699	-0.921941	0.934888	0.49128	0.61804	0.307349	0.187735	-0.916579	-0.166857	-0.624251	-0.356448	-0.153329	-0.573894	0.096115	0.879507	-0.91055	-0.5515	-0.778586	0.071723	-0.862764	0.260313	-0.752896	-0.213884	-0.005824	-0.63349	-0.066079	0.278749	0.857681	0.723086	-0.779203	-0.096445	0.511872	-0.918104	-0.617923	
-0.93284	-0.187588	-0.274144	0.275886	0.515074	0.768565	-0.824791	-0.606285	-0.41408	-0.049674	0.510167	-0.233515	-0.166476	-0.877194	-0.392053	0.161393	-0.788341	0.656837	0.649467	-0.34221	0.162088	0.876345	-0.586306	0.517108	0.276406	-0.344142	0.332375	-0.677072	-0.097386	-0.784559	-0.332502	0.074352	0.162565	-0.145532	0.133208	0.957582	-0.044291	-0.79233	0.445042	-0.907073	0.455341	-0.123273	-0.013463	0.081129	-0.530209	0.039921	0.024916	0.08619	0.196958	-0.086083	
-0.136448	0.683577	-0.121938	-0.73455	0.033034	-0.631649	0.684543	-0.076649	0.798982	0.613593	0.49834	-0.35839	-0.054396	-0.427839	0.794416	0.556866	-0.807994	-0.154268	0.415529	0.36481	0.004001	0.268619	-0.259527	0.1641	-0.630616	0.464392	0.762159	-0.434255	0.907712	-0.444703	0.282537	-0.138874	-0.238568	-0.670994	-0.878976	0.779046	-0.246537	-0.707188	-0.278328	0.384066	0.984705	0.962491	0.998858	-0.411154	-0.075278	0.59851	0.921939	0.33381	0.800707	0.496845	
0.268105	-0.969843	-0.467481	-0.753603	-0.806662	-0.604286	0.379167	0.028509	0.344375	0.150097	-0.886071	-0.078666	-0.506609	0.801687	0.411575	0.143955	0.009993	-0.406099	-0.02193	-0.977687	0.75849	0.641838	0.638412	0.386226	-0.502088	0.702566	-0.616703	-0.190157	0.237988	-0.704959	0.192579	0.232789	0.778396	-0.49946	-0.583151	-0.577338	0.966815	0.085779	-0.35055	0.522795	0.36118	0.797403	0.955971	0.993001	-0.261905	0.725625	-0.293224	0.108518	-0.097086	-0.20953	
-0.319829	0.122934	-0.441703	-0.764155	-0.005163	-0.709583	-0.117251	0.471984	0.401091	0.467048	0.444055	0.415902	0.30226	-0.676027	-0.580416	-0.538109	-0.2796	0.572966	0.94265	-0.527414	-0.05429	0.7591	0.434485	-0.656633	-0.634174	-0.674656	-0.917865	0.532158	-0.428202	0.364653	0.784696	-0.052584	0.845261	-0.381559	-0.785354	-0.677602	0.598535	0.47478	0.973381	-0.192374	-0.964798	-0.585005	-0.026183	0.906327	0.418831	0.296632	-0.045698	-0.571231	0.202256	0.999962	
0.252666	-0.397377	-0.71333	-0.480292	-0.213583	0.468018	0.328634	-0.156554	0.238974	0.453896	0.164175	0.146235	-0.06785	-0.898538	0.017527	-0.052044	0.849754	-0.370509	-0.7693	0.418045	0.591617	0.677571	0.257321	0.776224	0.012057	-0.059906	-0.169596	-0.439508	0.062301	0.800315	-0.78479	0.347761	0.225291	0.12963	-0.117027	-0.899635	-0.645136	0.687203	0.30829	0.500973	-0.774518	0.020578	-0.586579	-0.731947	0.289834	0.921453	0.677609	0.697957	0.309492	-0.421135	
-0.895107	-0.498205	-0.765471	-0.025177	0.245305	-0.290288	0.503399	0.050097	-0.268721	-0.711882	-0.73357	-0.367398	-0.097013	-0.165769	0.142583	-0.31274	-0.59741	0.02493	0.519695	-0.429726	0.057386	0.392931	-0.39107	-0.538515	0.002366	-0.282364	-0.505437	-0.856362	0.658968	-0.691758	-0.164411	0.124099	0.354624	-0.962244	-0.294703	-0.838877	0.055759	0.725891	-0.324792	0.251327	0.134552	-0.431951	0.557375	-0.530519	-0.963017	-0.17941	0.894466	-0.154451	-0.592194	0.476037	
0.121539	-0.382325	-0.172796	-0.066333	0.983088	0.202888	0.384281	-0.506488	-0.632801	0.420321	-0.79321	0.856109	-0.41143	-0.556405	0.218969	0.150118	-0.682051	0.254476	0.061424	-0.017447	0.709467	0.61102	0.174833	-0.270181	0.104762	0.80992	-0.624852	-0.813374	-0.295789	-0.962437	0.544508	-0.457685	0.499316	0.213083	-0.372532	-0.640791	-0.376917	-0.07769	0.752747	-0.668394	-0.241806	0.605129	0.534428	0.242132	0.952542	0.967615	-0.097126	-0.430762	0.26978	-0.664431	
-0.72781	-0.486465	-0.320093	-0.893328	0.490891	0.393169	-0.165239	-0.619267	-0.731294	0.909465	-0.229089	-0.529749	-0.464536	-0.549664	-0.679694	0.8962	0.313742	0.790952	-0.402254	0.251305	0.4093	-0.306343	0.681492	-0.637352	-0.474086	0.502289	-0.920099	-0.236962	-0.794944	0.169315	0.351007	0.15318	0.564532	-0.581527	0.608582	0.091577	0.315257	0.45829	0.766357	0.359913	-0.874388	-0.120552	0.059512	-0.379639	-0.637713	-0.397866	-0.85964	-0.919964	-0.33487	-0.707643	
-0.52173	-0.596421	-0.518508	-0.028674	-0.298888	0.690536	0.733166	0.134039	0.125385	-0.622324	0.038687	-0.310291	-0.351927	0.964493	-0.263859	-0.055354	-0.959351	0.206874	-0.816332	0.89907	-0.789914	0.213969	0.901378	-0.839899	-0.772632	-0.416965	-0.545587	0.845469	0.468947	-0.972009	0.059474	0.937122	0.017401	-0.633957	0.684749	0.02048	0.380246	0.749663	-0.274205	0.834218	-0.623902	-0.481027	0.017595	-0.868954	-0.660137	-0.801084	-0.073008	-0.439874	-0.969122	-0.773136	
0.469631	0.518408	0.151632	0.010165	-0.046075	0.732542	-0.369997	0.367216	0.703486	0.778546	-0.16378	-0.87812	0.189347	-0.582562	-0.3259	0.495556	0.798603	-0.478255	-0.283607	-0.599082	0.20835	0.452446	0.358495	0.188631	-0.732237	0.540004	-0.042098	0.908399	0.378418	0.873235	-0.313346	0.648534	0.388908	-0.773862	0.727813	-0.65747	0.122445	0.350262	-0.66881	0.572561	0.944665	-0.308601	-0.809312	0.289759	0.128094	0.742009	-0.900034	-0.865229	0.89041	0.417944	
0.450463	0.520879	0.49545	-0.455146	0.793768	-0.861108	0.285621	0.495801	-0.592413	0.494028	0.444976	0.47695	-0.830038	-0.168246	-0.082796	0.142336	-0.644713	0.914096	-0.443874	-0.287966	0.380128	0.577711	0.700129	-0.203546	0.310243	-0.944849	0.937408	0.116988	-0.343646	-0.761313	0.299608	-0.990758	-0.139946	0.913032	-0.093685	0.283632	0.659863	-0.676214	-0.4687	0.644988	-0.545232	-0.498871	-0.334293	0.743749	0.960123	0.209184	-0.222343	0.497831	0.390447	0.055745	
-0.552024	0.635131	0.020531	0.25279	-0.504484	-0.608833	0.265486	0.805783	-0.642484	0.401804	0.349314	-0.630196	0.393402	0.435562	0.833921	0.37111	-0.07719	0.916883	-0.79601	-0.294025	-0.589409	-0.349704	-0.953246	0.901005	0.042106	-0.133439	-0.834095	0.241882	0.791507	0.517537	-0.504223	0.313465	-0.071711	-0.37186	-0.267678	0.401578	-0.675309	-0.954354	-0.505278	0.545337	-0.008439	0.9532	0.067076	0.093943	-0.261818	-0.499143	0.152578	-0.602697	0.519746	-0.19764	
-0.717468	0.057899	-0.191966	-0.499442	0.878124	0.264197	0.292168	-0.263574	-0.918864	0.449209	0.294882	-0.862054	-0.376613	0.06481	0.23491	-0.931038	0.233426	0.585172	-0.223876	-0.671095	0.102671	0.797962	-0.708249	-0.176387	-0.350617	0.604452	-0.171661	0.7815	-0.905832	-0.130683	-0.236764	-0.448866	0.113182	0.358242	-0.313575	-0.004495	-0.784967	-0.766143	-0.541737	-0.868183	0.253401	-0.401774	-0.542887	0.638621	0.48862	-0.654937	-0.686443	-0.379041	-0.165888	-0.125559	
0.203757	0.687771	0.322332	0.471846	-0.006257	0.482685	-0.220241	0.938497	-0.09624	0.92194	-0.143929	-0.295513	-0.049714	0.465295	-0.545839	-0.235032	0.959089	-0.417827	0.836549	0.380267	0.53849	-0.824352	-0.017217	0.893179	0.255694	0.033339	0.311695	-0.283359	-0.300292	-0.806686	0.618243	0.902056	-0.927542	0.79467	0.437575	-0.042212	0.544252	0.828052	0.76408	0.805098	0.041011	0.287637	0.888099	0.630411	-0.089904	0.41218	0.080343	0.359133	-0.801931	0.330795	
0.388382	-0.261231	-0.226699	-0.735457	-0.134559	0.746647	-0.761835	-0.76761	-0.125796	-0.085309	0.493572	0.297829	-0.031172	-0.06329	-0.817531	0.618115	0.026089	-0.435641	-0.089799	-0.723511	0.695192	-0.770302	-0.585031	0.190014	0.139719	-0.561417	-0.054262	-0.321514	0.392403	-0.810648	0.964871	0.925963	0.173997	0.602278	-0.481549	0.769317	-0.657772	-0.453411	-0.024222	-0.158667	0.099255	-0.49257	0.431229	0.516241	-0.004997	0.519031	0.109327	-0.932233	-0.749706	0.889645	
-0.655723	-0.6757	-0.843954	-0.05165	-0.66906	-0.388582	-0.978761	-0.975366	0.553658	0.549738	-0.5047	0.681718	0.522612	-0.615101	-0.401066	-0.680469	-0.970156	-0.732912	-0.786147	-0.431631	-0.892709	0.766966	-0.503145	-0.513703	0.180005	0.100685	-0.554753	0.085063	0.597679	0.746566	0.622646	0.65137	-0.246618	-0.171221	-0.59786	-0.582992	0.20639	-0.102966	0.080483	0.722929	-0.105126	-0.421527	0.738143	-0.523813	0.061894	-0.118467	-0.634616	-0.549497	-0.835867	0.762311	
0.586102	0.906305	0.177078	0.7618	0.339055	0.661283	0.52613	-0.302225	-0.67754	0.722793	-0.283033	-0.2329	-0.542517	-0.935434	0.35894	-0.518347	0.444578	0.707658	0.213835	0.20627	-0.771566	-0.179703	0.690044	-0.156812	-0.134461	0.741491	-0.09783	0.352606	-0.370231	0.849706	0.911376	-0.420345	-0.643751	-0.70467	-0.698539	0.51389	-0.206873	-0.505401	-0.366276	-0.618092	0.678404	-0.060913	-0.666738	-0.928267	0.344064	-0.734318	0.518528	-0.200479	0.817632	0.524676	
0.070453	0.082332	0.791841	0.123092	0.838103	-0.1243	-0.732547	0.457788	-0.451877	0.864323	0.352391	-0.667974	0.247098	-0.881643	-0.200484	-0.47446	-0.838635	0.11369	0.279117	-0.559506	0.505573	0.644008	-0.581145	-0.950389	-0.822826	-0.38743	-0.455959	-0.991178	-0.371362	-0.98345	0.679681	-0.57093	0.258151	0.120594	-0.637267	-0.445688	0.438761	0.147783	-0.335169	-0.988802	0.937544	0.570382	0.738095	0.659026	-0.314085	-0.746582	0.804601	-0.957851	-0.078527	-0.287325	
-0.686382	0.120189	-0.517179	-0.162061	-0.239146	-0.622261	-0.386769	-0.156008	-0.048649	-0.572636	0.369389	-0.402241	-0.627607	0.996938	-0.730207	-0.122611	0.848659	-0.65502	-0.439432	-0.564601	0.261938	-0.02344	0.572598	0.846927	-0.154402	0.842858	-0.10288	-0.498923	-0.505504	0.753966	-0.597448	-0.574033	0.305418	0.832628	-0.398	0.876863	0.947841	-0.596132	-0.164979	0.5738	0.318797	0.870191	-0.874213	-0.487725	-0.844367	0.854147	0.028364	0.554732	0.556666	-0.765951	
0.66344	0.033444	0.660895	-0.637331	0.160024	-0.816396	-0.805164	0.048555	-0.410027	-0.568309	-0.151357	0.290449	0.647519	-0.471646	0.759573	-0.123487	-0.979284	-0.380815	0.787596	0.068988	0.027025	0.663788	0.276356	-0.06768	-0.33636	0.463596	-0.286734	-0.483674	0.413323	-0.829055	-0.63482	-0.874413	0.031458	0.074214	-0.796595	0.202507	-0.522626	0.969297	0.702567	0.594919	-0.40577	-0.045443	0.096503	-0.854278	-0.838475	0.576102	0.954801	-0.310922	-0.723322	0.680138	
0.824701	-0.851561	-0.860784	0.046634	-0.041962	0.396975	0.144595	0.299255	-0.600577	0.957456	-0.230576	-0.264922	-0.030267	-0.256637	0.890625	0.700206	0.739533	-0.792873	0.537771	0.239797	0.456557	0.553919	-0.620865	-0.033515	-0.790265	0.976029	0.567977	-0.090184	-0.096317	0.519856	-0.969412	0.871302	0.742275	0.313556	-0.862001	0.911819	0.69138	-0.186127	-0.530728	-0.538056	0.363615	-0.499588	-0.922968	0.388508	0.503198	0.288778	-0.614337	0.23329	-0.594412	0.38837	
-0.540199	0.097254	-0.769376	-0.426666	-0.762782	-0.149291	0.938318	-0.479044	-0.96672	0.760416	-0.430094	0.421527	-0.861353	0.42433	-0.709337	-0.419556	0.242088	0.434786	-0.698051	0.369991	0.2675	0.111464	0.032567	0.39986	-0.889169	-0.458339	-0.129091	0.819895	0.145376	0.679624	0.917038	-0.347855	-0.040422	-0.37732	0.950918	-0.110175	0.11964	0.583	-0.977909	-0.894944	-0.211078	-0.716942	-0.280253	0.398894	0.106431	-0.175113	0.836204	-0.996885	0.137724	0.250315	
-0.849214	0.70058	-0.433954	0.012017	-0.884018	0.515004	-0.712928	0.056197	0.04775	0.996637	0.034343	-0.793075	-0.687535	-0.342628	-0.256162	0.684214	-0.453566	-0.165732	0.540932	-0.054759	0.375721	-0.495385	-0.731675	0.588602	-0.434992	-0.55109	-0.851262	-0.863971	-0.939814	0.383054	0.354056	0.804304	0.522908	0.10457	-0.542409	-0.686141	0.804736	-0.153553	0.872318	-0.887954	0.297826	-0.519559	0.304964	0.145847	-0.085371	0.124679	-0.321209	-0.027302	0.151605	-0.444315	
0.589852	-0.769674	-0.374134	-0.518877	0.466316	0.84923	0.83048	0.507742	-0.857726	0.345893	-0.463909	0.352547	0.781997	0.88832	-0.54542	-0.810263	0.97452	-0.905596	0.716013	0.433927	-0.166099	-0.522314	0.004022	0.392446	0.402462	0.09156	0.594131	-0.842156	0.836038	0.032597	0.976429	0.456732	-0.059089	0.627665	-0.178916	-0.473571	0.731487	0.543215	-0.350803	-0.990618	0.744567	-0.549659	0.422521	-0.063893	0.375653	0.038544	-0.139354	0.960249	0.65078	-0.69187	
-0.503491	0.620021	0.069188	0.926853	-0.35838	0.191492	-0.29825	0.023794	-0.066253	0.397172	-0.387777	-0.497659	0.74526	-0.02503	0.014555	-0.549424	-0.134349	-0.650984	0.326519	-0.958871	-0.416873	-0.516042	0.499216	0.561101	-0.193909	0.006423	0.610902	-0.996974	-0.94756	0.326816	0.429597	-0.932532	-0.867728	-0.145284	-0.669131	0.881238	-0.225062	-0.987782	-0.295212	-0.912755	0.126694	0.420748	0.232397	-0.744454	-0.373046	-0.217344	-0.58544	0.793224	-0.155416	0.625509	
0.566725	-0.804124	-0.219533	-0.428242	0.423702	0.951003	-0.385583	0.537462	-0.723264	-0.233713	-0.394503	0.824412	-0.638655	-0.435324	-0.128722	-0.335963	0.803688	-0.638975	0.343001	0.981847	0.833309	-0.041834	-0.802998	0.636336	-0.439265	-0.813719	0.441264	0.826618	0.014333	0.640904	-0.780685	-0.33703	-0.621701	0.620193	-0.70665	0.879649	0.912297	0.930366	0.299152	-0.229424	0.213281	0.983156	0.413161	-0.583648	0.614072	-0.940813	-0.627454	-0.893976	0.697499	-0.241466	
0.276397	0.165919	-0.493306	-0.083671	-0.643162	0.917625	-0.966579	0.029024	0.030377	0.038271	0.959249	0.527115	-0.383766	0.263098	-0.459084	0.243	0.05011	-0.86687	-0.117144	0.551512	-0.227765	0.445247	0.217217	0.461687	0.059954	-0.091942	0.180412	0.65981	-0.05752	0.366198	0.45284	0.433282	-0.431191	-0.624892	0.023763	-0.429806	0.433193	0.787415	0.759856	0.165887	-0.69488	-0.359771	-0.239119	-0.74266	0.597124	0.327964	-0.663341	-0.062101	-0.657291	0.639091	
0.333967	-0.485606	-0.986034	0.908052	0.487394	-0.375929	0.256897	0.800935	0.716678	-0.370337	-0.715833	0.064594	0.139664	0.910312	-0.088854	-0.394921	-0.537487	0.259855	-0.820298	0.606386	0.000103	0.829011	0.627647	0.999138	0.038257	-0.091541	-0.173347	-0.919345	-0.443345	0.993299	-0.981209	-0.012775	-0.413405	0.925022	0.729683	-0.979576	0.299911	0.742334	0.808627	0.349933	0.627003	0.291508	-0.112722	0.494842	0.478002	0.552092	0.094027	-0.918303	-0.108647	0.368268	
0.658727	-0.629346	0.008871	-0.995485	0.057175	0.00987	0.175756	0.026014	0.534676	0.711223	0.666436	-0.301908	0.405323	-0.381046	-0.753411	-0.335198	0.51019	0.311226	-0.804975	-0.190255	0.902556	-0.762427	-0.053253	0.937602	0.041347	0.022827	-0.815347	-0.0699	0.254325	0.77966	-0.510207	-0.073644	0.5676	0.969587	0.284123	0.828419	-0.700398	-0.367539	-0.422835	-0.895823	-0.420532	0.81225	0.464915	-0.312029	-0.301198	0.537731	-0.499204	0.287183	-0.569219	0.949061	
0.462851	-0.328937	0.640806	-0.300735	0.154437	-0.94717	0.232865	-0.947244	0.293838	0.147223	-0.296347	0.394041	0.589856	-0.02245	0.726409	0.541643	0.117336	0.507912	-0.450787	0.106014	0.987951	0.847996	0.479402	-0.658168	-0.651562	0.208463	-0.190673	0.291438	0.576604	0.40707	-0.919403	0.676755	-0.780217	-0.901393	0.492491	0.601121	-0.725894	0.957012	0.439923	0.99908	0.719946	-0.349432	-0.308756	-0.560263	-0.408495	-0.008839	0.750666	0.841055	0.47878	0.158664	
-0.506481	0.213822	-0.71099	0.563238	-0.465703	0.932028	-0.65555	0.410657	0.38471	-0.970174	0.151012	0.782369	-0.651192	-0.401266	0.988447	0.32401	-0.032524	-0.717217	-0.00769	-0.092132	-0.645728	-0.226802	0.021025	0.914454	-0.746828	0.804869	0.200034	-0.437585	0.676787	-0.456281	-0.987666	0.632836	0.859895	0.132394	0.465104	0.437754	-0.954298	0.872683	0.858023	0.133272	-0.920828	-0.273213	0.321548	0.022087	0.915998	-0.663405	0.629386	-0.142825	-0.551558	-0.281362	
-0.025841	0.300452	-0.190376	0.8996	-0.103079	-0.259809	-0.25858	0.838576	-0.132234	-0.436599	-0.564784	0.305604	-0.557855	0.147797	-0.032815	-0.08754	-0.336108	0.485165	-0.317225	0.481169	0.288985	-0.984557	0.469413	0.325718	0.595842	-0.652569	-0.103685	-0.074945	-0.583269	-0.893768	-0.746262	0.690648	0.234363	0.562093	-0.564492	-0.716331	-0.744435	0.604388	0.06335	0.48206	-0.429697	0.274159	-0.833585	-0.870998	0.718499	-0.472908	0.973125	0.89388	0.757341	0.29567	
0.303417	-0.209096	0.429901	0.841392	-0.296089	0.638937	-0.775055	0.942995	0.50231	0.928339	-0.953526	0.586349	0.630655	0.575824	0.17134	-0.803013	0.546646	0.708008	-0.947643	0.317079	0.918169	0.93823	-0.041367	-0.835693	0.072792	0.472721	-0.478909	-0.544421	0.605537	0.126182	-0.366823	-0.469384	-0.771158	0.473411	0.224934	0.707751	-0.324225	-0.474739	0.142666	-0.68381	-0.308955	-0.454871	-0.124387	0.15202	0.603839	0.662956	-0.933416	0.970554	0.009106	-0.37686	
0.284369	-0.125502	-0.398669	0.346345	-0.725017	0.524842	-0.613444	0.776454	0.468383	0.881373	0.279834	-0.764822	-0.937011	-0.316399	-0.19759	0.552496	0.839178	-0.306403	0.029739	0.246684	-0.158832	-0.181616	0.376297	-0.043023	-0.476494	0.098615	-0.36131	-0.253341	0.343942	-0.304348	-0.687441	0.841324	0.107715	-0.111662	-0.278043	0.441596	-0.890648	-0.119606	0.676898	0.889496	0.242711	-0.706441	0.932798	0.761926	0.128397	0.759025	0.78123	0.216401	0.086242	-0.253735	
-0.736841	0.07487	-0.838206	-0.374805	-0.068195	-0.088719	0.205543	0.900124	0.934029	0.579464	-0.481383	0.904247	0.459679	-0.96931	-0.871184	-0.274234	0.913238	-0.398174	0.801415	0.925389	0.480886	-0.36672	0.166952	0.340178	-0.177463	0.315605	0.655278	-0.255489	0.071081	-0.795075	0.449987	-0.221339	0.506616	0.189293	-0.663034	-0.933694	-0.616227	0.917543	0.176855	-0.850908	0.373684	-0.870221	0.60779	0.788582	-0.036049	0.297058	-0.7258	0.290104	-0.249519	0.988467	
-0.988932	-0.449878	0.021213	-0.129604	0.837532	0.973368	0.021028	-0.513764	-0.830289	-0.280056	-0.928813	0.39396	0.951466	0.852134	0.993341	-0.565792	0.996721	-0.552803	0.811207	-0.57158	-0.878955	-0.602785	-0.975358	-0.347492	-0.688073	0.56143	-0.376837	0.990343	0.040414	0.095776	-0.656546	-0.403678	-0.181477	0.570652	0.053359	0.400093	-0.5736	-0.911368	-0.634455	0.62112	0.776375	-0.19175	0.779022	-0.679826	0.938668	-0.290366	0.609392	0.385859	-0.389408	0.022841	
0.918394	-0.23797	-0.928797	0.129025	0.275073	-0.905487	0.157469	0.495975	0.803626	-0.480134	0.256827	-0.741629	-0.737982	-0.837105	0.691663	-0.555399	0.81236	-0.237374	-0.047647	-0.383317	-0.970126	-0.330626	-0.159509	-0.435035	-0.40172	0.668918	0.402515	-0.639588	-0.386462	-0.217507	0.049243	-0.893444	0.769304	0.927445	-0.916395	-0.13599	0.299911	-0.062282	0.738936	0.717365	0.66394	0.839294	0.585546	-0.31948	0.597142	-0.527446	-0.911431	-0.900182	0.766815	0.163181	
-0.641761	0.172933	0.751178	-0.728516	-0.669202	0.30941	-0.020039	-0.715872	0.670558	-0.633899	0.245994	-0.862456	-0.609144	0.310479	-0.110942	-0.361904	-0.431547	0.501428	0.7403	-0.370076	0.920171	0.202784	0.610485	0.863644	0.176951	0.875665	-0.304228	0.656834	-0.939987	0.373781	-0.222412	-0.188425	-0.692799	-0.020461	-0.521411	0.787921	-0.323352	0.543354	-0.284588	-0.063824	-0.708482	0.778663	0.772878	-0.012704	-0.099158	-0.45281	0.67907	0.294504	-0.524122	0.718073	
-0.695791	-0.704734	0.090482	-0.379108	-0.715689	-0.757861	0.968973	-0.882086	-0.01612	0.414195	0.504012	-0.05974	-0.082679	0.766604	0.052777	0.591265	0.480394	-0.639087	-0.271314	0.798341	0.746071	0.998838	0.525186	0.83653	-0.852341	0.075554	-0.147894	0.508765	-0.463253	0.594232	-0.956012	-0.155557	-0.714614	0.8238	0.588128	0.458548	-0.407516	0.838695	-0.992315	-0.721636	-0.850231	-0.89881	-0.738578	-0.482439	0.896695	-0.613287	-0.441178	-0.304683	0.26454	0.262392	
-0.353809	-0.971453	0.403549	0.993533	-0.377057	-0.355464	-0.154243	0.463459	-0.122941	0.043074	-0.934405	-0.320907	0.565335	-0.995026	0.869226	-0.019336	-0.37175	-0.234262	-0.588609	0.894581	-0.411607	-0.09927	0.397484	-0.039494	-0.884796	-0.050998	0.321017	0.035131	0.816405	-0.667073	0.826747	0.189128	-0.015982	-0.995961	-0.158447	0.68988	0.949158	-0.147166	0.372723	0.42818	0.962054	-0.548816	-0.55534	-0.527416	0.022356	0.355654	-0.451131	0.653371	0.939379	0.166013	
0.727434	0.963829	-0.618041	-0.00384	0.600352	-0.523467	0.727322	0.544051	0.449966	-0.489887	0.588322	0.945202	-0.661549	0.586254	-0.570494	-0.847534	0.262173	0.33339	0.623496	-0.813641	-0.120881	0.956999	0.517118	0.285966	0.038701	0.344813	0.109316	-0.607996	0.727129	-0.208542	0.542128	-0.249338	-0.031547	0.756212	-0.343293	0.643848	0.596634	-0.430203	0.326559	-0.897821	-0.450731	0.255831	-0.947906	0.193917	0.77342	-0.044276	-0.702074	0.954375	-0.260958	-0.9989	
-0.147219	0.461995	0.574858	0.549636	-0.652487	0.290924	-0.104824	-0.406761	0.548206	-0.501033	0.346171	0.971431	-0.983328	0.323098	0.406478	-0.915899	0.650763	0.382429	0.692457	-0.925182	-0.434601	-0.719349	-0.959365	0.419453	0.144375	-0.870929	-0.957937	-0.254306	0.570221	-0.348576	-0.478045	-0.76347	0.585021	-0.273258	-0.483018	-0.018092	0.930352	0.497902	-0.607758	0.303994	0.355827	0.057936	0.809	-0.432898	0.670792	0.844625	-0.211133	-0.171593	0.329633	-0.063141	
-0.61316	-0.298084	0.070091	-0.801369	-0.802336	-0.110254	0.118708	0.451205	0.816083	-0.201915	0.805937	-0.867799	-0.924099	0.846187	-0.297896	-0.642788	0.296346	-0.260379	-0.725029	0.626507	-0.667755	0.926486	0.547225	0.858832	0.070608	0.880932	0.31261	0.01626	-0.15233	0.62024	-0.847124	-0.414655	-0.325188	-0.705218	0.127762	-0.013163	-0.839786	-0.508771	0.825205	0.385655	0.229823	0.24043	0.521622	-0.947754	0.162616	0.356492	0.528678	0.449598	-0.144365	-0.727841	
-0.300214	0.16325	-0.50664	-0.377187	0.182542	0.65866	0.609576	-0.294615	-0.068676	0.033578	0.927262	-0.589772	-0.978461	0.471304	0.226336	0.654524	0.066222	-0.846016	-0.948441	-0.924325	0.448849	0.717212	-0.944427	-0.390184	0.219689	0.718507	0.334704	0.472416	0.670995	-0.589522	-0.382991	0.472024	-0.001042	0.432987	0.520183	0.462315	0.143904	-0.908538	-0.207306	-0.117851	-0.262396	0.175693	0.867774	-0.708363	0.945147	0.464872	-0.161636	-0.564963	0.189472	0.285828	
0.357824	-0.974611	0.633142	-0.668709	0.550674	-0.200013	0.533631	-0.900963	-0.252718	0.11853	0.919053	-0.08478	0.487254	0.681918	-0.16635	0.928987	-0.8791	-0.051756	0.57347	0.349539	0.570388	-0.48976	0.201955	0.903	-0.687216	-0.383597	-0.02663	-0.822026	0.994133	-0.98991	0.511051	-0.55895	0.552567	0.511745	-0.287121	-0.268873	-0.894867	-0.895139	-0.780323	0.501162	-0.601034	0.887255	-0.655787	-0.838245	-0.856251	-0.877439	0.37656	0.056709	0.621396	0.24735	
0.482416	0.626487	-0.094191	-0.724325	0.505998	0.032559	-0.521422	0.746943	0.72215	0.206017	0.606368	0.670972	-0.676534	-0.409515	-0.116443	-0.787498	-0.967515	0.392768	0.169645	0.318932	-0.225848	0.738357	-0.446071	-0.103897	0.617845	-0.992707	0.888564	0.970693	-0.75148	-0.811473	-0.91437	-0.069797	-0.753019	0.633115	-0.532061	0.237288	-0.116893	0.137818	-0.506061	-0.091299	-0.632871	0.105106	0.934354	0.855637	0.762177	0.264092	0.746557	-0.320144	0.214672	0.242296	
0.234401	0.137702	-0.923035	-0.810093	-0.09212	-0.29333	-0.715942	-0.723484	-0.149456	-0.968809	0.013902	0.302128	-0.153628	-0.42244	0.475984	0.19332	0.98551	0.24644	0.252596	-0.227669	0.974318	0.709021	-0.469394	-0.317356	0.857508	0.940302	0.252198	-0.248308	0.861783	-0.965758	-0.440099	-0.841719	0.358174	-0.823823	0.61774	0.502452	0.555767	0.168393	-0.186722	-0.251886	0.500654	-0.211198	-0.60772	-0.902927	-0.707177	0.993564	0.060986	-0.235949	-0.017692	-0.504117	
0.863532	-0.012389	0.627268	-0.113779	-0.154544	0.331204	-0.25845	0.668394	-0.108599	0.785708	0.592685	0.580143	0.374812	-0.426335	-0.491631	0.913927	0.22644	-0.728078	-0.750294	-0.71692	0.815389	-0.520817	-0.234048	-0.848277	0.091841	-0.581208	0.591766	-0.241569	0.989627	0.392176	0.413025	0.69352	0.016613	0.518086	0.041036	-0.206685	-0.526945	0.281684	-0.245358	0.752894	-0.304668	-0.346142	-0.364675	-0.249649	0.941017	-0.00148	-0.3779	-0.868621	-0.948264	0.894428	
0.830823	-0.926239	-0.275849	-0.649912	0.060564	-0.432555	0.073803	-0.208667	0.737878	0.693776	0.596264	-0.286518	-0.562972	0.394337	0.126665	0.940227	-0.753592	0.637099	0.775225	0.092568	0.884013	0.735112	-0.290649	0.061899	-0.871403	-0.087214	0.593085	-0.010828	0.622158	0.569104	-0.122988	-0.506154	-0.795348	0.184385	-0.228361	0.566916	-0.037652	-0.288452	-0.521245	0.404886	0.423665	-0.925487	0.771809	-0.999577	0.980818	-0.415427	-0.13422	0.798756	0.878921	-0.924326	
0.650857	-0.606696	0.109271	-0.012969	-0.173059	0.056377	0.620541	0.133933	0.333077	0.049876	-0.1049	0.429091	-0.08456	-0.391714	0.945825	-0.295322	0.184717	0.232658	0.44029	0.410755	0.674527	-0.304492	-0.506888	-0.300242	0.026615	0.924167	0.191174	0.305404	0.175158	-0.792173	-0.245252	-0.832021	0.996373	0.790681	0.775454	0.082713	0.265601	-0.826586	-0.9336	0.795584	-0.667446	-0.567385	0.916084	-0.789978	-0.898615	-0.172736	0.799797	-0.911625	0.606179	-0.226083	
-0.491479	-0.614826	0.570391	-0.725433	0.730844	0.22341	0.570266	0.997264	-0.930166	-0.436848	-0.77563	-0.012616	-0.398209	-0.530123	-0.814471	0.508482	0.708595	0.033977	-0.094558	0.838145	-0.953681	-0.767271	-0.106412	0.498877	-0.564719	0.178794	-0.577508	-0.669388	0.090566	0.779061	0.636673	-0.444288	0.302592	-0.55448	-0.930232	-0.228714	-0.430122	0.721605	0.571833	-0.352574	0.156276	0.79476	0.173451	-0.644399	0.434742	-0.27148	0.451868	-0.199906	-0.353984	-0.779876	
-0.545195	-0.370149	0.022672	0.818186	0.606176	0.405453	0.544441	0.989192	-0.107708	-0.248904	-0.613757	0.64771	0.158679	0.726184	0.469286	0.984785	-0.190637	-0.34356	0.927937	-0.306429	0.670465	0.320069	0.515053	-0.367856	0.329606	-0.677415	-0.324429	-0.844956	-0.333479	0.926297	0.883751	0.229678	0.395254	-0.039555	0.026758	0.143452	-0.560093	0.6184	-0.181971	-0.830886	-0.92319	-0.42889	-0.482351	-0.272832	0.865597	-0.23442	-0.608093	-0.997621	0.953563	0.862667	
-0.98514	-0.510988	-0.447174	0.821648	-0.85957	0.823145	-0.238292	0.749888	-0.389161	-0.114319	0.258868	0.470894	-0.98659	0.859889	-0.348937	-0.070268	-0.36521	-0.405884	-0.291424	-0.778951	-0.797062	-0.513377	-0.266217	-0.498516	0.052736	-0.625005	0.095331	0.279334	-0.440799	0.266113	-0.100085	-0.135356	0.329351	-0.469488	0.6803	-0.20901	-0.874135	0.74709	-0.052863	-0.772484	0.186984	-0.296719	0.918967	-0.974497	-0.2239	-0.245498	0.635444	-0.54812	-0.551584	-0.550702	
0.357903	-0.097758	-0.158265	-0.765167	-0.437523	-0.099152	0.20537	0.760833	0.327127	0.409184	0.464071	0.338206	-0.959806	0.369409	-0.198632	0.432142	0.148103	0.534247	-0.662462	-0.7528	0.978806	0.599099	0.892829	-0.174535	-0.122994	0.027657	-0.596873	-0.700213	-0.201062	-0.716183	0.497069	0.522726	-0.902566	-0.810576	0.054245	-0.986726	-0.268472	0.136936	0.291359	0.51404	-0.626587	0.499826	-0.41441	-0.914087	0.013027	0.514904	-0.041128	0.82275	-0.539607	-0.252262	
-0.349515	0.554176	0.542159	0.794212	-0.423585	-0.219571	0.978381	-0.213263	-0.789044	-0.824151	0.464768	0.442738	0.876755	0.758165	0.627735	-0.183446	0.456066	-0.798207	-0.050841	-0.116358	-0.102535	0.317858	-0.614771	0.02446	0.075205	-0.609014	-0.26988	0.504396	-0.247471	-0.581137	-0.981642	-0.206866	-0.226747	0.015377	-0.398383	0.204773	-0.929478	-0.669327	-0.443321	0.749715	0.256744	-0.077684	0.58245	-0.681491	-0.533608	-0.549018	-0.602189	0.550151	0.385076	0.653942	
0.017756	-0.641646	0.355208	-0.378504	0.726086	-0.235303	0.43391	0.462359	-0.732639	0.9906	-0.171272	-0.756241	-0.075113	0.172022	0.358256	-0.331883	0.948453	-0.263082	0.266824	0.037638	0.469336	0.874031	-0.627206	-0.019927	0.932717	0.355213	0.85262	-0.185831	0.48654	0.108058	-0.527727	0.64135	0.313165	-0.792285	-0.400094	0.608579	0.9448	0.246563	0.126363	-0.682759	0.170988	-0.507983	-0.219728	0.116948	0.363851	-0.991887	-0.438821	-0.673446	0.540499	0.833387	
0.3401	-0.980462	-0.031384	0.639648	0.135865	0.482346	0.295202	0.87149	-0.888718	0.10648	0.09886	0.399171	-0.290264	-0.81241	0.263366	-0.218784	-0.820775	-0.519376	-0.564489	0.945407	0.940794	-0.046459	0.55792	-0.555195	0.591756	-0.293546	-0.280362	-0.116983	0.119176	-0.463623	-0.648425	-0.762409	0.943273	-0.412352	0.912108	0.370913	0.014506	-0.851007	-0.431142	-0.298704	0.303477	-0.432362	0.292698	0.111136	-0.374431	-0.897533	-0.123006	0.496158	-0.52531	0.135007	
-0.46915	0.705566	0.753138	-0.906511	-0.322278	0.599744	-0.504914	-0.012356	0.673406	0.743303	-0.212704	-0.607447	-0.922619	-0.62502	0.298335	-0.102995	-0.951961	0.987282	-0.771156	-0.461928	0.043315	0.840324	0.21884	-0.781635	-0.935636	0.858091	0.783561	-0.038855	0.133694	0.917748	0.266322	0.889388	0.012876	-0.804529	0.39579	0.167611	0.490041	-0.272657	-0.296585	0.152554	-0.318125	0.781003	-0.237971	0.252307	0.138167	0.542146	0.356355	0.686339	0.122093	-0.633421	
-0.938173	-0.38996	0.594588	-0.960166	0.281592	0.770721	-0.623404	-0.72495	0.795048	0.654097	-0.64665	0.862061	-0.589532	0.760805	0.686847	-0.018073	-0.5842	0.159643	0.753516	-0.179891	0.006332	0.754097	-0.148672	0.059838	-0.264397	0.970718	-0.069851	0.445762	0.46766	-0.867467	-0.662753	0.090718	0.983968	-0.773841	-0.157269	-0.622925	-0.457841	-0.398988	0.682482	-0.418145	0.756051	-0.535403	-0.396722	0.706606	0.763907	0.395647	-0.906132	0.383734	-0.670376	-0.205141	
0.711212	0.229047	0.337614	-0.40546	0.694639	-0.683864	-0.717036	-0.391576	-0.660404	0.147957	-0.823272	-0.619701	0.070006	0.208087	-0.51731	-0.228688	-0.850373	-0.189328	0.800738	-0.724662	-0.650757	-0.549469	-0.257451	0.850769	-0.080233	-0.521924	0.034597	-0.620307	-0.8576	0.79247	0.383467	-0.584166	-0.56481	-0.341465	-0.44272	-0.81336	-0.322344	-0.760875	0.246238	-0.601279	0.649287	0.549197	0.168704	0.61877	0.571611	-0.992614	-0.823615	0.880879	0.167232	-0.725425	
0.595091	-0.900949	-0.925461	-0.770604	-0.313098	0.339859	0.465673	-0.258811	-0.176845	0.283112	0.316791	0.862199	0.433001	0.283169	0.230762	-0.473494	0.613735	0.401107	-0.095736	-0.836332	0.331718	0.059063	0.082118	-0.294946	0.151941	0.44721	0.48701	0.668612	-0.151688	0.448019	-0.345373	-0.057713	-0.172276	-0.859127	0.097776	0.098045	0.100444	-0.490306	0.237018	-0.613263	0.948536	-0.633951	-0.876666	-0.487843	0.16683	0.973717	-0.086994	0.338365	0.899575	-0.493773	
-0.74777	-0.074908	-0.213012	-0.044579	-0.333018	0.767384	0.819258	-0.967553	-0.972031	0.186378	-0.992052	-0.089449	-0.702403	-0.950101	-0.508369	-0.203577	-0.813935	0.606052	0.803534	0.825884	0.447571	-0.552958	0.653396	-0.350164	-0.302015	0.474829	0.138472	-0.054941	-0.051444	-0.606077	0.557065	0.426916	0.187805	0.537084	-0.293274	-0.95268	-0.103625	0.025132	0.967892	-0.616285	0.499788	-0.876941	0.948795	0.706007	-0.784273	-0.579923	-0.260606	-0.605396	-0.273481	-0.439481	
0.126467	0.532594	0.952718	-0.42077	0.092285	-0.517082	-0.555674	0.756989	-0.552426	-0.129676	-0.903957	0.129328	0.474418	-0.084037	-0.186106	-0.162356	-0.396922	-0.936779	0.556995	0.309087	-0.772909	0.960723	0.524381	-0.960567	-0.163092	-0.365685	0.528608	-0.376283	-0.819946	0.955671	-0.999847	-0.834868	-0.753027	-0.213286	-0.525432	0.858892	0.570932	0.346593	-0.601294	0.607964	-0.484009	-0.856925	-0.958729	0.14211	-0.873947	0.77864	-0.219785	0.084463	-0.235177	-0.970021	
0.204555	-0.944472	-0.013165	0.320908	-0.768174	-0.077173	-0.806033	-0.029199	-0.669835	0.876199	0.417102	-0.385226	0.07482	0.983891	-0.227284	-0.335134	-0.52324	0.145445	-0.492967	-0.818814	0.127802	-0.048327	0.044327	0.614021	0.424432	-0.411164	0.927844	0.471056	-0.665637	-0.668418	0.454482	-0.25304	0.324241	-0.674217	-0.378607	-0.501982	0.745129	-0.955974	0.683412	0.235379	0.664765	0.449001	0.567696	-0.48828	0.560299	0.667536	-0.361577	-0.168767	0.793056	0.309279	
0.211342	0.062063	-0.231797	-0.791505	-0.610404	0.648702	0.392252	0.981799	0.902123	-0.662271	0.844555	-0.136034	-0.597352	-0.566678	0.30082	-0.346877	-0.883051	0.803066	0.819731	0.992906	-0.621742	0.3563	0.012179	-0.814844	0.648293	-0.618086	0.049517	0.361781	0.184868	0.82777	-0.487928	0.885778	-0.555077	-0.400996	-0.230904	-0.260188	0.258099	-0.683291	-0.081356	-0.883237	-0.28888	-0.880713	-0.423972	-0.701568	0.817926	0.14814	0.656893	-0.006245	-0.962098	0.686436	
-0.205132	-0.196515	-0.06852	0.924378	0.194961	-0.740303	-0.962579	-0.491887	0.658941	0.026793	-0.231395	-0.016877	-0.073532	0.965448	-0.32719	0.769505	0.5599	-0.110996	-0.9167	0.046433	0.275006	-0.008235	-0.8583	-0.681111	-0.342442	-0.809087	-0.98509	-0.1358	-0.95452	0.810518	-0.618795	-0.137788	0.070928	0.321404	-0.815525	-0.403073	0.4329	-0.860621	0.823305	-0.433565	-0.118664	-0.962803	-0.833452	0.686948	0.089708	-0.60014	-0.625951	-0.845655	-0.469414	-0.929538	
-0.828185	-0.729625	-0.270979	0.655727	0.186833	-0.648196	-0.036254	-0.369081	-0.123759	-0.200357	-0.074622	0.237356	-0.606024	0.547311	0.077678	0.844041	-0.790936	-0.526373	0.237382	-0.756641	0.445407	0.288851	0.756244	0.943681	-0.892853	0.299163	0.099396	-0.708227	-0.11924	0.264597	-0.192128	-0.952632	-0.025741	0.694348	-0.362488	-0.298884	-0.234233	0.32469	-0.696745	-0.529989	0.404035	-0.166382	0.22216	-0.7547	0.084112	0.075479	0.64641	0.841696	-0.889178	-0.008709	
0.004047	-0.049531	-0.263057	-0.530756	-0.120172	-0.044509	0.30002	-0.747569	0.989131	-0.893824	-0.994828	-0.505305	-0.476358	0.957106	0.665862	-0.658524	-0.750562	-0.349035	-0.970645	0.146223	-0.494351	0.898116	0.888771	0.41962	-0.954753	0.808368	-0.021307	0.281993	-0.092449	-0.122512	0.659133	0.843413	0.729025	0.171536	0.689685	0.653788	-0.351147	-0.076525	-0.459913	-0.027133	0.843556	-0.445799	-0.609639	-0.169086	-0.461647	-0.563896	-0.211431	-0.640804	-0.407796	-0.073689	
0.443645	0.308776	0.566373	-0.665019	0.005828	0.871937	-0.588866	-0.622322	0.726271	-0.064076	-0.214372	-0.324389	0.06043	0.891582	0.056216	-0.166418	0.787803	0.153503	0.930158	0.566658	-0.036005	-0.812352	-0.240795	-0.356399	0.185196	0.187879	-0.56862	-0.810283	0.534204	-0.14986	0.913268	-0.135275	-0.315193	0.412617	0.183962	0.586989	-0.111045	-0.822726	0.730705	0.704788	0.651741	-0.794683	0.885152	-0.087025	0.219126	0.807185	-0.580386	0.366748	-0.803933	-0.100261	
0.158476	0.381733	0.871791	-0.899554	-0.040818	0.258766	-0.796939	0.867327	0.814633	-0.768688	0.011676	0.790646	-0.836626	0.073522	0.024042	-0.115923	-0.4928	-0.904799	0.126748	-0.415703	-0.667446	0.662689	-0.442635	-0.331077	-0.981133	0.009793	-0.482849	-0.593235	-0.860693	0.712539	-0.954891	0.779312	0.76625	-0.875802	0.516286	0.098839	-0.928434	0.778876	-0.443529	-0.183583	-0.592066	-0.858747	0.843918	0.989788	0.887397	0.571375	0.468036	-0.533897	0.656056	0.743628	
0.394426	-0.658319	0.785312	0.053514	-0.692425	0.50944	-0.325539	0.584012	-0.95894	-0.580135	-0.624051	-0.008584	0.699679	0.315315	0.718686	0.99306	-0.829855	-0.080847	-0.54985	0.764759	0.999772	0.5848	0.960446	0.886248	-0.989954	0.746629	-0.153278	0.466659	-0.246618	-0.784781	0.455376	-0.68121	0.25648	0.172768	-0.90526	0.649119	-0.581009	-0.998218	-0.059807	-0.322586	-0.07087	0.343028	-0.677835	-0.45349	-0.793645	-0.448785	-0.843933	-0.080242	-0.112076	-0.757554	
0.679962	-0.667756	0.854364	-0.400276	0.418748	-0.734907	-0.283087	0.304559	0.271789	0.544171	0.983635	0.404169	0.510036	0.930385	-0.970217	-0.637578	-0.548385	-0.011768	-0.38866	-0.27329	0.21287	0.198875	-0.474303	0.0172	-0.495613	-0.029417	-0.489341	0.382163	-0.267826	-0.688487	-0.949789	0.832618	0.320389	-0.871906	0.626563	0.835706	0.247022	0.640472	-0.098787	-0.778379	0.785164	-0.706897	-0.72691	0.356012	0.423229	-0.409513	0.389769	-0.093715	0.174311	-0.073755	
-0.368774	0.126153	0.660534	0.485349	-0.063015	-0.38158	0.617426	-0.779941	0.948106	0.452033	-0.281124	0.98944	0.106507	0.120067	-0.445353	-0.475216	0.823568	-0.836909	-0.240666	-0.209224	0.862678	-0.010972	-0.152799	-0.886131	-0.049825	-0.605882	-0.904213	0.781159	-0.695547	-0.874396	0.664842	0.868856	0.590316	0.935403	-0.217559	-0.205095	0.50657	-0.086767	0.111511	0.225694	0.17686	-0.722257	-0.128346	-0.551211	0.44425	-0.622651	0.62943	0.874424	-0.991208	0.168473	
-0.997983	-0.065022	-0.700043	-0.17925	-0.924253	-0.364744	-0.70769	-0.028367	-0.447511	0.697034	0.123215	-0.033477	-0.384272	0.273125	0.068342	0.22966	-0.464627	-0.210467	-0.243144	0.90231	0.538333	-0.026834	-0.245395	0.97239	-0.853844	0.107592	0.707156	-0.105228	0.309819	-0.114503	-0.823014	0.803291	0.902022	-0.363077	0.89781	0.774851	0.256112	-0.165266	-0.946264	-0.576896	-0.993543	-0.339516	0.419524	0.394386	0.959473	0.964106	-0.281962	-0.932972	0.993086	0.534891	
0.514032	0.670456	-0.821775	0.622484	0.87196	-0.873323	-0.277632	0.422341	-0.456039	-0.565009	-0.493344	-0.985323	-0.78944	-0.125257	-0.702391	0.330994	-0.50833	-0.880376	0.033554	-0.728862	-0.994387	0.357723	0.843166	0.343996	0.971998	-0.758256	0.932296	0.053497	0.095844	0.988553	0.984111	-0.139671	0.269925	-0.6008	0.893213	-0.329518	-0.89287	0.191044	-0.097396	0.936429	0.978439	0.892648	0.5833	-0.426244	-0.576351	-0.370983	-0.09568	0.028829	-0.639151	-0.341109	
0.283767	0.056984	-0.244256	0.080286	0.226399	0.266063	-0.829688	-0.759819	-0.607917	-0.171694	0.759271	0.372635	0.456305	0.258862	-0.358875	0.121971	-0.171767	0.091351	0.731982	0.521341	-0.224613	-0.082681	0.122598	0.66392	0.51345	-0.700218	0.21372	0.276534	0.734996	0.440086	-0.974286	-0.82279	0.092047	-0.977288	0.942862	0.199738	-0.767448	-0.576967	-0.929612	0.603807	0.513203	-0.279336	-0.143529	-0.519136	0.429675	-0.962924	-0.265319	0.618612	0.57107	0.321445	
0.867874	-0.197402	0.495376	0.501164	-0.089696	0.88446	0.944271	-0.126307	-0.719046	0.129827	-0.636084	-0.356588	0.181031	0.391065	0.533672	0.489741	0.748762	0.470376	-0.197913	-0.178624	0.117551	0.699323	-0.293585	-0.741943	-0.35819	0.480685	0.869099	0.723874	-0.410492	-0.949652	0.027978	0.769048	-0.205831	0.724397	0.768671	-0.801321	-0.453336	-0.635997	-0.039607	0.085986	-0.239361	-0.863989	0.491426	-0.001207	-0.059358	0.807441	-0.271187	-0.120277	-0.108794	0.786203	
-0.521124	-0.409564	-0.940051	0.728589	-0.817234	0.351461	0.741591	-0.040275	-0.463856	-0.586645	-0.617691	0.833273	-0.397362	0.010543	0.403612	-0.639294	-0.477295	-0.301689	-0.92677	0.559988	-0.900882	-0.013863	-0.033632	0.999761	-0.709474	-0.731646	0.840663	0.706938	0.75358	0.103106	0.126947	0.716679	-0.178332	-0.747345	0.518478	-0.476287	0.531907	0.518152	0.541738	-0.84229	-0.040343	-0.961871	0.170784	0.238761	-0.34508	-0.882922	-0.850209	0.01293	-0.409246	0.04549	
0.778848	0.031086	0.163508	0.490891	-0.896063	-0.608349	0.129218	-0.984181	0.570394	0.353453	0.041108	0.38761	0.888693	-0.419662	-0.637126	0.624845	-0.963739	-0.598666	-0.703221	-0.527795	0.626799	-0.048089	-0.094121	0.515536	-0.969947	0.446962	0.631521	-0.615793	-0.427816	0.138176	-0.371312	-0.419467	-0.245932	0.336192	0.236882	-0.98447	0.606329	-0.190556	0.05325	0.015832	0.353699	-0.605791	0.148758	0.89977	-0.986274	-0.311069	0.450835	-0.58601	-0.576102	0.883469	
0.632131	0.909532	-0.415636	-0.093732	0.239525	0.966489	0.516394	-0.041278	-0.233107	0.068712	-0.680674	0.940142	0.177929	-0.714046	0.071469	0.478351	0.045444	0.760095	0.376076	0.520369	0.983521	-0.505754	0.206433	-0.177986	-0.639842	0.231351	0.549177	-0.583661	-0.303293	-0.945969	-0.430961	-0.331286	-0.980411	0.191031	0.547776	-0.729363	-0.263752	-0.274556	-0.437981	-0.827365	0.559648	-0.684516	0.944895	0.61264	-0.3124	-0.127749	0.424861	0.49739	-0.154119	0.122236	
0.565178	0.400773	0.512965	0.373554	0.020304	0.258063	-0.580982	-0.476442	-0.528371	0.154841	-0.45427	-0.625933	0.071647	-0.303186	-0.170153	-0.995774	0.013065	0.950455	-0.733513	-0.147533	-0.439356	0.117349	-0.950005	-0.508208	0.401485	0.394033	0.331693	0.906709	0.154344	-0.62174	-0.340165	-0.133008	0.608002	-0.580095	-0.451144	0.380835	-0.875287	-0.274792	0.450929	-0.188802	0.287561	-0.107676	0.921756	0.082478	-0.61183	-0.128467	0.379473	-0.120564	0.133359	0.916335	
-0.972305	0.395617	0.310679	0.666734	0.664067	-0.740853	-0.197855	0.435311	0.61174	0.992224	0.997715	-0.736861	0.054533	-0.033849	0.96759	-0.567939	-0.589664	0.819525	0.335114	-0.446278	0.894081	0.880459	0.969506	0.317731	0.334941	-0.211427	-0.045993	-0.626051	0.855915	-0.219268	-0.472588	-0.933127	0.281605	-0.548618	-0.18731	-0.23622	0.636909	0.534266	-0.339819	0.725636	0.49361	0.479464	0.929312	0.271061	0.691476	-0.007959	0.507102	0.20441	-0.947935	0.553003	
0.019836	0.018016	0.015273	0.016519	0.038623	0.02904	0.004989	0.005923	0.022165	0.029792	0.014268	0.009617	0.026818	0.019588	0.019246	0.006501	0.008999	0.019184	0.015318	0.030498	0.021839	0.002449	0.004391	0.006418	0.013774	0.002203	0.012297	0.020558	0.034172	0.015218	0.034476	0.02014	0.022339	0.029924	0.032564	0.026639	0.032877	0.034883	0.025585	0.008968	0.031772	0.015515	0.036231	0.0164	0.014803	0.018381	0.032243	0.038129	0.001767	0.022832	
0.033632	0.002229	0.010208	0.031277	0.024285	0.001521	0.031118	0.007231	0.020196	0.001608	0.040942	0.003083	0.022137	0.012673	0.010471	0.027038	0.04326	0.005669	0.025343	0.035575	0.033095	0.042677	0.009992	0.014253	0.036256	0.044131	0.012619	0.012734	0.007628	0.03577	0.018788	0.029969	0.023059	0.012383	0.013217	0.025944	0.003578	0.012579	0.034333	0.014364	0.017379	0.001607	0.002576	0.013482	0.014163	0.016366	0.042675	0.008499	0.030364	0.026024	
0.006884	0.022489	0.019692	0.027944	0.014889	0.005274	0.002358	0.010458	0.009784	0.025425	0.035521	0.034957	0.035803	0.017692	0.026617	0.029376	0.000792	0.034606	0.031936	0.030059	0.024663	0.034985	0.02256	0.005762	0.023651	0.022534	0.008704	0.003768	0.024342	0.030203	0.018423	0.035029	0.026252	0.021212	0.035759	0.0016	0.032521	0.028523	0.010642	0.015557	0.002857	0.02956	0.014044	0.030265	0.01187	0.009135	0.006507	0.023059	0.012791	0.010666	
0.008269	0.034198	0.029474	0.03203	0.015043	0.008676	0.023727	0.025016	0.034099	0.031964	2e-06	0.003329	0.025765	0.034858	0.02017	0.033804	0.026724	0.013172	0.001116	0.007343	0.035756	0.006051	0.030087	0.006135	0.023996	0.029308	0.013267	0.000895	0.003367	0.035971	0.020384	0.03255	0.005897	0.033465	0.036458	0.010155	0.012117	0.028123	0.034319	0.036505	0.001545	0.017412	0.03258	0.02797	0.012856	0.013219	0.009545	0.035818	0.005223	0.000247	
0.036952	0.010633	0.018112	0.016304	0.022708	0.029924	0.003452	0.017012	0.022688	0.036118	0.001113	0.017573	0.00755	0.036131	0.034597	0.038533	0.016904	0.039058	0.013739	0.028673	0.014622	0.019535	0.027249	0.036764	0.002627	0.004669	0.014782	0.038488	0.014798	0.004315	0.039127	0.013536	0.021532	0.010719	0.001164	0.010794	0.000219	0.03555	0.024871	0.032697	0.026574	0.023156	0.014869	0.024243	0.002392	0.012602	0.015092	0.001256	0.033607	0.030377	
0.005943	0.006961	0.013637	0.026775	0.030334	0.001983	0.036232	0.021837	0.036838	0.009872	0.02412	0.003516	0.016326	0.035632	0.017935	0.015611	0.019383	0.036825	0.034314	0.01251	0.026693	0.002945	0.029272	0.007749	0.024863	0.018875	0.019566	0.02132	0.026638	0.028239	0.033664	0.018758	0.008796	0.006998	0.020321	0.009106	0.033591	0.003842	0.012301	0.034624	0.006812	0.001856	4.1e-05	0.031576	0.030718	0.027748	0.012717	0.033433	0.030571	0.029783	
7.7e-05	0.024047	0.001906	0.039014	0.026141	0.039818	0.042606	2.9e-05	0.005442	0.009272	0.007297	0.029215	0.020437	0.013301	0.002739	0.027014	0.03197	0.009677	0.021077	0.026651	0.02947	0.02673	0.043437	0.037972	0.012009	0.005298	0.035852	0.029851	0.018769	0.038055	0.023195	0.01007	0.012678	0.007205	0.028869	0.003391	0.037549	0.012317	0.021078	0.014971	0.032204	0.020967	0.012465	0.010374	0.025275	0.0222	0.02652	0.00551	0.006368	0.011621	
0.019329	0.025598	0.022427	0.017445	0.019204	0.029027	0.008212	0.032392	0.008137	0.015522	0.029561	0.017392	0.025739	0.023682	0.017138	0.027683	0.027559	0.007875	0.024659	0.0083	0.029646	0.023727	0.031808	0.02908	0.002539	0.029709	0.009874	0.002764	0.024235	0.012926	0.028807	0.002092	0.008718	0.027639	0.008325	0.009873	0.022022	0.022321	0.001574	0.023779	0.018006	0.030676	0.034345	0.021562	0.03505	0.016044	0.033776	0.020715	0.021237	0.01025	
0.018569	0.032172	0.027064	0.031134	0.001169	0.017553	0.00733	0.015088	0.021902	0.015792	0.017619	0.011749	0.009605	0.025236	0.017688	0.030265	0.035534	0.032339	0.025656	0.004209	0.019899	0.016714	0.020835	0.035636	0.015308	0.008171	0.020791	0.030749	0.038464	0.0362	0.013782	0.038457	0.032043	0.001914	0.018898	0.003963	0.00655	0.035742	0.033873	0.018968	0.007038	0.024659	0.019263	0.008275	0.033002	0.010216	0.017991	0.002173	0.029176	0.003577	
0.031678	0.031199	0.011354	0.023917	0.033276	0.029861	0.026272	0.003653	0.021359	0.026675	0.018816	0.031376	0.022919	0.030428	0.026071	0.018462	0.019949	0.031699	0.005752	0.007376	0.006261	0.033353	0.016407	0.030477	0.003462	0.009965	0.032105	0.015264	0.013884	0.008186	0.019192	0.000417	0.008868	0.004876	0.013677	0.032186	0.003823	0.029377	0.020392	0.032141	0.01334	0.030698	0.028244	0.02332	0.015414	0.023649	0.033285	0.02818	0.006126	0.011339	
0.032528	0.027113	0.002517	0.027659	0.019742	0.017903	0.021179	0.010323	0.032191	0.029041	0.033374	0.024319	0.023047	0.003632	0.019518	0.022484	0.022229	0.02804	0.014812	0.009986	0.024114	0.030208	0.03105	0.002492	0.030477	0.018817	0.005592	0.002708	0.007926	0.036948	0.006725	0.000286	0.018639	0.009086	0.037414	0.014704	0.034425	0.035398	0.014588	0.013036	0.017536	0.020195	0.033573	0.0145	0.013517	0.014037	0.007346	0.017491	0.028693	0.036842	
0.017758	0.01979	0.01358	0.020028	0.026403	0.010859	0.00384	0.014519	0.001345	0.034633	0.035193	0.012539	0.029472	0.028849	0.013955	0.019095	0.00856	0.035401	0.013762	0.009707	0.019522	0.031201	0.012654	0.012941	0.006734	0.032906	0.037138	0.028228	0.016073	0.032398	0.030185	0.019881	0.023846	0.00295	0.03515	4.3e-05	0.036488	0.02885	0.022201	0.0014	0.015829	0.02665	0.037548	0.022715	0.03713	0.001761	0.001319	0.011119	0.03545	0.010402	
0.027785	0.012219	0.03371	0.025048	0.025113	0.024767	0.01831	0.017008	0.032769	0.011952	0.02082	0.015703	0.032904	0.032081	0.012524	0.022721	0.016002	0.009041	0.011196	0.018092	0.011053	0.00496	0.033281	0.024993	0.023232	0.026878	0.030496	0.01986	0.009091	0.030494	0.019035	0.004351	0.019656	0.006476	0.019764	0.021997	0.017408	0.036583	0.028919	0.001129	0.029593	0.02953	0.004176	0.000795	0.027116	0.026653	0.014172	0.026899	0.021385	0.01026	
0.020944	0.017819	0.036863	0.017874	0.016749	0.026053	0.013221	0.01845	0.008631	0.021622	0.002889	0.015466	0.013957	0.018123	0.003012	0.033439	0.009775	0.014509	0.016903	0.014505	0.018898	0.009574	0.003847	0.031701	0.023799	0.017274	0.038241	0.029784	0.018573	0.002263	0.025454	0.009752	0.026966	0.022454	0.037484	0.028774	0.003363	0.031919	0.01516	0.00042	0.036938	0.032857	0.038727	0.017373	0.016717	0.011328	0.02064	0.025316	0.03688	0.02672	
0.013268	0.020721	0.034698	0.023358	0.026218	0.018541	0.013416	0.021592	0.027038	0.018554	0.006568	0.023575	0.0259	0.026302	0.019858	0.024037	0.01048	0.030622	0.01337	0.012371	0.030126	0.027298	0.015135	0.006104	0.03018	0.015339	0.002146	0.015667	0.008131	0.02367	0.030391	0.030683	0.01464	0.00742	0.006697	0.029684	0.016214	0.014671	0.028473	0.032333	0.008233	0.032423	0.002533	0.028482	0.00298	0.032642	0.033768	0.019904	0.024221	0.019325	
0.015815	0.003464	0.040278	0.00096	0.026074	0.002305	0.019016	0.028807	0.02414	0.025245	0.018613	0.007595	0.011198	0.000601	0.024062	0.008081	0.032031	0.029219	0.018423	0.033159	0.006663	0.003321	0.019205	0.032584	0.035622	0.014032	0.028289	0.014949	0.014935	0.023897	0.030053	0.014211	0.033622	0.03924	0.025136	0.033953	0.003699	0.009556	0.011555	0.040442	0.026258	0.025725	0.033524	0.005142	0.008076	0.007558	0.025585	0.032328	0.002261	0.029493	
0.00744	0.000427	0.027021	0.02372	0.008802	0.033235	0.024205	0.020048	0.018828	0.009619	0.023375	0.031982	0.007259	0.018411	0.006726	0.025288	0.028673	0.003299	0.029062	0.030346	0.026675	0.004418	0.024086	0.00877	0.014351	0.039002	0.008395	0.006203	0.000928	0.032986	0.020055	0.030049	0.005075	0.022627	0.038024	0.01733	0.017257	0.023078	0.004384	0.03014	0.028627	0.002685	0.014894	0.018757	0.03714	0.039446	0.027208	0.018527	0.035017	0.0261	
0.015573	0.020179	0.014807	0.018654	0.005225	0.012186	0.01142	0.033123	0.003282	0.01517	0.004593	0.03452	0.012837	0.01513	0.024621	0.017868	0.031142	0.031798	0.033588	0.007448	0.033183	0.009	0.018267	0.003193	0.025358	0.003583	0.024626	0.031796	0.030639	0.024022	0.036467	0.004684	0.000828	0.036497	0.000824	0.028985	0.009921	0.028801	0.036943	0.02637	0.035287	0.009059	0.01139	0.031718	0.027332	0.02593	0.029756	0.009994	0.024774	0.017609	
0.000498	0.034591	0.019254	0.021114	0.028554	0.010307	0.043356	0.040771	0.020594	0.033712	0.01774	0.010127	0.016383	0.006596	0.007132	0.045312	0.00902	0.009407	0.008808	0.014005	0.008641	0.033659	0.02823	0.025662	0.039467	0.034637	0.03678	0.01242	0.024002	0.03385	0.018584	0.003249	0.000826	0.000534	0.00457	0.005859	0.043311	0.02221	0.036331	0.003144	0.018854	0.005339	0.015696	0.024425	0.033953	0.034912	0.001951	0.013349	0.006533	0.031741	
0.013571	0.029275	0.038964	0.01205	0.005577	0.02311	0.020993	0.017672	0.028877	0.005451	0.031072	0.036288	0.002996	0.033702	0.028114	0.000643	0.010555	0.012796	0.037837	0.021231	0.01567	0.001367	0.019121	0.009101	0.019992	0.02701	8.9e-05	0.005546	0.039445	0.024551	0.013528	0.029218	0.028411	0.028137	0.026079	0.013626	0.032328	0.031148	0.008159	0.015063	0.034117	0.032682	0.011459	0.021387	0.010292	0.012865	0.015138	0.020042	0.015745	0.02791	
0.000825	0.018736	0.03915	0.03831	0.027232	0.016451	0.014675	0.007291	0.016429	0.008226	0.039902	0.020024	0.033728	0.038376	0.001826	0.033847	0.001222	0.033942	0.0067	0.003817	0.006315	0.036674	0.009746	0.005946	0.030921	0.005158	0.001813	0.004603	0.026971	0.024181	0.034246	0.034455	0.03479	0.017508	0.010073	0.039525	0.015849	0.031426	0.00418	0.036769	0.025163	0.000828	0.034996	0.001619	0.007365	0.021221	0.01255	0.008151	0.037477	0.038772	
0.00187	0.023429	0.005391	0.011244	0.027369	0.029498	0.004574	0.037147	0.005996	0.019941	0.027415	0.026797	0.003124	0.01686	0.008949	0.01443	0.031608	0.030976	0.010358	0.024673	0.031573	0.007167	0.020065	0.011062	0.022425	0.039901	0.016414	0.008386	0.012262	0.026492	0.018253	0.041244	0.013025	0.025922	0.023634	0.01153	0.005415	0.031981	0.030599	3.6e-05	0.039478	0.020933	0.039206	0.015684	0.028137	0.033087	0.001817	0.015978	0.00481	0.041835	
0.011538	0.005502	0.009674	0.022243	0.007287	0.000185	0.007376	0.027727	0.004244	0.013813	0.002748	0.000999	0.012889	0.026032	0.024651	0.027977	0.008128	0.035921	0.004082	0.001747	0.040408	0.016025	0.035905	0.017669	0.031771	0.022578	0.000585	0.022216	0.044839	0.024685	0.041695	0.020987	0.030427	0.025977	0.035629	0.046766	0.029597	0.024773	0.012269	0.009631	0.020489	0.037338	0.00014	0.035929	0.007402	0.008198	0.02257	0.038926	0.001923	0.03789	
0.039318	0.03916	0.005877	0.013972	0.037428	0.036031	0.024566	0.011295	0.022169	0.009982	0.022198	0.020573	0.018753	0.036145	0.000519	0.037151	0.021735	0.01012	0.01438	0.016655	0.006868	0.008977	0.00174	0.005338	0.024073	0.01879	0.010433	0.025872	0.015469	0.014656	0.029263	0.020614	0.019011	0.033496	0.020034	0.038119	0.018785	0.007172	0.026643	0.020229	0.000214	0.038765	0.009148	0.025633	0.019833	0.020953	0.012976	0.011819	0.020311	0.036739	
0.012161	0.03078	0.029341	0.008606	0.006098	0.018288	0.023619	0.027238	0.00973	0.015852	0.006651	0.017919	0.030306	0.036354	0.033429	0.034887	0.023893	0.014405	0.015718	0.003316	0.014131	0.021512	0.005914	0.021602	0.006283	0.015496	0.035365	0.012794	0.005896	0.00859	0.030419	0.010595	0.035646	0.00809	0.033091	0.031092	0.003124	0.038281	0.032474	0.034017	0.037679	0.039196	0.005526	0.013553	0.013426	0.015528	0.028502	0.01177	0.001831	0.029986	
0.023921	0.014714	0.017876	0.009661	0.03562	0.005636	0.039156	0.034573	0.034106	0.007445	0.005938	0.025422	0.03955	0.022674	0.032378	0.007441	0.010758	0.001311	0.000608	0.028654	0.012925	0.023574	0.041935	0.012472	0.027064	0.006288	0.011297	0.021355	0.035235	0.031935	0.013925	0.02695	0.027862	0.034071	0.017335	0.014798	0.034354	0.009625	0.008173	0.041124	0.035318	0.043081	0.003446	0.005853	0.005654	0.011869	0.013179	0.008353	0.02225	0.001258	
0.024405	0.010602	0.017841	0.006092	0.010171	0.029231	0.025148	0.022103	0.035933	0.024086	0.003998	0.026882	0.01654	0.031944	0.002282	0.016465	0.022499	0.013484	0.023768	0.032696	0.014212	0.029926	0.004396	0.004374	0.033774	0.031181	0.034179	0.016871	0.034707	0.011951	0.031458	0.012396	0.030825	0.009055	0.027597	0.032438	0.016297	0.004888	0.033603	0.012309	0.033862	0.017319	0.012971	0.002788	0.016478	0.013189	0.017178	0.027525	0.014495	0.021588	
0.024536	0.017827	0.006569	0.029342	0.0033	0.011635	0.033789	0.021871	0.000542	0.03048	0.017887	0.038133	0.027952	0.025291	0.016986	0.002491	0.03586	0.015386	0.027606	0.031561	0.037149	0.000686	0.017311	0.026887	0.034084	0.01308	0.032377	0.036055	0.028045	0.033944	0.005792	0.02016	0.005576	0.004416	0.025513	0.024287	0.020321	0.007279	0.020725	0.01251	0.007599	0.024754	0.026624	0.027659	0.001423	0.01592	0.026902	0.00655	0.03486	0.002468	
0.008322	0.038244	0.009225	0.023992	0.005955	0.023056	0.015362	0.020593	0.004225	0.006592	0.020936	0.004091	0.01738	0.009842	0.007415	0.02441	0.002385	0.03307	0.021909	0.030833	0.028485	0.014547	0.008247	0.02721	0.0342	0.039075	0.023398	0.01394	0.036327	0.025803	0.012475	0.029482	0.035905	0.03699	0.020069	0.000288	0.009037	0.005004	0.010365	0.038969	0.02397	0.009816	0.031508	0.015717	0.010138	0.009829	0.038818	0.034633	0.02564	0.022278	
0.013086	0.024491	0.04023	0.038325	0.029335	0.025489	0.030259	0.002518	0.022565	0.000987	0.018338	0.018574	0.02034	0.023253	0.039217	0.04425	0.006609	0.005115	0.005789	0.016253	0.033484	0.017089	0.018328	0.006942	0.010022	0.009414	0.018616	0.037113	0.017103	0.013856	0.013499	0.003923	0.026074	0.006302	0.010802	0.002402	0.024131	0.010142	0.038607	0.042741	0.011194	0.015531	0.028532	0.036312	0.007238	0.01611	0.036107	0.012627	0.018568	0.032168	
0.017976	0.017962	0.020704	0.031479	0.031527	0.038577	0.014814	0.010838	0.004019	0.022453	0.02911	0.034657	0.001981	0.032662	0.032916	0.009898	0.027823	0.019229	0.034877	0.025726	0.011406	0.010994	0.002772	0.036369	0.010751	0.030927	0.004866	0.033186	0.034862	0.025823	0.001264	0.031177	0.010349	0.020233	0.015446	0.012496	0.002848	0.00938	0.026067	0.00959	0.010817	0.026192	0.016647	0.025066	0.024972	0.038295	0.032216	0.007787	0.003937	0.014037	
0.031547	0.033716	0.002213	0.033544	0.009388	0.021489	0.022679	0.014019	0.031421	0.032167	0.023185	0.025522	0.014544	0.028438	0.004054	0.020617	0.031269	0.010948	0.005833	0.033216	0.016009	0.023512	0.020836	0.023408	0.013438	0.020598	0.025209	0.024921	0.000304	0.002347	0.021192	0.029135	0.019187	0.003897	0.02169	0.007644	0.01243	0.019127	0.033513	0.030902	0.020416	0.0301	0.013247	0.033247	0.013581	0.011722	0.028805	0.018673	0.007131	0.02397	
0.004716	0.039515	0.019145	0.022181	0.037217	0.024053	0.036992	0.023442	0.028814	0.036068	0.001837	0.000631	0.004318	0.029622	0.020715	0.02955	0.026302	0.037677	0.010385	0.007279	0.024248	0.036426	0.023723	0.003532	0.012575	0.01497	0.015699	0.012953	0.007245	0.027651	0.034311	0.029954	0.016092	0.011446	0.006866	0.038236	0.02665	0.03028	0.003187	0.011074	0.001337	0.010327	0.023949	0.027324	0.014961	0.02885	0.015588	0.035084	0.002632	0.012371	
0.027521	0.029586	0.020691	0.005943	0.036221	0.019912	0.017265	0.033755	0.036983	0.032727	0.034267	0.037573	0.016693	0.003888	0.036778	0.036321	0.03011	0.010162	0.028533	0.016008	0.033983	0.020751	0.010907	0.025239	0.01411	0.009709	0.01598	0.002779	0.02407	0.033387	0.01842	0.007239	0.009807	0.00338	0.025782	0.00172	0.006197	0.033382	0.036209	0.008052	0.022483	0.01264	0.03847	0.026563	0.030229	0.008814	0.000356	0.000971	0.005942	0.001492	
0.036362	0.025081	0.003917	0.020417	0.037167	0.010947	0.012646	0.039684	0.034236	0.019611	0.017661	0.005964	0.002932	0.013504	0.039756	0.011376	0.003875	0.030828	0.038492	0.019436	0.032583	0.024354	0.019273	0.014063	0.031878	0.002764	0.00274	0.006194	0.036398	0.011087	0.028577	0.009468	0.023155	0.00837	0.02019	0.030655	0.02151	0.014042	0.02724	0.01883	0.013001	0.029297	0.036187	0.002438	0.007268	0.039041	0.011699	0.010155	0.035041	0.00861	
0.003066	0.032884	0.018695	0.023626	0.001369	0.015171	0.017014	0.027533	0.028156	0.035685	0.029135	0.027684	0.009272	0.03028	0.007335	0.016739	0.027743	0.001069	0.014772	0.028029	0.000897	0.029668	0.031316	0.030563	0.00815	0.014543	0.009127	0.007029	0.032719	0.000217	0.031081	0.007252	0.032458	0.033034	0.003786	0.019523	0.035562	0.025584	0.006875	0.03063	0.022994	0.01944	0.009292	0.033245	0.023924	0.021522	0.024505	0.008483	0.027807	0.023517	
0.033495	0.016358	0.009019	0.011533	0.025714	0.036617	0.034916	0.029724	0.009259	0.034675	0.029556	0.003093	0.004694	0.01491	0.012623	0.034889	0.019745	0.012438	0.033205	0.017709	0.030772	0.003401	0.012659	0.013052	0.016226	0.004753	0.022133	0.027158	0.0171	0.024581	0.017287	0.018464	0.029451	0.003407	0.006619	0.008387	0.021018	0.026217	0.024274	0.012861	0.025688	0.000281	0.035677	0.02281	0.030468	0.034885	0.020395	0.012103	0.023424	0.030277	
0.036507	0.033079	0.03433	0.011459	0.001982	0.025362	0.042999	0.023129	0.009942	0.027766	0.003119	0.019533	0.011764	0.001542	0.002607	0.01341	0.014862	0.010866	0.038247	0.004007	0.019361	0.028549	0.031822	0.034545	0.043994	0.00595	0.03147	0.016597	0.004955	0.025418	0.041939	0.005763	0.019131	0.003561	0.036191	0.033312	0.003789	0.041514	0.043394	0.000326	0.024101	0.01492	0.028072	0.004666	0.004261	0.007345	0.016176	0.044066	0.010215	0.008085	
0.019041	0.014377	0.03617	0.000374	0.021654	0.0099	0.039409	0.021627	0.016394	0.013499	0.033788	0.002136	0.018246	0.039122	0.003147	0.026127	0.002422	0.016375	0.02928	0.01698	0.04049	0.020575	0.031686	0.031069	0.031059	0.005251	0.023345	0.004412	0.019139	0.009506	0.006984	0.015972	0.005714	0.03546	0.025706	0.010577	0.035552	0.003552	0.03604	0.014723	0.008475	0.005892	0.037064	0.026335	0.038867	0.035154	0.030919	0.014068	0.010084	0.006262	
0.039219	0.01538	0.006612	0.032996	0.010784	0.031627	0.006093	0.037677	0.010913	0.035798	0.013858	0.002125	0.023077	0.023728	0.030173	0.028336	0.004124	0.029547	0.00687	0.033073	0.008289	0.019474	0.002909	0.03323	0.019189	0.005355	0.015005	0.031934	0.037418	0.015582	0.03885	0.03748	0.013872	0.00241	0.040104	0.039049	0.028888	0.000397	0.022964	0.03833	0.021842	0.005226	0.007931	0.014341	0.01329	0.009482	0.023175	0.01032	0.001189	0.020465	
0.017905	0.036231	0.019741	0.005894	0.016127	0.022124	0.035129	0.02259	0.029299	0.027685	0.037118	0.037494	0.010399	0.018048	0.036683	0.0287	0.019898	0.019704	0.024719	0.014378	0.009434	0.025001	0.002536	0.004027	0.012025	0.010835	0.02355	0.026513	0.016331	0.03713	0.014564	0.004478	0.006162	0.018478	0.014217	0.019338	0.026665	0.01895	0.029236	0.004887	0.023582	0.034445	0.033273	0.002708	0.024282	0.001813	0.018466	0.005537	0.02838	0.023291	
0.023038	0.022237	0.042307	0.012155	0.038335	0.011172	0.00492	0.045805	0.030387	0.017072	0.002281	0.042048	0.020991	0.014146	0.020282	0.008882	0.01533	0.005717	0.01183	0.03011	0.000985	0.000603	0.015408	0.002978	0.028787	0.011902	0.042149	0.012354	0.037066	0.020094	0.029902	0.017565	0.0038	0.0368	0.003622	0.043641	0.020903	0.0162	0.044168	0.005465	0.039041	0.001325	0.037407	0.01511	0.010562	0.003399	0.003236	0.018963	0.043733	0.013787	
0.00734	0.028025	0.028406	0.021361	0.033017	0.02168	0.035751	0.029775	0.032447	0.009062	0.013809	0.011322	0.009337	0.018552	0.015889	0.007811	0.016762	0.018719	0.009436	0.022755	0.022668	0.006112	0.011664	0.0036	0.033631	0.001196	0.012502	0.00692	0.012382	0.024235	0.032809	0.028662	0.032215	0.021324	0.025627	0.023657	0.027455	0.035916	0.027224	0.003121	0.035339	0.018592	0.018859	0.02038	0.037359	0.019479	0.010528	0.017313	0.026414	0.011561	
0.018866	0.003175	0.034905	0.038653	0.00854	0.018355	0.035968	0.004118	0.034204	0.032844	0.01592	0.01637	0.005039	0.02473	0.018499	0.010726	0.032608	0.012678	0.016473	0.028952	0.022094	0.03841	0.016633	0.003128	0.001593	0.015727	0.004436	0.008512	0.033311	0.015648	0.027592	0.023025	0.031161	0.037804	0.033056	0.00681	0.016955	0.000977	0.021031	0.002761	0.011917	0.026602	0.026086	0.022366	0.034278	0.020934	0.038379	0.016575	0.029652	0.000924	
0.005935	0.027988	0.0358	0.039931	0.037275	0.021638	0.015153	0.029457	0.031975	0.015207	0.029131	0.001741	0.004295	0.019482	0.009218	0.039462	0.02467	0.001483	0.042858	0.041684	0.027567	0.006023	0.000384	0.011586	0.008576	0.033149	0.040902	0.001349	0.015675	0.002362	0.012091	0.033649	0.015695	0.002382	0.022569	0.022788	0.01931	0.009224	0.010876	0.009846	0.037228	0.001428	0.013094	0.032383	0.019534	0.030357	0.021159	0.017459	0.017616	0.029356	
0.026634	0.01234	0.02479	0.02301	0.03545	0.029722	0.034024	0.024486	0.035261	0.007096	0.015012	0.007788	0.033924	0.006987	0.009476	0.034287	0.00162	0.023056	0.020708	0.026677	0.036496	0.001721	0.022669	0.014887	0.023363	0.032291	0.008977	0.007839	0.011452	0.027665	0.031032	0.032389	0.033642	0.006755	0.029463	0.024486	0.035044	0.030023	0.02955	6.2e-05	0.009125	0.016074	0.033905	0.006784	0.00321	0.000402	0.003668	0.023865	0.003932	0.026881	
0.017471	0.029066	0.035167	0.029175	0.010858	0.027352	0.005614	0.014247	0.005742	0.021798	0.023772	0.033418	0.023389	0.024965	0.030726	0.023046	0.000374	0.003467	0.025181	0.022981	0.031333	0.004541	0.012457	0.034831	0.013263	0.032775	0.01967	0.030466	0.016462	0.022329	0.030736	0.015018	0.028718	0.026389	0.024197	0.018863	0.021917	0.003488	0.034912	0.023097	0.008479	0.032579	0.00912	0.031993	0.004316	0.019193	0.012809	0.017397	0.001551	0.009292	
0.019933	0.010649	0.023068	0.005344	0.021072	0.028143	0.016021	0.019688	0.037567	0.012135	0.004243	0.017179	0.000573	0.003113	0.019416	0.026199	0.024141	0.002682	0.028266	0.005324	0.004976	0.009403	0.004897	0.018797	0.010451	0.015475	0.032195	0.022388	0.012224	0.018624	0.023443	0.040399	0.037035	0.006091	0.017059	0.026021	0.031015	0.040631	0.038946	0.012495	0.038214	0.028931	0.02362	0.030092	0.002452	0.033838	0.016253	0.039604	0.028673	0.011002	
0.028029	0.026077	0.023977	0.016511	0.009157	0.039013	0.010927	0.0325	0.003819	0.039539	0.00761	0.036761	0.036593	0.007494	0.036293	0.030185	0.026314	0.040047	0.026961	0.009915	0.018039	0.017738	0.030427	0.008244	0.023119	0.002133	0.011783	0.005952	0.003895	0.017728	0.017034	0.022773	0.004669	0.013955	0.027705	0.007309	0.006631	0.007691	0.003323	0.004669	0.025292	0.026936	0.020121	0.019889	0.005713	0.038793	0.029317	0.03926	0.019135	0.033005	
0.024525	0.010039	0.022186	0.03234	0.033059	0.012141	0.026863	0.034522	0.031602	0.031202	0.012799	0.010246	0.030284	0.007611	0.014238	0.0299	0.009248	0.016988	0.037599	0.00812	0.008537	0.033559	0.004512	0.016102	0.011362	0.022242	0.012433	0.008248	0.029997	0.034022	0.025116	0.017943	0.03448	0.020732	0.020479	0.034856	0.033006	0.034932	0.014266	0.030087	0.006331	0.002821	0.024269	0.000858	0.003457	0.007988	0.003164	0.027306	0.037546	0.003837	
0.035906	0.020558	0.008451	0.012754	0.007543	0.036492	0.017015	0.04328	0.020593	0.010084	0.009939	0.040629	0.019926	0.015836	0.001157	0.001696	0.022299	0.024515	0.006821	0.014866	0.041711	0.019512	0.03887	0.043215	0.010892	0.03571	0.003468	0.013217	0.031618	0.043221	0.004615	0.031443	0.025959	0.010134	0.001566	0.027184	0.006925	0.022036	0.002134	0.006331	0.014539	0.022906	0.042858	0.009471	0.025352	0.042533	0.009043	0.012361	0.002495	0.028321	
0.001502	0.011734	0.005842	0.03951	0.031824	0.020389	0.00244	0.024371	0.040696	0.016993	0.01387	0.002325	0.01874	0.002587	0.007603	0.01225	0.018715	0.017911	0.026757	0.038054	0.036531	0.027178	0.004464	0.000773	0.00756	0.035979	0.008624	0.004923	0.037003	0.028973	0.009715	0.042373	0.020858	0.006206	0.020598	0.0292	0.040454	0.009602	0.012508	0.024197	0.022308	0.017147	0.02964	0.013301	0.001716	0.026514	0.02356	0.039787	0.037591	0.026604	
0.036599	0.012252	2.4e-05	0.017033	0.007969	0.014587	0.021019	0.015396	0.031044	0.029821	0.026415	0.013793	0.039545	0.000959	0.023783	0.036026	0.008127	0.009313	0.017734	0.001259	0.021101	0.032217	0.033842	0.029245	0.024963	0.029642	0.019653	0.005443	0.028303	0.006949	0.023848	0.021942	0.015096	0.015696	0.024592	0.001745	0.017527	0.015699	0.021892	0.032011	0.003587	0.00894	0.004098	0.040637	0.036144	0.010396	0.035473	0.007115	0.034881	0.034625	
0.009875	0.024046	0.013331	0.013163	0.001253	0.018549	0.028618	0.026874	0.033156	0.000717	0.000989	0.03728	0.034127	0.025003	0.034627	0.01537	0.030809	0.029111	0.017382	0.037523	0.00531	0.026282	0.028625	0.009614	0.019522	0.008039	0.00801	0.029931	0.031429	0.021855	0.020266	0.034414	0.004751	0.021762	0.006242	0.010169	0.029217	0.004407	0.032472	0.02126	0.031206	0.02943	0.021325	0.01449	0.000402	0.016967	0.005776	0.017981	0.032299	0.024744	
0.031229	0.010482	0.00178	0.03107	0.038423	0.003764	0.016275	0.020347	0.034411	0.005719	0.041125	0.032123	0.040151	0.009629	0.0265	0.019346	0.024167	0.004681	0.01893	0.004941	0.024569	0.01949	0.02536	0.043302	0.028024	0.028986	0.032372	0.027293	0.021069	0.034779	0.006371	0.004848	0.01774	0.013852	0.017374	0.005821	0.014873	0.005747	0.016314	0.030081	0.007822	0.027399	0.042969	0.011885	0.006836	0.019124	0.020936	0.002833	0.003355	0.023483	
0.043796	0.024608	0.030396	0.014395	0.030874	0.00047	0.028855	0.004304	0.012112	0.028511	0.000594	0.026329	0.006026	0.010758	0.001745	0.019088	0.04636	0.036607	0.011612	0.007314	0.045563	0.01155	0.020644	0.014999	0.006463	0.031021	0.018027	0.034322	0.034338	0.018332	0.012187	0.031951	0.041663	0.013711	0.021387	0.02867	0.007303	0.034472	0.006827	0.029646	0.009803	0.022252	0.014441	0.00121	0.010637	0.005268	0.006329	0.010445	0.024392	0.047393	
0.009584	0.017085	0.040905	0.015264	0.008852	0.007773	0.024574	0.003221	0.038434	0.02291	0.023779	0.039249	0.031095	0.039274	0.025808	0.022698	0.009785	0.004059	0.032616	0.041007	0.000634	0.003728	0.009763	0.001953	0.009214	0.002785	0.017958	0.022076	0.034268	0.004216	0.040887	0.003832	0.011405	0.00577	0.024694	0.004494	0.040275	0.035925	0.024443	0.029718	0.032264	0.026231	0.022829	0.032443	0.027374	0.030239	0.026802	0.009719	0.00219	0.003899	
0.021441	0.029357	0.026766	0.036051	0.010438	0.009594	0.02725	0.027036	0.004206	0.02939	0.00498	0.03444	0.031398	0.028464	0.028298	0.029329	0.015792	0.011127	0.012524	0.014462	0.002363	0.017979	0.025532	0.019161	0.003593	0.016273	0.021086	0.033236	0.02415	0.021231	0.017437	0.017261	0.006189	0.034562	0.012845	0.027775	0.002921	0.026825	0.027824	0.025143	0.027538	0.005608	0.01824	0.008823	0.023955	0.021279	0.00457	0.024698	0.016647	0.032913	
0.002632	0.034161	0.030437	0.021351	0.035866	0.006751	0.031005	0.005492	0.006382	0.01367	0.025704	0.034092	0.032339	0.016427	0.035418	0.019141	0.016146	0.030567	0.028883	0.021266	0.000365	0.005231	0.022396	0.022493	0.015942	0.029879	0.006527	0.005945	0.026505	0.01078	0.02299	0.020794	0.025613	0.036009	0.00877	0.013035	0.025888	0.00217	0.013414	0.024551	0.021331	0.005663	0.029968	0.03578	0.005643	0.008743	0.035872	0.0224	0.01195	0.035623	
0.016514	0.010728	0.021163	0.03645	0.034211	0.00497	0.026838	0.04052	0.027431	0.014394	0.034636	0.00198	0.016957	0.0243	0.001326	0.017018	0.010118	0.037444	0.032484	0.007884	0.021508	0.03917	0.005967	0.00737	0.035739	0.03899	0.021259	0.003508	0.034034	0.010709	0.012058	0.003906	0.019854	0.026544	0.006738	0.020068	0.034739	0.022029	0.023695	0.003786	0.019416	0.038766	0.017415	0.012559	0.03699	0.02095	0.010516	0.003421	0.007735	0.023195	
0.037885	0.039874	0.028147	0.02176	0.013249	0.004461	0.030249	0.005796	0.025129	0.037366	0.016676	0.010901	0.032495	0.02157	0.022112	0.026408	0.009446	0.013835	0.031677	0.02846	0.02773	0.039385	0.008763	0.004312	0.003884	0.029829	0.002326	0.035205	0.031591	0.013905	0.012326	0.020579	0.014489	0.000431	0.010653	0.020212	0.016399	0.007376	0.011068	0.02379	0.026679	0.034841	0.005934	0.019308	0.038548	0.033354	0.023012	0.005787	0.014955	0.005833	
0.001026	0.02318	0.030306	0.000947	0.002289	0.031913	0.035665	0.023211	0.018415	0.029476	0.020634	0.008725	0.005066	0.001913	0.014614	0.006884	0.036088	0.021311	0.016991	0.03401	0.028826	0.028557	0.029076	0.030525	0.032228	0.030685	0.014538	0.0337	0.010673	0.030005	0.018374	0.004518	0.022835	0.0298	0.023628	0.029573	0.010944	0.02399	0.004708	0.024103	0.021591	0.027585	0.024185	0.006716	0.014801	0.012293	0.031189	0.014902	0.017983	0.004805	
0.026855	0.015208	0.00448	0.012477	0.031481	0.022098	0.016243	0.011481	0.003449	0.03453	0.033836	0.005609	0.030926	0.027632	0.023393	0.006452	0.043262	0.048715	0.015659	0.00055	0.01518	0.007029	0.013892	0.020322	0.021223	0.022683	0.017386	0.040781	0.002308	0.004023	0.037099	0.033231	0.005371	0.003721	0.024468	0.035011	0.004765	0.023971	0.006279	0.021726	0.009639	0.020467	0.035732	0.029413	0.011878	0.02512	0.025875	0.028792	0.016969	0.02131	
0.003162	0.035886	0.003742	0.022709	0.020251	0.042001	0.036111	0.000574	0.021532	0.000399	0.026702	0.023356	0.011238	0.003416	0.035398	0.007486	0.035576	0.010605	0.028892	0.010878	0.031176	0.001015	0.038503	0.01796	0.034989	0.007868	0.009788	0.002251	0.009548	0.026207	0.011198	0.02047	0.014593	0.006317	0.029521	0.040113	0.021335	0.009344	0.019368	0.03151	0.026527	0.00196	0.037962	0.029506	0.029503	0.011613	0.037904	0.030333	0.026408	0.005296	
0.034848	0.020351	0.014412	0.011709	0.018366	0.010324	0.02662	0.028498	0.005404	0.034955	0.003131	0.02155	0.0242	0.019907	0.035685	0.035464	0.029708	0.017259	0.020232	0.028188	0.029867	0.001589	0.024387	0.031224	0.019693	0.025055	0.022433	0.022166	0.030523	0.028398	0.037227	0.016704	0.00924	0.00373	0.012423	0.01342	0.000861	0.028348	0.0124	0.001381	0.006125	0.025602	0.00718	0.014608	0.022624	0.023708	0.015155	0.013146	0.034	0.025972	
0.021327	0.025728	0.017786	0.030732	0.035999	0.015514	0.038304	0.023705	0.008945	0.03368	0.033677	0.031794	0.038232	0.005803	0.014842	0.0333	0.00168	0.012165	0.005964	0.014695	0.010697	0.008488	0.025334	0.014821	0.010664	0.03056	0.018035	0.013671	0.000632	0.02882	0.011406	0.014896	0.032143	0.011177	0.031963	0.017247	0.010908	0.024186	0.025281	0.00117	0.021316	0.008862	0.00436	0.034727	0.021074	0.000845	0.011326	0.035022	0.037514	0.038983	
0.003856	0.023805	0.012995	0.027048	0.018255	0.015412	0.019292	0.009067	0.012457	0.010789	0.008199	0.033404	0.048533	0.01252	0.030051	0.006935	0.043163	0.029988	0.021231	0.025706	0.011632	0.012581	0.016413	0.00931	0.015686	0.029866	0.00532	0.034416	0.002243	0.032998	0.037337	0.03778	0.023685	0.028266	0.006856	0.040983	0.011449	0.000336	0.010953	0.041413	0.020008	0.041661	0.007261	0.032021	0.001678	0.00094	0.017891	0.01014	0.01182	0.034351	
0.013685	0.010294	0.01687	0.011032	0.012189	0.013476	0.033258	0.014285	0.006806	0.027263	0.040498	0.022343	0.004362	0.025784	0.019807	0.013845	0.027404	0.037777	0.032041	0.046242	0.00954	0.022563	0.032637	0.033364	0.044593	0.00356	0.026633	0.002151	0.023354	0.00542	0.030445	0.041421	0.000338	0.007851	0.020931	0.006288	0.012407	0.01741	0.001785	0.018332	0.007534	0.035662	0.030042	0.013309	0.03855	0.001521	0.023309	0.001419	0.039411	0.018959	
0.008618	0.032833	0.009622	0.003787	0.013819	0.010943	0.017163	0.013376	0.004808	0.025151	0.011314	0.024729	0.044404	0.018047	0.0326	0.023382	0.034821	0.032667	0.020878	0.012207	0.00412	0.027219	0.032125	0.006263	0.009116	0.005579	0.004622	0.016462	0.037878	0.021671	0.038909	0.012221	0.030894	0.025404	0.006012	0.015941	0.022111	0.022937	0.033404	0.044517	0.014361	0.043101	0.012659	0.005422	0.030643	0.006952	0.03502	0.004492	0.011599	0.023177	
0.013285	0.033953	0.009225	0.017002	0.040403	0.030694	0.029051	0.022317	0.021337	0.012157	0.015023	0.038005	0.011948	0.026431	5e-05	0.035921	0.00488	0.044647	0.004772	0.04109	0.033239	0.013332	0.014383	0.021997	0.020917	0.037211	0.00058	0.043457	0.003453	0.00344	0.004129	0.018761	0.030286	0.009072	0.017852	0.015687	0.026742	0.02691	0.014009	0.003811	0.04482	0.005158	0.02741	0.027942	0.023422	0.003669	0.030605	0.003833	0.015313	0.006369	
0.00472	0.014795	0.032331	0.016367	0.022146	0.031204	0.038511	0.032186	0.007533	0.035747	0.001101	0.006095	0.029018	0.031756	0.033918	0.0117	0.028652	0.006566	0.022673	0.025151	0.003546	0.015704	0.016861	0.021035	0.007479	0.038711	0.007314	0.001973	0.023512	0.035456	0.035771	0.010522	0.001703	0.019433	0.032907	0.005203	0.035818	0.018565	0.004109	0.036753	0.028579	0.005641	0.029907	0.021781	0.035428	0.02568	0.00741	0.005853	0.000883	0.034293	
0.011388	0.028077	0.007957	0.033646	0.001452	0.019277	0.007936	0.033084	0.014685	0.001347	0.025086	0.011111	0.01743	0.038826	0.024264	0.028718	0.025814	0.020365	0.013133	0.035531	0.041204	0.021526	0.016432	0.007873	0.023847	0.033456	0.030807	0.011727	0.000697	0.002331	0.010853	0.020288	0.032042	0.010426	0.042034	0.000696	0.035113	0.041279	0.028268	0.001708	0.034543	0.029591	0.021735	0.007507	0.029525	0.000338	0.011991	0.00432	0.030768	0.017948	
0.005537	0.016912	0.021012	0.035646	0.016702	0.012431	0.009373	0.037191	0.032673	0.014837	0.011253	0.001073	0.037328	0.018702	0.029273	0.017535	0.009678	0.017413	0.038584	0.021785	0.025388	0.007291	0.012159	0.001302	0.013743	0.027918	0.018312	0.020955	0.00298	0.030558	0.03797	0.028992	0.017388	0.009184	0.024887	0.014059	0.007696	0.030108	0.019445	0.020482	0.032631	0.01547	0.008507	0.021249	0.024066	0.004308	0.026909	0.017694	0.039048	0.034363	
0.011172	0.005118	0.009703	0.019825	0.004873	0.013839	0.021462	0.035141	0.035079	0.028832	0.032296	0.034813	0.025907	0.011767	0.002709	0.018945	0.017622	0.009505	0.027386	3.1e-05	0.002565	0.026873	0.034809	0.031266	0.034942	0.034574	0.005421	0.003624	0.035526	0.010532	0.032631	0.030627	0.006079	0.007905	0.02221	0.013382	0.027393	0.031374	0.033152	0.015178	0.011227	0.015356	0.035402	0.018751	0.033939	0.028186	0.014895	0.011747	0.012598	0.011811	
0.01226	0.026374	0.03635	0.0215	0.021299	0.026136	0.025029	0.007747	0.002484	0.027865	0.037208	0.017806	0.024468	0.035532	0.030266	0.000413	0.008878	0.028152	0.026002	0.008748	0.022856	0.028921	0.008856	0.028017	0.034398	0.009835	0.022618	0.00978	0.025982	0.027136	0.010486	0.031463	0.016477	0.001331	0.023419	0.035871	0.021961	0.018269	0.014178	0.000776	0.026795	0.00077	0.018003	0.02547	0.005813	0.022727	0.019934	0.027861	0.008375	0.027105	
0.041023	0.007007	0.041078	0.001294	0.000454	0.007272	0.012783	0.042583	0.000813	0.020942	0.035146	0.021905	0.025946	0.017912	0.008616	0.021914	0.012813	0.039986	0.010907	0.042327	0.033239	0.008863	0.010068	0.027143	0.011319	0.030329	0.011457	0.012158	0.032796	0.044039	0.015552	0.021573	0.036268	0.002893	0.00208	0.005166	0.038206	8.7e-05	0.013065	0.002164	0.031015	0.01153	0.033355	0.000275	0.009227	0.027246	0.026392	0.026985	0.026118	0.036671	
0.037721	0.003072	0.025982	0.033476	0.012503	0.028148	0.00979	0.004846	0.021415	0.025605	0.015516	0.017902	0.039943	0.029513	0.03907	0.001088	0.018302	0.019378	0.006273	0.040277	0.022188	0.025058	0.024588	0.003703	0.016276	0.018639	0.015541	0.03973	0.004365	0.020635	0.009595	0.03568	0.036369	0.007875	0.016205	0.02242	0.016403	0.011779	0.028422	0.022938	0.020791	0.013604	0.01457	0.0155	0.007146	0.018668	0.02004	0.002234	0.030086	0.029132	
0.039724	0.021512	0.031691	0.043811	0.013423	0.028442	0.030753	0.023671	0.030982	0.010792	0.024192	0.003381	0.0432	0.017531	0.00269	0.025586	0.011595	0.039885	0.010151	0.018751	0.036521	0.003949	0.036833	0.010718	0.00508	0.032656	0.040109	0.03693	0.039324	0.003646	0.015983	0.001725	0.022929	9.5e-05	0.005399	0.043212	0.021167	0.019777	0.005148	0.008377	0.002824	0.023205	0.011387	0.026783	0.029527	0.005037	0.010075	0.004272	0.021923	0.003626	
0.0038	0.02171	0.020182	0.032536	0.027368	0.010559	0.022002	0.01457	0.003648	0.036181	0.019526	0.013671	0.022163	0.030936	0.021947	0.035681	0.012818	0.004396	0.020389	0.034259	0.029737	0.022818	0.039756	0.015016	0.021294	0.031382	0.03955	0.016868	0.034707	0.039086	0.00052	0.001951	0.028444	0.007575	0.000274	0.010991	0.01416	0.003327	0.014589	0.000565	0.004399	0.014486	0.032936	0.021843	0.035474	0.022779	0.02947	0.006189	0.026471	0.025001	
0.035061	0.029016	0.031974	0.03657	0.02182	0.00286	0.02011	0.013227	0.014775	0.003018	0.031682	0.022028	0.025715	0.034914	0.002403	0.033107	0.007789	0.006308	0.003485	0.028382	0.001641	0.030948	0.004146	0.028971	0.013344	0.023631	0.025562	0.004119	0.022467	0.03322	0.031404	0.022587	0.010066	0.020884	0.000585	0.003878	0.028716	0.033611	0.027716	0.029974	0.016292	0.035151	0.000871	0.002608	0.034613	0.032347	0.003676	0.028601	0.020348	0.023779	
0.016681	0.022447	0.029236	0.030756	0.033019	0.031286	0.011875	0.023857	0.00271	0.024456	0.033634	0.024955	0.027802	0.003623	0.008681	0.036285	0.035173	0.002328	0.017082	0.001027	0.011353	0.029291	0.00292	0.01757	0.004817	0.034413	0.016812	0.005563	0.012574	0.026676	0.007028	0.032775	0.028901	0.029872	0.017484	0.011666	0.037293	0.012807	0.031466	0.008468	0.00608	0.036966	0.030112	0.022712	0.018987	0.035921	0.020947	0.002203	0.01631	0.0131	
0.037318	0.020366	0.000956	0.014736	0.018338	0.023465	0.023513	0.005805	0.028052	0.021835	0.024219	0.016483	0.035066	0.010459	0.030147	0.014574	0.025323	0.035881	0.015571	0.006519	0.005363	0.021918	0.008726	0.025182	0.004361	0.010726	0.036291	0.034075	0.03368	0.009304	0.035647	0.002962	0.005574	0.031833	0.026793	0.01323	0.037418	0.005896	0.000795	0.02509	0.005606	0.019894	0.033057	0.024705	0.03163	0.012857	0.005041	0.032915	0.03017	0.020635	
0.023983	0.015881	0.004494	0.028002	0.028964	0.025656	0.014273	0.023852	0.017346	0.024362	0.034518	0.01846	0.02002	0.006102	0.034817	0.012302	0.026865	0.020954	0.031974	0.02234	0.03543	0.005176	0.002646	0.015958	0.0075	0.013655	0.018121	0.023085	0.020936	0.026502	0.034403	0.034741	0.014431	0.031663	0.015412	0.006835	0.014316	0.02995	0.013387	0.020805	0.005391	0.016808	0.034105	0.00775	0.035282	0.013203	0.017263	0.017754	0.010789	0.021538	
0.009933	0.016044	0.021698	0.032226	0.030909	0.013193	0.02348	0.03478	0.028311	0.005009	0.034243	0.006787	0.027946	0.026574	0.008503	0.041335	0.026714	0.00995	0.020047	0.031339	0.029233	0.019178	0.016871	0.00208	0.02492	0.00506	0.003249	0.009936	0.027182	0.010173	0.028019	8.8e-05	0.016952	0.033728	0.032603	0.017299	0.040153	0.010758	0.011649	0.029876	0.003823	0.011695	0.027392	0.013395	0.036918	0.012224	0.008307	0.016789	0.021937	0.029492	
0.01833	0.034079	0.034083	0.004351	0.031674	0.02191	0.009542	0.021437	0.014862	0.012689	0.007219	0.018145	0.031821	0.011147	0.00383	0.032266	0.003758	0.033491	0.035226	0.027365	0.009472	0.014511	0.012395	0.004903	0.03333	0.022246	0.030464	0.006266	0.019634	0.013125	0.027003	0.035918	0.036782	0.025439	0.021491	0.030671	0.0298	0.015491	0.017737	0.008518	0.022207	0.026235	0.02154	0.03281	0.023066	0.01583	0.012992	0.000171	0.021465	0.001263	
0.012484	0.010748	0.014967	0.002258	0.028089	0.011107	0.022143	0.025921	0.027046	0.015527	0.035676	0.023429	0.014239	0.015482	0.014687	0.035434	0.004309	0.000852	0.026431	0.027942	0.01223	0.035347	0.001503	0.014699	0.036422	0.018215	0.001638	0.034655	0.016329	0.020058	0.026786	0.022188	0.035626	0.027859	0.004349	0.014107	0.008966	0.035617	0.005023	0.035584	0.017744	0.024556	0.027516	0.030129	0.012784	0.031212	0.029506	0.012729	0.004467	0.033385	
0.039151	0.019495	0.037288	0.016015	0.009119	0.019169	0.020498	0.026252	0.026349	0.013073	0.000687	0.002185	0.01287	0.041456	0.030202	0.035852	0.030613	0.003409	0.014278	0.039607	0.005327	0.005283	0.025938	0.036412	0.037323	0.012021	0.002519	0.009665	0.005903	0.031226	0.017464	0.005487	0.014774	0.008618	0.031681	0.02977	0.005591	0.017083	0.028767	0.005721	0.016473	0.012701	0.006284	0.008157	0.018823	0.030482	0.041134	0.033194	0.028425	0.030186	
0.008381	0.02559	0.027308	0.019685	0.000857	0.028147	0.001397	0.003293	0.009648	0.002087	0.033307	0.005777	0.020359	0.038004	0.022802	0.035396	0.030782	0.037935	0.028918	0.030988	0.035815	0.037683	0.002854	0.031522	0.035534	0.021407	0.033564	0.011772	0.02575	0.016696	0.00459	0.010239	0.029032	0.03263	0.005599	0.033929	0.008348	0.017502	0.012455	0.021195	0.019805	0.013631	0.029425	0.002838	0.008886	0.016197	0.015289	0.038115	0.003663	0.013374	
0.001498	0.029105	0.027004	0.012856	0.002321	0.007487	0.034209	0.030701	0.017316	0.028505	0.021379	0.012495	0.024486	0.003679	0.025175	0.010573	0.035376	0.034642	0.009607	0.015439	0.021998	0.036123	0.005805	0.03622	0.04297	0.003584	0.016592	0.014202	0.034261	0.020108	0.01297	0.030292	0.015318	0.025946	0.041814	0.035817	0.001909	0.006741	0.016457	0.030164	0.001437	0.001482	0.02135	0.007526	0.034979	0.011425	0.007932	0.023391	0.033776	0.023558	
0.00951	5.8e-05	0.03406	0.018139	0.011133	0.033251	0.035656	0.021447	0.010814	0.024154	0.02198	0.015247	0.040733	0.024309	0.025794	0.014269	0.02186	0.038064	0.022872	0.016857	0.020091	0.001906	0.012617	0.001052	0.018713	0.037278	0.02059	0.001502	0.034521	0.011851	0.014239	0.012672	0.017087	0.01056	0.00421	0.04039	0.000688	0.032781	0.031125	0.002645	0.012042	0.033152	0.025711	0.025986	0.019343	0.033274	0.031393	0.036292	0.007026	0.009056	
0.00916	0.015883	0.008138	0.035873	0.035784	0.010115	0.0178	0.036602	0.022903	0.040308	0.000674	0.028074	0.002934	0.014796	0.000177	0.0133	0.000733	0.014514	0.008165	0.02982	0.014476	0.041563	0.041957	0.025516	0.021528	0.03178	0.008889	0.026325	0.040921	0.025579	0.030831	0.006308	0.007765	0.017139	0.018436	0.001649	0.038777	0.02446	0.0423	0.004772	0.019282	0.017954	0.012309	0.002925	0.017531	0.030724	0.019783	0.02474	0.013548	0.02448	
0.004691	0.03699	0.017346	0.012561	0.005399	0.012058	0.004518	0.015692	0.021357	0.018575	0.031408	0.035238	0.023086	0.003819	0.023327	0.03088	0.013109	0.030437	0.004499	0.041953	0.00359	0.019362	0.003731	0.038578	0.037153	0.01654	0.022685	0.015043	0.007998	0.010015	0.00191	0.037039	0.01485	0.004567	0.034704	0.03257	0.004577	0.007815	0.012635	0.004145	0.038682	0.035976	0.031207	0.03005	0.023149	0.034937	0.039867	0.014842	0.003962	0.030878	
0.034026	0.009768	0.022508	0.009552	0.030333	0.033019	0.016677	0.003618	0.026753	0.016281	0.032981	0.037637	0.02878	0.009435	0.027369	0.032145	0.019318	0.022289	0.027252	0.0003	0.003579	0.005557	0.002144	0.033248	0.002486	0.003374	0.024139	0.006627	0.009093	0.015699	0.020892	0.027722	0.017686	0.029764	0.006256	0.013545	0.016187	0.021236	0.001396	0.029632	0.037904	0.002353	0.03868	0.035791	0.019235	0.039137	0.034158	0.010941	0.029241	0.022257	
0.021871	0.006979	0.009966	0.027134	0.040878	0.002429	0.002727	0.006773	0.001304	0.02729	0.028252	0.023022	0.014055	0.003531	0.035683	0.010603	0.027769	0.030098	0.031257	0.003642	0.038963	0.019393	0.03544	0.030959	0.023305	0.037975	0.014624	0.015056	0.002761	0.038476	0.008559	0.021772	0.028368	0.031042	0.016211	0.022584	0.002314	0.018014	0.037381	0.020373	0.02003	0.004486	0.004766	0.030713	0.038965	0.004249	0.03648	0.007075	0.006868	0.027535	
0.032467	0.021265	0.029586	0.013354	0.029757	0.012096	4.3e-05	0.011059	0.031015	0.015844	0.032909	0.028561	0.019086	0.027972	0.025254	0.02646	0.023324	0.029442	0.015915	0.009033	0.023969	0.023133	0.005842	0.029523	0.010013	0.028455	0.027169	0.006104	0.017845	0.023332	0.029745	0.026025	0.030655	0.008298	0.002996	0.004411	0.012319	0.030207	0.021855	0.021155	0.022111	0.023017	0.027752	0.01588	0.031001	0.018794	0.017678	0.001561	0.015855	0.008858	
0.006014	0.019811	0.009462	0.035196	0.032693	0.004328	0.01088	0.038679	0.030308	0.03781	0.023898	0.015446	0.025457	0.006775	0.023887	0.033878	0.038385	0.005868	0.019204	0.017506	0.021469	0.002971	0.019177	0.027861	0.015154	0.013277	0.028154	0.005795	0.039661	0.019802	0.005553	0.04254	0.015885	0.022377	0.043908	0.01268	0.018114	0.018296	0.028792	0.0244	0.01698	0.002415	0.039003	0.00161	0.001717	0.004092	0.021722	0.026558	0.011955	0.012597	
0.007342	0.034836	0.026876	0.02431	0.010608	0.015979	0.01378	0.002277	0.017179	0.024557	0.000398	0.035946	0.01151	0.019002	0.010034	0.008895	0.007246	0.006791	0.017513	0.000796	0.03638	0.026642	0.023948	0.003398	0.029904	0.025912	0.025695	0.037351	0.005418	0.021546	0.030245	0.020852	0.024446	0.03578	0.030813	0.034658	0.014222	0.003173	0.014632	0.039242	0.025693	0.012442	0.013148	0.031112	0.020717	0.010143	0.014138	0.037786	0.031128	0.023561	
0.036849	0.038101	0.024059	0.01068	0.00865	0.026503	0.036375	0.000907	0.034585	0.02289	0.000403	0.024355	0.001543	0.026715	0.023317	0.002719	0.038428	0.033758	0.024957	0.023464	0.005316	0.016469	0.015387	0.0033	0.028558	0.036285	0.037952	0.03824	0.02059	0.01746	0.019108	0.012236	0.035241	0.014789	0.022959	0.012716	0.032913	0.015498	0.011074	0.000791	0.01798	0.024794	0.007213	0.024167	0.002399	0.014121	0.003323	0.002634	0.038652	0.028577	
0.029135	0.004484	0.034113	0.032583	0.026246	0.003623	0.009941	0.013146	0.030728	0.034038	0.002056	0.034621	0.012557	0.011279	0.026759	0.03356	0.033664	0.023948	0.032456	0.024778	0.033724	0.033113	0.025311	0.001179	0.020225	0.00772	0.034161	0.011664	0.01138	0.003966	0.019239	0.030389	0.008215	0.026227	0.003353	0.034751	0.008361	0.007738	0.026344	0.031336	0.022936	0.012635	0.001841	0.017345	0.009771	0.013635	0.031004	0.024864	0.001652	0.032206	
0.021727	0.018661	0.028206	0.012434	0.03397	0.030398	0.024915	0.007425	0.029814	0.03185	0.006471	0.013233	0.004885	0.006576	0.012944	0.012904	0.02608	0.008887	0.018955	0.017866	0.000757	0.019261	0.029663	0.016298	0.016273	0.027964	0.035106	0.011571	0.032268	0.029879	0.019851	0.021057	0.036537	0.008255	0.007191	0.009744	0.027186	0.028859	0.014815	0.005288	0.018275	0.000533	0.035789	0.031642	0.036597	0.021383	0.014448	0.029583	0.027349	0.018377	
0.99