50
2
0.065618	-0.010361	-0.607634	0.824729	-0.650681	0.043565	-0.108224	0.51111	-0.598736	-0.166889	0.442888	-0.959585	0.678034	0.834809	-0.27072	0.644094	0.24046	-0.540319	0.875311	0.880323	-0.295674	-0.581182	-0.638216	0.90088	-0.704108	-0.684602	-0.467327	0.415381	-0.758958	0.062197	0.372013	-0.269333	-0.003033	-0.166569	0.459967	0.167347	-0.192919	0.704925	-0.61249	-0.901415	0.992485	-0.744756	0.645755	-0.868143	0.603601	-0.892985	-0.227074	-0.674095	-0.100508	0.036039	
0.220906	0.921012	-0.469575	-0.566248	0.535939	-0.430589	0.722753	0.138365	-0.212009	0.963144	-0.44808	-0.686111	0.76709	-0.67023	0.575134	-0.360599	0.261666	0.678698	-0.7354	-0.875268	-0.219848	0.385202	0.458992	-0.118184	-0.108451	0.049064	-0.708099	0.763737	0.642	-0.317988	-0.271258	0.669625	-0.195349	0.891327	0.95953	0.510776	-0.097078	0.013282	-0.016251	-0.056852	-0.636011	0.465231	-0.230389	0.676979	0.905323	-0.645026	0.970033	-0.129382	-0.805788	0.520326	
-0.18388	0.846639	-0.436622	-0.651724	0.506743	-0.664105	-0.878527	0.874153	0.236322	-0.498451	0.803295	0.461242	-0.526379	0.508362	-0.64457	-0.492291	-0.080323	0.851099	0.312288	-0.013117	0.102402	0.561896	-0.11712	-0.804829	0.130806	-0.247373	0.844846	0.922481	0.383589	0.323266	-0.476124	-0.896769	-0.639662	0.732441	-0.895782	-0.214487	0.799005	-0.006498	-0.738024	-0.285147	0.505116	0.45323	-0.455589	0.964384	0.64779	0.738508	-0.430794	0.381904	0.119823	0.821963	
-0.893209	0.393373	0.186226	-0.300986	0.935865	0.936935	0.300561	0.739549	0.343051	0.970552	0.270662	0.942191	-0.432523	-0.381437	-0.995665	-0.213565	0.712934	-0.232946	0.015928	0.956782	-0.549127	-0.894742	-0.094483	-0.158705	0.743321	0.458828	0.791863	0.325363	-0.446655	-0.111894	-0.340941	0.56635	0.10706	-0.600981	-0.693227	-0.606839	-0.430205	0.210515	-0.92169	0.989748	-0.745706	-0.79401	-0.099192	-0.315031	0.069863	-0.425877	-0.913341	-0.203854	-0.91583	-0.784274	
0.52209	-0.341823	0.647775	-0.291507	0.71334	-0.465735	0.156471	-0.033197	-0.007515	-0.034576	-0.388288	0.763225	-0.019065	0.15486	0.932998	0.560135	-0.947773	-0.876097	0.16236	-0.818323	0.076404	0.057426	-0.977451	-0.013768	-0.686005	-0.357886	-0.791541	-0.879878	-0.86032	0.649033	0.801455	0.431452	-0.649812	0.6164	0.031124	0.051045	0.65008	-0.739576	-0.495135	-0.709613	0.291805	0.729909	0.738314	0.211595	-0.558713	-0.712105	-0.785737	0.822533	0.946537	-0.333726	
0.150812	0.110664	0.501949	-0.248103	-0.811954	-0.564006	-0.030555	-0.232439	-0.658247	0.313473	-0.928135	-0.437301	0.399015	-0.663923	-0.222628	-0.683599	0.866241	0.369538	-0.791194	0.458696	-0.088844	-0.790779	-0.72349	0.62682	0.440254	0.675872	-0.432566	-0.654545	0.420833	0.783608	-0.812662	-0.590503	0.713883	-0.238743	0.163288	-0.399485	0.589104	-0.908548	-0.671967	-0.28256	0.597621	0.079521	-0.236682	-0.703377	0.278816	0.324938	0.704548	-0.710949	-0.994082	0.694442	
0.436156	0.929969	0.05196	-0.050526	-0.40168	-0.946779	-0.485188	0.279662	-0.275204	0.938145	0.202269	-0.775921	-0.232986	0.87771	0.969193	0.607425	-0.876207	-0.079583	0.444617	-0.020878	-0.174737	-0.549396	-0.554224	-0.679509	-0.098687	-0.600233	0.740998	-0.901971	-0.151887	0.893118	-0.253408	-0.790547	-0.700217	-0.557588	-0.789906	0.790039	-0.026591	0.491175	-0.345768	-0.276733	0.943018	0.49274	0.338169	-0.239186	0.74612	-0.901499	-0.537953	0.143631	-0.272609	0.131367	
0.438682	-0.84376	0.914162	-0.921056	0.137697	0.953768	0.961789	0.484166	0.281963	-0.473504	0.521627	-0.709738	0.285515	0.228447	-0.441316	0.936627	-0.670817	-0.056996	0.311496	-0.452886	-0.511756	0.794585	-0.266931	0.044828	0.738288	0.067595	0.938472	-0.523491	-0.947075	-0.319284	-0.079119	-0.051269	0.870884	-0.096566	-0.268113	-0.973551	-0.710662	-0.570702	-0.889419	-0.222383	0.371188	0.310007	0.827664	-0.28529	-0.198334	0.215757	-0.049578	0.269419	-0.18209	0.909967	
-0.179263	0.041778	0.110601	0.451682	0.514206	-0.184739	-0.630507	-0.850317	-0.699849	0.562709	-0.101365	-0.986141	-0.20722	-0.127986	-0.755693	0.938172	-0.893931	-0.942889	0.06186	-0.5389	-0.083866	0.281976	0.338442	-0.092553	-0.352627	-0.553626	-0.500248	0.123486	-0.486695	0.019461	0.279221	0.868815	0.400397	-0.91201	-0.821076	-0.039536	-0.531551	0.705914	-0.090188	-0.437134	0.240716	0.102535	-0.850679	0.431135	0.892662	-0.092049	0.114913	0.848452	-0.327255	0.042291	
0.6398	-0.183549	-0.833845	-0.313692	0.573151	0.796345	0.977487	-0.253228	0.353057	-0.504838	0.103265	-0.214905	0.929166	0.811166	-0.494224	0.206023	-0.389937	0.749315	0.021141	-0.102218	-0.275196	0.914951	-0.890068	0.652933	-0.409883	-0.088393	0.692021	0.147483	-0.15448	-0.711936	0.372308	-0.579621	0.302002	-0.157266	-0.272938	0.724201	0.194347	-0.274869	0.312353	0.842785	-0.686909	0.420214	0.27876	-0.942743	-0.322848	0.542928	0.381656	0.701084	0.419663	0.849808	
0.114196	-0.666872	0.144007	0.762967	-0.662477	-0.358292	0.247014	-0.069744	0.661223	0.875661	0.193068	0.031666	0.798845	-0.284612	-0.010597	0.390061	-0.853058	-0.927716	0.847009	0.859631	0.06376	0.997921	0.080269	-0.244878	-0.762957	-0.707073	0.449265	-0.573292	0.816078	-0.828773	0.123044	-0.559648	0.0973	0.219337	0.34043	0.283272	-0.232692	-0.932676	0.552945	-0.728253	0.159287	0.888437	0.898711	0.199238	-0.62776	0.599738	0.639258	-0.56608	0.877098	-0.576575	
-0.100876	0.384595	-0.955214	0.844097	-0.728846	-0.040302	-0.136728	-0.089187	-0.943396	0.877887	0.089514	-0.961978	-0.028518	-0.133867	-0.494694	0.150656	0.402417	-0.912157	-0.078351	0.379214	-0.35854	0.008392	0.281966	-0.585788	-0.938049	-0.88919	-0.952931	0.248202	0.745469	-0.715776	-0.010978	-0.661622	-0.200875	-0.52566	-0.869344	-0.775958	0.949891	-0.174541	-0.156616	0.489941	-0.312072	-0.120931	0.389189	0.085992	0.986201	0.220219	-0.469808	0.681482	-0.160039	0.701957	
-0.319842	-0.727545	0.883144	0.222685	-0.856431	0.349483	0.57258	0.941189	-0.371221	-0.009933	0.54953	-0.522358	-0.403507	-0.789225	0.194078	-0.605958	0.048847	-0.708414	-0.351754	0.979855	-0.935519	-0.553059	0.19342	-0.514515	-0.731057	0.249473	-0.467289	-0.859307	-0.938959	-0.34151	0.774879	0.904706	0.789773	0.25509	0.538193	-0.447756	0.622012	0.722466	-0.579021	0.632328	0.367263	0.98315	0.146256	0.340723	-0.865292	-0.187117	-0.188367	0.522404	-0.619971	0.775427	
-0.77148	-0.235638	-0.415928	-0.323435	0.31549	-0.206603	0.89886	-0.439089	0.539525	0.587194	-0.846114	-0.25053	0.132075	-0.948315	0.166711	0.088268	0.076332	0.718801	-0.945106	0.830608	-0.319587	0.224631	-0.355549	0.697863	-0.892241	0.530022	0.928337	0.141764	0.005671	-0.856215	-0.793683	-0.186126	0.329123	-0.331812	0.973037	-0.723849	-0.882156	0.714459	-0.43957	0.683219	0.378698	-0.24585	0.619764	-0.547408	-0.493744	-0.583587	0.060173	0.207576	0.59314	-0.686263	
0.835571	0.773974	0.619856	-0.047947	-0.384792	0.702249	-0.246597	-0.16451	-0.707635	0.221937	0.738031	0.521237	-0.09112	0.306993	-0.826343	0.09047	0.699566	-0.489526	-0.993504	-0.740499	-0.433892	0.610167	0.576337	0.407551	0.25674	0.022026	-0.277688	-0.871845	0.053754	-0.530488	-0.263587	0.244633	-0.733136	-0.902089	-0.862081	-0.248386	0.94647	-0.305566	0.195036	-0.147962	0.416744	-0.755124	-0.317499	0.205665	-0.949407	0.842577	0.761244	0.283135	0.22895	0.360118	
0.642144	-0.157923	0.471372	-0.53664	-0.643421	0.351045	-0.296177	0.732025	-0.252715	-0.320561	-0.717857	0.175488	0.12381	-0.573639	-0.191482	0.735197	-0.329227	0.234275	0.178704	-0.009926	-0.53627	0.74838	-0.439201	0.257421	0.90324	-0.374626	0.875724	-0.6361	-0.854269	0.669069	-0.006677	-0.235225	-0.213101	-0.712337	0.425934	0.909742	0.480622	0.523549	-0.443257	0.682713	0.45548	-0.52579	-0.445476	0.289954	-0.881014	0.479159	-0.785969	0.39054	-0.174256	0.561984	
0.555582	0.111936	0.780583	0.618886	-0.309115	-0.33519	0.277865	0.42275	0.274683	-0.55195	0.083635	0.601988	-0.775682	-0.807241	-0.959243	-0.940507	0.53848	-0.355915	0.376428	-0.533052	-0.383095	-0.792107	-0.002039	-0.133555	0.864696	-0.017225	-0.382068	-0.548896	0.305451	-0.073084	0.665341	0.767294	0.558534	-0.916702	-0.301647	0.008247	0.321118	0.798935	-0.705158	0.911513	-0.958599	0.053111	0.565934	-0.161361	0.692418	0.210225	-0.578617	0.145986	-0.362956	-0.389317	
0.979587	0.183801	-0.086145	-0.487637	0.31877	0.047355	-0.00429	0.074945	0.577654	0.524137	0.128829	0.033345	0.540612	-0.122152	-0.809582	-0.27945	0.966242	-0.712644	-0.398291	0.813572	0.845105	-0.816107	0.30464	-0.043971	0.145451	-0.843522	0.603949	0.618543	-0.63997	0.612932	0.921303	-0.836785	-0.925654	-0.85439	-0.120991	-0.787629	-0.976434	0.631898	-0.384195	-0.300575	0.302031	0.655185	0.143743	-0.683773	-0.296753	0.080409	-0.949814	-0.434003	0.177264	0.319616	
-0.803404	-0.316905	0.372592	0.631477	-0.326584	0.755644	-0.031136	0.538606	0.514337	0.59498	0.599324	0.8969	0.887642	-0.43396	-0.699801	0.540361	0.360116	-0.806143	0.630425	0.543084	-0.810802	0.748763	0.34245	-0.76014	0.609408	-0.612547	0.009114	-0.229231	0.232724	0.299194	-0.847911	-0.657553	0.010204	0.606263	-0.897494	0.669454	0.329606	-0.4493	-0.956448	0.995331	-0.337022	0.057648	0.377884	-0.483954	0.217677	-0.47057	0.722246	-0.199251	-0.33134	-0.946629	
-0.191205	0.73515	0.911228	0.869799	0.137787	0.89407	-0.84182	-0.283193	-0.912003	-0.990709	-0.287273	-0.849231	-0.02634	-0.196899	-0.694215	0.667808	0.201988	-0.726745	0.73327	0.238948	0.633789	-0.472151	-0.79309	0.688455	-0.022017	0.923926	0.474211	-0.018252	0.888697	0.421848	0.947017	0.072167	0.882532	-0.952643	0.496337	-0.612122	-0.263476	-0.944351	-0.19921	-0.037819	0.484321	-0.020864	-0.520975	0.57385	-0.099649	0.015397	0.220381	-0.674244	0.807384	-0.004626	
0.449951	-0.623117	-0.624883	-0.802772	0.946301	-0.833258	-0.904859	-0.951554	-0.327946	-0.703124	-0.13495	-0.690322	-0.801249	-0.714678	0.925711	-0.043796	0.537425	-0.993863	-0.706753	-0.507844	0.695167	-0.142252	-0.348906	0.128384	-0.427631	0.556832	0.787917	0.133597	-0.428297	0.970719	-0.396557	-0.557022	0.077186	0.537164	-0.43414	-0.943799	-0.577502	0.357242	-0.62476	0.051001	-0.783902	0.223707	-0.822863	-0.472881	0.059907	-0.820728	-0.723328	-0.700007	0.125907	0.67823	
-0.978847	0.250517	-0.148982	0.644399	0.312412	-0.676027	0.513765	-0.24367	0.507971	0.860872	0.305592	0.588831	-0.827663	0.705837	0.817145	0.878834	0.885411	-0.280028	-0.818745	-0.429904	0.193649	0.424401	0.128473	-0.715445	-0.220913	0.209935	0.472935	0.796747	0.967924	-0.154505	0.690534	0.061684	-0.586277	-0.429082	-0.591036	0.455512	0.327086	-0.944495	0.473492	0.380695	0.007701	-0.84449	-0.548794	-0.383516	0.295661	-0.633405	-0.326331	-0.068729	0.598674	-0.30468	
-0.45101	0.369962	0.946367	0.28521	0.26871	0.77328	-0.472091	-0.54342	-0.894652	-0.744448	-0.771558	0.87225	0.217743	0.203255	-0.555607	-0.219073	0.497083	-0.657304	0.059257	0.624081	0.681979	0.789197	-0.203108	-0.368731	0.99538	0.666617	-0.761978	0.87204	0.223415	-0.75593	-0.526775	0.537999	0.436802	-0.786106	0.312254	0.870069	-0.699224	-0.034668	-0.203473	0.084082	0.139037	0.411055	-0.808189	-0.787143	-0.058395	-0.311053	-0.22367	-0.979143	0.898949	-0.489572	
0.417732	0.584521	-0.570528	0.18068	0.113425	-0.335981	-0.949118	0.153469	0.348739	-0.49753	0.382906	0.259894	-0.677888	-0.014927	0.498943	-0.023462	-0.773037	0.462753	-0.031709	-0.511258	0.651207	0.015271	0.092118	0.62577	0.673939	0.933562	0.698086	0.55361	0.330504	-0.186063	-0.286641	-0.483959	-0.006206	-0.190642	-0.403254	0.838638	0.516841	-0.582001	0.692227	0.351459	-0.547977	0.463119	0.384886	-0.939001	-0.96519	0.846749	-0.466903	-0.085855	0.813834	-0.588613	
0.867845	-0.287828	0.307258	-0.444815	-0.232152	-0.475933	0.826907	0.654305	-0.154626	0.335778	-0.07058	0.10127	0.089228	-0.888459	-0.021484	-0.950655	0.683171	0.964035	-0.099522	-0.07226	-0.116053	0.126263	0.862386	0.432891	0.233492	0.446248	-0.570439	0.188291	0.377417	0.881881	-0.111422	0.90786	0.224306	0.495283	-0.475482	0.369639	0.456568	-0.304877	0.679507	0.994108	0.938946	0.574678	-0.558029	-0.850166	0.489584	0.239178	-0.206376	0.150895	-0.890294	0.580357	
-0.679881	0.409984	0.232269	-0.030661	0.565061	0.862301	-0.998738	-0.962723	0.609344	0.804458	0.688187	0.01381	0.494557	0.535236	-0.407789	-0.180001	-0.149201	-0.736342	-0.229998	0.321364	0.746577	-0.219037	0.401727	0.471202	0.691657	-0.700517	-0.449405	-0.276725	-0.000395	0.461876	0.292527	-0.425452	-0.769541	0.628371	0.097447	0.006332	-0.238867	-0.758594	-0.578661	-0.97616	0.082016	0.753273	0.586761	-0.650134	-0.380655	0.755505	0.803129	-0.065907	0.312591	0.147482	
-0.441062	-0.712161	0.964699	-0.870132	-0.705759	-0.227413	0.821862	0.999525	-0.645064	-0.103931	-0.805975	0.809405	-0.970178	-0.011566	0.128355	-0.903468	0.096446	0.947371	0.444542	-0.212894	-0.123052	-0.624088	-0.330859	0.784298	0.710708	-0.061251	-0.484279	0.029526	-0.336905	-0.805685	0.821491	-0.526217	-0.391359	-0.254749	-0.861075	-0.223045	-0.18083	-0.664113	0.313806	-0.284183	-0.763225	-0.108872	-0.747592	0.498158	-0.815229	-0.611412	-0.608905	0.673596	0.328982	0.117158	
-0.765857	-0.462083	0.89171	-0.868102	-0.79931	-0.221036	-0.547258	-0.324947	0.643558	-0.140517	-0.432216	0.630511	-0.455158	0.1567	0.932514	-0.426711	-0.999295	-0.211716	-0.046341	0.685921	-0.232907	-0.149088	-0.282275	0.743218	-0.774044	-0.988148	0.638164	-0.523828	-0.317774	-0.309285	0.704078	-0.10481	0.627725	-0.743239	0.047946	0.939758	0.965729	0.554418	-0.160442	-0.183057	0.278658	-0.841486	-0.475857	0.085528	0.387781	0.742159	-0.679817	-0.720644	0.072423	-0.232017	
-0.701885	0.964775	-0.032796	0.950637	0.34232	-0.526602	-0.556774	-0.026581	-0.07717	-0.617222	0.181512	-0.891428	0.302938	-0.94935	-0.837915	0.133851	-0.328562	-0.602361	-0.686535	-0.387868	-0.194699	-0.613021	-0.424396	-0.750829	-0.459937	0.939991	0.635224	0.216618	0.004845	-0.738066	-0.038126	0.479883	0.133227	0.567349	0.106266	0.581972	-0.021775	0.644507	0.677191	-0.170742	-0.226046	0.831266	0.173141	-0.189735	-0.051502	-0.877784	0.956137	-0.189508	0.045489	-0.188535	
-0.294818	0.97417	-0.771087	0.195626	-0.767398	0.394004	0.016901	0.345114	-0.353954	-0.679293	-0.919213	0.987421	-0.409679	0.10337	-0.376332	0.119581	-0.465258	0.871159	-0.460095	-0.698397	0.979273	0.178552	0.579667	0.630229	0.94763	0.69998	-0.016573	0.722046	0.518331	0.3584	-0.64946	-0.448236	-0.917072	0.484992	-0.927747	0.209475	0.408241	-0.035571	-0.347478	0.630151	-0.837358	-0.856906	0.79488	-0.27089	-0.778017	-0.907731	-0.597272	0.857514	0.81471	-0.489771	
0.342309	-0.741019	-0.922645	-0.629353	0.362831	0.508802	-0.283277	0.575867	0.4497	0.417024	0.229405	0.528445	0.239164	-0.390412	-0.259485	0.47848	-0.312876	0.766824	0.523642	-0.823916	0.734837	0.949233	-0.531323	-0.374852	-0.491418	-0.947196	-0.886799	-0.862883	0.834531	-0.849876	-0.308591	-0.060857	-0.359119	-0.997772	-0.350779	-0.487876	0.85552	-0.080096	-0.51328	-0.227137	-0.466277	-0.390985	0.215452	0.71936	0.259749	-0.504306	-0.634283	0.078328	-0.571812	0.414419	
-0.640453	0.417293	-0.462889	-0.755011	-0.051506	-0.967488	0.496727	0.136627	-0.622426	0.536178	-0.613635	0.340794	0.803077	-0.990974	-0.949063	0.689425	-0.016822	0.406934	-0.176331	0.571995	-0.893022	0.216479	0.058284	0.660024	0.837323	-0.824258	0.291783	-0.046265	-0.481229	0.655747	0.176002	0.466693	-0.450475	0.872826	-0.803773	-0.796836	0.429955	-0.992697	-0.8393	0.204269	-0.522026	-0.36335	0.885455	0.629841	0.743848	-0.542284	-0.18655	0.047951	0.053963	0.406041	
-0.584492	-0.931095	-0.251861	0.375671	0.556091	0.740865	0.474641	-0.233545	-0.46827	-0.118418	-0.980862	0.290797	-0.910588	-0.709061	-0.896824	-0.90234	0.483911	-0.851669	0.380188	-0.792958	-0.841013	0.099886	0.878902	0.72996	-0.588215	0.009171	0.310596	0.469092	-0.42218	-0.180527	-0.708037	0.087878	-0.250785	-0.432351	0.775003	0.401307	0.250988	-0.401565	-0.384827	-0.403653	-0.214245	0.897945	-0.763273	0.540529	-0.245333	0.358138	0.946849	-0.400945	0.390927	0.242717	
0.099978	0.715426	0.643204	-0.239913	-0.579525	-0.935297	0.173181	0.482235	0.177358	0.871179	0.792716	-0.242257	-0.913239	-0.575976	0.928581	-0.925277	0.382541	0.974802	-0.003636	-0.963213	-0.96441	0.599698	0.507397	-0.773125	0.772864	-0.661204	0.931343	-0.628	0.399076	0.398947	-0.322139	0.294611	-0.455296	-0.424339	-0.657069	-0.831499	0.881629	0.512545	0.635131	0.561686	0.167121	0.80409	0.42773	-0.950212	-0.318851	0.59797	-0.203682	-0.695794	0.160907	-0.952561	
0.273413	0.149766	0.769279	-0.193772	-0.346749	-0.399822	-0.59206	-0.047409	-0.024964	-0.559369	0.351077	-0.065604	-0.285864	-0.767605	-0.945089	0.750807	-0.065313	0.11085	0.361259	0.293653	0.374296	-0.167773	-0.099643	-0.40158	-0.712872	-0.939997	-0.669472	-0.3723	-0.713257	-0.456447	0.486788	-0.499525	0.697674	-0.058024	-0.253852	0.825653	0.767914	-0.698276	0.920662	0.883488	0.00146	-0.43543	0.383909	-0.89619	0.939806	-0.90233	-0.325801	0.696252	-0.283723	0.515844	
0.401097	-0.72295	0.542176	-0.033044	-0.45664	-0.35362	0.23578	-0.12204	-0.902897	-0.47184	-0.741527	0.592575	-0.482963	0.196511	-0.771577	-0.971745	0.361091	0.429892	-0.409578	-0.782893	0.15054	-0.340343	-0.99976	-0.710821	-0.412782	-0.716189	0.366061	-0.149221	-0.925834	0.253269	-0.631138	0.086509	-0.205576	0.823287	0.337414	-0.709496	-0.116627	0.829827	-0.394352	0.554061	-0.562948	-0.654094	0.179469	0.067172	-0.736439	0.182539	-0.24017	0.294103	-0.127783	0.350797	
0.942865	0.052109	0.530307	0.564497	0.730125	0.953372	0.624476	0.462584	-0.617508	-0.74937	-0.763471	-0.849289	0.936815	-0.645467	0.169493	0.716751	0.892266	-0.567449	0.533636	-0.933446	-0.276819	-0.01907	0.128792	-0.779922	0.632051	0.314692	-0.700254	-0.462015	0.536265	0.427222	-0.98567	-0.274207	-0.444665	-0.749651	0.260562	0.51876	0.342159	-0.616192	0.472165	-0.197097	-0.788306	-0.860689	0.044013	0.136239	-0.427633	0.038597	-0.080857	0.41489	0.44709	-0.269591	
-0.35952	0.907546	0.762538	0.181255	-0.375284	-0.855436	-0.377979	-0.386634	-0.788845	0.017679	-0.231795	-0.935151	-0.906263	0.839935	-0.441245	0.583293	0.481997	-0.882308	0.524606	-0.401695	-0.090896	-0.644063	0.733031	0.3916	-0.456753	0.444107	0.274081	-0.883741	-0.877562	0.977832	-0.7312	0.900376	0.681979	-0.344384	-0.314148	-0.354043	-0.312712	-0.570673	0.563422	-0.436171	0.999037	-0.423207	0.720955	-0.529174	-0.423064	0.507961	-0.296205	0.558665	0.838468	-0.781182	
-0.778211	0.610366	-0.503577	0.636173	-0.139053	-0.757807	-0.773376	-0.614757	-0.575575	-0.607415	-0.130591	0.061571	0.122079	-0.218914	-0.054729	-0.900796	-0.891137	-0.528622	-0.362341	-0.844505	-0.093736	-0.480603	-0.494528	-0.015102	0.515874	-0.232264	0.592053	-0.636104	-0.841904	0.234056	-0.473221	-0.06529	-0.33339	0.465236	0.189243	-0.790582	-0.172353	-0.84355	-0.539655	-0.956404	-0.028027	0.032991	-0.711443	0.824703	-0.732551	-0.617132	-0.312	-0.465147	-0.852501	-0.033127	
0.269041	-0.174949	0.336711	-0.226526	-0.281677	0.722121	-0.133379	-0.508553	0.511702	0.197203	0.686297	-0.174866	0.409772	0.273535	0.523813	-0.396773	0.750986	0.358122	0.158378	-0.958118	0.791575	-0.186023	0.388437	-0.143681	0.086502	-0.212721	-0.03157	0.024277	0.753286	-0.892245	0.312592	-0.766043	-0.166467	-0.861622	0.525748	-0.789039	-0.886599	0.792028	-0.592308	-0.525654	-0.158335	-0.580303	0.148246	-0.115286	0.74344	0.265779	-0.151877	0.201933	-0.74885	-0.501991	
-0.333183	0.656924	0.638299	0.96191	0.602274	0.541496	-0.890413	-0.268634	0.981842	-0.349612	-0.715978	-0.243266	-0.939826	-0.959689	-0.491907	-0.743529	-0.006839	-0.3838	0.167923	0.351423	-0.334202	0.692396	0.265715	-0.118272	0.097085	0.65467	-0.841324	-0.553765	-0.961068	0.749303	0.19431	0.689712	0.030683	0.906918	0.498598	0.113804	0.570602	0.300337	-0.626186	0.193199	-0.011822	0.469476	0.275729	-0.209551	-0.349321	0.419026	-0.732814	0.705053	0.469274	-0.517396	
0.496276	0.007047	0.038432	-0.651743	-0.176123	0.444188	-0.132975	-0.310547	-0.081504	0.762978	0.13196	0.955307	0.734763	0.348506	-0.294614	-0.779938	-0.835422	0.168713	0.182255	0.973896	-0.568994	0.673432	0.102365	-0.620922	-0.185604	0.011975	-0.912495	0.24222	-0.248399	0.86369	0.612957	-0.376241	0.409882	0.579012	0.51806	0.399031	0.000145	-0.170842	0.255564	-0.15084	0.461803	0.75145	-0.92012	0.479528	-0.333796	-0.128132	-0.41918	-0.484101	-0.881402	0.233545	
0.053405	0.906334	0.377601	-0.144588	0.62313	-0.736617	-0.622643	0.643579	0.553262	-0.110812	0.699639	-0.513972	0.419081	0.83637	-0.30145	0.418895	-0.177437	0.949388	-0.693245	0.036196	0.225163	0.19148	0.512979	-0.602759	-0.130602	0.645699	0.957612	-0.468373	0.140471	-0.677387	0.233116	0.671594	0.063417	0.562092	0.571101	-0.551447	0.570084	0.645378	0.056426	-0.239552	-0.71735	0.44029	0.385229	-0.779895	0.130633	0.240038	-0.954712	0.521638	0.65802	-0.844177	
-0.958864	-0.495585	0.189067	-0.43739	0.391577	0.638307	0.580758	-0.893064	0.94982	0.175045	0.762911	0.161681	-0.903323	-0.67797	0.883099	0.749484	0.765359	0.884815	-0.429867	-0.398436	-0.245565	0.040071	-0.243233	0.225904	0.826717	-0.432792	-0.085037	0.83699	0.663533	-0.036038	-0.244911	0.995451	0.398154	0.735162	0.175799	0.742995	0.74875	0.223686	-0.72806	-0.036363	0.941664	0.607428	0.077789	-0.910195	-0.802027	0.240822	0.611613	-0.567943	0.902686	-0.409219	
0.963255	-0.353137	-0.118984	-0.388006	-0.724567	-0.430161	0.612082	-0.905889	0.574989	-0.184117	-0.26952	0.738007	0.783971	0.717601	-0.245859	0.494398	-0.712694	0.798878	-0.551171	-0.286595	0.29544	-0.476068	0.296854	-0.246975	-0.007959	-0.770562	-0.481723	0.918648	-0.474835	0.633118	-0.500887	0.043402	-0.730929	0.663982	-0.239453	0.908777	-0.233254	0.600619	-0.006823	0.237206	-0.938009	0.790755	0.27126	-0.147504	-0.467739	-0.557105	-0.248785	0.983053	-0.307564	0.33247	
-0.116747	0.427605	-0.104825	-0.818405	0.607137	-0.634303	-0.039715	-0.731512	0.688071	0.162895	0.896998	0.655336	-0.105064	-0.976494	-0.705056	0.667	0.351325	-0.253425	-0.778206	0.31395	-0.410201	-0.357739	-0.010902	-0.8315	-0.70381	0.094722	0.567313	-0.090489	0.11678	-0.098486	0.424442	-0.706828	-0.693384	0.915617	0.485132	-0.04368	0.223727	-0.641187	0.691872	0.786283	-0.16785	-0.338433	0.228583	-0.525049	-0.648203	-0.011677	-0.800701	0.08041	0.328856	-0.377727	
0.295439	-0.543877	-0.118357	-0.342566	-0.403625	-0.189918	0.322735	0.371567	-0.234871	0.913296	-0.387149	-0.059613	-0.027272	0.871607	0.081892	0.763738	0.938321	0.022628	0.71338	-0.314835	0.941937	0.711723	-0.529592	-0.352757	0.889112	-0.115775	-0.448123	-0.362491	-0.096219	-0.895002	-0.993315	-0.746621	0.373012	-0.60384	0.175708	0.549749	-0.982509	0.59376	0.19085	-0.09115	-0.945723	-0.980181	0.540171	-0.955829	-0.667064	-0.361797	-0.129929	-0.71142	-0.964904	-0.107442	
-0.045874	-0.500441	0.741107	0.954583	-0.737231	0.827229	-0.462819	0.706576	-0.785363	0.880596	0.027764	0.818583	0.693286	0.070132	-0.923478	0.787172	0.533098	-0.823405	0.615041	-0.424969	-0.865583	-0.655073	-0.800853	0.964328	-0.852991	-0.30168	0.416473	-0.189062	-0.961341	-0.501407	0.396509	0.211235	0.04657	-0.326399	-0.859344	-0.435766	0.423047	0.16612	0.502597	-0.578441	0.137386	0.280625	0.300365	0.848798	0.997066	0.57789	0.508296	0.102722	0.544614	-0.986269	
0.384007	-0.982308	-0.830169	-0.169176	0.087085	0.791904	0.962612	0.568813	0.624953	-0.62532	-0.383391	-0.748677	0.7235	0.393139	-0.608189	0.979367	0.220398	0.901436	0.866659	0.734481	0.531831	0.52728	-0.13168	-0.694081	0.69226	0.422056	-0.295405	0.196392	0.856676	0.93013	-0.332133	-0.482715	0.69651	0.892672	0.003863	0.045749	-0.019912	-0.106526	0.594288	0.322802	0.940643	-0.668192	-0.027078	-0.704919	0.930634	0.685586	0.047967	0.76437	0.978162	-0.193886	
0.139698	0.277512	-0.174775	-0.673794	0.052351	0.169693	0.726906	0.136865	0.010027	0.871811	0.249892	-0.638996	0.111259	-0.52149	-0.604698	-0.228945	0.770631	-0.188436	0.247202	-0.540474	-0.396484	0.882693	-0.537297	-0.420188	-0.933197	-0.141715	0.333222	0.582747	-0.767253	-0.141309	-0.336177	-0.060806	-0.05077	-0.348594	-0.777957	0.394761	0.550896	0.337899	0.20166	0.100608	-0.882026	0.844477	0.962568	0.591082	0.990919	0.609479	0.620009	0.662434	0.570037	-0.434147	
0.210196	-0.325034	-0.784871	0.315589	0.029107	-0.450069	-0.332585	-0.189574	0.971441	-0.491647	-0.493789	0.788171	-0.423683	-0.303065	-0.204244	0.66165	0.501898	-0.983842	-0.757848	0.798775	-0.30243	-0.895971	-0.910016	-0.613286	-0.220887	0.651979	-0.579249	-0.34933	0.013406	-0.434183	-0.555298	0.632776	0.679776	0.660518	0.991668	0.303876	0.905868	0.377783	-0.337871	-0.978741	0.63549	0.109979	0.911381	0.011611	-0.95981	-0.920314	0.115769	0.546325	0.911695	0.769026	
-0.483335	-0.958867	0.399662	0.216616	-0.120665	-0.206924	0.217204	-0.543469	0.749569	-0.61558	-0.580213	-0.130178	0.307133	-0.510845	-0.387581	-0.998743	0.550194	0.216753	-0.596968	0.244936	0.389049	-0.125484	-0.924022	-0.881636	-0.668444	-0.523808	-0.101455	-0.848097	0.190238	-0.751725	0.766035	0.084748	-0.796497	0.526849	0.462162	0.761569	-0.348331	-0.414492	-0.062133	-0.696474	0.420492	0.514387	-0.799228	-0.557018	-0.921356	0.485648	-0.491685	0.776095	0.86703	0.036732	
0.941782	0.07787	-0.480554	-0.613545	0.703704	0.640868	0.975412	0.351227	-0.069737	0.356591	0.102507	-0.314724	-0.582486	0.122086	0.007608	-0.366294	0.351345	-0.555628	0.636539	0.871896	0.1717	0.662779	-0.83238	0.696221	0.61526	0.227563	0.845183	0.945234	-0.38481	0.174517	-0.241954	0.585859	0.738416	-0.572687	0.729198	-0.692919	0.746783	-0.29546	0.062248	-0.03772	0.598945	-0.871769	0.91284	-0.513989	0.733158	0.883172	-0.561706	-0.798663	0.855512	0.168511	
0.361669	0.896922	0.541067	-0.557892	-0.648103	-0.365496	0.836022	0.369746	-0.416925	0.249435	-0.197405	-0.085764	-0.203246	0.06563	0.67303	0.710273	0.364414	0.439618	-0.254659	-0.096627	0.663086	-0.269672	0.901108	0.811081	-0.351977	-0.867841	0.455387	-0.280217	0.294893	-0.339544	0.145438	0.995657	-0.978156	-0.068582	0.984768	-0.566937	-0.021478	-0.023831	-0.777651	-0.817316	0.029745	-0.938794	0.335629	-0.975655	0.338806	0.092807	-0.656045	-0.193188	0.567752	0.460594	
0.848448	-0.820126	0.845855	-0.794801	0.780319	0.248736	-0.865414	0.719868	-0.927701	-0.242256	0.992617	-0.526828	0.764271	-0.47171	-0.630001	0.09832	0.016965	-0.205975	-0.208352	-0.951843	0.324475	-0.660427	0.282038	-0.435983	-0.402863	0.15212	-0.722526	0.112481	0.934198	0.785421	-0.838289	0.874191	-0.77527	-0.751177	-0.407446	0.440634	-0.493831	0.402824	-0.586152	0.721218	0.221821	0.024858	-0.478994	0.734517	0.27695	-0.60935	0.994908	-0.696923	0.18565	-0.774665	
-0.133352	0.092808	-0.02678	-0.88449	0.994735	0.002704	-0.781218	-0.478727	0.758057	0.627438	0.556647	0.254685	-0.831351	-0.554095	0.93372	0.448245	0.358709	-0.86955	-0.173941	0.429062	-0.439841	0.295257	0.65181	0.203693	0.48687	-0.846755	-0.11007	-0.298499	0.678044	-0.278589	-0.964684	-0.054605	-0.417375	0.111034	0.947586	-0.005911	-0.657556	0.042982	-0.422224	-0.561692	0.990465	0.044665	-0.303087	0.634467	-0.783405	-0.877091	0.972575	-0.560307	0.858303	0.303587	
-0.397543	-0.176894	-0.645148	-0.307429	-0.747881	-0.748515	0.244155	-0.321054	0.612079	-0.540668	0.779606	0.928033	0.729997	-0.681588	0.421937	-0.813913	-0.135473	-0.224881	0.996169	0.330883	0.464208	0.59505	0.691547	-0.684974	0.547748	-0.592049	-0.894288	-0.182962	-0.608036	0.673482	-0.831353	-0.156598	0.35981	0.506236	0.303909	0.226112	-0.659952	0.640604	-0.28034	0.73322	0.815216	0.457871	-0.8818	0.239529	-0.585032	-0.177208	-0.75181	0.226144	0.070677	0.97089	
0.781153	0.661949	-0.990284	-0.373881	-0.568975	0.987505	-0.833231	0.647123	-0.49727	0.367715	-0.355761	0.743446	0.417195	-0.531709	-0.624983	-0.035326	-0.983909	-0.717916	-0.691648	0.726375	-0.249118	0.560709	0.806635	-0.581405	0.364867	-0.205047	0.990346	0.172397	0.209278	-0.651286	0.781897	-0.252494	0.536987	0.267842	-0.120693	0.968615	0.564588	-0.61608	0.244876	0.925078	-0.93437	-0.34928	-0.943933	-0.339347	-0.998277	-0.113902	-0.607913	-0.524948	-0.235037	-0.84009	
-0.247906	-0.059423	-0.133495	0.303792	-0.866082	-0.012896	-0.874123	-0.228136	-0.672647	0.711914	0.418197	-0.605873	-0.846734	0.376379	-0.329732	0.262094	-0.641558	-0.446534	0.939009	-0.972308	-0.852759	0.162103	0.667807	0.7349	-0.483564	0.608191	0.719467	0.226385	0.507427	-0.343436	0.612266	0.326327	-0.348121	0.136555	-0.453728	-0.410397	0.8398	-0.857659	0.868462	-0.408483	-0.643508	-0.610989	0.797249	0.136685	-0.99099	-0.70792	0.96357	0.024726	0.603531	0.14549	
-0.62071	0.567989	0.959993	0.041403	0.941975	0.544332	-0.600745	-0.919789	0.500734	-0.547745	-0.925958	-0.344471	-0.25801	0.900465	0.285192	0.656181	0.902477	0.143891	-0.076048	0.234924	-0.7608	0.364566	0.105795	-0.791527	0.124287	0.48801	-0.925417	0.073193	0.248842	0.61815	-0.132725	0.58078	0.799189	-0.527008	-0.899543	-0.728048	-0.361928	0.59668	-0.852113	-0.246484	-0.966674	-0.784541	-0.439741	0.74348	0.112833	-0.065393	-0.045762	0.503776	0.351304	0.104611	
-0.92241	-0.67015	0.716716	-0.774412	-0.178583	-0.165514	0.495642	0.221553	-0.531225	-0.8126	0.146495	-0.718028	0.055423	-0.41518	0.875839	0.683439	-0.164833	-0.088401	0.771081	0.69705	-0.992283	-0.953002	-0.709526	0.184229	0.354548	0.716516	0.239903	-0.999626	0.179542	0.618844	0.91362	0.454645	0.85812	0.291784	0.344897	-0.741126	0.912301	0.509378	0.829456	-0.588493	0.887904	-0.100803	-0.183436	-0.948293	-0.682132	0.076849	0.124408	0.332269	0.05223	0.887467	
0.391904	0.956792	0.2205	-0.600034	-0.064951	-0.286466	0.585731	-0.524993	-0.47846	0.613258	0.484856	0.011791	-0.874346	-0.105194	-0.278584	-0.788003	-0.369353	-0.074491	0.500056	0.677406	-0.328065	0.961787	0.851905	0.663686	0.967146	-0.800232	0.786485	0.57329	-0.691511	-0.438798	0.476432	0.671145	0.69893	-0.381763	-0.499676	-0.030003	0.949294	-0.738827	0.891965	0.46974	-0.811359	0.807637	-0.930303	-0.336783	-0.981145	0.023562	-0.832019	0.521326	-0.808536	0.681786	
-0.054236	-0.076755	0.241593	0.15125	-0.903349	-0.029725	0.736642	0.214975	0.627292	0.660943	0.161894	0.844386	0.255009	-0.245409	-0.835222	-0.866305	-0.23305	0.856114	0.539128	0.182109	0.230717	-0.74459	0.367031	-0.140929	-0.851775	0.37499	-0.560579	-0.880119	-0.953597	-0.025337	-0.747336	0.256822	0.276463	-0.015195	0.094222	0.881828	-0.761792	0.200324	-0.285816	0.141534	-0.863882	-0.913232	-0.977733	0.854934	-0.870443	-0.798905	0.483473	0.069133	0.503635	0.789189	
0.935767	-0.380581	-0.103327	-0.393369	-0.243999	-0.549559	0.896737	0.601938	0.828675	-0.426047	0.651606	-0.402426	0.208832	0.206726	-0.020323	-0.129939	-0.118811	0.48063	0.684819	-0.15941	-0.410716	-0.576251	0.969094	0.233301	0.3484	0.261724	-0.797521	0.069503	-0.873434	-0.335941	-0.111331	0.063332	-0.648172	-0.050906	-0.08183	-0.443011	-0.356428	-0.032369	-0.88602	0.745842	-0.008121	-0.658159	0.54583	-0.339199	-0.380687	0.4528	-0.712587	0.859746	0.337628	-0.270946	
-0.235382	-0.304566	0.058887	0.828034	-0.107067	-0.302142	-0.873723	-0.616933	-0.616491	-0.784314	-0.658926	-0.882779	0.960344	0.406747	0.034414	-0.044217	0.108929	-0.44218	-0.727566	0.009342	0.724209	0.716145	-0.418151	0.32397	0.181278	0.160576	0.896896	0.819494	-0.697794	-0.780008	-0.541225	-0.167027	-0.892316	-0.000376	-0.40181	-0.830702	-0.217931	0.642877	0.876854	0.949162	0.684127	-0.995179	0.17678	0.101739	-0.532268	-0.362789	0.997027	-0.118402	-0.213412	0.899362	
-0.890627	0.383437	0.009801	0.803682	-0.434062	0.127729	0.437166	0.220856	-0.301529	0.736215	0.047811	0.288612	0.978801	0.564402	0.378836	-0.958735	-0.185316	0.71535	0.671885	-0.492768	0.602866	-0.990107	0.642785	-0.036241	0.699123	-0.553851	-0.257878	-0.230587	-0.690312	0.687534	0.141861	-0.719395	0.336691	0.059429	-0.495996	-0.706365	-0.014001	-0.126951	0.085529	-0.852459	-0.371533	-0.772596	0.586768	0.411961	-0.040868	0.301341	-0.69891	-0.271548	0.454977	0.459861	
0.694458	0.529492	0.716467	-0.159185	-0.440297	-0.084443	-0.180128	-0.717967	-0.494626	-0.02518	0.93181	-0.245004	0.132688	-0.646167	-0.143722	0.615512	-0.175403	0.938102	0.523481	-0.252009	-0.597138	0.366126	0.47775	0.007595	-0.651253	0.291127	0.253231	0.790503	0.327918	0.409983	0.004717	0.017599	-0.037069	0.657563	0.494956	0.183522	0.86651	-0.734021	0.723202	-0.737933	-0.414412	-0.126126	0.507449	-0.703509	-0.345791	-0.818446	0.777517	0.523093	0.943711	0.060355	
-0.822131	0.764002	-0.724908	-0.630125	-0.335038	0.872133	-0.62959	0.644418	0.98991	-0.036216	0.10524	-0.479142	0.677517	0.330879	-0.557566	0.433254	-0.308568	-0.383582	0.400997	-0.857414	0.104008	0.479658	0.005949	0.878194	-0.751131	0.24953	-0.763104	-0.648208	0.597864	0.459703	-0.961394	0.307397	-0.483499	0.51688	-0.091336	-0.559746	-0.886702	-0.795563	-0.026951	-0.802605	0.378969	0.622761	0.862319	-0.366841	0.375272	0.047046	-0.492704	0.97051	-0.357687	0.055001	
0.336882	-0.935594	-0.342518	0.024289	0.628329	-0.739293	-0.156909	-0.693302	0.244503	-0.200882	-0.735063	-0.949197	0.451433	-0.386569	-0.854318	0.124904	-0.506091	-0.459923	0.979494	0.591455	-0.535528	0.360188	0.711111	0.512802	0.674202	0.269283	-0.181856	0.425999	0.794073	-0.546939	0.3582	-0.222529	-0.623133	-0.889348	-0.766582	-0.275187	-0.123421	0.200886	0.203248	-0.697074	-0.3678	-0.94149	0.402233	0.585385	0.384069	0.139436	0.097467	0.799209	-0.915048	0.302921	
0.882713	-0.267675	-0.653691	0.991955	0.931956	-0.99512	-0.352816	-0.234582	0.948934	-0.671122	0.324784	0.169377	-0.868726	0.125139	-0.784909	-0.195567	-0.585657	0.139957	0.375123	0.166041	-0.06247	0.090398	-0.635947	-0.476676	0.371154	0.805115	0.758636	-0.360685	-0.887026	-0.976494	0.271003	-0.123943	-0.577039	-0.626934	0.990485	-0.371963	0.70745	-0.415058	-0.923132	0.998186	-0.968966	-0.165333	0.66513	0.507922	0.381875	0.054463	0.536694	0.945102	-0.641274	-0.934096	
0.845291	0.506027	-0.275015	0.749159	0.739734	-0.915195	-0.291117	-0.276079	0.384739	0.068357	-0.424887	-0.626285	-0.044406	-0.119115	-0.977021	-0.241847	0.311923	0.633787	-0.239414	-0.461205	-0.040048	0.841576	0.030041	0.60284	-0.835415	0.261483	0.190861	0.634615	-0.106863	-0.295084	-0.268552	0.830309	0.514182	0.47856	0.45464	0.706059	0.439365	-0.027713	-0.167763	-0.215553	0.472976	0.265304	0.808312	-0.759383	-0.785242	0.946945	-0.083612	-0.869452	-0.763791	0.99068	
-0.728828	-0.368501	0.155613	0.195308	-0.603682	0.414545	0.974922	0.199649	-0.600263	0.922249	0.484324	0.863384	0.937074	-0.609281	-0.464268	0.573502	0.804739	-0.423011	0.975718	-0.655511	0.517505	-0.608785	0.009586	-0.173737	0.649912	-0.958826	0.388576	-0.868172	-0.44718	-0.95079	-0.501439	0.378487	0.326722	0.886648	0.86181	-0.450937	-0.957387	0.163013	0.739971	-0.55578	0.056023	-0.871605	0.599647	0.654876	0.717474	-0.903948	-0.328975	-0.42392	-0.508153	-0.969409	
-0.486915	0.770531	-0.840797	-0.926417	-0.743188	-0.55596	0.27626	-0.821413	0.14857	0.862352	0.605323	-0.495828	0.560075	0.567602	-0.847757	0.97989	0.446404	0.280552	0.481534	-0.593391	-0.871753	0.604656	0.989921	0.119839	-0.804201	-0.678497	-0.224146	-0.088279	-0.592007	-0.857662	0.893312	0.381773	-0.189639	-0.04774	-0.919603	-0.903184	-0.491717	0.799421	0.17623	-0.123008	0.523739	-0.082058	0.443281	0.961637	0.329828	-0.509057	0.033589	0.253489	-0.766658	0.631805	
0.532373	-0.490047	-0.723934	-0.60853	-0.856782	0.932605	0.628564	0.282715	-0.011517	-0.935715	0.767508	0.097395	-0.207736	0.288267	0.171855	0.679178	0.412245	0.352927	-0.602797	-0.967129	-0.760073	-0.066208	0.453899	-0.304594	0.027916	-0.599369	-0.6754	-0.742938	0.447058	-0.817219	0.782773	0.971367	-0.447742	-0.509116	-0.052615	0.207563	-0.249139	0.434886	-0.682032	0.89398	-0.142436	0.246531	-0.364383	0.021827	0.905866	-0.300409	-0.126418	0.629045	0.150514	-0.995126	
-0.122102	0.621814	0.100312	-0.353305	0.679671	-0.639685	0.423943	0.572581	0.19181	0.098974	-0.309879	0.391651	-0.200352	0.983655	-0.005598	0.110871	-0.007706	0.728649	-0.953793	0.218338	-0.433727	0.224227	-0.240436	-0.06601	0.585411	-0.364644	0.097823	-0.663346	-0.405246	0.795439	0.287688	-0.716249	0.925208	0.056937	0.523648	0.933621	-0.781059	-0.022611	-0.921925	-0.212336	0.550467	-0.56267	0.237199	0.025788	-0.083874	-0.674102	0.35152	-0.602435	-0.824379	0.184899	
0.845966	-0.850925	0.034353	0.441157	-0.073751	0.025664	0.919704	-0.464033	-0.060599	0.15223	0.889387	0.748823	0.320541	-0.04696	-0.29506	0.739661	0.141387	0.72302	-0.463157	-0.439068	0.625609	0.291055	0.690608	-0.299366	0.817868	0.850805	-0.845972	-0.731066	0.192148	0.044874	-0.152627	0.700994	0.651591	0.50371	-0.696557	-0.83277	-0.080067	0.831102	0.166184	-0.855259	-0.756804	-0.561215	-0.066357	0.388155	-0.995252	0.267894	-0.726124	0.034411	-0.269788	-0.862759	
0.192589	0.472164	0.105186	0.701078	0.229758	-0.37037	0.604813	0.159875	-0.931368	-0.122854	0.83489	-0.633582	0.35812	-0.122944	-0.356989	0.532588	-0.756258	0.586485	0.569514	0.24855	-0.811005	-0.591964	0.695418	0.956354	-0.48525	0.337456	-0.001923	-0.991548	0.472209	0.803192	0.493851	-0.611045	0.469369	0.082945	0.505611	-0.189582	0.33063	0.84034	-0.744447	0.740563	0.34813	-0.889744	0.713191	-0.700414	0.983977	0.23558	0.422388	0.03711	-0.008312	-0.640233	
0.564666	-0.646857	0.819429	0.915559	-0.117677	0.062444	-0.373613	-0.818431	0.986719	-0.151495	0.159025	0.814054	0.300111	0.862093	0.066606	0.952896	-0.682984	-0.002899	0.214264	-0.324221	0.40621	0.699658	-0.47098	-0.942324	0.142847	-0.907306	-0.476531	-0.815147	0.758891	0.134044	0.712256	-0.998088	-0.495486	-0.434165	0.430977	0.876297	-0.945017	-0.47748	0.90071	0.683531	0.658206	0.380457	-0.787482	0.369028	0.169476	-0.38041	0.028474	-0.089797	0.712378	-0.061015	
0.882298	-0.37385	-0.183656	0.170837	-0.647087	0.937456	-0.129025	0.591138	-0.758594	-0.89593	-0.442472	-0.997319	0.838863	0.075337	-0.491056	0.770884	0.575477	0.581624	0.595348	-0.792366	0.304001	0.377215	-0.377242	0.629957	-0.106103	0.393756	0.875342	-0.383584	0.080328	-0.052723	-0.783018	-0.450423	-0.564744	0.619185	-0.679801	-0.470932	0.975361	0.77037	0.015084	0.733015	-0.433772	-0.517339	0.889153	-0.522811	-0.203947	0.589005	-0.336848	-0.229725	-0.41202	-0.66033	
-0.416741	0.935949	-0.433966	0.187763	0.278457	-0.625041	-0.968984	0.551979	-0.489697	-0.512606	-0.825207	0.80199	0.902092	0.480715	0.106863	0.536475	-0.167041	0.036854	-0.802339	-0.392522	-0.503346	-0.96982	-0.296112	0.145808	-0.890469	0.97445	-0.845996	-0.331322	0.51896	0.623505	0.961674	-0.312719	-0.054411	0.756429	-0.831191	-0.945002	0.934983	0.91923	-0.711374	-0.709167	0.057043	-0.001752	-0.143508	0.653233	0.893668	-0.114269	0.54866	0.968118	-0.702102	-0.89452	
0.97456	-0.599885	-0.045282	0.984737	-0.518125	0.496892	0.461356	0.793884	-0.107795	0.877059	0.905964	0.524823	-0.383299	-0.790847	0.427457	-0.884492	-0.67114	-0.583756	-0.660785	-0.268066	-0.523366	0.972075	-0.137819	-0.295511	0.224223	0.189276	-0.835262	-0.840197	-0.005124	-0.097706	0.654939	-0.613445	-0.757854	-0.869135	-0.90493	0.672017	0.836908	-0.156715	0.028186	-0.01724	-0.641727	0.722062	0.848548	-0.868551	-0.284091	-0.222686	0.26702	0.970688	0.802241	-0.070109	
0.345416	0.857635	0.900366	0.124581	-0.005899	0.690815	-0.996816	0.926931	0.202846	0.389632	-0.03522	0.243488	0.417045	-0.881241	0.394541	-0.696869	-0.923469	0.474461	0.421375	-0.831059	0.13326	0.299838	0.580678	-0.954955	0.34731	0.81337	-0.674042	-0.208706	0.347247	-0.812103	0.882067	0.685501	-0.249018	0.748106	0.401027	-0.088108	0.001003	0.062139	0.655009	-0.62764	-0.544978	-0.921038	-0.230399	0.045589	-0.713895	-0.124829	-0.486351	-0.630037	-0.530379	0.547972	
0.651697	0.320943	0.744958	0.440764	-0.358608	-0.15691	0.024984	0.395866	0.451453	-0.118483	0.339223	0.057998	0.457424	-0.580681	0.416627	0.05687	-0.976617	-0.175539	-0.616536	0.539116	0.085382	0.673961	-0.471997	0.888516	-0.131949	-0.273093	0.894695	0.56927	0.569197	-0.22824	0.898434	0.917076	0.566551	-0.667259	0.256305	0.529545	-0.474812	-0.46686	-0.675902	-0.658694	0.013352	-0.644122	0.179087	-0.40272	-0.731471	-0.258234	0.544255	-0.990724	-0.592983	-0.807896	
0.324812	0.678453	0.658523	-0.868993	0.830947	-0.528084	0.086768	-0.528695	0.307287	0.939356	0.998971	-0.917946	-0.503133	0.258391	0.51374	0.961216	-0.696954	-0.163089	0.870807	-0.689539	0.540475	-0.87364	0.86099	-0.438558	0.109647	-0.285967	-0.421266	0.622974	-0.812015	-0.340057	-0.963939	0.012614	0.7436	0.973327	-0.697725	0.173065	0.036248	-0.036681	-0.248926	0.708643	0.919852	-0.955711	-0.680275	-0.197821	0.855961	-0.802622	0.482097	0.11679	-0.885356	-0.729536	
-0.639006	0.117372	-0.490071	0.347594	0.321092	0.47465	0.176815	-0.946645	-0.704279	0.283744	0.918605	0.442616	-0.387239	-0.792416	0.203752	-0.616463	0.077227	0.070881	-0.687826	-0.834073	0.612499	-0.595041	-0.402316	0.978936	0.478399	0.310741	0.032973	0.795783	0.692026	0.23386	-0.978665	0.050406	0.475086	-0.531171	-0.976928	-0.354585	0.835883	-0.129581	-0.812299	0.677422	-0.045232	0.619999	0.349548	-0.377037	0.669396	0.657637	-0.366823	0.719089	0.108207	0.875673	
0.226235	-0.300394	0.415426	-0.408222	-0.577681	-0.859688	-0.92618	0.763637	0.794765	0.237948	0.40686	-0.563584	0.92472	-0.064184	0.731736	0.817905	0.496914	0.422445	0.401742	-0.991175	-0.095702	0.457184	-0.041553	0.688151	0.008269	0.225665	-0.342199	-0.960684	-0.671112	0.052331	-0.115268	-0.449377	-0.559205	-0.519335	-0.345601	-0.150052	-0.775613	0.883959	-0.090036	-0.639622	0.535983	0.282934	-0.226297	-0.585192	0.33904	0.91283	-0.602636	0.883876	-0.539616	-0.040901	
-0.658066	0.487753	-0.679912	-0.418893	-0.745126	-0.203724	0.464789	-0.560156	-0.948608	-0.869508	0.249829	-0.570924	0.279772	-0.290542	-0.001709	0.912895	0.582214	0.797639	-0.654643	-0.937122	0.871394	0.742416	-0.253212	-0.116185	0.454068	-0.014732	-0.281358	0.999001	-0.663813	0.314712	0.202567	-0.010654	-0.136625	0.13364	-0.853913	0.648852	-0.151792	-0.699204	0.829763	0.575112	-0.075988	0.608721	-0.675218	0.073575	0.4798	-0.99963	-0.742229	-0.270149	-0.451005	0.430191	
-0.856099	0.966669	0.177059	0.055297	-0.564664	-0.37941	0.537446	0.763398	-0.115642	-0.917545	-0.862599	0.747562	-0.18785	-0.437272	0.38972	0.474206	0.694744	0.580757	0.433001	0.924694	-0.1245	-0.2741	-0.570998	0.851014	-0.98213	0.652915	0.204318	-0.969047	-0.587133	0.977013	-0.071023	0.158124	0.356509	-0.811378	-0.449092	0.779727	0.753526	-0.952889	-0.287738	-0.268978	0.629526	0.544417	-0.510295	-0.581893	-0.31116	-0.432914	0.79446	-0.895131	0.785771	0.659475	
0.944334	-0.087193	-0.228821	-0.218197	-0.754958	-0.656846	-0.318483	0.167293	0.914701	-0.110301	-0.221841	-0.301634	0.292108	0.924036	-0.211692	0.874447	-0.857562	0.424564	0.536749	-0.85443	-0.878124	0.559846	-0.889499	0.538153	0.951282	-0.750961	0.532091	0.759182	-0.70121	-0.168216	0.785486	0.043097	0.629963	-0.058557	-0.400491	-0.804967	0.254254	0.731501	-0.544618	0.531997	-0.237869	0.234906	-0.826643	-0.994563	0.853662	-0.715919	-0.948023	-0.32229	-0.594633	-0.373822	
-0.258633	0.712119	0.600696	-0.65371	0.281292	0.135452	0.491422	-0.915798	-0.51015	0.616069	-0.79731	0.321833	-0.918736	-0.399952	-0.736676	0.027003	-0.715628	0.150902	0.258837	0.094913	0.227377	-0.116293	-0.056209	-0.27455	-0.585828	0.286795	-0.302104	-0.839873	0.345704	0.422223	-0.995098	0.539033	-0.203687	-0.996076	-0.063397	0.335748	0.161686	0.304503	-0.684018	-0.157281	0.473103	-0.431204	0.492833	-0.499389	-0.969838	-0.307667	-0.265043	0.015795	0.40996	-0.227779	
-0.012971	0.948607	0.751611	-0.46897	0.187	0.130987	0.276323	-0.102075	-0.873634	-0.123359	0.149992	0.669736	-0.519441	-0.731056	-0.893089	-0.421508	-0.388046	-0.152237	-0.017487	-0.494912	-0.422042	-0.486799	-0.34638	0.679846	0.9251	-0.625316	-0.645504	-0.806858	0.617173	0.479836	-0.92647	0.944789	-0.443101	0.004378	0.750575	0.597397	0.853805	-0.336446	-0.11542	0.981286	-0.840167	0.923766	0.771411	-0.811652	-0.733212	0.627043	0.430621	-0.243022	-0.560619	-0.149178	
0.376321	-0.474371	0.0958	0.978435	-0.141652	-0.50628	0.968223	-0.432882	-0.003519	0.404376	0.373767	-0.38244	0.286372	-0.82392	-0.834022	0.782771	-0.27792	-0.485493	-0.313596	-0.381967	0.120017	0.756453	0.686124	-0.715938	0.624899	0.385101	0.371486	-0.841145	-0.902044	0.655459	0.251563	0.747074	0.523455	-0.614905	0.919416	-0.57787	0.480999	-0.672639	0.137051	0.61131	0.803397	-0.405745	0.878151	-0.575158	0.26568	-0.026618	0.751467	0.127717	0.419153	-0.37467	
-0.509431	-0.365225	-0.552376	-0.486896	0.12127	-0.15045	0.993122	0.619933	-0.420807	0.981322	-0.096594	0.774924	0.987429	0.724978	-0.183555	0.877141	-0.738024	0.278777	-0.56015	0.386698	-0.549505	-0.573209	-0.575925	0.571221	-0.820275	0.747618	-0.005532	-0.338949	0.46463	-0.45497	0.18299	-0.526903	0.23814	0.502035	-0.753075	0.487509	0.296942	-0.128133	-0.432481	-0.51324	-0.585978	0.173466	-0.617314	0.573916	0.054877	-0.760164	-0.750017	-0.192279	0.951129	-0.481769	
0.246909	-0.503909	0.314452	0.160763	-0.443503	0.469188	-0.194909	-0.972202	-0.368968	0.649955	-0.592359	-0.361142	-0.947516	-0.916683	0.83891	-0.137948	0.608838	0.000434	-0.829132	-0.004084	0.850452	0.06181	0.725503	0.651205	0.477528	0.721982	0.976492	-0.783496	0.088098	-0.012559	0.260594	0.731408	-0.307086	-0.495781	0.996582	0.269355	-0.389	0.11331	-0.304335	-0.762666	-0.476396	-0.963822	0.724837	-0.190227	-0.331881	0.943946	-0.537983	-0.864314	-0.218338	-0.432887	
-0.608456	0.27881	-0.744313	-0.987423	0.78195	-0.746631	0.285388	-0.738297	0.144643	-0.348346	0.855362	-0.537502	-0.760431	-0.159404	0.562713	0.707349	0.364257	0.118063	-0.8307	-0.23783	0.025561	0.013041	0.686623	0.426042	-0.478787	-0.046538	-0.929777	0.286141	-0.34074	-0.294499	-0.676079	0.643089	-0.135683	0.621597	0.645517	0.719974	-0.621833	-0.994053	0.82271	0.773256	-0.070591	-0.179046	-0.389591	0.819231	0.175576	-0.813741	-0.034169	-0.690642	-0.188939	0.998143	
-0.241861	-0.296294	0.236497	-0.087567	-0.707461	0.16056	-0.840511	-0.620985	-0.859583	-0.686638	0.892036	-0.220659	0.829428	0.744469	-0.380711	-0.593973	0.62081	-0.395846	0.138229	0.130693	-0.290362	0.860473	-0.052965	-0.987979	0.664091	0.876064	-0.740723	0.137675	0.831127	-0.923345	0.251541	-0.1144	-0.849096	-0.072174	0.558747	-0.032265	0.332494	-0.442157	0.635134	-0.190819	-0.635608	-0.215517	0.631968	-0.19561	0.010653	0.218567	0.921343	-0.452127	-0.7935	-0.301438	
-0.396407	-0.250382	-0.605191	0.291632	0.288704	0.317525	-0.083175	-0.885821	0.193404	0.904372	-0.901365	-0.768178	-0.075144	0.715325	-0.273256	-0.345024	-0.315912	-0.014113	0.032616	0.414618	-0.587692	0.10732	0.086237	-0.250231	0.347827	-0.217553	-0.182505	-0.352224	0.746359	-0.987323	0.916453	0.716639	-0.578425	0.629549	0.585207	-0.485721	-0.424934	-0.544367	-0.550228	0.575483	0.428298	-0.474243	-0.134878	0.430673	0.177599	-0.213231	-0.147565	0.145528	0.484648	-0.327779	
0.822276	-0.053171	0.820806	-0.153087	0.63547	-0.860507	-0.352877	0.710691	-0.10086	0.57335	-0.497163	-0.866844	0.079492	-0.777848	-0.324018	0.165173	0.811091	-0.449284	-0.238614	0.067682	-0.231348	0.04622	-0.63528	-0.925189	0.283253	-0.601826	0.997378	0.171771	0.177129	-0.649669	0.641943	0.454989	0.533922	-0.154987	-0.063707	0.098903	0.591685	-0.888156	0.945548	-0.497889	-0.529349	0.574758	-0.178032	0.620008	-0.537619	-0.558044	0.210642	0.521933	0.735178	0.394703	
-0.203343	-0.817607	0.490526	-0.035875	-0.675045	0.803135	-0.268001	-0.354687	0.236796	0.629247	0.871313	-0.987887	0.44797	0.496604	-0.690274	0.616701	-0.112856	-0.603819	-0.263493	0.97327	0.821678	-0.421577	-0.183551	-0.886067	0.273823	-0.863569	-0.468702	-0.804935	-0.740932	0.090366	-0.438968	0.458302	0.825178	0.538224	-0.270718	-0.484818	0.223602	-0.162712	0.467775	0.988603	0.316486	0.387843	0.384414	0.541672	-0.651784	-0.99117	-0.188707	0.849113	0.600855	0.761051	
-0.260393	0.381292	-0.274762	0.485085	-0.166983	0.405143	0.247358	-0.226293	-0.388235	-0.392809	-0.55914	-0.717818	-0.352884	0.918501	0.110217	-0.608972	-0.779816	-0.290107	0.730275	0.34442	0.19306	-0.72665	-0.932912	-0.247159	-0.131328	-0.499216	-0.327363	-0.066866	-0.97265	-0.167927	-0.325216	0.693129	-0.610896	-0.059991	-0.195942	0.101293	0.95762	-0.268334	-0.699696	-0.547759	-0.462206	0.739222	-0.557885	-0.544891	-0.155459	0.25686	0.210827	0.313244	-0.63357	0.903362	
0.01884	0.004028	0.026546	0.019437	0.030106	0.036267	0.013666	0.010548	0.030851	0.029447	0.007751	0.015547	0.016478	0.036582	0.009423	0.009627	0.013978	0.012248	0.030729	0.017292	0.034409	0.017167	0.00302	0.021205	0.015484	0.025546	0.012418	0.002052	0.014933	0.003076	0.00599	0.014143	0.028115	0.011606	0.014988	0.035982	0.025445	0.003266	0.021974	0.02685	0.032826	0.033253	0.028665	0.029926	0.014208	0.029938	0.024722	0.032501	0.030631	0.01627	
0.020816	0.0294	0.000672	0.011739	0.034305	0.026338	0.015592	0.026733	0.020116	0.01041	0.032379	0.015523	0.001559	0.005678	0.020939	0.009986	0.028507	0.011015	0.007945	0.040767	0.0134	0.011755	0.031558	0.028853	0.025981	0.020044	0.012571	0.035949	0.039442	0.009867	0.039146	0.022345	0.028509	0.008884	0.015096	0.006492	0.020363	0.010007	0.020614	0.024641	0.009377	0.025519	0.036328	0.010166	0.006564	0.000426	0.039202	0.032835	0.034339	0.009308	
0.038963	0.003103	0.000181	0.039022	0.024608	0.017056	0.022264	0.028017	0.025228	0.025739	0.002209	0.008263	0.013105	0.0389	0.021682	0.025302	0.029842	0.018325	0.014929	0.004778	0.029021	0.025041	0.021737	0.01265	0.022035	0.038999	0.009926	0.03373	0.024179	0.013985	0.013069	0.021405	0.020691	0.006364	0.000316	0.02146	0.010601	0.018977	0.011348	0.000526	0.030216	0.015983	0.02249	0.031454	0.018375	0.038375	0.035505	0.00078	0.013779	0.035467	
0.009867	0.036628	0.032735	0.009953	0.024595	0.001501	0.001634	0.035132	0.029141	0.035003	0.030102	0.023826	0.032043	0.028957	0.018906	0.016277	0.009983	0.010983	0.034931	0.011545	0.011779	0.005559	0.030169	0.020054	0.015337	0.009257	0.033873	0.034205	0.029353	0.017638	0.037563	0.01365	0.001931	0.013048	0.024603	0.035932	0.030354	0.027566	0.013736	0.005095	0.020571	0.005314	0.026233	0.014458	0.023335	0.02154	0.000573	0.014582	0.014423	0.014527	
0.021915	0.00088	0.021435	0.004294	0.013883	0.000491	0.003376	0.004973	0.007563	0.027856	0.005097	0.034335	0.013736	0.022946	0.028059	0.014102	0.003689	0.017933	0.01455	0.031397	8.4e-05	0.029166	0.043999	0.033393	0.024186	0.018151	0.018888	0.021531	0.001111	0.004195	0.045157	0.008691	0.035392	0.012126	0.037587	0.04634	0.001953	0.029795	0.044009	0.010186	0.0308	0.007066	0.026299	0.031774	0.001511	0.018434	0.020018	0.042993	0.041205	0.02145	
0.034227	0.008934	0.03647	0.026812	0.030451	0.002569	0.024659	0.009683	0.019027	0.031402	0.014747	0.03753	0.029863	0.000924	0.019922	0.006492	0.028637	0.013019	0.00217	0.024714	0.010323	0.022551	0.034045	0.011666	0.005334	0.014931	0.025048	0.023452	0.015376	0.017666	0.032763	0.029387	0.009995	0.023804	0.013455	0.009408	0.003725	0.010356	0.005292	0.028717	0.031259	0.034178	0.021165	0.031764	0.029817	0.031088	0.010043	0.024043	0.014626	0.022471	
0.022653	0.020482	0.010346	0.025143	0.015802	0.03129	0.008287	0.021495	0.03059	0.021279	0.033784	0.029427	0.031648	0.013399	0.004326	0.030115	0.024057	0.008955	0.022044	0.025862	0.019328	0.001586	0.011578	0.014435	0.00573	0.011827	0.024348	0.030186	0.031034	0.019365	0.029205	0.00744	0.032744	0.001704	0.014862	0.001989	0.00438	0.022078	0.033982	0.021176	0.026652	0.007402	0.031304	0.033348	0.022642	0.021909	0.018936	0.034623	0.024801	0.008422	
0.014423	0.025108	0.026674	0.003741	0.017351	0.008212	0.025941	0.004206	0.019321	0.033748	0.004186	0.025485	0.011544	0.003146	0.007663	0.034438	0.033729	0.035496	0.0304	0.022895	0.025755	0.016932	0.01938	0.000791	0.002377	0.010417	0.01033	0.025574	0.034259	0.029219	0.019183	0.025379	0.018563	0.009352	0.011648	0.013419	0.003956	0.001425	0.021376	0.022075	0.033701	0.014806	0.036492	0.032751	0.029841	0.022354	0.035879	0.03448	0.018114	0.032465	
0.029792	0.000813	0.021268	0.017625	0.008748	0.026782	0.027001	0.008038	0.029646	0.034777	0.003856	0.011029	0.011943	0.033654	0.021419	0.018428	0.03375	0.028293	0.003466	0.011898	0.033234	0.009177	0.022346	0.014171	0.032648	0.032447	0.000391	0.001913	0.003382	0.001638	0.028502	0.012856	0.022942	0.017972	0.017005	0.029602	0.035843	0.032482	0.029152	0.017977	0.027647	0.024168	0.024881	0.007802	0.013634	0.026143	0.021884	0.034414	0.018146	0.023375	
0.016069	0.031262	0.001585	0.033203	0.019888	0.020945	0.032573	0.017276	0.020848	0.026328	0.021476	0.026414	0.034178	0.029268	0.004909	0.020121	0.008028	0.025542	0.01874	0.020398	0.017755	0.010597	0.013742	0.019651	0.030054	0.023495	0.018101	0.021565	0.019797	0.028669	0.022813	0.001718	0.030171	0.001911	0.001239	0.000849	0.023423	0.029323	0.00183	0.032679	0.014109	0.018257	0.008775	0.029428	0.025051	0.035587	0.020346	0.027253	0.034082	0.008679	
0.027048	0.003698	0.02384	0.031039	0.002758	0.042021	0.01998	0.031883	0.024121	0.027213	0.005378	0.018471	0.029524	0.011155	0.017275	0.011124	0.032006	0.024885	0.001903	0.030732	0.02443	0.002804	0.00912	0.008985	0.012942	0.033145	0.036923	0.015195	0.014448	0.023273	0.006921	0.030143	0.000214	0.015448	0.040827	0.011644	0.012513	0.006095	0.034895	0.018905	0.003014	0.039459	0.025126	0.018886	0.022606	0.032352	0.024695	0.036244	0.009867	0.012827	
0.012493	0.029312	0.032198	0.032764	0.018444	0.003144	0.029313	0.004508	0.009126	0.039698	0.006787	0.03107	0.027891	0.014204	0.004366	0.023176	0.014024	0.012263	0.015001	0.035872	0.022495	0.036061	0.008414	0.035958	0.00378	0.010339	0.027911	0.039171	0.012627	0.005172	0.03969	0.039464	0.009386	0.027041	0.0004	0.015681	0.01982	0.033044	0.011747	0.00777	0.02399	0.005081	0.0308	0.017159	0.027431	0.002524	0.021348	0.036652	0.013499	0.019891	
0.000132	0.039053	0.01681	0.029328	0.038577	0.013264	0.002092	0.039959	0.023785	0.004965	0.03093	0.002257	0.026284	0.035336	0.011664	0.039991	0.020345	0.013608	0.010726	0.000269	0.010015	0.036676	0.006354	0.036537	0.011591	0.029672	0.016578	0.036634	0.005957	0.038278	0.031729	0.005075	0.014766	0.024949	0.01411	0.002588	0.028101	0.01756	0.009072	0.028966	0.009374	0.03927	0.013032	0.027687	0.03015	0.002745	0.027978	0.000287	0.0249	0.019994	
0.03697	0.01423	0.011577	0.014499	0.010826	0.014717	0.00851	0.021916	0.030575	0.002849	0.00221	0.012629	0.012281	0.034184	0.019985	0.000427	0.037093	0.022498	0.008101	0.029871	0.011751	0.009143	0.008989	0.016379	0.029114	0.034621	0.038814	0.039484	0.019025	0.007848	0.038579	0.042799	0.008352	0.002019	0.00349	0.013893	0.025097	0.040944	0.035223	0.038149	0.004378	0.022656	0.017583	0.037448	0.000251	0.037303	0.040854	0.002379	0.005817	0.02167	
0.006985	0.010909	0.001252	0.009172	0.039027	0.026781	0.025843	0.005982	0.028812	0.026428	0.011266	0.033005	0.032344	0.020392	0.014398	0.011447	0.027637	0.001774	0.003445	0.037319	0.01798	0.038258	0.024165	0.020748	0.029227	0.008497	0.000204	0.025132	0.007734	0.002096	0.005487	0.040554	0.027036	0.029366	0.015206	0.037137	0.029573	0.028067	0.013219	0.022905	0.039579	0.013687	0.022876	0.010097	0.011625	0.034305	0.007328	0.028813	0.002345	0.032536	
0.037856	0.00294	0.025828	1.2e-05	0.008613	0.011576	0.009182	0.035051	0.030881	0.024317	0.005603	0.037504	0.011079	0.033633	0.015437	0.020961	0.038189	0.019785	0.00343	0.012836	0.020284	0.038538	0.021764	0.033318	0.030971	0.035461	0.036253	0.019869	0.006592	0.012805	0.03611	0.00572	0.026313	0.009089	0.020206	0.005057	0.016229	0.01392	0.028084	0.001718	0.028024	0.035605	0.004687	0.025949	0.006239	0.035662	0.002663	0.005232	0.035483	0.017442	
0.017447	0.038136	0.019767	0.012605	0.028402	0.041683	0.040422	0.006264	0.017958	0.02463	0.029984	0.019404	0.020796	0.00866	0.017907	0.003815	0.02128	0.004603	0.026545	0.017657	0.024367	0.009542	0.001332	0.026959	0.026506	0.006321	0.017583	0.004268	0.032586	0.008538	0.032485	0.027225	0.034611	0.01299	0.018031	0.010452	0.036415	0.031959	0.015517	0.016789	0.031213	0.016104	0.009562	0.001886	0.029794	0.014838	0.012131	0.001461	0.038247	0.032323	
0.010525	0.001767	0.038652	0.027996	0.037107	0.013424	0.001112	0.005904	0.016918	0.00988	0.036686	0.03925	0.027832	0.016452	0.031039	0.001941	0.005271	0.016925	0.025125	0.034761	0.007038	0.033159	0.012417	0.031343	0.00917	0.010936	0.018646	0.018976	0.020339	0.009831	0.001696	0.019105	0.032328	0.031877	0.022266	0.019493	0.0242	0.036321	0.032288	0.000228	0.034859	0.001048	0.02696	0.018615	0.034274	0.021442	0.018621	0.010847	0.018729	0.024381	
0.027329	0.032312	0.006864	0.02177	0.012055	0.008461	0.034086	0.029335	0.037705	0.023747	0.033917	0.003705	0.005558	0.039291	0.012952	0.026475	0.022186	0.024872	0.036921	0.018834	0.023304	0.013888	0.018242	0.026538	0.004791	0.023826	0.014514	0.017018	0.038244	0.017339	0.034167	0.001911	0.026057	0.001249	0.011915	0.016401	0.003507	0.020212	0.016683	0.013113	0.030995	0.02448	0.007763	0.026329	0.017314	0.035358	0.012128	0.004748	0.022426	0.017165	
0.036586	0.016005	0.017776	0.03811	0.009808	0.002306	0.034446	0.014689	0.024865	0.011765	0.025148	0.018967	0.02313	0.001346	0.017015	0.00147	0.026729	0.031643	0.03502	0.004914	0.009374	0.025442	0.036678	0.010778	0.008635	0.012956	0.006454	0.026745	0.037006	0.026579	0.004674	0.024824	0.035349	0.034439	0.02096	0.033842	0.018584	0.037022	0.006111	0.013524	0.026749	0.022921	0.021792	0.011176	0.00558	0.021129	0.008499	0.028951	0.008695	0.022794	
0.019828	0.009887	0.001207	0.022372	0.010951	0.023062	0.012619	0.028742	0.011657	0.031261	0.019401	0.019851	0.024873	0.030961	0.006647	0.034314	0.020078	0.019495	0.029417	0.031445	0.017966	0.015705	0.028669	0.009435	0.02378	0.018904	0.024124	0.025865	0.028103	0.035271	0.005236	0.017398	0.024449	0.007793	0.005926	0.006101	0.02689	0.036748	0.024045	0.017844	0.036543	0.013683	0.033163	0.003663	0.034814	0.007135	0.00134	0.007767	0.022591	0.030981	
0.011588	0.026181	0.040447	0.029966	0.036924	0.038261	0.012441	0.00197	0.040853	0.039735	0.037682	0.010819	0.000794	0.029863	0.00386	0.015165	0.026322	0.001861	0.000502	0.02709	0.037064	0.03746	0.016029	0.002217	0.023978	0.033294	0.000393	0.033826	0.009769	0.031188	0.004215	0.035026	0.019734	0.020778	0.002804	0.008234	0.027275	0.018232	0.013938	0.018016	0.001707	0.018044	0.014481	0.037254	0.016597	0.036484	0.002818	0.007448	0.032045	0.007328	
0.014255	0.024503	0.033746	0.010789	0.00388	0.042145	0.043277	0.019761	0.010341	0.000741	0.044505	0.000589	0.022251	0.032376	0.004404	0.031137	0.042757	0.021944	0.001257	0.004942	0.00734	0.02586	0.01336	0.013831	0.024733	0.038453	0.019922	0.002282	0.008345	0.020341	0.023077	0.018224	0.000617	0.019291	0.00737	0.005048	0.021735	0.011331	0.012986	0.017671	0.030316	0.039302	0.038832	0.007902	0.042393	0.008732	0.044713	0.008935	0.016699	0.040759	
0.015399	0.023207	0.013944	0.025457	0.015497	0.014308	0.027731	0.003463	0.017151	0.036032	0.011509	0.002591	0.032573	0.019384	0.008397	0.029383	0.013136	0.006321	0.021855	0.00119	0.032029	0.027388	0.037314	0.037189	0.019591	0.037268	0.002214	0.020615	0.034228	0.011286	0.032737	0.018877	0.031311	0.024473	0.025036	0.034297	0.005638	0.008019	0.026355	0.012384	0.017557	0.012315	0.024523	0.02079	0.012922	0.008933	0.036914	0.012835	0.012577	0.023857	
0.001684	0.017182	0.039791	0.033643	0.021307	0.016436	0.004769	0.026521	0.036758	0.03755	0.02695	0.001201	0.003186	0.005891	0.009061	0.004606	0.011698	0.016793	0.002512	0.018636	0.016659	0.002564	0.025602	0.008719	0.031929	0.027066	0.034347	0.018957	0.012188	0.003827	0.026113	0.021934	0.0065	0.042308	0.01766	0.032413	0.018687	0.03691	0.016296	0.017887	0.031271	0.029947	0.009382	0.000816	0.021772	0.0295	0.041802	0.029148	0.014914	0.036707	
0.030711	0.017665	0.028677	0.019312	0.011501	0.033991	0.027229	0.021298	0.002784	0.009308	0.002421	0.00971	0.029929	0.019787	0.019069	0.009726	0.002074	0.006757	0.029559	0.030554	0.021446	0.014506	0.027646	0.017244	0.007703	0.023789	0.031796	0.033846	0.000372	0.009416	0.026406	0.024927	0.028127	0.006107	0.009703	0.034492	0.016035	0.02656	0.004364	0.025504	0.023937	0.025724	0.035181	0.031185	0.035022	0.030542	0.033906	0.004816	0.003904	0.023732	
0.007622	0.018176	0.015424	0.015908	0.02455	0.010902	0.034842	0.038032	0.019873	0.023557	0.020602	0.038732	0.003098	0.018854	0.003669	0.035069	0.037497	0.014644	0.022326	0.017811	0.000919	0.022545	0.030422	0.02626	0.003493	0.017831	0.013338	0.002155	0.003144	0.03621	0.021341	0.032773	0.026096	0.003953	0.015457	0.025055	0.025254	0.027699	0.016634	0.008196	0.02688	0.03791	0.018177	0.026311	0.01059	0.027873	0.005573	0.02435	0.036909	0.005464	
0.021109	0.037476	0.03568	0.00598	0.023347	0.035989	0.004603	0.018936	0.002714	0.009546	0.007787	0.033667	0.021618	0.025684	0.03757	0.038058	0.009283	0.035748	0.036954	0.004508	0.008856	0.019172	0.020862	0.029147	0.040753	0.00733	0.025664	0.003177	0.040356	0.02696	0.004121	0.027949	0.029063	0.035235	0.011654	0.0263	0.000327	0.011556	0.012359	0.022418	0.015583	0.032287	0.038989	0.023698	0.001642	0.007867	0.011278	0.003353	0.000575	0.015212	
0.001741	0.026007	0.032792	0.010167	0.028603	0.02765	0.030043	0.011378	0.033692	0.017927	0.019133	0.032191	0.016458	0.022247	0.018069	0.004125	0.020565	0.02685	0.004829	0.031549	0.02873	0.031064	0.03286	0.004311	0.030544	0.010631	0.001167	0.031518	0.008121	0.017668	0.022981	0.034659	0.027527	0.010026	0.013388	0.001214	0.030532	0.013261	0.012921	0.021526	0.021883	0.01416	0.029748	0.022816	0.018501	0.0036	0.022249	0.0324	0.03218	0.001798	
0.00309	0.034731	0.003509	0.01376	0.024231	0.022619	0.019925	0.019287	0.031925	0.007005	0.00104	0.028856	0.032	0.021368	0.008064	0.00406	0.039144	0.008301	0.001213	0.027981	0.00108	0.040295	0.035393	0.038499	0.010825	0.030665	0.026437	0.030781	0.026295	0.01552	0.001968	0.039477	0.029443	0.036655	0.001874	0.010407	0.019534	0.00932	0.008828	0.002707	0.02015	0.017748	0.031508	0.040616	0.040002	0.002366	0.016147	0.029832	0.009797	0.023722	
0.033612	0.022656	0.019682	0.014953	0.00934	0.001129	0.005127	0.013524	0.009253	0.024386	0.003088	0.00663	0.036436	0.038109	0.031044	0.007818	0.008171	0.03133	0.014735	0.017307	0.031177	0.036632	0.03979	0.014809	0.014301	0.007704	0.021466	0.010016	0.000493	0.011377	0.031398	0.013263	0.017277	0.000103	0.036214	0.01637	0.039374	0.028514	0.028873	0.037299	0.009012	0.024222	0.039791	0.018999	0.01756	0.038049	0.013272	0.011436	0.016414	0.026465	
0.030021	0.035796	0.02721	0.004639	0.018696	0.030868	0.001566	0.019513	0.014633	0.031262	0.024845	0.019438	0.00873	0.007655	0.010209	0.02576	0.028864	0.019615	0.02894	0.020337	0.024718	0.020126	0.024834	0.018014	0.007741	0.019299	0.021172	0.013666	0.034394	0.035735	0.002982	0.013053	0.002697	0.009087	0.023135	0.003333	0.029462	0.022704	0.012125	0.02878	0.012813	0.000344	0.028522	0.015378	0.028523	0.033642	0.01022	0.034332	0.028194	0.032378	
0.031162	0.036867	0.001732	0.027404	0.023838	0.027697	0.015826	0.029807	0.036917	0.013645	0.024358	0.013183	0.030022	0.020125	0.024193	0.023151	0.011436	0.006607	0.023869	0.019942	0.030208	0.004005	0.022539	0.005117	0.027069	0.019223	0.011249	0.004944	0.029192	0.032817	0.012346	0.020045	0.021442	0.029863	0.024236	0.006752	0.001006	0.023793	0.034145	0.013869	0.009954	0.019452	0.018063	0.021629	0.026303	0.027083	0.012065	0.014732	0.010163	0.024915	
0.013913	0.01285	0.023747	0.037725	0.035992	0.018958	0.031874	0.015475	0.037388	0.025752	0.034425	0.022083	0.030503	0.002677	0.007593	0.016203	0.03812	0.015548	0.025287	0.000101	0.036354	0.03462	0.022423	0.000818	0.025284	0.0116	0.018561	0.014195	0.001345	0.01905	0.01986	0.012949	0.022381	0.004204	0.032808	0.006717	0.014528	0.008193	0.020923	0.019752	0.017861	0.024826	0.032157	0.002304	0.035074	0.035326	0.011121	0.000987	0.038459	0.009106	
0.029998	0.003483	0.037718	0.027874	0.022451	0.023996	0.001567	0.004871	0.02118	0.020988	0.015758	0.028836	0.013923	0.02519	0.014254	0.039616	0.023683	0.021678	0.006861	0.00375	0.018053	0.014804	0.010937	0.011091	0.019502	0.002851	0.01099	0.032474	0.039981	0.011504	0.022124	0.004748	0.02496	0.009646	0.036798	0.034378	0.014898	0.017406	0.019659	0.000873	0.035996	0.01918	0.008286	0.012108	0.033041	0.037424	0.015221	0.038801	0.02356	0.031031	
0.035217	0.00693	0.003527	0.002662	0.007002	0.008959	0.01201	0.027408	0.010082	0.004511	0.027978	0.023106	0.009875	0.009341	0.035067	0.034675	0.016525	0.023991	0.035079	0.009696	0.02059	0.00989	0.030545	0.012322	0.006867	0.033057	0.011294	0.025335	0.010658	0.019914	0.023848	0.032659	0.013349	0.017342	0.037604	0.0311	0.019545	0.030388	0.035851	0.028511	0.033813	0.028022	0.0092	0.018859	0.039461	0.021605	0.00235	0.029542	0.004258	0.01858	
0.038961	0.021955	0.024351	0.034543	0.019042	0.011443	0.040809	0.029347	0.0156	0.012472	0.003726	0.041021	0.028908	0.025078	0.005846	0.025702	0.005216	0.03713	0.026415	0.011145	0.01479	0.030796	0.015269	0.007534	0.015286	0.031642	0.0008	0.037941	0.016719	0.041147	0.021111	0.028197	0.040831	0.003073	0.033301	0.028477	0.004747	0.014011	0.003066	0.013806	0.000317	0.006166	0.02021	0.022532	0.006266	0.016661	0.008921	0.014402	0.01412	0.029151	
0.011935	0.026364	0.036071	0.029832	0.029439	0.028588	0.005991	0.007217	0.03403	0.003366	0.023149	0.010383	0.03067	0.008203	0.032503	0.035918	0.033928	0.030667	0.017975	0.010649	0.003084	0.035677	0.015024	0.017649	0.005742	0.008317	0.007934	0.022666	0.033243	0.02427	0.019633	0.020368	0.006965	0.020793	0.025962	0.034764	0.000576	0.033575	0.027764	0.004344	0.005457	0.020414	0.002103	0.004922	0.027371	0.012584	0.02467	0.033986	0.03759	0.015675	
0.022933	0.022607	0.003435	0.011138	0.028175	0.034016	0.018054	0.015916	0.029326	0.02138	0.011198	0.032178	0.010591	0.012127	0.038585	0.010875	0.015246	0.020711	0.008703	0.019145	0.033152	0.034295	0.014952	0.025332	0.006611	0.00718	0.021437	0.008092	0.030313	0.039014	0.001392	0.001382	0.023745	0.034376	0.010912	0.033686	0.018091	0.013645	0.030284	0.006987	0.017345	0.018297	0.010084	0.035463	0.00624	0.037795	0.008076	0.029112	0.02108	0.035291	
0.035442	0.020169	0.017024	0.022369	0.029388	0.03119	0.012933	0.022517	0.015431	0.0212	0.023032	0.030711	0.027804	0.028356	0.016094	0.010209	0.03443	0.002197	0.027665	0.01279	0.010248	0.006991	0.025583	0.01465	0.023676	0.021818	0.002388	0.030345	0.016147	0.02919	0.030896	0.013311	0.035365	0.035158	0.021727	0.016713	0.008716	0.027931	0.033937	0.020917	0.015107	0.008661	0.004356	0.01572	0.019272	0.007382	0.030817	0.000795	0.028585	0.002647	
0.01947	0.014524	0.020702	0.025197	0.013737	0.016312	0.029261	0.007674	0.028711	0.008053	0.002029	0.01483	0.02891	0.039773	0.037237	0.02791	0.015113	0.000525	0.019303	0.02455	0.014013	0.006747	0.015291	0.027293	0.035718	0.040485	0.001738	0.006518	0.02099	0.011362	0.026017	0.014997	0.010544	0.029076	0.025585	0.037044	0.028754	0.026851	0.012665	0.00229	0.023246	0.004774	0.03445	0.022687	0.029755	0.026227	0.000865	0.017618	0.016154	0.036425	
0.032388	0.03085	0.025301	0.017532	0.028873	0.012715	0.006683	0.018988	0.032314	0.035798	0.006107	0.030555	0.029091	0.002536	0.011063	0.02943	0.015296	0.035674	0.017184	0.014151	0.018542	0.00431	0.016457	0.027897	0.001404	0.006179	0.006045	0.01345	0.028997	0.035223	0.005353	0.022344	0.032161	0.026504	0.016821	0.018166	0.020387	0.025348	0.022953	0.009081	0.007442	0.030879	0.017025	0.004182	0.029709	0.020308	0.019026	0.022827	0.026956	0.031495	
0.007613	0.011239	0.031266	0.00556	0.013576	0.038372	0.024361	0.033339	0.031663	0.001693	0.004245	0.021994	0.033033	0.029579	0.008369	0.028301	0.025275	0.005417	0.033083	0.032134	0.008393	0.02404	0.032293	0.026095	0.019191	0.039898	0.00442	0.019601	0.008147	0.030174	0.038394	0.008136	0.027982	0.016482	0.028733	0.011982	0.027634	0.009262	0.017987	0.02479	0.005721	0.014985	0.03287	0.022831	0.009651	0.000564	0.036742	0.003281	0.028786	0.000823	
0.003944	0.024766	0.042765	0.039919	0.001655	0.002736	0.007796	0.024802	0.036461	0.008236	0.017554	0.029477	0.035607	0.009912	0.015386	0.008074	0.040079	0.007347	0.034025	0.028344	0.016228	0.024796	0.018716	0.033255	0.021078	0.024486	0.041455	0.020795	0.03246	0.017144	0.026491	0.020926	0.043036	0.025378	0.001502	0.019383	0.013545	0.034089	0.012218	0.005813	0.01393	0.026601	0.019446	0.001416	0.003648	0.008556	0.005576	0.000169	0.025864	0.023115	
0.023461	0.004333	0.02903	0.030253	0.038398	0.002657	0.007381	0.026263	0.007111	0.002532	0.022287	0.022135	0.04057	0.039863	0.035969	0.020797	0.031439	0.038563	0.024912	0.024676	0.004719	0.024227	0.030853	0.016239	0.01192	0.028086	0.004826	0.036554	0.026841	0.015754	0.000893	0.031275	0.006423	0.008952	0.023261	0.007632	0.013498	0.012687	0.00551	0.010737	0.026912	0.023823	0.028011	0.011834	0.015533	0.023002	0.012178	0.029011	0.034096	0.002083	
0.028727	0.000133	0.019727	0.032993	0.018825	0.026521	0.023239	0.023827	0.007585	0.029597	0.001622	0.025657	0.002376	0.027573	0.025627	0.030323	0.021281	0.025538	0.013831	0.011859	0.022939	0.020997	0.002062	0.026382	0.029035	0.013108	0.031231	0.02545	0.026791	0.030127	0.013819	0.024001	0.032979	0.011936	0.03221	0.004581	0.020921	0.026296	0.023586	0.001453	0.009219	0.025872	0.012105	0.023007	0.023252	0.018369	0.006484	0.022799	0.010735	0.031393	
0.019392	0.017969	0.011629	0.024672	0.02861	0.025088	0.035411	0.029872	0.027073	0.029463	0.033637	0.010373	0.0023	0.017331	0.006491	0.022177	0.03375	0.025437	0.003492	0.035042	0.003276	0.028047	0.01674	0.009013	0.015564	0.033236	0.034736	0.011716	0.031321	0.012108	0.025159	0.001168	0.006884	0.01153	0.031885	0.008039	0.031597	0.029977	0.003247	0.022662	0.02022	0.002761	0.024996	0.016842	0.025302	0.020577	0.008662	0.023224	0.012726	0.037576	
0.028909	0.030659	0.036643	0.039086	0.008758	0.01703	0.011128	0.01516	0.013046	0.034519	0.04528	0.018456	0.010926	0.024726	0.022108	0.014406	0.011833	0.042986	0.026211	0.010441	0.029358	0.014287	0.003689	0.01075	0.001109	0.010886	0.00517	0.032908	0.018836	0.021616	0.007738	0.035149	0.031136	0.017389	0.016925	0.026325	0.011856	0.027628	0.020036	0.044006	0.002357	0.04525	0.005238	0.008	0.022483	0.003503	0.017302	0.017679	0.025728	0.003352	
0.037671	0.004462	0.005487	0.00797	0.042071	0.020863	0.015498	0.004669	0.041915	0.013846	0.04101	0.023779	0.011115	0.022089	0.017689	0.027049	0.016485	0.042017	0.019987	0.00711	0.025301	0.037248	0.024277	0.009208	0.00734	0.01202	0.033402	0.029965	0.009074	0.007327	0.019076	0.000588	0.036505	0.014526	0.013004	0.0058	0.041351	0.0171	0.005099	0.020952	0.036598	0.011627	0.008459	0.010413	0.038964	0.003475	0.01672	0.038336	0.034614	0.008849	
0.025029	0.024177	0.029237	0.025382	0.006754	0.006872	0.023065	0.010479	0.022847	0.019689	0.002303	0.032951	0.03048	0.009936	0.013236	0.031581	0.032763	0.035422	0.031681	0.015991	0.004337	0.03543	0.025275	0.028933	0.02603	0.009873	0.000497	0.022848	0.022884	0.03519	0.036782	0.031242	0.030365	0.000473	0.015727	0.018996	0.03329	0.024339	0.000725	0.021665	0.008446	0.003132	0.008909	0.000638	0.033244	0.000236	0.029636	0.014034	0.021617	0.025332	
3.7e-05	0.031411	0.011151	0.033297	0.009554	0.006414	0.02298	0.029241	0.012472	0.034678	0.005192	0.029736	0.012307	0.000827	0.01731	0.005551	0.0364	0.002413	0.000644	0.024354	0.036805	0.02664	0.014517	0.013568	0.014791	0.034552	0.034276	0.026401	0.022267	0.029313	0.035871	0.021585	0.018195	0.011537	0.030897	0.024332	0.015472	0.033942	0.034684	0.030023	0.008574	0.014866	0.003033	4.9e-05	0.035275	0.034386	0.029833	0.002759	0.034184	0.001404	
0.00194	0.030508	0.032795	0.034356	0.003537	0.036267	0.001912	0.004089	0.015092	0.024124	0.008278	0.033656	0.005201	0.001521	0.03819	0.032219	0.015267	0.012785	0.022798	0.011013	0.028542	0.011686	0.005267	0.005923	0.006173	0.038751	0.038426	0.031385	0.005076	0.033292	0.004524	0.03618	0.01983	0.035993	0.038126	0.028545	0.011715	0.027741	0.00996	0.009991	0.024554	0.015196	0.009074	0.036136	0.034483	0.001499	0.027318	0.020232	0.02122	0.017614	
0.034466	0.030688	0.031352	0.02986	0.008754	0.032717	0.035556	0.023225	0.037768	0.010341	0.008543	0.002891	0.022153	0.010146	0.000223	0.008977	0.006229	0.031543	0.033549	0.009739	0.03041	0.03594	0.027838	0.013304	0.018868	0.022006	0.012967	0.026294	0.027527	0.034794	0.004624	0.004543	0.030138	0.036228	0.005065	0.024488	0.03702	0.013563	0.025335	0.004223	0.016224	0.008942	0.006357	0.009575	0.03436	0.000116	0.016738	0.020768	0.033269	0.009756	
0.011731	0.018818	0.004859	0.029407	0.012093	0.001703	0.011445	0.031535	0.023561	0.010949	0.028168	0.009646	0.033743	0.025752	0.028586	0.019985	0.026294	0.018261	0.014245	0.024048	0.029696	0.02428	0.001219	0.024082	0.015208	0.001675	0.025767	0.011932	0.030122	0.014491	0.027965	0.016343	0.029593	0.000928	0.027828	0.02072	0.028187	0.033731	0.029468	0.028044	0.025142	0.008747	0.003963	0.027109	0.009322	0.027177	0.03307	0.025404	0.022027	0.011931	
0.014817	0.042723	0.029799	0.010593	0.034891	0.025207	0.029121	0.000195	0.039531	0.0157	0.016227	0.011374	0.020999	0.030013	0.00773	0.011595	0.010801	0.037196	0.010102	0.024075	0.010015	0.000791	0.00487	0.027991	0.025032	0.040103	0.031642	0.017106	0.00046	0.012011	0.022842	0.005293	0.039391	0.033175	0.032987	0.008449	0.025449	0.008688	0.002143	0.020031	0.03279	0.032566	0.002534	0.032947	0.015006	0.008023	0.015208	0.02243	0.027753	0.019585	
0.022843	0.02565	0.009852	0.01972	0.027213	0.035005	0.016281	0.011439	0.016812	0.018149	0.036711	0.021909	0.036992	0.032778	0.000471	0.026061	0.033335	0.023421	0.002073	0.025242	0.017408	0.019392	0.01613	0.000138	0.024492	0.006783	0.013755	0.014186	0.02284	0.018885	0.019982	0.025917	0.017937	0.005086	0.004949	0.032463	0.012326	0.02576	0.032728	0.02188	0.026094	0.005922	0.024391	0.022848	0.007329	0.003793	0.036702	0.024119	0.029385	0.024423	
0.009448	0.005685	0.041909	0.007237	0.015969	0.029397	0.023707	0.027855	0.02157	0.012609	0.036427	0.022912	0.003347	0.023613	0.020287	0.021774	0.022396	0.032041	0.018606	0.020977	0.000881	0.011354	0.007311	0.01635	0.028107	0.002512	0.011731	0.011919	0.02754	0.020348	0.007811	0.00755	0.020302	0.015717	0.034049	0.038254	0.029846	0.001728	0.018833	0.028663	0.026629	0.003136	0.001562	0.034041	0.031898	0.016086	0.023365	0.018312	0.044103	0.042296	
0.030844	0.03355	0.034784	0.00197	0.032669	0.030148	0.037893	0.004974	0.033286	0.002803	0.025537	0.034952	0.019621	0.0116	0.004231	0.032571	0.003504	0.010984	0.030941	0.01352	0.005297	0.004513	0.033267	0.007042	0.020863	0.001062	0.016016	0.004743	0.023688	0.03023	0.030413	0.009423	0.004312	0.014328	0.025387	0.027087	0.032465	0.021131	0.028345	0.019459	0.020093	0.009084	0.035325	0.02337	0.00799	0.016607	0.027598	0.01866	0.037019	0.014801	
0.020923	0.012006	0.014721	0.018409	0.026946	0.020305	0.003579	0.010918	0.038918	0.01891	0.007669	0.026492	0.032426	0.027827	0.026917	0.030571	0.021416	0.014563	0.021788	0.009138	0.005512	0.002158	0.022425	0.003649	0.028573	0.017586	0.025062	0.032671	0.022714	0.007206	0.007042	0.028839	0.031728	0.038174	0.026517	0.00945	0.034067	0.016682	0.03434	0.015131	0.039669	0.027609	0.009902	0.02107	0.012621	0.024924	0.021693	0.011733	0.003172	0.013639	
0.022352	0.005006	0.037199	0.035407	0.018463	0.016627	0.002021	0.012122	0.036342	0.000951	0.016935	0.031451	0.020883	0.037688	0.010074	0.023086	0.018877	0.009786	0.005302	0.03262	0.02596	0.036845	0.007067	0.008121	0.032748	0.002572	0.026541	0.012857	0.019911	0.025059	0.019971	0.025636	0.001496	0.011912	0.031861	0.017701	0.001157	0.033271	0.028691	0.023881	0.020042	0.03609	0.034893	0.034183	0.019412	0.013833	0.009638	0.018188	0.024875	0.002396	
0.017534	0.036446	0.000948	0.034109	0.018456	0.006105	0.024442	0.007678	0.034417	0.032826	0.032111	0.00163	0.02863	0.02088	0.016148	0.014816	0.013064	0.027526	0.031091	0.011195	0.013419	0.036494	0.01695	0.026442	0.017116	0.034864	0.001824	0.035441	0.030496	0.005295	0.012726	0.016893	0.016869	0.034144	0.017271	0.033191	0.014884	0.036743	0.013142	0.016474	0.018941	0.010881	0.017952	0.023021	0.014872	0.004994	0.013321	0.031881	0.000803	0.022604	
0.036495	0.025771	0.009094	0.017219	0.028487	0.014947	0.036619	0.029755	0.017187	0.017464	0.012454	0.035718	0.001476	0.028216	0.009644	0.010159	0.007039	0.010486	0.03555	0.028064	0.01912	0.008654	0.026845	0.039164	0.029631	0.005906	0.027472	0.026713	0.000545	0.038049	0.002954	0.010198	0.039052	0.003133	0.01885	0.024097	0.005679	0.03589	0.010027	0.024768	0.006727	0.004907	0.036341	0.033045	0.033009	0.007556	0.012431	0.02945	0.015842	0.012101	
0.017089	0.017989	0.02289	0.009909	0.011099	0.021822	0.029179	0.022044	0.036398	0.025689	0.000323	0.037776	0.029018	0.020348	0.036081	0.029787	0.029502	0.0278	0.015909	0.015492	0.008239	0.036863	0.025702	0.003475	0.02653	0.01947	0.013406	0.006789	0.012605	0.008209	0.034528	0.012438	0.036781	0.026712	0.010197	0.020892	0.01828	0.021639	0.000204	0.030759	0.009431	0.035521	0.003995	0.002223	0.037808	0.016833	0.028176	0.026722	0.008367	0.001062	
0.033998	0.023906	0.024756	0.014669	0.004489	0.025259	0.031799	0.004626	0.02697	0.032244	0.035754	0.028238	0.029922	0.031229	0.002786	0.001105	0.036915	0.018524	0.008634	0.01749	0.009741	0.008381	0.004829	0.035348	0.036506	0.027109	0.010341	0.019607	0.031814	0.006207	0.010432	0.0009	0.021472	0.007882	0.036561	0.036465	0.013699	0.027306	0.014937	0.024703	0.024906	0.007576	0.004685	0.021851	0.020748	0.031235	0.005699	0.020854	0.011069	0.033824	
0.025641	0.004535	0.021764	0.001356	0.020595	0.03656	0.035251	0.014234	0.020806	0.019186	0.006555	0.030627	0.018708	0.019387	0.028235	0.002505	0.027634	0.014537	0.027552	0.025353	0.018701	0.007721	0.032215	0.024406	0.01409	0.017572	0.031404	0.028885	0.032611	0.007524	0.000488	0.024108	0.000327	0.013723	0.000117	0.021621	0.023248	0.017392	0.022678	0.016651	0.036118	0.030128	0.015782	0.027337	0.005679	0.027799	0.00279	0.033273	0.032513	0.032078	
0.000646	0.019676	0.008426	0.019652	0.001438	0.03817	0.039149	0.02188	0.004143	0.009191	0.001383	0.027002	0.009963	0.004773	0.028782	0.022567	0.025293	0.006108	0.044056	0.016962	0.003356	0.026523	0.015343	0.010416	0.00652	0.025236	0.022147	0.006901	0.026466	0.006341	0.01994	0.037285	0.00578	0.022232	0.01945	0.040284	0.019899	0.001411	0.027795	0.034507	0.038603	0.041303	0.015663	0.036544	0.009962	0.03011	0.011065	0.010688	0.036766	0.042204	
0.041123	0.034979	0.014461	0.038254	0.017834	0.03921	0.010166	0.023092	0.029671	0.003146	0.022942	0.016776	0.015781	0.016467	0.017293	0.002444	0.003269	0.028788	0.008011	0.036337	0.029983	0.033427	0.011738	0.010155	0.034282	0.000366	0.024748	0.013881	0.006266	0.035674	0.003995	0.00042	0.01484	0.022779	0.035056	2.8e-05	0.019467	0.040884	0.007506	0.038063	0.002136	0.037832	0.008641	0.020579	0.02051	0.016036	0.012385	0.035535	0.019642	0.023102	
0.028238	0.029339	0.001619	0.032606	0.035842	0.017059	0.036918	0.008976	0.014033	0.002171	0.023765	0.01062	0.018384	0.004251	0.003728	0.036907	0.015827	0.006779	0.033811	0.025366	0.028415	0.025406	0.021382	0.003745	0.010061	0.005171	0.023892	0.022578	0.019318	0.019331	0.009443	0.032442	0.003492	0.017861	0.007998	0.024091	0.027563	0.028381	0.036252	0.013535	0.01756	0.001606	0.02727	0.032161	0.038256	0.012246	0.03613	0.015748	0.013997	0.03843	
0.035184	0.03555	0.037316	0.00689	0.02298	0.034195	0.028927	0.006693	0.0378	0.001582	0.031958	0.02558	0.020854	0.006147	0.035147	0.000932	0.028744	0.008673	0.039181	0.037535	0.018467	0.001767	0.016285	0.007695	0.031198	0.014217	0.033431	0.023985	0.037628	0.029872	0.006114	0.009719	0.014355	0.030991	0.027882	0.036314	0.003014	0.029807	0.01602	0.00844	0.023882	0.006684	0.031097	0.005304	0.028049	0.001683	0.01055	0.002809	0.007526	0.003347	
0.028254	0.039307	0.033949	0.013721	0.0026	0.004614	0.041658	0.03858	0.014143	0.035548	0.008601	0.031483	0.015923	0.024822	0.029218	0.007596	0.015994	0.011035	0.025904	0.035719	0.016857	0.028846	0.02237	0.038707	0.038568	0.003094	0.015372	0.021416	0.034212	0.007907	0.029233	0.010766	0.000791	0.02358	0.005685	0.026923	0.01176	0.008269	0.004474	0.01831	0.009583	0.040813	0.006155	0.00857	0.023268	0.009233	0.028525	0.00525	0.025856	0.016938	
0.012599	0.042745	0.025194	0.013659	0.020618	0.038288	0.020222	0.027926	0.027192	0.028731	0.020749	0.028738	0.004763	0.005804	0.030471	0.039017	0.013978	0.032102	0.036037	0.004166	0.03225	0.039863	0.005185	0.008458	0.015891	0.03374	0.001443	0.000352	0.014728	0.007104	0.027816	0.01624	0.002327	0.007823	0.005008	0.031677	0.018527	0.008482	0.030482	0.007619	0.019593	0.040442	0.02288	0.010285	0.025529	0.003137	0.035558	0.015189	0.017995	0.021378	
0.006093	0.025053	0.019399	0.002076	0.006042	0.015803	0.006406	0.015359	0.022127	0.021228	0.008418	0.010979	0.035417	0.038509	0.020925	0.036672	0.020082	0.021548	0.001734	0.00103	0.016596	0.018681	0.018253	0.002734	0.036096	0.03253	0.029282	0.008529	0.026671	0.038025	0.035184	0.032774	0.017443	0.029805	0.029062	0.024659	0.011996	0.010391	0.03567	0.000804	0.037699	0.023493	0.036092	0.010202	0.020204	0.028457	0.006324	0.020808	0.007118	0.019518	
0.029478	0.012769	0.002448	0.019926	0.028495	0.02696	0.034531	0.035526	0.010623	0.016208	0.03008	0.015033	0.016633	0.02588	0.001484	0.026346	0.01503	0.030606	0.014952	0.034449	0.032131	0.009407	0.031073	0.034986	0.001084	0.030466	0.009859	0.000579	0.015137	0.003952	0.03662	0.035056	0.018793	0.016537	0.021094	0.036887	0.01614	0.015307	0.02723	0.002153	0.02775	0.014231	0.036681	0.032004	0.001816	0.014238	0.010623	0.003095	0.021558	0.016056	
0.021831	0.016801	0.0353	0.030291	0.038257	0.028507	0.018345	0.000591	0.003914	0.018434	0.007163	0.006453	0.036177	0.010837	0.0379	0.002961	0.018328	0.012772	0.006032	0.002407	0.000419	0.006029	0.030758	0.010559	0.001969	0.039696	0.022322	0.031486	0.00977	0.019201	0.035271	0.026557	0.01625	0.039343	0.020391	0.019176	0.000687	0.033843	0.019857	0.028242	0.023824	0.016368	0.038096	0.037248	0.040718	0.006893	0.028483	0.017469	0.019213	0.006561	
0.00851	0.043295	0.030899	0.001098	0.019148	0.029805	0.025209	0.014745	0.021635	0.008362	0.020171	0.04011	0.009746	0.001639	0.031428	0.039919	0.021499	0.003311	0.021369	0.033924	0.003724	0.017986	0.022403	0.038508	0.024203	0.020399	0.015709	0.031845	0.008872	0.017259	0.01379	0.026337	0.010909	0.009379	0.024573	0.028779	0.001461	0.006672	0.018138	0.031549	0.032328	0.02766	0.019706	0.00304	0.003928	0.030888	0.026341	0.016596	0.04022	0.000976	
0.035179	0.020802	0.00381	0.020734	0.008768	0.002711	0.005647	0.01871	0.030115	0.028849	0.026805	0.029154	0.011462	0.020346	0.026937	0.015324	0.015156	0.023727	0.029451	0.01485	0.001209	0.038279	0.024004	0.014088	0.02252	0.034509	0.015159	0.025061	0.0007	0.02071	0.002203	0.004396	0.018	0.030521	0.006818	0.026866	0.034677	0.015254	0.023479	0.032663	0.030268	0.035706	0.022518	0.006167	0.023456	0.012159	0.004906	0.019479	0.035575	0.030113	
0.031804	0.041893	0.008496	0.022771	0.036339	0.009013	0.04	0.003754	0.017263	0.004919	0.009065	0.000925	0.014085	0.039116	0.009246	0.001505	0.029157	0.020167	0.011089	0.034655	0.007589	0.040631	0.019173	0.016766	0.011792	0.00904	0.026535	0.039037	0.036277	0.036943	0.027351	0.008499	0.004131	0.000974	0.008675	0.026595	0.031691	0.001306	0.041131	0.03479	0.010339	0.006568	0.01602	0.013643	0.000313	0.029603	0.034921	0.010009	0.040487	0.023909	
0.00405	0.034917	0.009589	0.031862	0.027484	0.028369	0.012594	0.0252	0.03187	0.0349	0.029778	0.025789	0.022827	0.011453	0.00397	0.013251	0.008006	0.035759	0.011166	0.018142	0.027644	0.021169	0.027668	0.02661	0.015218	0.033081	0.001741	0.013168	0.008706	0.030495	0.016877	0.007935	0.013876	0.01657	0.025794	0.010088	0.029499	0.030373	0.02584	0.009738	0.014742	0.024231	0.003696	0.018457	0.008861	0.029277	0.035615	0.028852	0.00043	0.022773	
0.030284	0.024005	0.017228	0.011171	0.038868	0.030002	0.023026	0.025467	0.021007	0.031538	0.021626	0.025662	0.000478	0.021572	0.023395	0.030651	0.025957	0.016689	0.010286	0.04104	0.019154	0.034785	0.035337	0.000917	0.009622	0.007265	0.010512	0.032191	0.00641	0.013854	0.005234	0.038534	0.018405	0.005328	0.014359	0.013913	0.041511	0.005155	0.04002	0.004542	0.002738	0.02623	0.007156	0.014898	0.038375	0.014174	0.017649	0.002732	0.009964	0.039084	
0.002574	0.038175	0.028499	0.005224	0.010345	0.028376	0.018922	0.001687	0.027943	0.020846	0.013648	0.034596	0.006308	0.001072	0.033558	0.009257	0.013428	0.014961	0.028667	0.02853	0.026914	0.024202	0.010689	0.026145	0.024754	0.010378	0.023441	0.019793	0.034949	0.016834	0.032875	0.011891	0.011521	0.03174	0.037156	0.003777	0.033043	0.00871	0.037823	0.007389	0.026412	0.036483	0.027712	0.0036	0.003379	0.037901	0.008336	0.023544	0.022768	0.009225	
0.037911	0.010196	0.007619	0.026548	0.024204	0.021835	0.005727	0.012199	0.003647	0.026548	0.041203	0.005637	0.007722	0.012423	0.035838	0.013244	0.045072	0.016869	0.014577	0.014024	0.015133	0.02665	0.004491	0.007412	0.015438	0.038023	0.037162	0.029891	0.007151	0.000899	0.044632	0.007693	0.033877	0.015847	0.026766	0.035702	0.010698	0.015843	0.015369	0.037164	0.022665	0.044071	0.019335	0.007529	0.024274	0.015565	0.009452	0.016779	0.030676	0.00077	
0.000102	0.021284	0.022751	0.031537	0.00852	0.031015	0.000539	0.038187	0.008074	0.013284	0.036888	0.018374	0.01021	0.006022	0.000884	0.035399	0.041107	0.0194	0.018617	0.031639	0.032147	0.021022	0.00412	0.032638	0.018924	0.011054	0.005505	0.018491	0.027715	0.008843	0.030111	0.006836	0.016885	0.038938	0.020312	0.016744	0.032326	0.038467	0.010135	0.012644	0.00373	0.01277	0.036048	0.01824	0.028099	0.017538	0.008263	0.026348	0.032343	0.018931	
0.026726	0.03411	0.018122	0.03136	0.010511	0.012126	0.001219	0.035739	0.030648	0.004194	0.035873	0.018118	0.015036	0.0202	0.000645	0.005798	0.00536	0.021091	0.013181	0.020057	0.02802	0.017364	0.017519	0.016253	0.037295	0.000372	0.004046	0.032084	0.025117	0.007675	0.005998	0.02978	0.01086	0.030337	0.006735	0.034164	0.020549	0.032077	0.03384	0.033027	0.036581	0.037161	0.016083	0.013538	0.035992	0.030942	0.01618	0.003636	0.015931	0.01073	
0.012804	0.014216	0.026754	0.027521	0.028249	0.02695	0.00986	0.028201	0.007708	0.031652	0.0012	0.008992	0.020344	0.008003	0.00654	0.030404	0.012311	0.010668	0.007312	0.023425	0.026655	0.026519	0.025853	0.030058	0.019964	0.035313	0.024286	0.036066	0.021098	0.018679	0.00466	0.026841	0.007618	0.035796	0.002159	0.014365	0.038272	0.010197	0.038047	0.021538	0.007821	0.038277	0.032071	0.017792	0.017217	0.022913	0.000579	0.023365	0.024314	0.008553	
0.029273	0.018181	0.039195	0.01379	0.039541	0.032996	0.024056	0.03761	0.027098	0.004342	0.023773	0.023535	0.023793	0.039645	0.040074	0.033772	0.015968	0.018415	0.00286	0.039676	0.019164	0.031717	0.030262	0.01012	0.020092	0.035003	0.008455	0.005773	0.007192	0.014261	0.003074	0.018284	0.034059	0.002513	0.003227	0.006667	0.018678	0.022725	0.008226	0.015924	0.033205	0.00618	0.007594	0.016226	0.006527	0.02989	0.011846	0.032552	0.002025	0.010946	
0.028973	0.015006	0.013293	0.029852	0.005978	0.002127	0.00165	0.024067	0.009042	0.017108	0.021004	0.007884	0.008709	0.01798	0.008535	0.010311	0.008796	0.022069	0.009059	0.004777	0.032031	0.005662	0.002971	0.017997	0.014306	0.034559	0.036852	0.022789	0.028474	0.012111	0.036389	0.008239	0.044054	0.025423	0.01809	0.015655	0.026832	0.042363	0.034642	0.0284	0.033712	0.038061	0.028857	0.022531	0.019747	0.01014	0.013833	0.028995	0.009785	0.04028	
0.011003	0.033401	0.015573	0.039309	0.007622	0.001503	0.016866	0.017945	0.000715	0.015921	0.003122	0.002739	0.015639	0.013365	0.036446	0.025029	0.027168	0.017993	0.035641	0.004716	0.01797	0.015449	0.034239	0.013684	0.004355	0.030347	0.01027	0.02438	0.03435	0.044001	0.030562	0.010481	0.00087	0.041285	0.012518	0.02123	0.039619	0.006994	0.013822	0.038674	0.034015	0.005852	0.039346	0.029018	0.008517	0.032574	0.019604	0.010073	0.02718	0.007005	
0.040566	0.014976	0.015615	0.025613	0.000946	8.9e-05	0.008232	0.015616	0.035197	0.025658	0.023314	0.039748	0.014482	0.04177	0.031182	0.03289	0.038561	0.021587	0.026091	0.021744	0.016158	0.027499	0.036705	0.018193	0.033865	0.031658	0.018254	0.00168	0.001581	0.012329	0.023045	0.023682	0.03214	0.005538	0.012059	0.00683	0.028643	0.002266	0.017723	0.017675	0.025695	0.010421	0.001786	0.018828	0.015072	0.006666	0.023179	0.008362	0.027046	0.021545	
0.046028	0.04119	0.030286	0.023245	0.009268	0.000212	0.032569	0.002468	0.047486	0.027786	0.024321	0.005782	0.009008	0.003078	0.001986	0.025955	0.004101	0.046845	0.013978	0.009538	0.024755	0.013482	0.018621	0.01286	0.032452	0.007055	0.040874	0.028471	0.034904	0.004802	0.007449	0.047816	0.000812	0.023287	0.019606	0.024783	0.046485	0.026416	0.03174	0.000875	0.011119	0.004955	0.006719	0.009106	0.012518	0.012748	0.029275	0.035595	0.004518	0.020772	
0.026334	0.012151	0.029017	0.023236	0.020541	0.020215	0.033858	0.0409	0.021419	0.012976	0.007827	0.012294	0.021137	0.009081	0.016623	0.006449	0.038444	0.0247	0.004769	0.011009	0.015895	0.019634	0.017563	0.00624	0.001622	0.031075	0.032928	0.018798	0.019436	0.029825	0.009851	0.031927	0.034024	0.013157	0.003477	0.029354	0.028947	0.006481	0.004377	0.007565	0.008427	0.021099	0.027441	0.032861	0.014989	0.041358	0.035301	0.033423	0.018645	0.0113	
0.009841	0.02891	0.012102	0.012733	0.037599	0.029695	0.037659	0.028604	0.038317	0.023025	0.009197	0.01877	0.024073	0.003781	0.021126	0.028685	0.005859	0.029371	0.039553	0.005613	0.029746	0.019842	0.010843	0.001311	0.028459	0.016441	0.034029	0.034499	0.025973	0.013577	0.005606	0.002658	0.021332	0.028911	0.009787	0.020425	0.004353	0.026102	0.035793	0.037077	0.038659	0.022109	0.013029	0.008786	0.002998	0.003358	0.030356	0.014688	0.007781	0.006959	
0.017712	0.001807	0.020693	0.021574	0.030751	0.029739	0.026972	0.024242	0.031932	0.022492	0.035527	0.008883	0.031047	0.033416	0.027383	0.035936	0.039382	0.00828	0.012195	0.014847	0.005231	0.017384	0.00995	0.004925	0.025156	0.017085	0.021351	0.021516	0.013528	0.013897	0.01227	0.039437	0.005631	0.007507	0.002449	0.038623	0.012995	0.018174	0.02847	0.012998	0.028353	0.037566	0.019899	0.019107	0.01662	0.019135	0.008836	0.004437	0.025787	0.016873	
0.01576	0.000611	0.022554	0.021281	0.034126	0.029837	0.020874	0.002629	0.033889	0.001052	0.007072	0.026487	0.025696	0.038337	0.020363	0.009963	0.025981	0.015189	0.04394	0.018665	0.028037	0.033219	0.033101	0.016836	0.006143	0.004448	0.007465	0.011323	0.02479	0.022028	0.028056	0.015821	0.015205	0.016355	0.018022	0.028506	0.008065	0.027381	0.026979	0.019799	0.023747	0.004591	0.006497	0.027039	0.002213	0.008645	0.034562	0.026665	0.019902	0.040254	
0.005294	0.002911	0.000652	0.00031	0.024661	0.016517	0.008455	0.010279	0.01178	0.038249	0.009811	0.039698	0.034125	0.016772	0.011812	0.005582	0.010152	0.034072	0.021622	0.019976	0.022294	0.038293	0.008321	0.040071	0.034308	0.023036	0.015219	0.035529	0.026869	0.018251	0.003844	0.000895	0.032112	0.02614	0.007131	0.032832	0.019377	0.006297	0.005253	0.034281	0.028317	0.029721	0.023525	0.030415	0.007062	0.017014	0.032015	0.026868	0.012517	0.039463	
0.031979	0.012426	0.031685	0.045479	0.023346	0.043826	0.024514	0.002401	0.001077	0.033968	0.008255	0.019738	0.018403	0.001517	0.002271	0.019714	0.001943	0.038014	0.010865	0.015998	0.024863	0.021189	0.013034	0.008399	0.008198	0.015602	0.023955	0.021178	0.029406	0.000565	0.028287	0.047809	0.014812	0.027518	0.036383	0.003401	0.032305	0.012769	0.002094	0.017939	0.046774	0.010942	0.007276	0.040212	0.028564	0.025693	0.044863	0.003513	0.001087	0.013951	
0.033585	0.032308	0.018604	0.029977	0.029096	0.036746	0.011003	0.03195	0.015637	0.033605	0.017226	0.02575	0.003895	0.02295	0.033877	0.008492	0.021609	0.017552	0.004355	0.029722	0.025872	0.017408	0.028068	0.013679	0.036247	0.021358	0.003659	0.030356	0.013502	0.001542	0.007531	0.021609	0.022216	0.011872	0.00444	0.024454	0.012012	0.02946	0.015171	0.010721	0.003437	0.034198	0.010163	0.021456	0.018908	0.010897	0.02371	0.028836	0.031983	0.007296	
0.008615	0.022487	0.033223	0.00452	0.035986	0.023169	0.037245	0.013306	0.004407	0.027079	0.008573	0.015923	0.01133	0.039247	0.005451	0.030117	0.032521	0.01919	0.031261	0.03402	0.026513	0.029292	0.011044	0.024775	0.026993	0.030967	0.027115	0.0246	0.026724	0.000246	0.016276	0.014254	0.001013	0.011484	0.003403	0.018495	0.035759	0.028492	0.030742	0.024467	0.02733	0.008641	0.001377	0.004701	0.022223	0.025575	0.00387	0.032907	0.007353	0.015699	
0.006188	0.006802	0.026217	0.019607	0.019193	0.003633	0.028637	0.010695	0.000483	0.032455	0.007441	0.01755	0.021414	0.022211	0.027507	0.012448	0.002484	0.021306	0.012989	0.027725	0.036625	0.030585	0.024918	0.020213	0.028612	0.019338	0.008001	0.018462	0.011421	0.024018	0.027462	0.030605	0.036806	0.022768	0.033328	0.012748	0.031836	0.012396	0.009487	0.023325	0.036671	0.013886	0.008516	0.032652	0.004841	0.035917	0.002043	0.034319	0.023355	0.017861	
0.005393	0.014771	0.007084	0.017019	0.019006	0.034303	0.0291	0.00347	0.003251	0.035159	0.014322	0.030666	0.009764	0.037282	0.009098	0.020313	0.021463	0.016703	0.023895	0.009327	0.017722	0.0095	0.000665	0.010668	0.008584	0.035676	0.032494	0.030117	0.017516	0.032723	0.001455	0.017134	0.032993	0.018652	0.032539	0.007446	0.024157	0.037078	0.017089	0.031637	0.013486	0.006547	0.020411	0.031706	0.014177	0.028611	0.024511	0.026877	0.018953	0.037487	
0.010118	0.022933	0.03179	0.018196	0.007087	0.015102	0.019866	0.037529	0.021188	0.017594	0.03216	0.004726	0.035893	0.022285	0.01769	0.019012	0.020454	0.017252	0.025912	0.023027	0.029351	0.005376	0.033158	0.032035	0.036363	0.010199	0.025753	0.026044	0.028793	0.027579	0.003128	0.028414	0.00015	0.038468	0.00978	0.002088	0.031883	0.00587	0.006182	0.00463	0.016539	0.038063	0.001978	0.017855	0.022068	0.024944	0.012827	0.022776	0.035862	0.00203	
0.34