50
2
0.319244	-0.972716	-0.225893	-0.00375	-0.952279	0.20085	-0.402824	0.06006	0.856626	-0.977394	-0.220492	-0.016541	0.976751	-0.036323	0.753372	0.814179	0.70977	0.772507	-0.072464	-0.810468	-0.161245	-0.092175	0.579635	-0.972098	0.416363	-0.85086	-0.462019	0.708368	-0.449724	0.129982	0.778795	-0.020106	-0.351899	0.352948	0.657102	0.148787	-0.161379	0.520615	0.164805	-0.326244	-0.489408	-0.042647	0.211591	0.255222	0.011988	-0.719675	0.975558	-0.335379	0.202866	-0.390321	
-0.03006	0.797717	-0.672011	-0.365317	-0.952645	0.999173	0.559809	-0.060804	0.068992	0.337133	-0.574515	-0.441834	0.34255	0.876682	0.568142	0.019076	-0.166351	-0.451971	-0.616584	0.02359	0.280439	-0.544951	-0.044401	0.649802	0.029565	-0.175618	0.705213	-0.492057	0.650851	-0.496328	0.055078	-0.638492	0.840815	-0.15173	0.298206	0.904228	-0.473428	-0.973204	0.34845	-0.248671	-0.050767	-0.079812	-0.320223	-0.414368	0.228745	0.288428	0.640638	-0.284962	0.905532	0.610669	
0.092739	0.910552	0.373039	0.885875	-0.100917	-0.088199	0.475616	0.058802	0.895132	0.052971	-0.832834	-0.060514	-0.04351	-0.367819	0.158453	-0.519188	-0.40941	0.634378	-0.141987	-0.823898	0.524984	-0.435443	0.027594	0.437903	0.636696	-0.868705	0.641202	0.495679	-0.962218	-0.240359	-0.300687	0.442549	0.541486	-0.994321	-0.658394	0.574274	0.365468	0.216749	-0.116049	-0.408437	-0.056867	-0.43227	-0.1971	-0.542653	-0.00774	-0.103526	-0.732079	-0.755569	-0.306115	-0.498253	
0.156178	0.420129	0.563279	0.16551	-0.88164	-0.472534	0.099102	-0.078084	-0.822991	0.039915	0.92925	0.275007	-0.879796	0.468085	0.135228	-0.861525	0.527465	0.132163	0.665996	-0.876347	0.930231	-0.005121	-0.609726	-0.790789	0.395067	-0.186302	0.914358	0.309489	0.10884	0.431898	-0.548944	-0.721013	-0.077849	-0.564674	0.873551	0.072066	-0.171636	0.380585	0.620602	-0.281677	-0.515165	0.384501	-0.303593	0.791146	0.762025	0.005027	0.566959	0.353833	-0.223651	-0.999149	
0.838354	-0.918769	-0.429943	0.980822	-0.621779	0.089076	0.604221	-0.74234	-0.611105	-0.450358	0.019103	-0.858906	0.796204	0.989512	0.996538	0.111063	-0.941664	0.962683	0.635498	0.602486	0.861332	-0.183488	0.606952	0.873587	0.934246	0.311113	0.429164	-0.473156	-0.914423	-0.620444	-0.306988	0.08102	-0.701093	-0.437953	0.620091	-0.552047	0.195318	-0.861287	0.587731	-0.622256	0.901311	-0.451741	0.404732	-0.863434	-0.381133	-0.02034	-0.85265	-0.696876	0.703266	0.306357	
-0.888094	0.193702	-0.189843	0.525529	-0.33976	-0.058003	0.305552	-0.201938	-0.075732	-0.864319	-0.024994	-0.9231	0.674658	-0.325001	-0.764394	0.524838	-0.890788	-0.047205	-0.290623	-0.286195	0.79492	0.154609	-0.117133	0.635699	-0.639756	-0.217981	-0.856132	0.050397	0.080529	0.289577	-0.156881	0.286679	0.749022	0.923948	-0.75202	-0.768055	0.608464	0.389525	-0.836804	0.741627	0.360649	0.76509	0.594273	-0.12983	-0.336528	-0.589113	0.49886	-0.750545	0.660383	0.827961	
0.804802	-0.003759	0.049882	0.177389	-0.640242	0.886058	0.531409	-0.261036	-0.164688	0.236493	-0.537807	0.858547	0.960889	0.816362	0.954677	-0.134542	0.633537	0.413013	0.456349	0.283104	0.763657	-0.454615	0.671487	0.112609	0.887773	0.034132	-0.868738	0.963409	0.359912	-0.096364	-0.611546	0.520536	-0.815202	-0.532013	-0.792407	-0.67081	0.416343	0.78542	-0.170194	0.771593	-0.533177	-0.010103	0.260982	-0.085001	0.68109	0.631577	0.779679	-0.625668	-0.006528	0.714021	
0.388357	0.919021	0.341199	-0.618275	-0.182193	-0.544089	0.434334	-0.367839	-0.355864	-0.85774	-0.408493	-0.000643	0.427036	0.654437	-0.357069	-0.628572	-0.855622	0.175939	-0.975809	-0.199147	0.766072	0.602952	-0.678115	0.673525	0.893901	-0.839791	0.172147	-0.729719	0.154054	0.537792	0.809363	-0.03695	-0.747015	0.811105	0.871031	-0.004846	-0.623296	0.360783	-0.098808	-0.506864	-0.223158	-0.497228	-0.005109	0.641992	-0.812221	0.838527	0.139101	0.189513	-0.582286	-0.364859	
-0.763949	0.175145	0.555031	-0.274107	0.853638	-0.993465	0.066657	-0.454778	0.237157	0.831257	0.937997	0.788569	0.135292	-0.417594	0.820096	0.848847	0.208648	0.128604	0.519041	0.700412	0.540517	0.943867	-0.982609	0.329764	0.426256	-0.464041	-0.600097	-0.622005	-0.674649	0.288403	0.493153	-0.632946	0.788605	-0.300455	-0.240654	0.803224	-0.713677	-0.752265	0.772012	0.601916	-0.877933	0.532988	-0.852903	0.457758	-0.155457	-0.345202	0.391292	0.154722	-0.092606	-0.205142	
0.904189	-0.171387	0.058908	0.570147	-0.382252	-0.676403	-0.00972	-0.83569	-0.104989	0.343576	0.496344	-0.734717	-0.027182	0.976033	-0.658545	-0.438443	-0.146146	0.23544	0.639785	-0.083328	0.389402	-0.97554	0.74172	0.94601	-0.938992	0.617192	-0.939303	0.370234	-0.554121	0.367267	0.438243	0.881151	-0.594487	0.967997	0.563201	0.062701	-0.142415	0.781753	0.880625	0.360787	-0.725254	0.579334	-0.437607	0.673477	-0.305506	0.723933	0.886476	-0.259055	0.558509	0.431248	
0.902184	0.388208	-0.11385	-0.360953	0.622793	0.167883	0.76154	0.247188	0.458404	-0.492228	-0.811634	0.395574	-0.808234	0.5201	-0.516764	0.897699	0.712396	-0.0969	0.173198	0.1022	0.717645	-0.71411	0.534705	0.889244	-0.741125	0.99435	0.883352	0.014922	-0.864727	-0.968719	-0.563491	-0.771631	-0.322251	-0.830302	-0.595546	-0.264573	0.422456	0.299198	0.870955	-0.585239	-0.93044	-0.851582	-0.339754	0.688988	-0.714617	-0.326574	-0.441412	-0.816069	-0.939742	0.976876	
0.677254	-0.369777	-0.700584	0.228384	0.246438	0.08738	0.092551	-0.063444	0.390287	-0.410686	-0.264858	0.166539	0.33569	-0.267062	-0.921236	-0.846741	-0.66124	-0.714502	0.353603	-0.4476	-0.506573	0.279166	-0.614593	-0.874186	0.396247	0.807429	-0.467305	0.75674	0.19447	-0.080596	-0.309245	-0.308127	0.182458	0.610484	-0.046452	0.398444	0.142135	0.202922	0.031661	-0.599644	0.725458	-0.270177	-0.264423	0.514242	0.864981	0.856428	-0.816461	0.333401	0.983917	-0.786413	
0.947458	-0.005944	0.338759	-0.701107	-0.710914	-0.620922	-0.60409	0.840184	-0.688372	0.068939	-0.623578	0.652012	0.239051	-0.300473	0.040336	0.250623	-0.674388	-0.838665	0.531678	0.196054	0.979535	-0.23222	0.967139	0.122413	0.627554	-0.624692	-0.595969	0.494711	-0.60446	-0.372036	-0.739408	0.767629	-0.289626	-0.953722	-0.590859	-0.699452	0.266865	0.689657	0.769289	0.509355	0.127334	-0.098974	-0.502622	0.796546	0.742947	0.885177	-0.686275	0.391319	0.752009	0.855648	
-0.824717	0.072146	-0.871559	-0.500023	-0.770136	-0.521198	-0.559353	-0.505038	0.657685	0.784512	0.536674	-0.804434	-0.907759	-0.754177	-0.410807	0.183277	0.953034	-0.775519	-0.496918	-0.354406	0.877367	0.021649	0.155996	0.864109	0.433197	0.758361	0.523059	-0.257441	-0.310691	0.696142	-0.627476	-0.41813	0.940331	0.82792	0.773579	-0.056579	-0.446536	-0.157962	-0.509465	0.800235	-0.731889	0.183534	0.845515	0.060834	0.100462	0.176704	0.812915	0.040612	-0.548779	0.12455	
0.672045	0.271599	-0.861775	0.843366	0.609183	-0.076303	0.674898	-0.32646	-0.809097	0.958733	0.549431	0.336042	0.705748	-0.515678	0.696244	0.251881	0.389323	-0.896843	0.891077	0.453546	0.48377	0.320809	0.627678	-0.48368	0.52708	-0.181705	0.366131	0.624842	-0.729162	-0.20813	0.877061	0.807277	0.570736	0.832514	0.42035	0.214446	0.098642	0.160554	0.857679	-0.356648	0.576469	0.190584	0.583752	0.233734	0.588246	-0.17972	0.815763	0.165516	0.988639	0.948596	
0.50608	-0.0809	-0.324813	0.679249	-0.097791	-0.908829	-0.432683	0.756189	0.663534	-0.797422	0.549447	0.624291	-0.15311	0.599487	0.623767	-0.917555	-0.389772	-0.944296	0.377178	0.344013	-0.015678	0.074029	-0.900114	-0.503719	0.482476	-0.132539	0.479736	0.775966	-0.046952	0.460172	-0.84021	0.044908	-0.42545	0.111573	0.739316	-0.01812	-0.323878	0.248697	-0.114618	-0.560577	-0.378066	-0.660577	0.290799	-0.298558	0.912104	0.689242	0.376753	0.648784	0.485213	-0.126183	
-0.658504	0.019522	-0.091523	-0.179336	-0.186698	-0.430867	-0.063952	0.781706	-0.210119	0.884856	-0.051186	0.684099	-0.185901	0.048186	0.878793	-0.674303	-0.256065	-0.834451	0.896021	-0.536112	0.123044	0.581487	-0.192171	-0.416238	-0.411812	0.999635	0.287851	-0.024619	0.458744	-0.033591	-0.48163	-0.170577	-0.457706	-0.460472	-0.813583	-0.687775	-0.977696	0.349016	0.043464	0.982134	0.025634	0.620844	0.349743	0.521952	-0.060098	0.602345	-0.572318	0.289266	0.465833	0.849193	
-0.088008	0.015227	0.018179	0.206139	0.885746	0.111782	0.776477	-0.660069	-0.22365	0.240255	-0.671184	0.502667	0.266876	-0.692674	-0.688649	0.290453	-0.29347	0.427741	-0.673088	-0.89247	0.017809	-0.917231	0.579172	-0.491699	0.646185	0.01733	0.236518	-0.580037	-0.2287	0.064993	-0.867355	0.129998	0.468924	-0.449939	-0.438009	0.492745	0.340719	0.246147	-0.32468	-0.07177	-0.333277	0.493407	-0.349745	-0.956334	-0.732382	-0.884466	-0.017717	0.12762	0.495595	-0.093091	
-0.873777	0.136426	0.117829	-0.728374	0.177991	0.371769	0.413021	-0.852885	-0.502086	0.173236	-0.941482	-0.304783	-0.685066	0.310894	0.667474	-0.858823	-0.650998	0.040906	-0.623877	-0.950218	-0.236839	0.894742	0.759186	0.499923	0.051213	0.580422	-0.786532	0.843803	0.97303	-0.201482	0.258123	-0.660147	-0.739489	0.710329	-0.631205	0.096372	-0.242375	-0.650762	-0.995931	0.244981	0.320626	-0.523993	-0.580614	0.441176	0.60825	0.278703	-0.076466	0.928958	-0.205995	0.462184	
-0.764969	0.367705	-0.387256	0.037888	0.561673	-0.646923	-0.125084	-0.410301	0.291104	-0.635207	-0.646505	-0.435267	-0.524987	-0.12914	-0.123127	-0.949169	-0.170259	-0.686072	-0.98193	0.371446	0.886939	0.882216	0.441311	0.544253	0.014185	0.013937	0.409457	-0.543903	-0.438962	-0.596883	0.368417	-0.005515	-0.676343	0.571266	0.022986	-0.300499	0.187744	0.391357	-0.901778	-0.919899	0.688412	0.778793	-0.470448	0.919623	0.616203	-0.394406	0.268442	0.642227	0.533415	0.039569	
0.324149	-0.714197	0.488619	0.213618	0.415399	0.421737	0.338459	-0.136989	-0.971332	-0.03136	-0.418277	-0.103177	-0.118737	-0.254699	0.192252	-0.50411	-0.515748	0.881942	0.10687	-0.06874	0.056438	0.504994	-0.79735	-0.53489	-0.084534	-0.650543	0.532702	0.179643	-0.637562	-0.746631	0.907807	0.661536	-0.168719	0.411561	0.360536	0.577285	-0.990889	-0.35674	-0.016108	0.588691	0.913162	-0.226598	0.117793	0.892054	-0.119705	0.176642	0.360885	-0.465241	-0.247281	-0.03405	
-0.908105	0.583933	0.235733	-0.686759	0.208345	-0.229925	0.370774	-0.926196	-0.658264	0.421714	0.54333	-0.56501	0.684272	-0.370357	0.750533	-0.265287	-0.480848	-0.81245	0.76398	-0.890667	0.723166	0.402613	0.163578	0.080837	-0.674515	-0.252791	0.686842	-0.864641	0.920091	0.407485	0.708392	0.890203	0.273676	0.676586	0.309868	-0.607151	-0.956834	0.32737	0.524962	0.189821	0.231466	-0.795736	-0.278038	-0.430927	-0.034442	-0.928927	-0.94896	0.522622	0.433999	0.0725	
0.114191	0.769893	0.050152	-0.290181	-0.829433	0.219572	-0.687346	-0.008327	-0.842314	-0.199119	-0.907839	-0.602947	0.07824	-0.440912	0.311366	-0.515277	-0.372124	-0.278169	0.972047	0.630879	0.130483	-0.415372	-0.807989	0.892416	0.576751	-0.418454	0.336234	-0.024439	0.306561	-0.47284	0.89669	0.537972	0.525548	-0.696702	0.238117	0.265694	0.872848	0.928041	-0.035661	0.299575	0.350816	-0.049912	0.916734	0.329508	-0.310584	-0.818138	0.646614	0.955438	0.831516	0.310545	
0.659607	-0.401469	-0.604653	0.561429	0.6334	0.798583	-0.907855	0.039786	-0.405211	-0.201136	0.434044	-0.869334	-0.153816	-0.356786	-0.372931	0.585695	0.038467	0.645983	-0.789957	-0.31001	0.858268	0.234162	-0.083466	-0.260594	-0.225261	0.472011	0.475928	0.120043	-0.944921	-0.261411	0.948833	0.157799	-0.262094	0.392739	-0.641826	0.085114	-0.035339	-0.695908	-0.664564	0.413318	-0.674795	0.841515	0.666482	0.603873	-0.442904	-0.370818	0.456481	0.087011	-0.298571	0.501046	
0.223075	-0.147288	0.865692	0.101376	-0.051472	0.779888	0.222786	0.544174	-0.16329	0.514167	-0.423123	0.692763	-0.408274	0.086112	-0.978732	0.140043	-0.770198	-0.278977	0.951375	-0.211585	-0.954859	-0.116385	0.55246	-0.62066	0.346646	0.11261	0.333772	-0.294712	-0.262754	0.692073	-0.419595	0.393435	-0.94269	-0.854754	-0.046206	-0.746727	0.163346	0.173086	-0.513402	-0.599751	-0.569527	0.941947	-0.229462	0.18796	0.027034	0.114781	-0.32813	-0.302281	-0.164833	0.059395	
0.185942	0.986475	0.876286	-0.547382	-0.810704	-0.668711	-0.033601	-0.515716	0.902181	-0.111838	-0.825141	0.024563	-0.978961	-0.189428	-0.194954	-0.495394	0.759282	0.400698	-0.434674	-0.347942	0.859501	-0.273012	-0.458978	-0.544221	-0.757411	-0.495477	-0.770701	0.559372	-0.468058	0.546914	-0.787027	-0.707474	-0.061967	0.763915	-0.374889	-0.771944	0.862607	-0.157598	0.226212	0.640806	0.017179	0.292772	0.294604	-0.339693	0.138384	-0.556953	-0.946764	0.298744	0.562912	-0.345868	
-0.271919	0.603662	0.548773	-0.774324	0.024207	-0.119292	0.692497	0.699979	-0.521727	-0.921903	0.628308	0.556492	0.839135	-0.231753	0.970122	0.889086	0.357538	-0.970065	-0.797559	0.826891	-0.958973	0.929503	-0.130245	-0.445907	0.424721	-0.849125	-0.712796	0.487884	0.415916	-0.850317	-0.250011	0.356762	0.691666	0.135264	-0.293055	-0.397944	-0.081259	-0.945737	-0.417268	-0.842303	0.419528	-0.777739	-0.959682	0.060633	-0.868088	-0.001576	-0.754893	-0.641478	-0.374079	-0.645162	
0.036892	0.636715	-0.638231	-0.085558	-0.831093	0.105494	-0.739112	-0.174343	-0.801617	0.422003	0.108875	0.339196	0.007324	-0.296893	0.489197	0.555507	0.191467	-0.753765	0.200451	0.935966	-0.6973	-0.485391	0.152291	-0.155602	0.779544	-0.584065	0.540887	0.407957	-0.632975	-0.846844	-0.452044	0.240418	0.020073	-0.978539	0.696398	0.682634	-0.292249	-0.584548	-0.795547	0.889645	-0.483405	-0.608563	0.226857	-0.368506	0.898788	0.023265	-0.797375	0.266314	0.112385	-0.903756	
0.063181	0.536647	-0.152639	0.285835	0.11205	-0.323037	-0.844082	-0.049956	0.10023	0.601388	0.861086	-0.370163	0.684007	-0.197174	-0.030161	-0.958674	-0.193924	-0.030467	0.825814	-0.521371	0.559217	0.963221	-0.195663	0.218665	-0.033189	0.020604	-0.352964	0.916416	0.967029	0.321799	-0.282824	-0.057011	-0.452107	-0.501253	0.861969	0.746312	-0.722071	-0.400991	0.616056	0.616779	-0.186245	0.195944	0.789614	-0.889297	0.721185	-0.474193	0.341793	-0.043319	-0.586446	-0.038117	
0.190539	-0.339879	0.399437	-0.129209	-0.681699	-0.003343	0.771731	0.063619	0.179961	0.940792	-0.491049	-0.055919	-0.43144	0.183598	0.659434	0.732221	-0.7309	-0.893775	-0.637132	0.146293	-0.84355	-0.566241	-0.323628	-0.960667	-0.420876	-0.15197	0.704307	-0.454197	-0.209196	-0.416926	0.974455	-0.56352	0.120467	0.101003	-0.009994	-0.170044	-0.772239	0.736685	0.868604	-0.317687	0.96398	-0.248078	-0.795765	0.702509	0.033344	0.231323	0.759302	-0.31372	-0.31252	0.148676	
0.629555	0.580846	0.707418	-0.967603	-0.682424	0.586446	-0.429171	0.186219	0.79204	0.789977	-0.459528	-0.457616	-0.930513	0.506477	0.446528	-0.142698	0.710756	0.532447	-0.716178	-0.693131	0.130103	-0.508948	0.072467	-0.119441	-0.580304	-0.71983	0.367166	0.389867	0.443878	0.521861	0.312672	0.282318	-0.753816	-0.002832	0.982011	-0.836048	0.182571	-0.413309	0.749427	0.258891	-0.25055	0.737819	-0.962427	-0.740108	0.952649	0.180922	-0.650049	0.042218	0.340909	0.06079	
0.44836	0.228057	-0.593017	0.460182	0.222739	-0.317174	0.144781	0.462965	-0.021182	-0.790341	-0.697876	0.747727	-0.594618	-0.787122	-0.398759	0.88135	0.325234	-0.678255	-0.213364	-0.291	0.138666	-0.564831	-0.415431	-0.389758	-0.07085	0.350955	-0.97661	0.299605	-0.246076	-0.279635	0.690126	0.100451	-0.815328	0.075672	-0.352887	-0.747588	0.622403	-0.752	-0.298513	0.955294	0.271016	0.279551	0.864218	0.599139	0.99758	-0.168017	0.504194	0.583094	0.289756	-0.277659	
-0.521256	-0.684763	0.678846	-0.040291	-0.861045	0.23853	-0.464874	0.416277	-0.854523	-0.962056	-0.471205	-0.539708	-0.694837	0.333825	-0.352841	-0.801636	0.531681	-0.014164	-0.98844	-0.505276	0.401945	-0.28344	0.667935	0.034645	0.289147	0.877218	-0.265981	-0.45033	0.269786	0.664551	0.661359	-0.762998	0.724824	-0.467095	0.552479	-0.253496	0.330584	0.515912	0.065342	-0.187361	-0.646102	-0.125706	-0.65908	0.101349	0.906371	0.461556	0.422881	-0.569865	-0.716639	0.511302	
-0.705606	-0.497765	0.156921	0.332587	-0.605	0.093669	-0.770468	0.792032	-0.323231	-0.25893	-0.805148	-0.792841	-0.981496	-0.918245	-0.282357	0.319085	-0.996335	-0.633969	0.228344	0.922022	-0.094912	-0.599405	-0.475609	0.782627	0.604077	-0.983989	0.975091	0.247078	-0.801873	-0.110399	0.326787	0.659988	0.757665	0.931076	-0.298252	-0.359266	0.11157	-0.951201	-0.786203	0.062578	-0.454011	-0.506387	-0.821269	-0.327595	-0.189791	0.200708	-0.146989	0.501547	0.172277	0.200301	
-0.958883	0.242032	-0.457589	0.93893	-0.163459	0.502231	-0.855677	-0.080188	0.408245	-0.563796	-0.728264	-0.261897	-0.581936	0.695415	0.823294	-0.30371	-0.916854	0.995062	0.493217	0.176368	0.040535	0.401025	-0.282473	-0.109496	0.697892	0.807287	-0.543077	-0.861436	-0.373613	0.218374	-0.38745	-0.420635	-0.041853	-0.432083	0.467651	0.639013	-0.566755	0.020375	-0.350973	0.484842	0.689661	-0.879167	-0.517938	0.210631	-0.043396	0.791872	-0.166897	0.892031	-0.998974	-0.07685	
0.729457	-0.533284	0.704324	0.48191	9.7e-05	-0.389078	0.629596	-0.808269	0.084999	0.33256	0.048946	-0.216203	-0.984346	0.234905	-0.607629	-0.919926	0.525094	-0.904134	0.528367	0.253955	-0.34602	0.265461	-0.06447	0.693798	-0.929979	0.960743	-0.436585	0.45141	0.440853	0.382506	-0.884759	-0.317495	0.079147	0.784935	0.667545	-0.811927	0.284363	-0.114191	0.45269	-0.853162	-0.006961	-0.123563	0.670483	-0.628264	0.650355	-0.197255	-0.864727	-0.429907	0.987878	0.297396	
-0.323158	-0.16532	-0.159792	0.237177	0.215036	0.576167	-0.238426	-0.696401	-0.362857	-0.443483	0.697042	0.515072	0.3195	0.47331	-0.374266	-0.421643	0.74906	0.502451	-0.553889	-0.580079	-0.234154	-0.594573	-0.034334	0.76775	0.626042	-0.446246	0.726471	-0.442056	-0.013354	0.11193	0.949928	0.872426	-0.604612	0.577351	0.708711	-0.006766	-0.138285	0.391612	0.938661	0.112098	-0.392952	-0.658541	-0.020982	0.322226	-0.272789	0.241264	0.199293	0.942368	-0.457708	0.826751	
0.130323	-0.674205	0.054027	-0.228471	0.568096	-0.353125	0.436245	-0.468195	0.2132	-0.718824	-0.589347	0.957826	-0.448045	-0.699591	-0.840205	-0.988674	-0.107678	-0.771242	0.415822	0.943484	-0.434053	0.001841	0.354218	-0.245768	-0.287678	0.023058	0.293391	-0.002278	-0.768126	0.69497	0.041738	-0.136407	-0.543519	-0.130465	0.876288	0.433981	0.51548	0.5537	0.9205	0.383011	-0.343036	-0.055144	0.399862	-0.00811	-0.598314	0.703833	0.166771	0.64915	0.449982	-0.9	
0.25401	0.709627	-0.930695	-0.750723	-0.906709	0.775059	-0.655729	0.070017	0.274156	-0.640992	-0.610452	0.948994	0.59852	-0.476611	0.561733	0.75182	0.149177	0.079803	0.892583	0.507944	0.614947	0.701426	-0.630019	-0.960989	-0.815819	0.169081	-0.28181	-0.22231	0.604003	-0.659446	0.114346	0.451429	0.620699	-0.995379	-0.116631	0.644528	0.025821	0.270206	0.814834	-0.170663	-0.432394	-0.010287	0.938318	0.887563	0.387438	0.34438	0.53473	-0.110009	-0.667739	-0.29468	
-0.901803	0.074653	0.176486	0.865034	0.946229	-0.986256	-0.640713	-0.963002	0.368567	-0.119865	-0.83847	-0.736941	0.775816	-0.175092	-0.644162	0.241253	-0.86067	-0.708385	0.710269	0.03822	0.483535	-0.729093	-0.147524	-0.586099	0.383877	-0.576642	0.497351	-0.695081	0.192919	-0.891705	0.610043	-0.972444	-0.226017	0.269277	0.988868	-0.075614	0.099398	-0.368615	0.749471	0.40961	0.434791	-0.352884	0.13458	0.469375	-0.473978	0.175234	-0.951251	0.99178	0.070005	-0.401107	
-0.835691	-0.110748	0.964742	-0.674966	0.022021	0.158019	-0.542775	0.916983	-0.026924	0.740436	-0.3327	0.43314	0.498154	-0.829756	-0.357556	-0.970396	-0.377297	-0.289615	0.250181	0.36433	-0.335099	-0.680602	0.476243	0.822559	-0.580666	-0.706491	0.560833	0.660624	0.052784	0.464021	0.119273	0.276353	-0.009997	0.871018	0.285009	0.242018	0.598145	-0.115314	-0.205719	0.35025	0.516131	-0.918432	-0.236215	-0.937033	-0.4754	0.111815	-0.690868	0.461368	0.025833	-0.066178	
-0.226619	-0.243257	-0.891593	-0.999572	-0.72116	-0.313919	-0.972712	0.547656	-0.065558	0.690132	-0.520172	-0.307685	0.181217	-0.8335	0.195899	-0.317163	-0.693092	0.083798	0.613899	-0.078497	0.279869	0.213113	0.58391	0.681307	0.819938	0.260263	0.796493	0.752524	-0.510682	-0.129694	-0.003109	0.191254	0.194696	0.808567	-0.007026	-0.4573	-0.31365	0.562656	-0.526394	0.539863	0.127549	-0.982278	-0.444411	0.877611	-0.780703	0.777198	0.418927	0.286314	0.765724	-0.57404	
0.509811	0.68067	0.409022	0.908142	0.662004	-0.348692	0.97341	0.043153	-0.808054	-0.851808	0.906964	-0.044799	-0.940138	0.00494	0.403711	-0.302734	-0.174274	-0.997501	-0.82098	-0.218067	-0.643576	-0.90749	0.072123	-0.659109	-0.636277	0.052068	0.773041	-0.812423	0.524603	-0.362135	-0.461103	-0.458359	-0.766776	-0.72746	0.071057	-0.163778	0.900782	0.307112	0.135322	0.152423	0.487587	0.620491	-0.614142	0.703405	0.737315	0.061807	-0.241608	-0.201269	0.330861	-0.091216	
-0.984115	-0.394677	-0.191349	-0.538367	0.035138	0.450592	0.799589	-0.02665	0.035749	-0.753243	-0.334455	0.282845	-0.682943	-0.257214	0.915028	-0.034725	-0.797288	0.700795	0.248462	-0.865465	-0.452588	-0.926177	-0.882868	0.450132	-0.349426	0.298132	-0.26217	-0.879974	-0.305193	-0.352938	-0.620314	0.199294	-0.37274	-0.841146	0.482552	0.678163	-0.977458	-0.003301	-0.088924	0.384542	-0.222124	-0.146794	0.937546	-0.836067	0.552	0.77105	-0.174267	0.25402	0.143111	-0.627972	
0.064439	0.244312	-0.070519	-0.746267	0.273616	-0.693283	-0.868044	0.699878	0.332085	0.23671	-0.430526	0.881079	0.62387	-0.535863	-0.03075	0.150536	-0.435895	0.492394	0.912111	0.07061	-0.236232	0.220662	-0.309921	-0.032288	0.244462	-0.509276	0.676758	-0.450902	0.235554	0.421172	0.638556	0.571334	-0.863408	0.587337	-0.132004	-0.922157	-0.925206	-0.787243	-0.961248	0.826236	0.931222	0.798417	0.223868	-0.455473	0.607593	-0.452751	-0.703149	0.27738	-0.984148	0.973352	
-0.085119	0.420566	0.602008	0.994042	-0.163493	0.480068	0.33719	0.845174	-0.472902	-0.07157	-0.008852	0.435491	0.588334	0.563665	0.241011	-0.989586	-0.315318	-0.285367	-0.372198	0.820357	-0.476459	0.655056	0.834316	0.703863	0.71103	-0.811868	-0.023042	0.96245	-0.615451	-0.945685	-0.880537	0.172743	-0.90777	0.958028	0.585344	-0.029823	-0.598245	0.496171	-0.180444	-0.479526	0.18848	0.105322	-0.823646	-0.955306	0.474084	-0.427175	-0.099577	-0.528209	-0.305425	-0.706427	
-0.793558	-0.446264	0.061816	0.585586	0.700592	-0.922259	-0.945247	0.520715	0.108322	0.488355	0.715058	-0.395898	0.474699	0.521211	0.462732	-0.288459	-0.624037	-0.81504	-0.766762	0.431839	-0.022961	0.646966	0.569671	-0.899929	-0.102451	0.751446	0.729889	0.875489	0.32408	0.651325	-0.940273	0.694956	0.277734	0.898215	-0.24511	0.742449	-0.131671	-0.782672	0.731756	0.696068	0.51449	-0.335257	-0.016242	0.825961	-0.659608	0.792066	0.100542	0.956928	-0.528817	0.229815	
-0.353848	0.081355	-0.216594	-0.638337	-0.022082	-0.505634	0.750328	0.223254	-0.413718	-0.804238	-0.882121	-0.381911	0.316314	0.350186	-0.917469	-0.82473	-0.320983	0.456646	-0.988964	-0.366493	0.47817	0.557601	-0.125699	-0.516127	0.834655	-0.416028	-0.656439	-0.863089	-0.701147	-0.567057	0.859989	-0.383511	-0.647632	-0.909753	-0.287843	-0.2867	-0.967516	0.04914	-0.257369	-0.294218	0.351178	-0.558529	0.251337	0.534246	-0.256608	0.619926	0.170807	0.840237	0.117439	0.986853	
-0.046596	0.851679	-0.143297	-0.20199	-0.397785	0.94365	0.047872	0.027098	0.253772	0.93634	0.419264	0.401624	0.234304	-0.235451	-0.366574	0.951196	-0.306785	0.354496	-0.946362	-0.987523	0.969824	0.167681	0.952036	-0.114099	0.340302	0.692293	0.349318	0.447826	-0.716048	0.553872	0.180777	-0.617818	-0.339711	0.360974	0.406567	0.983163	0.260863	0.626554	-0.649692	-0.374915	0.008498	-0.396378	-0.941564	-0.961334	0.770967	-0.032188	0.348413	0.567126	0.049063	-0.233003	
0.115942	-0.095239	0.191994	0.763253	-0.545884	-0.640745	-0.643693	-0.627904	-0.261893	-0.11889	0.393563	-0.641521	-0.049313	0.97047	-0.085154	-0.027616	0.16526	-0.685456	0.546422	0.411672	-0.580025	-0.485624	0.352726	-0.171566	0.660769	-0.845552	-0.482569	-0.983847	-0.760549	0.006269	-0.956888	-0.643975	-0.947463	0.736948	0.274701	-0.794872	0.730302	0.634065	-0.079344	0.707569	-0.011292	0.599007	-0.918443	-0.215553	0.074102	-0.810858	0.933977	0.766855	-0.270265	0.494875	
-0.838886	0.504419	0.409195	-0.33724	0.008633	0.595404	-0.715447	-0.499524	-0.197129	-0.941697	-0.049654	-0.33464	0.120948	-0.324844	0.603342	-0.043141	-0.63708	0.533275	0.620054	-0.718012	-0.599906	0.167316	-0.456994	0.738729	0.050761	0.276866	-0.768231	0.481878	-0.897284	-0.695406	0.13998	0.217312	-0.08601	0.009725	-0.284941	-0.842747	-0.348053	0.368458	-0.376669	-0.979904	0.144346	0.02592	-0.968338	-0.58134	-0.414184	0.653202	0.960935	-0.200322	0.317964	0.226725	
0.770924	0.201704	0.727691	-0.506696	-0.18602	-0.951695	0.033151	-0.604948	0.817326	-0.396884	0.411504	0.246561	-0.072118	0.68413	0.571674	0.706943	0.360813	-0.337415	-0.253121	0.764632	-0.512642	0.85954	0.38891	0.09935	-0.378971	-0.293857	-0.092736	0.412312	-0.219875	-0.970758	-0.035997	0.653713	0.322834	-0.493883	-0.12667	-0.933067	0.172202	0.024094	0.899733	0.601274	-0.109598	-0.175795	-0.276456	-0.258572	-0.248348	0.667738	-0.041057	0.670487	0.526842	-0.89012	
-0.736139	0.838649	-0.921069	-0.881282	-0.765916	0.384363	-0.069434	0.920534	0.565412	0.901796	0.221881	-0.973746	-0.147782	0.737329	-0.427142	-0.51259	0.626593	-0.441089	0.651096	-0.428215	0.992555	0.316795	0.692153	0.651863	0.400639	-0.867751	0.04452	0.911115	0.659995	-0.94128	0.539997	0.291942	-0.629795	-0.617949	-0.951934	0.576743	0.633339	0.595329	-0.516804	-0.039094	0.906787	0.931702	-0.888789	-0.751454	0.964491	-0.874759	0.530472	-0.196168	-0.80004	0.75207	
-0.542193	0.180496	0.303622	-0.509863	0.097921	0.595257	-0.061286	-0.51547	-0.03159	-0.618017	-0.716063	-0.365518	0.349058	0.944062	0.222734	-0.097725	-0.867865	-0.130406	0.671772	0.974232	-0.618986	-0.489022	-0.742878	-0.290796	0.192603	-0.367071	0.90966	-0.292578	0.754314	0.64262	-0.836079	-0.256003	0.481955	-0.167946	0.483637	0.121045	-0.736036	-0.373843	0.662913	0.674769	-0.113814	-0.418681	0.83722	0.615488	0.510546	-0.538959	0.20429	-0.218008	-0.036228	0.370924	
0.13623	0.911162	0.840242	0.733936	0.705435	-0.930421	-0.764641	0.755558	-0.230106	0.484799	-0.986079	-0.662679	-0.411842	0.729011	-0.098348	-0.841119	0.110544	0.639492	-0.204651	-0.609385	0.904008	0.735419	-0.588174	0.470302	-0.091309	0.010931	-0.709179	0.060221	0.807267	0.574242	-0.955168	0.939856	-0.89876	0.202235	-0.273373	-0.891049	0.784972	-0.444898	-0.430997	-0.528317	-0.802246	-0.571039	0.736347	0.500726	0.110857	0.509131	-0.243081	-0.379019	-0.757898	-0.438843	
-0.159166	-0.540561	0.443738	0.355785	0.050537	-0.83422	0.244804	0.547284	-0.903894	0.607325	0.164281	0.958022	-0.092584	-0.574895	-0.830198	-0.166285	0.688865	-0.023961	0.480545	-0.244485	0.60503	-0.344806	0.062991	0.901659	-0.985579	-0.482564	0.260901	-0.665167	0.207443	0.518809	-0.221292	0.247011	0.337504	0.825485	0.895865	0.190794	-0.545141	0.916804	0.110238	-0.566977	-0.17269	0.769395	0.032511	-0.54455	-0.549878	-0.310695	-0.388986	0.36658	0.466504	-0.826877	
-0.625076	-0.944924	0.116432	-0.429272	0.39852	0.031931	0.850025	0.60051	0.873574	-0.500266	0.046713	-0.589421	-0.611442	-0.559246	0.859357	-0.045846	-0.642896	-0.422683	-0.614641	0.720827	0.243676	-0.70714	-0.509867	-0.62624	-0.949581	-0.077546	-0.392203	-0.752661	0.008701	0.358984	0.723553	-0.123189	-0.062921	-0.982804	0.409646	-0.071834	-0.994323	-0.875048	0.062068	0.892866	-0.068869	0.438583	0.031753	-0.01702	-0.292389	-0.107649	-0.213086	-0.727666	-0.525494	0.38098	
-0.987395	-0.393016	-0.274378	0.895365	-0.126884	0.829212	0.423108	-0.132034	-0.400313	0.351991	0.006096	0.507816	-0.127911	0.660554	-0.409681	0.500308	0.406727	0.523099	-0.987048	0.692615	0.700407	0.315938	0.471014	-0.359465	-0.913836	-0.404771	-0.581367	-0.412017	-0.876247	0.823967	0.076638	-0.543773	0.347705	-0.26565	-0.313031	0.14851	0.4822	-0.643345	-0.224717	0.8818	-0.549281	0.85172	0.55026	0.114819	0.43046	0.899456	0.15172	0.416204	0.354452	-0.029941	
-0.657242	-0.01572	-0.771623	0.023518	0.889326	-0.713861	0.464201	0.101657	-0.768237	-0.414691	0.347531	-0.446232	-0.580812	-0.731389	-0.300821	0.523238	0.52303	0.387682	0.873141	-0.472635	0.169188	-0.716994	0.891035	0.713928	0.00483	0.471582	-0.571281	-0.632083	-0.504118	0.574593	-0.80773	0.861371	0.529565	0.919547	-0.025267	0.931248	0.087286	0.655125	-0.033038	0.434721	-0.581996	0.768602	0.101426	0.286468	-0.00245	-0.75231	0.443574	-0.830687	0.005185	0.349764	
0.5971	-0.345033	0.615061	-0.26438	-0.684136	0.737158	-0.384808	-0.73715	-0.354547	0.087374	-0.998423	-0.620596	-0.249652	0.242266	0.776593	-0.026162	-0.066084	-0.133379	-0.81039	-0.095162	0.022541	-0.104826	0.263133	-0.906688	-0.675272	0.031231	0.985043	0.853106	-0.813118	0.739962	0.904081	0.489496	0.651978	-0.184733	-0.864755	0.694197	0.818456	0.996071	-0.505384	-0.947978	0.601834	0.397294	-0.930783	0.45296	0.639579	0.599291	0.356954	0.527981	-0.95451	-0.164022	
-0.13105	-0.273775	-0.912507	0.162732	-0.901573	0.839523	-0.951045	-0.855087	-0.164134	0.121837	0.48577	0.512703	-0.394279	0.262496	0.586557	0.889624	-0.056035	0.553364	0.062932	-0.194862	0.072187	0.986249	-0.582032	0.074602	0.287259	-0.268132	0.536836	-0.195892	-0.705113	0.192721	0.631602	0.315441	-0.74382	-0.684892	-0.255619	-0.417143	-0.593135	-0.862762	0.878876	-0.889167	-0.415397	0.925152	-0.198561	-0.615562	0.79586	0.47542	0.090752	-0.028878	0.063685	-0.078258	
-0.437881	0.530292	-0.885713	0.932139	-0.473563	-0.514466	0.200315	-0.111442	0.551033	0.0334	-0.027869	-0.544775	0.193069	0.118246	-0.190136	-0.133642	0.136869	0.869564	0.514108	-0.534396	-0.578699	0.564234	0.86477	-0.072537	-0.783268	0.378097	0.8283	-0.025649	0.315578	-0.676088	-0.477246	-0.896184	-0.656724	0.524174	0.572353	-0.48415	0.87497	-0.504482	0.07136	-0.982571	0.184188	-0.599777	0.274176	-0.837079	-0.531807	-0.639162	-0.512079	0.139525	0.940067	-0.922589	
0.300305	0.294862	0.370972	0.892542	-0.999891	0.985854	0.141078	-0.876423	-0.095891	0.760396	0.447246	-0.689666	-0.371075	0.173755	0.845105	0.868203	-0.455718	-0.701897	-0.325275	0.182505	0.486532	-0.745192	-0.377483	0.129029	-0.820038	-0.835196	0.817574	-0.262155	-0.296367	-0.135506	-0.975468	-0.431744	-0.566287	-0.792192	-0.232756	-0.140277	-0.033104	-0.807043	0.328584	-0.504428	0.292456	0.541061	0.818046	0.959769	0.933334	-0.134408	0.968436	0.258856	-0.019925	-0.119815	
-0.942378	-0.935185	0.118473	0.03834	-0.737287	-0.668613	0.045559	0.747001	0.388408	0.84819	0.678086	-0.497467	0.867633	0.736756	-0.887685	-0.348111	-0.779246	-0.162325	0.89979	-0.038732	0.545436	0.954736	-0.645871	0.286217	-0.728339	-0.682016	0.531554	-0.899516	0.428372	-0.926029	0.683036	0.114115	0.271509	0.476568	-0.234319	0.34635	0.736714	0.9207	0.249371	-0.826229	0.919446	0.253328	-0.314332	-0.796801	0.173044	0.248732	-0.796564	0.730149	0.763499	0.321322	
-0.721702	-0.285713	-0.565436	0.796688	0.406532	0.724043	0.198984	0.242018	0.008586	-0.421521	-0.519933	-0.483758	0.633076	0.972627	-0.733629	-0.515431	0.944916	0.227187	0.164627	0.12745	0.857307	-0.118366	-0.246635	0.505386	0.135849	0.147292	-0.258481	0.979318	-0.480887	0.251905	-0.877225	0.895863	-0.39511	-0.493123	-0.136962	0.420556	0.675085	0.501676	0.330552	-0.304358	-0.260612	0.72353	0.511525	0.218878	-0.221508	0.451254	-0.101321	0.996284	0.697129	-0.326241	
-0.63975	-0.610125	0.878875	-0.20317	0.368519	-0.726122	-0.631899	0.466196	-0.688956	0.384009	0.020825	-0.461772	-0.00058	0.726394	-0.488049	0.168657	0.152241	-0.46317	-0.149672	-0.504733	0.474496	0.3895	-0.614355	-0.92953	0.301476	0.118797	0.351437	-0.773401	0.249527	0.249783	0.454873	-0.749055	0.77281	0.569326	-0.954446	-0.202341	0.693709	0.33111	0.300966	0.246692	-0.485972	0.417478	0.12183	0.128858	-0.720028	-0.875895	0.009201	0.42708	0.330907	-0.151306	
-0.697603	0.623297	0.021809	-0.230567	0.291097	-0.915082	0.244284	-0.196633	-0.684102	0.772124	0.579235	-0.02237	0.878977	-0.096984	0.140209	0.240998	0.888374	0.15819	-0.656576	-0.819532	-0.712767	-0.650844	-0.858111	-0.560889	0.01301	-0.691753	0.442562	-0.433388	0.709104	0.298068	-0.622852	0.007692	-0.02402	0.357949	0.157206	0.435288	-0.634376	-0.459391	-0.22187	0.927115	0.26061	0.197198	0.304693	-0.882631	0.068056	0.947255	-0.022575	0.24953	-0.150062	0.983909	
-0.560692	0.658871	-0.016304	-0.389467	0.395282	-0.925044	-0.652006	-0.405634	-0.43486	0.850042	0.552838	0.520115	-0.090465	-0.991616	0.927617	-0.540547	0.193726	-0.119883	-0.874876	0.350017	-0.075917	-0.752477	0.75961	-0.401009	0.605667	-0.222981	0.521217	0.368989	-0.129729	-0.689852	-0.640826	-0.362265	-0.4206	-0.405989	-0.712897	0.012981	0.958053	-0.367069	-0.672293	0.629422	0.693953	-0.259027	0.470689	0.342069	-0.280693	0.238116	-0.286592	0.120191	0.745968	0.950422	
-0.952203	0.65437	0.574733	-0.351586	-0.934871	-0.745878	-0.443736	-0.161929	-0.733013	-0.323479	0.133028	0.119796	-0.524399	-0.164411	0.577928	-0.380521	0.966762	0.880992	0.106226	-0.60797	-0.820102	-0.038585	0.328759	0.415083	-0.023465	0.585941	-0.212202	-0.990962	-0.104592	-0.950817	0.837983	-0.930357	-0.711476	-0.979278	-0.437822	-0.051148	-0.803775	-0.827511	-0.453985	0.981855	-0.708525	0.95868	-0.146399	-0.226546	-0.416691	0.927785	0.588746	0.896842	0.973456	0.114913	
0.925568	-0.701985	0.940414	0.618256	-0.407121	0.285316	0.468191	-0.834456	0.579518	0.774284	0.621787	-0.012042	0.765894	0.343871	-0.823153	0.983513	0.443908	-0.296864	0.172628	-0.875065	0.095513	0.384567	-0.620746	-0.644595	-0.800713	-0.329074	-0.512152	-0.725741	-0.289977	0.624005	0.694946	0.051425	0.329531	0.859944	-0.858675	0.942966	0.973402	0.836589	-0.065401	0.169056	-0.216533	-0.683998	0.616643	0.007783	-0.084481	0.768186	0.138657	-0.893703	0.233469	0.26765	
-0.482768	0.154931	-0.772993	-0.26776	-0.060774	0.093086	0.7835	0.610014	-0.437242	-0.393252	0.452539	0.204095	0.240875	-0.955716	0.480348	0.858993	0.423274	0.587336	-0.178387	0.007881	0.6247	0.805914	-0.818288	0.406805	-0.184347	-0.260886	-0.005411	-0.706653	-0.081878	-0.221126	-0.763557	-0.270757	-0.168418	0.20009	0.6843	0.108385	-0.423176	0.947386	-0.711191	0.883877	0.849535	0.223405	0.4026	0.206508	0.699843	0.502584	0.996512	0.807998	-0.526295	-0.013436	
0.531831	-0.181237	0.083313	-0.94063	-0.732232	0.90796	0.154842	-0.751939	-0.163164	-0.102738	0.978137	0.569292	-0.450056	0.738195	-0.11579	0.956392	0.851816	0.134075	-0.943078	-0.429435	0.875657	-0.363844	-0.66014	-0.835878	0.093466	-0.892125	0.222453	-0.221912	-0.210012	0.875836	0.925106	0.585162	-0.863055	0.199608	-0.743273	0.088905	-0.678444	-0.393409	-0.698944	-0.037925	-0.830837	0.120245	-0.736865	-0.944642	-0.314892	-0.319723	-0.724616	-0.555621	-0.040822	-0.966456	
-0.426036	0.903281	-0.371406	0.179785	0.549782	-0.623442	-0.488805	0.583761	0.657303	-0.130078	0.907536	-0.92315	0.059834	-0.589959	-0.142554	0.39791	-0.571857	0.631081	-0.983373	-0.505584	-0.183422	-0.384266	0.481735	-0.707342	0.753838	0.520688	0.01232	0.035701	0.301283	0.647486	-0.058186	-0.821693	-0.662503	0.260052	-0.315468	0.459693	0.201698	0.907373	-0.301711	0.681764	0.570034	-0.583611	0.156551	-0.190965	-0.918495	-0.415532	0.475472	-0.698682	-0.985388	0.363992	
0.582516	-0.520045	-0.815432	0.612388	0.596994	0.913382	0.64155	0.456528	-0.212393	-0.109449	0.897704	-0.384158	-0.378257	0.284341	0.792151	-0.300762	-0.176008	-0.169567	0.715002	-0.187348	-0.20057	0.317764	0.05331	0.980338	0.893015	-0.871605	0.178642	0.308152	0.722001	0.000145	0.18842	0.584139	-0.609908	0.631249	0.100244	0.727887	-0.82561	0.963366	-0.889547	-0.823872	-0.406434	0.093317	0.953046	0.738692	-0.616395	0.140742	0.524254	-0.244956	0.407354	-0.896117	
-0.584136	-0.253942	0.219899	-0.863017	-0.780111	0.760998	0.815125	-0.597256	0.359467	0.234269	-0.227011	-0.986596	-0.518687	-0.423194	0.356839	-0.943401	0.283374	-0.955502	-0.010339	-0.933934	-0.62847	0.30037	-0.773233	-0.232348	0.961114	0.078752	-0.288908	-0.141364	-0.817873	-0.078334	0.566359	0.484506	-0.378144	-0.497304	0.093145	-0.177494	-0.26548	0.954813	-0.66285	0.533347	0.30439	0.216419	0.820043	0.354591	-0.786505	-0.203148	0.258832	-0.486314	-0.50016	-0.540784	
0.23558	-0.950601	0.286044	-0.159102	-0.718528	0.974804	-0.644298	0.483205	0.3469	-0.001792	-0.576741	0.824804	-0.058552	0.659686	-0.819631	0.205076	-0.430201	0.722889	0.867392	-0.435517	0.980997	0.406127	-0.624682	0.188902	-0.647472	-0.590185	-0.857441	-0.38023	0.841665	0.763541	-0.822553	-0.359591	-0.655661	0.32371	0.910791	-0.734762	0.071734	-0.824792	0.347466	0.579645	-0.967195	0.527144	0.310742	-0.390457	-0.246536	0.452434	0.94684	-0.853157	-0.595056	-0.492382	
-0.933018	0.747361	0.462341	-0.804074	-0.865389	-0.8679	-0.661529	0.23966	-0.762796	0.339681	-0.054863	-0.639637	-0.034116	-0.167972	-0.904701	-0.773915	-0.01621	-0.166994	-0.189656	0.347566	-0.711391	-0.637842	0.904477	-0.55866	0.658079	-0.092613	0.161924	-0.413891	0.785888	-0.070508	0.082898	-0.025282	0.142311	-0.813511	-0.777579	-0.133889	0.85395	0.707502	-0.13956	0.895377	0.652019	0.008516	-0.25894	0.520389	-0.010355	0.878508	-0.787893	0.945536	-0.007322	0.38746	
-0.509946	0.648097	-0.893348	0.908933	-0.829984	-0.570721	0.104443	-0.584533	0.671022	0.418081	0.173145	0.983078	-0.915338	0.446059	-0.837791	0.007502	0.012713	0.191528	0.989446	0.64735	-0.019319	0.337002	-0.167916	-0.948355	0.266706	-0.002277	0.622198	0.090755	0.611255	-0.535377	-0.38619	-0.846612	0.66294	0.177561	0.68954	0.771685	-0.810277	-0.918331	0.786375	0.521601	-0.912359	-0.849038	0.144789	0.124191	-0.760788	-0.717621	-0.054605	-0.783279	-0.986563	-0.298064	
-0.615903	-0.993827	0.689275	0.697918	0.180847	0.289254	-0.085583	0.52158	0.205677	-0.202666	0.56262	0.34888	0.771304	-0.667845	-0.538251	-0.530052	0.697967	0.029176	0.689054	0.140679	-0.392803	0.619091	0.591844	0.117001	0.74001	-0.71367	0.454883	-0.791222	-0.130008	-0.931198	0.637458	0.369093	-0.273157	0.169187	0.419787	0.477495	-0.950493	-0.735509	-0.603737	0.044574	-0.157352	0.963507	0.12155	0.97767	-0.625212	-0.816813	0.446503	0.811436	-0.202665	-0.901791	
0.879325	-0.972166	0.0358	0.826071	-0.467939	0.843787	0.09241	0.170247	0.634872	-0.051694	-0.102694	-0.890964	-0.934815	0.419167	-0.025413	0.54114	-0.885957	-0.240691	-0.444448	-0.393401	-0.429461	-0.972894	0.770773	0.387526	0.367765	-0.274287	0.739497	0.239048	-0.031114	0.796021	-0.553578	0.620067	0.890946	0.766145	-0.70404	-0.811992	0.180375	-0.201545	-0.646107	0.627656	-0.221234	0.267249	-0.893072	0.243691	0.016487	0.072864	0.192493	0.466521	0.969692	0.886957	
-0.005956	-0.986733	-0.474322	-0.114015	0.583945	0.280719	-0.580247	-0.112069	0.086123	-0.629799	0.275085	-0.310877	0.782169	-0.919535	-0.489907	0.400115	0.794774	0.25776	-0.99025	0.745713	-0.786764	0.456292	0.194064	-0.246943	0.223149	-0.50775	0.461154	0.011053	0.664133	-0.808151	0.627649	-0.880355	-0.497726	0.314321	0.989654	0.812141	0.447663	-0.231259	-0.113367	-0.630212	0.215313	-0.185967	0.085104	0.203373	-0.310248	0.017933	0.735437	-0.798086	-0.846592	-0.039659	
0.103056	0.255319	0.938123	-0.647506	-0.225029	0.078903	-0.029019	-0.695907	0.233256	0.516165	-0.522447	-0.675943	0.799463	0.321813	-0.751974	-0.1827	0.15265	-0.961293	0.746068	-0.05006	0.277389	-0.881327	-0.891431	0.977127	0.368091	0.011694	-0.347022	0.488929	-0.195056	-0.251222	0.406992	0.182069	-0.654579	0.220466	-0.773376	0.514357	0.979966	0.685736	-0.456401	-0.741661	-0.901748	0.563419	-0.416585	-0.00032	-0.954068	0.871617	0.171329	-0.266323	0.799342	0.390867	
-0.163445	-0.341345	-0.354034	0.120512	0.35241	0.121317	-0.581056	-0.164477	0.83147	0.454696	0.243852	-0.237958	0.420134	-0.895632	-0.36962	-0.737905	-0.907242	-0.518159	-0.402359	-0.05418	0.108616	0.083711	0.648332	0.159812	0.22416	0.027856	0.530403	-0.677277	0.287122	-0.658098	0.782711	-0.246914	-0.06185	-0.532847	0.37641	0.849476	-0.204686	0.250259	0.746829	-0.250043	0.104839	0.261256	-0.51328	-0.505888	-0.642992	-0.241819	0.783844	0.863358	-0.023645	-0.009068	
-0.117445	0.943487	-0.400065	0.862943	0.053968	0.975006	-0.812614	-0.133512	-0.82303	-0.256463	-0.656017	0.757231	-0.706105	-0.222387	-0.154183	-0.943004	0.771236	-0.058597	-0.791161	0.392703	-0.861293	0.578383	0.193283	-0.179605	0.824103	0.410445	-0.701796	0.618262	0.864103	-0.195434	0.455029	-0.106436	-0.236236	0.224983	-0.126093	0.772518	0.355916	-0.841527	-0.184197	0.570442	0.922028	0.573066	-0.426135	-0.08611	-0.705273	0.879929	0.508692	-0.612378	-0.708288	-0.028698	
0.061905	-0.825367	-0.371675	0.115971	-0.099327	-0.789833	-0.811811	-0.635037	0.502397	-0.78613	0.635633	0.210444	-0.122127	-0.198288	0.920674	0.245709	0.973966	-0.777439	0.631629	-0.674297	0.239343	-0.640081	0.333552	-0.051546	0.757617	-0.577668	0.081612	0.466627	-0.091653	-0.332997	0.805928	-0.243054	0.28414	-0.469448	0.371851	0.957304	0.222465	-0.953004	0.241407	-0.943316	0.917766	-0.722396	0.781439	0.468684	0.22661	-0.951887	0.622235	-0.833947	-0.506736	0.412268	
0.591788	0.649266	-0.830416	0.903374	0.779359	0.70734	-0.531515	0.35973	-0.329434	-0.080736	-0.073512	-0.807389	-0.925758	-0.260313	-0.864471	-0.654227	-0.289981	0.850608	0.32414	0.448165	-0.378056	-0.584132	-0.338207	0.726585	-0.541838	-0.735121	0.859534	-0.579634	0.811384	0.176222	-0.925314	-0.621926	0.597803	-0.738129	0.388673	-0.668026	0.584638	-0.490046	-0.722358	-0.0651	0.331477	0.320142	-0.33143	-0.53186	-0.611239	-0.946024	0.410952	0.187863	-0.657556	0.912668	
-0.014506	-0.424055	-0.771043	-0.172675	-0.6418	0.661818	-0.472409	0.099792	-0.563442	-0.956688	0.358599	-0.72395	0.501881	0.708325	0.194978	-0.691918	-0.271168	0.049548	0.139066	-0.009745	0.971878	-0.585424	-0.655705	0.325611	0.933181	0.37593	0.210496	-0.513078	0.834007	0.620191	-0.67919	0.978006	0.038603	0.818058	-0.800067	0.874556	-0.097546	-0.132794	-0.082545	-0.717953	0.281625	-0.621939	0.852395	-0.132356	0.621977	0.581607	-0.239396	-0.548114	0.380989	0.191575	
0.410256	0.973167	0.136215	0.212798	-0.163256	0.782634	0.281245	-0.74313	0.590984	-0.943237	0.441261	0.307255	-0.453056	-0.618642	-0.189211	0.163057	-0.265219	-0.653266	-0.395761	0.393902	-0.138051	-0.580551	-0.795824	-0.661101	0.234382	0.947504	0.316523	0.255103	0.196057	-0.158361	0.537653	-0.534026	0.393021	-0.702827	-0.126981	-0.41859	-0.117284	-0.138317	0.730128	-0.094223	-0.650737	0.112808	-0.11193	0.32122	0.753568	0.536972	0.755865	-0.038861	-0.928759	-0.180746	
-0.385603	-0.76909	-0.185313	0.203959	0.828432	-0.512228	0.282568	-0.791901	0.774993	-0.235886	0.934341	0.313727	0.898506	0.815843	-0.153509	0.036136	0.754882	0.769484	0.583111	-0.83037	-0.847125	0.856096	0.888966	-0.926299	-0.15414	-0.67597	0.289458	-0.635783	-0.857553	-0.162989	0.127026	0.968642	-0.52055	0.379758	-0.50543	0.656131	-0.389651	0.232882	-0.688885	-0.463453	-0.805045	-0.568176	-0.997349	0.551846	0.377709	0.08678	0.845985	0.86466	-0.743291	0.282703	
-0.862691	-0.156416	-0.562362	0.127345	0.227947	-0.494691	0.449939	-0.572789	0.372461	-0.970642	-0.299296	-0.031897	-0.513003	-0.865026	-0.739992	-0.606892	-0.26218	-0.408302	-0.872188	-0.371994	0.417611	-0.38421	-0.974708	0.099579	0.112074	0.215313	0.330109	0.252324	-0.309785	0.359613	0.740504	0.20282	0.122001	-0.877391	0.696797	0.589317	-0.322403	-0.631517	0.953282	-0.227657	0.887553	-0.762115	-0.346074	0.050885	0.140679	-0.817461	0.945869	-0.928678	0.589557	0.468867	
-0.348711	0.7071	0.393457	-0.634648	-0.25788	0.399023	0.961631	-0.978754	-0.666847	-0.100997	-0.119915	-0.373275	-0.34854	0.065921	0.135025	-0.042462	-0.526815	0.505541	-0.875621	-0.222341	0.779237	0.724528	-0.693345	0.41823	-0.331496	0.677058	0.528122	0.58425	0.201355	0.610128	0.921439	0.89947	0.676167	-0.602503	0.511739	-0.845042	-0.793739	0.577643	-0.919936	-0.307544	0.965917	-0.227155	-0.954055	0.861329	-0.616695	0.474304	0.501731	0.904901	-0.95892	0.342159	
-0.946717	0.267663	-0.915846	0.528322	0.496338	-0.012578	-0.976573	0.646472	-0.740019	0.319679	0.383711	0.643421	0.106057	-0.311314	-0.098464	0.116971	-0.909403	-0.725907	-0.920098	0.811099	0.026835	-0.712295	0.956757	-0.299086	-0.58288	-0.508268	0.89169	0.700917	-0.836126	0.255959	-0.098519	-0.241785	0.353692	0.818313	0.751204	0.295812	0.039713	0.690836	0.1626	-0.086902	0.126095	-0.434626	-0.441689	-0.641538	-0.322699	0.528167	0.348059	-0.994416	-0.207289	-0.286062	
0.838141	-0.760816	-0.065241	0.113276	-0.976378	0.090076	0.918815	0.897783	0.320765	-0.75804	-0.67351	-0.150074	-0.135477	-0.350266	0.947124	0.669012	0.649382	-0.517655	-0.151643	-0.936776	-0.098993	-0.661493	-0.186857	-0.030994	0.733844	0.375995	-0.956262	-0.524326	-0.809959	-0.363238	0.641135	-0.085961	-0.112055	0.47198	-0.430582	-0.429861	0.813328	0.32851	0.130044	0.311393	-0.84443	0.455609	0.882054	0.566855	-0.364159	0.044454	0.694269	-0.511614	0.312488	-0.479599	
-0.708165	0.81878	0.125391	-0.634836	-0.795225	0.896112	0.361065	0.872544	-0.716819	0.242519	-0.737187	-0.95587	0.318284	0.862986	0.357415	-0.991567	0.354216	-0.209528	-0.929698	-0.162777	0.589591	0.801457	0.922556	0.200471	0.557983	-0.596418	0.6812	0.622885	-0.29402	-0.129209	0.813514	-0.161692	-0.399479	-0.1757	0.965915	0.02445	-0.157875	-0.522609	0.274672	0.817017	-0.752339	0.546357	0.022943	0.717051	0.770969	-0.990278	-0.181243	-0.036255	-0.625446	-0.836008	
-0.110371	0.154242	0.172569	0.247752	-0.058729	-0.353795	0.810291	-0.204456	-0.556765	-0.578432	0.142665	-0.9349	0.682068	-0.072416	-0.821727	-0.581474	0.859992	-0.398079	-0.78092	0.387267	-0.423245	-0.787053	0.737836	-0.017363	-0.610445	0.408667	-0.942542	0.027381	0.545421	-0.451721	-0.269553	0.632556	-0.472615	-0.098329	0.528625	0.804848	0.218226	0.138103	0.124861	0.526764	-0.630751	0.898844	-0.625613	0.363264	0.458322	0.53571	0.959575	-0.082352	0.458006	0.95856	
0.040862	-0.891083	-0.946345	0.673085	-0.586692	0.216339	0.152325	0.720405	-0.3569	0.022213	0.620426	0.823873	0.386709	0.920787	0.605706	0.663919	-0.599182	-0.933605	-0.104659	0.051741	0.233257	0.748002	0.50347	-0.942316	0.16511	0.870027	-0.053938	0.149902	0.051317	0.242323	-0.753581	-0.49455	-0.937935	-0.898514	0.364188	-0.481735	0.171008	0.003338	0.61474	-0.358848	-0.105312	0.461707	-0.910116	-0.004276	0.648408	0.380962	-0.250273	-0.252681	0.736981	-0.065685	
0.12374	0.95246	0.94737	-0.562039	-0.238737	0.282528	0.39592	0.56026	0.907911	-0.450981	0.834718	0.33225	-0.402073	-0.805668	-0.062183	0.789775	-0.9097	0.61078	-0.845824	0.39739	-0.46384	0.946078	-0.686662	0.250966	-0.976672	-0.346865	0.555541	-0.594397	0.132275	-0.506039	0.576173	-0.698083	-0.348801	-0.302541	-0.621055	-0.576157	-0.091071	-0.355315	0.524313	-0.651472	0.542036	0.01217	-0.139331	0.888298	-0.380673	-0.559103	-0.049687	-0.317303	0.222814	-0.519757	
0.44973	-0.731045	0.258851	-0.553939	-0.549183	0.941713	-0.384073	-0.621842	0.472655	0.77934	-0.170821	0.99441	0.378981	-0.319464	-0.221396	0.483691	0.862033	0.827949	0.700717	0.976486	-0.402336	-0.579552	0.149884	0.66236	-0.9668	0.987762	-0.784663	0.933942	-0.426562	-0.80035	0.751553	0.585684	-0.920946	-0.284946	0.565804	-0.497143	-0.140493	-0.169112	0.962226	-0.253065	-0.182417	-0.106889	-0.327686	-0.116853	-0.87775	-0.346616	0.824432	0.444448	-0.475382	0.346401	
0.149757	0.183347	-0.664357	-0.588253	0.354876	-0.646722	-0.673578	0.070914	0.010866	0.556683	-0.786942	-0.322829	0.79355	0.26767	-0.124263	0.118144	0.649073	-0.230522	0.261779	-0.684084	0.612425	0.152078	0.120618	0.251283	0.670136	0.93586	-0.009064	0.261224	0.77117	0.154182	-0.530659	0.180272	-0.910812	-0.127021	0.780723	-0.332027	0.524387	0.022942	0.205355	-0.934804	-0.610574	-0.301376	-0.321047	-0.225044	0.572944	0.33574	0.728144	0.631819	0.781323	0.873842	
-0.386763	-0.283346	0.263738	-0.291266	0.650131	0.484671	0.07273	-0.999928	0.400475	0.648042	0.829136	0.248501	0.729882	0.060838	0.359766	0.593139	-0.036846	0.660081	0.709833	0.560029	-0.676297	-0.20498	-0.290658	0.361727	0.919219	0.943325	-0.844505	-0.595487	-0.723884	-0.131321	-0.384664	-0.748793	-0.464448	0.018555	-0.836249	0.864745	0.635087	-0.856123	0.753241	0.395087	0.741927	-0.085174	-0.155375	0.778201	0.213318	-0.580121	0.008077	-0.483076	-0.985632	0.787387	
0.025464	0.028868	0.017215	0.02307	0.028724	0.023382	0.020668	0.009819	0.026522	0.029084	0.034728	0.009666	0.033899	0.017317	0.02496	0.013007	0.016579	0.004582	0.01326	0.01603	0.002419	0.00162	0.018935	0.020407	0.034895	0.027963	0.006872	0.017192	0.031923	0.013368	0.008528	0.030416	0.014025	0.032721	0.023419	0.016593	0.016875	0.02224	0.036745	0.011199	0.036987	0.006145	0.034345	0.02323	0.01392	0.023887	0.024789	0.008639	0.019215	0.003644	
0.023644	0.037946	0.022018	0.017594	0.018286	0.037198	0.013838	0.011017	0.010127	0.000318	0.004269	0.033824	0.011627	0.029337	0.037527	0.032473	0.015819	0.032838	0.03611	0.004164	0.018115	0.007885	0.01942	0.008114	0.029701	0.03363	0.038418	0.000468	0.007549	0.037865	0.006429	0.031287	0.005439	0.007826	0.010059	0.005007	0.022298	0.034559	0.024685	0.015278	0.034221	0.020966	0.01372	0.032114	0.01446	0.00597	0.031742	0.006703	0.023731	0.022367	
0.031614	0.027759	0.036005	0.002702	0.000413	0.001005	0.000525	0.032777	0.027326	0.020885	0.033612	0.017064	0.016657	0.025687	0.01747	0.013235	0.01017	0.035877	0.018819	0.032584	0.026567	0.023588	0.021317	0.014342	0.027685	0.032176	0.03069	0.020562	0.008727	0.015386	0.009646	0.025674	0.006003	0.021309	0.028999	0.018703	0.013733	0.005946	0.012464	0.02185	0.000699	0.007287	0.032598	0.028277	0.028971	0.024966	0.003699	0.025043	0.027331	0.033576	
0.028803	0.033426	0.016428	0.026785	0.024939	0.018463	0.033559	0.024673	0.013636	0.0185	0.006044	0.014471	0.016986	0.032435	0.018578	3.5e-05	0.003262	0.012559	0.01247	0.003695	0.015376	0.006116	0.005354	0.036477	0.010674	0.013024	0.016334	0.029359	0.03099	0.034805	0.032971	0.032324	4.3e-05	0.035233	0.006433	0.025772	0.010111	0.035283	0.024413	0.011506	0.01944	0.027764	0.033229	0.037181	0.020938	0.02944	0.008632	0.009685	0.012966	0.02838	
0.020624	0.001368	0.00126	0.036937	0.038302	0.001011	0.033658	0.016041	0.039066	0.013901	0.017775	0.026357	0.001218	0.021981	0.00453	0.003617	0.032691	0.019139	0.02785	0.01997	0.004096	0.02215	0.038791	0.029522	0.031139	0.006659	0.018489	0.007853	0.032885	0.016939	0.011402	0.012749	0.0162	0.005882	0.01382	0.009914	0.033845	0.028836	0.036001	0.023397	0.039286	0.030128	0.028487	0.034278	0.016317	0.000455	0.026703	0.017849	0.013884	0.014748	
0.009106	0.011181	0.019418	0.025556	0.018984	0.027795	0.030764	0.026613	0.015527	0.020386	0.032915	0.024423	0.001365	0.018144	0.029121	0.002348	0.007517	0.023726	0.00282	0.021707	0.034321	0.022152	0.024199	0.031738	0.025381	0.02559	0.033929	0.000722	0.018572	0.024409	0.032892	0.010752	0.022508	0.011989	0.031755	0.025773	0.001699	0.016819	0.025168	0.028848	0.007749	0.016015	0.024089	0.037022	0.011525	1.4e-05	0.032102	0.037408	0.01229	0.003154	
0.034352	0.011402	0.024945	0.030902	0.008616	0.010792	0.025697	0.008373	0.01155	0.032765	0.033531	0.03815	0.009057	0.030035	0.030637	0.02981	0.029597	0.007405	0.03178	0.011405	0.013424	0.015614	0.019476	0.037448	0.011325	0.037417	0.034883	0.012614	0.013823	0.02332	0.001929	0.034933	0.024344	0.004792	0.028921	0.029045	0.014987	0.036348	0.009935	0.033876	0.015185	0.00834	0.007429	0.002892	0.001383	0.002398	0.037631	0.006099	0.029078	0.00031	
0.024706	0.010125	0.011633	0.003796	0.031213	0.017259	0.013258	0.032788	0.035309	0.033859	0.038563	0.032628	0.022184	0.009732	0.032919	0.016498	0.015362	0.018938	0.034524	0.001498	0.027126	0.001304	0.004848	0.033464	0.01276	0.0202	0.011783	0.039099	0.016862	0.023608	0.017842	0.024039	0.037141	0.005915	0.002922	0.002936	0.022744	0.024585	0.018207	0.018972	0.014764	0.02177	0.011208	0.011308	0.021408	0.017037	0.027757	0.030778	0.0068	0.034021	
0.029262	0.021483	0.028025	0.01575	0.02236	0.025985	0.027891	0.034012	0.034756	0.032955	0.002446	0.036915	0.008226	0.03301	0.002496	0.022393	0.011716	0.026014	0.002197	0.025007	0.00918	0.005929	0.030379	0.031801	0.02659	0.015541	0.004231	0.030243	0.029682	0.016913	0.021332	0.029359	0.000499	0.005513	0.028505	0.015593	0.008072	0.038957	0.018476	0.03231	0.008094	0.017416	0.003958	0.013236	0.030351	0.011869	0.036635	0.001653	0.027278	0.007506	
0.008962	0.021495	0.018877	0.032729	0.018813	0.032734	0.032078	0.017106	0.034575	0.017312	0.017499	0.03179	0.015914	0.032252	0.024792	0.015169	0.012547	0.01688	0.025706	0.025099	0.022206	0.032943	0.005412	0.01127	0.012131	0.025142	0.018903	0.00546	0.031921	0.004634	0.003949	0.012188	0.032923	0.033007	0.029659	0.019636	0.01301	0.004112	0.035064	0.019732	0.010402	0.033395	0.011231	0.017207	0.019587	0.032533	0.003503	0.012781	0.01664	0.01709	
0.02639	0.015144	0.000209	0.032466	0.026509	0.032477	0.005632	0.026226	0.002125	0.03204	0.013103	0.013232	0.009901	0.006518	0.029535	0.015093	0.030293	0.023463	0.003701	0.02621	0.032698	0.020253	0.008357	0.004707	0.027289	0.012158	0.033399	0.035106	0.036381	0.038999	0.01831	0.029826	0.036865	0.007199	0.037772	0.026534	0.003656	0.034153	0.000386	0.028753	0.003818	0.013626	0.025076	0.027976	0.010487	0.029679	0.00076	0.027669	0.012788	0.005053	
0.010753	0.019286	0.007048	0.01872	0.032651	0.008046	0.004694	0.020245	0.015467	0.012697	0.00327	0.001717	0.014819	0.012797	0.034384	0.02389	0.033972	0.013457	0.006503	0.029149	0.028968	0.039561	0.018405	0.02093	0.027034	0.033121	0.013503	0.026514	0.032801	0.009031	0.026498	0.019738	0.017393	0.022699	0.009339	0.013745	0.039028	0.025553	0.033545	0.03113	0.01366	0.03689	0.03462	0.007767	0.030179	0.009804	0.023952	0.027991	0.002042	0.000994	
0.013792	0.0098	0.034472	0.022895	0.023982	0.024819	0.003373	0.028611	0.002103	0.010577	0.029647	0.012857	0.034142	0.025057	0.010381	0.040803	0.018732	0.023368	0.020949	0.018845	0.038341	0.0249	0.034736	0.001672	0.010103	0.019214	0.038904	0.019035	0.010992	0.034048	0.014807	0.031	0.037381	0.035154	0.005364	0.029577	0.0346	0.008419	0.036973	0.008983	0.038148	0.027469	0.003949	0.000385	0.008213	0.000625	0.003536	0.001817	0.029523	0.002927	
0.020161	0.030796	0.013108	0.010984	0.034682	0.009498	0.033567	0.02716	0.00828	0.034218	0.033606	0.002696	0.011504	0.008999	0.026384	0.017765	0.020034	0.02534	0.019302	0.027516	0.00661	0.012803	0.00395	0.020358	0.026211	0.002537	0.031952	0.02588	0.002254	0.002564	0.030717	0.028533	0.027082	0.025576	0.0067	0.009285	0.008851	0.0315	0.023142	0.018647	0.03263	0.01397	0.033803	0.029689	0.019701	0.029771	0.024005	0.014952	0.027124	0.013603	
0.015653	0.007535	0.017124	0.002209	0.009838	0.008107	0.03382	0.003194	0.014157	0.035357	0.030599	0.006718	0.014993	0.033636	0.036864	0.013574	0.037288	0.021159	0.003517	0.023327	0.028581	0.034525	0.0326	0.032388	0.018592	0.00848	0.002002	0.038852	0.004267	0.028855	0.021095	0.032216	0.032966	0.014007	0.003233	0.016543	0.017044	0.033497	0.021044	0.029263	0.035571	0.002634	0.018891	0.013436	9.2e-05	0.029251	0.018966	0.027577	0.004437	0.030426	
0.036424	0.010261	0.012013	0.0038	0.022546	0.03057	0.007706	0.036192	0.016346	0.028927	0.029057	0.015839	0.039577	0.020249	0.036329	0.012444	0.004916	0.01726	0.025984	0.026869	0.036156	0.029849	0.015632	0.032889	0.014365	0.020733	0.001396	0.027539	0.028647	0.014612	0.035228	0.005389	0.021311	0.018546	0.007569	0.041558	0.016632	0.008221	0.001466	0.019068	0.014167	0.006856	0.020498	0.001364	0.015228	0.035852	0.029752	0.013354	0.010251	0.022563	
0.007584	0.008308	0.002515	0.019981	0.012958	0.037283	0.03758	0.028408	0.00015	0.037102	0.011849	0.02911	0.018501	0.032461	0.036774	0.031813	0.019888	0.036159	0.024775	0.035574	0.007252	0.029071	0.014875	0.02377	0.02773	0.003461	0.036091	0.026805	0.006012	0.027274	0.002348	0.022452	0.015315	0.008489	0.0173	0.002605	0.028476	0.034145	0.010497	0.023187	0.017989	0.00349	0.029116	0.006539	0.02357	0.034838	0.000673	0.013026	0.028804	0.006027	
0.025342	0.002134	0.024395	0.006598	0.030581	0.012831	0.029748	0.028664	0.023643	0.01364	0.016293	0.031869	0.000456	0.025052	0.015544	0.021703	0.008054	0.019477	0.03417	0.034394	0.019724	0.011196	0.009726	0.024508	0.017466	0.029789	0.030372	0.018743	0.009536	0.008402	0.010672	0.024073	0.027609	0.017194	0.024008	0.007371	0.021784	0.023291	0.033807	0.025955	0.016277	0.031883	0.021981	0.026869	0.010949	0.034428	0.00293	0.01663	0.010185	0.028054	
0.037501	0.000277	0.014844	0.021773	0.009725	0.013257	0.020542	0.037586	0.030534	0.009233	0.026699	0.034295	0.005923	0.039445	0.011131	0.006484	0.03348	0.040239	0.026307	0.035332	0.009586	0.039954	0.00447	0.029441	0.004444	0.02303	0.03132	0.004063	0.013007	0.03323	0.040499	0.026141	0.008603	0.024549	0.000752	0.021305	0.023735	0.012329	0.008676	0.01211	0.013622	0.041093	0.01829	0.009113	0.016818	0.006438	0.040603	0.005488	0.004981	0.017703	
0.031449	0.040135	0.022506	0.0115	0.022358	0.008904	0.006195	0.023892	0.027045	0.004546	0.035318	0.010365	0.027203	0.01419	0.037881	0.030264	0.027394	0.024662	0.021516	0.017557	0.0387	0.007805	0.009292	0.035841	0.023618	0.00036	0.00593	0.015624	0.014269	0.010768	0.005758	0.017574	0.005006	0.035893	0.035177	0.039174	0.002219	0.002799	0.007074	0.030649	0.006332	0.00506	0.026986	0.035715	0.020759	0.021644	0.024254	0.026357	0.010615	0.033868	
0.008438	0.002352	0.030752	0.038573	0.007205	0.030857	0.022811	0.03123	0.030316	0.022462	0.012604	0.006738	0.015919	0.037638	0.026105	0.002717	0.021707	0.022825	0.01542	0.035354	0.037396	0.032055	0.017501	0.008304	0.023772	0.002094	0.004555	0.004266	0.000983	0.012675	0.002252	0.037457	0.035899	0.027118	0.005609	0.020705	0.003513	0.03845	0.034898	0.028594	0.023426	0.011626	0.031651	0.005572	0.002917	0.023465	0.025301	0.020906	0.027088	0.027929	
0.00558	0.022408	0.033702	0.000641	0.035417	0.029535	0.002305	0.026866	0.024293	0.012304	0.013751	0.003413	0.009689	0.012242	0.018494	0.02788	0.015134	0.035256	0.01952	0.030456	0.020281	0.023717	0.01653	0.034736	0.017832	0.013356	0.017099	0.013998	0.018118	0.032918	0.019887	0.032932	0.014673	0.016357	0.002866	0.01686	0.031003	0.014103	0.029115	0.036624	0.003973	0.011379	0.011528	0.033331	0.034353	0.038625	0.00285	0.030748	0.011162	0.02016	
0.009556	0.019445	0.030044	0.037967	0.019505	0.029812	0.008034	0.033564	0.036776	0.001312	0.020433	0.032533	0.035573	0.013427	0.01417	0.009911	0.021401	0.007369	0.005644	0.023784	0.021835	0.018163	0.036099	0.001094	0.023758	0.001368	0.025755	0.015055	0.008984	0.001934	0.023329	0.004775	0.022899	0.018754	0.032429	0.013505	0.022248	0.028022	0.000705	0.017017	0.004858	0.03971	0.019628	0.025503	0.036946	0.032034	0.014906	0.031564	0.02349	0.023373	
0.002056	0.02288	0.024814	0.011767	0.006119	0.027982	0.003747	0.035458	0.002145	0.017203	0.006699	0.03151	0.002	0.04132	0.005087	0.040154	0.029321	0.021774	0.02001	0.04024	0.0172	0.040012	0.009985	0.021989	0.00341	0.021597	0.008342	0.00022	0.004912	0.022836	0.004815	0.002126	0.03427	0.023985	0.024228	0.038908	0.002182	0.022602	0.01997	0.037887	0.025484	0.020318	0.017483	0.017801	0.033644	0.002753	0.038588	0.038206	0.032223	0.019738	
0.027277	0.032429	0.03354	0.000505	0.024548	0.030633	0.019757	0.033956	0.012409	0.012157	0.019052	0.02938	0.005363	0.027041	0.000993	0.004755	0.023045	0.022699	0.023609	0.004421	0.034245	0.026617	0.008053	0.021857	0.032166	0.005203	0.009394	0.032814	0.034716	0.010122	0.020323	0.035196	0.022032	0.018111	0.030686	0.006907	0.016238	0.003355	0.000398	0.021699	0.022718	0.035551	0.031784	0.014245	0.021496	0.015677	0.027821	0.022657	0.019559	0.010791	
0.000232	0.001803	0.015512	0.013684	0.038836	0.016367	0.038507	0.012687	0.003357	0.034507	0.017978	0.00412	0.030954	0.018298	0.014441	0.035755	0.029007	0.007057	0.034808	0.004194	0.026686	0.006054	0.026209	0.003058	0.036556	0.035515	0.035219	0.021171	0.003979	0.024942	0.033611	0.015087	0.01958	0.018861	0.007426	0.021803	0.030533	5.8e-05	0.01516	0.021517	0.00822	0.021148	0.027257	0.004278	0.033258	0.035445	0.027001	0.031146	0.035982	0.001136	
0.041349	0.010659	0.00616	0.02085	0.028276	0.0245	0.01754	0.027634	0.005768	0.01173	0.029126	0.010736	0.015371	0.018675	0.020128	0.021057	0.011929	0.006908	0.021544	0.007505	0.035193	0.004837	0.025037	0.01788	0.041063	0.019626	0.039983	0.038317	0.02082	0.017859	0.003523	0.003515	0.015502	0.015332	0.001615	0.005983	0.032663	0.020336	0.02317	0.007352	0.021143	0.037732	0.037261	0.005277	0.018903	0.016513	0.042241	0.034742	0.000113	0.039024	
0.021838	0.008426	0.029367	0.032552	0.029199	0.016889	0.025248	0.020305	0.024311	0.032619	0.022091	0.031212	0.014971	0.031525	0.005941	0.017337	0.024923	0.006614	0.001732	0.03399	0.017946	0.033563	0.019531	0.018264	0.03409	0.004242	0.028873	0.001236	0.026122	0.000742	0.019888	0.033942	0.02704	0.009434	0.018767	0.016867	0.033956	0.008721	0.001887	0.014785	0.023028	0.011726	0.02719	0.012534	0.029415	0.016588	0.021294	0.027071	0.025129	0.005039	
0.019545	0.017945	0.025243	0.024547	0.035478	0.007838	0.018098	0.027704	0.023412	0.008923	0.027466	0.020834	0.013734	0.034572	0.018327	0.040335	0.021735	0.033056	0.039007	0.001906	0.012001	0.022251	0.005713	0.022936	0.00793	0.029382	0.015163	0.002262	0.025064	0.024027	0.012873	0.03347	0.010756	0.002209	0.029091	0.007194	0.02574	0.033661	0.03858	0.005848	0.021357	0.006136	0.014538	0.002397	0.023897	0.00857	0.035516	0.00695	0.040911	0.013872	
0.0358	0.03106	0.009732	0.02296	0.035159	0.001908	0.021389	0.019309	0.029946	0.010907	0.033492	0.022214	0.032916	0.006567	0.007936	0.012425	0.022196	0.013989	0.025454	0.018757	0.035266	0.032623	0.014398	0.01086	0.001136	0.013552	0.036936	0.034523	0.039214	0.00734	0.036411	0.025924	0.015242	0.013573	0.023737	0.018745	0.02341	0.019955	0.023973	0.020219	0.005293	0.029596	0.029107	0.001444	0.00757	0.002924	0.002763	0.011511	0.035943	0.012696	
0.0374	0.027684	0.008052	0.019085	0.040269	0.009615	0.016283	0.02638	0.035367	0.015402	0.007615	0.009068	0.039958	0.036205	0.013634	0.023558	0.032233	0.040648	0.000863	0.010745	0.006919	0.04063	0.005342	0.006898	0.012321	0.032983	0.019684	0.007835	0.025353	0.00114	0.040098	0.037818	0.013076	0.014222	0.032049	0.035323	0.014002	0.005494	0.019706	0.025373	2.9e-05	0.002608	0.019054	0.035555	0.003091	0.012543	0.023776	0.011734	0.015502	0.029778	
0.017841	0.004822	0.006362	0.025671	0.013594	0.020337	0.011975	0.042768	0.028823	0.031799	0.044621	0.002015	0.002359	0.009719	0.010625	0.01447	0.033875	0.021977	0.043187	0.023496	0.014915	0.025748	0.001153	0.012774	0.012838	0.017704	0.028089	0.000606	0.03739	0.021351	0.013033	0.024612	0.015901	0.021491	0.001632	0.015593	0.033282	0.03225	0.024674	0.020721	0.002099	0.020979	0.040039	0.030224	0.008413	0.00494	0.035523	0.006248	0.03625	0.029192	
0.014515	0.041534	0.005658	0.043525	0.025799	0.022887	0.03706	0.033023	0.024935	0.014853	0.016828	0.016156	0.043324	0.0396	0.022511	0.022026	0.024828	0.014982	0.031658	0.006175	0.015442	0.002574	0.0014	0.002925	0.020848	0.03252	0.037128	0.010581	0.026823	0.021993	0.019397	0.000748	0.019993	0.037084	0.010063	0.012477	0.01159	0.005734	0.004676	0.022647	0.037471	0.01915	0.028613	0.004767	0.002718	0.000963	0.0081	0.008444	0.04059	0.030664	
0.004228	0.037444	0.006121	0.030615	0.038453	0.036466	0.010261	0.019994	0.020394	0.012205	0.039322	0.024397	0.020406	0.030697	0.009521	0.024363	0.034119	0.024068	0.030203	0.013103	0.010178	0.011086	0.024618	0.022312	0.011273	0.005686	0.039711	0.022298	0.032157	0.000582	0.019809	0.017408	0.026568	0.01071	0.034465	0.02025	0.002213	0.029495	0.005289	0.038693	0.005269	0.013586	0.002786	0.024751	0.003796	0.037089	0.029879	0.001213	0.01212	0.01833	
0.039697	0.004805	0.002285	0.022241	0.010948	0.035708	0.010197	0.012934	0.027433	0.023721	0.032186	0.020324	0.022677	0.014826	0.007982	0.028399	0.032795	0.005398	0.026482	0.007387	0.006908	0.005847	0.028442	0.035697	0.017666	0.017978	0.013428	0.013557	0.032948	0.018822	0.01046	0.037182	0.019438	0.019373	0.038864	0.026703	0.022802	0.030246	0.031873	0.003825	0.036628	0.02999	0.004731	0.009669	0.003351	0.018957	0.036482	0.00719	0.023653	0.008865	
0.005308	0.009336	0.020645	0.016147	0.031748	0.029867	0.009887	0.032579	0.024592	0.034122	0.023105	0.03506	0.019312	0.032841	0.038763	0.013135	0.015947	0.001102	0.004624	0.026309	0.038461	0.009573	0.023729	0.013074	0.006127	0.021454	0.022207	0.02691	0.016607	0.02731	0.021527	0.014254	0.03097	0.027868	0.007664	0.017808	0.001565	0.026961	0.017013	0.006675	0.022408	0.02476	0.008168	0.008121	0.036838	0.012469	0.020192	0.037793	0.016697	0.010368	
0.003664	0.018703	0.023491	0.031223	0.010344	0.017229	0.022248	0.018642	0.001314	0.019625	0.02255	0.037843	0.015726	0.001027	0.022899	0.007757	0.008683	0.013811	0.00472	0.015702	0.034669	0.019612	0.038394	0.034913	0.029313	0.010355	0.007173	0.034396	0.032051	0.035136	0.030786	0.011315	0.011302	0.001361	0.032537	0.014187	0.036434	0.034418	0.002687	0.037992	0.002573	0.0151	0.037625	0.027993	0.032396	0.006858	0.022788	0.013509	0.017668	0.017258	
0.032625	0.026231	0.010699	0.016201	0.028704	0.030776	0.018546	0.014288	0.015386	0.018339	0.023395	0.004428	0.027018	0.024772	0.009363	0.030064	0.024827	0.001514	0.019534	0.009176	0.020195	0.009536	0.026208	0.025154	0.01357	0.021653	1e-06	0.027964	0.02029	0.023776	0.031184	0.012181	0.011815	0.028507	0.028848	0.031525	0.008206	0.029635	0.022064	0.030795	0.027408	0.017239	0.024267	0.029911	0.013459	0.003982	0.007567	0.022243	0.01434	0.030591	
0.033424	0.021123	0.008467	0.006292	0.007483	0.028554	0.036933	0.026288	0.026817	0.006863	0.024876	0.002	0.009002	0.039109	0.006568	0.033496	0.012834	0.027907	0.016005	0.031243	0.033592	0.028916	0.03323	0.01598	0.022678	0.003441	0.005342	0.007814	0.016928	0.036183	0.001728	0.027665	0.02358	0.012585	0.023556	0.030868	0.000612	0.016824	0.015749	0.000644	0.024241	0.037957	0.033809	0.039294	0.037717	5.3e-05	0.010817	0.03372	0.016872	0.002321	
0.018348	0.021111	0.018974	0.020641	0.025791	0.00772	0.013068	0.008285	0.014069	0.019966	0.025651	0.017131	0.008788	0.029927	0.028873	0.016103	0.033926	0.005451	0.033526	0.018748	0.026732	0.029379	0.002938	0.00473	0.015589	0.002893	0.031046	0.032529	0.016392	0.024335	0.03571	0.034625	0.034393	0.021599	0.000885	0.034148	0.009442	0.031258	0.005023	0.030062	0.026664	0.034041	0.000238	0.018255	0.028481	0.010905	0.010581	0.028884	0.019751	0.012395	
0.032042	0.031993	0.032749	0.01458	0.00069	0.015218	0.045141	0.031662	0.015608	0.030659	0.002732	0.01097	0.035318	0.03166	0.002922	0.016898	0.015686	0.024916	0.012157	0.005364	0.016472	0.029542	0.019242	0.031628	0.037368	0.042474	0.004525	0.007513	0.004804	0.016771	0.027511	0.016146	0.04399	0.01468	0.036265	0.008496	0.009479	0.040072	0.009007	0.028494	0.002514	0.012598	0.015917	0.013551	0.032006	0.008232	0.001758	0.012969	0.045476	0.001535	
0.017637	0.027377	0.014263	0.043202	0.030281	0.037837	0.020738	0.009282	0.011733	0.02752	0.015314	0.045265	0.018752	0.039691	0.012033	0.009876	0.006755	0.009058	0.026323	0.033871	0.03572	0.016554	0.029595	0.01266	0.001378	0.026618	0.017175	0.039449	0.016975	0.001248	0.020253	0.007872	0.014418	0.002566	0.045067	0.033859	0.041199	0.030664	0.013459	0.014558	0.000278	0.020324	0.002899	0.043984	0.007638	0.004948	0.005256	0.008597	0.024823	0.003158	
0.018985	0.007247	0.014115	0.02531	0.024861	0.00295	0.020831	0.020487	0.017435	0.017178	0.032249	0.024136	0.007917	0.029816	0.013041	0.01632	0.002738	0.012574	0.02647	0.033924	0.022436	0.011236	0.007344	0.033096	0.005935	0.016722	0.023795	0.01938	0.0065	0.010097	0.017128	0.03457	0.018106	0.020967	0.035	0.005098	0.005837	0.0325	0.036896	0.032538	0.035118	0.008574	0.026861	0.037398	0.018686	0.020082	0.027727	0.010293	0.024035	0.027461	
0.002828	0.012214	0.006552	0.02511	0.036615	0.029813	0.00744	0.011304	0.005147	0.030365	0.035862	0.021023	0.026686	0.026187	0.02194	0.005082	0.005156	0.011616	0.01527	0.001263	0.009199	0.000138	0.036389	0.023388	0.018215	0.034923	0.013382	0.024496	0.033117	0.022642	0.019198	0.030438	0.035	0.028268	0.000465	0.007873	0.012511	0.010774	0.030013	0.007549	0.003766	0.02903	0.031589	0.035718	0.030358	0.020399	0.022645	0.026089	0.033398	0.031557	
0.038697	0.005235	0.007102	0.022886	0.01165	0.015526	0.021372	0.033154	0.036121	0.00595	0.018099	0.039021	0.032027	0.016185	0.005437	0.001885	0.00042	0.038488	0.027011	0.001495	0.007186	0.025142	0.021554	0.036841	0.02897	0.004359	0.031628	0.003632	0.035349	0.01623	0.0119	0.038155	0.021379	0.017103	0.030622	0.005921	0.008818	0.032484	0.032312	0.03082	0.002373	0.025658	0.013423	0.008426	0.035609	0.017523	0.033008	0.001139	0.035111	0.009564	
0.008037	0.036181	0.011226	0.028678	0.025298	0.00436	0.031935	0.017337	0.010341	0.026265	0.004408	0.029593	0.012316	0.01881	0.023321	0.023742	0.014273	0.017557	0.028187	0.002233	0.034983	0.02561	0.040633	0.029893	0.005673	0.033847	0.008105	0.03254	0.003997	0.027137	0.040002	0.028629	0.000542	0.014981	0.014375	0.007368	0.024548	0.032757	0.008056	0.015911	0.00632	0.012715	0.031502	0.028748	0.030467	0.018053	0.009528	0.009844	0.029274	0.019864	
0.018306	0.015657	0.012384	0.025728	0.021954	0.030782	0.030268	0.015504	0.015569	0.009907	0.006093	0.013363	0.017544	0.023738	0.018533	0.016905	0.021371	0.033985	0.008975	0.023495	0.035736	0.016711	0.026748	0.006975	0.031978	0.022797	0.019861	0.028905	0.014588	0.033271	0.026636	0.020022	0.000201	0.008677	0.03081	0.009674	0.022943	0.030884	0.009355	0.027774	0.00019	0.027157	0.023332	0.019371	0.016899	0.016566	0.015305	0.022257	0.015955	0.038361	
0.028595	0.024965	0.028131	0.03222	0.021671	0.032825	0.017692	0.017031	0.016718	0.012089	0.020884	0.033647	0.017312	0.031207	0.025066	0.018881	0.031154	0.015951	0.031381	0.023117	0.026989	0.002465	0.002821	0.012131	0.019084	0.014765	0.007462	0.016952	0.02651	0.006314	0.027037	0.021505	0.006458	0.025548	0.000859	0.026088	0.028718	0.029613	0.0266	0.02046	0.027172	0.02325	0.008502	0.015209	0.020031	0.002778	0.007962	0.029786	0.02273	0.013664	
0.034006	0.0025	0.03276	0.033635	0.034669	0.01479	0.036439	0.008442	0.010388	0.009001	0.005694	0.026457	0.018497	0.025114	0.035956	0.023237	0.036532	0.002633	0.02781	0.017843	0.036422	0.027945	0.001288	0.029316	0.018189	0.018841	0.006573	0.012652	0.026632	0.021666	0.015609	0.017932	0.03275	0.028273	0.003399	0.012752	0.027752	0.009546	0.0006	0.027851	0.016411	0.015235	0.035987	0.002256	0.018701	0.009618	0.010904	0.020284	0.033916	0.024297	
0.002879	0.032196	0.013315	0.011878	0.002609	0.031052	0.009454	0.030755	0.011942	0.019272	0.018022	0.006524	0.020645	0.032971	0.004733	0.034094	0.032062	0.029698	0.024091	0.003703	0.026889	0.029719	0.016815	0.018842	0.017962	0.033048	0.024752	0.007142	0.010322	0.035322	0.030851	0.022481	0.035948	0.002704	0.021912	0.033482	0.017998	0.034205	0.03549	0.003232	0.005571	0.007528	0.006217	0.023989	0.034936	0.019824	0.023666	0.006197	0.006655	0.034406	
0.004885	0.005677	0.006713	0.036189	0.002628	0.034978	0.003253	0.006307	0.023044	0.021154	0.036687	0.029911	0.024617	0.024982	0.035989	0.006702	0.002484	0.0123	0.017335	0.01756	0.002115	0.01973	0.025323	0.035415	0.008444	0.039285	0.02577	0.027465	0.022568	0.035536	0.03261	0.037074	0.028248	0.003315	0.015048	0.033716	0.025528	0.036901	0.002151	0.023615	0.000778	0.041136	0.01324	0.00037	0.006028	0.035811	0.023735	0.002645	0.012175	0.03083	
0.028958	0.004066	0.024624	0.038956	0.002844	0.024737	0.035212	0.015559	0.008784	0.000921	0.035749	0.001193	0.019401	0.017272	0.018029	0.019371	0.019607	0.017919	0.028189	0.034705	0.020387	0.039308	0.026418	0.023025	0.008395	0.007158	0.024679	0.027032	0.007449	0.003668	0.015091	0.013147	0.013172	0.011924	0.033315	0.03138	0.035731	0.034494	0.019563	6.7e-05	0.024157	0.006863	0.001567	0.028561	0.039523	0.024332	0.035029	0.019515	0.005372	0.023582	
0.010563	0.025295	0.004644	0.029746	0.013056	0.020967	0.036419	0.033724	0.000871	0.024432	0.010878	0.004699	0.035292	0.028459	0.005221	0.039413	0.032601	0.018369	0.007814	0.007121	0.028411	0.033165	0.0124	0.013174	0.004382	0.024513	0.039792	0.029607	0.017981	0.008655	0.038205	0.003853	0.010775	0.027648	0.007098	0.013075	0.007477	0.007212	0.030488	0.018263	0.025839	0.007938	0.024167	0.022867	0.008419	0.031678	0.037411	0.039371	0.027686	0.008866	
0.004154	0.001466	0.024979	0.022131	0.021842	0.026592	0.033922	0.036905	0.033699	0.000896	0.025989	0.023917	0.041472	0.01517	0.021018	0.009213	0.018364	0.007886	0.02086	0.027779	0.021956	0.029648	0.018833	0.028602	0.010035	0.026014	0.040999	0.018487	0.028063	0.01963	0.010129	0.012564	0.01591	0.008508	0.015029	0.000507	0.027622	0.007855	0.039009	0.021482	0.009025	0.008721	0.040386	0.0015	0.005998	0.015721	0.030894	0.029268	0.015642	0.023709	
0.029924	0.013723	0.006592	0.017924	0.035418	0.005983	0.006282	0.025632	0.030847	0.002473	0.034427	0.031456	0.018	0.001926	0.019624	0.009688	0.030619	0.02279	0.037317	0.019758	0.034259	0.013523	0.010501	0.024509	0.006595	0.029278	0.016105	0.023455	0.013165	0.035971	0.024443	0.010661	0.032254	0.023054	0.008148	0.015261	0.006149	0.034284	0.027911	0.010031	0.014494	0.014341	0.027792	0.019292	0.039133	0.024327	0.016453	0.005976	0.028021	0.010211	
0.030601	0.026661	0.001059	0.031114	0.008373	0.031636	0.039873	0.000711	0.035138	0.020264	0.006139	0.006119	0.026871	0.003048	0.003848	0.011807	0.030798	0.008419	0.001945	0.016791	0.024446	0.019389	0.028993	0.024111	0.029736	0.009035	0.012318	0.041352	0.035311	0.0051	0.038978	0.017799	0.007155	0.036039	0.022799	0.032224	0.038519	0.024504	0.005381	0.029928	0.007315	0.004998	0.025787	0.007233	0.002007	0.032167	0.039994	0.021308	0.006617	0.028242	
0.009548	0.037279	0.005315	0.006916	0.026064	0.036157	0.000779	0.0337	0.030991	0.03546	0.020169	0.037863	0.017863	0.01223	0.028431	0.025736	0.016663	0.036274	0.034616	0.02894	0.003684	0.025964	0.001771	0.016928	0.011845	0.025487	0.032331	0.016679	0.029659	0.003004	0.036536	0.03591	0.020679	0.030185	0.010589	0.005515	0.027902	0.03193	0.005608	0.001013	0.001934	0.003331	0.000979	0.011048	0.03142	0.020674	0.010459	0.0293	0.02328	0.013362	
0.03629	0.034229	0.012119	0.027367	0.031858	0.004431	0.021206	0.018791	0.014874	0.017934	0.034048	0.026463	0.011018	0.019648	0.037435	0.02484	0.006578	0.015782	0.017426	0.029625	0.004318	0.017459	0.028022	0.023527	0.037083	0.01594	0.029336	0.005536	0.015586	0.009029	0.009064	0.008732	0.022812	0.009336	0.008285	0.036401	0.030155	0.03433	0.006308	0.016538	0.011309	0.027549	0.027311	0.011743	0.015962	0.020714	0.013505	0.025729	0.034557	0.001862	
0.012193	0.004349	0.013469	0.031573	0.03553	0.033431	0.024408	0.003779	0.036797	0.034948	0.022876	0.022465	0.01167	0.028162	0.024953	0.007506	0.001423	0.04247	0.00312	0.004211	0.021424	0.029903	0.002853	0.025867	0.025786	0.030159	0.003245	0.039728	0.043052	0.015248	0.023148	0.030066	0.020427	0.003325	0.038599	0.022567	0.014886	0.004906	0.000691	0.012399	0.00624	0.002793	0.003284	0.021786	0.012409	0.031274	0.037315	0.022503	0.027947	0.026837	
0.024522	0.033031	0.01722	0.041897	0.028688	0.001478	0.035747	0.024544	0.012776	0.021961	0.035354	0.004778	0.01076	0.00206	0.004021	0.009726	0.000497	0.021582	0.028741	0.017097	0.006189	0.027972	0.030992	0.028061	0.022517	0.007947	0.02996	0.00225	0.03734	0.013452	0.009113	0.007647	0.00337	0.032935	0.014959	0.00759	0.021294	0.026371	0.037852	0.004083	0.038741	0.030148	0.038026	0.041844	0.014951	0.034466	0.007795	0.004567	0.025115	0.015973	
0.031035	0.024745	0.01679	0.034577	0.032325	0.03182	0.02545	0.016612	0.034705	0.000355	0.013376	0.003158	0.025452	0.029339	0.021402	0.01613	0.022857	0.034296	0.031414	0.018282	0.029191	0.007093	0.005201	0.026822	0.011774	0.025825	0.026953	0.019722	0.015094	0.010739	0.003747	0.016958	0.033954	0.01085	0.031883	0.008854	0.013973	0.013045	0.000242	0.029404	0.016889	0.028209	0.001423	0.008533	0.032786	0.012126	0.018573	0.033202	0.010244	0.032571	
0.037379	0.010419	0.011242	0.009987	0.023933	0.021558	0.032867	0.018361	0.020616	0.035827	0.032006	0.022922	0.038325	0.00998	0.027742	0.012359	0.02441	0.000728	0.035584	0.020332	0.021655	0.015748	0.015123	0.015496	0.012771	0.023383	0.000865	0.036049	0.023028	0.01561	0.031638	0.030032	0.011967	0.03405	0.00867	0.021896	0.005983	0.008083	0.032685	0.015701	0.014344	0.005186	0.010106	0.005087	0.024464	0.014141	0.032143	0.014187	0.031926	0.021406	
0.033112	0.022197	0.018671	0.013612	0.039208	0.002536	0.022248	0.000534	0.041845	0.00553	0.016579	0.016948	0.005713	0.02848	0.033738	0.004821	0.041922	0.033963	0.004541	0.014939	0.006565	0.013721	0.001811	0.005189	0.037544	0.001081	0.007272	0.040214	0.038835	0.030633	0.034179	0.000937	0.024085	0.022868	0.020069	0.007986	0.024518	0.024513	0.040905	0.004734	0.019182	0.03197	0.032177	0.00652	0.026513	0.021896	0.026041	0.014666	0.015585	0.016654	
0.025983	0.003824	0.032523	0.027101	0.021827	0.035312	0.032487	0.020752	0.013714	0.017487	0.00038	0.036303	0.027228	0.000651	0.020883	0.021967	0.027943	0.004473	0.017881	0.025261	0.000537	0.036914	0.033513	0.004818	0.031378	0.010893	0.025257	0.028282	0.033323	0.012844	0.020319	0.01019	0.001396	0.019357	0.034198	0.012081	0.035012	0.024316	0.012083	0.031396	0.011374	0.02234	0.025151	0.026142	0.020275	0.031635	0.002379	0.019032	0.006377	0.003208	
0.00063	0.012177	0.037436	0.034284	0.00944	0.002754	0.037857	0.004255	0.014942	0.03391	0.038157	0.008454	0.018913	0.033022	0.022467	0.012369	0.024713	0.039708	0.019826	0.021388	0.008355	0.011234	0.00309	0.030523	0.01578	0.027499	0.016441	0.043518	0.005215	0.02448	0.014968	0.019986	0.01649	0.01458	0.014248	0.008634	0.021541	0.040312	0.004392	0.035065	0.016107	0.020606	0.024162	0.025335	0.023429	0.019499	0.000697	0.020829	0.029498	0.016785	
0.029547	0.024926	0.005329	0.022145	0.017761	0.008932	0.037487	6.3e-05	0.031869	0.001197	0.002869	0.01428	0.033872	0.038997	0.030612	0.004825	0.035281	0.030788	0.031721	0.035831	0.027663	0.008758	0.038284	0.013144	0.021734	0.020037	0.035419	0.010791	0.038221	0.030209	0.009633	0.03181	0.024693	0.013465	0.009629	0.021258	0.003461	0.001346	0.008341	0.012398	0.015327	0.038081	0.000412	0.000941	0.013186	0.011657	0.029398	0.038726	0.011662	0.021984	
0.031379	0.023729	0.030799	0.030103	0.003862	0.006775	5.7e-05	0.004567	0.002032	0.019276	0.033274	0.008026	0.012812	0.007541	0.027681	0.004306	0.023437	0.03113	0.036196	0.01345	0.037006	0.040341	0.039786	0.018106	0.006251	0.007148	0.010137	0.040167	0.040341	0.020793	0.027418	0.008208	0.002795	0.033442	0.02393	0.012182	0.040734	0.004591	0.009096	0.03326	0.035721	0.029532	0.000541	0.036118	0.017201	0.028287	0.002597	0.005341	0.016064	0.022434	
0.025638	0.022091	0.004509	0.020058	0.036694	0.028223	0.007578	0.019867	0.035258	0.035706	0.026119	0.022436	0.009143	0.021291	0.026622	0.032745	0.029865	0.029895	0.036479	0.010148	0.006432	0.030213	0.00679	0.017581	0.017217	0.006194	0.024675	0.013696	0.015941	0.005808	0.014819	0.033172	0.004302	0.031378	0.03403	0.00104	0.020691	0.024768	0.02485	0.003116	0.025952	0.011792	0.010418	0.036753	0.003115	0.035105	0.007708	0.026238	0.002245	0.023596	
0.004383	0.023528	0.027092	0.022253	0.008591	0.012985	0.005381	0.015184	0.016374	0.014252	0.034092	0.020189	0.014699	0.013968	0.017457	0.005423	0.013524	0.020369	0.007641	0.008118	0.020702	0.008028	0.032691	0.017159	0.030633	0.010775	0.007711	0.020098	0.032786	0.019957	0.031631	0.027095	0.006158	0.002405	0.023318	0.025624	0.026174	0.02993	0.029377	0.023213	0.025331	0.033498	0.02932	0.030843	0.028564	0.03191	0.015313	0.02063	0.03361	0.020013	
0.033382	0.018016	0.0009	0.037394	0.010618	0.034841	0.007826	0.025331	0.005017	0.010099	0.014703	0.005164	0.022887	0.034097	0.009148	0.035313	0.025507	0.005999	0.031895	0.022907	0.010366	0.010004	0.022221	0.038306	0.016433	0.00806	0.02979	0.011544	0.002648	0.01597	0.038342	0.037769	0.020741	0.039057	0.011701	0.036779	0.003291	0.036675	0.009363	0.018153	0.011406	0.014279	0.009704	0.030052	0.017977	0.031143	0.037226	0.007295	0.002973	0.029688	
0.027446	0.03492	0.023059	0.00326	0.037746	0.034361	0.036277	0.019774	0.02059	0.00109	0.03778	0.029415	0.036021	0.031396	0.006673	0.006742	0.021553	0.035349	0.028686	0.001968	0.024532	0.016894	0.031948	0.035065	0.024453	0.008959	0.00128	0.016989	0.032085	0.012473	0.013672	0.021359	0.017812	0.003038	0.004898	0.007856	0.004307	0.00733	0.034085	0.03263	0.009904	0.005466	0.037048	0.031579	0.027971	0.02624	0.019622	0.004276	0.004205	0.007918	
0.018564	0.027144	0.027563	0.009366	0.021065	0.024082	0.016856	0.030145	0.032485	0.033061	0.010681	0.019608	0.004534	0.003135	0.020786	0.030306	0.022991	0.022417	0.011312	0.018894	0.024787	0.02841	0.005271	0.018798	0.017062	0.021074	0.010664	0.014568	0.007451	0.010462	0.007997	0.029272	0.009124	0.031881	0.024854	0.025338	0.026958	0.017796	0.014084	0.008878	0.027146	0.024528	0.034055	0.017807	0.011592	0.024211	0.020845	0.022631	0.02434	0.033121	
0.000984	0.009372	0.005564	0.004973	0.018317	0.021056	0.039325	0.002648	0.030001	0.023426	0.035972	0.017101	0.030574	0.011134	0.022324	0.004047	0.009304	0.028291	0.000971	0.015182	0.034011	0.002316	0.03669	0.028618	0.008008	0.024203	0.012252	0.022721	0.008065	0.035653	0.026069	0.026633	0.014764	0.020801	0.024516	0.001159	0.019496	0.033798	0.021674	0.0094	0.03412	0.008417	0.029141	0.040176	0.025597	0.011179	0.029562	0.036339	0.03064	0.013416	
0.017014	0.021986	0.007293	0.009178	0.015082	0.032943	0.02854	0.031424	0.028626	0.022933	0.007616	0.003157	0.011064	0.007427	0.022863	0.0322	0.021971	0.025992	0.011175	0.018559	0.036899	0.027658	0.019239	0.023957	0.004503	0.010381	0.021478	0.015586	0.007464	0.030946	0.002255	0.025905	0.009369	0.023094	0.019044	0.027346	0.021356	0.022079	0.019105	0.022518	0.014549	0.0078	0.02063	0.022907	0.010087	0.026932	0.035167	0.030088	0.031965	0.03265	
0.035863	0.010466	0.010581	0.004814	0.004893	0.001494	0.014506	0.01339	0.005615	0.036065	0.026781	0.033238	0.014703	0.009383	0.008146	0.035987	0.02436	0.035636	0.036143	0.006977	0.021408	0.02198	0.024936	0.036617	0.01618	0.000893	0.024329	0.015213	0.023564	0.007254	0.003982	0.02894	0.007801	0.026969	0.035973	0.021618	0.019921	0.029155	0.037018	0.017404	0.021927	0.023336	0.014276	0.022959	0.019075	0.016029	0.030088	0.032262	0.008785	0.021067	
0.027745	0.018315	0.021271	0.003646	0.006554	0.003982	0.020917	0.01901	0.006799	0.032818	0.00876	0.01804	0.029353	0.014458	0.002017	0.011152	0.012607	0.032523	0.034404	0.006367	0.036161	0.025957	0.009061	0.031219	0.010916	0.016928	0.024114	0.020376	0.034948	0.020297	0.023451	0.021839	0.006307	0.025454	0.00057	0.011776	0.032227	0.024209	0.029514	0.015969	0.022725	0.010271	0.032109	0.031475	0.013802	0.032043	0.035061	0.016614	0.019401	0.034468	
0.033616	0.03007	0.002961	0.020405	0.026032	0.027901	0.003429	0.003237	0.016593	0.03005	0.027238	0.027575	0.003317	0.025725	0.010619	0.018857	0.024524	0.009405	0.004965	0.035411	0.030377	0.018155	0.030056	0.017287	0.025387	0.034365	0.015267	0.035374	0.024736	0.00729	0.023861	0.028305	0.004469	0.033786	0.031092	0.024389	0.017714	0.014495	0.032229	0.007135	0.009922	0.016384	0.031172	0.007058	0.007237	0.030036	0.030619	0.000555	0.020394	0.008924	
0.001419	0.003136	0.025376	0.026286	0.020067	0.021924	0.011952	0.029179	0.028189	0.002986	0.001029	0.003928	0.031671	0.02563	0.010753	0.029756	0.03364	0.035269	0.028831	0.034221	0.001616	0.021077	0.031795	0.036486	0.005648	0.021312	0.017331	0.034945	0.010204	0.023406	0.005127	0.001554	0.025444	0.002444	0.030715	0.007295	0.03528	0.009765	0.030799	0.037953	0.011166	0.038129	0.032555	0.003962	0.014291	0.009955	0.011992	0.03548	0.01702	0.030012	
0.003946	0.006382	0.024981	0.019862	0.013474	0.008173	0.020867	0.027896	0.008323	0.027546	0.01102	0.02712	0.032312	0.020206	0.033475	0.037464	0.020901	0.020607	0.017196	0.033777	0.012119	0.032458	0.010875	0.038536	0.017711	0.002966	0.018661	0.021205	0.034921	0.003753	0.005588	0.021329	0.005	0.034354	0.028313	0.028804	0.004703	0.003334	0.029365	0.026861	0.021424	0.00823	0.005716	0.031106	0.031585	0.005085	0.015843	0.023171	0.026441	0.035015	
0.032999	0.008416	0.013519	0.037274	0.019568	0.025574	0.031506	0.038155	0.007427	0.000854	0.00241	0.025152	0.003322	0.010627	0.028802	0.032765	0.017586	0.003801	0.024485	0.01385	0.026105	0.004292	0.005162	0.006714	0.032612	0.024627	0.035651	0.010714	0.019187	0.00923	0.015126	0.033224	0.024789	0.029955	0.026332	0.02856	0.002177	0.033859	0.036458	0.015606	0.027211	0.010664	0.000486	0.013101	0.008087	0.027377	0.037096	0.033044	0.03802	0.006442	
0.036063	0.026218	0.035287	0.033696	0.000204	0.026842	0.006106	0.030615	0.00344	0.013081	0.00553	0.013629	0.021729	0.011755	0.031515	0.023409	0.001279	0.002151	0.011077	0.011459	0.010498	0.039907	0.013018	0.005471	0.004687	0.029406	0.018357	0.008235	0.031779	0.017164	0.023983	0.042634	0.043688	0.032952	0.007545	0.025063	0.032362	0.017364	0.019997	0.010502	0.029898	0.01495	0.02392	0.006682	0.040146	0.038808	0.020836	0.009556	0.018233	0.017274	
0.023267	0.006756	0.035864	0.016537	0.0136	0.021843	0.032165	0.029072	0.034363	0.005075	0.014114	0.033369	0.023928	0.02223	0.034468	0.000329	0.024357	0.005455	0.012896	0.005808	0.01411	0.012169	0.013572	0.034616	0.034211	0.010447	0.005241	0.029066	0.023892	0.008404	0.016952	0.034811	0.034676	0.034211	0.018791	0.017443	0.016513	0.008144	0.008205	0.016933	0.022813	0.028334	0.017462	0.024828	0.033325	0.033256	0.008066	0.017655	0.005321	0.021037	
0.025645	0.030727	0.022509	0.005912	0.000637	0.027714	0.025918	0.02354	0.000644	0.015054	0.020309	0.00353	0.028227	0.002797	0.018182	0.028369	0.018343	0.013409	0.03178	0.006989	0.030617	0.005714	0.013303	0.03324	0.025106	0.003726	0.030479	0.015594	0.036691	0.037165	0.034088	0.036391	0.00741	0.00891	0.020576	0.025005	0.01081	0.013325	0.009322	0.027746	0.001267	0.031649	0.004161	0.000312	0.032746	0.027358	0.030079	0.036832	0.024924	0.035219	
0.023839	0.013339	0.012979	0.028117	0.008289	0.035349	0.02984	0.01391	0.023849	0.008799	0.005875	0.009191	0.0166	0.009497	0.030112	0.004997	0.03756	0.026601	0.006474	0.002588	0.031275	0.022502	0.02927	0.03542	0.029512	0.021031	0.038873	0.016481	0.010463	0.006852	0.042042	0.034748	0.000875	0.007486	0.002287	0.009655	0.032268	0.024175	0.019944	0.033658	0.039551	0.010868	0.030996	0.021427	0.009073	0.0034	0.013542	0.00353	0.041993	0.028998	
0.033546	0.032905	0.00365	0.012635	0.031744	0.016328	0.027296	0.005606	0.03601	0.017787	0.023376	0.013031	0.013111	0.028386	0.037718	0.013786	0.034918	0.01032	0.033901	0.015414	0.015658	0.012979	0.027641	0.037555	0.022842	0.024696	0.01154	0.012295	0.000133	0.016064	0.032154	0.034442	0.036801	0.011306	0.004645	0.0048	0.019278	0.026713	0.018774	0.007563	0.014882	0.013356	0.008537	0.0282	0.014198	0.00797	0.02928	0.032796	0.00758	0.023854	
0.028971	0.034443	0.013011	0.037365	0.019927	0.009459	0.012223	0.026924	0.01153	0.035612	0.011725	0.029559	0.009059	0.010553	0.008133	0.02503	0.037446	0.006134	0.009732	0.019375	0.013462	0.025959	0.005989	0.012126	0.021157	0.032036	0.008499	0.005101	0.031463	0.000331	0.02368	0.018216	0.02189	0.012261	0.037119	0.007327	0.009257	0.027171	0.037153	0.026371	0.026081	0.030806	0.034083	0.002623	0.010623	0.0141	0.026457	0.022528	0.028545	0.031375	
0.023922	0.009467	0.032078	0.023986	0.002209	0.012718	0.03613	0.018618	0.035468	0.018483	0.004299	0.019866	0.001845	0.01639	0.03365	0.038367	0.007533	0.010644	0.013864	0.007285	0.03763	0.013283	0.022411	0.033598	0.01867	0.013633	0.011674	0.014487	0.0354	0.019132	0.032905	0.003723	0.023486	0.037313	0.01787	0.022383	0.024788	0.0229	0.019274	0.031684	0.009423	0.001389	0.013391	0.002031	0.035868	0.030259	0.022971	0.014669	0.037626	0.009307	
0.018715	0.008371	0.000938	0.019491	0.012287	0.003646	0.01219	0.021508	0.010916	0.038317	0.035824	0.037278	0.039785	0.036144	0.029071	0.026267	0.033489	0.01101	0.031828	0.034634	0.019451	0.027025	0.002328	0.022357	0.013955	0.026164	0.015769	0.011185	0.020499	0.002228	0.024464	0.011663	0.002725	0.039973	0.011167	0.004873	0.025223	0.037078	0.014074	0.037228	0.002639	0.011193	0.017564	0.034561	0.00755	0.036254	0.033155	0.013301	0.003169	0.009476	
0.020606	0.004612	0.006513	0.035756	0.034332	0.01585	0.027416	0.028309	0.031659	0.019418	0.026617	0.017986	0.023693	0.022981	0.031009	0.010996	0.014997	0.004793	0.021341	0.020717	0.020322	0.006362	0.024169	0.01048	0.040811	0.017326	0.029683	0.035954	0.005402	0.033494	0.002024	0.022746	0.029905	0.030613	0.014444	0.021265	0.01284	0.017963	0.005805	0.031484	0.027831	0.006262	0.028077	0.020736	0.00117	0.012085	0.025607	0.025372	0.016901	0.003266	
0.004967	0.033351	0.008246	0.008759	0.031501	0.01451	0.014145	0.040808	0.038779	0.005442	0.022207	0.025872	0.029015	0.019659	0.038846	0.029863	0.011472	0.017322	0.004861	0.013165	0.034477	0.000857	0.014385	0.021909	0.005463	0.009681	0.006217	0.014845	0.032777	0.026748	0.041006	0.025339	0.021505	0.026647	0.040498	0.010586	0.001418	0.011179	0.003351	0.015061	0.022109	0.020181	0.034102	0.011005	0.017805	0.028588	0.039523	0.015922	0.029154	0.004872	
0.026456	0.021656	0.003281	0.017576	0.030007	0.030622	0.022995	0.023695	0.009983	0.009451	0.018111	0.018155	0.007056	0.009231	0.036289	0.031297	0.026403	0.007399	0.003116	0.017858	0.009602	0.029453	0.015208	0.03727	0.035128	0.01422	0.023826	0.005863	0.033183	0.003167	0.032926	0.025103	0.022796	0.033296	0.009663	0.027269	0.023193	0.017647	0.018466	0.035075	0.023426	0.007012	0.021658	0.021792	0.005593	0.017166	0.037186	0.024393	0.011441	0.007342	
0.029442	0.021593	0.0343	0.021701	0.023842	0.029749	0.012975	0.010848	0.024742	0.01503	0.036107	0.021975	0.001335	0.022748	0.024667	0.032443	0.015886	0.006496	0.009231	0.023801	0.007053	0.011621	0.027543	0.006555	0.011142	0.032737	0.024153	0.030479	0.010468	0.036467	0.028362	0.027122	0.016295	0.02529	0.014696	0.009067	0.017386	0.005396	0.008072	0.016049	0.009419	0.014664	0.018169	0.031642	0.036153	0.013918	0.035569	0.031238	0.009148	0.015216	
0.014449	0.010999	0.011539	0.02963	0.018639	0.024339	0.012371	0.005132	0.017944	0.004447	0.016279	0.001709	0.017689	0.010739	0.028313	0.026337	0.022274	0.022599	0.024104	0.035561	0.004075	0.002232	0.028234	0.003264	0.025241	0.026857	0.02932	0.014808	0.016979	0.027415	0.038843	0.016756	0.000472	0.026632	0.035536	0.037301	0.019519	0.014831	0.034154	0.01373	0.023486	0.006127	0.039356	0.007333	0.01541	0.009902	0.038824	0.032086	0.019645	0.036539	
0.013657	0.013911	0.02935	0.027084	0.006113	0.035251	0.01603	0.002727	0.038377	0.025995	0.031093	0.031203	0.027807	0.022316	0.016022	0.006861	0.003441	0.024173	0.03286	0.030889	0.008357	0.025166	0.007648	0.016201	0.009712	0.002399	0.02312	0.031708	0.012902	0.029495	0.006122	0.016272	0.038233	0.020515	0.012803	0.028159	0.033252	0.020228	0.022537	0.023447	0.038836	0.006975	0.029494	0.036158	0.017984	0.013468	0.008102	0.012382	0.007589	0.005576	
0.033306	0.007216	0.003107	0.010452	0.033867	0.00044	0.028978	0.033596	0.025347	0.003768	0.003951	0.014775	0.004429	0.033047	0.006001	0.02191	0.024654	0.023924	0.036311	0.008271	0.035932	0.009884	0.037168	0.01885	0.034001	2e-05	0.014124	0.034977	0.03045	0.01908	0.036845	0.033094	0.028612	0.026117	0.031991	0.013616	0.012885	0.02293	0.001186	0.03079	0.009703	0.033607	0.019899	0.02004	0.016901	0.025233	6.3e-05	0.018799	0.014316	0.011537	
0.01458	0.015804	0.028665	0.023895	0.021755	0.019383	0.003368	0.004067	0.013919	0.021451	0.025178	0.029363	0.029249	0.022985	0.018373	0.035488	0.026024	0.029829	0.01716	0.033618	0.021178	0.030607	0.017598	0.015961	0.01579	0.03748	0.006777	0.012123	0.027219	0.03637	0.009026	0.020833	0.008158	0.036127	0.020963	0.036713	0.035501	0.029509	0.004164	0.019137	0.028746	0.010682	0.022317	0.008311	0.000144	0.026024	0.015587	0.01021	0.001022	0.001569	
0.02527	0.029684	0.006586	0.03316	0.00179	0.004427	0.029699	0.016462	0.047135	0.04108	0.003237	0.002237	0.007876	0.047425	0.022023	0.021649	0.026393	0.046972	0.004114	0.012801	0.029885	0.011994	0.027117	0.042365	0.039048	0.007438	0.026926	0.032901	0.00775	0.009105	0.00941	0.010183	0.004328	0.017007	0.033362	0.012427	0.032883	0.011803	0.024109	0.041978	0.005713	0.003979	0.003831	0.025993	0.009189	0.012	0.026917	0.001234	0.043322	0.005783	
0.014838	0.023933	0.035768	0.026369	0.031946	0.029015	0.016268	0.024785	0.038034	0.017912	1.3e-05	0.034309	0.025298	0.032312	0.006765	0.022505	0.037558	0.005982	0.001356	0.021997	0.004655	0.000236	0.020991	0.007524	0.023369	0.01907	0.003235	0.029877	0.005451	0.028668	0.012739	0.00706	0.037793	0.02632	0.032459	0.029768	0.018401	0.011125	0.014271	0.00569	0.018322	0.032059	0.03089	0.024399	0.024221	0.01416	0.029651	0.010637	0.003041	0.026955	
0.03764	0.024938	0.022346	0.003399	0.008495	0.004861	0.03863	0.011819	0.020488	0.041687	0.020513	0.007705	0.035583	0.035919	0.007353	0.021742	0.001366	0.030126	0.020566	0.022724	0.016369	0.029346	0.039315	0.031386	0.028163	0.002045	0.000413	0.025902	0.027974	0.021274	0.012936	0.007994	0.04152	0.037414	0.009065	0.041363	0.024842	0.00981	0.017399	0.003551	0.036025	0.002488	0.022521	0.014311	0.009406	0.029992	0.009494	0.015326	0.007431	0.007025	
0.02937	0.020401	0.030777	0.018872	0.004896	0.01233	0.026861	0.012749	0.007434	0.029585	0.037619	0.029318	0.01882	0.000745	0.00503	0.034955	0.039522	0.000822	0.021869	0.029023	0.03782	0.037201	0.01239	0.03767	0.022843	0.039557	0.012321	0.036182	0.010332	0.031059	0.037687	0.038932	0.005197	0.004503	0.019651	0.022889	0.012782	0.022813	0.007822	0.006992	0.009744	0.000481	0.005721	0.035135	0.013368	0.003964	0.025549	0.006489	0.013135	0.018773	
0.66