50
2
0.706515	-0.968759	0.642164	-0.206784	0.935424	0.556168	0.535325	0.066956	-0.518211	-0.069712	0.618219	0.769034	0.259718	-0.082596	0.348883	0.212182	0.441625	0.572733	0.89312	0.463716	-0.174705	-0.722161	-0.160239	-0.58051	-0.332119	-0.450281	0.7051	-0.404907	-0.45821	-0.315528	-0.324644	0.310505	-0.444322	-0.410599	-0.802336	0.018039	-0.334691	0.315559	-0.988407	-0.121272	0.738641	-0.572438	-0.137347	0.650224	0.471722	-0.072887	-0.460782	0.180756	0.934454	0.200882	
-0.181548	0.432821	-0.175894	-0.428582	0.859024	-0.324905	0.861292	0.615484	-0.710426	0.798359	0.725242	-0.03469	-0.518999	0.427541	0.647926	-0.037571	-0.435884	0.500356	-0.273683	0.140976	0.760859	0.463487	0.673694	0.985441	0.98442	0.274392	0.88608	-0.200506	0.847259	-0.428354	-0.644276	-0.668937	-0.37627	-0.928179	-0.007475	-0.473975	0.049735	0.87289	-0.565076	0.97422	-0.252185	-0.007926	0.690066	0.039357	0.341362	-0.395609	0.914996	-0.096496	0.438712	-0.297298	
0.242442	0.702545	0.671565	-0.675904	-0.492269	0.275969	0.249369	-0.378287	0.206554	0.090122	0.078273	0.086481	0.206481	0.18284	0.340721	0.401527	-0.612654	-0.953505	0.085798	-0.382799	-0.182027	-0.827602	0.560754	-0.034976	0.50843	-0.166617	-0.811802	-0.717055	0.52866	-0.051178	-0.159621	0.174236	0.674926	0.814717	0.717887	-0.297965	-0.982572	-0.421335	0.398098	-0.776526	0.24227	0.906395	0.949261	0.562586	-0.874791	0.831043	0.40447	-0.850667	-0.669775	0.201775	
0.804006	-0.173996	0.411669	0.084604	-0.498879	-0.292298	-0.612371	0.831475	0.910675	0.668928	-0.140751	0.461278	0.090802	-0.616699	-0.401367	0.619364	0.907654	0.431122	-0.265223	-0.736823	-0.940392	-0.247911	0.57973	-0.765139	0.113085	-0.864104	0.321668	0.127054	-0.795646	0.077243	-0.202883	0.304035	-0.636287	-0.820891	0.024944	0.589154	0.976555	0.229901	0.483973	-0.473886	-0.542654	0.048593	0.121964	0.078711	0.85943	0.72302	0.992421	0.57795	-0.663586	0.464475	
-0.027826	0.487295	-0.467764	-0.903646	0.352156	-0.923017	-0.767071	0.95259	0.441573	0.693743	-0.091026	0.716737	0.110318	0.157497	-0.855111	-0.909603	-0.967231	0.569346	0.568692	-0.584384	-0.510671	-0.264254	0.442439	0.176991	-0.474893	0.640734	-0.911306	-0.157059	-0.621472	-0.576323	0.586997	-0.389601	0.275218	0.154783	0.929597	-0.284714	-0.735632	-0.645083	-0.86402	-0.310959	0.823155	-0.697171	-0.149088	-0.165143	0.844645	0.751412	0.386538	-0.298	-0.061045	-0.023193	
0.626827	0.846258	0.814945	0.776961	0.810307	-0.803813	0.718572	0.048442	0.80961	-0.814125	0.210571	0.396211	-0.366952	0.339989	0.9569	-0.234717	0.489061	-0.37716	-0.617006	0.239395	0.941487	0.522038	0.848127	-0.845323	0.798513	0.120151	0.531679	-0.776198	-0.617608	-0.666692	-0.970057	-0.542316	0.543373	0.218405	0.893183	-0.507153	-0.491268	-0.147681	0.133886	0.322132	-0.993378	0.304119	-0.471739	0.291779	-0.119859	0.330361	-0.88355	0.333718	0.899837	-0.130916	
0.138834	-0.685102	-0.855462	0.11888	0.954128	-0.535902	-0.666208	-0.425722	-0.715408	0.069156	0.202647	-0.912854	-0.338899	0.682557	0.61711	-0.456671	-0.169376	-0.9739	-0.681978	-0.248025	0.155517	0.117527	0.174205	0.654732	0.849803	-0.678207	-0.891413	0.241225	-0.149663	0.255242	-0.521963	-0.272631	0.038953	0.199721	-0.918734	-0.867663	-0.916513	-0.779479	0.672515	0.456629	-0.058036	0.435548	0.630507	-0.571854	0.849144	0.470948	-0.319583	-0.92919	0.142975	-0.394711	
-0.740965	0.793661	-0.68074	0.425262	0.088982	0.07418	0.653269	-0.194858	-0.424696	0.484142	-0.620359	-0.460041	-0.613602	-0.197601	-0.734387	-0.22234	0.35698	-0.086985	-0.970894	-0.035426	0.966338	0.347765	0.122245	0.173514	0.816819	0.237334	-0.05797	0.575728	-0.74555	-0.886598	0.536608	0.281433	0.562461	0.304387	-0.304981	-0.639361	-0.852283	0.061242	0.814034	0.363931	-0.983098	-0.712244	0.337465	0.188962	0.064324	-0.157627	-0.25521	0.585209	-0.669663	-0.665096	
0.960515	0.201671	-0.310268	-0.677388	-0.874227	0.869827	-0.139346	0.171857	0.074744	0.013346	-0.956088	-0.309359	0.224538	0.016395	0.400959	0.34786	-0.855705	-0.626558	0.158101	0.202617	-0.619689	0.019713	-0.986365	0.94534	-0.869881	0.244192	0.842661	0.945821	0.735366	0.669166	0.833191	-0.620018	-0.585922	0.207631	0.99885	0.915959	-0.607729	-0.175898	0.624291	0.34742	-0.336136	0.320442	-0.702699	-0.95767	0.525794	-0.86552	0.236488	0.656907	-0.190777	0.28241	
-0.273458	0.520351	0.721892	0.140444	0.677987	0.627318	-0.657576	0.150478	-0.860553	-0.4065	0.575369	0.864124	0.145373	0.225155	0.880602	-0.158234	-0.104402	-0.27623	0.829982	0.457223	0.031627	0.18201	0.379421	0.39813	-0.129524	0.312483	0.374871	0.242129	0.572293	0.389248	0.827238	-0.325462	0.775776	0.081173	-0.295865	0.253132	0.300477	0.336693	0.542365	0.978886	-0.730105	-0.502266	0.308827	0.933667	0.15635	0.413989	0.040898	0.526819	-0.585616	0.071829	
-0.556088	0.173415	0.223958	0.454797	0.620026	0.667934	0.9735	0.664573	-0.117849	-0.940163	0.951083	0.534575	0.953127	-0.26332	0.962198	-0.816201	0.107499	-0.516492	0.305223	0.133647	-0.709657	-0.085051	0.637204	0.294675	0.784063	0.381397	-0.805762	-0.950592	-0.056729	-0.909801	-0.20157	0.66455	-0.113347	-0.281244	0.780404	-0.70232	-0.845367	-0.239896	0.000253	-0.889101	0.995641	0.838838	0.535656	-0.35748	-0.552632	0.27453	-0.52092	-0.427731	0.851922	-0.550964	
-0.918197	-0.367107	-0.133708	-0.325182	-0.205614	0.182265	0.427217	0.081752	0.420413	0.551398	0.427505	-0.073892	-0.904017	0.423102	0.934508	0.844583	-0.050607	0.207189	0.535367	-0.05387	-0.248734	-0.444685	-0.263848	0.299515	0.791253	-0.397046	0.520769	-0.150477	-0.777411	0.013114	0.884442	0.504369	0.876765	0.458406	0.516319	0.492603	0.479969	-0.606254	0.989829	-0.838148	0.841993	-0.88226	-0.73394	0.862163	0.33768	0.847348	0.901092	-0.645367	-0.816517	-0.338225	
0.424783	-0.908648	0.532309	-0.27359	-0.132679	-0.379949	0.382178	-0.547941	-0.763038	0.61759	-0.516544	0.435407	-0.192473	0.295196	0.215949	-0.44526	0.523269	-0.722521	-0.204448	-0.673236	0.307735	0.716962	-0.04093	-0.170128	-0.505455	0.474824	-0.750833	0.568407	0.473265	-0.498304	-0.09882	-0.712593	0.863633	-0.010532	0.020571	-0.643087	0.833683	-0.248888	-0.735753	0.130378	-0.359823	0.46855	-0.05094	-0.578709	-0.649887	-0.243849	0.401761	-0.125144	0.675068	0.293612	
0.456343	-0.306741	-0.57544	0.496835	-0.562267	0.720008	0.820173	0.368469	0.913142	-0.137773	-0.095014	-0.398475	0.680884	0.90228	-0.973802	0.207878	0.68178	0.511024	0.584636	-0.939089	0.180082	-0.343894	0.675633	0.471229	-0.003148	0.663209	0.628945	0.855482	0.354818	-0.440072	0.611367	-0.212919	-0.036927	-0.161316	0.883745	0.628412	-0.079204	-0.942762	-0.342177	-0.560431	-0.396868	-0.228878	0.927893	0.725692	-0.424909	0.27197	-0.87831	-0.136522	0.490694	-0.513707	
-0.337535	0.09273	0.877519	-0.747554	0.694621	-0.687514	0.520457	0.555905	0.167689	0.004192	0.203111	-0.589769	-0.397022	0.463978	0.562625	-0.189397	0.454514	0.468993	-0.145898	-0.69545	-0.051611	0.690533	-0.860558	-0.290977	0.255982	0.313228	0.050327	-0.767789	-0.783654	-0.406805	0.393754	-0.820131	0.407963	0.921344	0.091274	0.35252	-0.742138	-0.913877	0.691648	-0.038536	-0.941568	-0.066509	0.39792	-0.558001	-0.583096	-0.396476	0.802932	0.024453	-0.749824	0.605081	
-0.506907	-0.593777	-0.894828	0.841945	-0.974705	0.684006	0.245992	0.499273	-0.616874	0.245392	0.405104	0.629513	0.872075	0.080842	0.441858	-0.874232	-0.693305	-0.511865	0.77619	0.465699	-0.353696	0.4004	0.073042	-0.347795	0.614919	0.373573	-0.242948	0.189166	-0.351279	0.013801	0.893126	0.280172	0.046681	0.091246	0.322726	0.468752	-0.286232	0.034038	0.2745	-0.652728	0.179265	-0.908804	-0.100882	0.704547	-0.02068	0.972168	0.990732	0.250412	-0.023176	-0.540996	
-0.356631	0.255001	0.628891	-0.443496	0.439565	-0.569761	-0.370824	-0.260695	0.472227	0.843437	0.644153	0.79052	0.759681	0.847426	-0.814215	-0.825687	0.334983	-0.948776	-0.240124	-0.106643	-0.104295	-0.718092	-0.133485	0.985969	-0.611237	-0.533733	-0.574247	0.17618	-0.831815	-0.377353	-0.035062	-0.756202	0.279573	0.130749	0.075788	-0.21357	-0.085184	0.391357	-0.747382	0.748407	0.874778	-0.069712	0.094007	-0.365857	-0.648694	0.418151	-0.564275	0.893675	0.719858	-0.594144	
-0.868347	0.681692	-0.078645	-0.499435	-0.942734	-0.989592	-0.316461	0.63583	-0.728508	-0.797338	0.577937	0.849187	0.146978	-0.097926	0.094156	-0.073838	-0.54594	-0.012914	-0.029935	0.190847	-0.11707	0.237774	-0.222983	-0.476266	0.261524	0.146336	0.024432	-0.04016	0.375439	-0.695605	-0.912326	0.555872	-0.645318	-0.918367	-0.369643	-0.583005	0.386616	0.662171	-0.767184	-0.154818	0.328513	-0.788319	0.142688	-0.68649	0.826904	-0.558451	-0.324753	0.641237	0.339893	0.644293	
0.447864	0.878765	0.796589	0.946024	0.208676	0.108589	0.438445	0.707595	0.23806	0.074693	0.554267	0.971735	-0.820538	-0.64526	-0.594334	-0.357565	-0.650411	-0.873531	-0.729354	-0.000284	-0.72939	0.547535	0.477942	0.639814	-0.429906	0.851749	0.910582	-0.141354	-0.43708	0.644947	-0.241673	0.234288	-0.503722	-0.535068	0.945993	0.632393	0.890955	0.57081	-0.597585	-0.83483	-0.725731	-0.139935	0.36956	-0.908836	-0.88549	0.682086	0.682511	0.942016	0.434869	-0.416743	
-0.03781	-0.349781	-0.877827	-0.260211	0.790335	0.632197	0.278076	-0.430091	-0.552204	0.041639	0.588847	-0.802672	-0.631453	0.896154	-0.197021	0.236792	-0.45244	0.522885	-0.189442	0.668983	-0.303101	-0.362437	-0.538701	0.91866	-0.083218	0.939608	0.254841	0.696784	-0.525347	0.575865	-0.223263	-0.491564	0.704468	0.549696	0.408058	-0.091914	-0.682798	0.284571	0.461784	-0.139932	0.378859	0.701178	-0.258243	-0.561418	0.327557	-0.706203	-0.852346	-0.987108	-0.711667	0.015387	
-0.038965	-0.010455	0.280665	-0.757096	0.645175	0.189103	-0.984839	0.739422	-0.46462	0.555541	-0.624405	-0.448757	-0.826158	0.510224	-0.189386	-0.516528	-0.525512	-0.614664	-0.861146	0.619298	-0.863725	0.116409	0.956414	0.321292	-0.288512	0.823508	0.174028	-0.689736	-0.312828	0.802836	-0.348693	-0.57833	0.858411	-0.292253	0.244227	-0.514779	-0.139075	-0.270741	-0.666754	0.024358	0.920726	-0.109264	0.223167	0.328649	0.098225	0.750096	0.985848	-0.980963	0.448525	-0.403384	
-0.849917	-0.898919	-0.95415	-0.722521	-0.328148	0.372261	-0.513862	0.731969	0.03278	-0.498426	0.856015	-0.608287	0.914752	0.570563	0.318958	0.948055	0.502457	0.013004	0.755569	-0.37155	-0.311967	0.962931	-0.539052	-0.986203	0.748851	0.378462	0.588049	0.456299	-0.322807	-0.302571	-0.463886	0.435406	-0.128489	0.175764	0.599627	0.051974	-0.958865	0.416609	-0.239337	-0.170083	-0.473888	-0.908299	0.409936	0.625367	0.905369	-0.96448	-0.473337	0.639353	0.683081	0.522517	
0.549106	-0.54252	-0.362795	-0.37316	-0.646674	0.055514	0.429379	0.114231	0.611424	0.583879	-0.897205	-0.66703	-0.808293	0.86108	-0.06121	-0.079793	-0.762872	0.399381	0.827226	0.598353	0.36245	-0.05629	-0.115348	0.997249	-0.059389	-0.672626	-0.69311	0.976139	-0.781198	0.042381	-0.802039	0.161817	-0.369591	-0.215955	-0.359126	0.232782	-0.656126	-0.231018	-0.740454	-0.227906	-0.677888	-0.677721	-0.481793	-0.996547	-0.533366	-0.953784	-0.239685	0.565604	-0.567875	0.336969	
-0.986991	0.619612	-0.443489	-0.150147	0.189866	0.950792	-0.786482	-0.900624	-0.220776	0.625737	-0.125038	-0.628924	-0.952538	-0.00876	0.869462	0.196028	-0.429952	0.317041	-0.285647	0.606359	-0.722904	-0.853281	-0.960343	-0.761709	-0.298218	-0.084967	-0.907198	-0.669155	0.904096	0.055129	0.704025	0.505707	-0.686989	-0.167166	0.279262	0.167375	-0.860014	0.602856	0.041998	0.091732	0.94866	0.586452	0.12471	0.32288	-0.981354	-0.421273	-0.785951	0.217018	-0.37863	-0.395152	
0.289144	-0.3303	-0.203558	-0.81342	0.035496	0.008214	0.899259	0.412179	-0.488813	-0.63098	-0.343625	0.559778	0.820729	0.03215	0.323893	0.219953	0.563762	-0.555851	-0.716752	0.725073	-0.56526	0.591972	0.204294	0.052319	-0.260119	-0.875214	-0.189574	0.383959	-0.442627	-0.938721	-0.735567	-0.590025	-0.237894	-0.520601	0.514899	0.900321	0.107012	0.544504	-0.833662	0.863803	-0.686448	0.816543	0.52177	0.290796	-0.417519	-0.504827	-0.675794	0.15345	-0.894949	-0.137466	
0.470145	-0.148143	0.365555	-0.961052	0.478401	-0.247985	-0.056233	0.342084	-0.929958	0.472335	-0.026157	0.078048	0.970484	0.764953	-0.672712	0.068225	0.476395	-0.674899	-0.680221	0.700657	-0.902096	0.034251	-0.934391	-0.441636	-0.375186	0.468582	0.244281	0.341689	-0.299188	0.129258	0.485784	-0.609885	0.650536	-0.321398	0.859911	0.595807	-0.004092	-0.883803	0.229092	0.198729	0.934217	0.225187	-0.055012	-0.524282	-0.995872	-0.620193	0.022581	0.704207	0.926357	0.115591	
-0.132498	-0.231832	-0.099682	-0.119206	-0.011962	0.68334	-0.648807	0.546142	0.37861	0.737015	0.122185	-0.246396	-0.87347	0.930002	0.627311	-0.21538	0.067216	0.583244	0.499088	-0.119397	0.104525	0.536033	-0.626838	-0.047233	0.609794	-0.756618	0.368524	0.430941	-0.602294	-0.519931	0.963222	-0.56727	-0.030984	-0.295693	0.575646	-0.119345	-0.962103	-0.965871	0.903237	0.019617	-0.499425	0.094656	-0.415036	-0.327404	0.505734	0.314716	-0.02472	0.894695	0.191075	0.236532	
0.134304	0.958049	0.533195	-0.808403	0.623008	-0.05282	-0.555264	-0.435563	-0.632202	-0.524494	0.10751	0.100453	-0.210793	0.778224	0.493219	-0.218397	0.986278	0.436304	-0.158083	0.355048	0.060174	0.300511	0.208787	-0.133255	0.522657	-0.125302	-0.76174	0.343294	0.827576	-0.607896	-0.779498	-0.973154	0.210692	0.600629	-0.912187	0.063123	0.977796	-0.581259	-0.624978	-0.903366	0.261208	-0.407227	-0.183445	-0.192951	-0.984779	-0.229502	-0.941382	0.875507	-0.20215	-0.5303	
0.762469	0.789211	-0.70246	0.454708	0.004762	-0.056604	-0.264888	-0.03472	-0.646537	0.037289	0.359245	-0.504218	-0.730524	0.856366	-0.228611	0.388478	-0.010067	-0.319295	0.728992	-0.546404	-0.910654	-0.103818	-0.601788	-0.171423	-0.418328	-0.063926	-0.72074	-0.908944	0.743747	-0.02691	0.586574	-0.459099	0.861504	-0.564751	0.684478	0.824659	-0.249336	0.52685	0.39208	0.862095	0.191871	0.302602	-0.549051	0.630067	0.363289	-0.167555	0.781552	-0.06878	-0.145962	-0.483889	
-0.349842	0.341388	0.565396	0.340557	-0.164304	0.481223	-0.967241	0.993233	0.674036	-0.808424	-0.80544	0.568468	0.609737	0.98843	-0.931042	0.771512	-0.467459	-0.068943	-0.800897	0.868568	0.589629	0.226916	-0.326802	-0.552925	-0.807005	-0.104617	0.670549	-0.789017	-0.413866	-0.855775	-0.160663	0.144476	-0.916027	0.141321	-0.495635	0.045256	-0.610565	0.957149	-0.658157	0.35005	0.623202	0.476295	-0.785308	-0.662983	0.243707	-0.335899	0.590274	-0.957553	-0.744057	0.976053	
-0.65919	0.669908	-0.177419	-0.448682	-0.276391	0.415537	-0.960699	0.211006	0.368437	0.399297	-0.935128	-0.60997	0.145989	-0.200558	0.742758	0.432933	-0.01595	-0.827973	0.838161	0.090528	0.208486	-0.312122	0.451193	-0.999255	-0.700011	-0.388084	0.921081	-0.790902	0.524047	-0.459928	-0.156776	0.504029	0.524386	-0.608333	0.031918	0.594917	0.952382	0.047925	-0.842192	0.677114	0.125366	-0.352747	0.067822	-0.219757	0.175646	0.948229	0.591154	0.196312	0.6389	-0.250063	
-0.212148	-0.90294	-0.055418	-0.826131	-0.831864	-0.655937	-0.989509	-0.329743	-0.992676	-0.235167	-0.428592	-0.412117	-0.041837	0.863911	-0.206669	-0.603065	-0.340799	0.841156	0.930711	0.953486	0.733963	0.551844	-0.444726	0.34308	-0.581547	0.957023	-0.055229	0.176229	-0.454252	0.397477	-0.875656	0.011662	-0.382235	-0.009544	0.281436	0.635326	0.348791	0.522468	-0.753326	-0.830897	0.4446	0.841309	-0.246863	0.201812	-0.491558	-0.275762	-0.098024	0.818026	0.1013	-0.990334	
-0.618912	-0.571668	0.868044	-0.078247	0.150575	0.963907	0.632501	-0.521319	0.755466	0.60453	-0.364985	0.698691	0.246418	0.737211	-0.179563	0.123868	-0.083989	0.255692	-0.252796	-0.516163	0.235325	-0.593522	0.842194	-0.68859	-0.740207	-0.356236	0.815958	-0.723719	0.884993	0.453395	-0.461607	-0.953372	0.177658	0.960422	-0.007407	0.072988	0.41734	0.215918	0.688657	-0.036151	0.999423	-0.775102	-0.834973	0.556754	0.4038	-0.379284	0.843501	0.310451	-0.396893	-0.584991	
-0.258816	0.330729	0.650466	0.97688	0.483333	0.811152	-0.084038	-0.282462	0.529546	-0.424817	-0.719988	0.379351	0.606856	0.772483	0.18231	-0.612118	0.276979	0.445749	-0.17115	0.270396	0.460576	-0.652581	-0.659038	-0.820183	-0.126772	-0.868738	-0.361398	0.852932	0.403245	0.451586	-0.582983	0.365875	-0.861301	0.012166	-0.072783	0.229589	-0.049392	-0.7362	0.247777	-0.838302	-0.97782	-0.050633	-0.67317	-0.356191	0.488362	0.512469	0.485648	0.85037	-0.729341	0.784558	
-0.959132	0.701963	0.500618	0.82258	-0.832538	-0.034573	0.237345	-0.370529	0.515319	-0.143927	-0.749597	-0.73558	-0.588	0.686518	-0.695663	0.026431	0.522429	0.334894	0.357318	-0.015735	-0.058417	0.068909	0.160288	-0.888309	-0.377684	-0.414098	0.980624	-0.783095	-0.971705	0.314999	-0.049552	0.185936	0.465849	-0.778623	0.54305	-0.853867	-0.967448	0.756073	0.220176	0.68465	-0.767787	0.116494	-0.702956	-0.064919	0.33519	0.408328	-0.540841	-0.992076	-0.831742	0.39672	
0.195809	0.432023	0.829905	-0.728251	0.09994	-0.166778	-0.675724	0.23283	-0.308637	0.232124	0.886262	0.375486	-0.684648	0.001214	-0.79772	0.650219	0.516066	-0.930471	-0.841021	-0.748031	0.263288	-0.227223	-0.212978	0.85553	-0.215233	-0.552021	-0.774276	-0.075282	0.921009	-0.824695	0.569203	-0.16107	-0.961113	-0.163285	0.318424	0.654346	-0.999406	-0.93405	0.617182	-0.045493	-0.698342	0.259933	0.359335	0.24549	-0.045626	0.329882	0.690593	0.130187	-0.286733	0.710014	
0.044413	-0.287866	0.492856	-0.308365	0.172182	-0.935702	-0.911928	-0.228208	-0.21303	0.897877	0.785933	0.379931	-0.109663	-0.078807	-0.260246	0.670396	-0.681628	0.927509	-0.427092	-0.053127	-0.204658	0.556522	0.0199	0.095257	-0.527478	-0.134349	-0.604806	0.26474	-0.610792	-0.971067	0.338856	0.576665	0.811731	0.056444	-0.612363	-0.961743	0.252677	0.809504	-0.689908	-0.777909	0.158997	-0.704849	-0.491903	-0.745041	0.941464	-0.398003	-0.683562	0.583777	-0.669319	0.064995	
-0.90546	0.622025	-0.021914	0.421736	0.764931	0.20318	0.01383	-0.193915	-0.605169	0.275887	0.26733	0.676478	-0.92455	0.484799	0.656653	0.461035	0.115552	0.259756	0.078681	0.130311	0.728193	0.913283	0.41492	0.368313	-0.48325	0.563919	-0.646999	-0.191592	0.136491	0.728558	-0.918447	0.027393	0.960895	-0.638098	0.857979	-0.315555	0.215321	0.126317	0.558004	0.685023	-0.44855	-0.50429	0.539126	0.331353	-0.340219	0.177063	-0.269295	0.043169	0.016596	0.744328	
0.199555	-0.687556	-0.0528	-0.620074	0.14495	-0.199507	0.371095	-0.923654	-0.876006	-0.784025	-0.459757	-0.323984	0.115413	-0.16339	-0.460731	-0.081159	0.152608	0.305485	-0.640842	-0.023783	-0.827727	0.231188	-0.881757	0.793439	-0.48281	0.991612	-0.168781	0.742723	0.94887	0.428838	-0.78188	-0.177532	0.647786	-0.811155	-0.956654	0.626951	0.89513	-0.559058	-0.415464	0.564869	0.426602	-0.896644	-0.08805	-0.459423	-0.283635	0.780967	0.147347	0.629679	0.142001	0.193387	
-0.73214	-0.070897	-0.969203	-0.37634	0.108324	0.690237	0.50024	-0.731615	-0.722673	-0.452631	0.646895	-0.320562	0.612539	-0.061606	-0.030339	0.971151	0.26377	0.637748	-0.598486	0.754557	0.374704	0.918481	-0.55979	-0.796842	0.902315	-0.082702	-0.496777	0.118994	-0.013475	0.855478	0.779617	-0.905313	0.752059	-0.681358	0.735543	-0.933505	-0.622108	-0.027586	0.911793	0.623071	0.920516	-0.370974	-0.994767	0.195293	-0.034376	0.236654	-0.509581	0.254768	-0.461296	0.892568	
-0.820912	-0.238197	0.256525	-0.795637	0.406912	0.380128	-0.269257	-0.393928	0.388615	0.838438	-0.731639	-0.113075	-0.999518	0.292276	-0.797068	0.687726	-0.365058	-0.112692	-0.039719	-0.10125	0.676979	0.969603	0.13044	8.9e-05	0.133395	0.698067	-0.312991	-0.146517	0.689159	-0.63133	-0.655319	0.610368	-0.891102	0.611012	0.556155	-0.024767	-0.889445	0.621797	0.944646	-0.369987	0.151628	0.497939	-0.93953	-0.420829	0.164322	0.937358	-0.067389	-0.214376	0.57405	-0.716986	
0.56305	-0.877013	0.708819	0.373068	0.75918	0.809765	-0.656658	0.829905	-0.655074	0.401036	0.654029	-0.064197	-0.270155	-0.946639	-0.62077	0.617967	-0.687723	-0.417177	-0.157725	0.319812	-0.780993	0.213607	-0.361561	0.639454	-0.482455	0.597179	-0.127773	0.323678	-0.405775	-0.809886	-0.565329	0.15836	0.265477	0.313236	-0.671931	-0.120003	-0.629096	-0.128614	0.513701	-0.027029	-0.162441	-0.359304	-0.838722	0.068576	-0.993457	0.766729	-0.688665	0.43106	-0.793658	-0.33139	
-0.226826	-0.449887	-0.580325	0.991984	-0.472712	0.809378	-0.325557	0.114134	-0.573844	-0.562419	0.311283	-0.908867	-0.549135	-0.448671	-0.53118	-0.182677	0.069819	-0.001655	0.303127	0.80504	0.91687	-0.670118	-0.842155	-0.508077	0.376342	0.154458	-0.053347	0.465044	-0.045236	-0.043385	0.508157	0.342134	-0.374916	-0.261702	-0.179174	-0.214496	0.445808	-0.640668	-0.311257	-0.219286	-0.613969	0.960161	0.297505	0.418015	-0.066739	0.761433	-0.156617	-0.952482	-0.221666	0.345569	
-0.766932	-0.941742	-0.315755	-0.781513	-0.985057	0.554711	-0.501523	0.005549	0.673472	0.734621	0.76421	0.251373	-0.637269	0.397953	0.331573	0.911245	0.366028	-0.39638	0.249093	-0.992577	0.196305	-0.703054	-0.656848	-0.639696	0.18322	0.634746	0.004859	-0.146523	-0.585075	-0.064793	0.038552	0.641997	-0.672697	-0.204026	0.007328	0.830584	-0.873914	0.75284	-0.587877	-0.940538	0.655923	0.335124	-0.929704	-0.557757	0.431879	-0.10043	-0.848598	0.32328	-0.486952	0.490353	
-0.278825	-0.927439	-0.266405	0.558738	0.299216	0.164634	0.422128	-0.881434	-0.945895	0.29586	-0.993429	0.843975	0.990481	-0.156413	0.048422	-0.554146	-0.1343	-0.85857	-0.626357	0.310484	-0.338261	-0.51892	-0.644327	-0.867003	0.817185	-0.643613	-0.57685	0.833716	-0.728536	0.011237	-0.033673	0.325751	-0.132953	-0.054615	0.351503	-0.747376	0.429812	-0.653703	0.572895	0.299554	0.064717	-0.545391	0.279464	0.164288	0.913389	0.632015	0.024974	-0.616354	0.42685	0.239916	
0.782124	0.033298	-0.888663	0.721497	-0.099432	0.068316	-0.702629	-0.108425	0.778304	-0.095123	-0.722418	-0.564672	-0.378611	0.391964	0.16701	-0.234543	0.008845	0.235555	-0.271562	0.146651	0.231379	0.247734	0.993826	0.219899	-0.324247	-0.597205	0.575858	0.627477	0.285663	0.046861	0.761596	0.889063	0.276801	-0.552479	0.480949	0.27409	0.327745	-0.790995	-0.026033	0.96652	0.60014	0.968949	-0.668709	-0.104424	0.163865	-0.851346	-0.629402	-0.92326	-0.226363	0.299601	
-0.320826	-0.246597	-0.509535	-0.708724	0.497901	-0.266267	-0.203001	-0.783711	0.609991	-0.483933	0.810216	-0.027619	0.623038	-0.157336	0.2921	-0.474811	0.57054	-0.804343	-0.024766	-0.807612	0.389806	0.241819	0.936238	0.490439	-0.655274	0.478954	0.952077	-0.502706	-0.353568	-0.593033	-0.397862	0.231855	-0.621791	0.703111	-0.056497	-0.622166	-0.726912	-0.917381	0.457302	0.940335	-0.421187	0.21447	0.761336	-0.597524	0.709279	0.221256	0.088467	0.308272	0.665263	0.947772	
-0.696193	0.108075	-0.282867	0.444069	0.257641	0.246337	-0.906368	-0.704976	-0.7474	0.167453	0.991094	0.105057	0.875266	-0.38771	-0.577749	-0.394836	-0.465063	0.416776	-0.058763	-0.580843	-0.896697	-0.869521	-0.373674	0.674195	-0.150622	0.475718	0.503668	-0.166387	0.518891	-0.738253	0.533321	-0.586774	-0.0161	-0.911551	0.76199	0.05906	-0.163022	-0.775342	-0.55187	-0.306392	0.771163	0.047116	-0.455479	0.464021	0.927791	-0.029335	0.877209	-0.758226	-0.721868	0.05062	
0.899348	0.457998	0.401882	-0.600862	0.623217	0.824461	0.362089	-0.742441	-0.214542	0.053352	-0.931018	0.727953	0.98643	-0.989535	-0.063014	0.34892	-0.710091	0.690283	0.650486	0.751445	0.512184	-0.925203	-0.936974	0.190317	-0.351728	0.060291	0.364458	0.164842	-0.069379	-0.709266	-0.122319	0.23088	0.322826	-0.973781	0.745817	0.357864	-0.211719	0.994413	0.974677	0.108958	-0.708053	0.977925	-0.487334	0.676128	0.13544	0.257246	0.925429	-0.321844	0.142189	-0.702923	
0.399391	-0.178441	0.355275	0.628794	-0.738036	0.660473	-0.709351	0.978627	0.815204	-0.973648	0.563026	-0.752895	0.006481	-0.877083	0.771079	-0.15835	-0.054017	-0.205905	-0.025715	-0.588118	-0.510197	0.862375	-0.793385	-0.540595	0.388263	0.34677	0.892137	0.395894	-0.16024	-0.337065	0.32167	0.143428	-0.48443	-0.385805	-0.111374	0.852958	-0.948899	-0.068257	-0.104284	0.656115	0.147351	-0.414322	-0.937349	-0.271563	0.070935	-0.640361	-0.620286	0.678131	0.908636	-0.825285	
-0.699001	-0.476823	0.900792	-0.08782	0.495454	0.072921	0.0641	0.653518	0.869642	-0.220574	0.296543	0.785654	-0.907953	0.934636	-0.640627	0.610652	-0.430535	-0.746613	0.665881	-0.803479	0.297909	-0.462005	-0.898742	0.625597	-0.024216	0.736743	-0.855197	-0.223294	-0.840289	0.14576	-0.744989	0.034362	-0.911942	-0.774415	-0.887483	0.704097	-0.70817	0.591265	0.725822	-0.195298	0.368463	0.594755	-0.291311	-0.563682	-0.096156	0.526516	0.463707	-0.941236	-0.404186	-0.474609	
-0.551706	0.062292	-0.409379	0.67593	-0.462429	0.053455	0.881531	-0.665302	-0.525231	0.171478	-0.362386	0.04674	-0.009745	-0.400811	0.294345	0.811949	-0.843714	-0.311677	0.551643	0.316778	0.158566	0.851651	0.209517	0.287917	-0.016632	-0.007112	0.753925	-0.231206	0.688045	-0.331233	-0.473656	-0.295956	0.718136	0.380311	0.48501	0.127501	-0.248141	0.514278	0.725774	-0.899236	-0.329049	-0.878603	0.727552	0.58286	-0.97832	-0.267234	0.789247	0.22881	0.211872	-0.761115	
-0.088451	-0.39725	0.140808	-0.055056	0.337886	-0.222801	-0.080346	-0.672049	-0.314096	-0.812223	0.669569	0.243547	-0.306868	-0.004002	0.823593	-0.036391	-0.938754	-0.366143	-0.10615	-0.475414	0.658577	0.865731	0.297782	0.224325	-0.523045	-0.529299	0.865265	-0.360167	0.152982	0.47202	-0.437055	0.261111	0.973457	0.712144	0.954788	0.531608	-0.715362	-0.891859	0.771471	0.527967	0.92875	0.476731	-0.840475	-0.84321	-0.388589	-0.127072	-0.29148	-0.671117	0.30977	-0.727493	
-0.893424	-0.615241	0.230147	-0.024519	0.40979	-0.669502	-0.138459	0.93456	-0.121032	-0.546278	0.837038	-0.832504	0.031118	-0.246839	-0.386953	0.803342	0.717447	-0.400043	0.118759	-0.24865	0.907733	0.099839	0.937877	0.617674	0.797047	0.980794	-0.874139	-0.894634	0.758131	0.035882	-0.747675	0.188799	0.182193	0.423523	0.856193	0.027641	0.674571	-0.561051	0.629797	-0.867729	0.302747	-0.358338	-0.975043	-0.295206	-0.745998	0.017023	0.368379	-0.762787	0.142573	-0.894094	
-0.655714	0.77207	0.432528	0.315349	-0.679694	0.143385	0.01374	-0.542295	0.833502	0.315182	-0.215916	0.556433	-0.229039	0.014575	0.248937	-0.90857	-0.149026	-0.767231	-0.447521	0.015113	0.789907	-0.490049	-0.244372	-0.239833	-0.518621	0.438707	0.893958	-0.181679	0.894956	-0.685745	-0.801967	-0.914141	-0.228915	-0.297645	-0.384198	-0.816508	-0.95178	-0.963643	0.245003	0.973746	-0.633708	-0.514256	-0.750442	0.302939	0.105901	-0.999407	0.983222	-0.2024	0.960217	-0.709422	
0.376394	0.089671	0.519907	0.221285	0.855757	-0.609853	-0.849139	0.865285	-0.644063	-0.186953	0.117438	0.4943	-0.621476	-0.269801	0.726353	0.784519	0.452238	0.766038	0.909303	0.538712	-0.184569	0.508057	0.874374	-0.587464	0.629284	0.545612	-0.264798	0.15609	0.384362	-0.676561	-0.03741	0.478343	-0.703431	0.286313	0.574402	0.103276	0.632873	0.624575	-0.42913	-0.235888	0.170953	0.568932	0.442091	-0.305885	0.489717	-0.025557	0.430748	-0.221317	0.087919	-0.471311	
-0.682026	0.019511	-0.879506	0.17489	0.685807	0.303277	-0.077103	0.651239	-0.748211	-0.830078	0.804612	0.286011	-0.565719	0.734714	-0.129031	0.399145	-0.0296	0.212103	0.874011	-0.11173	-0.908894	0.857199	0.922083	0.145753	0.058145	-0.941328	0.514658	0.350898	-0.135304	0.515572	-0.689203	-0.300132	0.348241	0.655236	0.769238	-0.72677	0.269562	0.868446	-0.274533	-0.024909	0.342536	-0.911474	0.2828	0.400326	0.71106	-0.766296	0.560634	-0.704397	-0.682529	-0.352342	
0.093128	-0.970268	-0.423211	-0.166249	-0.851949	0.448089	0.608931	0.786283	0.376937	-0.738633	-0.818225	0.253008	-0.930484	0.044998	-0.277002	0.816141	-0.375813	-0.936424	-0.577475	0.742965	0.253208	-0.284631	0.776667	0.583445	-0.589842	-0.124514	-0.955999	-0.249001	-0.038012	0.37306	0.852836	0.979482	-0.593396	-0.360327	-0.043084	-0.408234	0.81557	0.078613	-0.150412	0.909938	-0.123757	0.94779	-0.603879	-0.943877	-0.396125	0.385399	-0.550125	-0.49441	-0.999923	-0.763441	
0.285757	0.612543	0.374324	-0.584831	0.377516	0.220991	0.737208	0.390446	-0.698175	0.62714	0.524924	0.153895	-0.733417	-0.601893	0.361937	-0.693146	-0.606665	0.395945	0.223595	-0.382206	0.375485	0.473927	0.464342	0.03194	0.142341	0.806752	0.893059	0.895048	-0.536921	0.930932	-0.772502	-0.915374	0.556571	-0.154912	0.429438	-0.074007	0.612722	0.500088	-0.085189	-0.542242	-0.980883	0.934439	-0.175867	-0.019586	0.779209	0.149892	-0.954499	-0.510828	-0.245161	-0.10424	
0.547495	-0.908674	-0.214624	0.271845	0.293421	0.708036	-0.713464	-0.245605	-0.194662	0.290211	-0.562498	-0.317561	-0.166165	-0.540444	0.380084	-0.308162	0.805838	0.294845	-0.263394	-0.399446	0.615408	-0.493369	-0.566395	-0.741675	0.411951	0.776129	0.290086	-0.674406	0.088752	-0.816386	0.419504	-0.844426	-0.832465	-0.349025	-0.495561	0.310855	0.117902	0.82286	-0.661117	0.443419	0.788772	-0.809294	0.58113	-0.85092	-0.876171	0.21862	-0.196528	0.882833	-0.843232	-0.437251	
-0.729926	0.503192	-0.153521	0.772662	0.816141	0.645527	-0.953135	0.780958	-0.116791	0.590356	0.941216	0.022479	-0.780675	0.273238	0.733304	-0.052842	-0.926439	-0.521245	-0.994163	0.40199	-0.578686	-0.692359	0.115938	-0.546855	0.420654	-0.545367	0.564767	-0.035206	0.053969	-0.898866	0.524953	-0.8952	-0.611438	0.763171	0.394347	0.88884	-0.976699	0.453936	0.692093	0.770899	0.660036	0.010883	0.373	0.343313	0.091234	0.412422	-0.753684	0.081157	-0.653672	-0.174545	
-0.618795	-0.139899	-0.500901	0.674385	-0.22376	-0.811796	0.111598	0.87303	-0.117231	-0.691518	-0.582761	-0.060615	0.508316	-0.50772	0.215651	-0.986854	-0.399122	-0.998748	-0.474662	-0.077089	-0.028199	-0.333324	0.350535	-0.183512	-0.594493	0.537289	0.145669	0.299878	-0.843381	-0.535148	-0.801632	0.702805	-0.327066	-0.815062	-0.823814	-0.769391	-0.07832	-0.007803	0.334398	-0.181083	-0.073293	-0.459956	-0.082351	0.079033	0.553122	0.353803	0.493523	0.358594	0.22377	0.867331	
-0.749005	0.392401	0.06177	-0.463147	0.235252	0.219051	0.616548	-0.647495	-0.637531	-0.344649	0.673659	0.493338	0.370796	-0.992456	-0.187429	0.111003	0.693758	0.207695	0.512269	0.79335	0.796946	-0.69586	0.000657	0.497441	-0.925417	-0.974989	-0.274718	0.163159	0.225001	-0.623322	-0.522901	-0.13517	0.764912	-0.273234	-0.908636	-0.820126	-0.109747	0.390085	-0.400137	0.40195	0.432897	-0.824174	0.130248	0.683063	0.116189	-0.530703	0.776487	-0.104585	-0.005539	0.862396	
-0.243142	-0.970809	0.720631	0.616287	0.596035	0.720812	-0.666364	0.517651	0.829759	0.517581	0.822549	-0.897397	0.923709	-0.97809	0.707945	-0.738766	-0.99822	0.126285	0.095118	0.60455	-0.486271	-0.967183	-0.39962	-0.808819	0.853176	0.422454	0.574006	0.09871	-0.827684	0.806347	-0.012492	0.921627	0.687044	-0.028443	0.813824	0.956705	-0.632877	-0.006161	0.097571	-0.611257	0.939259	0.229153	-0.543132	-0.35441	-0.389683	0.976821	-0.262424	-0.943324	-0.365922	0.980607	
0.370906	-0.585065	-0.40415	0.633143	-0.292579	-0.51897	-0.341286	0.847409	-0.365146	-0.012186	0.964065	0.267191	0.530386	0.375459	-0.070213	0.235449	0.172477	-0.213119	-0.43769	-0.231938	-0.081339	-0.890626	-0.013732	-0.185942	-0.109178	0.081081	-0.061886	0.771562	-0.238717	0.996128	0.899285	0.980435	0.59914	-0.022326	-0.881442	-0.734334	0.579267	-0.945638	-0.096898	-0.436616	-0.638279	-0.662095	-0.379927	0.517305	-0.952093	-0.486263	0.024043	0.37021	0.283845	0.268334	
-0.048426	-0.509333	0.741432	-0.652901	0.020368	0.919471	0.231023	0.753232	0.970086	0.41243	-0.619717	-0.63396	0.268596	-0.650762	-0.178465	-0.496996	-0.365851	-0.091827	-0.928378	0.581569	-0.580324	0.934731	0.232488	-0.521176	-0.543049	-0.072916	0.830928	0.362496	-0.480807	-0.145711	0.913508	0.991026	0.04056	-0.662286	0.159487	0.260669	-0.029354	-0.457008	0.991433	-0.788758	0.171711	0.088483	-0.939594	-0.808923	-0.907625	0.939369	0.015133	0.851317	-0.490774	0.491005	
0.517544	0.606537	0.889987	-0.810509	-0.633119	0.80209	0.424207	-0.489019	0.058632	0.977074	-0.195335	-0.814016	0.229567	-0.577093	0.408815	-0.110616	0.823159	0.032493	-0.702831	-0.719288	0.940153	-0.544335	-0.119277	-0.536465	-0.127362	-0.441227	0.31542	-0.427325	-0.291639	-0.359302	0.030667	-0.028974	-0.922355	-0.502378	0.796911	-0.134925	-0.691965	-0.650121	-0.10756	-0.852	0.468095	0.07825	-0.364969	0.708785	-0.152667	0.543963	0.664578	0.790534	0.288676	-0.226129	
0.482944	-0.827138	-0.716349	-0.41061	-0.546905	-0.767896	0.429586	0.378389	-0.17415	-0.161161	-0.473641	-0.95594	0.996488	-0.756973	-0.405782	-0.461061	-0.793394	0.689124	0.989886	0.071509	0.391194	0.542726	0.64243	0.184542	-0.55269	0.116333	0.297436	-0.271395	-0.268034	-0.076046	-0.885846	-0.474443	-0.992093	-0.753339	0.495557	-0.55151	-0.354998	0.030907	0.906439	-0.942296	0.727684	0.41557	-0.484539	-0.632888	0.719689	0.37721	-0.090617	-0.561947	-0.131748	-0.113791	
-0.249018	0.463889	-0.863873	0.427485	-0.092331	0.758474	-0.799809	0.027339	0.668939	-0.756559	-0.317353	0.328166	0.547433	0.689027	0.742112	-0.927266	0.577027	-0.141463	-0.178397	0.455548	-0.652137	0.762916	0.961989	0.34137	0.950089	-0.330929	0.466078	0.841336	-0.456691	0.729491	0.888708	-0.165407	-0.575771	0.18814	-0.480727	-0.338979	0.460483	0.365984	-0.488909	0.109748	0.654734	-0.293934	-0.222558	-0.862729	-0.863864	0.185001	0.105201	0.362534	0.030659	0.868131	
0.591107	0.603601	0.344225	0.378822	-0.423218	-0.641635	-0.182326	0.496805	-0.386257	-0.785647	0.742699	0.225086	0.335091	0.399442	-0.214922	0.892757	-0.395108	0.210325	0.3023	0.670403	-0.00613	0.19958	-0.758915	-0.320404	-0.416736	-0.440837	-0.267017	0.314683	0.845601	0.706233	0.347186	0.712646	0.568929	-0.524716	-0.535935	-0.742322	0.535239	0.547865	-0.956385	-0.686571	0.726318	0.522703	0.702995	0.028816	0.767372	0.91426	-0.889011	-0.509064	-0.030886	0.382349	
0.564164	-0.087973	-0.943757	0.309218	0.04203	0.777695	0.092753	-0.584375	0.275422	0.719716	0.100242	0.255693	0.198226	-0.597113	-0.348722	0.598229	0.896188	0.837091	0.313578	-0.510142	0.398545	-0.191961	0.746828	-0.503901	-0.7253	-0.8725	-0.246211	-0.423216	-0.446443	-0.579061	-0.087725	-0.186412	0.223615	0.494097	-0.230205	-0.829147	-0.035937	-0.270784	0.287844	-0.048998	0.235715	-0.788053	-0.775187	0.759518	-0.828464	-0.72095	-0.26503	-0.205045	-0.90408	0.686906	
0.490555	0.921406	0.733613	0.465517	-0.529108	-0.857553	-0.548376	0.563478	0.489794	0.131092	-0.936625	0.130603	-0.124436	-0.472199	-0.679163	-0.416141	-0.232043	0.765659	-0.563627	-0.546156	-0.020225	-0.797797	-0.540866	-0.171697	0.015139	-0.476181	-0.231734	0.831433	0.869043	0.168924	0.494162	-0.40489	-0.946557	-0.763808	-0.480965	-0.034038	-0.591037	-0.160505	0.099433	-0.250377	-0.043885	-0.927726	0.175642	-0.510057	-0.278654	-0.674511	-0.628084	-0.726434	-0.30584	0.504097	
0.167208	0.130463	0.205382	0.752997	-0.818532	-0.891633	0.67333	-0.107253	-0.755617	-0.233051	-0.46687	-0.650653	-0.557678	-0.383723	0.317454	-0.048064	-0.41416	-0.606805	0.556155	0.788179	0.10875	-0.220693	-0.138801	0.440441	0.549015	0.921076	-0.237377	-0.351741	0.168938	0.271892	0.639816	0.283071	-0.195331	0.307297	0.429374	-0.370277	0.132232	-0.723571	0.030732	-0.653191	-0.442868	-0.000117	0.40167	0.927731	0.746675	0.350972	-0.756883	0.899484	-0.416905	0.071638	
-0.637416	0.009768	-0.531668	-0.001832	-0.766889	-0.412753	-0.174777	0.63071	0.795531	-0.508913	-0.136554	0.07561	0.879977	0.640808	-0.467732	-0.188747	-0.722238	0.211507	0.713417	0.088403	-0.519414	-0.812799	-0.750494	0.393523	0.18264	-0.068845	-0.98593	0.889987	-0.31485	0.930417	-0.744962	-0.028096	0.880501	-0.379051	-0.344741	-0.928262	-0.179171	-0.984269	-0.42823	0.269095	-0.846378	-0.595782	-0.136505	0.054889	-0.381554	0.373811	-0.455092	-0.462355	-0.558325	-0.851131	
-0.024641	-0.401316	0.539347	0.48404	0.872412	-0.802737	-0.447451	0.165467	0.920123	0.984674	-0.349067	0.677227	-0.727415	-0.200246	0.341576	0.528737	0.430683	-0.989818	-0.844921	-0.915976	0.55416	-0.406209	-0.82261	0.616499	-0.046825	0.53007	-0.274109	0.831717	-0.779252	0.835008	0.062992	0.464246	-0.592525	0.963557	0.716795	-0.41077	0.260162	-0.99845	-0.063692	0.468733	-0.176493	-0.608587	0.451532	0.668353	-0.325066	0.869231	-0.806184	0.727146	-0.126979	0.009829	
0.676392	-0.168363	0.095548	0.796935	0.457033	0.930816	0.110971	0.378919	-0.979648	-0.515299	0.292949	0.052162	-0.072043	0.425225	-0.49956	0.982732	-0.309011	0.124244	-0.40665	0.591773	-0.200733	-0.580768	0.137168	0.587256	0.313404	0.538728	0.679771	-0.191467	0.567529	-0.113143	0.04922	-0.124555	-0.387286	-0.614761	0.17939	0.920848	-0.76293	0.880058	-0.259102	-0.765435	-0.14493	0.074042	0.617766	-0.193243	0.386063	0.232544	-0.074875	0.448869	0.981317	0.401063	
0.03416	-0.919503	-0.017359	-0.319985	-0.203838	0.440203	0.138784	-0.815924	0.027509	0.867942	-0.855848	0.735199	-0.915049	0.716704	0.139085	0.538715	-0.016043	0.492353	0.561582	-0.879558	0.190265	-0.111282	-0.779493	0.094907	-0.031112	-0.546056	0.594665	0.315305	0.795174	-0.1877	0.166687	0.5107	0.664558	-0.811361	-0.753857	-0.532162	0.309308	-0.973318	0.152599	-0.387729	-0.471336	-0.482498	0.66469	-0.753475	-0.346	0.368656	-0.573634	0.174967	-0.892611	0.917929	
-0.030704	0.941688	0.425509	0.045393	-0.524465	-0.925756	-0.953288	0.25514	-0.222381	0.908908	-0.463914	0.59948	-0.46995	0.874231	0.558355	0.303739	0.775315	0.414765	0.46859	0.769785	-0.826077	0.214122	-0.985348	0.930216	-0.028932	0.055646	0.226145	0.063646	-0.366304	0.315128	0.943174	0.008714	0.331038	0.864787	-0.669924	0.989033	0.387388	0.360903	-0.664948	-0.492017	0.940448	-0.564441	0.781102	-0.270085	-0.349103	0.839553	-0.332444	0.013114	-0.263899	-0.717325	
0.839583	0.591332	0.574903	-0.288622	-0.988767	0.640527	0.668241	-0.443984	0.807055	-0.996583	0.767815	-0.975143	0.862327	0.315382	-0.067065	0.730549	0.744324	-0.545305	-0.826931	0.026094	0.030014	-0.797762	0.399066	0.74724	-0.271039	-0.619	0.063333	0.81447	0.738997	-0.609558	0.908688	-0.743292	-0.643394	0.215402	-0.651826	-0.618022	0.630322	-0.294005	0.313933	-0.851575	0.41202	-0.624445	0.898068	-0.807298	0.563906	0.357989	0.16045	0.09994	0.213099	0.430807	
0.67561	0.577185	0.890277	0.082117	-0.885257	0.106783	-0.991756	-0.33031	-0.216777	0.608862	-0.246403	0.414916	-0.256596	0.312958	0.688573	0.5221	-0.876272	-0.970505	0.31112	-0.053341	-0.046557	0.491571	-0.221592	0.149631	0.591362	0.976025	-0.3445	-0.942378	-0.524867	0.797809	0.927541	-0.339776	0.139296	-0.691246	0.884089	-0.401428	0.124505	0.317727	-0.641798	-0.726181	0.066296	0.836353	0.499206	0.763338	-0.990378	-0.152568	0.934851	-0.854655	-0.671374	-0.202398	
0.790605	-0.290338	0.867746	-0.583619	0.114292	0.661905	0.659204	0.681163	-0.265165	0.570626	-0.989208	-0.189174	-0.755423	-0.490215	-0.292755	0.538183	0.31529	0.57212	-0.277082	-0.587379	-0.94251	-0.336013	0.868077	-0.500504	0.57566	-0.586492	0.741117	-0.523767	-0.802963	0.298482	-0.754265	0.416191	-0.705615	-0.633944	0.403968	0.066397	0.413413	0.659119	0.740769	-0.593707	-0.711946	0.141168	-0.268807	0.306322	-0.397766	0.172736	-0.127077	-0.227917	0.534225	0.007613	
0.432808	-0.853584	0.952027	0.502838	-0.662759	0.859721	0.618398	-0.030271	-0.187717	-0.331595	0.784317	-0.251806	-0.959204	-0.854627	-0.862922	-0.390328	0.396509	-0.534523	0.514442	0.21036	0.718611	0.727817	-0.562431	0.786943	0.295345	-0.298591	-0.031713	-0.485304	0.030595	-0.127227	-0.349799	-0.899733	-0.867641	0.297376	0.123561	0.042663	-0.208847	0.260013	0.918882	0.799555	-0.687733	0.838647	-0.346324	0.665118	0.530158	0.722486	0.95573	-0.732223	-0.149145	-0.616106	
-0.90051	-0.702764	-0.133479	-0.187169	-0.623349	-0.593184	0.332166	-0.903127	0.237259	-0.152353	0.451128	-0.751236	-0.665647	0.916872	-0.622709	0.066595	-0.737226	-0.286258	0.781944	-0.016237	0.301906	0.727358	0.881816	0.764571	0.8834	-0.501331	0.830256	0.002019	-0.817424	-0.458893	-0.114161	0.924079	-0.94068	0.584946	0.662975	-0.719377	0.064848	-0.201676	-0.52972	-0.075164	0.468134	0.746226	0.008876	-0.759265	0.974883	-0.014109	-0.520547	-0.923063	-0.738455	0.376985	
0.19733	-0.114649	-0.511624	-0.653232	0.426093	-0.830937	-0.571265	-0.937729	0.89117	0.403442	-0.834891	0.251779	-0.847161	-0.925052	0.544021	0.251657	-0.338443	-0.302502	0.215474	0.24453	-0.94012	-0.993433	-0.918949	-0.03892	-0.744658	0.183427	0.12316	0.520797	-0.92965	-0.070197	-0.47963	0.31616	-0.00482	0.146893	-0.909811	0.161975	-0.159945	-0.875165	0.53692	-0.566113	-0.535213	0.006032	0.663529	0.881825	-0.595334	-0.560638	0.65867	-0.254548	-0.787784	0.820542	
0.661836	-0.897248	0.170415	0.436317	0.618751	-0.208864	0.043561	0.372515	-0.099899	-0.070878	0.449465	-0.436016	0.467395	0.449964	0.127673	-0.427899	0.81961	-0.048214	0.202021	0.196137	-0.490794	0.923613	0.779491	0.223455	0.336396	-0.621708	-0.920331	-0.720783	0.568852	-0.446273	0.377797	-0.389217	-0.814202	-0.427841	-0.306917	-0.064305	0.012255	-0.015186	-0.798609	0.104815	0.781976	-0.738639	0.948591	-0.615075	0.514593	0.189318	-0.336575	0.269377	-0.850542	-0.590229	
0.166515	0.713234	0.039626	0.746638	0.654822	-0.312804	0.876007	0.314859	-0.897775	-0.741111	0.938701	-0.443466	-0.151015	-0.296219	0.270715	-0.602775	0.989292	0.86932	-0.352521	0.444202	0.234072	-0.766078	0.976766	-0.062906	-0.965988	0.795524	-0.715563	-0.682714	0.984667	-0.393285	0.827466	-0.933782	-0.132048	-0.95297	-0.5347	-0.299226	0.466765	0.984308	-0.718358	-0.124535	-0.027252	-0.538314	0.233838	-0.827176	0.035286	0.313675	0.911527	-0.591545	-0.829072	0.778236	
-0.893848	0.861886	0.498667	0.993269	0.102711	0.218204	-0.789365	0.492359	-0.006138	0.578694	0.254879	0.898871	0.96841	0.633202	0.291567	-0.139775	0.762458	0.835218	-0.036125	-0.328018	-0.722334	0.007061	0.420285	-0.681439	-0.563339	0.144154	-0.967042	0.038901	-0.754154	0.091132	-0.422676	-0.66025	0.28058	-0.596186	-0.150351	-0.645207	-0.362374	0.599974	-0.815941	-0.307099	-0.316459	-0.529552	0.408729	-0.160402	0.824123	0.676663	-0.705082	-0.564564	-0.762081	0.401187	
-0.658443	-0.30048	-0.940642	0.962344	-0.254562	-0.921098	-0.342273	-0.430067	-0.050279	-0.271554	0.513822	0.466313	-0.981486	-0.672313	-0.28495	-0.003797	-0.427021	-0.893474	0.75134	-0.574828	-0.239894	-0.311993	0.905472	0.981988	0.476926	-0.635705	-0.416707	-0.416392	0.491897	-0.018233	0.482331	-0.615771	-0.362605	0.141121	-0.021425	-0.791239	0.494296	0.559805	0.970225	0.64505	0.190034	-0.777759	0.406855	-0.009308	0.721259	0.988778	-0.726849	0.898252	0.714061	-0.027598	
-0.662363	0.484988	0.963628	0.260691	-0.554354	-0.379618	0.980546	0.946299	-0.837317	0.872365	-0.039665	0.259327	0.176629	0.873801	-0.622024	0.219121	0.531848	0.317707	-0.439319	0.791528	0.21959	-0.018075	-0.535826	0.982363	-0.73644	0.232026	-0.184515	-0.384816	-0.446875	0.279168	0.441422	-0.311879	0.964049	-0.748361	-0.454416	-0.378765	-0.465687	0.039693	0.515134	-0.648303	0.810454	0.768301	0.824916	0.83905	0.033775	-0.377936	0.049306	-0.117414	-0.789211	-0.899818	
-0.622346	-0.109933	0.032116	-0.521636	0.42179	-0.869949	-0.744649	-0.232667	-0.078029	0.696415	0.287413	-0.035182	-0.46384	-0.255448	0.705154	-0.102795	-0.530147	-0.180505	-0.808912	0.416473	0.652405	-0.162043	-0.260704	-0.01258	0.65083	-0.389385	0.39307	-0.458614	0.846852	-0.337069	-0.582317	-0.004925	-0.302863	-0.044038	-0.006368	0.089405	-0.217096	-0.708017	0.354363	-0.315051	-0.222685	0.353017	0.793012	-0.195381	0.042817	-0.285481	0.632402	-0.17262	0.796182	-0.586026	
0.027974	0.912676	0.467391	-0.175611	-0.194016	-0.583896	-0.839429	-0.177865	0.959351	0.130792	-0.865606	0.180037	0.173864	0.735475	0.951364	-0.913694	0.737988	-0.869276	0.022208	0.649305	0.278276	-0.2598	-0.013015	-0.677292	0.782637	0.423289	-0.201376	0.897526	0.38301	0.955717	0.47764	-0.383258	-0.637502	0.507442	0.191731	0.955557	0.695714	0.51998	-0.944263	-0.984245	-0.677731	0.915002	-0.338706	0.772437	-0.054591	-0.087591	-0.539086	0.090747	0.636511	0.563458	
-0.667162	0.902421	-0.172105	0.283673	-0.271732	-0.53293	-0.51444	0.150615	0.059431	0.241793	0.570511	0.638092	0.359749	0.859003	-0.011732	-0.194804	0.935557	0.099918	0.21726	0.257396	-0.651794	0.025772	0.717525	-0.534158	-0.545797	-0.178549	-0.23158	-0.723478	0.377609	0.699292	-0.269198	-0.486262	0.298066	-0.685615	0.486423	-0.096504	0.117367	0.264114	0.423894	0.145371	-0.166492	0.406474	-0.863027	0.922625	-0.111844	-0.14721	-0.076123	-0.028456	-0.349119	-0.49895	
0.525453	0.165364	0.307631	0.00526	-0.494745	-0.836563	0.300963	-0.118408	-0.468653	-0.275181	-0.75611	0.977132	-0.06687	-0.009637	-0.890138	-0.41863	-0.744136	-0.678202	0.784803	0.219277	0.168715	0.906211	-0.796635	-0.929948	-0.32665	-0.36422	0.730519	0.14567	-0.273661	-0.322796	0.288666	-0.216097	-0.499185	-0.612423	-0.675898	-0.018331	-0.117577	-0.694729	-0.014298	0.469309	0.402763	0.900804	0.846255	-0.960127	-0.826602	-0.230569	-0.975497	0.370713	-0.536353	-0.185069	
-0.582467	-0.298456	-0.383457	-0.755804	-0.509601	0.315734	-0.960714	0.584644	-0.254906	0.164292	0.639521	-0.380522	0.969494	-0.611444	-0.655878	0.029528	-0.93492	0.874501	0.398168	0.377623	-0.39662	-0.261695	0.893643	0.177427	-0.515406	-0.50571	0.361988	0.360199	-0.531223	0.621233	-0.122121	0.433007	0.287289	-0.78207	0.908743	-0.878379	-0.778889	0.47223	-0.333709	-0.686131	0.056996	0.937016	0.074681	-0.491305	-0.689868	-0.0649	0.052592	0.175575	0.28768	0.245728	
0.186435	-0.704736	-0.244945	-0.179616	0.319989	-0.441471	0.917122	0.676397	0.130243	-0.201241	-0.0655	0.212412	-0.54184	-0.05688	-0.463812	-0.123611	-0.94914	-0.283941	-0.896115	-0.401206	0.213616	-0.05119	-0.822715	-0.736437	-0.890695	-0.654176	0.81914	-0.727155	0.904447	0.87322	0.56755	0.778633	-0.905079	0.179545	-0.524661	-0.891925	0.473565	0.837589	0.110043	-0.536964	-0.734664	-0.425292	0.384865	-0.160692	-0.739302	0.151708	0.522605	0.776711	0.297676	-0.995379	
0.849791	0.811768	-0.761826	-0.270583	0.500527	0.979182	0.538491	0.817583	0.152123	0.04548	0.026767	-0.721404	-0.934074	-0.144	-0.193983	0.426787	-0.707908	-0.874991	0.668059	0.230578	-0.898115	0.229455	-0.809486	0.672259	-0.288972	-0.656515	0.425495	-0.782993	-0.993855	0.03085	0.548262	0.259405	-0.438381	0.047399	-0.327477	0.81459	-0.11401	0.84299	0.058283	0.620289	0.345281	-0.757151	0.478873	-0.985255	-0.362608	0.018403	0.897666	-0.103531	-0.836497	-0.064305	
0.673396	0.412819	0.490089	-0.288771	0.496331	-0.684621	0.400013	-0.376526	0.860892	-0.277921	-0.964587	0.836987	0.13923	-0.281681	0.401392	0.539094	-0.363112	0.033022	0.919557	0.395659	-0.376493	-0.939203	0.096462	-0.615088	-0.738962	0.951568	0.579456	-0.543153	0.026896	-0.602416	-0.879812	-0.847897	-0.965278	-0.521369	-0.035022	0.524978	0.516037	0.099353	-0.075066	-0.123948	-0.150607	0.490592	-0.14508	-0.387969	0.61177	-0.167004	0.922937	0.921262	0.875179	0.717257	
0.634761	0.38449	0.005309	-0.611024	-0.123897	0.896808	-0.806061	-0.044563	-0.927245	-0.67629	-0.194151	0.532609	0.78303	0.505009	-0.733028	-0.146554	-0.512301	-0.499634	0.728149	0.084947	0.761934	0.409738	-0.154382	-0.794091	0.451999	-0.014853	0.715833	-0.076396	0.522387	-0.990224	0.791281	-0.641418	0.772856	0.451491	-0.690092	-0.984617	-0.330609	0.895597	-0.515899	0.131693	0.370032	-0.430639	-0.358763	-0.031591	-0.198646	-0.391938	0.530701	0.314243	0.552979	-0.083334	
-0.632303	0.925216	-0.224753	0.654122	-0.761109	-0.468532	-0.401057	0.632861	-0.973205	-0.344025	0.763862	-0.244777	-0.494551	-0.165462	-0.151083	0.725203	0.065731	-0.163261	-0.52089	0.44118	0.147639	-0.599958	-0.355308	-0.752777	0.276617	-0.901809	0.045435	0.160782	-0.772593	-0.62915	0.306885	0.284778	0.751728	0.77825	-0.246747	-0.299591	-0.017546	-0.085709	-0.529172	0.044344	-0.067421	-0.872222	-0.648637	0.063717	-0.896345	0.412318	0.221474	-0.670419	-0.701807	0.089993	
0.818671	0.228056	0.937326	-0.024824	-0.664667	0.510711	-0.282269	0.210622	0.584432	0.906994	-0.015493	-0.561991	-0.268651	-0.952867	-0.054546	0.842252	-0.84265	-0.453815	0.376024	-0.001563	0.816361	0.488394	-0.896255	0.345823	-0.220418	0.677413	-0.974175	0.978814	-0.508196	0.948131	-0.731409	0.17876	-0.210644	-0.410206	-0.8231	-0.293478	-0.473502	0.363859	-0.725635	0.260122	0.136757	0.806328	-0.869619	0.559102	0.219331	-0.536852	0.714827	-0.860285	0.492434	-0.923642	
0.005748	0.014134	0.029562	0.040893	0.036725	0.001057	0.013065	0.01463	0.007649	0.013856	0.001494	0.025091	0.034136	0.031127	0.024251	0.014686	0.010691	0.036873	0.010249	0.02936	0.036466	0.035911	0.030739	0.012378	0.038442	0.002848	0.001271	0.042063	0.000433	0.015294	0.003979	0.005025	0.016543	0.021756	0.020639	0.009683	0.034841	0.027677	0.006526	0.004779	0.039343	0.041522	0.030408	0.012433	0.020137	0.001284	0.025434	0.033913	0.029491	0.003465	
0.003877	0.015142	0.003934	0.007362	0.026334	0.005086	0.033726	0.013911	0.017587	0.002395	0.014042	0.031997	0.018173	0.018267	0.031214	0.023848	0.043227	0.032716	0.021706	0.02607	0.02595	0.018633	0.036997	0.032878	0.021422	0.04049	0.039701	0.027428	0.005079	0.041911	0.04204	0.035759	0.001139	0.019719	0.000864	0.020454	0.023171	0.012493	0.01761	0.014977	0.013586	0.018711	0.002459	0.004684	0.018159	0.017129	0.005401	0.030323	0.019455	0.000764	
0.018757	0.037056	0.000446	0.029904	0.032433	0.030989	0.024157	0.038117	0.012855	0.020425	0.003308	0.023255	0.014039	0.03295	0.007683	0.025907	0.029311	0.003893	0.042294	0.03181	0.035106	0.002847	0.010768	0.027247	0.00247	0.013121	0.007152	0.00676	0.024538	0.026262	0.021723	0.007728	0.024216	0.002699	0.012567	0.006578	0.031243	0.024026	0.013686	0.008049	0.031761	0.023502	0.03473	0.038212	0.006262	0.028694	0.015756	0.011632	0.005722	0.035354	
0.01035	0.020398	0.034522	0.02179	0.016286	0.026926	0.025988	0.014364	0.024395	0.030689	0.026707	0.035643	0.018	0.004364	0.000116	0.019474	0.035265	0.011759	0.01663	0.034311	0.029916	0.02483	0.017977	0.008093	0.013768	0.006828	0.03484	0.030848	0.031942	0.018901	0.023698	0.010007	0.018767	0.0235	0.022566	0.009454	0.006797	0.024911	0.001138	0.032183	0.016144	0.022912	0.026631	0.002374	0.005739	0.029954	0.020266	0.030015	0.016232	0.010792	
0.005751	0.032897	0.033054	0.024919	0.008942	0.007244	0.02443	0.04474	0.010095	0.036004	0.025356	0.02066	0.024816	0.042256	0.000501	0.004307	0.001561	0.016116	0.017934	0.027929	0.025209	0.000795	0.008638	0.009532	0.043809	0.029384	0.017552	0.001105	0.026922	0.02849	0.008534	0.004538	0.018467	0.002529	0.025699	0.005904	0.040639	0.035633	0.034849	0.024769	0.040413	0.016622	0.001446	0.025144	0.021725	0.015671	0.016081	0.03638	0.009783	0.014226	
0.006885	0.042233	0.00784	0.03904	0.005374	0.023249	0.028954	0.033377	0.007452	0.012309	0.030502	0.020306	0.014538	0.011045	0.020555	0.040582	0.022398	0.011596	0.016693	0.015494	0.040926	0.002495	0.038615	0.01552	0.020636	0.002136	0.005709	0.027185	0.026664	0.025788	0.027	0.042709	0.018756	0.009726	0.005756	0.019536	0.008953	0.014287	0.00597	0.013494	0.006464	0.026046	0.03239	0.005794	0.019433	0.017145	0.02837	0.037432	0.036249	0.008394	
0.037396	0.005355	0.006547	0.037028	0.004397	0.023596	0.022061	0.03177	0.034519	0.005281	0.020491	0.014572	0.006138	0.029045	0.007562	0.013799	0.010704	0.024999	0.028742	0.036669	0.034699	0.031255	0.037301	0.032034	0.004534	0.014809	0.018763	0.032115	0.017914	0.038164	0.004369	0.01812	0.013939	0.002772	0.027453	0.026404	0.035147	0.019259	0.028792	0.001045	0.000794	0.020101	0.031537	0.01583	0.018299	0.008426	0.025624	0.025083	0.010547	0.0042	
0.02194	0.032555	0.023139	0.000842	0.027986	0.024479	0.007717	0.004028	0.036909	0.022591	0.001982	0.033034	0.006436	0.035503	0.019464	0.023193	0.0348	0.014409	0.026315	0.000863	0.006179	0.019175	0.035962	0.024395	0.004274	0.031916	0.039126	0.029116	0.00862	0.016334	0.001798	0.031424	0.022169	0.02445	0.027723	0.006525	0.033348	0.026457	0.008913	0.012085	0.034488	0.033497	0.003706	9.1e-05	0.01701	0.001193	0.031967	0.00118	0.034744	0.03395	
0.025522	0.008401	0.013584	0.020227	0.02749	0.008824	0.025097	0.011674	0.041029	0.023648	0.019569	0.001499	0.009831	0.031622	0.007515	0.030241	0.043168	0.005652	0.014416	0.015453	0.012869	0.00879	0.040782	0.023361	0.028431	0.028766	0.001164	0.01967	0.017837	0.020373	9.2e-05	0.018433	0.027542	0.024584	0.025031	0.022253	0.031373	0.011221	0.014459	0.041916	0.02995	0.0199	0.012359	0.034871	0.037922	0.014614	0.036394	0.001766	0.007917	0.000898	
0.006575	0.027063	0.023732	0.035616	0.022368	0.031197	0.026522	0.005682	0.002321	0.028494	0.035907	0.011767	0.014292	0.031499	0.034583	0.033035	0.018574	0.013983	0.00866	0.006878	0.009007	0.018157	0.030443	0.005341	0.018927	0.029474	0.00502	0.012707	0.029946	0.006226	0.029342	0.009099	0.0183	0.017253	0.020312	0.034318	0.029313	0.018839	0.027962	0.035492	0.010854	0.002209	0.019019	0.033513	0.01866	0.006633	0.025535	0.031951	0.018707	0.008693	
0.012106	0.017379	0.042524	0.018908	0.017527	0.02958	0.039967	0.033286	0.000791	0.010373	0.037142	0.034438	0.022937	0.01519	0.007193	0.007575	0.019627	0.033366	0.017527	0.038765	0.011261	0.012623	0.011411	0.024944	0.033249	0.036116	0.023462	0.004589	0.022134	0.010474	0.003202	0.031021	0.01037	0.006224	0.013871	0.006824	0.013762	0.002826	0.033663	0.026173	0.012055	0.005299	0.041968	0.032345	0.024167	0.026719	0.015644	0.01463	0.022077	0.010696	
0.005852	0.035086	0.029144	0.025337	0.020772	0.025289	0.013313	0.01988	0.028105	0.020852	0.002508	0.005899	0.036934	0.022627	0.036202	0.032858	0.007974	0.038022	0.008384	0.032225	0.025968	0.008606	0.014107	0.027977	0.018885	0.034084	0.028111	0.036614	0.029503	0.016048	0.027233	0.016269	0.031385	0.008554	0.01581	0.015923	0.00037	0.033133	0.002409	0.031932	0.012612	0.004735	0.019105	0.016975	0.020806	0.016772	0.001057	0.020132	0.000353	0.017269	
0.039885	0.021603	0.010487	0.009181	0.018084	0.002099	0.036345	0.007212	0.026013	0.000747	0.015173	0.040809	0.027451	0.027392	0.006348	0.001248	0.001279	0.003216	0.023087	0.015517	0.036549	0.032957	0.009762	0.023889	0.016421	0.017966	0.033405	0.027714	0.013418	0.022499	0.002338	0.029725	0.015658	0.03698	0.034956	0.012238	0.034411	0.003597	0.005492	0.021589	0.038491	0.02867	0.019228	0.032499	0.038354	0.002791	0.034038	0.003603	0.02794	0.009646	
0.018155	0.030964	0.01968	0.015168	0.035936	0.012331	0.010782	0.023548	0.032293	0.00433	0.018587	0.035647	0.012386	0.036731	0.014678	0.020879	0.014384	0.002694	0.003187	0.023168	0.001422	0.025511	0.034721	0.019553	0.03627	0.003146	0.014975	0.003435	0.029088	0.026385	0.026424	0.017005	0.017751	0.034018	0.003251	0.007327	0.022121	0.023417	0.021782	0.02565	0.035272	0.034164	0.031373	0.002682	0.017674	0.03525	0.013638	0.020399	0.019151	0.011617	
0.016537	0.012717	0.025916	0.016882	0.028036	0.033771	0.027978	0.030138	0.02859	0.001314	0.020249	0.01021	0.020975	0.008276	0.027299	0.021099	0.030615	0.000194	0.021106	0.031168	0.024498	0.028159	0.000502	0.028169	0.033832	0.023304	0.015523	0.029508	0.006249	0.022593	0.03398	0.008125	0.028225	0.017699	0.024466	0.003132	0.022131	0.015414	0.018607	0.010519	0.023239	0.021311	0.025592	0.016907	0.014294	0.018121	0.015752	0.002887	0.025689	0.028503	
0.001814	0.024852	0.038165	0.014	0.026108	0.001233	0.037953	0.019071	0.00214	0.037679	0.005534	0.032443	0.014807	0.034719	0.034272	0.022303	0.026932	0.027752	0.011309	0.019568	0.022809	0.002396	0.026718	0.01754	0.021464	0.012109	0.01412	0.001569	0.035626	0.006999	0.008648	0.026077	0.031359	0.016504	0.031073	0.001165	0.022917	0.007242	0.012807	0.030854	0.006529	0.017301	0.016612	0.035684	0.002788	0.029307	0.033626	0.031496	0.023776	0.020231	
0.038991	0.012378	0.018113	0.003445	0.010139	0.002387	0.018329	0.028378	0.007519	0.005846	0.034583	0.035245	0.029309	0.011394	0.027175	0.012398	0.026316	0.002093	0.029604	0.035136	0.030192	0.015463	0.011188	0.029084	0.008567	0.006692	0.038112	0.011701	0.033291	0.002938	0.027323	0.026015	0.022232	0.012732	0.037752	0.016254	0.016827	0.00592	0.009769	0.021002	0.00069	0.014842	0.03183	0.030335	0.028751	0.034173	0.03916	0.017135	0.022491	0.008761	
0.003783	0.022051	0.003033	0.033693	0.03963	0.026181	0.003269	0.002622	0.017343	0.038766	0.025992	0.030671	0.028176	0.013584	0.032593	0.018145	0.028101	0.012801	0.028717	0.016455	0.015839	0.003625	0.039272	0.024679	0.012442	0.004924	0.01411	0.0206	0.013294	0.003777	0.00561	0.022907	0.022709	0.029985	0.02006	0.00923	0.033267	0.005206	0.036621	0.005736	0.029878	0.008383	0.011605	0.033944	0.033885	0.021059	0.02285	0.019936	0.023997	0.024964	
0.004116	0.005248	0.028121	0.021422	0.017085	0.023291	0.020649	0.037449	0.027541	0.025348	0.037978	0.038319	0.021267	0.036718	0.026515	0.010656	0.006226	0.020582	0.027034	0.010028	0.040674	0.007024	0.024484	0.01364	0.00059	0.000811	0.033303	0.004394	0.004864	0.031633	0.009528	0.034852	0.020692	0.025952	0.038827	0.038762	0.036964	0.01172	0.018724	0.021081	0.01786	0.019158	1.6e-05	0.020803	0.003209	0.008374	0.0087	0.027452	0.017715	0.012601	
0.013088	0.035272	0.02699	0.002426	0.022883	0.024253	0.010166	0.028858	0.011705	0.033316	0.023193	0.001946	0.010732	0.040703	0.024396	0.041021	0.024512	0.016869	0.041045	0.001223	0.011059	0.004815	0.025221	0.030909	0.035873	0.024919	0.029501	0.034468	0.028005	0.020067	0.002632	0.039427	0.010578	0.013391	0.004752	0.031538	0.017574	0.040045	0.010527	0.002702	0.018147	0.026699	0.003023	0.039965	0.004872	0.003062	0.034067	0.009575	0.006998	0.000992	
0.036212	0.039682	0.02285	0.038985	0.007299	0.023943	0.000494	0.00925	0.009771	0.04008	0.019996	0.026402	0.037306	0.032702	0.032386	0.016266	0.00755	0.01431	0.020303	0.024338	0.015734	0.024462	0.006804	0.008627	0.005921	0.014671	0.005508	0.014155	0.011784	0.018802	0.027518	0.020343	0.009125	0.040977	0.015398	0.035897	0.014162	0.040904	0.016362	0.012721	0.041253	0.03031	0.021889	0.016804	0.015743	0.004203	0.03111	0.012045	0.00633	0.000313	
0.022054	0.035054	0.00042	0.033143	0.038913	0.025431	0.019143	0.001085	0.033315	0.018131	0.003161	0.011322	0.007438	0.032754	0.016153	0.027025	0.033526	0.031071	0.01246	0.014249	0.025064	0.00038	0.003843	0.026017	0.020526	0.012371	0.027662	0.021579	0.001764	0.034256	0.026442	0.038429	0.022166	0.003485	0.022597	0.017398	0.027105	0.027558	0.031135	0.028406	0.003726	0.026638	0.037087	0.001974	0.023938	0.011137	0.005124	0.023045	0.010671	0.022629	
0.017696	0.028106	0.018248	0.04414	0.001824	0.000982	0.003047	0.021745	0.012845	0.00353	0.002354	0.028735	0.040485	0.01654	0.030317	0.010919	0.012511	0.01855	0.030481	0.02619	0.000494	0.015822	0.004126	0.036039	0.036293	0.01853	0.016994	0.03394	0.044126	0.019205	0.039045	0.010328	0.038979	0.021206	0.014839	0.032117	0.012237	0.037824	0.008879	0.006292	0.000931	0.044909	0.032104	0.010837	0.015872	0.010297	0.03126	0.002499	0.020461	0.01427	
0.036153	0.026838	0.025734	0.015459	0.025711	0.03411	0.010079	0.010642	0.013609	0.005188	0.033594	0.031138	0.021468	0.018829	0.015756	0.031148	0.018504	0.028401	0.035947	0.035556	0.015059	0.030732	0.008245	0.005015	0.027766	0.003723	0.008674	0.013184	0.026973	0.022648	0.036294	0.002063	0.016999	0.021191	0.013332	0.004708	0.016336	0.022548	0.003326	0.034236	0.031404	0.011739	0.033109	0.001957	0.030074	0.019259	0.033845	0.004159	0.002487	0.025051	
0.014623	0.036208	0.005215	0.029352	0.029636	0.02507	0.028275	0.034515	0.0254	0.03638	4.4e-05	0.031288	0.027476	0.011189	0.016939	0.035392	0.018859	0.00497	0.032235	0.014769	0.033522	0.030432	0.004247	0.004561	0.029691	0.004983	0.031186	0.019592	0.032557	0.029458	0.004854	0.001684	0.013809	0.034462	0.032995	0.008156	0.021668	0.020163	0.01799	0.013254	0.011332	0.002392	0.022142	0.009525	0.008996	0.039483	0.02264	0.026993	0.002945	0.006453	
0.009708	0.022498	0.022542	0.000184	0.027628	0.040823	0.027904	0.002218	0.041925	0.011963	0.020881	0.000853	0.013882	0.035155	0.010424	0.012355	0.00779	0.018457	0.030364	0.034214	0.03693	0.035527	0.019119	0.011176	0.03895	0.040151	0.015635	0.026372	0.016713	0.004511	0.029954	0.011991	0.032457	0.001973	0.006375	0.012402	0.039334	0.036502	0.000751	0.018151	0.002248	0.016398	0.004027	0.029265	0.038852	0.021319	0.012257	0.038041	0.001546	0.009305	
0.030812	0.013604	0.032936	0.018834	0.009616	0.014706	0.027322	0.002047	0.0397	0.009536	0.022972	0.007649	0.007247	0.027685	0.023843	0.014275	0.04056	0.003097	0.028214	0.018652	0.020943	0.039358	0.03552	0.011848	0.021445	0.002167	0.026513	0.040373	0.001167	0.03088	0.032594	0.003334	0.032965	0.014694	0.003639	0.001734	0.024103	0.028617	0.019925	0.037672	0.004962	0.002459	0.008927	0.008994	0.014673	0.019706	0.035342	0.033324	0.019676	0.029139	
0.033978	0.006644	0.013773	0.009596	0.006926	0.025467	0.032266	0.033336	0.032306	0.031756	0.034403	0.013608	0.031018	0.025295	0.03494	0.019995	0.01625	0.004154	0.010392	0.034054	0.014393	0.027418	0.0056	0.026657	0.035025	0.025766	0.016278	0.002619	0.004926	0.017433	0.001564	0.034991	0.038695	0.014249	0.025022	0.003092	0.016785	0.023477	0.015492	0.032878	0.00587	0.034997	0.019815	0.017595	0.0039	0.009628	0.015315	0.012551	0.037158	0.010654	
0.042678	0.041071	0.006744	0.005419	0.025581	0.017222	0.026499	0.013301	0.017024	0.005841	0.013182	0.007899	0.010377	0.022936	0.003935	0.002853	0.02013	0.010857	0.021003	0.019476	0.028656	0.034266	0.040237	0.031928	0.00657	0.02896	0.014897	0.032473	0.012089	0.024572	0.011747	0.007793	0.0171	0.027274	0.002872	0.024418	0.015816	0.000981	0.028011	0.041922	0.037959	0.024786	0.006686	0.006275	0.001218	0.02189	0.036128	0.036482	0.025945	0.036021	
0.035369	0.032294	0.018129	0.021442	0.000191	0.036064	0.00026	0.020365	0.0305	0.01353	0.032249	0.005684	0.029793	0.029323	0.01344	0.02136	0.021406	0.014817	0.006738	0.017779	0.025092	0.026968	0.008187	0.022636	0.017575	0.010308	0.022529	0.018427	0.022253	0.034502	0.015383	0.031438	0.020824	0.001909	0.003336	0.031167	0.034232	0.028032	0.007402	0.007445	0.009757	0.026435	0.030686	0.01645	0.030413	0.007826	0.006783	0.017821	0.029345	0.034106	
0.006483	0.037956	0.001395	0.00989	0.009194	0.049323	0.009893	0.025464	0.050317	0.03456	0.025864	0.023697	0.034571	0.019196	0.00308	0.039358	0.00096	0.008304	0.015787	0.0359	0.012921	0.041307	0.00596	0.01915	0.004848	0.004524	0.005057	0.008468	0.012147	0.013844	0.017034	0.019379	0.022362	0.020324	0.01366	0.014537	0.032898	0.051285	0.049356	0.000281	0.028839	0.00271	0.001443	0.027229	0.052429	0.006966	0.014213	0.00942	0.03433	0.011887	
0.005323	0.012029	0.009601	0.036731	0.026524	0.029708	0.017043	0.036722	0.013869	0.027163	0.025156	0.008278	0.004889	0.011362	0.012732	0.021713	0.033527	0.036177	0.000331	0.00568	0.036391	0.030306	0.023259	0.010614	0.015706	0.022799	0.0341	0.011834	0.00043	0.032928	0.016203	0.021976	0.036256	0.013478	0.010251	0.026342	0.029982	0.022648	0.016381	0.013225	0.024864	0.011954	0.02756	0.019801	0.029607	0.027918	0.009834	0.01398	0.009491	0.025324	
0.022724	0.021859	0.027776	0.035142	0.026347	0.011887	0.017437	0.007049	0.020667	0.004739	0.003734	0.031374	0.004164	0.033293	0.027544	0.01534	0.01226	0.015089	0.001801	0.01895	0.027794	0.027819	0.023784	0.009741	0.002389	0.01028	0.033343	0.027187	0.000193	0.025595	0.022311	0.03485	0.034436	0.032366	0.025503	0.029159	0.021218	0.017487	0.016926	0.031122	0.018548	0.009845	0.008429	0.006899	0.03411	0.024741	0.017503	0.034254	0.030001	0.002991	
0.018636	0.033592	0.028592	0.002011	0.010603	0.001212	0.025074	0.023718	0.031773	0.034361	0.003559	0.028449	0.023317	0.037483	0.013968	0.030653	0.007916	0.026347	0.002493	0.005986	0.015233	0.021043	0.033422	0.020287	0.020576	0.018454	0.03336	0.025862	0.008479	0.036255	0.026117	0.021403	0.016548	0.00652	0.00227	0.01229	0.027301	0.024229	0.023587	0.036456	0.026585	0.015854	0.020375	0.029605	0.009073	0.017626	0.002012	0.031439	0.025517	0.002479	
0.006991	0.01684	0.025734	0.032197	0.04508	0.008058	0.00416	0.005062	0.005116	0.039466	0.003351	0.013115	0.04015	0.001111	0.00781	0.022737	0.002699	0.019874	0.002437	0.044293	0.023604	0.044291	0.006092	0.009394	0.005386	0.012918	0.045167	0.043799	0.027938	0.029915	0.025689	0.022513	0.037984	0.0037	0.013588	0.012928	0.031264	0.013624	0.011035	0.022965	0.003448	0.011999	0.035145	0.022389	0.03052	0.008534	0.015032	0.03357	0.018828	0.03046	
0.014602	0.003336	0.033153	0.01854	0.030335	0.033086	0.006003	0.020332	0.031195	0.031062	0.0133	0.025107	0.017331	0.009327	0.021406	0.020949	0.024286	0.032585	0.024804	0.024053	0.013339	0.003691	0.015679	0.031106	0.010603	0.02868	0.026824	0.004018	0.019511	0.029907	0.005901	0.026594	0.008493	0.017005	0.014404	0.03223	0.004347	0.011991	0.025004	0.011425	0.023082	0.011533	0.023487	0.010726	0.026892	0.025132	0.01963	0.028619	0.02548	0.029875	
0.003394	0.034561	0.024712	0.026294	0.025726	0.014249	0.029303	0.025985	0.027496	0.02197	0.03967	0.022774	0.015961	0.010291	0.021289	0.028651	0.033007	0.00218	0.035003	0.008203	0.026131	0.01243	0.019964	0.015625	0.026008	0.001065	0.023808	0.005299	0.00938	0.035589	0.025258	0.034817	0.006213	0.006646	0.02571	0.019112	0.000884	0.017071	0.000881	0.021645	0.024245	0.005306	0.016938	0.008163	0.035677	0.027463	0.027842	0.010598	0.030659	0.028854	
0.022805	0.031214	0.029738	0.002899	0.014317	0.015389	0.022919	0.003732	0.036885	0.024637	0.034776	0.033898	0.009114	0.024895	0.016008	0.001163	0.008915	0.010553	0.033288	0.026929	0.007014	0.037599	0.012696	0.037679	0.002682	0.026857	0.008658	0.007353	0.01846	0.011977	0.029036	0.034594	0.008031	0.032198	0.009508	0.004845	0.022651	0.037056	0.028529	0.023084	0.010958	0.031724	0.026195	0.01778	0.014567	0.025348	0.002615	0.014338	0.032669	0.019225	
0.035282	0.016352	0.006168	0.032023	0.013834	0.034152	0.00901	0.007509	0.00377	0.032534	0.032542	0.03052	0.005976	0.00436	0.023396	0.017223	0.024075	0.00709	0.018898	0.007408	0.028389	0.03454	0.020125	0.017224	0.035281	0.015844	0.020493	0.00289	0.02902	0.01765	0.023434	0.033614	0.01646	0.032243	0.009023	0.026968	0.008844	0.021963	0.017205	0.008204	0.016039	0.034063	0.014282	0.031875	0.014639	0.004872	0.027364	0.0215	0.026383	0.027447	
0.036157	0.038006	0.007369	0.015797	0.001726	0.02907	0.039102	0.004116	0.030816	0.029992	0.013977	0.013026	0.008707	0.016952	0.00921	0.039284	0.020877	0.001556	0.000574	0.000665	0.028044	0.001167	0.019388	0.00059	0.032596	0.032483	0.037448	0.000527	0.023115	0.030499	0.028598	0.027253	0.017936	0.021861	0.017148	0.025172	0.022889	0.00029	0.024271	0.030156	0.02211	0.040075	0.015132	0.036984	0.0373	0.015712	0.004162	0.009286	0.027742	0.013087	
0.019058	0.005934	0.005655	0.009356	0.01938	0.022201	0.040513	0.023201	0.003565	0.018961	0.038369	0.019456	0.007849	0.037147	0.037786	0.008531	0.01677	0.036795	0.000779	0.021978	0.005237	0.027809	0.024122	0.006323	0.023964	0.025729	0.016149	0.009661	0.00688	0.032167	0.030534	0.010411	0.030949	0.038192	0.029535	0.00964	0.020559	0.01129	0.028655	0.031583	0.025087	0.017342	0.022022	0.030559	0.008737	0.012194	0.035273	0.002867	0.018427	0.014819	
0.036716	0.011829	0.023448	0.018943	0.024785	0.005497	0.001355	0.034489	0.001402	0.022355	0.030232	0.013326	0.033518	0.033899	0.028538	0.003357	0.018761	0.019804	0.002572	0.036833	0.02173	0.032641	0.031315	0.023947	0.007991	0.020602	0.010891	0.029349	0.014612	0.03502	0.011104	0.01466	0.026677	0.017101	0.015157	0.033917	0.023113	0.037305	0.010763	0.007809	0.02493	0.015096	0.016989	0.009	0.005267	0.023712	0.022611	0.013548	0.012188	0.029296	
0.036015	0.023468	0.033764	0.005231	0.019904	0.034328	0.006657	0.016909	0.003795	0.034521	0.026675	0.030027	0.036202	0.003536	0.037375	0.021235	0.041597	0.00631	0.040182	0.034989	0.029146	0.001368	0.008595	0.026078	0.021854	0.004082	0.040348	0.012038	0.023839	0.00279	0.001046	0.021013	0.0338	0.006528	0.023076	0.014664	0.02826	0.007929	0.006467	0.040335	0.012802	0.00709	0.018865	0.003166	0.011474	0.025055	0.004113	0.040181	0.004951	0.026327	
0.029352	0.029316	0.00653	0.03583	0.009247	0.041781	0.008605	0.041783	0.000706	0.008532	0.003705	0.017739	0.038701	0.008156	0.012355	0.027309	0.032811	0.005541	0.0309	0.02695	0.001222	0.035835	0.027052	0.034937	0.003313	0.010364	0.020972	0.019277	0.00018	0.016564	0.019673	0.013362	0.041807	0.017478	0.011489	0.012421	0.004516	0.027183	0.003146	0.014997	0.039628	0.041943	0.002607	0.02464	0.025112	0.030473	0.031181	0.030875	0.015739	0.006165	
0.018476	0.036629	0.013988	0.018484	0.036011	0.035251	0.010704	0.047754	0.012473	0.001959	0.044049	0.005058	0.005954	0.019164	0.024436	0.004396	0.041156	0.030063	0.04368	0.012209	0.002398	0.003674	0.003668	0.002643	0.019167	0.016485	0.021215	0.015584	0.023519	0.000918	0.01034	0.001957	0.024941	0.043297	0.016825	0.011586	0.042173	0.015004	0.013219	0.00108	0.020584	0.038466	0.048054	0.028484	0.01001	0.014575	0.000474	0.043006	0.042256	0.002504	
0.015549	0.038074	0.026822	0.008196	0.039847	0.018616	0.023391	0.019137	0.014457	0.005713	0.033274	0.010143	0.021313	0.020754	0.017047	0.016567	0.001003	0.029243	0.000519	0.017948	0.037435	0.016398	0.013884	0.029213	0.004863	0.009165	0.017557	0.005466	0.019611	0.039733	0.003079	0.016258	0.034551	0.00387	0.008324	0.032567	0.040487	0.022184	0.018772	0.010396	0.042087	0.014865	0.039444	0.017395	0.005745	0.012991	0.009134	0.037892	0.041959	0.017062	
0.016844	0.006442	0.016437	0.008056	0.023991	0.023337	0.019636	0.002952	0.015464	0.016537	0.029552	0.028047	0.034147	0.008655	0.019721	0.000132	0.010118	0.040791	0.01616	0.004626	0.003112	0.005737	0.035186	0.033865	0.025646	0.041196	0.032656	0.023956	0.017522	0.025761	0.038113	0.02087	0.012858	0.035793	0.021334	0.02226	0.007107	0.01604	0.011281	0.001586	0.00544	0.034105	0.040408	0.033027	0.031126	0.017566	0.003737	0.008667	0.040812	0.011588	
0.023905	0.005793	0.014058	0.002855	0.041169	0.026089	0.011562	0.021262	0.016663	0.034275	0.004237	0.012822	0.036854	0.00366	0.04247	0.017629	0.019891	0.006776	0.00707	0.030243	0.036944	0.008019	0.032552	0.042599	0.012533	0.038857	0.025152	0.02095	0.042076	0.035043	0.005794	0.023592	0.01188	0.002714	0.006084	0.002126	0.007475	0.035228	0.034645	0.011582	0.030054	0.021848	0.017826	0.037536	0.01911	0.014597	0.026393	0.004295	0.003493	0.00972	
0.00802	0.005507	0.026041	0.033659	0.016921	0.036525	0.018847	0.019665	0.006593	0.015862	0.000964	0.030405	0.006964	0.033123	0.042198	0.002134	0.018556	0.016719	0.012781	0.014074	0.035601	0.01577	0.02792	0.002458	0.002	0.017284	0.002458	0.040721	0.028742	0.036386	0.020099	0.008177	0.002809	0.030281	0.022749	0.015114	0.022788	0.030087	0.035809	0.041968	0.005636	0.000747	0.040488	0.014238	0.042749	0.012351	0.003989	0.026823	0.014858	0.033342	
0.017266	0.02739	0.026507	0.021343	0.016176	0.009421	0.008783	0.024539	0.014062	0.021642	0.018514	0.029975	0.030621	0.022266	0.024792	0.027859	0.032545	0.019512	0.028872	0.011798	0.007526	0.013706	0.022369	0.02099	0.017378	0.000928	0.021825	0.029713	0.020568	0.026973	0.030197	0.019997	0.033786	0.028607	0.025514	0.019919	0.010704	0.005733	0.020029	0.011698	0.020282	0.026584	0.018008	0.020716	0.007699	0.02741	0.03132	0.015606	0.009569	0.000763	
0.008851	0.028571	0.033253	0.016327	0.036131	0.031022	0.00431	0.011586	0.008008	0.005848	0.004756	0.003613	0.016461	0.023516	0.004424	0.016172	0.016277	0.012197	0.011207	0.018441	0.009153	0.039056	0.000597	0.006543	0.030139	0.021796	0.016397	0.016265	0.023878	0.027376	0.022375	0.018151	0.02027	0.037731	0.036728	0.027374	0.012923	0.035324	0.032711	0.016527	0.032533	0.014286	0.038084	0.038698	0.012103	0.01834	0.025551	0.010055	0.037441	0.010624	
0.000687	0.012124	0.028507	0.009317	0.0075	0.039456	0.014291	0.021099	0.013734	0.021447	0.024178	0.002449	0.031962	0.009029	0.004175	0.040868	0.026392	0.008552	0.027072	0.028648	0.028826	0.038889	0.026822	0.015834	0.021718	0.044399	0.04218	0.041209	0.01881	0.001597	0.00632	0.00267	0.013588	0.044366	0.004	0.004552	0.00034	0.008353	0.005989	0.006089	0.031348	0.027409	0.005951	0.044019	0.021245	0.035695	0.016775	0.024954	0.005974	0.038592	
0.004727	0.024221	0.015352	0.006124	0.006595	0.005044	0.012112	0.027186	0.007682	0.025692	0.013345	0.02204	0.012424	0.035548	0.032891	0.024989	0.006766	0.020097	0.015908	0.03202	0.036439	0.034323	0.036969	0.00167	0.023616	0.019094	0.015676	0.018712	0.014995	0.031596	0.000966	0.024629	0.017823	0.031215	0.009364	0.031818	0.030305	0.023502	0.002049	0.031787	0.006841	0.003874	0.003036	0.036334	0.026549	0.031994	0.037852	0.017742	0.021221	0.027246	
0.004679	0.020841	0.017093	0.006368	0.026239	0.025743	0.002387	0.001809	0.000766	0.01939	0.013616	0.037346	0.026519	0.027376	0.018016	0.02085	0.033063	0.027542	0.034414	0.022211	0.006539	0.023018	0.011641	0.027661	0.010229	0.011341	0.01854	0.03893	0.027536	0.024139	0.039021	0.010595	0.032013	0.011286	0.034214	0.031089	0.006467	0.025355	0.024296	0.008929	0.017937	3.8e-05	0.025032	0.012992	0.021734	0.040893	0.005612	0.010893	0.036817	0.018945	
0.029668	0.018022	0.017633	0.032391	0.020985	0.029798	0.035297	0.006157	0.030618	0.023713	0.005357	0.031144	0.022246	0.012767	0.023298	0.011972	0.021848	0.016808	0.032555	0.014558	0.011655	0.019985	0.008162	0.005701	0.026881	0.023928	0.035878	0.016138	0.026759	0.014355	0.003912	0.000875	0.014227	0.008017	0.020134	0.024385	0.032868	0.022563	0.016691	0.025437	0.000649	0.036371	0.024631	0.007618	0.030963	0.037331	0.02631	0.019102	0.009969	0.01167	
0.03468	0.020888	0.005225	0.014077	0.026643	0.022862	0.005542	0.011542	0.00531	0.033726	0.034097	0.016393	0.026631	0.011978	0.0199	0.002214	0.02167	0.020991	0.036933	0.002115	0.029363	0.028424	0.009713	0.015027	0.024816	0.030231	0.023342	0.018567	0.034413	0.007305	0.033567	0.029578	0.007488	0.00777	0.028119	0.004578	0.010691	0.031439	0.016165	0.015821	0.024361	0.013838	0.037199	0.01543	0.02471	0.022331	0.008404	0.008622	0.029767	0.035504	
0.026519	0.020169	0.009494	0.035018	0.010236	0.007327	0.040134	0.01407	0.038055	0.0011	0.021604	0.030853	0.026006	0.004397	0.018629	0.016852	0.022315	0.028152	0.029814	0.018967	0.005877	0.023803	0.00332	0.036707	0.033892	0.003034	0.024486	0.033421	0.038892	0.020281	0.027846	0.018534	0.005261	0.001335	0.031331	0.015027	0.005239	0.01505	0.00629	0.017669	0.036908	0.026105	0.015244	0.013584	0.02819	0.017512	0.011265	0.004757	0.02162	0.037809	
0.01015	0.03085	0.039388	0.005942	0.0125	0.00579	0.032291	0.036554	0.008929	0.010718	0.024373	0.032947	0.026783	0.007766	0.004975	0.016093	0.033657	0.029577	0.008472	0.025394	0.004873	0.025216	0.025262	0.011182	0.036607	0.015155	0.01165	0.025381	0.034623	0.040058	0.020563	0.002469	0.00458	0.019873	0.000702	0.028713	0.029264	0.040031	0.035499	0.022233	0.017402	0.011496	0.004808	0.027866	0.033224	0.016307	0.002945	0.00842	0.021799	0.01865	
0.014269	0.040611	0.023395	0.028293	0.009628	0.013664	0.019051	0.028649	0.01921	0.016845	0.018278	0.032452	0.029945	0.013505	0.012878	0.02232	0.026981	0.025431	0.017246	0.000118	0.017766	0.039999	0.038754	0.010451	0.016792	0.034386	0.023751	0.007566	0.002963	0.011959	0.031208	0.02594	0.037657	0.031621	0.017763	0.001382	0.00418	0.008942	0.012244	0.005301	0.028156	0.011579	0.028716	0.000393	0.029028	0.010788	0.00782	0.015809	0.040682	0.033635	
0.016361	0.013119	0.038057	0.028744	0.026317	0.00688	0.014216	0.031943	0.004373	0.017013	0.020118	0.036158	0.01723	0.017687	0.021569	0.022654	0.031425	0.021034	0.032562	0.00447	0.018765	0.024921	0.012653	0.019801	0.017814	0.017412	0.033188	0.035254	0.013178	0.019496	0.025853	0.014738	0.027241	0.031096	0.013522	0.007832	0.014037	0.005441	0.03439	0.005887	0.01199	0.015799	0.033789	0.024655	0.035679	0.009886	0.027109	0.0171	0.004243	0.005301	
0.004814	0.034244	0.019939	0.003417	0.024708	0.001893	0.026344	0.027961	0.020261	0.030291	0.004022	0.02359	0.036733	0.029264	0.01371	0.032248	0.003489	0.015723	0.03198	0.001064	0.004904	0.0136	0.006045	0.042687	0.03057	0.008566	0.024866	0.008156	0.006653	0.001531	0.042254	0.012065	0.012154	0.041949	0.007425	0.039833	0.020702	0.030559	0.036945	0.036482	0.015579	0.016146	0.028699	0.001849	0.024128	0.005117	0.017019	0.016514	0.028662	0.032646	
0.039159	0.002295	0.040366	0.034306	0.011304	0.017889	0.014666	0.00926	0.014203	0.004798	0.016907	0.035698	0.001132	0.030234	0.028484	0.018251	0.038939	0.006961	0.00492	0.027045	0.023818	0.003598	0.008955	0.011555	0.034678	0.012656	0.03725	0.02834	0.029299	0.01045	0.001248	0.003833	0.039943	0.023466	0.015451	0.015808	0.036835	0.032466	0.000307	0.000147	0.028097	0.020258	0.03058	0.011909	0.037025	0.037202	0.016273	0.016407	0.010263	0.025066	
0.00276	0.021694	0.020004	0.028874	0.018632	0.005668	0.01667	0.029591	0.013656	0.033988	0.016063	0.028691	0.031394	0.033638	0.00522	0.007676	0.014481	0.033111	0.012574	0.020533	0.02696	0.009411	0.008062	0.027536	0.019999	0.015344	0.026715	0.033692	0.033909	0.028427	0.000991	0.016647	0.009375	0.009683	0.030106	0.031615	0.011949	0.023086	0.005833	0.027401	0.035421	0.012384	0.029058	0.012996	0.013853	0.033943	0.012736	0.029372	0.010567	0.018011	
0.011243	0.009052	0.034275	0.019257	0.035009	0.000843	0.021473	0.009574	0.000362	0.013611	0.030583	0.005628	0.006883	0.021897	0.01364	0.030794	0.004778	0.021634	0.032676	0.012751	0.036241	0.025319	0.021119	0.033343	0.032144	0.022365	0.005671	0.03383	0.034018	0.010391	0.034783	0.012757	0.025473	0.00062	0.023496	0.029953	0.016914	0.029949	0.035945	0.001555	0.035	0.013261	0.028098	0.005109	0.009472	0.013616	0.027865	0.009512	0.037432	0.018786	
0.026649	0.0038	0.029908	0.031704	0.019017	0.016441	0.021225	0.025728	0.012356	0.002267	0.016427	0.035718	0.017824	0.03247	0.021383	0.023571	0.023225	0.023294	0.014431	0.030688	0.020962	0.031224	0.022837	0.017618	0.027596	0.001584	0.020052	0.034489	0.014833	0.007899	0.030602	0.034945	0.016499	0.019537	0.018432	0.015625	0.020489	0.00182	0.000425	0.016106	0.035599	0.030314	0.024856	0.0117	0.020563	0.024478	0.007199	0.003841	0.021916	0.017834	
0.013986	0.00487	0.03903	0.036722	0.036321	0.012361	0.029997	0.01263	0.021337	0.001219	0.003467	0.030293	0.006495	0.000928	0.009814	0.021227	0.032563	0.025417	0.034544	0.010178	0.01914	0.006312	0.015055	0.019878	0.002543	0.03789	0.03537	0.017029	0.00877	0.032571	0.008229	0.029054	0.006309	0.032292	0.021672	0.030219	0.041135	0.023397	0.021639	0.019872	0.037508	0.024208	0.001732	0.011571	0.015535	0.00654	0.017985	0.033887	0.00921	0.030049	
0.003245	0.009907	0.021499	0.025445	0.026706	0.001657	0.019284	0.016765	0.018021	0.030027	0.033416	0.009913	0.016903	0.028394	0.025279	0.018142	0.033764	0.031229	0.025788	0.018383	0.022971	0.034758	0.011738	0.004414	0.035917	0.025817	0.016042	0.017953	0.035966	0.013444	0.02705	0.028124	0.010996	0.018314	0.028836	0.009227	0.024713	0.016727	0.034758	0.002708	0.006083	0.008073	0.019398	0.009375	0.005941	0.033331	0.002932	0.031297	0.013483	0.035847	
0.006446	0.012247	0.02978	0.024244	0.017837	0.037773	0.013501	0.029493	0.003265	0.035198	0.019152	0.009494	0.02698	0.013392	0.038239	0.044833	0.026207	0.011159	0.012935	0.011348	0.022198	0.016435	0.002228	0.019058	0.010519	0.009505	0.037547	0.03598	0.004009	0.010759	0.022621	0.029728	0.01083	0.015651	0.027792	0.009187	0.04396	0.018239	0.022155	0.034076	0.013944	0.000839	0.02194	0.00155	0.00458	0.001841	0.017977	0.043076	0.044037	0.024216	
0.026879	0.005241	0.033208	0.013442	0.007363	0.020867	0.038779	0.003098	0.000669	0.009865	0.032212	0.001314	0.031819	0.034335	0.011791	0.001464	0.018753	0.03009	0.035367	0.007307	0.026801	0.020354	0.032553	0.009558	0.028783	0.003443	0.032134	0.022639	0.011649	0.040596	0.019904	0.003238	0.016479	0.037219	0.016112	0.00729	0.014485	0.006396	0.03972	0.007373	0.027562	0.022985	0.021185	0.038063	0.012235	0.022674	0.02321	0.028017	0.012071	0.031409	
0.015216	0.028802	0.042917	0.017948	0.034256	0.030367	0.023943	0.003442	0.020188	0.004964	0.004546	0.023603	0.002214	0.02891	0.023311	0.010983	0.020683	0.037191	0.023207	0.020081	0.031668	0.006665	0.047435	0.01808	0.009498	6.6e-05	0.008548	0.041805	0.011724	0.003225	0.013614	0.017527	0.012064	0.037837	0.009838	0.009778	0.007029	0.018353	0.022726	0.016885	0.046216	0.017811	0.003644	0.015429	0.037469	0.012327	0.000211	0.041186	0.029514	0.035056	
0.01483	0.001347	0.037218	0.041688	0.010726	0.022026	0.029485	0.026124	0.01347	0.034003	0.005287	0.002484	0.038959	0.01943	0.006407	0.040876	0.016281	0.021026	0.010165	0.038141	0.003755	0.006177	0.038341	0.016077	0.037171	0.001268	0.037154	0.031703	0.023878	0.019829	0.040981	0.018516	0.012625	0.029865	0.022871	0.000844	0.017947	0.009489	0.006315	0.024752	0.008872	0.001296	0.007329	0.040723	0.024094	0.003396	0.035369	0.017882	0.027241	0.004267	
0.012645	0.036798	0.013515	0.022871	0.022609	0.028267	0.028115	0.00092	0.004226	0.008145	0.034081	0.018072	0.031198	0.011438	0.031544	0.028715	0.038433	0.025199	0.029466	0.020092	0.013633	0.017118	0.0307	0.032258	0.006445	0.012642	0.011857	0.003353	0.037165	0.003074	0.034676	0.03092	0.022401	0.023443	0.025346	0.036151	0.000116	0.034089	0.003785	0.001185	0.005171	0.021856	0.010525	0.002672	0.025685	0.027763	0.023743	0.01319	0.005374	0.037315	
0.008046	0.025704	0.030516	0.000724	0.006986	0.010941	0.03524	0.025876	0.033497	0.032984	0.02527	0.00628	0.031214	0.005047	0.006566	0.03407	0.026654	0.03601	0.038346	0.004274	0.014805	0.023784	0.038756	0.018304	0.001853	0.030619	0.023043	0.017629	0.025554	0.033304	0.038561	0.011807	0.023102	0.008067	0.013198	0.014725	0.009609	0.036046	0.003326	0.019897	0.000578	0.001283	0.012027	0.011488	0.010101	0.029218	0.019445	0.03833	0.009509	0.037787	
0.018628	0.025834	0.031356	0.019161	0.009352	0.009943	0.023406	0.031637	0.012449	0.019516	0.025409	0.018689	0.023708	0.020425	0.014384	0.015627	0.019268	0.032077	0.0138	0.031142	0.021779	0.029493	0.019623	0.029525	0.000475	0.027827	0.029502	0.011388	0.02963	0.027261	0.002227	0.003287	0.031869	0.011105	0.004492	0.031351	0.020781	0.012239	0.016185	0.025279	0.016016	0.028417	0.013285	0.015554	0.021309	0.007541	0.017497	0.030859	0.025253	0.02314	
0.016795	0.016207	0.027622	0.028651	0.015742	0.019195	0.007171	0.027844	0.024757	0.02386	0.000315	0.032545	0.02432	0.018218	0.008915	0.00857	0.023461	0.016297	0.032623	0.008111	0.000625	0.019637	0.028347	0.034802	0.012329	0.017634	0.021306	0.021608	0.027992	0.021262	0.02238	0.017327	0.032621	0.036403	0.004974	0.018059	0.033529	0.020841	0.009484	0.002707	0.029885	0.012022	0.027119	0.025462	0.026791	0.013955	0.026296	0.025518	0.019024	0.008842	
0.021535	0.030808	0.016449	0.021011	0.021278	0.03337	0.039538	0.019494	0.03478	0.021495	0.024166	0.003102	0.00394	0.043422	0.023484	0.041755	0.007891	0.022108	0.02035	0.01916	0.006427	0.014041	0.03089	0.014059	0.031415	0.005994	0.008532	0.001899	0.014869	0.012234	0.021623	0.001307	0.037632	0.007814	0.019853	0.008958	0.00086	0.00768	0.034577	0.013707	0.011018	0.00757	0.012078	0.042715	0.022508	0.008802	0.045027	0.037724	0.022847	0.026204	
0.029923	0.027448	0.007961	0.014557	0.028785	0.027813	0.036651	0.019702	0.003733	0.033245	0.035177	0.01464	0.018791	0.011349	0.028968	0.010034	0.025381	0.011535	0.015792	0.003601	0.03764	0.020675	0.024986	0.023587	0.002635	0.027851	0.029937	0.02829	0.029386	0.016422	0.005982	0.036689	0.018917	0.036806	0.005629	0.004477	0.01286	0.019958	0.038447	0.01528	0.010106	0.008538	0.018501	0.027066	0.00556	0.017172	0.022589	0.000678	0.027213	0.021037	
0.037718	0.0302	0.028913	0.003897	0.037039	0.002635	0.018998	0.017368	0.013955	0.030366	0.033406	0.029132	0.009069	0.03242	0.008484	0.01647	0.02959	0.00319	0.034923	0.014269	0.019246	0.002507	0.038812	0.025216	0.030012	0.033979	0.008113	0.017231	0.011813	0.016464	0.01978	0.017403	0.007837	0.022376	0.021439	0.024135	0.035171	0.005647	0.025252	0.016536	0.008017	0.000523	0.015135	0.03031	0.012011	0.010129	0.008271	0.024343	0.024616	0.035634	
0.030197	0.006744	0.022224	0.031641	0.002651	0.026862	0.007959	0.046535	0.046216	0.038689	0.00674	0.012782	0.007855	0.020413	0.017158	0.011857	0.012587	0.014415	0.052283	0.048258	0.00131	0.018792	0.009338	0.00886	0.021286	0.009299	0.015569	0.00963	0.050953	0.031094	0.030336	0.016891	0.028588	0.003345	0.001558	0.000121	0.012328	0.015274	0.013496	0.029749	0.020138	0.048713	0.006523	0.001438	0.016455	0.030951	0.023762	0.03256	0.00149	0.026087	
0.015934	0.029648	0.023346	0.012588	0.021723	0.019722	0.025438	0.024456	0.028841	0.031346	0.033203	0.019478	0.006232	0.001746	0.00812	0.027988	0.027094	0.006003	0.01333	0.025413	0.035206	0.034613	0.020526	0.019278	0.02615	0.028586	0.01096	0.003021	0.026355	0.014473	0.032267	0.005733	0.015434	0.016649	0.014249	0.004734	0.015386	0.009409	0.032168	0.01281	0.024142	0.019917	0.032937	0.025501	0.012666	0.015584	0.011742	0.013514	0.030295	0.034046	
0.000817	0.033843	0.020694	0.020579	0.037726	0.037779	0.009834	0.004624	0.025003	0.013476	0.025868	0.017277	0.001788	0.021087	0.040539	0.039098	0.001897	0.01581	0.033666	0.001171	0.027305	0.000409	0.031913	0.017566	0.010013	0.024182	0.032171	0.034309	0.034694	0.032916	0.039271	0.009256	0.011226	0.016687	0.010025	0.021728	0.031247	0.007056	0.019596	0.034526	0.030914	0.012045	0.012721	0.023036	0.015581	0.027367	0.000302	0.00747	0.014293	0.007599	
0.042145	0.000299	0.017699	0.020802	0.024004	0.006075	0.002892	0.006098	0.028485	0.025399	0.007048	0.037427	0.001585	0.021914	0.039116	0.028901	0.005885	0.032653	0.008948	0.036356	0.044891	0.001263	0.021381	0.041556	0.007902	0.007173	0.02216	0.002743	0.015581	0.045499	0.023744	0.003445	0.011643	0.029744	0.029006	0.040019	0.005198	0.031456	0.013922	0.019315	0.006319	0.012432	0.009021	0.031223	0.023856	0.039949	0.033668	0.014792	0.002821	0.014547	
0.011376	0.039454	0.019162	0.005426	0.024597	0.013063	0.00674	0.038561	0.007854	0.023634	0.027725	0.026385	0.013459	0.040314	0.034416	0.022788	0.010275	0.010869	0.007232	0.011528	0.006162	0.036588	0.016194	0.001351	0.027238	0.008833	0.004484	0.016595	0.018658	0.028702	0.03162	0.000561	0.016542	0.036662	0.036919	0.010788	0.016996	0.014811	0.021559	0.025579	0.024681	0.029141	0.002546	0.043151	0.00664	0.012787	0.035968	0.026733	0.026246	0.020407	
0.02833	0.009362	0.007127	0.031445	0.031726	0.009862	0.006294	0.035001	0.005374	0.011737	0.023815	0.028871	0.020213	0.017964	0.003367	0.024707	0.000612	0.03303	0.027947	0.022217	0.004219	0.009036	0.0211	0.027867	0.011042	0.008081	0.027626	0.029691	0.02216	0.016884	0.011045	0.031325	0.03235	0.030369	0.032826	0.028978	0.002301	0.002064	0.027951	0.008874	0.012691	0.005244	0.027647	0.01415	0.023321	0.03683	0.02677	0.039256	0.029081	0.02022	
0.012062	0.019491	0.028217	0.003498	0.033402	0.033194	0.02665	0.032193	0.030697	0.024205	0.011284	0.017479	0.033709	0.005298	0.029254	0.01876	0.022131	0.033315	0.001529	0.001506	0.025579	0.010983	0.03042	0.012784	0.018817	0.016722	0.027153	0.01594	0.005167	0.032716	0.015963	0.001293	0.033354	0.001037	0.013297	0.024331	0.011956	0.014263	0.029211	0.023872	0.022178	0.020475	0.028497	0.032315	0.027611	0.010679	0.030662	0.008065	0.024586	0.0122	
0.029144	0.010518	0.031255	0.016529	0.017931	0.001421	0.013882	0.038153	0.001217	0.012843	0.02675	0.028866	0.03303	0.026152	0.00973	0.020811	0.031045	0.011197	0.025976	0.033492	0.036353	0.013861	0.006692	0.022867	0.032871	0.001107	0.01482	0.013228	0.007021	0.037615	0.01067	0.007532	0.033445	0.02557	0.003965	0.00542	0.022942	0.019406	0.015923	0.030978	0.026813	0.020194	0.014672	0.029589	0.003823	0.035085	0.001992	0.02668	0.020597	0.038327	
0.004986	0.041202	0.024087	0.001364	0.002269	0.033353	0.034609	0.017411	0.037303	0.028062	0.004724	0.032971	0.040755	0.002014	0.022736	0.011444	0.026798	0.044882	0.00586	0.037525	0.036938	0.023546	0.012654	0.025943	0.021713	0.024521	0.033808	0.013232	0.020014	0.005488	0.016897	0.007013	0.013514	0.02499	0.013757	0.041189	0.02531	0.034334	0.01006	0.003196	0.008937	0.013501	0.022043	0.005625	0.000668	0.025581	0.004382	0.003003	0.027688	0.0261	
0.0393	0.026281	0.027663	0.009703	0.041403	0.039446	0.014443	0.040178	0.023603	0.003888	0.024836	0.013862	0.013797	0.022142	0.005208	0.00616	0.026892	0.036122	0.023773	0.036755	0.028787	0.022415	0.003682	0.03727	0.002869	0.011784	0.042399	0.00852	0.000194	0.022974	0.024133	0.000315	0.006818	0.002231	0.044801	0.031345	0.002165	0.016894	0.003858	0.019589	0.037515	0.014018	0.012463	0.01121	0.02079	0.037264	0.002706	0.016238	0.036417	0.002881	
0.037265	0.018579	0.021653	0.024374	0.003578	0.024674	0.023284	0.011045	0.006177	0.020501	0.009898	0.003392	0.010181	0.027084	0.00339	0.0038	0.039291	0.018469	0.016555	0.035697	0.005706	0.012827	0.012841	0.026241	0.031838	0.0344	0.009323	0.008066	0.001671	0.025952	0.011973	0.040872	0.005826	0.017917	0.038135	0.016435	0.033661	0.009663	0.03063	0.023367	0.033733	0.037733	0.014875	0.01496	0.034479	0.011586	0.040315	0.026826	0.006685	0.022577	
0.022751	0.003514	0.034509	0.03495	0.024659	0.030081	0.028817	0.025712	0.033444	0.024904	0.017195	0.027525	0.018408	0.021922	0.001643	0.034031	0.01605	0.030703	0.005033	0.023405	0.024664	0.000178	0.029498	0.011815	0.011448	0.017227	0.012655	0.031221	0.033888	0.004968	0.002752	0.013896	0.019207	0.023718	0.014043	0.008311	0.017247	0.034487	0.00246	0.02558	0.028819	0.029343	0.012255	0.025988	0.02883	0.007116	0.018541	0.014907	0.011873	0.023809	
0.025149	0.027972	0.01066	0.03277	0.032297	0.034522	0.02021	0.031265	0.010659	0.017534	0.00656	0.018589	0.033024	0.002337	0.013808	0.020717	0.017499	0.012464	0.011905	0.018678	0.024369	0.033129	0.020273	0.015495	0.00902	0.018897	0.002262	0.016226	0.013605	0.026156	0.007651	0.020742	0.025728	0.028027	0.034935	0.016246	0.01851	0.034161	0.013299	0.027948	0.025163	0.031504	0.011185	0.033738	0.00553	0.028421	0.018061	0.016384	0.004714	0.020002	
0.020752	0.026695	0.035043	0.005292	0.027429	0.020204	0.008638	0.016123	0.011861	0.011896	0.000681	0.012115	0.00387	0.017393	0.031873	0.020039	0.00851	0.022949	0.022359	0.002394	0.029337	0.036557	0.016663	0.01535	0.016379	0.001689	0.030734	0.016359	0.030361	0.026992	0.007032	0.032817	0.020445	0.032734	0.036378	0.032832	0.033463	0.001739	0.022864	0.02198	0.025151	0.014375	0.028794	0.022398	0.002968	0.025058	0.026757	0.02475	0.006798	0.03413	
0.026168	0.013327	0.023106	0.013785	0.028623	0.004346	0.008618	0.011204	0.021191	0.021573	0.007032	0.018804	0.01214	0.003157	0.026845	0.015301	0.031241	2.7e-05	0.013171	0.034911	0.015808	0.032516	0.016199	0.008099	0.001647	0.038221	0.009571	0.013948	0.010446	0.01374	0.02118	0.025415	0.02761	0.026673	0.030502	0.02913	0.034026	0.015803	0.029164	0.027129	0.02137	0.021077	0.024753	0.031394	0.026926	0.034194	0.03794	0.012897	0.003463	0.024589	
0.029281	0.039275	0.015689	0.030385	0.037873	0.018691	0.026225	0.030452	0.023475	0.022051	0.002546	0.025328	0.014206	0.002385	0.01059	0.037522	0.015765	0.031352	0.012284	0.002046	0.0223	0.039165	0.012282	0.023989	0.004475	0.006836	9.1e-05	0.037108	0.025769	0.010322	0.025527	0.038888	0.000874	0.01055	0.002836	0.035501	0.02488	0.036001	0.003299	0.036347	0.004234	0.011056	0.025667	0.011356	0.033422	0.016003	0.034736	0.015091	0.009059	0.014915	
0.036519	0.019871	0.034809	0.022221	0.009	0.02304	0.010205	0.015158	0.015325	0.016901	0.029413	0.002237	0.017754	0.009325	0.003592	0.023296	0.017071	1e-05	0.030762	0.025845	0.028699	0.034253	0.026832	0.014617	0.007069	0.016703	0.016751	0.003544	0.009512	0.006774	0.014209	0.041179	0.0331	0.008714	0.024524	0.034856	0.025187	0.006182	0.002549	0.030229	0.037962	0.03991	0.022735	0.011791	0.026964	0.033591	0.03469	0.002298	0.029033	0.013189	
0.038299	0.004313	0.013313	0.033665	0.016631	0.029072	0.035032	0.02795	0.035347	0.011441	0.008411	0.030808	0.026155	0.022241	0.001419	0.034249	0.014857	0.020997	0.038164	0.020707	0.020941	0.000272	0.035253	0.01341	0.035812	0.008427	0.026419	0.002425	0.022192	0.019124	0.019679	0.012973	0.003632	0.001049	0.02061	0.012782	0.004452	0.006067	0.016531	0.012085	0.0104	0.036418	0.008769	0.038211	0.012874	0.025804	0.023859	0.025719	0.032465	0.028275	
0.026495	0.012978	0.015982	0.0167	0.024245	0.00449	0.013909	0.003529	0.041409	0.018182	0.038712	0.039605	0.012816	0.034569	0.039333	0.010025	0.010148	0.013857	0.001641	0.003047	0.006399	0.025221	0.035515	0.037899	0.029231	0.015656	0.020482	0.027485	0.015771	0.033106	0.01293	0.009104	0.029338	0.034436	0.007736	0.003301	0.020369	0.027435	0.006798	0.003573	0.017644	0.020841	0.013523	0.03774	0.001635	0.028561	0.038934	0.01668	0.03424	0.006745	
0.040311	0.029839	0.010056	0.03529	0.004441	0.001999	0.001635	0.014679	0.000238	0.033401	0.022788	0.017793	0.018916	0.007763	0.029504	0.001638	0.025001	0.009709	0.036731	0.040193	0.010568	0.015107	0.013625	0.027427	0.011315	0.026818	0.036487	0.016614	0.032761	0.015639	0.040173	0.016715	0.022546	0.010288	0.027972	0.033238	0.023236	0.035396	0.010427	0.014394	0.003383	0.035169	0.026415	0.008965	0.037119	0.006633	0.004971	0.034697	0.009644	0.010333	
0.034583	0.012847	0.013161	0.014581	0.031797	0.030303	0.021702	0.033491	0.032296	0.014646	0.010174	0.035008	0.013837	0.026595	0.020208	0.002745	0.021898	0.018246	0.031164	0.007228	0.031933	0.020988	0.005346	0.032364	0.03128	0.029625	0.027166	0.013111	0.020869	0.024851	0.034335	0.006097	0.0171	0.031907	0.011564	0.020136	0.006628	0.025724	0.013016	0.025027	0.025136	0.031328	0.006487	0.024679	0.002285	0.018957	0.011335	0.001471	0.002415	0.02033	
0.032463	0.032588	0.0076	0.029615	0.007871	0.029954	0.022816	0.031361	0.019371	0.013278	0.000887	0.034342	0.037103	0.024274	0.021231	0.010195	0.011432	0.03141	0.000915	0.014818	0.01912	0.019439	0.028054	0.012709	0.000793	0.000985	0.027728	0.014456	0.000141	0.0296	0.031	0.010701	0.025006	0.001368	0.037014	0.028805	0.016523	0.008928	0.001584	0.026963	0.038694	0.030571	0.022439	0.017853	0.033042	0.008527	0.004554	0.013133	0.037575	0.039171	
0.96