50
2
0.439273	-0.612871	-0.567854	-0.608056	0.434022	-0.07881	0.74745	-0.071796	0.902477	-0.355406	-0.785274	-0.543079	-0.460515	0.092564	0.618894	0.274565	-0.014608	0.911338	0.882358	0.435616	0.66089	0.528669	0.516724	-0.909213	-0.589343	0.590692	-0.549779	0.07504	0.632784	0.833006	-0.626703	0.905893	-0.766417	-0.461647	0.331771	-0.937626	0.816835	0.65866	-0.472863	0.914431	0.059303	0.77354	0.270403	0.963679	0.22523	-0.32795	0.984355	0.666577	0.917478	0.619226	
-0.345068	-0.52714	0.428431	-0.902993	0.139712	-0.809428	0.810098	-0.824525	0.334031	-0.976276	-0.905161	-0.076545	0.809118	0.072598	-0.742802	-0.282209	0.482203	-0.037429	0.386984	-0.453941	0.487389	-0.127675	-0.739528	0.060421	-0.98135	0.56565	-0.285769	0.792467	0.909736	-0.547475	-0.067075	-0.160283	0.300649	0.865899	-0.778144	-0.603641	0.52081	-0.717064	-0.209918	-0.945129	0.169736	-0.79002	-0.680695	0.590392	-0.669698	0.953607	0.28089	0.537718	0.89116	0.512652	
-0.968975	0.813455	0.955336	0.343899	0.012792	-0.037979	0.914351	-0.119618	-0.58799	0.918273	0.437507	0.416684	-0.682992	0.425962	-0.156179	-0.380656	-0.727258	-0.192927	-0.515782	0.792664	-0.349253	-0.286044	0.7435	-0.731444	0.451555	0.724601	-0.684498	-0.015993	0.551597	0.312479	-0.296429	-0.869775	0.475437	-0.352342	0.029185	0.839437	0.934253	0.046964	0.068184	-0.83247	0.171077	0.324798	-0.192432	-0.227162	0.540127	0.917435	-0.810428	-0.820608	-0.405858	0.646837	
0.456048	-0.730295	-0.006918	-0.393825	-0.52686	-0.983388	-0.557702	-0.894972	0.30067	-0.987998	-0.144251	0.698813	0.99443	-0.559189	-0.456819	-0.514239	0.894724	-0.601678	0.256161	-0.461662	0.068531	0.060237	-0.314093	-0.658157	0.401015	0.601603	0.744728	0.537702	0.027124	0.267286	-0.864345	0.157225	-0.717707	-0.154333	0.12197	0.601722	0.727113	-0.227334	0.229333	-0.52559	0.294433	0.39142	0.4251	0.540477	0.262571	-0.049136	0.850763	0.50896	-0.058017	0.626856	
0.865099	0.935346	-0.979049	-0.677487	0.141878	-0.170898	-0.017857	-0.788991	0.421771	0.585172	-0.764714	0.507168	0.708917	0.608284	0.704831	0.217106	-0.611858	0.285207	-0.537867	-0.849032	0.888504	0.718674	-0.244137	-0.828804	-0.227824	-0.464827	-0.967924	0.684144	0.001221	-0.209392	-0.613629	0.654708	-0.639475	-0.884402	0.301837	-0.35804	-0.693384	-0.400622	-0.11972	0.254501	-0.375726	-0.929758	-0.177397	-0.831069	-0.396463	0.960876	0.496846	0.439909	0.407766	-0.492677	
-0.708537	0.05627	0.770446	0.599892	0.450966	-0.853075	0.859256	-0.244183	0.995446	-0.74342	0.386511	-0.01035	0.146885	0.228044	0.061232	0.636751	0.113164	-0.993564	-0.500543	-0.897264	-0.662046	-0.561638	0.686176	0.080734	-0.115591	0.537094	-0.972438	-0.747941	-0.860802	0.129668	-0.410566	-0.417244	-0.128421	0.49688	-0.501739	0.178547	-0.233183	-0.670339	0.939283	-0.264533	0.823108	0.268921	0.835732	0.632506	0.963454	-0.062182	-0.517717	0.522106	-0.03961	0.704461	
0.785058	0.531014	-0.762976	0.813758	-0.280038	0.370497	-0.702385	0.213083	0.346363	-0.509743	-0.320092	-0.239113	0.539709	0.622063	-0.014498	0.119753	0.222744	0.366571	0.998041	-0.624224	0.941349	0.615908	-0.721501	0.184388	0.948138	-0.108559	0.179726	0.468469	0.954122	-0.763334	-0.064747	0.426643	-0.322456	0.765495	-0.207245	-0.062663	-0.879914	-0.89874	0.106366	-0.775238	-0.467836	-0.512928	-0.250424	0.466644	0.121358	0.078507	0.452887	0.987315	0.961222	0.153556	
-0.919727	0.633696	-0.047138	-0.569014	-0.140866	-0.69435	0.179912	0.869357	0.172182	0.89752	-0.379616	-0.115017	0.377894	0.339977	-0.360378	-0.323331	0.422615	0.423262	-0.718934	-0.999121	0.054388	-0.073904	-0.517143	-0.401788	0.050596	-0.386024	-0.935146	-0.967775	-0.489763	0.826819	-0.830624	-0.48016	0.90631	-0.322557	0.990862	-0.419166	0.849166	0.183363	-0.884253	0.371643	-0.647188	0.228671	0.624431	-0.799374	0.032155	-0.130784	0.115853	0.432423	0.667298	0.382825	
0.851107	0.917989	0.318649	-0.983738	-0.989923	-0.426966	-0.113605	0.153536	0.370761	-0.748583	0.868195	-0.20112	-0.892031	0.512731	0.783259	-0.659651	0.16416	0.41128	0.625945	0.194102	0.402299	0.659444	-0.111486	-0.183295	0.057412	-0.793167	0.509788	-0.300746	-0.029893	-0.167028	0.850917	0.148282	0.231631	0.393164	0.230944	0.963183	0.690251	-0.95181	-0.806601	-0.215197	0.853754	-0.989321	-0.268526	0.939821	0.537347	-0.958253	0.63383	-0.619314	0.836225	-0.248876	
0.030946	0.311963	0.419942	-0.579357	-0.647226	0.532712	-0.447808	-0.766729	0.804471	-0.740218	0.612757	0.186369	0.622755	0.691654	-0.165756	-0.722662	-0.177342	-0.204316	0.146298	0.329263	-0.990285	-0.283217	-0.044283	-0.890495	-0.250026	0.249538	-0.109869	-0.703587	-0.501115	-0.184217	0.328928	-0.295635	-0.27162	-0.349798	0.012299	-0.133701	-0.316357	-0.020007	-0.047674	-0.115431	0.993893	0.464166	0.656924	0.100826	-0.072204	-0.329841	-0.394405	0.894709	0.621228	-0.47799	
0.735419	-0.030645	0.738171	-0.958995	-0.776187	-0.404192	0.199337	0.208775	0.037095	0.341791	0.225923	-0.559527	-0.583857	-0.154135	-0.581803	-0.629651	-0.952056	0.752147	-0.71744	0.694312	-0.529767	-0.971909	-0.382498	-0.625108	0.566277	0.562766	-0.633114	0.911035	-0.112645	-0.812925	0.172185	-0.858247	-0.822234	0.879242	-0.847809	-0.403787	0.505164	0.561361	0.046536	0.288035	-0.986224	0.568527	-0.889422	0.368549	-0.503968	-0.776548	-0.817625	0.277642	0.76445	-0.259953	
-0.446103	-0.5877	0.976188	-0.026698	0.989193	-0.931777	-0.701168	-0.897286	0.768686	0.626227	-0.768979	-0.474913	-0.748193	0.797036	-0.76316	-0.618063	0.083408	-0.39165	-0.059455	0.030986	0.963103	0.661318	-0.72702	0.093507	0.774199	0.699317	0.760736	-0.853625	0.882052	-0.400355	-0.025403	0.062218	0.464677	-0.378358	0.337331	-0.977857	0.668621	-0.182545	-0.32022	0.937736	0.700744	0.784418	-0.278091	-0.476691	-0.058873	-0.607466	-0.047218	-0.443149	-0.646576	-0.112693	
-0.020303	0.068251	-0.594183	-0.224193	0.723322	0.558315	-0.014769	-0.354416	0.980592	0.676688	0.431067	-0.527224	-0.970333	0.883369	0.269559	-0.354455	-0.183416	0.093918	-0.374876	0.781006	-0.146818	0.763592	-0.222355	-0.427315	0.320249	0.954566	-0.841077	-0.615381	-0.355944	0.106852	-0.836763	0.812722	0.917392	-0.442531	-0.165681	0.28054	0.056002	-0.005423	0.437752	-0.47085	0.229913	-0.806329	0.377792	-0.56619	0.859981	-0.817487	-0.877355	-0.299828	-0.382997	-0.857067	
0.587899	0.9228	0.582317	-0.161854	0.458917	-0.949396	0.157382	-0.580834	0.44646	-0.095461	0.970193	-0.827324	0.85528	0.401786	0.557142	0.287491	-0.047987	-0.585381	-0.919798	0.235948	-0.408082	0.56667	0.02416	-0.622839	-0.418132	0.389153	0.698113	0.442583	-0.160411	-0.908757	0.966848	0.019735	0.471213	-0.358047	0.410884	0.494781	-0.235901	-0.00807	0.304377	0.525048	-0.376111	-0.998621	0.376784	-0.080819	-0.142787	-0.513144	0.051618	0.222076	-0.907361	-0.860861	
-0.771653	0.735544	0.540703	0.944745	0.980411	0.793693	-0.622844	-0.417273	-0.479147	0.753176	-0.281508	-0.021495	-0.866545	0.683853	0.939368	0.345368	-0.512383	-0.966116	0.070251	0.692203	0.64333	-0.972942	-0.192034	-0.471107	0.668893	0.51277	0.454846	0.873478	-0.599758	-0.559411	0.655342	-0.33296	0.227513	0.392893	-0.608599	-0.294262	0.326598	-0.217608	0.828444	0.770244	0.903715	-0.790907	0.115997	0.192932	0.840741	0.769568	-0.5575	0.977832	0.257369	0.456829	
0.394377	0.257994	0.006965	-0.450964	-0.143502	-0.905464	-0.355732	-0.203735	-0.944661	-0.120326	-0.923048	-0.445464	-0.726356	0.365899	0.016718	0.691373	0.076074	-0.903722	-0.457876	0.874333	-0.338026	0.325782	0.026651	-0.652803	-0.384367	-0.025575	-0.342442	0.200364	-0.361265	0.770223	-0.731183	-0.694691	-0.170293	-0.164671	0.504836	0.066654	-0.910896	0.044297	-0.676802	0.772622	0.074375	-0.476604	-0.779638	0.992604	-0.940971	0.552676	-0.96078	0.398596	0.694233	0.122157	
0.301064	0.209992	-0.969425	0.117326	-0.738684	-0.229669	-0.555084	0.854387	0.161823	0.901803	0.231816	0.716164	0.323896	0.712867	0.298108	-0.826593	0.218123	0.086984	-0.553565	0.718613	0.518319	0.498238	-0.00371	-0.772082	0.246409	-0.985868	0.705572	-0.138629	0.540579	0.176233	-0.538202	0.902846	0.230842	-0.906345	0.70565	-0.590003	-0.461325	0.447223	-0.506555	0.756596	-0.366198	0.143223	0.723415	0.614817	-0.753483	-0.985783	0.697424	0.853548	0.094883	0.405326	
-0.211978	0.380165	0.411187	0.19986	0.797374	0.139846	0.689589	0.574538	0.463049	0.81688	-0.393456	-0.554988	0.105602	0.455857	0.325504	-0.584624	0.402336	-0.257575	-0.084729	-0.843432	0.237435	0.517132	0.497415	-0.539833	0.628973	0.778309	-0.339586	-0.410556	-0.448383	0.00207	-0.079912	-0.864731	0.317044	-0.511688	-0.688757	-0.280856	-0.756291	0.986795	-0.169694	-0.359263	0.416313	-0.252325	0.270738	-0.058555	0.401406	0.237467	-0.223419	-0.634219	-0.294604	0.959319	
-0.014357	0.977371	0.632183	-0.797331	-0.357778	-0.679236	0.913369	-0.879043	-0.056651	-0.289572	0.46388	-0.443896	0.263933	0.764265	-0.764308	-0.416101	-0.891287	-0.760512	-0.401095	-0.878347	-0.665516	-0.232742	0.291453	0.435577	-0.953505	-0.154604	-0.016556	0.497723	0.695949	-0.052782	-0.602704	-0.749221	0.233239	-0.578752	0.418573	-0.04029	-0.720694	-0.157221	0.129312	0.816545	-0.025053	0.59225	-0.14119	0.655704	0.323309	0.878641	0.728493	-0.724291	0.612043	-0.700725	
-0.048297	0.64076	0.776822	0.752693	-0.866707	0.638465	-0.111144	0.167776	-0.733735	-0.676014	-0.152781	-0.588884	0.207909	-0.019327	0.790751	0.410932	0.179992	0.67721	-0.72108	-0.586407	0.798409	-0.642416	-0.680758	-0.896431	0.104742	0.391814	-0.075655	-0.07774	-0.258333	0.236823	-0.919629	0.580286	0.263332	0.42939	-0.202465	0.298143	0.066369	0.46572	0.179555	0.798408	0.759393	0.847968	0.188066	0.033443	-0.776877	-0.855933	0.041869	0.543794	-0.214373	0.964625	
-0.261847	-0.307602	-0.141298	-0.298164	-0.476632	-0.643349	-0.827361	-0.785655	-0.042652	-0.761548	0.730573	0.874398	0.913306	0.998713	0.078736	-0.911152	-0.93307	0.760602	-0.213442	0.148788	-0.161515	-0.62624	-0.640718	0.931536	0.834239	-0.64344	0.042891	-0.005184	-0.839089	-0.423613	-0.591243	-0.295928	0.697886	-0.216177	0.408712	-0.046606	0.674251	-0.300996	0.960913	-0.697819	-0.479905	0.610156	0.032062	-0.828716	0.521225	-0.24682	0.070686	0.016506	-0.200613	-0.300748	
-0.711335	0.549296	0.015514	0.832429	0.89315	0.282835	0.685313	0.858107	0.174974	0.129711	-0.764664	-0.536583	0.917091	-0.000153	-0.833982	-0.194509	-0.946126	-0.429701	-0.187249	0.451985	-0.855942	0.020893	-0.934733	-0.899414	-0.553118	0.410479	0.061213	0.777455	-0.128275	0.647667	0.54012	0.4987	0.384316	-0.108646	-0.208291	0.827191	-0.823709	0.27879	0.798407	0.057748	-0.20416	-0.100827	0.515507	-0.407871	0.476054	-0.873261	-0.240886	-0.543857	-0.732491	-0.860061	
-0.72247	-0.37872	0.938103	0.513643	-0.03054	0.225789	0.712492	0.051059	0.406664	0.167109	0.075158	0.144626	-0.289435	0.398433	0.548308	0.722949	-0.74983	-0.300342	-0.069879	-0.055705	-0.594479	0.789348	0.875728	-0.23303	0.127784	-0.40716	0.654834	-0.89236	-0.926157	-0.020656	-0.199035	0.3176	-0.444889	-0.204744	-0.821532	0.402909	-0.138882	-0.315	-0.187537	-0.756326	-0.109333	0.627416	0.973231	0.232195	0.356854	0.368564	-0.346809	-0.147725	-0.968779	-0.85553	
-0.759381	-0.662385	0.988833	0.038048	-0.295342	0.646532	0.372341	0.114666	0.492282	0.926226	-0.329861	0.782828	0.169593	-0.399617	0.147031	-0.743151	-0.029331	-0.791332	-0.622086	-0.42561	0.383602	-0.369906	0.08438	-0.267838	-0.092158	-0.443728	0.266336	-0.639311	0.995838	0.067465	0.1885	0.40099	0.529889	-0.740804	-0.92662	-0.881188	0.996194	0.548054	-0.625293	0.378357	0.025254	0.194991	0.035864	0.238603	-0.115085	-0.295065	0.099617	0.891797	0.717863	-0.614476	
-0.257436	-0.63694	-0.431683	0.416274	0.291277	0.47634	-0.733231	-0.302049	0.518445	-0.989457	0.573824	0.851706	-0.117215	-0.153801	-0.654831	-0.465035	-0.014629	0.669431	0.048257	-0.297742	0.599516	-0.033321	0.257207	0.943093	-0.86938	-0.749106	0.555601	0.894664	0.913616	0.577991	0.013106	0.058847	0.530929	-0.639869	0.157454	0.367608	-0.559859	-0.758835	0.861422	0.837304	0.216582	0.829906	0.323608	-0.631586	-0.279455	0.19744	-0.393772	0.312054	-0.038869	-0.73531	
0.106143	-0.682466	-0.939933	-0.37752	-0.683412	-0.754017	-0.732535	0.976187	-0.287042	0.25409	0.474232	-0.709873	-0.020459	0.861089	0.871745	-0.153007	0.463375	-0.253326	0.926208	0.588873	0.712809	-0.567386	-0.396795	0.746489	0.476176	0.07936	-0.117843	-0.191322	0.609926	-0.224725	-0.38202	-0.896799	0.955607	0.420007	-0.968344	-0.645155	-0.42193	-0.60805	0.284961	-0.743509	0.470981	0.906681	-0.11468	-0.863145	0.302783	0.765158	-0.73659	0.539716	0.037008	-0.645008	
0.702899	-0.060422	-0.957702	-0.751385	-0.684704	-0.668911	0.400543	0.8314	0.851708	0.08656	-0.49271	-0.243039	-0.744297	-0.570569	-0.141843	0.285169	-0.450231	0.113943	0.768668	-0.101582	0.434474	-0.432424	0.507435	0.394976	0.489556	0.345853	0.931378	0.649199	-0.593608	0.733769	0.899037	0.77671	-0.844571	0.155419	0.872243	-0.603189	-0.510955	-0.466082	-0.882379	0.171531	0.485764	-0.750384	-0.90008	-0.503176	-0.013447	0.1086	0.180143	-0.578891	-0.588665	0.742708	
-0.64627	0.565282	0.078739	-0.251817	0.847723	0.355981	-0.960023	-0.202376	0.176663	-0.409703	0.186066	-0.410229	0.556994	-0.342218	-0.95601	-0.522403	0.616068	-0.612447	-0.176352	0.230941	-0.256712	0.37812	-0.68802	0.740062	0.055423	0.758732	0.040977	0.988773	0.907353	-0.299952	-0.698974	0.324876	-0.43973	-0.310301	-0.380424	-0.999021	-0.716917	-0.246691	-0.383311	-0.380472	0.892062	-0.744446	0.677378	-0.573923	-0.985833	-0.956538	0.44683	0.773329	-0.602002	-0.281809	
0.361197	-0.272952	0.970298	0.000235	0.769035	0.629728	-0.561033	0.432407	-0.858863	0.113641	0.363115	0.818981	-0.732441	0.170694	0.418078	0.030744	0.022032	0.892497	-0.007003	-0.255714	-0.551196	-0.638114	-0.359177	-0.857001	-0.926955	-0.967006	0.302606	0.658336	-0.041883	0.005668	0.610826	-0.33174	0.21883	0.037568	-0.98916	-0.019865	-0.245205	-0.524216	0.278006	0.383482	0.194868	0.817366	0.548779	-0.559465	-0.442518	0.605759	-0.952618	0.8832	-0.880359	-0.327107	
-0.528862	-0.922585	-0.715302	0.523441	0.596836	0.804551	-0.582821	0.430872	-0.728642	0.734715	0.086246	-0.184149	-0.148462	-0.545369	0.75811	0.058385	0.581422	-0.136806	0.860267	0.080144	0.763117	-0.708691	0.117799	0.667745	-0.476292	-0.379152	0.593703	-0.42244	0.035112	-0.015608	0.264382	-0.390031	-0.146422	0.461034	-0.208142	0.268411	0.628531	-0.316755	-0.142401	0.326737	0.877198	-0.367529	0.936118	-0.668546	-0.946287	0.995519	0.680124	0.990021	0.492743	0.889935	
-0.463321	0.721367	0.624438	-0.726819	0.78071	-0.414627	-0.595641	0.010488	-0.237235	0.21553	0.395274	-0.937941	0.409111	0.156753	0.664404	0.080877	0.395	0.561777	0.274794	0.976214	0.641326	0.374978	0.419247	-0.119726	0.98806	-0.077543	0.042104	-0.208634	0.381226	-0.31847	-0.479373	0.98278	-0.964927	0.896375	-0.205239	0.024749	0.205349	-0.272743	-0.993041	-0.839326	0.737581	0.074985	-0.047872	0.421302	0.145245	-0.77113	0.290304	-0.811217	0.175029	-0.106344	
-0.925606	-0.587303	-0.868064	0.649866	0.272541	0.340384	0.930083	-0.837504	-0.321518	-0.089271	-0.672687	0.255591	-0.301735	0.79347	0.282834	-0.053041	-0.096923	0.383243	-0.54966	0.022988	0.542695	0.571302	-0.499877	-0.99134	0.419221	-0.645056	0.03859	0.291835	0.871655	-0.230587	-0.985539	0.252291	-0.107883	-0.545134	-0.286146	-0.697298	-0.127969	0.982037	0.612403	-0.443168	-0.933468	-0.647023	0.333944	-0.426569	-0.743024	-0.182017	-0.257356	0.671767	-0.466989	-0.563781	
0.238349	0.406935	-0.394163	0.297807	-0.366018	-0.902835	0.17374	0.470012	0.181248	0.460333	0.116884	-0.463082	-0.950452	-0.956805	-0.022053	-0.838231	0.49816	0.52665	0.586038	-0.038929	-0.355256	0.466402	0.776794	0.750054	0.736628	-0.569269	0.37583	0.944856	-0.433706	0.867164	0.322826	-0.504422	0.877771	-0.788221	-0.224228	-0.921944	-0.029736	0.754998	0.280558	0.589884	0.093318	-0.496237	0.515637	0.51593	-0.634272	0.794664	-0.958575	0.947443	0.570526	-0.580065	
-0.957128	-0.336574	-0.587322	-0.451029	0.843707	-0.297597	0.491796	0.486092	-0.478615	0.611596	-0.379935	0.643449	0.184268	-0.534991	-0.940917	-0.914951	-0.831317	-0.529446	-0.623075	0.294731	-0.189823	-0.438444	0.403115	-0.766068	0.299833	-0.02978	0.157203	0.040504	-0.100488	-0.956409	-0.197331	0.481749	0.499362	-0.939	-0.013285	-0.497008	-0.037203	0.90681	0.517019	-0.4832	-0.407349	-0.500728	-0.98804	-0.322589	-0.272947	-0.632317	0.496504	-0.463951	-0.921489	-0.203825	
-0.54504	-0.997179	0.524458	-0.691147	0.390885	0.965777	0.930156	0.68286	-0.474656	-0.399941	-0.873031	-0.804991	0.880602	-0.988784	0.035545	0.735649	0.610166	0.731602	0.225871	-0.005151	0.007022	0.190708	-0.163958	0.811321	-0.273493	-0.148981	-0.884076	-0.105188	-0.501418	0.496452	-0.473731	0.279204	0.946542	-0.027523	0.015339	-0.285356	-0.562546	0.020148	-0.051423	0.835762	-0.623435	-0.203275	-0.818706	-0.134423	-0.61465	0.669444	0.96611	-0.795683	-0.339564	-0.783569	
-0.258833	0.410291	-0.998023	-0.740354	0.445558	0.700879	-0.094408	-0.600521	-0.829051	-0.197775	0.599943	-0.511189	0.323221	0.953018	0.304731	-0.42856	-0.612731	-0.546145	-0.356616	-0.343514	-0.255706	0.194768	-0.557564	-0.70771	-0.19781	-0.493439	0.506847	0.944796	-0.729877	0.575525	0.939112	0.843196	0.4994	0.370809	0.341192	0.298479	0.241691	-0.857589	0.039382	0.42992	0.694536	0.949927	0.089749	-0.369876	0.253952	-0.733709	0.782068	-0.288331	-0.311265	-0.091964	
0.433089	-0.630537	-0.282908	-0.892392	-0.147696	0.10613	-0.646769	-0.306316	0.92804	-0.286311	0.760226	0.449348	0.218508	-0.746001	0.123004	-0.215262	-0.609881	-0.479114	-0.467834	0.77252	-0.072235	-0.509774	0.136419	-0.193459	0.213489	0.773093	0.104131	0.921129	0.359094	0.869726	0.507576	-0.507016	-0.740535	0.683541	-0.452827	0.635038	-0.635993	-0.487488	0.113735	-0.199076	0.232174	-0.138545	0.50072	-0.372186	-0.834444	-0.628374	0.139692	-0.063965	-0.964998	-0.379985	
-0.684351	0.084604	0.625036	0.065436	-0.002022	0.796032	-0.215118	0.041301	-0.486031	0.954094	-0.572166	0.448372	0.50053	-0.686695	0.959314	-0.342946	0.875085	-0.194945	0.818796	0.941927	0.17829	-0.152093	-0.178035	0.934841	-0.808807	0.346981	-0.833612	-0.479027	0.388161	0.438251	0.507519	0.361147	-0.425206	0.301355	-0.696733	-0.62718	0.873614	-0.540693	-0.03148	0.556729	0.985527	0.828005	-0.164919	0.14542	0.307556	0.231799	0.048348	0.242012	-0.781438	0.939076	
0.252705	0.058905	-0.999324	0.351648	-0.313387	-0.465173	0.743995	0.78273	-0.4181	-0.444413	0.44638	0.760762	0.226991	-0.237305	0.036479	0.313877	0.864031	-0.923369	-0.631903	0.241594	-0.859463	-0.094552	-0.198311	0.317423	-0.680994	0.912697	0.06631	-0.956336	0.876434	-0.67756	0.599061	0.240334	0.109255	0.819045	-0.726851	0.886158	0.10115	0.357854	-0.560392	0.674696	0.903488	-0.067393	0.066074	0.688638	-0.626567	-0.789855	0.085219	0.38158	-0.363096	0.206842	
0.887557	0.189489	0.04369	-0.891168	-0.625599	-0.778454	0.927409	-0.506282	0.313967	0.254129	-0.09914	-0.706106	0.439284	0.266797	-0.756658	-0.593141	-0.852639	0.309583	-0.878627	-0.216145	0.867866	0.382154	-0.576311	-0.464738	-0.139212	-0.450769	0.470693	-0.976682	0.30537	0.102306	-0.924226	-0.960423	-0.716586	0.671008	0.754101	-0.921101	0.656316	-0.46102	0.174401	-0.679079	0.166511	-0.055625	0.422458	0.233488	-0.259301	0.911529	-0.590409	-0.834988	-0.69312	0.382543	
0.449441	0.043658	-0.417557	0.446521	0.581822	0.332472	-0.277184	-0.740761	0.126788	-0.802736	0.56255	-0.350862	-0.395217	0.668418	0.178953	0.242749	-0.082258	-0.444645	0.206029	0.687633	0.865244	0.105556	0.181512	-0.976371	0.843702	-0.825856	-0.29346	-0.604707	-0.669703	-0.514124	-0.683887	-0.1923	-0.255894	0.835136	-0.358981	-0.493608	-0.889781	-0.125571	-0.702263	-0.283467	-0.505629	0.264347	-0.203569	0.403191	-0.291529	-0.339108	-0.420123	-0.4645	0.038486	-0.138864	
0.058472	-0.493575	-0.194408	-0.367142	-0.196274	0.252362	-0.088865	-0.88341	0.411756	-0.756212	-0.124705	-0.882638	0.340989	-0.080617	-0.679896	0.144154	-0.407778	-0.381189	0.929419	0.938824	0.551933	0.841087	-0.550241	0.999457	-0.02571	-0.063123	-0.75024	-0.741296	-0.987706	-0.672818	-0.696917	0.655843	0.451085	-0.894425	-0.86565	0.110675	-0.571746	-0.707484	0.760407	-0.512361	-0.919886	-0.755197	-0.904103	0.161932	0.040657	-0.505792	-0.607388	-0.752915	-0.223667	0.631233	
-0.721233	-0.73008	-0.996976	0.049395	0.412119	-0.731552	-0.607773	-0.061593	0.956156	-0.217613	-0.592063	0.888136	0.234438	-0.471881	0.984859	-0.089111	-0.107617	0.037806	-0.902916	-0.082459	0.823001	-0.777515	0.401703	-0.649238	0.402581	0.658386	-0.68446	0.102262	0.741029	0.933992	0.739416	0.719912	-0.955156	-0.566854	0.574494	0.609802	-0.919794	0.843793	-0.396605	0.556641	0.869448	0.373493	-0.935993	0.040219	-0.521934	0.490434	0.271567	-0.251416	-0.769333	-0.258772	
0.064415	-0.046563	0.485512	0.581671	-0.776775	0.998827	0.886025	-0.597456	0.309548	0.305693	0.536167	0.19837	0.856218	0.809043	0.617642	0.895528	0.256301	-0.712723	0.185467	0.404015	-0.683228	0.793848	0.98516	-0.568607	0.985023	-0.427101	-0.873745	-0.168292	0.717531	0.875188	-0.928627	-0.501933	-0.947596	0.428026	0.297442	0.589543	-0.450241	-0.222752	0.67216	0.237591	-0.889297	0.878139	-0.784852	0.634662	-0.006164	0.342797	-0.448535	-0.905265	0.033814	0.573363	
0.454344	0.456739	-0.113703	-0.990818	-0.750149	-0.072113	0.697496	0.346365	0.337854	-0.950637	-0.696716	-0.462524	0.778769	0.581808	-0.275466	-0.411413	0.86909	-0.003259	0.894929	-0.143415	0.292755	0.93122	-0.662649	0.122728	0.311543	-0.997589	0.229394	0.195428	0.001693	0.887341	-0.677996	0.823148	0.365132	0.084109	-0.872931	-0.338104	-0.22316	-0.220312	0.142402	0.876018	0.267059	-0.938369	-0.349783	0.065454	-0.835794	0.882639	0.391837	-0.753501	-0.121828	0.701937	
-0.562421	-0.459774	0.163999	0.376436	-0.093652	0.43071	-0.593739	-0.826278	0.23003	0.155988	0.846231	0.227799	0.59502	-0.291311	0.359779	0.007727	0.165117	-0.42488	0.22719	-0.544634	-0.535429	0.097986	0.527663	0.566052	-0.998772	0.897954	-0.354986	0.834654	0.631796	0.231119	0.124054	-0.308632	-0.636959	0.553039	0.839262	-0.862721	0.872409	0.697793	0.108494	0.958482	-0.81578	-0.670632	-0.072862	-0.699026	-0.487971	0.292022	-0.846823	0.738765	0.600267	0.946908	
0.259458	0.3674	-0.95169	0.819707	0.258925	0.210844	0.980783	0.103887	-0.679542	-0.445688	0.745836	0.187846	0.963045	-0.301501	0.177012	0.665633	0.283838	0.345148	0.931544	-0.798932	-0.235654	0.901915	-0.911501	0.641568	-0.6637	0.330246	-0.876908	0.017455	0.813681	-0.504659	-0.415677	-0.433986	0.734443	-0.274038	-0.533647	-0.198874	0.392933	-0.400302	-0.707543	0.784131	-0.301753	0.798617	-0.185927	-0.235814	-0.331492	-0.490169	-0.250078	-0.247821	-0.823283	0.833944	
0.226126	0.898426	0.069717	-0.63436	0.872322	-0.946429	-0.904016	-0.81875	-0.943621	-0.191233	0.0708	-0.818105	0.011878	0.599512	0.267707	-0.294956	0.045658	-0.962494	-0.831523	0.401222	0.872669	0.686009	0.295864	-0.575075	0.735754	0.217877	-0.411351	0.378428	-0.593857	0.963502	-0.864735	0.071943	0.754542	0.192936	-0.797737	-0.10892	0.106902	-0.685083	0.791515	-0.422723	-0.064555	-0.812779	-0.896752	0.933095	0.72555	-0.083964	-0.48886	0.742145	-0.437855	-0.129026	
-0.15832	-0.834004	-0.344651	-0.214104	-0.953192	0.659113	-0.625621	0.942107	-0.450734	0.564747	0.758031	-0.975733	0.043565	-0.442608	-0.260908	-0.970387	0.830547	0.686779	0.529988	0.155661	0.057561	0.423863	0.655621	0.211808	0.905674	-0.20066	0.589963	0.925162	-0.528672	-0.194136	0.254926	-0.869232	0.251028	0.691387	0.32833	-0.955845	0.225529	0.956337	0.615308	-0.330519	0.712844	0.367079	0.353884	0.340031	0.713887	-0.053927	0.056812	0.235421	0.074715	0.95449	
-0.084303	0.851869	-0.945394	-0.594545	0.359123	0.559994	-0.587077	0.581007	-0.489031	-0.718189	-0.078444	-0.386842	0.17705	-0.784201	-0.614516	-0.914574	0.404534	-0.35032	0.325482	-0.730559	-0.407294	-0.102139	0.020437	-0.89308	0.927261	-0.262933	-0.247652	0.607964	-0.886502	-0.790384	-0.326958	-0.319265	0.631662	0.313483	-0.132002	-0.735008	0.012829	-0.449706	-0.035783	-0.858967	0.51927	0.258094	-0.930808	-0.300844	-0.273284	0.645074	0.865086	0.981085	0.868163	-0.925132	
0.927755	-0.049689	-0.511797	0.567105	-0.251478	0.118541	0.726675	0.745683	0.38538	0.149365	-0.724887	-0.978384	-0.540598	-0.201788	-0.415552	0.691898	0.887475	0.286411	0.784994	-0.747903	-0.846249	0.54215	0.683565	0.985222	-0.375589	-0.533501	-0.350751	0.407723	-0.929212	0.386108	0.033261	0.658618	-0.499977	-0.98699	0.644731	-0.450269	-0.307112	-0.285341	-0.751011	-0.855987	0.393389	0.708997	-0.030254	-0.601982	0.357938	0.043212	-0.229507	-0.267087	0.852301	-0.71279	
0.057373	-0.604342	0.459534	0.452523	-0.940786	-0.29646	0.656684	0.997598	0.159048	-0.460393	0.656422	-0.099885	0.025488	-0.982887	0.823841	0.603106	-0.362761	-0.478101	-0.655907	0.870742	-0.727273	0.540009	0.56932	-0.017435	0.500071	0.663656	-0.529775	0.26332	-0.651157	-0.167243	-0.226254	0.520576	0.122705	0.583978	-0.72253	0.779774	-0.722025	0.564547	-0.571566	-0.979486	0.430559	0.4902	0.740563	-0.886141	-0.948643	-0.992801	-0.076308	0.4661	0.341796	-0.037147	
0.843699	-0.560674	0.625541	0.657564	0.255766	0.503287	-0.842443	0.210812	-0.755271	0.027873	0.755933	0.459002	0.344816	-0.96794	-0.678117	-0.989017	0.565802	0.594103	-0.174206	0.128556	0.971288	-0.724783	0.838304	0.147269	0.460564	-0.533843	-0.679224	0.783275	-0.105254	0.359324	0.502141	0.0253	0.742508	-0.653853	0.17096	0.380229	0.349887	-0.349291	0.152878	0.648839	-0.85194	0.477492	-0.307653	-0.86522	-0.24956	0.888484	0.316899	-0.222219	-0.3142	0.679873	
-0.716245	-0.769045	0.407459	0.605397	-0.024171	-0.097172	-0.422806	0.064182	-0.325353	-0.250985	-0.69066	-0.36797	-0.572764	0.271425	-0.989761	0.612251	-0.816178	0.818067	0.755187	-0.73961	0.709014	-0.255477	-0.94261	0.635173	-0.564612	0.81024	-0.040623	-0.423326	0.818895	-0.178863	0.904665	0.488474	0.032681	-0.364997	0.332972	-0.61534	0.006142	-0.322827	-0.401396	0.508221	0.226369	-0.121634	-0.009998	0.440954	0.750798	0.840403	-0.299069	0.571465	0.424401	-0.80129	
0.557768	0.02221	-0.368205	0.069536	-0.341474	-0.042068	0.011057	-0.300868	-0.742771	-0.153689	-0.608196	-0.224051	-0.87848	-0.215476	0.701332	-0.949291	0.210546	0.956366	0.85378	-0.093856	0.537193	0.582963	-0.973963	-0.708375	-0.510536	0.517826	-0.394709	-0.254677	0.431708	0.365558	-0.263462	-0.684676	-0.681673	0.74562	0.439629	-0.926436	0.346014	-0.766815	-0.537893	0.724127	-0.133984	0.253795	0.21517	0.036439	-0.897879	-0.806705	-0.823605	-0.254846	0.069198	-0.039192	
-0.752989	0.578288	0.879649	-0.484455	0.528017	0.200316	0.937667	-0.456906	-0.284574	0.794348	0.889357	-0.810792	-0.18652	-0.262646	-0.051725	-0.532634	0.269573	-0.439446	-0.315234	0.162338	0.910018	0.343571	0.948899	0.462397	0.586265	-0.260681	0.789486	0.776006	-0.47881	0.392335	0.210853	-0.355192	-0.847461	0.874518	0.138148	-0.991822	0.065202	0.74856	-0.549886	-0.660947	0.501198	0.551238	0.322547	-0.686928	0.449327	-0.818073	0.85184	-0.180224	0.480955	0.035361	
-0.983288	-0.088481	-0.966529	0.2668	-0.484355	0.062631	-0.001489	0.665956	-0.912173	-0.169037	-0.679555	-0.28656	0.110344	0.919494	0.162335	-0.522292	-0.229361	-0.502183	0.971025	-0.590214	-0.240967	-0.377764	-0.69695	-0.973154	0.895971	-0.798781	-0.526523	0.458802	-0.054669	-0.345187	-0.641271	-0.405726	-0.567209	0.266594	0.224448	0.45157	-0.796501	-0.993954	-0.563713	0.400609	-0.369002	-0.234713	0.08334	0.74981	-0.259966	0.421816	0.917945	-0.913697	-0.234861	0.326407	
0.479526	0.659391	0.568258	0.166077	0.776901	-0.353687	-0.054164	-0.007905	0.055659	0.350149	-0.060801	-0.944276	-0.040545	-0.995739	0.275502	0.664921	-0.561638	-0.072493	-0.244392	0.882607	-0.015701	-0.815719	0.697718	-0.412644	0.706639	0.266939	-0.448418	-0.193906	0.552925	0.967062	0.148469	-0.547454	0.822249	-0.080035	-0.723327	-0.081232	-0.220492	-0.574189	0.266987	0.555824	-0.087012	0.333505	0.779126	0.422411	-0.246905	0.36991	0.736743	0.125541	-0.306073	0.230821	
-0.28215	0.125812	-0.851721	0.096869	0.403507	-0.258571	-0.503024	0.771292	-0.228662	-0.518415	-0.706731	0.429744	-0.578958	-0.967574	-0.192728	-0.205441	-0.304251	0.100257	0.343232	-0.002002	0.52453	0.149318	-0.64615	-0.257395	-0.83788	0.739658	-0.491758	-0.711309	-0.302398	-0.442164	0.643283	-0.448246	-0.164522	0.904729	0.764888	-0.472734	-0.662578	-0.553061	0.522323	0.056938	0.632683	0.734358	-0.065589	-0.670455	-0.953869	-0.798478	0.91301	0.14414	0.825465	-0.289004	
0.399155	-0.17903	-0.068525	0.411136	0.13436	0.931731	0.513285	-0.118869	0.630802	0.791977	0.621713	-0.719399	0.54634	-0.004797	-0.208419	-0.48105	0.220134	-0.360257	-0.522203	0.026022	-0.662933	0.305818	0.573466	-0.330178	0.60214	0.738227	-0.688619	0.687163	0.245583	-0.032082	0.861747	0.253481	-0.829896	-0.945488	0.988806	-0.263776	0.620821	-0.935988	0.395635	-0.955139	-0.03022	-0.996211	-0.095964	0.481908	0.029505	-0.558363	0.731805	0.878836	-0.888777	-0.747955	
-0.817171	0.789373	0.726401	-0.301259	0.512441	0.207538	-0.790712	-0.657496	0.095057	-0.387702	0.204503	-0.389367	-0.597191	-0.21999	-0.416402	0.451102	-0.296372	-0.329724	-0.01745	0.602974	0.973236	-0.142268	0.525343	-0.224315	0.706469	0.211081	-0.807311	-0.44213	0.647465	0.241525	-0.31139	0.415233	-0.231848	0.680064	-0.043573	0.918251	0.143636	0.372332	0.372889	-0.003587	0.380628	0.552851	-0.196467	0.149693	-0.489517	0.35947	0.073704	-0.345025	-0.184577	-0.536311	
-0.829224	-0.809356	-0.247797	0.401108	-0.598497	-0.487795	-0.563753	0.078625	-0.699936	0.992119	-0.199802	0.519674	-0.50765	0.536963	-0.432259	0.673298	0.179244	0.337459	0.381973	-0.022373	-0.53564	-0.386172	0.195158	0.281428	-0.469385	0.154136	-0.202776	0.108053	-0.52444	-0.532924	0.713549	0.54367	7e-05	-0.664946	0.73113	0.3103	-0.707578	0.799406	-0.155558	-0.336661	-0.451007	-0.778135	-0.976222	0.342427	-0.483189	0.197596	-0.347097	0.402851	-0.387573	-0.844289	
0.875861	0.486868	-0.338453	0.233683	0.439307	0.335496	-0.583724	-0.071492	0.568869	0.16737	-0.01706	0.083282	0.029878	-0.242741	-0.473819	0.768813	-0.236901	-0.221784	0.939972	0.697197	0.069192	-0.387633	0.913121	0.450859	-0.447841	-0.372136	-0.918523	0.159708	0.518419	0.650332	-0.685305	-0.703541	0.364376	-0.697616	-0.627874	0.430013	0.761744	0.207791	-0.045138	0.750647	-0.328183	-0.000458	0.282474	0.524032	0.353338	0.864466	0.54869	-0.743016	0.619891	-0.405019	
0.801058	0.836711	-0.769994	0.070215	0.049624	-0.220012	-0.824777	0.757804	0.955464	-0.037474	0.817287	0.315991	0.285897	-0.916585	-0.746976	0.831049	-0.405209	0.056066	0.760005	0.216654	0.723815	-0.369211	-0.101489	-0.024944	0.563143	-0.655587	0.221298	0.055212	0.64793	-0.790616	-0.389643	0.29742	-0.921228	0.316839	-0.074249	-0.740269	-0.069459	-0.024305	0.596672	0.950856	0.936273	0.004262	0.728602	-0.721349	0.61881	0.036906	0.860087	-0.224825	0.665166	-0.034266	
-0.370036	-0.082248	-0.160005	-0.171262	0.782004	0.191672	0.54158	-0.59426	-0.775778	0.718757	0.778931	-0.197327	0.463478	0.145191	0.791878	-0.165057	0.609666	0.315758	0.171484	-0.03537	0.369009	0.251599	0.940057	-0.688404	0.925241	-0.444902	-0.0669	0.009383	-0.404598	0.332902	0.806878	-0.769318	0.885117	-0.702898	-0.437871	0.246704	-0.510021	0.133793	0.855697	0.81505	0.662792	-0.284027	-0.309695	0.69455	0.244148	0.339415	0.557175	0.82568	-0.606295	-0.845219	
-0.636339	-0.424896	-0.349461	0.631836	0.318961	-0.921338	0.559614	0.487568	0.745279	0.998998	0.077022	0.70816	-0.783651	-0.200891	-0.238045	-0.294003	-0.87217	0.778805	-0.57563	-0.599415	0.372314	0.548821	-0.051698	0.965751	-0.681563	-0.240259	-0.279729	0.989952	0.841515	-0.481995	-0.771326	-0.239897	-0.528607	-0.231935	0.035396	-0.845902	0.376651	-0.642075	0.758123	0.635273	-0.201795	-0.386998	-0.269432	-0.568629	0.403462	-0.608211	-0.204476	-0.594785	0.46427	-0.423569	
-0.892596	0.921505	0.134832	0.766167	0.581451	-0.378043	-0.810302	0.671673	0.067073	-0.857354	-0.816555	-0.190938	-0.497396	-0.982059	-0.167981	-0.439722	0.429219	-0.531107	-0.675292	0.621819	-0.748035	0.958351	0.152253	0.340233	-0.6852	-0.955445	0.919147	-0.546482	0.670604	0.900801	0.222695	-0.94337	0.108686	0.972063	0.33788	0.839764	-0.206519	0.62703	-0.897348	0.437814	-0.775971	0.924316	0.760583	0.427955	0.593791	0.573782	-0.212368	-0.530148	0.260375	0.302115	
-0.051806	-0.879808	0.626422	-0.004604	-0.260824	-0.589393	0.047449	-0.798033	-0.868312	0.542054	-0.050399	0.663144	0.211509	0.495602	-0.066449	0.958914	-0.132581	-0.029838	-0.279535	0.771807	-0.444455	-0.075187	-0.514112	0.735472	-0.730061	0.080354	0.309263	0.200157	0.613212	0.960942	-0.339695	0.897304	0.6665	0.593919	0.166804	-0.512203	0.801987	-0.889511	-0.19755	0.969362	0.835121	0.133247	0.055146	0.180729	-0.94283	0.131726	0.352836	-0.867458	-0.427684	0.576652	
-0.504045	0.549943	-0.04185	-0.126	0.278843	0.999681	-0.239989	-0.376646	0.351713	0.349487	-0.32135	0.836805	-0.302808	0.715869	-0.486437	0.384619	0.80167	-0.474583	0.45078	-0.373766	-0.221944	0.98073	-0.067777	-0.974349	0.549299	-0.331872	-0.118642	0.288313	0.001605	-0.02251	-0.753941	0.848093	0.644961	0.191983	-0.393678	-0.626237	-0.28039	-0.168551	-0.81735	0.965115	0.74581	-0.129087	-0.439871	-0.528738	-0.259579	0.907399	-0.378231	-0.571532	-0.484712	-0.517162	
-0.439547	0.925541	0.708806	-0.953568	0.265434	0.13252	-0.245375	-0.404372	-0.658299	-0.112885	0.442256	0.477325	-0.03405	-0.55667	0.333207	0.747326	-0.888916	-0.175722	-0.165338	0.375644	0.299527	0.464828	-0.147164	-0.97912	0.199645	0.342587	0.588698	-0.736878	-0.973619	-0.886449	0.580905	0.9124	-0.089218	-0.331453	-0.345177	-0.390986	-0.656609	-0.591086	0.409972	0.814794	0.53015	-0.399115	-0.829152	0.078951	0.659624	-0.860399	-0.719416	0.424476	0.044168	-0.815906	
0.527059	0.981521	0.575025	0.995884	-0.434153	-0.666744	0.297595	0.568001	-0.706212	0.058244	-0.488761	-0.529921	0.629703	-0.012954	0.059448	0.785742	-0.87909	0.285839	-0.554563	0.50748	-0.653051	0.979272	-0.178055	0.854856	0.824518	-0.766374	-0.277117	0.75853	-0.116429	-0.21007	-0.129957	-0.181698	0.078583	0.484087	0.611017	0.54547	-0.060972	0.64668	-0.266594	-0.065856	0.586709	-0.098057	0.527482	-0.501763	-0.077483	-0.368472	-0.091781	-0.168374	0.975915	0.963215	
0.89388	0.148192	0.314751	0.535495	0.345059	0.125418	-0.26535	-0.462859	0.562594	-0.750269	0.623554	0.839468	0.874534	0.254824	0.540362	-0.321996	-0.616802	0.293799	-0.492978	-0.293064	0.392598	0.900863	-0.10434	0.641602	-0.549966	0.335488	-0.04157	0.981254	-0.791463	-0.761126	-0.576704	-0.668967	0.292488	-0.025265	-0.186275	0.592264	-0.288717	0.683694	0.584567	-0.423055	0.153981	-0.377125	0.709658	0.906473	0.701695	0.889003	-0.956771	0.431627	0.751975	0.597729	
0.107621	0.814108	0.250165	0.294	0.770288	0.816338	0.507565	0.634448	-0.923696	-0.402391	0.263243	0.036387	0.106329	0.119293	0.133616	-0.566172	0.786938	0.333383	0.770153	-0.820929	0.535799	-0.043879	-0.175	-0.971935	-0.239052	0.344131	0.038734	-0.526457	-0.739257	-0.635586	-0.668612	0.156223	0.138861	0.356266	-0.84686	0.465513	0.782805	-0.376925	0.065506	0.62106	0.517502	0.53254	0.579336	0.320051	0.572729	-0.532437	0.999145	-0.162874	-0.347851	0.262565	
0.238104	-0.810659	0.73523	-0.228803	-0.868572	-0.218529	-0.373842	0.988613	0.923188	-0.943252	-0.646351	0.835432	0.626779	-0.208329	0.052588	0.521458	0.549405	0.564047	0.412665	0.804442	-0.885221	-0.175128	0.599751	0.454966	0.800321	0.784418	0.352151	0.092766	-0.952622	-0.493396	0.788056	-0.621926	-0.177959	0.89299	0.955948	-0.139448	0.343446	0.496724	-0.616122	-0.873441	0.274052	0.994996	-0.316931	0.016539	0.551672	0.541259	-0.120779	0.29189	-0.656671	0.983094	
-0.119995	-0.300841	-0.541838	0.903603	0.770858	0.923021	0.871053	-0.194051	0.552307	-0.574054	-0.16918	0.081822	-0.624725	-0.644625	-0.64816	-0.455543	-0.052904	-0.156131	0.438911	-0.360626	-0.589185	-0.06083	0.17653	0.787033	0.542222	-0.803914	-0.081147	-0.192081	0.895565	0.892466	-0.879521	0.186408	0.383495	-0.25613	-0.717472	0.550535	0.859351	-0.222659	-0.317121	0.103165	-0.558168	-0.459712	-0.667932	-0.848247	0.957167	0.77078	0.543218	0.402288	0.370811	0.138757	
-0.008741	0.907728	0.076509	0.70113	0.610993	-0.095333	-0.301168	0.408784	-0.063785	-0.880025	0.541496	-0.213247	-0.639157	0.692365	-0.131378	0.502424	-0.399343	0.236672	0.481271	0.600253	-0.297988	0.769197	0.392365	0.676328	-0.282924	-0.259679	0.767532	0.715697	0.972199	0.670682	0.095961	-0.044153	0.308516	-0.699059	0.817586	0.80192	-0.828639	0.891115	0.297486	0.500006	-0.878748	0.170521	-0.121985	0.198808	-0.32077	-0.842834	0.996454	0.32485	0.164735	0.467422	
-0.871011	-0.389154	-0.538568	0.291632	-0.317653	-0.108938	-0.681244	0.665892	0.279232	0.761829	-0.132308	0.276982	0.346501	-0.190974	0.005118	-0.720296	-0.303704	-0.299665	-0.24117	0.397433	0.89829	-0.94226	0.348802	0.758113	0.27053	0.878526	-0.578902	0.639807	-0.751245	-0.19698	0.38277	0.317605	-0.041378	0.531476	-0.75405	-0.889877	-0.434913	-0.527516	0.324528	0.871677	-0.84717	0.710266	0.209282	-0.782484	-0.084673	-0.881858	-0.21716	-0.156266	0.167728	0.624269	
0.135607	0.434777	-0.253146	-0.516694	0.600552	-0.238712	0.720427	0.410018	-0.927422	-0.885454	-0.403401	-0.375013	0.447413	0.410002	-0.845854	-0.229712	-0.207901	-0.597845	-0.747212	0.280855	-0.621109	-0.377434	-0.911508	0.969711	-0.794469	-0.439577	0.022074	0.228595	0.710459	0.556802	-0.527485	0.577201	-0.136527	0.093298	-0.673729	-0.209763	-0.025329	-0.851271	-0.631545	-0.335958	-0.612091	-0.678888	0.720685	-0.604204	-0.58784	0.290187	0.335674	-0.103886	0.792628	-0.524202	
-0.601041	0.962755	-0.264937	0.728341	0.693444	0.990066	-0.815266	-0.014219	0.192905	0.065731	-0.054502	0.41975	-0.587105	-0.240538	0.077142	-0.210673	0.1479	-0.006972	-0.111619	0.422617	-0.081571	0.671913	-0.76093	0.486273	-0.080858	0.017846	0.605667	-0.336564	-0.311765	-0.814549	0.995998	0.431902	-0.712502	0.091314	0.603538	-0.624036	-0.703908	0.349847	0.670918	-0.078194	0.886543	0.091778	0.332483	0.539948	-0.52475	0.892174	0.296336	0.678818	-0.258885	0.80574	
0.034362	0.379952	0.827186	0.573726	0.156518	0.731141	-0.948064	0.22458	-0.103498	0.33457	-0.389002	0.320255	0.449035	0.047898	-0.613859	0.853737	-0.658829	0.014483	-0.133948	-0.967677	-0.273341	-0.572114	0.032809	-0.216056	-0.84896	-0.928927	0.644448	-0.971092	-0.790117	0.7722	0.666282	-0.818011	0.420175	-0.268159	0.58702	0.341842	-0.18455	0.807589	0.795092	-0.381555	0.78124	0.123137	0.945544	0.777249	-0.70605	-0.069715	-0.231017	0.277943	-0.450229	-0.234221	
-0.123483	0.988546	-0.948178	-0.149957	-0.61052	0.446211	-0.870579	0.110728	0.574433	0.991129	-0.121584	0.02071	-0.285837	-0.469866	-0.057575	0.015611	0.271939	-0.08134	-0.614278	0.679299	-0.083696	0.235579	0.639458	-0.097186	0.586824	-0.881072	0.795882	0.027208	-0.191458	0.708086	0.385292	-0.069984	0.400957	0.459339	-0.775504	-0.587149	0.244718	0.956587	-0.842368	-0.951519	0.613142	-0.330253	-0.884802	0.45476	-0.667255	0.51322	-0.917653	0.09124	0.356261	-0.214687	
-0.379802	-0.087639	0.2138	0.764924	-0.383605	-0.931903	-0.301034	-0.617672	-0.267864	-0.148891	0.148332	-0.623632	-0.772325	0.177849	0.692786	-0.894525	0.909669	-0.23016	-0.724144	0.938724	-0.059149	-0.546371	0.513475	0.669833	0.634548	0.562556	0.774318	-0.86969	0.668018	-0.157783	-0.419426	-0.459298	-0.116126	0.502908	-0.018054	-0.005133	0.308033	-0.331345	-0.34861	-0.790948	-0.24412	-0.964644	0.494092	-0.776073	0.239951	-0.685016	-0.010386	0.853705	-0.192738	-0.716622	
0.602983	0.184293	-0.861761	-0.941791	0.839393	-0.836014	0.369939	-0.911388	-0.135703	-0.79118	0.057616	0.295003	-0.970782	-0.447589	-0.305132	-0.471928	-0.371116	-0.389801	0.282573	0.548414	-0.25481	0.559848	0.25011	-0.076847	-0.636179	0.62778	0.16993	-0.053607	0.086039	-0.312928	-0.350283	0.60012	0.086825	-0.198116	0.778679	0.033234	0.133857	0.350764	-0.786409	0.149236	0.406453	0.917506	0.184067	-0.705208	0.841044	-0.894797	-0.267834	-0.936519	-0.288205	0.503957	
-0.798357	-0.978866	-0.486674	-0.424019	0.068797	-0.597624	0.112811	-0.729428	-0.064369	-0.628878	-0.163329	-0.083114	0.43289	0.738853	0.543226	-0.108995	-0.054886	0.121968	0.027575	0.508186	-0.732022	0.001827	0.249588	-0.299696	-0.411541	0.525881	-0.819945	0.540665	-0.989783	-0.834073	0.146045	0.222643	-0.849337	-0.919414	-0.812665	-0.24544	0.868476	-0.648542	0.911427	-0.601695	0.911844	0.63684	-0.033035	-0.241775	-0.656373	0.036088	0.172991	0.252296	0.355737	0.446866	
-0.462647	-0.865446	0.453746	0.769866	0.053061	-0.165543	0.14585	-0.77822	-0.342766	-0.92905	0.715296	-0.330092	0.307462	0.818817	-0.525018	-0.819987	0.724231	-0.089317	0.538568	-0.630636	0.259926	0.93257	-0.924545	-0.560899	0.056825	-0.81612	-0.655053	0.254926	0.147654	-0.768579	0.49819	-0.920521	0.703704	-0.684905	0.329224	-0.093974	-0.235336	-0.525446	-0.881436	0.219401	-0.05381	-0.036347	0.581128	-0.084492	-0.410546	0.321207	0.414861	0.525238	0.880225	-0.302362	
0.379869	-0.517337	0.031903	-0.268915	-0.194628	-0.609824	-0.587795	-0.137465	0.640176	-0.867782	-0.776042	-0.796169	-0.307359	-0.707586	-0.067008	0.235056	-0.676886	0.978492	-0.861922	-0.984744	-0.275961	0.104323	0.642741	0.088256	0.748245	-0.12532	0.955253	0.350858	-0.716858	-0.237011	0.812361	0.817146	0.520758	0.433322	0.890926	0.230121	-0.589214	-0.362565	0.702087	0.803276	-0.213636	-0.745833	-0.245673	0.367287	-0.651147	0.210503	-0.588495	0.491076	0.759685	-0.337504	
0.494527	-0.570519	0.203419	0.078928	0.195383	-0.439671	-0.128282	-0.397294	-0.509032	-0.108441	-0.08852	0.812064	0.506253	0.581223	0.794925	-0.489746	-0.211967	0.506104	0.569293	0.706351	0.530509	-0.822682	-0.732608	0.958735	-0.747295	-0.443874	0.077151	0.446091	0.055965	-0.346446	0.106072	0.779496	0.129963	0.250775	-0.148462	0.023744	-0.064724	0.026794	-0.09653	0.469391	0.372764	-0.895242	-0.988295	-0.31322	0.251472	0.549253	0.75123	-0.316748	0.398766	0.846754	
-0.096705	-0.2162	-0.832857	-0.611013	-0.839107	-0.326091	-0.701601	-0.564498	0.22024	0.912623	0.885693	-0.945159	-0.954047	-0.917873	0.207224	0.597751	0.480684	-0.156027	-0.09642	0.317368	0.294054	0.884847	0.168153	-0.152863	0.527535	0.563171	0.195025	0.005847	0.921119	-0.515513	0.874237	-0.516837	0.377409	-0.955717	0.927513	0.825612	0.103687	-0.076499	0.755408	-0.765935	0.805984	0.528266	-0.456974	0.904649	-0.687385	-0.367266	0.905323	0.242102	-0.04197	0.365439	
0.658776	0.126513	0.99636	-0.515118	-0.331797	-0.026334	-0.928916	0.964414	-0.433488	0.037187	-0.70151	-0.878125	0.928385	0.906919	0.581949	-0.756702	0.628712	-0.169775	0.904548	0.404628	0.515581	-0.807747	0.339517	-0.336562	0.311024	0.13395	-0.476003	0.934779	-0.47511	-0.714163	0.703721	-0.678528	-0.195006	0.840204	-0.229338	-0.430332	0.1076	-0.311149	0.94599	-0.380507	0.124126	0.553996	-0.95517	0.2812	-0.05756	-0.79672	-0.545283	-0.160118	0.813289	-0.131959	
-0.576113	-0.878189	-0.153156	-0.83482	-0.195378	-0.020059	-0.627239	0.035092	-0.666616	-0.177752	-0.724814	-0.9328	-0.405627	0.548882	0.259889	0.289928	-0.599285	0.839144	-0.856134	0.250305	0.251676	0.289187	0.000214	0.034752	-0.175828	0.429164	-0.539509	-0.892569	-0.825949	0.123447	-0.560327	0.290673	-0.875516	-0.352295	0.801599	0.02542	-0.314714	0.154954	0.507497	0.914511	-0.775363	0.136421	-0.502681	0.294547	-0.385122	0.261873	0.941393	0.762318	-0.293407	-0.793374	
-0.578388	0.62596	-0.292272	0.120808	0.143374	-0.804911	-0.765633	0.203114	-0.992276	-0.688743	0.584012	0.988481	0.762772	0.541187	0.139896	-0.177787	-0.947873	0.274143	-0.883378	-0.625685	-0.547218	-0.911245	-0.918813	0.343081	-0.275129	0.204367	-0.961777	-0.520175	0.052026	0.300319	0.763614	0.166614	0.201388	0.02814	0.302089	-0.405765	-0.240124	-0.887796	0.247852	-0.310758	-0.925198	0.379848	0.927431	-0.442044	-0.580606	-0.274419	-0.776502	0.562056	0.255661	0.741456	
-0.322106	-0.533728	-0.992074	-0.19386	0.444662	-0.929623	0.944072	0.409558	-0.432363	0.154918	-0.656566	-0.655514	0.258695	0.802156	0.170066	0.220799	-0.34061	0.056232	0.952801	0.583624	-0.903635	0.480478	-0.272093	0.847526	0.316258	0.920833	-0.317851	0.653211	-0.994267	-0.051243	-0.960455	-0.143063	-0.438907	0.410051	0.990165	-0.543789	0.317701	-0.537418	0.01521	0.111373	-0.620254	0.158209	0.84685	0.515283	-0.552933	-0.875004	0.705453	-0.573784	-0.998658	0.5459	
-0.246346	0.231102	0.937298	-0.885891	-0.823434	-0.22412	-0.971724	0.02029	0.845769	0.676431	-0.58807	0.593532	0.686239	0.666249	-0.248086	0.872978	0.44085	-0.460264	0.994685	-0.164768	-0.441573	0.587276	0.798288	-0.687161	0.05167	0.032143	0.616895	0.341667	-0.999749	-0.298761	-0.44882	0.351297	-0.936697	0.768343	0.368907	-0.630827	0.513971	0.235994	0.238823	0.309653	0.022731	-0.795535	0.512269	-0.622739	0.344061	0.423328	0.000652	-0.908837	-0.54825	-0.686295	
-0.167423	0.018209	0.71865	-0.864929	0.547764	-0.792856	0.36703	0.433085	-0.004353	0.756884	0.362955	-0.811689	0.061393	-0.089008	0.052418	-0.72353	-0.956543	-0.599504	-0.912456	0.708092	-0.670446	-0.69314	0.093658	-0.534414	-0.614013	-0.895856	0.267161	0.940026	0.254146	-0.687428	-0.38944	0.738307	0.211902	-0.47515	-0.454815	0.402191	0.43395	-0.789915	-0.623758	0.996522	-0.957483	-0.942836	-0.049203	0.362651	0.894735	0.738257	0.319167	0.390259	0.627205	0.249252	
-0.499171	0.840477	-0.100759	-0.621716	-0.434563	-0.7297	0.322511	-0.770852	0.958974	0.02363	0.18467	-0.220166	-0.101208	0.271725	0.256819	0.775876	0.573879	0.740483	0.484023	-0.718565	-0.18106	-0.985525	-0.787075	0.145955	0.703587	0.101447	-0.973331	0.538476	0.562285	-0.30535	0.250308	0.855319	-0.99185	-0.896777	0.882576	-0.951588	0.281883	-0.949558	-0.375693	0.22237	0.509999	-0.535144	0.766759	0.57701	-0.327249	-0.941208	0.227097	-0.356899	-0.697898	-0.920768	
-0.342364	0.749242	-0.174791	0.268958	0.141539	-0.548242	-0.246811	-0.192021	-0.099612	0.405032	0.147627	0.952008	0.537104	-0.539849	0.261482	-0.971465	-0.694705	-0.268544	-0.78573	-0.367651	-0.280339	0.364152	0.545283	-0.293217	-0.146233	0.211369	-0.432197	-0.916092	0.650564	0.429732	-0.648964	-0.186831	-0.392685	-0.776027	0.045815	-0.852516	-0.982617	0.314248	0.173393	0.544985	-0.706807	0.74283	-0.066549	0.892299	0.484563	0.881896	-0.211483	-0.176262	-0.466226	0.805463	
-0.621804	0.435982	0.534837	0.407171	0.608559	-0.392458	-0.375055	0.276478	0.002905	0.50702	-0.301916	-0.802439	0.890848	0.487296	-0.850189	0.223498	0.609255	-0.202821	0.995881	-0.756758	0.068062	0.240545	-0.265293	0.440694	-0.969402	0.138484	-0.27139	0.321295	-0.678239	0.809532	-0.999837	0.21815	0.478975	-0.956476	0.207175	0.572785	0.860349	0.895611	-0.091323	-0.357906	0.702611	0.815872	0.811138	0.470688	0.585586	0.195975	0.050255	-0.354651	0.182275	-0.60975	
-0.879294	-0.710178	0.511356	0.954461	0.455706	0.854338	0.159493	0.260376	0.444776	0.46904	-0.817887	-0.243801	0.262214	-0.020415	-0.909856	-0.009194	0.089322	0.344698	0.603142	0.765976	0.981006	-0.64942	0.99669	0.06435	0.90251	0.616992	-0.731445	-0.919755	0.290373	0.931227	0.811374	0.463042	0.489616	-0.043448	0.706707	0.708893	0.524055	-0.849688	-0.552921	0.449059	0.906662	0.315502	0.279554	0.050143	0.049311	0.384156	-0.152027	-0.862599	0.779027	0.584229	
0.06354	-0.991532	0.900271	-0.925898	-0.46789	0.923252	-0.1264	0.619881	0.348663	0.299621	0.768646	-0.003913	0.9369	-0.577432	0.596308	-0.904203	0.960596	-0.196061	-0.114362	0.854623	0.450142	-0.025031	0.018596	0.932611	-0.589557	-0.018701	0.770141	0.045763	0.690295	-0.222517	0.869788	0.131174	-0.258206	0.820109	0.243552	0.357302	-0.283394	-0.229868	-0.662813	-0.540808	-0.382285	-0.264543	0.578753	0.737089	0.482679	0.758395	0.131432	-0.162041	0.437634	0.243336	
0.686089	0.360527	0.228029	-0.831907	0.24735	-0.526011	0.053753	-0.901201	-0.96773	-0.915791	-0.725301	0.193901	0.463773	0.925797	-0.587299	0.632778	0.459855	0.980796	-0.305259	-0.011351	-0.613047	-0.153808	0.084255	-0.367671	0.038335	0.923021	0.188033	-0.085884	-0.288789	-0.117734	-0.863496	-0.230761	-0.160079	0.637286	0.76878	0.384603	0.104867	0.512786	0.957571	0.537203	-0.428073	-0.599413	-0.066692	-0.054175	0.838832	-0.562838	-0.877032	-0.076674	0.745955	0.453024	
0.024086	0.023623	0.009059	0.035397	0.005799	0.037164	0.037391	0.002072	0.000684	0.015268	0.038875	0.005777	0.038656	0.029326	0.023137	0.026745	0.017509	0.006053	0.014631	0.036102	0.010101	0.013308	0.03487	0.013322	0.026877	0.023311	0.031197	0.006553	0.029536	0.038056	0.018431	0.009876	0.009562	0.005453	0.015932	0.018352	0.011798	0.033063	0.00469	0.015127	0.037068	0.011004	0.006599	0.002868	0.007796	0.011545	0.036111	0.037344	0.017327	0.035569	
0.033757	0.027909	0.011856	0.034639	0.022513	0.036089	0.020618	0.017479	0.039233	0.030207	0.039017	0.001915	0.02585	0.018366	0.010694	0.019631	0.014913	0.000943	0.017743	0.00511	0.019196	0.035777	0.017145	0.010357	0.008324	0.039129	0.003541	0.029213	0.007915	0.017815	0.017207	0.036275	0.033475	0.018524	0.006699	0.022198	0.035894	0.019124	0.006138	0.004813	4.1e-05	0.028334	0.016928	0.001095	0.038825	0.005552	0.02143	0.005384	0.039004	0.026166	
0.035115	0.027106	0.007662	0.020765	0.010102	0.011514	0.004729	0.027666	0.003232	0.029548	0.036058	0.027519	0.036974	0.029043	0.012657	0.026162	0.026145	0.033015	0.016619	0.008963	0.013806	0.011214	0.023117	0.020263	0.016578	0.014229	0.034431	0.031624	0.015676	0.0135	0.018983	0.031953	0.007905	0.035749	0.02726	0.002966	0.004927	0.004081	0.010658	0.009395	0.011391	0.032697	0.027189	0.036499	0.030798	0.006688	0.035294	0.019238	0.010147	0.01115	
0.000424	0.01258	0.020405	0.025661	0.037652	0.020309	0.037187	0.016211	0.007278	0.033619	0.032297	0.000192	0.005385	0.006844	0.030765	0.017029	0.030547	0.006553	0.035906	0.009386	0.003749	0.024185	0.021174	0.014598	0.026127	0.000353	0.012877	0.014745	0.019936	0.023432	0.000279	0.035288	0.015588	0.039564	0.03183	0.036101	0.040181	0.020431	0.01961	0.006025	0.036511	0.036154	0.012079	0.031874	0.032897	0.011593	0.006289	0.016267	0.000877	0.023156	
0.027875	0.024655	0.030755	0.006989	0.01661	0.003829	0.017664	0.004226	0.00053	0.006714	0.017187	0.014328	0.038953	0.023956	0.039458	0.040396	0.01454	0.01882	0.025758	0.034574	0.013056	0.017225	0.000906	0.038372	0.041876	0.011741	0.007862	0.040367	0.023268	0.005214	0.044931	0.016228	0.005197	0.024815	0.017608	0.006871	0.018148	0.037698	0.046005	0.007493	0.000799	0.043788	0.004222	0.008538	0.005631	0.022909	0.002427	0.042398	0.026245	0.010345	
0.02639	0.009978	0.0134	0.025654	0.043384	0.005354	0.039304	0.03585	0.032796	0.003959	0.032215	0.040473	0.007608	0.02946	0.027124	0.016069	0.013975	0.026076	0.035672	0.00125	0.03006	0.026912	0.00699	0.006796	0.038579	0.015527	0.000186	0.023965	0.017788	0.034695	0.009532	0.036317	0.045792	0.01468	0.013386	0.004727	0.003945	0.003726	0.02316	0.00065	0.009054	0.004543	0.039908	0.023473	0.004126	0.011315	0.010301	0.022162	0.02156	0.030154	
0.020455	0.025199	0.001739	0.035284	0.031686	0.005629	0.005279	0.032017	0.012222	0.028483	0.005022	0.009051	0.024949	0.033139	0.016743	0.024227	0.004646	0.014845	0.010412	0.013571	0.003595	0.032271	0.018144	0.020904	0.026514	0.024163	0.009031	0.033988	0.030505	0.015772	0.030298	0.02454	0.0191	0.032797	0.033532	0.02942	0.024738	0.0253	0.000648	0.004802	0.024895	0.011022	0.004658	0.035111	0.006776	0.014456	0.013107	0.029379	0.028521	0.037415	
0.026464	0.008757	0.02232	0.019636	0.034025	0.007734	0.024013	0.029907	0.027067	0.035379	0.0134	0.027203	0.024687	0.015283	0.025627	0.014281	0.022818	0.02497	0.015003	0.020912	0.026213	0.035427	0.021896	0.003144	0.032787	0.01053	0.016788	0.03324	0.028353	0.028572	0.021046	0.000237	0.001362	0.032804	0.010533	0.007405	0.031531	0.000623	0.026829	0.030017	0.028186	0.01509	0.03627	0.007248	0.004484	0.010118	0.015221	8.7e-05	0.012518	0.031955	
0.005386	0.024407	0.00912	0.007583	0.028681	0.01738	0.035204	0.020613	0.028992	0.012971	0.016512	0.019218	0.017127	0.029261	0.013666	0.001348	0.034619	0.037007	0.007418	0.023296	0.024114	0.039254	0.026437	0.03741	0.017174	0.034009	0.009076	0.013049	0.004668	0.004712	0.005581	0.029998	0.025581	0.028796	0.027344	0.020719	0.034991	0.014582	0.023289	0.006324	0.025989	0.014953	0.012398	0.019315	0.014613	0.004139	0.028235	0.026025	0.02862	0.008796	
0.013052	0.009787	0.027434	0.011909	0.03188	0.027525	0.034826	0.021657	0.011697	0.027466	0.023204	0.002356	0.022733	0.007886	0.03019	0.009442	0.024517	0.010702	0.000823	0.018188	0.016809	0.02356	0.008608	0.029249	0.034559	0.009687	0.032198	0.02045	0.022281	0.02809	0.020083	0.026858	0.030514	0.029692	0.01216	0.015856	0.031221	0.025505	0.015157	0.009854	0.020591	0.031894	0.02217	0.017125	0.030595	0.019247	0.001328	0.000662	0.035796	0.010927	
0.034289	0.011834	0.028971	0.004306	0.024446	0.031309	0.003314	0.028438	0.03116	0.018195	0.009611	0.033628	0.020041	0.028852	0.010106	0.022972	0.02438	0.011052	0.010633	0.013186	0.010408	0.00464	0.022873	0.026897	0.01928	0.000826	0.002606	0.021576	0.024547	0.011302	0.035953	0.026549	0.027077	0.031304	0.007321	0.001549	0.006505	0.030302	0.0292	0.026303	0.026369	0.010055	0.01452	0.030732	0.027138	0.033289	0.012244	0.024452	0.016955	0.036505	
0.024767	0.008418	0.028182	0.022842	0.0111	0.028108	0.005943	0.013505	0.001487	0.029698	0.031428	0.026283	0.027456	0.002934	0.023294	0.012334	0.032375	0.023699	0.027419	0.037035	0.003743	0.02387	0.039923	0.025299	0.00357	0.011209	0.039774	0.012364	0.012713	0.027732	0.016163	0.019046	0.034795	0.022186	0.029874	0.031771	0.015118	0.019764	0.028026	0.000408	0.000208	0.001873	0.003534	0.03658	0.016769	0.033639	0.028565	0.034932	0.000247	0.007998	
0.011669	0.031502	0.035552	0.017456	0.021169	0.013497	0.011189	0.003593	0.0176	0.006969	0.009725	0.029912	0.017974	0.022456	0.018703	0.041172	0.022297	0.03509	0.004492	0.027055	0.041402	0.007837	0.033499	0.005675	0.02996	0.010538	0.038064	0.025755	0.014427	0.012271	0.028303	0.027736	0.026003	0.017874	0.034324	0.00646	0.009391	0.006997	0.040638	0.005308	0.007871	0.014196	0.005803	0.011031	0.022958	0.006241	0.024295	0.032726	0.020798	0.032547	
0.000536	0.001895	0.032968	0.018013	0.037352	0.001189	0.028326	0.009964	0.00752	0.02938	0.039415	0.010644	0.022993	0.037717	0.027715	0.009476	0.004026	0.006156	0.022553	0.036341	0.003466	0.026181	0.023023	0.00987	0.017751	0.035114	0.014691	0.004266	0.012733	0.024628	0.000597	0.03761	0.014501	0.02588	0.028863	0.035611	0.027711	0.039223	0.036651	0.016959	0.024607	0.001785	0.036105	0.008752	0.029793	0.006674	0.021821	0.007274	0.011906	0.031775	
0.004584	0.01106	0.020062	0.01459	0.006102	0.022974	0.002705	0.039486	0.014247	0.027361	0.020861	0.02304	0.024475	0.01195	0.022582	0.018044	0.027487	0.026971	0.014042	0.021941	0.013944	0.015591	0.012201	0.017325	0.036233	0.018061	0.029994	0.020217	0.008186	0.032865	0.011566	0.027596	0.018756	0.002066	0.001059	0.011211	0.00849	0.014729	0.034474	0.031398	0.03826	0.035616	0.033755	0.037459	0.009743	0.010151	0.006423	0.02708	0.02201	0.038977	
0.001823	0.019963	0.014276	0.040315	0.019205	0.02564	0.032507	0.017287	0.010336	0.040234	0.01708	0.01033	0.038611	0.020687	0.036484	0.019531	0.022528	0.014394	0.033565	0.000148	0.032656	0.009882	0.011853	0.004059	0.026332	0.007889	0.033002	0.031211	0.023176	0.006983	0.038537	0.013586	0.017835	0.021209	0.038285	0.011454	0.03137	0.015712	0.038294	0.007279	0.002182	0.026534	0.036222	0.01279	0.002094	0.022655	0.013381	0.008546	0.005947	0.014101	
0.031921	0.017572	0.004075	0.033627	0.035192	0.000594	0.03995	0.00979	0.009222	0.02469	0.016809	0.004342	0.01417	0.045146	0.004929	0.015535	0.02832	0.001674	0.002074	0.027313	0.037633	0.04083	0.026895	0.012335	0.008314	0.029331	0.014645	0.037532	0.045292	0.016554	0.005792	0.02251	0.006058	0.040456	0.01738	0.000182	0.010314	0.000443	0.029475	0.027212	0.010954	0.009899	0.015542	0.022248	0.041164	0.01172	0.020856	0.017591	0.018925	0.034973	
0.027014	0.030707	0.040124	0.009132	0.028696	0.016625	0.008818	0.022838	0.029477	0.013118	0.002749	0.029465	0.029662	0.014014	0.029764	0.029039	0.018166	0.024744	0.013795	0.002829	0.032935	0.008781	0.016225	0.039329	0.036475	0.006993	0.027428	0.001399	0.038344	0.010322	0.01084	0.027753	0.015681	0.037919	0.003011	0.005304	0.034398	0.02975	0.015554	0.004411	0.034761	0.015235	0.022671	0.025256	0.006244	0.032258	0.017416	0.011445	0.00761	0.003476	
0.013094	0.02946	0.031193	0.027709	0.022863	0.025671	0.025741	0.000906	0.026288	0.017075	0.039312	0.015384	0.022426	0.036709	0.010951	0.040319	0.017693	0.016989	0.034093	0.036023	0.003059	0.011406	0.005531	0.009181	0.032733	0.038559	0.018894	0.006336	0.027333	0.035652	0.025355	0.008671	0.00091	0.032469	0.013369	0.029842	0.024198	0.003319	0.015447	0.012599	0.004021	0.029338	0.030889	0.021225	0.023212	0.008932	0.004528	0.031136	0.000874	0.001083	
0.016373	0.033642	0.023047	0.02654	0.013264	0.022681	0.002527	0.01774	0.003296	0.020896	0.007198	0.000902	0.012799	0.033749	0.022393	0.004877	0.034749	0.011499	0.012986	0.032075	0.021189	0.032899	0.022606	0.035532	0.013767	0.023129	0.036202	0.033839	0.034221	0.009053	0.015173	0.021697	0.012463	0.030274	0.005039	0.013711	0.019652	0.032257	0.002578	0.023748	0.005204	0.011103	0.023075	0.010531	0.022787	0.034464	0.01828	0.020111	0.030497	0.031686	
0.036857	8.7e-05	0.035611	0.007623	0.001106	0.02493	0.021742	0.00264	0.026239	0.036345	0.029319	0.01402	0.011933	0.021959	0.026207	0.00091	0.031819	0.00662	0.041075	0.025231	0.014891	0.005064	0.040712	0.009687	0.025227	0.011557	0.016272	0.002467	0.03411	0.016884	0.03115	0.009323	0.021384	0.040507	0.038154	0.022691	0.012539	0.037037	0.021071	0.001917	0.012739	0.015318	0.025452	0.011855	0.032556	0.032589	0.025238	0.016512	0.000884	0.01194	
0.016615	0.03413	0.0059	0.025679	0.007244	0.038161	0.010667	0.014073	0.033132	0.011163	0.031861	0.001615	0.034789	0.035788	0.006386	0.012116	0.036051	0.024013	0.033931	0.031864	0.013827	0.022492	0.001133	0.021645	0.002885	0.010164	0.013908	0.029628	0.019801	8.7e-05	0.002729	0.037487	0.027762	0.030559	0.016264	0.004529	0.037606	0.003203	0.033442	0.039448	0.003711	0.039572	0.033554	0.018814	0.010249	0.014228	0.005955	0.008384	0.037592	0.014164	
0.003182	0.008654	0.036733	0.037148	0.010482	0.005662	0.020565	0.011273	0.00454	0.028505	0.026481	0.020023	0.030602	0.040252	0.009922	0.031059	0.023535	0.014052	0.014677	0.025347	0.022075	0.002892	0.039468	0.01321	0.04053	0.034859	0.001512	0.02262	0.004747	0.026108	0.0286	0.02803	0.026544	0.001464	0.005627	0.024411	0.040077	0.017776	0.02324	0.016023	0.005465	0.037188	0.024573	0.032617	0.022583	0.010287	0.01066	0.016942	0.016536	0.000642	
0.026154	0.030348	0.017537	0.006642	0.032953	0.014852	0.020481	0.003519	0.013314	0.025657	0.03673	0.012621	0.038456	0.031898	0.016415	0.027503	0.013021	0.030547	0.030581	0.008251	0.019425	0.005236	0.029781	0.016419	0.003484	0.003163	0.015431	0.037911	0.026706	0.008251	0.024282	0.015979	0.036921	0.025472	0.036296	0.005751	0.032795	0.008657	0.018023	0.022423	0.016112	0.011545	0.023948	0.032452	0.009197	0.001157	0.02346	0.01146	0.027486	0.013297	
0.01792	0.014659	0.026418	0.005377	0.02452	0.024601	0.024764	0.029102	0.021404	0.006819	0.002136	0.031061	0.033953	0.02925	0.020541	0.03287	0.022602	0.016638	0.005233	0.018719	0.01652	0.026058	0.021853	0.012681	0.027764	0.032914	0.007043	0.030033	0.008294	0.029454	0.008524	0.0054	0.018044	0.007911	0.016023	0.031673	0.018894	0.033882	0.012024	0.024782	0.023007	0.016939	0.009082	0.007808	0.032324	0.028528	0.003696	0.026158	0.027504	0.026596	
0.022956	0.004124	0.027202	0.019003	0.002788	0.011731	0.011765	0.027397	0.027134	0.013563	0.009166	0.018088	0.017999	0.0155	0.028126	0.023502	0.024396	0.025816	0.020126	0.033789	0.034222	0.025698	0.002725	0.007913	0.020727	0.026127	0.005622	0.025778	0.008656	0.024649	0.020733	0.015532	0.001282	0.032022	0.034745	0.010794	0.016596	0.028773	0.007009	0.017883	0.034344	0.025144	0.00949	0.024268	0.016762	0.022233	0.022674	0.035476	0.029541	0.028411	
0.022166	0.000902	0.034103	0.038261	0.03421	0.034453	0.007392	0.001333	0.012773	0.03046	0.00348	0.006647	0.007166	0.027227	0.004381	0.015867	0.02178	0.03817	0.011928	0.022088	0.004183	0.012107	0.031422	0.015841	0.032944	0.019109	0.042806	0.037922	0.003964	0.001594	0.003559	0.023256	0.025848	0.038942	0.030187	0.042336	0.036189	0.018171	0.014699	0.000599	0.010236	0.006589	0.0067	0.018517	0.039099	0.011308	0.038774	0.03167	0.00606	0.020582	
0.034501	0.000848	0.025697	0.029163	0.031494	0.000238	0.02179	0.018204	0.013944	0.037402	0.027256	0.005399	0.02814	0.035189	0.042051	0.001633	0.012109	0.02814	0.029689	0.026829	0.027495	0.020206	0.01954	0.001963	0.003669	0.029334	0.03487	0.028382	0.022115	0.021625	0.004165	0.008705	0.004365	0.007603	0.020249	0.002708	0.007626	0.041806	0.043242	0.009213	0.027912	0.007337	0.010879	0.037226	0.010449	0.021205	0.027979	0.035825	0.010563	0.002028	
0.028319	0.010621	0.030488	0.001444	0.029564	0.02245	0.036555	0.003562	0.02894	0.003248	0.028215	0.006601	0.02429	0.024721	0.03422	0.02949	0.005947	0.020677	0.024543	0.031268	0.011988	0.003054	0.026753	0.025048	0.032383	0.021268	0.028042	0.011123	0.016154	0.026623	0.028879	0.013663	0.018085	0.014686	0.02462	0.014663	0.013974	0.008425	0.016355	0.019223	0.012459	0.012816	0.010268	0.000313	0.027901	0.035519	0.027482	0.009402	0.027611	0.036057	
0.021389	0.033846	0.016675	0.014552	0.016157	0.04022	0.006949	0.043638	0.00438	0.042214	0.007939	0.028763	0.018094	0.003356	0.002377	0.023945	0.009103	0.034194	0.014777	0.039326	0.005909	0.025936	0.011269	0.024651	0.029257	0.016185	0.023649	0.033383	0.023162	0.039543	0.008891	0.024851	0.034734	0.006658	0.027488	0.009077	0.013527	0.019056	0.007254	0.004616	0.017479	0.001817	0.037112	0.029457	0.01381	0.012873	0.017918	0.00754	0.03358	0.017424	
0.028856	0.014041	0.019943	0.022079	0.011859	0.019695	0.023364	0.00075	0.022911	0.022411	0.039233	0.031065	0.023081	0.035933	0.029814	0.039305	0.038181	0.040304	0.031939	0.004421	0.004579	0.015241	0.004566	0.010399	0.025429	0.032012	0.008245	0.014533	0.017742	0.011441	0.008951	0.020808	0.022117	0.036698	0.025176	0.013039	0.014753	0.013276	0.004129	0.027796	0.016865	0.023549	0.029623	0.001329	0.007467	0.017821	0.002803	0.003904	0.033946	0.032578	
0.03991	0.000679	0.019395	0.039832	0.035369	0.029228	0.031969	0.033186	0.011324	0.005766	0.029165	0.000125	0.008959	0.003176	0.008981	0.011752	0.019371	0.015276	0.032271	0.03433	0.029898	0.028435	0.001405	0.014256	0.031002	0.035657	0.029443	0.018078	0.03314	0.005049	0.010894	0.012162	0.015104	0.00273	0.039301	0.01109	0.031091	0.003965	0.032553	0.027225	0.027924	0.022512	0.000441	0.020114	0.029638	0.02709	0.029358	0.01519	0.001311	0.00388	
0.010403	0.010726	0.033138	0.026871	0.017781	0.014181	0.027148	0.011987	0.019765	0.010076	0.021091	0.002644	0.030014	0.005762	0.001987	0.024971	0.031975	0.003159	0.0101	0.001504	0.00267	0.022773	0.0291	0.019098	0.031616	0.001333	0.02518	0.020646	0.017025	0.035534	0.033906	0.004067	0.010859	0.029563	0.011576	0.027133	0.009643	0.036455	0.013881	0.024044	0.027834	0.036488	0.035606	0.01527	0.026357	0.028971	0.008951	0.037046	0.031572	0.03052	
0.036543	0.010305	0.034712	0.022616	0.011179	0.040716	0.046559	0.009524	0.031901	0.030459	0.015903	0.026357	0.000493	0.02883	0.012468	0.039015	0.044981	0.000133	0.009532	0.044272	0.002398	0.027539	0.005956	0.031251	0.006854	0.018468	0.031805	0.00723	0.009981	0.00026	0.038748	0.009568	0.014681	0.019454	0.004927	0.020953	0.015468	0.011236	0.036678	0.032191	0.013916	0.008385	0.009646	0.02157	0.00557	0.016979	0.012127	0.023405	0.01796	0.028298	
0.025232	0.002412	0.026056	0.02985	0.002018	0.025363	0.025697	0.025465	0.044294	0.018137	0.000511	0.043956	0.012394	0.028565	0.009162	0.030577	0.00676	0.002272	0.014236	0.034627	0.040705	0.030795	0.020033	0.040305	0.02041	0.004837	0.011503	0.014219	0.007855	0.039631	0.008373	0.027618	0.01428	0.019615	0.010051	0.034462	0.008755	0.031478	0.015288	0.037305	0.030991	0.005096	0.012431	0.040996	0.020264	0.003959	0.010228	0.005982	0.001169	0.023782	
0.016719	0.005402	0.003764	0.002653	0.032028	0.026957	0.017478	0.003533	0.014408	0.042966	0.006721	0.015664	0.000937	0.01724	0.030809	0.029328	0.03786	0.043945	0.04366	0.031944	0.001701	0.037676	0.015506	0.007004	0.025002	0.011533	0.001769	0.04414	0.028873	0.021163	0.001739	0.0355	0.026579	0.021313	0.033164	0.000804	0.016461	0.031268	0.001578	0.008994	0.006742	0.044888	0.002728	0.032213	0.033613	0.009005	0.010593	0.032367	0.021105	0.010963	
0.015787	0.041846	0.001298	0.045553	0.033425	0.018797	0.044093	0.011731	0.003006	0.013618	0.005044	0.022982	0.043661	0.008408	0.02878	0.015329	0.00642	0.027877	0.044599	0.000798	0.032506	0.010545	0.015908	0.021072	0.013718	0.003135	0.009834	0.028139	0.023661	0.024831	0.020985	0.007011	0.008258	0.03257	0.043714	0.006448	0.006059	0.001487	0.011894	0.038527	0.000237	0.026085	0.032334	0.038127	0.02624	0.017182	0.001291	0.013413	0.045088	0.006649	
0.031999	0.012778	0.029768	0.009481	0.032486	0.003868	0.030257	0.022302	0.024843	0.032362	0.02171	0.001934	0.022483	0.021325	0.018945	0.010473	0.029248	2.3e-05	0.030395	0.008443	0.008337	0.026346	0.034	0.031785	0.015301	0.02985	0.031708	0.03599	0.033034	0.015857	0.012664	0.034906	0.033115	0.0301	0.022428	0.009354	0.026568	0.003948	0.002899	0.035615	0.00736	0.012683	0.002547	0.016152	0.004329	0.015918	0.006255	0.028164	0.013271	0.024393	
0.018701	0.027827	0.014599	0.028243	0.006031	0.007741	0.016767	0.022115	0.011628	0.033211	0.002894	0.024082	0.032244	0.016628	0.033532	0.005527	0.009966	0.032731	0.017202	0.014043	0.017421	0.028035	0.022849	0.035085	0.033551	0.03311	0.003369	0.011885	0.021523	0.002483	0.014848	0.021275	0.035333	0.00608	0.023851	0.001302	0.028038	0.012454	0.007373	0.033817	0.011681	0.027064	0.032428	0.01986	0.030385	0.02056	0.024515	0.002337	0.025721	0.036055	
0.017699	0.031222	0.003611	0.030588	0.022277	0.033338	0.030948	0.02482	0.029743	0.008436	0.030618	0.019038	0.014338	0.011581	0.012755	0.021033	0.030219	0.011652	0.021845	0.014799	0.006666	0.009486	0.011435	0.019935	0.010817	0.009253	0.032858	0.034678	0.00756	0.000543	0.00528	0.007925	0.01654	0.034607	0.029514	0.016375	0.033032	0.023804	0.022475	0.007297	0.034344	0.039452	0.01763	0.022145	0.00426	0.008761	0.02106	0.024736	0.036958	0.030014	
0.016845	0.003893	0.03886	0.035689	0.034719	0.0037	0.037278	0.00786	0.008353	0.019863	0.017017	0.007165	0.028814	0.002282	0.026974	0.012459	0.007316	0.015269	0.01769	0.026361	0.016035	0.038901	0.018564	0.014916	0.003936	0.005478	0.041879	0.026952	0.039723	0.037671	0.01905	0.031953	0.031755	0.031826	0.024143	0.030856	0.002808	0.01159	0.038514	0.019167	0.000893	0.041221	0.00094	0.007397	0.002724	0.014737	0.006715	0.006914	0.031217	0.033118	
0.02456	0.024328	0.016338	0.017645	0.020659	0.013867	0.022167	0.023975	0.006306	0.008956	0.002239	0.005763	0.016365	0.025588	0.003836	0.028734	0.029985	0.029953	0.014362	0.029613	0.021793	0.027577	0.001879	0.013633	0.028494	0.00768	0.032457	0.024957	0.014566	0.026758	0.024189	0.022802	0.022208	0.018803	0.016035	0.01149	0.03289	0.028923	0.024911	0.022369	0.001026	0.02055	0.032993	0.02938	0.015779	0.018886	0.008133	0.02737	0.027953	0.028277	
0.009278	0.032536	0.009574	0.002293	0.03868	0.02678	0.021418	0.037569	0.008274	0.006116	0.028107	0.040821	0.004374	0.004458	0.002976	0.038156	0.006563	0.014615	0.008022	0.024129	0.018482	0.003566	0.008273	0.041234	0.013054	0.006724	0.041784	0.002451	0.019227	0.036258	0.018975	0.01406	0.032857	0.028883	0.040412	0.03205	0.009593	0.003573	0.014334	0.040983	0.037854	0.014349	0.003814	0.030461	0.012642	0.01632	0.0244	0.00944	0.024841	0.034367	
0.016704	8.3e-05	0.022613	0.027764	0.018055	0.031935	0.025544	0.013274	0.001851	0.029844	0.006661	0.031373	0.014561	0.022349	0.034233	0.025077	0.01563	0.015427	0.032379	0.021649	0.014603	0.030169	0.022498	0.025489	0.005415	0.011819	0.009131	0.03354	0.031605	0.021702	0.015871	0.014222	0.022809	0.021586	0.01339	0.000861	0.009996	0.017815	0.017707	0.022701	0.034074	0.026224	0.027659	0.030358	0.012236	0.02244	0.01662	0.009759	0.028604	0.022091	
0.01342	0.003612	0.024686	0.009294	0.01915	0.013664	0.014202	0.03297	0.010657	0.03029	0.013713	0.025312	0.013711	0.005478	0.012328	0.010759	0.005965	0.031059	0.026263	0.023281	0.032777	0.031181	0.026457	0.02587	0.021253	0.018853	0.022136	0.005574	0.032931	0.029094	0.010794	0.026703	0.030519	0.013202	0.031188	0.019665	0.010165	0.030385	0.0085	0.024175	0.030129	0.024943	0.026865	0.000314	0.033349	0.007261	0.01509	0.031949	0.027893	0.010971	
0.030924	0.013586	0.0085	0.03541	0.000446	0.01764	0.008173	0.02887	0.042564	0.007977	0.035981	0.003949	0.015626	0.016485	0.011348	0.036075	0.00086	0.004636	0.004001	0.02676	0.019269	0.01354	0.034639	0.020317	0.027829	0.032602	0.030605	0.000208	0.034347	0.02117	0.026195	0.01596	0.005957	0.012782	0.031477	0.002025	0.012236	0.040204	0.041926	0.012711	0.030742	0.037736	0.030799	0.012703	0.019273	0.025688	0.004868	0.003275	0.036693	0.012413	
0.022255	0.011736	0.001641	0.023665	0.022901	0.031806	0.025239	0.020055	0.003147	0.004935	0.018045	0.015199	0.00643	0.00664	0.02055	0.026654	0.031897	0.035911	0.001336	0.028047	0.014661	0.033506	0.028518	0.026483	0.010471	0.005335	0.011399	0.015101	0.016502	0.020748	0.035897	0.024952	0.034235	0.01486	0.027391	0.007233	0.020661	0.021945	0.003536	0.023393	0.000353	0.029293	0.006525	0.033767	0.036596	0.019252	0.033793	0.019815	0.029065	0.036625	
0.016841	0.031772	0.019894	0.033495	0.017698	0.017368	0.00564	0.007828	0.00075	0.02523	0.032154	0.031881	0.000806	0.021805	0.020562	0.030659	0.003556	0.03116	0.027852	0.005297	0.031949	0.007873	0.019974	0.001611	0.034794	0.024001	0.013469	0.002631	0.027698	0.012486	0.028172	0.026823	0.008277	0.016561	0.029961	0.007168	0.028228	0.018733	0.013208	0.029161	0.032631	0.007305	0.034365	0.029716	0.033769	0.00373	0.022179	0.024595	0.033489	0.013195	
0.035785	0.000629	0.001424	0.033842	0.016156	0.036299	0.007659	0.025077	0.024776	0.012626	0.023378	0.002733	0.035167	0.022241	0.031343	0.003116	0.030131	0.03622	0.033178	0.0021	0.01782	0.034115	0.018218	0.027213	0.013475	0.013667	0.038001	0.013746	0.009464	0.014759	0.024153	0.02148	0.021206	0.015323	0.003733	0.038188	0.014406	0.004701	0.003637	0.008776	0.005961	0.021351	0.039214	0.025041	0.017358	0.040018	0.004191	0.032353	0.033717	0.010835	
0.035745	0.027203	0.014641	0.023869	0.029259	0.002232	0.016894	0.037636	0.009562	0.009066	0.016109	0.011715	0.015252	0.005929	0.041614	0.027476	0.040436	0.010398	0.017698	0.02135	0.040974	0.033537	0.032876	0.039893	0.026505	0.009441	0.032434	0.021899	0.012819	0.023817	0.019678	0.021829	0.020803	0.007382	0.010093	0.009931	0.039617	0.006447	0.027919	0.016428	0.021955	0.011098	0.006692	0.017985	0.001617	0.021879	0.019618	0.025963	0.004186	0.000601	
0.024346	0.024543	0.038949	0.04447	0.030454	0.038373	0.039225	0.014101	0.037028	0.044509	0.000979	0.011842	0.01444	0.037958	0.024084	0.000737	0.007842	0.030082	0.007283	0.002747	0.001249	0.014278	0.0368	0.032236	0.034236	0.033005	0.003992	0.013668	0.032619	0.003249	0.009377	0.002045	0.033853	0.001832	0.040226	0.002165	0.011387	0.011353	0.016679	0.006597	0.001012	0.032559	0.022095	0.021368	0.010521	0.017667	0.019079	0.035288	0.007955	0.017618	
0.026305	0.011871	0.021797	0.010479	0.015541	0.040158	0.028051	0.003591	0.032687	0.012261	0.033288	0.015374	0.005041	0.024776	0.032672	0.013839	0.026948	0.000416	0.035677	0.017773	0.016909	0.02868	0.047776	0.031547	0.032741	0.017019	0.004444	0.037794	0.028142	0.000445	0.026153	0.001994	0.017627	0.017999	0.021178	0.04027	0.005019	0.032425	0.022008	0.027141	0.010632	0.016246	0.013465	0.015515	0.012226	0.008749	0.007412	0.022814	0.017609	0.009476	
0.018899	0.034937	0.019143	0.007991	0.016211	0.004737	0.03248	0.004935	0.017117	0.032865	0.011957	0.028993	0.018931	0.03354	0.025978	0.032335	0.024835	0.014933	0.026635	0.021534	0.035894	0.020704	0.028247	0.007623	0.024896	0.029792	0.024498	0.020655	0.013024	0.034503	0.018652	0.006121	0.010623	0.031772	0.012264	0.018293	0.032696	0.015693	0.00145	0.018423	0.012865	0.014321	0.005006	0.019276	0.002416	0.028132	0.026155	0.018506	0.02482	0.013694	
0.008531	0.036316	0.02766	0.000906	0.023658	0.033396	0.024655	0.025925	0.019631	0.006449	0.022108	0.030913	0.032933	0.015944	0.012665	0.034539	0.022839	0.030565	0.028159	0.025317	0.022919	0.000408	0.014739	0.014418	0.023577	0.00229	0.027308	0.008587	0.014574	0.010609	0.000499	0.008048	0.029507	0.026595	0.021679	0.025892	0.016665	0.032349	0.005634	0.022482	0.009039	0.02943	0.027557	0.035881	0.010173	0.034368	0.030918	0.002125	0.012688	0.015933	
0.017724	0.018737	0.024439	0.033239	0.014066	0.003815	0.007361	0.0352	0.00508	0.002142	0.012392	0.007898	0.023262	0.015065	0.026564	0.022283	0.028085	0.012527	0.023269	0.017392	0.019874	0.028863	0.026374	0.0161	0.030042	0.025848	0.032762	0.000882	0.021938	0.022699	0.031067	0.033774	0.019392	0.018018	0.007389	0.003018	0.036865	0.034318	0.029938	0.006256	0.027483	0.018381	0.024927	0.035451	0.021076	0.017867	0.031064	0.008405	0.007998	0.011391	
0.007391	0.039447	0.037897	0.019404	0.044436	0.034785	0.029963	0.012579	0.013083	0.040424	0.003121	0.013423	0.037637	0.013238	0.027527	0.036046	0.043938	0.047186	0.006929	0.000191	0.005881	0.001036	0.035554	0.005318	0.012253	0.00691	0.0214	0.045701	0.023182	0.018125	0.002724	0.00878	0.03626	0.009041	0.000356	0.024885	0.001762	0.001317	0.02111	0.00565	0.030717	0.025955	0.005788	0.026018	0.010967	0.021875	0.023027	0.002161	0.043135	0.014467	
0.035583	0.037829	0.031879	0.007947	0.008646	0.024435	0.038226	0.007301	0.042026	0.01185	0.017727	0.010892	0.012455	0.02364	0.04154	0.031068	0.006628	0.044107	0.017183	0.014636	0.032248	0.00917	0.009449	0.023558	0.014338	0.005339	0.034791	0.015682	0.004737	0.018156	0.027187	0.00451	0.030565	0.032964	0.034351	0.028171	0.003655	0.017269	0.004619	0.001484	0.013722	0.017282	0.019991	0.020425	0.01461	0.007056	0.027585	0.025981	0.034245	0.001262	
0.016499	0.023071	0.002079	0.007476	0.013997	0.030295	0.003304	0.035212	0.023523	0.03571	0.036861	0.028087	0.0228	0.000801	0.018947	0.02424	0.037773	0.011334	0.012315	0.009881	0.026312	0.03358	0.033581	0.014553	0.006545	0.007978	0.0263	0.036883	0.015087	0.018733	0.008007	0.023411	0.022467	0.020928	0.011115	0.024991	0.021351	0.002801	0.006794	0.030372	0.034986	0.025145	0.001299	0.02643	0.030761	0.002737	0.030872	0.01373	0.034949	0.013097	
0.009355	0.041448	0.017457	0.00495	0.043958	0.000514	0.04373	0.007106	0.013503	0.002063	0.019086	0.042356	0.023598	0.005437	0.033569	0.032328	0.024121	0.016722	0.030342	0.038077	0.025969	0.019823	0.016747	0.011731	0.024766	0.004202	0.010451	0.007015	0.001715	0.000894	0.024169	0.007594	0.02709	0.009115	0.033246	0.004309	0.029296	0.015945	0.020961	0.004384	0.003364	0.044622	0.040597	0.016135	0.008966	0.001563	0.04451	0.02187	0.026754	0.042477	
0.012445	0.016462	0.040674	0.017954	0.016351	0.009121	0.013144	0.024145	0.007022	0.016118	0.02756	6.5e-05	0.004945	0.042674	0.021674	0.005463	0.022372	0.014543	0.003618	0.008995	0.008242	0.035749	0.005528	0.023172	0.001587	0.03486	0.031948	0.028356	0.022504	0.041832	0.024199	0.007528	0.002716	0.046495	0.042884	0.014059	0.031193	0.037645	0.020793	0.013521	0.024326	0.01935	0.013777	0.009644	0.004133	0.02138	0.026713	0.008633	0.043503	0.028385	
0.004852	0.019624	0.003943	0.003019	0.0305	0.019608	0.034158	0.035377	0.019352	0.025079	0.013107	0.034247	0.005748	0.015779	0.005502	0.031677	0.014362	0.034546	0.016807	0.012882	0.030121	0.014414	0.035951	0.021938	0.020985	0.025965	0.005192	0.032542	0.01153	0.026857	0.028181	0.02711	0.019979	0.010584	0.00294	0.025709	0.026845	0.019232	0.028389	0.001894	0.036649	0.003549	0.024264	0.00411	0.030314	0.032009	0.022116	0.012131	0.023396	0.014935	
0.008746	0.032267	0.002204	0.024002	0.030917	0.018451	0.045438	0.013853	0.001127	0.030415	0.041928	0.001396	0.011317	0.018374	0.014235	0.004906	0.032377	0.02879	0.00012	0.043948	0.034466	0.015788	0.032939	0.036916	0.004885	0.020264	0.014438	0.009472	0.026512	0.011005	0.037207	0.022695	0.006547	0.04064	0.00601	0.011056	0.01817	0.008073	0.029709	0.001824	0.016975	0.04338	0.022325	0.013867	0.018646	0.03711	0.017472	0.006488	0.019695	0.010615	
0.027392	0.014057	0.00808	0.013203	0.026894	0.002197	0.024957	0.004575	0.02295	0.014005	0.022483	0.02911	0.020304	0.023531	0.020234	0.025916	0.024644	0.003085	0.025303	0.020507	0.031275	0.027213	0.030561	0.021025	0.004857	0.028164	0.020656	0.008487	0.022936	0.027705	0.020456	0.001947	0.027428	0.003665	0.014429	0.021725	0.025957	0.008719	0.034097	0.019378	0.016457	0.019529	0.033814	0.016683	0.034072	0.028614	0.01345	0.030617	0.030833	0.001824	
0.024754	0.00157	0.022402	0.031391	0.009219	0.018541	0.025381	0.026533	0.012391	0.008022	0.007513	0.036999	0.010483	0.033745	0.02742	0.034621	0.036648	0.026039	0.031725	0.025198	0.016555	0.00784	0.026116	0.028944	0.034301	0.013406	0.011738	0.024827	0.008912	0.004981	0.02091	0.027408	0.025846	0.024432	0.0184	0.006695	0.003852	0.003467	0.004152	0.007006	0.025525	0.022669	0.017843	0.007293	0.026735	0.013037	0.034761	0.027931	0.035446	0.018377	
0.037781	0.003368	0.02266	0.025286	0.032841	0.023123	0.010821	0.020592	0.01923	0.001255	0.033869	0.011981	0.015216	0.009827	0.037826	0.02025	0.031323	0.002807	0.006391	0.012491	0.010451	0.014221	0.021562	0.010072	0.010043	0.020414	0.02512	0.014705	0.004742	0.022151	0.025129	0.021225	0.000204	0.021474	0.009993	0.01707	0.031831	0.013885	0.036795	0.030337	0.038295	0.02625	0.008952	0.043316	0.002799	0.046836	0.021618	0.019146	0.008803	0.043623	
0.030626	0.034659	0.030565	0.036353	0.005465	0.021871	0.005261	0.005957	0.01097	0.024732	0.016397	0.019976	0.033187	0.008368	0.031969	0.016016	0.025376	0.003289	0.006199	0.026719	0.018194	0.029463	0.029171	0.022904	0.008614	0.032765	0.027022	0.021828	0.004047	0.011638	0.024283	0.024489	0.020047	0.015822	0.005179	0.033636	0.002748	0.015142	0.021226	0.023404	0.024014	0.021264	0.033392	0.034246	0.021868	0.035601	0.011649	0.0138	0.003366	0.015223	
0.011148	0.020551	0.011557	0.034909	0.003259	0.025879	0.032376	0.00816	0.010531	0.005428	0.031427	0.020568	0.014063	0.012939	0.019656	0.032192	0.022105	0.030541	0.021705	0.003124	0.006245	0.034189	0.019662	0.033286	0.000245	0.029303	0.020883	0.028333	0.019673	0.026305	0.000625	0.030297	0.002323	0.001712	0.034773	0.014128	0.025947	0.030427	0.017842	0.032329	0.012806	0.017685	0.031733	0.018766	0.034896	0.01144	0.014671	0.011716	0.03426	0.031382	
0.018643	0.017646	0.019819	0.018688	0.031667	0.006377	0.009962	0.032554	0.022494	0.00405	0.015345	0.019473	0.022257	0.026186	0.027573	0.002435	0.014528	0.009289	0.00635	0.033132	0.02091	0.030583	0.00574	0.02394	0.018734	0.010821	0.022563	0.019199	0.032748	0.033967	0.003531	0.000791	0.034592	0.008944	0.036651	0.022397	0.007191	0.021251	0.024381	0.031696	0.035977	0.001074	0.035202	0.03666	0.032505	0.01764	0.023836	0.025575	0.006041	0.016392	
0.030857	0.028092	0.006609	0.028254	0.006756	0.001419	0.023638	0.029696	0.009472	0.016997	0.018107	0.001792	0.015971	0.009815	0.025795	0.019624	0.033198	0.005847	0.024846	0.01386	0.030044	0.019642	0.02435	0.02534	0.027943	0.010931	0.029024	0.00088	0.033042	0.032433	0.017346	0.024633	0.034051	0.012979	0.013775	0.032814	0.032099	0.031607	0.033399	0.012488	0.018742	0.012244	0.020521	0.0214	0.009077	0.002068	0.035234	0.013921	0.029108	0.00822	
0.032162	0.029158	0.021535	0.034658	0.029714	0.000705	0.004424	0.005905	0.027846	0.022592	0.017209	0.008143	0.040134	0.016822	0.03531	0.005851	0.01236	0.031134	0.011456	0.020676	0.025219	0.030582	0.026168	0.042342	0.04231	0.0426	0.009709	0.021916	0.006899	0.023338	0.010681	0.007458	0.037438	0.00462	0.037395	0.033004	0.019727	0.031981	0.024296	0.019288	3.7e-05	0.006454	0.007998	0.011426	0.013031	0.007878	0.013128	0.0126	0.011327	0.011356	
0.029627	0.028014	0.005479	0.03367	0.036962	0.008099	0.025467	0.016706	0.007432	0.009625	0.015438	0.01999	0.0233	0.01819	0.012947	0.028442	0.029602	0.013527	0.017384	0.037265	0.003475	0.014323	0.026885	0.022979	0.020771	0.024676	0.034837	0.008447	0.011313	0.033527	0.030464	0.02036	0.024023	0.010351	0.006627	0.014666	0.020397	0.017478	0.036222	0.025398	0.014184	0.011575	0.028333	0.004431	0.030316	0.00517	0.015763	0.032721	0.028045	0.005077	
0.031422	0.024185	0.010765	0.028445	0.028287	0.032958	0.03138	0.018425	0.002026	0.031203	0.026911	0.032176	0.029346	0.018716	0.000556	0.022435	0.017855	0.025887	0.008376	0.029289	0.031437	0.01565	0.00955	0.023699	0.007616	0.013731	0.008066	0.007311	0.023637	0.022449	0.014501	0.03311	0.030153	0.027574	0.009115	0.000373	0.029868	0.017565	0.022627	0.002392	0.00684	0.019366	0.012009	0.019975	0.024592	0.013884	0.025484	0.021307	0.026935	0.028541	
0.019263	0.032385	0.001665	0.019095	0.013306	0.01533	0.02865	0.002923	0.019654	0.031601	0.010234	0.026788	0.002232	0.036385	0.025365	0.027673	0.026799	0.037527	0.006107	0.004265	0.032621	0.018544	0.027343	0.034327	0.015064	0.009995	0.009005	0.009677	0.035791	0.029104	0.032951	0.022517	0.022056	0.00373	0.02722	0.014673	0.032256	0.026807	0.015462	0.020978	0.017544	0.005735	0.019802	0.00618	0.01675	0.006904	0.002563	0.026623	0.030572	0.039959	
0.010439	0.009391	0.012085	0.02739	9.5e-05	0.031165	0.019177	0.008871	0.008294	0.034136	0.010842	0.014002	0.014169	0.005867	0.012799	0.010101	0.03881	0.017398	0.018666	0.013552	0.012403	0.028997	0.001262	0.023938	0.008892	0.034465	0.004892	0.029032	0.00685	0.013556	0.021961	0.02542	0.036991	0.022101	0.03941	0.034635	0.030068	0.026328	0.02983	0.0181	0.010251	0.029332	0.024524	0.003676	0.037706	0.030615	0.039608	0.035265	6.9e-05	0.022574	
0.016296	0.028649	0.036201	0.01508	0.032109	0.002889	0.00692	0.014456	0.02636	0.021591	0.042935	0.002879	0.000231	0.010203	0.024255	0.029089	0.015502	0.022096	0.014844	0.0372	0.039988	0.032631	0.014265	0.035913	0.008727	0.001363	0.012598	0.004228	0.014483	0.022865	0.035756	0.04241	0.030965	0.014628	0.012776	0.005773	0.038607	0.021418	0.002395	0.041396	0.028099	0.025004	0.018779	0.007648	0.000581	0.037628	0.001637	0.018778	0.011452	0.017424	
0.024948	0.004043	0.034825	0.018559	0.035394	0.009379	0.004042	0.034019	0.015228	0.029113	0.000599	0.010698	0.001379	0.00548	0.012225	0.03404	0.016358	0.022623	0.031833	0.023968	0.021251	0.035806	0.021967	0.034882	0.024602	0.01651	0.022151	0.035689	0.00578	0.015322	0.015118	0.028771	0.029163	0.001022	0.018031	0.034773	0.022569	0.019145	0.02974	0.022585	0.01931	0.015823	0.004044	0.029882	0.013402	0.030619	0.001168	0.029044	0.002137	0.030941	
0.036852	0.035582	0.021957	0.015992	0.029593	0.001216	0.010718	0.020064	0.018289	0.03321	0.032033	0.000105	0.013797	0.004419	0.014652	0.029497	0.022595	0.018278	0.002596	0.00713	0.025381	0.035091	8.9e-05	6.6e-05	0.032314	0.027972	0.008275	0.023451	0.028318	0.028784	0.037459	0.017144	0.009558	0.000483	0.032648	0.022656	0.01372	0.028514	0.031187	0.039302	0.000783	0.023408	0.036933	0.028561	0.000107	0.02621	0.006262	0.000158	0.037917	0.028674	
0.016271	0.01781	0.037304	0.037023	0.001224	0.031622	0.011725	0.020507	0.001383	0.019033	0.02313	0.028029	0.017747	0.021737	0.03145	0.030805	0.035815	0.037161	0.030302	0.020237	0.021896	0.012088	0.011597	0.02274	0.037413	0.018386	0.000368	0.015125	0.017927	0.01938	0.006615	0.029325	0.026277	0.031888	0.01054	0.020602	0.000171	0.006986	0.008085	0.002566	0.007563	0.021979	0.022363	0.018001	0.026034	0.019455	0.023438	0.037028	0.025245	0.008604	
0.03854	0.000494	0.001665	0.012664	0.035851	0.009496	0.004032	0.029239	0.036447	0.017638	0.016052	0.014355	0.013018	0.010423	0.024312	0.024025	0.030649	0.045205	0.028091	0.044122	0.006457	0.019416	0.036107	0.030264	0.036376	0.010373	0.010151	0.023392	0.030196	0.013066	0.035783	0.038366	0.008578	0.012757	0.040458	0.005228	0.008889	0.024576	0.008164	0.007596	0.012126	0.009819	0.008069	0.02977	0.001792	0.014892	0.008179	0.03712	0.018073	0.017649	
0.006856	0.026103	0.034388	0.035651	0.015318	0.002337	0.005495	0.021224	0.001172	0.023385	0.03137	0.031201	0.009868	0.026727	0.00117	0.030371	0.008378	0.012645	0.029096	0.029647	0.006288	0.035704	0.009137	0.033447	0.006596	0.023414	0.033367	0.032589	0.007945	0.025685	0.026991	0.020685	0.034777	0.003094	0.037197	0.025379	0.007574	0.005886	0.00876	0.019438	0.008083	0.02742	0.019052	0.035983	0.022464	0.035767	0.004091	0.005815	0.018274	0.036696	
0.03154	0.02097	0.015141	0.001156	0.012061	0.001028	0.026495	0.001122	0.031601	0.041598	0.032102	0.02344	0.015501	0.030465	0.017993	0.030429	0.004321	0.041724	0.00289	0.03727	0.002105	0.023515	0.023476	0.024624	0.021359	0.002835	0.022627	3.3e-05	0.014877	0.038944	0.037396	0.009151	0.000661	0.026224	0.003563	0.003106	0.006355	0.041762	0.015732	0.00288	0.038609	0.005146	0.031436	0.047816	0.042937	0.000654	0.025022	0.010506	0.026188	0.031614	
0.012392	0.006747	0.038369	0.007519	0.025517	0.022992	0.036895	0.007825	0.017289	0.033622	0.000137	0.003769	0.007649	0.024767	0.027748	0.016928	0.031371	0.025028	0.020644	0.021205	0.018016	0.023984	0.014498	0.035375	0.031132	0.018563	0.013791	0.016006	0.003038	0.032493	0.025857	0.012516	0.024333	0.037325	0.0035	0.002052	0.026808	0.030429	0.025228	0.008678	0.033189	0.013853	0.014688	0.028456	0.007384	0.025927	0.03034	0.011002	0.013269	0.029857	
0.035601	0.016228	0.019107	0.011114	0.004329	0.010047	0.02196	0.005335	0.035256	0.004907	0.034324	0.020587	0.026984	0.007033	0.034007	0.024287	0.036679	0.017812	0.038275	0.032688	0.012268	0.017985	0.018444	0.031605	0.016985	0.008602	0.001974	0.010142	0.011786	0.021038	0.035528	0.021695	0.017422	0.019823	0.003238	0.032876	0.029041	0.018012	0.01564	0.020555	0.022172	0.015658	0.028356	0.029656	0.026741	0.027708	0.007881	0.011988	0.021052	0.007569	
0.006706	0.015226	0.026173	0.004391	0.007232	0.001726	0.02858	0.001186	0.024854	0.036025	0.01992	0.023012	0.015427	0.015059	0.004404	0.001259	0.042283	0.039384	0.012717	0.028966	0.000917	0.028723	0.019931	0.03468	0.007308	0.001854	0.040206	0.032286	0.033877	0.031235	0.022436	0.019737	0.022281	0.018222	0.001763	0.001976	0.012334	0.03788	0.008976	0.018444	0.041323	0.019559	0.005097	0.030687	0.024305	0.019292	0.039988	0.019819	0.020602	0.029732	
0.019711	0.012676	0.036992	0.035059	0.009199	0.013344	0.030786	0.000532	0.020849	0.025877	0.002458	0.015762	0.010324	0.013577	0.038403	0.03961	0.01103	0.02909	0.027685	0.012954	0.000446	0.036671	0.019415	0.028495	0.004556	0.030232	0.009838	0.014159	0.004713	0.001947	0.029495	0.014	0.023054	0.01094	0.027884	0.025531	0.022169	0.029326	0.014766	0.016073	0.028688	0.023003	0.010239	0.034414	0.039004	0.031612	0.015766	0.000674	0.013327	0.033645	
0.000765	0.024491	0.028227	0.016052	0.036016	0.001844	0.022956	0.024052	0.01495	0.023027	0.025131	0.025631	0.034836	0.006912	0.023984	0.00343	0.034331	0.012903	0.028556	0.026983	0.012743	0.017308	0.010046	0.021539	0.028771	0.011015	0.029091	0.030663	0.000121	0.024058	0.037208	0.037285	0.005358	0.009788	0.007721	0.027499	0.00994	0.028742	0.009517	0.022868	0.019256	0.032517	0.029746	0.016117	0.036167	0.001495	0.000513	0.007952	0.032093	0.027786	
0.033512	0.004903	0.025098	0.008454	0.032219	0.011821	0.021263	0.020822	0.021409	0.018015	0.020097	0.006169	0.028423	0.020471	0.003419	0.013978	0.001284	0.016818	0.038779	0.029248	0.007392	0.009913	0.016772	0.004393	0.017547	0.037509	0.042055	0.033675	0.040323	0.013162	0.030163	0.025995	0.03332	0.000504	0.037596	0.025328	0.018278	0.008142	0.006833	0.022489	0.008062	0.025443	0.037316	0.014457	0.000838	0.02246	0.010519	0.03911	0.017828	0.016376	
0.011094	0.020098	0.005055	0.029561	0.006207	0.034504	0.013347	0.030689	0.019349	0.021134	0.000606	0.023843	6.2e-05	0.033557	0.008816	0.006489	0.028763	0.010724	0.025907	0.023968	0.018308	0.015132	0.001798	0.033627	0.013398	0.032181	0.02528	0.031026	0.031148	0.032734	0.022611	0.002195	0.014671	0.026811	0.034047	0.02963	0.02698	0.006219	0.026971	0.027514	0.020454	0.029236	0.029866	0.031723	0.016988	0.023034	0.002668	0.001369	0.015685	0.022923	
0.039353	0.015734	0.001737	0.035545	0.011664	0.033743	0.021119	0.02404	0.009858	0.018787	0.03008	0.0289	0.001505	0.015393	0.016395	0.001538	0.0192	0.014343	0.008731	0.003421	0.020265	0.022142	0.016981	0.012711	0.008563	0.0302	0.024205	0.032153	0.037359	0.014764	0.031656	0.01745	0.037674	0.020689	0.035304	0.035865	0.022398	0.011707	0.027766	0.016805	0.006361	0.035815	0.012558	0.031228	0.007521	0.037735	0.000212	0.025084	0.000613	0.01513	
0.035419	0.020225	0.021686	0.006755	0.035477	0.001081	0.028332	0.02441	0.0096	0.037145	0.03782	0.03093	0.00372	0.0048	0.028677	0.006799	0.005206	0.016665	0.019847	0.038209	0.023006	0.006644	0.025509	0.032155	0.023653	0.036828	0.020699	0.015269	0.013286	0.00992	0.001988	0.019356	0.002562	0.038784	0.021565	0.035642	0.032544	0.026856	0.01325	0.001436	0.018303	0.021719	0.02921	0.035373	0.019224	0.005389	0.016109	0.025024	0.013876	0.002018	
0.024414	0.01866	0.028782	0.006545	0.020318	0.02261	0.031397	6.2e-05	0.004163	0.025848	0.016011	0.044271	0.045472	0.011616	0.026369	0.007933	0.038894	0.013826	0.023987	0.007937	0.002003	0.001499	0.043643	0.013237	0.030057	0.052049	0.031158	0.007703	0.048782	0.025915	0.011724	0.013038	0.008517	0.020628	0.020729	0.020454	0.022169	0.00483	0.025876	0.010719	0.016013	0.003691	0.001213	0.01636	0.034166	0.020645	0.02482	0.003212	0.01704	0.028995	
0.037097	0.03814	0.031104	0.031881	0.002349	0.027187	0.020757	0.0108	0.009006	0.008033	0.015183	0.008624	0.028496	0.028852	0.025723	0.005002	0.021589	0.025141	0.016612	0.036816	0.022496	0.004799	0.026709	0.017355	0.034982	0.005174	0.016224	0.037581	0.030459	0.017998	0.033756	0.018068	0.018377	0.024973	0.022529	0.028867	0.003496	0.024516	0.017933	0.012684	0.007242	0.021095	0.014914	0.022274	0.019028	0.018773	0.00474	0.023323	0.017684	0.003559	
0.014912	0.033954	0.028066	0.026418	0.021909	0.020732	0.030748	0.008432	0.019118	0.006255	0.036956	0.02831	0.040018	0.005067	0.005708	0.014113	0.008398	0.016811	0.004402	0.029032	0.01968	0.007452	0.020054	0.002628	0.033949	0.003351	0.040154	0.015509	0.027527	0.002349	0.038339	0.031197	0.008116	0.002316	0.005043	0.033495	0.032918	0.03404	0.026075	0.030536	0.002567	0.022155	0.037665	0.01202	0.03828	0.011306	0.005857	0.011971	0.039366	0.004726	
0.009387	0.018412	0.03511	0.039506	0.010273	0.003916	0.025805	0.038874	0.035481	0.007051	0.003004	0.017256	0.00977	0.025461	0.01264	0.003691	0.023154	0.040235	0.022852	0.024456	0.041533	0.004086	5.2e-05	0.027135	0.006066	0.020207	0.018099	0.041053	0.018161	0.017974	0.034591	0.01775	0.014163	0.003591	0.006629	0.036418	0.012142	0.006219	0.026112	0.010283	0.041828	0.016063	0.032304	0.015537	0.010657	0.021631	0.036873	0.024984	0.028273	0.003252	
0.006397	0.017619	0.023128	0.020535	0.003225	0.041851	0.033229	0.000341	0.00467	0.029137	0.03476	0.023951	0.006292	0.00977	0.001218	0.008383	0.015955	0.043311	0.017821	0.038239	0.024841	0.03776	0.02384	0.016736	0.042275	0.023949	0.030985	0.006235	0.039537	0.016811	0.019425	0.039196	0.017219	0.01864	0.003083	0.00926	0.013079	0.002287	0.025511	0.028707	0.015379	0.021623	0.027473	0.027677	0.021238	0.003385	0.003733	0.002996	0.036921	0.020367	
0.016482	0.00342	0.00732	0.011108	0.025939	0.020383	0.035966	0.030428	0.025688	0.035906	0.029293	0.005976	0.039737	0.013345	0.026164	0.006653	0.003167	0.036731	0.040371	0.001519	0.021857	0.015387	0.004219	0.02056	0.0208	0.023078	0.015627	0.015818	0.001876	0.006209	0.016582	0.013802	0.036949	0.022603	0.011597	0.031789	0.025905	0.032489	0.005918	0.026727	0.020607	0.03998	0.00347	0.032521	0.026027	0.012378	0.018402	0.016831	0.02058	0.023816	
0.016109	0.029322	0.033358	0.037593	0.031261	0.025075	0.025724	0.028373	0.001057	0.027046	0.030985	0.021424	0.022569	0.000172	0.0204	0.021724	0.032587	0.035467	0.00034	0.009161	0.013623	0.017129	0.011757	0.021833	0.006567	0.004159	0.024471	0.003473	0.00342	0.005966	0.013323	0.035988	0.022844	0.021778	0.007951	0.035302	0.023262	0.016604	0.041181	0.003711	0.032018	0.03812	0.027161	0.022348	0.02293	0.034758	0.006916	0.008923	0.006892	0.015845	
0.004479	0.011917	0.011548	0.025914	0.000838	0.025797	0.025615	0.036742	0.02506	0.030877	0.019438	0.026769	0.008832	0.006927	0.021653	0.005261	0.034577	0.013359	0.024097	0.036975	0.006571	0.018682	0.007314	0.027851	0.011715	0.019223	0.01049	0.002572	0.035296	0.022901	0.027696	0.012425	0.02675	0.038986	0.033233	0.011612	0.023351	0.008209	0.028577	0.035718	0.038328	0.016403	0.007343	0.015393	0.017602	0.009277	0.016727	0.03855	0.003253	0.031277	
0.024876	0.025811	0.028013	0.031062	0.031284	0.024195	0.002079	0.002402	0.022477	0.02883	0.03254	0.033924	0.028268	0.024982	0.009928	0.028912	0.015506	0.011567	0.013801	0.028418	0.024448	0.009612	0.023045	0.009787	0.006216	0.033987	0.0316	0.020054	0.010173	0.021474	0.01175	0.029345	0.013697	0.005043	0.021079	0.014027	0.011089	0.025248	0.024611	0.028853	0.017708	0.012968	0.022349	0.014777	0.017202	0.01995	0.023932	0.023084	0.011603	0.012414	
0.001574	0.005253	0.009496	0.014016	0.015984	0.018532	0.0207	0.030014	0.020756	0.010839	0.035303	0.029081	0.03467	0.020782	0.002799	0.033513	0.035744	0.005354	0.02677	0.00863	0.038078	0.027856	0.025327	0.017441	0.026086	0.023593	0.028994	0.007113	0.019642	0.008895	0.019152	0.038473	0.031565	0.036357	0.017967	0.005596	0.01727	0.003614	0.007462	0.012667	0.016977	0.009653	0.036177	0.025995	0.036254	0.016465	0.005587	0.018596	0.026057	0.015281	
0.75