50
2
0.400977	-0.991505	0.357329	0.349591	0.148943	0.673964	0.789457	0.331039	-0.692379	0.814091	0.288756	-0.956414	-0.645872	-0.174414	0.971316	0.571634	0.622768	0.96699	0.386839	-0.653861	-0.702938	0.180902	0.911179	0.369364	0.846252	-0.364996	-0.40574	-0.189736	0.534713	-0.640119	0.076578	0.878865	0.443069	0.015895	0.909655	-0.529212	0.719379	0.174161	0.220689	-0.537735	-0.475701	-0.82581	0.431466	0.078657	-0.187074	0.441735	0.488416	0.282674	0.993098	0.701438	
0.703964	0.8603	-0.448299	-0.804746	-0.229854	-0.054609	0.045978	0.910864	-0.924957	0.441438	0.527137	-0.631301	0.240468	-0.766108	-0.75464	0.41035	-0.771965	-0.73487	0.735408	0.68749	-0.028422	-0.233414	-0.344406	0.957953	0.063532	0.440928	0.115166	0.145232	0.401687	-0.428219	-0.356781	-0.279946	0.582347	-0.789794	0.387316	0.980742	-0.292048	-0.681145	-0.870624	0.34343	-0.993864	0.36723	-0.215376	0.675595	-0.915676	0.535154	-0.295522	-0.776195	-0.315549	0.080662	
-0.221599	0.268632	-0.292394	0.699927	0.776385	-0.585017	0.064504	0.668451	0.297693	0.979989	0.282946	-0.15143	0.682102	-0.694081	0.747783	-0.902037	0.924475	0.861397	0.315581	0.759592	-0.785539	-0.753188	0.182124	0.366705	0.588672	-0.889152	-0.593226	0.624865	0.777565	-0.923414	-0.301092	-0.190585	-0.378495	-0.649139	-0.71473	0.345084	0.173515	0.955605	-0.688361	0.953759	0.415751	0.930243	0.614148	0.465582	0.717063	0.634588	-0.855493	0.23776	0.046382	-0.170643	
0.657603	0.34807	-0.634144	0.930977	0.96949	0.734493	-0.837397	0.597129	0.097814	-0.29201	0.744534	-0.041718	0.157947	0.546266	-0.789993	-0.887406	-0.099655	0.280876	0.129788	-0.822521	-0.593657	0.165527	0.476233	0.725535	0.184182	-0.114577	0.880087	0.799852	0.884785	-0.522544	-0.898411	0.780562	0.448052	0.222109	-0.020995	0.775094	-0.828494	-0.998372	0.512613	-0.332423	-0.473438	0.47885	0.011696	-0.125955	-0.081274	0.814912	-0.198687	0.420145	0.508309	-0.516712	
0.528955	0.779856	-0.531923	-0.092677	0.419508	-0.983362	-0.356709	-0.680488	0.916874	-0.18746	0.740555	0.45814	0.032411	0.044233	-0.944891	0.38159	0.997706	-0.638173	-0.583215	0.367473	-0.730896	0.456979	-0.060326	-0.898485	0.091044	-0.589136	-0.305077	0.48369	-0.091072	-0.426528	0.449537	-0.600419	-0.939799	-0.29102	-0.39642	0.070569	0.141486	0.573833	-0.448916	0.097286	-0.444109	0.386903	-0.516835	-0.676724	-0.95009	0.831469	-0.609373	0.989978	0.808442	0.020965	
-0.790011	0.898326	0.47651	0.333963	0.37366	0.314399	0.762604	-0.138887	-0.105426	-0.700037	-0.353461	-0.73237	-0.331941	-0.484576	-0.898677	0.578617	-0.166696	-0.316406	-0.866448	-0.602521	0.492627	-0.681187	0.378711	-0.506077	0.152043	-0.930413	-0.769328	0.775228	0.721989	0.602657	-0.05211	0.239826	0.574526	0.738488	0.210885	-0.135446	0.558723	-0.295737	0.443496	-0.465783	-0.611561	-0.721443	0.713285	-0.608723	0.123025	-0.127003	0.038443	-0.440125	0.414243	-0.348224	
-0.975854	-0.109961	-0.563261	0.380118	-0.836977	0.980519	-0.348568	0.722615	0.473306	0.920187	-0.893836	0.047685	-0.99958	0.71063	0.871691	-0.941469	-0.040674	-0.599593	-0.296104	-0.160557	-0.287971	-0.098899	-0.509595	-0.676188	-0.193219	-0.811064	0.093415	0.500979	-0.60746	0.816605	0.199321	-0.799518	0.68587	-0.896904	0.360054	-0.392557	0.186624	-0.401702	-0.448614	-0.538125	-0.350659	0.904962	0.118681	-0.331389	0.322639	-0.478839	0.781775	0.301719	-0.212043	-0.32957	
0.045358	-0.474987	0.764617	0.360323	0.40192	0.160476	0.544847	0.436049	0.102788	0.32925	0.168129	0.873415	-0.480597	-0.020727	-0.572347	0.507081	-0.05954	0.435608	0.547462	0.567651	0.46603	-0.52579	-0.367139	0.410626	0.790404	-0.223499	0.102952	-0.743933	-0.373208	-0.618341	0.707046	-0.211506	0.452857	0.060117	0.196577	-0.668288	-0.003092	-0.817723	-0.47765	-0.788335	-0.261325	-0.894154	-0.966072	0.348119	0.16997	-0.841085	-0.700599	0.265377	0.441106	-0.758305	
-0.160375	0.896281	0.063225	-0.567565	0.296445	-0.486473	0.34097	-0.779264	-0.821227	0.389712	-0.294989	-0.562937	0.87587	-0.281574	0.672955	0.289482	0.782116	-0.657342	0.193699	-0.592477	-0.150011	0.012165	-0.620655	-0.185826	-0.83053	-0.306902	-0.819066	0.106651	0.817808	-0.595754	-0.068929	-0.928555	-0.77861	0.630535	-0.712162	0.331047	-0.425738	0.622189	-0.512054	-0.041247	-0.223437	-0.714494	0.895442	-0.992891	0.664211	-0.861385	0.113283	0.286045	-0.537378	-0.196402	
-0.277387	-0.549108	-0.248919	-0.496452	-0.115864	-0.534619	-0.608635	-0.344151	0.812242	-0.865568	0.760872	0.508102	-0.009817	-0.862005	-0.130189	0.141328	-0.292033	-0.048008	0.518666	0.63988	-0.213379	0.915669	0.268416	-0.587379	0.826626	0.318296	0.957985	0.346221	-0.152093	-0.217028	0.910761	-0.493269	-0.592921	-0.230927	0.341937	-0.983325	0.220743	-0.169859	0.44869	-0.335852	-0.559359	-0.908213	0.277233	0.868387	0.215143	0.463401	0.833665	0.217691	0.901516	-0.774689	
-0.789553	0.406688	0.747915	0.375109	0.137843	0.288049	-0.699045	0.756864	0.296055	0.413081	-0.689917	0.926724	0.169744	0.132278	-0.665132	-0.213852	0.936565	-0.737706	-0.009229	-0.509556	-0.100305	-0.754271	0.462957	0.551017	0.529453	0.93639	-0.910867	-0.544486	-0.236837	0.658729	0.361978	-0.62707	0.888663	-0.186833	0.629353	0.740022	0.602224	-0.305427	0.984504	0.090546	-0.070995	-0.505495	0.3493	-0.728968	-0.378403	-0.406385	0.258527	0.511014	-0.654334	-0.42286	
0.556773	-0.346092	-0.36941	0.651534	-0.845336	-0.594995	-0.842099	0.633461	-0.033872	0.193357	0.637554	-0.984612	0.493127	0.605408	-0.897883	-0.882403	0.887832	0.324864	-0.251579	-0.659903	0.620185	-0.558517	0.186445	-0.280508	-0.482334	0.173462	0.043879	0.10364	0.955919	0.914414	0.768531	0.040558	-0.580739	-0.566991	-0.206021	0.945721	-0.926551	0.325262	0.229996	0.876675	-0.097991	-0.322368	0.354563	0.775376	-0.096512	-0.253723	-0.466376	-0.695402	-0.573055	-0.373959	
0.75559	-0.329919	-0.98964	-0.08942	-0.299054	-0.593407	-0.849098	-0.594328	-0.227871	-0.910089	0.554985	-0.875839	-0.418443	-0.360196	0.530962	0.616729	0.925985	0.500255	0.891238	-0.739771	0.154486	0.964511	0.555447	0.718656	0.806607	-0.803454	-0.244049	-0.483326	0.36178	-0.458236	-0.924824	-0.72656	-0.124022	-0.415499	0.71994	-0.174635	-0.975707	-0.605491	-0.80814	0.591033	0.127684	-0.493264	0.36767	-0.115086	-0.998693	0.359957	0.447457	-0.013013	0.689995	0.184594	
-0.312112	0.217853	0.987371	-0.694067	-0.102158	0.13034	-0.985399	0.041964	-0.013064	0.100146	-0.825396	0.984456	0.065714	-0.152957	-0.104806	0.015195	0.954896	0.20517	-0.91484	-0.419098	0.359435	-0.806189	-0.62326	0.939912	-0.591618	-0.441163	-0.059128	-0.094891	0.457376	-0.665051	-0.977285	0.936579	-0.751724	0.29485	0.046983	-0.294463	-0.502533	-0.944268	0.235679	0.488134	0.455513	0.345565	0.602803	0.646354	0.979532	-0.841775	0.561402	0.605191	-0.135123	-0.921458	
-0.973095	0.431944	-0.830685	-0.204015	0.830621	0.434176	0.398064	-0.314368	-0.936753	-0.702488	0.979313	-0.37555	0.03491	-0.667871	0.026686	-0.425158	0.612953	-0.831309	0.053953	0.340984	0.387426	0.89737	-0.669193	0.682462	-0.072552	0.681884	-0.733117	-0.949051	0.701531	-0.320146	0.286475	-0.85257	0.201938	0.643218	0.582049	0.162473	-0.530704	0.92369	0.539885	-0.051106	-0.846165	0.176357	-0.615624	-0.858242	-0.649393	-0.24012	0.196213	0.619916	-0.725379	0.508877	
-0.884187	0.93027	0.967126	-0.199676	0.342653	0.095291	0.118002	-0.852049	0.994483	0.46529	0.659956	0.333337	0.313773	-0.860464	0.119817	0.004448	-0.633643	0.513048	0.449426	-0.731402	0.121177	-0.671025	0.460067	-0.525273	-0.85682	0.585111	0.886505	0.740243	0.604877	0.585979	0.618905	-0.831945	-0.233653	-0.872292	-0.756213	0.37768	-0.883871	-0.744417	0.425325	0.299632	-0.961056	-0.489896	0.447753	-0.60871	-0.160371	-0.396754	0.186218	-0.098958	0.514742	-0.933597	
0.238422	-0.477776	0.697085	-0.804327	-0.80597	0.949264	-0.406452	-0.255919	-0.529473	-0.590549	-0.866759	-0.022735	-0.562583	-0.169815	-0.560968	-0.741962	-0.906626	-0.06897	-0.18561	0.103128	-0.218262	0.703736	0.076753	0.800111	-0.644941	0.657165	-0.635381	-0.413519	0.174183	-0.55456	0.959383	-0.139462	-0.835238	0.853937	-0.684417	-0.270482	0.84112	0.474361	0.478493	-0.959051	-0.736709	-0.815334	0.849957	-0.209112	0.591143	-0.604442	0.492092	-0.412306	-0.561409	-0.422643	
-0.134685	0.250118	-0.009458	-0.619582	0.757347	0.049369	0.245158	-0.301795	0.410637	0.988814	-0.073914	-0.312936	0.715974	-0.670578	0.97064	-0.165146	-0.489758	0.756461	0.297011	0.251137	-0.289934	0.410069	0.561878	-0.287636	-0.10468	0.124282	0.530063	0.308611	-0.124826	0.950719	-0.904216	0.523234	-0.494369	-0.903068	0.634092	0.053899	0.769022	-0.973041	-0.341282	-0.813354	-0.531229	-0.671457	0.631885	-0.21196	0.239892	0.42709	-0.720922	-0.23274	0.65624	0.520341	
0.323989	-0.951986	-0.28437	-0.302901	0.133663	0.470951	0.051133	0.572157	-0.583419	-0.610692	0.126806	0.336185	0.343031	0.221296	-0.704503	-0.689493	0.568396	0.247164	0.412611	-0.737499	-0.915659	0.131955	0.331811	-0.045717	-0.912057	-0.331259	-0.592498	0.219192	-0.135454	0.075132	-0.96564	-0.726006	-0.844718	0.308356	0.713847	0.468726	-0.724744	-0.724119	0.888426	-0.992071	0.690182	0.027554	-0.704498	-0.960876	0.392626	0.546809	0.681112	0.304749	-0.948297	-0.849568	
0.284856	-0.237978	-0.009359	0.942277	-0.572041	-0.59803	0.658318	-0.039968	0.327256	-0.961457	-0.763382	0.418884	0.030145	-0.421383	-0.58063	0.189814	-0.693243	0.778807	-0.147415	0.185899	-0.310377	0.108383	0.397626	0.408625	-0.069957	0.83342	0.969876	0.870143	-0.490276	0.375913	-0.619003	0.970493	0.225923	-0.720402	-0.417251	0.444591	0.570266	0.11305	0.036043	-0.987048	0.657392	0.573005	0.563851	0.83163	0.792767	-0.372146	0.690668	-0.40555	0.894315	-0.229564	
0.270648	0.489653	0.417263	0.749268	0.00107	0.36487	-0.975005	-0.533374	-0.601694	0.990148	0.343785	0.765864	0.385663	0.27875	0.309452	-0.562118	-0.389977	0.439624	-0.926795	0.496654	-0.056748	0.625536	-0.68099	0.139092	0.970459	-0.402608	0.529048	-0.67516	-0.564919	0.635519	0.620526	-0.002237	0.647481	-0.178069	-0.174478	0.675626	0.647912	0.649596	0.232674	-0.330694	0.17494	0.541385	0.442792	0.111736	-0.791135	0.228946	0.209334	-0.436984	0.210719	0.94602	
0.108937	-0.01134	0.827978	0.876394	0.197064	-0.174146	-0.568382	-0.428082	-0.349221	-0.035143	0.263287	0.960936	-0.514075	0.054759	0.977018	-0.976995	-0.043518	-0.765412	0.506966	0.340301	-0.054847	0.03419	-0.932442	-0.525679	-0.772037	0.883906	-0.114743	-0.38015	-0.04753	-0.866772	-0.007379	-0.924832	0.267135	0.663119	-0.720617	0.793853	0.267084	0.317525	-0.809144	-0.384375	-0.091518	0.842339	-0.914313	0.625862	0.871943	0.319638	0.468077	-0.225262	0.805032	0.231476	
-0.424248	-0.176268	0.184766	-0.682807	-0.551817	-0.061205	0.709979	0.635155	-0.3913	-0.581167	0.611135	0.26848	-0.035622	0.392408	0.603582	-0.764136	0.090841	-0.309559	0.790182	-0.08305	-0.991626	0.993443	0.235219	0.847946	0.26016	0.658023	-0.442372	-0.652498	-0.95411	0.944781	-0.062357	-0.540149	-0.338705	0.287747	-0.821329	-0.942654	-0.970809	-0.764924	-0.952143	-0.898771	-0.526928	0.505014	-0.997006	-0.082839	-0.95525	-0.527824	0.93064	-0.518489	-0.842951	-0.049911	
0.067196	-0.065408	0.716138	0.178665	0.500122	-0.373039	0.207225	-0.885016	0.955349	0.119991	0.405116	-0.565911	0.5356	-0.815194	-0.352138	0.595638	0.485738	-0.368896	0.520845	0.089622	0.679873	-0.162749	-0.507527	0.057827	0.674129	0.253679	0.608961	-0.231596	0.526178	-0.006714	0.855011	0.375866	-0.253473	0.744906	-0.812894	-0.951054	-0.961627	0.897261	0.866415	0.338838	0.362561	0.300286	0.251038	-0.104185	-0.994546	0.556584	0.813127	0.70131	0.324743	0.980096	
-0.13502	0.175665	0.178863	0.141868	-0.838259	-0.893906	-0.87524	-0.460304	0.661074	-0.669623	-0.938847	-0.092439	-0.811003	0.872237	0.141825	-0.742769	0.609611	-0.81481	0.348588	-0.428397	-0.17258	-0.839727	0.666647	0.181725	-0.818909	-0.136535	-0.197919	0.747052	-0.871586	-0.122988	0.397659	0.530849	-0.332596	0.241434	-0.985159	-0.280834	-0.511745	-0.973712	-0.76395	-0.031284	-0.181704	0.879985	0.171285	-0.106409	-0.523799	-0.652408	-0.200062	-0.477866	0.58047	0.072364	
0.259195	-0.471049	-0.223206	-0.549379	0.626637	0.713661	-0.551584	-0.488732	0.474044	-0.171072	-0.888222	-0.313809	0.214847	-0.318358	-0.009934	-0.725331	-0.691615	-0.360058	-0.201249	0.418309	-0.237265	-0.657596	-0.680181	-0.358661	0.797856	0.037828	-0.821481	0.016562	0.754843	-0.994674	0.961438	-0.210434	-0.155613	0.185268	0.012218	-0.004907	-0.305066	0.569309	0.109957	0.310507	0.262792	0.952347	0.960374	0.380317	0.826392	-0.328501	0.189361	-0.470896	0.617736	0.160262	
0.410813	-0.480226	0.219176	0.959196	-0.978872	-0.546756	0.318673	0.829475	-0.746826	-0.966367	-0.959955	-0.947139	0.865804	-0.411968	-0.503979	-0.787977	-0.018174	0.584245	0.374908	0.894628	0.973904	0.893379	0.665605	0.846896	0.16967	-0.198763	0.94897	0.274992	0.887511	0.45936	0.011936	-0.055104	-0.175811	-0.340579	-0.32304	0.891365	-0.738134	0.516087	-0.589349	-0.125123	-0.296862	0.811237	0.695683	0.52561	0.101279	0.568635	0.937167	-0.25395	0.494141	-0.0184	
-0.45613	0.589609	-0.5803	0.209173	0.036432	0.103023	-0.380568	0.627552	0.075177	-0.56215	-0.580761	0.854774	-0.453053	-0.161891	0.446827	0.690501	-0.094304	0.970412	0.46301	-0.678982	0.428092	-0.334793	-0.592523	-0.536753	0.905582	-0.411396	-0.350905	0.598062	0.622063	0.735407	0.185193	-0.8197	-0.905192	-0.738619	-0.019289	-0.361211	-0.924043	0.82332	0.359762	0.097164	0.095695	-0.479956	0.66385	0.395371	0.233501	-0.854831	-0.34301	-0.223622	0.994326	-0.51194	
-0.787458	0.164365	-0.502627	0.980069	-0.252619	0.138907	0.618585	0.020868	0.466653	-0.945414	-0.154797	0.868757	0.929389	0.654643	-0.702473	-0.148606	-0.181609	-0.404574	0.028344	0.558806	0.177312	-0.007663	-0.669869	-0.273846	-0.906955	0.345367	0.320129	-0.513115	0.502349	-0.938382	0.609908	0.802843	-0.915739	-0.596208	0.39987	-0.468615	0.164277	0.31716	0.249428	-0.10306	0.80311	-0.655097	-0.839794	-0.632061	-0.84291	-0.647912	-0.637937	0.685722	0.815265	-0.544312	
0.036603	-0.934697	0.795904	0.640209	0.580091	0.551897	-0.587049	-0.432266	0.237486	-0.955357	0.018997	0.681631	0.75167	-0.734379	-0.019411	-0.819477	0.302259	-0.141653	-0.016431	-0.994377	-0.709486	0.462033	-0.203718	0.240403	0.130916	0.22342	0.350238	0.405142	-0.81494	-0.314217	0.753568	-0.35995	-0.457284	0.954862	0.327185	-0.86257	0.027286	0.68203	-0.820951	-0.232732	-0.017389	-0.597003	-0.471769	0.06393	-0.13373	-0.593008	0.884219	0.270333	0.706688	0.069763	
-0.781483	-0.982654	0.050159	0.732443	-0.211302	-0.312676	0.163167	-0.148906	-0.517252	0.946681	0.729699	0.703496	-0.759813	-0.330447	0.78478	0.372908	0.963408	0.259164	0.254248	0.879028	-0.085368	0.847855	-0.269292	-0.814918	-0.154053	-0.376979	-0.756852	-0.983481	-0.292681	0.64708	-0.609626	0.199968	0.01663	-0.603585	0.319836	-0.49221	-0.432844	-0.280853	-0.043944	-0.269874	0.666666	0.783714	0.158402	0.389235	0.294829	0.820789	0.998475	0.907192	-0.991624	0.16134	
-0.965151	-0.474238	-0.83582	0.228408	-0.331905	-0.926274	0.5937	-0.311861	-0.557523	-0.32435	0.522249	0.188758	-0.202554	-0.233261	0.02373	-0.995866	0.409381	0.260015	0.348723	-0.025325	-0.297658	-0.42503	-0.094803	0.67892	0.095125	0.865931	-0.268976	0.080596	0.417693	-0.199589	-0.34935	0.929585	0.660917	0.556476	0.775696	-0.784434	0.910656	-0.804277	-0.532091	-0.898157	0.605423	0.059298	-0.001922	-0.732019	0.693358	-0.34361	0.124088	0.667687	0.095034	0.827488	
0.282248	-0.962721	-0.794772	-0.172273	-0.002077	0.23723	-0.384163	-0.2159	0.858213	0.696306	0.289681	-0.551494	-0.837491	-0.310549	-0.823543	0.437613	0.99476	-0.468823	-0.900325	0.377653	-0.091224	0.039349	0.172348	-0.40834	-0.10463	-0.016713	0.477163	-0.324857	0.433188	0.835116	-0.343754	0.543064	-0.987631	0.728448	-0.701301	0.727014	-0.821865	0.126091	-0.89712	-0.440557	-0.076254	0.685197	-0.832256	0.65746	-0.058945	-0.796701	-0.182994	0.809663	0.225665	0.637291	
0.96691	0.753057	0.50921	-0.497718	0.626939	0.946168	0.310371	0.429498	0.94125	0.946537	-0.876364	-0.6546	0.041997	-0.537485	-0.444098	-0.367069	0.633922	0.842355	-0.938756	-0.799862	0.919385	-0.752458	-0.577563	0.03564	0.467879	-0.126839	-0.89151	0.477505	-0.11465	0.801712	-0.474855	-0.462176	0.05642	-0.380277	-0.058784	-0.968394	-0.207188	0.574341	0.05843	0.520931	-0.63562	0.616534	0.839829	-0.073023	-0.527516	-0.238581	0.44522	-0.612125	0.567926	0.912964	
0.543458	-0.814529	-0.262921	-0.058436	0.931363	-0.336622	-0.181642	0.596499	-0.187912	0.718299	-0.340073	0.223093	-0.525193	-0.781305	-0.279036	-0.924249	-0.370428	-0.49886	0.933858	-0.717693	-0.556134	-0.781602	0.003719	-0.302805	0.410287	0.421105	0.489099	-0.108692	0.490792	-0.633933	0.206477	-0.593906	-0.370782	0.019861	-0.679213	-0.347433	-0.613268	0.882342	-0.670641	-0.356267	0.791925	0.631074	-0.450264	0.705716	0.263275	0.704857	-0.803607	0.123016	0.843815	0.368375	
-0.01099	-0.61836	0.797752	-0.617629	-0.847258	0.22993	-0.812001	-0.3165	0.339809	-0.877053	-0.829208	-0.670005	-0.168675	0.36834	-0.053678	0.259504	0.389469	0.854838	0.593337	-0.575305	0.302784	0.007744	0.411505	0.669842	-0.581848	0.793672	0.439396	0.436317	-0.81592	0.160466	-0.856227	0.552338	0.67164	0.497405	0.465828	0.223856	-0.964939	0.985803	0.703181	0.895665	-0.53814	-0.694187	0.826108	0.662141	-0.629583	-0.296386	0.801481	-0.097841	-0.590953	0.342029	
0.978539	-0.70259	0.177646	0.531757	0.809379	-0.23776	-0.122357	0.581717	0.092791	-0.075598	-0.709878	-0.355689	-0.89895	-0.883035	0.183949	-0.040423	0.51893	-0.862879	0.881501	-0.280604	0.294975	0.889434	0.744334	-0.399637	-0.426561	-0.750761	-0.652162	-0.480319	-0.846219	0.692749	0.243916	-0.990975	0.46225	-0.773884	-0.80883	0.860959	-0.048267	0.322411	0.599125	-0.219536	0.820827	-0.279638	0.076207	0.177695	-0.034992	0.211135	0.145395	-0.003892	-0.48634	0.201266	
-0.346457	0.259299	-0.251863	0.785043	0.444972	0.541595	0.529962	-0.399357	-0.240129	0.281684	0.49975	-0.95453	0.95008	0.344891	0.897176	-0.54763	0.250135	-0.579803	-0.408308	-0.03157	0.775672	-0.606181	-0.781879	0.355716	-0.022833	0.129354	-0.902428	0.230845	0.722646	0.632575	0.185712	0.907655	-0.167878	0.385302	0.753762	0.103276	-0.487581	-0.398283	-0.462902	0.943365	0.548939	0.393215	0.566804	0.601702	0.839231	0.249513	0.189195	-0.381508	0.530806	-0.972992	
-0.248649	0.671175	-0.200393	0.51477	0.541761	0.722326	-0.790895	0.006638	-0.726381	0.53681	0.643714	0.128072	-0.524098	0.521598	0.832008	0.008124	-0.778016	-0.653767	0.952551	-0.59816	-0.035559	0.600397	0.447513	0.011261	-0.398827	0.919262	-0.485194	0.499413	-0.918063	0.652076	-0.927048	-0.72257	0.866896	-0.775772	0.540086	0.641061	-0.429874	-0.618908	0.025893	0.520608	0.325774	0.655329	-0.404145	-0.492716	-0.134497	-0.981408	-0.908764	0.526621	-0.065772	0.123677	
0.103714	-0.673466	-0.891292	-0.941393	0.233993	-0.963351	-0.248018	-0.10867	0.756028	-0.895468	-0.139902	-0.18016	-0.952221	0.990059	-0.692281	-0.715844	-0.555882	-0.241445	-0.860331	-0.670212	0.595284	0.932923	0.088077	-0.753463	-0.513693	-0.491934	0.016547	0.846616	-0.8715	0.608752	-0.157847	0.696904	0.922176	-0.234821	-0.059746	0.197939	0.488734	-0.235191	0.660529	0.62276	-0.135224	-0.483003	-0.396866	-0.015136	0.140257	-0.524122	0.688033	-0.263212	-0.837211	-0.581561	
-0.713973	0.065958	-0.991338	0.153771	0.823697	0.584869	-0.968194	-0.711094	-0.073432	-0.614691	-0.660243	0.693931	0.330198	-0.306223	0.216161	-0.170861	0.415844	-0.020534	0.468497	0.066151	0.070536	-0.34725	-0.227967	-0.683382	0.794501	-0.421117	0.272597	0.5115	0.180613	0.197301	-0.146292	0.345489	-0.69929	-0.784287	0.242217	-0.741085	0.254492	-0.409729	0.338767	0.137126	-0.786391	-0.192943	-0.498692	0.210679	0.201222	-0.593472	0.081678	0.287432	0.129915	0.282302	
0.046594	0.115261	-0.111365	0.389469	0.802266	-0.422095	-0.613223	-0.518466	-0.940172	0.018543	0.564741	0.112149	0.6067	-0.651224	0.128035	0.129154	-0.75968	0.346485	-0.15688	0.533515	-0.457203	0.18279	0.166108	-0.649311	-0.018201	-0.118994	-0.437043	0.725524	-0.746575	-0.912268	0.432473	0.229194	-0.699449	-0.430598	0.051347	-0.414795	-0.815561	-0.37651	0.450664	0.508749	0.461651	0.576844	-0.162076	0.00758	-0.571473	-0.102855	0.450925	0.078937	0.407496	0.261976	
-0.896698	-0.924297	0.828822	0.705337	0.680611	0.003405	0.389934	0.505445	0.76378	0.367395	-0.652914	0.53782	-0.384532	0.933908	0.807685	-0.601819	-0.171762	0.167567	0.801047	0.926799	-0.373734	-0.950319	0.188229	0.683795	0.789015	0.623513	0.243586	0.418667	0.672924	0.643297	-0.522967	0.446277	-0.646473	-0.238401	0.086914	-0.68304	0.961167	-0.158061	-0.010457	0.169947	0.186476	0.304243	-0.374315	0.26409	-0.487536	-0.277202	-0.402758	0.026894	-0.83951	-0.645387	
-0.412873	0.619702	-0.070063	-0.114316	-0.284072	0.194258	-0.474497	-0.613422	0.251434	-0.617922	0.526484	-0.618419	-0.503211	0.335854	-0.350022	0.667652	0.784823	-0.769135	-0.484486	-0.406366	-0.700604	0.56246	0.541319	-0.544873	-0.58394	0.531785	-0.33157	-0.031766	-0.08919	0.421687	0.281737	0.081519	0.468879	-0.55907	0.413938	-0.203214	0.734013	-0.22068	0.512037	0.353406	0.48066	0.931338	0.570093	0.121816	0.58031	-0.351985	-0.541226	0.006967	0.665809	-0.908983	
0.407755	0.903115	-0.902192	-0.231714	-0.459383	-0.327414	-0.221075	-0.625078	-0.773491	-0.557588	0.238719	0.36072	0.54224	0.192582	-0.007128	-0.359847	0.030864	-0.705596	0.73516	0.957624	0.552872	0.255851	0.238973	0.595844	-0.091196	0.523357	0.010358	0.793064	0.711708	0.100809	0.105861	-0.045404	-0.32979	0.414134	0.33475	-0.606566	0.520219	-0.269977	-0.831241	-0.553792	0.675573	-0.491507	-0.971625	-0.916134	0.257844	0.964781	0.273438	-0.080821	0.888524	0.04128	
0.047434	0.606272	0.271186	0.652643	0.670512	-0.578211	-0.440647	0.110131	0.646541	-0.480785	-0.379195	0.181631	0.228255	-0.934684	0.639241	0.835924	0.696211	-0.389306	0.961822	-0.148041	0.733447	0.280083	0.255975	-0.428399	0.871508	0.771901	-0.593737	0.433431	0.315176	-0.833853	0.360252	0.304713	0.12155	-0.120113	-0.45482	0.739803	0.628252	0.448451	0.469363	0.99068	0.357401	-0.281596	0.239047	-0.806945	0.469558	-0.817945	-0.736971	-0.525646	-0.477665	-0.060608	
-0.754209	0.814443	0.402961	-0.108573	-0.604095	0.11762	0.689046	0.513168	-0.732005	0.769765	-0.105509	-0.978017	-0.610781	0.66623	0.071419	-0.626014	0.751157	-0.222096	0.593838	-0.097636	0.877135	0.16854	-0.759773	0.249603	0.949117	-0.363943	0.993169	0.279946	-0.061951	-0.2462	0.616682	0.496985	-0.643932	0.371853	0.226804	-0.74528	-0.113305	-0.643092	-0.396457	0.490369	-0.908252	-0.303409	-0.916313	0.457875	0.032985	0.666385	0.160314	-0.622073	-0.337499	0.664874	
0.642365	0.908544	0.084545	0.243626	-0.357308	0.291324	-0.782719	-0.571012	-0.319254	-0.665308	0.442146	-0.786187	-0.945258	0.41905	0.906817	-0.793909	-0.057942	0.487805	0.433566	0.765368	0.613901	-0.18078	-0.369671	-0.490309	-0.322837	-0.595084	-0.458729	0.21319	-0.697111	0.954021	-0.296839	0.048218	0.814431	0.087408	-0.366976	-0.113413	0.34284	-0.496514	-0.310006	0.461967	-0.224925	-0.61169	-0.439312	0.576018	-0.47566	0.473386	0.027573	0.278432	0.575126	0.151016	
-0.222618	0.418134	0.884515	-0.21386	0.011642	-0.079563	0.116987	-0.342842	0.032124	-0.969064	0.517425	-0.382494	-0.587463	-0.829475	-0.638414	0.449367	0.666312	0.970435	0.139413	0.332443	0.881584	0.655677	0.277496	0.372378	-0.580564	0.889197	-0.153113	0.736052	0.838549	-0.334838	0.142515	0.843046	-0.48405	-0.488015	-0.436782	-0.011774	0.139258	0.172447	0.855082	0.226443	0.825419	-0.064546	-0.732497	0.096326	-0.782861	-0.820235	-0.021639	-0.189037	-0.476781	-0.611666	
0.797482	-0.658022	0.174548	-0.943706	-0.946784	-0.129556	-0.816803	0.208375	-0.702566	-0.908723	0.010702	-0.258928	0.670324	0.850356	0.408393	0.772022	-0.598236	0.347434	0.995275	-0.260252	-0.606694	-0.768798	0.630148	-0.806878	-0.973952	0.81457	0.342918	-0.848615	0.942245	0.441761	0.879973	-0.839523	0.861062	0.542432	0.716427	-0.40789	-0.629901	-0.305551	0.142866	-0.74619	0.059103	-0.078575	-0.537105	-0.755538	-0.658292	-0.043051	0.436692	0.990781	0.375883	-0.792186	
0.702357	0.812909	-0.311637	-0.454678	0.626997	0.882487	-0.593904	-0.987707	-0.854386	-0.581345	0.12101	0.707854	-0.989671	-0.787489	-0.802991	-0.520837	0.098653	-0.398092	0.689187	0.430851	0.102427	-0.9959	0.538284	-0.975671	-0.044092	0.001357	0.930877	0.972401	-0.942021	0.543802	-0.600739	0.559342	0.410809	-0.71642	0.529513	-0.443575	0.917193	-0.280733	0.769103	0.173569	-0.012391	0.170038	0.848786	-0.96389	0.52331	0.950823	-0.724198	-0.095581	-0.877944	0.257239	
0.700433	0.30505	0.5985	0.412779	-0.990949	-0.075204	0.134312	0.917481	-0.015982	0.955654	-0.937834	0.768516	-0.643321	-0.869023	-0.774343	-0.28315	-0.97371	-0.541945	-0.595966	0.768005	0.14884	-0.311871	0.941031	-0.841413	-0.407277	-0.679724	0.424693	0.072291	0.133159	0.564537	0.900434	-0.171506	-0.794079	0.577119	0.141525	-0.915112	-0.016184	0.389284	-0.630647	0.639611	-0.979529	-0.166731	-0.139719	-0.81182	0.81787	-0.737451	0.573453	-0.839092	0.568209	-0.602104	
0.306101	-0.579965	0.430408	0.19343	-0.083047	-0.501947	0.687488	0.721354	-0.913331	0.534916	0.01727	-0.766015	-0.726071	-0.25995	-0.977545	-0.363021	-0.112293	-0.731558	0.572233	0.144573	-0.496586	-0.426533	0.083119	-0.637641	-0.613842	-0.228252	0.054378	0.78966	0.912195	0.781131	-0.213169	0.274646	-0.988967	-0.098922	-0.304363	-0.185685	0.330398	-0.639265	0.612978	0.389174	-0.669347	-0.220687	0.095892	0.214827	0.705863	0.249006	-0.673218	-0.736184	-0.345299	0.063666	
-0.635734	-0.404937	-0.917692	0.764676	0.421434	0.67841	-0.20883	-0.626735	0.8524	0.286822	-0.952872	-0.79252	0.941173	-0.34015	0.381288	-0.124801	0.068287	0.791836	-0.926212	0.275085	-0.146076	-0.017526	-0.877507	0.475257	0.958882	0.736118	0.666231	-0.494105	-0.961158	-0.702984	0.240881	-0.745785	-0.798781	0.24939	-0.393255	-0.593023	-0.116711	-0.234382	0.693309	0.449718	-0.346828	0.754666	-0.144298	0.302041	0.195918	-0.268071	-0.564651	0.541451	0.53175	-0.954927	
0.814063	-0.579754	-0.005499	-0.011222	0.770804	-0.999312	-0.49849	-0.770579	-0.740044	-0.140891	-0.74463	0.548697	0.913634	-0.097695	0.03483	0.506763	0.515266	0.339464	0.452658	-0.530552	0.904087	0.103738	0.052291	0.190384	-0.927944	0.601511	-0.495853	0.990487	-0.828561	0.859381	0.850542	-0.094231	0.258024	0.633797	0.048574	-0.01692	0.86509	-0.112613	-0.422532	0.697774	0.323169	-0.534785	-0.152018	0.007369	-0.864551	0.95963	0.457964	-0.842997	0.071875	0.990053	
0.789479	0.037187	0.479401	-0.399328	-0.139359	-0.214126	0.473553	0.18744	0.497614	-0.361248	0.984568	0.430185	0.883696	-0.370774	0.80562	0.772435	0.91926	-0.960329	0.584806	0.405762	0.524034	-0.235838	-0.855756	-0.529716	-0.603466	0.19271	0.118504	0.269194	0.83189	0.182109	0.83255	0.855792	0.754027	0.681285	-0.856107	-0.668633	0.748372	0.272261	-0.74749	0.767923	-0.51189	-0.303237	0.196608	0.975232	-0.599015	0.205093	0.571299	0.811254	0.759845	0.914305	
-0.542881	0.259664	-0.39036	-0.131017	0.481714	0.608521	0.249885	0.537965	-0.754195	-0.453624	0.527952	-0.951556	0.966985	-0.433696	0.09665	-0.547659	0.804646	-0.005807	-0.722885	0.205209	-0.152442	0.464347	-0.966045	-0.519683	-0.921352	-0.304768	-0.750899	0.799887	-0.782503	0.355407	0.958909	-0.404087	-0.626357	-0.893298	0.159992	0.986148	0.508393	-0.882039	-0.365132	0.519431	-0.033924	-0.310136	-0.69666	0.24509	0.696039	-0.81428	-0.701757	-0.917682	0.812881	0.477889	
-0.404683	-0.087453	-0.321033	0.819554	-0.716508	0.768634	0.444012	0.39306	-0.746232	0.727107	0.352971	-0.393202	0.529085	-0.975028	-0.76615	0.566359	0.58995	-0.782773	-0.817408	-0.122848	0.212067	-0.121275	0.172213	0.997629	0.988083	-0.24257	-0.249307	0.898101	0.238827	0.079506	0.730005	0.232536	0.453217	0.023697	-0.293936	-0.880232	0.088944	-0.332787	0.556797	0.76092	0.024392	0.87959	-0.228562	0.006287	-0.781337	0.050635	-0.085133	0.448866	0.509068	0.217381	
0.471169	0.036989	-0.866167	-0.532078	-0.414997	-0.374102	-0.69065	-0.958851	-0.658297	-0.724114	-0.572822	0.413403	-0.181934	-0.134329	-0.779788	-0.432666	0.345553	0.756113	0.068508	-0.441115	-0.580267	-0.827984	-0.86191	0.157734	-0.91587	-0.121766	-0.410052	0.35391	0.679184	0.544603	-0.001096	-0.344203	-0.670984	0.855444	-0.716609	0.170425	-0.393918	-0.67007	0.275409	0.700686	-0.170246	0.243611	-0.288353	0.131256	0.596357	-0.260172	-0.159433	0.678869	-0.474045	0.048192	
0.634743	-0.724868	-0.852719	0.31511	-0.060954	-0.79605	-0.56692	0.089644	0.059819	0.626524	0.02594	0.418887	0.826429	-0.500139	0.307278	-0.851937	0.322594	-0.18398	-0.325466	-0.886409	-0.905633	-0.650389	-0.996919	-0.759103	0.635987	-0.565962	0.483284	0.40848	-0.61948	-0.912167	0.660353	-0.890386	-0.702047	-0.851678	-0.981754	-0.298124	-0.081097	0.175207	-0.573518	0.417456	0.379702	-0.20795	-0.103481	0.533402	0.82777	-0.790195	0.271199	0.025141	0.72351	-0.397358	
0.441957	0.870566	0.64379	-0.660727	0.328251	0.517381	-0.923144	0.351197	0.106345	-0.68784	-0.581377	0.388881	0.235161	-0.363106	0.295227	0.740638	0.560995	0.460852	-0.150608	-0.184495	-0.586123	0.366658	-0.910911	-0.169047	0.840466	-0.379661	-0.817662	-0.04572	-0.717294	-0.202554	-0.402733	-0.357886	-0.104614	-0.883892	-0.478716	0.282919	-0.838407	-0.297026	0.844449	-0.148045	-0.502636	0.77055	-0.149815	0.017976	0.825382	0.56612	0.01893	-0.498192	0.368665	0.780692	
-0.905335	-0.766125	-0.352416	0.874491	-0.301599	-0.961669	0.278483	-0.530354	0.102509	0.989788	0.02143	0.130028	0.63099	0.164287	0.966905	-0.840953	-0.571668	0.780017	-0.46005	0.902542	-0.485808	0.703976	-0.074539	0.707315	0.598623	-0.308475	-0.47098	0.709595	0.932613	-0.143064	-0.679625	-0.127444	0.859998	0.997961	-0.668955	-0.867587	-0.353006	0.555143	0.327654	-0.130962	0.166361	-0.372747	-0.337882	-0.850435	0.423627	0.33128	-0.791275	0.722144	-0.871766	-0.113303	
-0.052037	0.660906	0.780372	-0.232001	-0.367393	-0.393089	0.721734	-0.974372	-0.345112	0.718598	-0.759224	-0.332067	-0.604561	0.399399	0.947725	0.182409	0.119848	0.538135	-0.460532	0.269591	0.2481	-0.623298	-0.224106	0.837273	0.480573	-0.648535	0.117896	0.127902	-0.656281	0.389188	-0.223727	0.287963	0.801021	-0.179265	0.737971	0.3919	-0.963234	0.131168	0.394424	-0.123946	0.16003	-0.437076	0.920633	-0.273761	0.049303	0.155956	0.390677	0.110085	-0.104346	-0.600906	
-0.223612	-0.879778	0.748041	-0.763075	-0.800766	0.075675	-0.474459	-0.588475	-0.161764	-0.229956	0.410602	0.033719	0.118247	-0.043702	-0.133262	0.856723	0.300042	-0.177189	0.92981	-0.984775	-0.236683	-0.218685	0.00181	0.346394	0.219843	0.375738	-0.05909	-0.230666	-0.025422	-0.254608	0.107897	-0.897029	0.682421	-0.063015	-0.216264	-0.801568	0.103617	-0.213083	0.220044	0.980705	-0.867611	0.27181	0.829787	-0.843964	-0.447002	-0.788314	-0.909809	-0.451715	0.090607	-0.764269	
0.19299	0.05505	0.281634	0.7858	0.676722	0.90219	0.412169	0.68372	0.785	0.308313	0.614244	-0.849561	-0.490914	0.34979	-0.541834	0.736165	0.909246	0.204694	0.825504	-0.618667	-0.32517	0.876001	0.433251	0.877393	0.03909	-0.028308	0.907124	0.904051	-0.605193	0.276574	0.787954	0.250559	0.817592	-0.698218	0.06514	-0.378622	0.429673	-0.482635	0.583722	-0.446385	-0.823403	0.382234	-0.511298	0.415338	-0.58274	0.254002	0.273831	0.530544	-0.317263	0.09012	
-0.846729	-0.279133	0.410291	-0.642848	0.546021	-0.456845	0.852523	0.996597	-0.422856	0.935958	-0.468077	-0.638553	0.608037	-0.514504	0.285799	-0.448186	0.830391	0.981907	0.429863	0.562616	0.711074	0.284122	-0.048325	0.184123	-0.815481	0.976318	0.737582	-0.692632	0.039823	-0.149282	-0.009028	0.164369	-0.835412	0.465432	-0.347498	0.193683	-0.991084	0.793394	-0.133459	0.033215	0.153249	0.843001	0.429802	0.582	-0.024473	0.837358	0.677454	0.191013	-0.369808	-0.692838	
0.214908	0.720644	-0.108085	-0.648929	-0.193362	0.55075	0.512097	-0.665584	-0.402822	-0.256348	-0.271417	-0.215632	0.090618	0.537873	0.187678	-0.972709	0.874343	-0.19231	-0.309886	0.418842	-0.67914	-0.386235	0.876542	-0.615722	0.758217	0.01917	0.675038	0.560539	-0.213193	0.486004	-0.333626	0.296346	-0.230429	-0.127089	0.824983	-0.603191	0.094062	0.788269	-0.918834	0.272319	-0.382203	0.303991	-0.935029	-0.111775	0.021586	0.826794	-0.176881	-0.156888	-0.053472	-0.993636	
0.932971	0.900881	-0.118398	-0.39429	-0.745729	-0.264501	-0.682234	-0.48165	0.831598	-0.362564	-0.209689	0.928124	0.974266	0.79626	0.453525	0.258867	-0.06188	-0.845032	0.859864	-0.10546	-0.057064	0.14686	0.055896	0.076457	0.02051	0.26358	0.597887	0.132463	0.045049	0.000956	-0.66129	0.806943	0.247483	-0.512658	0.973747	0.033626	-0.195394	0.603919	0.930769	0.01576	-0.696294	-0.491204	-0.892596	-0.806991	-0.115416	0.972256	-0.965486	-0.460805	-0.46157	0.363641	
0.292583	-0.496638	-0.087247	-0.297073	0.10428	-0.620373	-0.9101	-0.471895	-0.122643	0.663649	0.261231	-0.46483	0.365991	-0.389917	-0.418777	-0.125699	-0.7524	-0.636885	0.88986	-0.216513	0.318139	0.484517	0.224671	-0.831652	0.305515	0.913474	-0.946285	-0.090082	0.847619	0.567086	-0.886437	0.432586	-0.169643	-0.592364	-0.698953	0.219607	0.044735	-0.238205	-0.236638	0.352544	-0.556033	0.1426	-0.563269	-0.951532	-0.603755	0.013573	0.623321	-0.821027	-0.025399	0.664642	
-0.150943	0.655405	0.212789	0.558908	-0.754405	-0.211986	0.481227	0.02327	-0.2196	-0.14135	-0.634191	-0.037441	-0.282009	-0.212671	0.334997	0.214298	0.34676	0.162757	0.435804	0.534663	-0.92094	0.10472	-0.080412	-0.557861	-0.655034	0.980104	-0.469264	0.73818	0.742924	0.177665	0.488578	0.536874	0.936855	0.484611	-0.492006	0.174048	-0.633046	0.328449	0.192743	-0.139121	0.398417	0.303352	-0.871247	-0.760692	0.777573	-0.606988	-0.74856	0.53351	0.304978	0.135434	
0.475332	0.491389	0.896848	-0.411818	-0.642174	0.368124	0.439539	0.889751	0.148841	0.754492	0.378009	-0.003121	0.683097	0.835789	0.48831	0.768841	0.894963	-0.299512	-0.306396	0.999098	-0.14331	0.245948	0.741474	-0.836845	0.732118	-0.925146	0.552142	0.292711	-0.920312	-0.854853	0.468125	-0.733235	0.247992	-0.224046	0.024682	0.313863	0.370837	0.58325	-0.677987	-0.739641	-0.367702	-0.339978	-0.626842	0.089786	0.698105	0.953833	0.004768	-0.553855	0.905734	0.131503	
-0.643977	0.768685	0.41977	-0.890357	0.634707	-0.304007	-0.590102	0.27016	0.362983	0.3841	0.32745	0.516516	0.5599	0.848526	0.410465	0.017237	0.151156	0.351335	-0.230974	-0.145286	0.685112	-0.196857	0.413091	-0.635812	-0.838617	-0.360816	0.125346	-0.843788	0.744324	-0.273626	0.430252	-0.384212	-0.636309	0.697584	-0.808629	-0.44559	-0.560647	0.323645	-0.845693	-0.707512	0.497361	-0.837258	0.990725	0.6762	-0.506253	0.394041	0.983125	0.082717	-0.365301	0.559274	
-0.067018	-0.481771	-0.559494	-0.848702	0.629722	0.72402	0.033823	0.148769	0.994856	-0.368047	-0.370593	0.718508	0.564639	-0.170125	-0.900407	-0.198544	-0.638993	0.871968	0.025734	0.538009	0.403452	0.918888	0.112157	-0.79249	-0.083254	-0.301083	-0.488871	0.171372	0.009856	-0.162665	-0.944502	0.517089	0.715791	-0.765082	-0.154517	-0.736265	0.292649	0.020987	-0.358323	0.181081	0.770363	-0.35052	0.572889	-0.547679	-0.691544	-0.22511	-0.508362	0.176751	-0.314893	0.676711	
0.070761	0.514923	-0.759735	-0.694317	-0.03601	-0.117671	0.540143	0.192514	0.802119	-0.568697	0.455951	-0.258328	0.168736	0.379022	-0.678645	0.833962	-0.481473	0.833093	-0.419405	-0.409208	-0.420449	0.696116	-0.532436	0.822359	-0.103119	-0.429087	-0.434904	-0.815788	0.943895	0.311245	-0.636551	-0.007791	0.664437	-0.819286	0.561521	-0.570917	0.050386	0.390534	0.143898	-0.346609	0.763601	-0.41866	0.337865	-0.851736	-0.299722	0.883388	-0.654726	0.738829	-0.513596	0.7383	
0.17896	-0.875406	-0.476679	-0.062069	-0.844797	-0.562575	-0.940146	0.985063	-0.575658	-0.809005	-0.611573	-0.288732	0.762598	-0.144919	0.998489	0.25751	-0.27476	0.55598	-0.365168	-0.152306	-0.003588	-0.530399	-0.425403	-0.297688	0.426055	-0.865634	0.227449	0.243726	0.69555	-0.750475	0.13234	0.23732	0.149695	0.304456	0.963621	0.818751	0.658538	0.311282	-0.246616	-0.27178	0.05493	0.931249	0.944451	-0.056916	0.295398	-0.570815	-0.805765	0.732191	0.062081	0.985704	
0.132969	0.926589	0.404115	-0.418845	0.362945	-0.55251	-0.465414	0.064702	-0.489641	-0.893822	-0.382448	-0.668855	0.279415	0.118094	-0.978998	0.748431	0.327516	-0.736204	0.934265	0.07405	0.131006	0.570775	0.404841	-0.652614	-0.833624	0.795058	0.90102	0.827747	0.430138	-0.885367	-0.043236	0.982331	-0.868213	-0.762752	-0.448692	0.300799	-0.447383	-0.366973	-0.815185	0.189847	-0.441844	-0.946542	0.058231	0.607936	-0.316515	-0.603274	0.883296	-0.13274	0.794605	-0.870258	
0.69183	0.128751	-0.994169	0.785194	0.03195	-0.227017	0.94367	0.66936	-0.96647	-0.258424	-0.398593	-0.711483	0.157492	-0.717425	-0.835788	-0.182585	0.892279	0.353878	-0.102758	-0.976449	0.671081	-0.424034	0.323904	-0.935653	-0.293047	-0.139061	-0.555117	0.118763	0.379955	-0.488955	0.602785	0.185557	-0.360039	-0.844953	0.929967	-0.158344	0.894089	0.825794	-0.174101	-0.442353	-0.586476	-0.647457	0.605141	0.255056	-0.686478	-0.344803	-0.862828	0.884168	0.63202	-0.77228	
0.379195	0.856324	0.244206	0.576237	-0.020098	-0.26043	0.373011	0.90601	-0.128025	-0.907898	-0.420163	0.588498	-0.199878	-0.924665	0.071638	0.934539	0.781093	-0.287307	0.633775	-0.66958	0.346714	0.402341	-0.684952	-0.938578	0.97892	0.686772	-0.939208	0.605543	0.992165	-0.408303	-0.93521	0.084162	0.647463	0.59359	0.360031	-0.727295	0.504139	0.024249	0.950419	0.643035	-0.214304	0.046918	0.530583	-0.508597	0.14573	0.599849	-0.903645	-0.519067	-0.71613	0.17689	
-0.635863	-0.668311	0.156016	0.713164	-0.018212	-0.041393	0.840727	-0.135567	-0.778221	-0.898675	0.365254	0.452053	-0.865739	0.070319	0.849139	0.703135	0.464837	-0.600341	-0.322948	0.911479	-0.890358	0.300499	-0.869845	-0.497911	0.049207	0.626018	0.199072	-0.821763	0.178748	0.645425	-0.017922	0.91379	-0.34698	0.631017	0.140216	-0.528182	-0.512007	-0.891522	-0.364638	-0.286532	-0.571552	-0.974077	0.071258	0.634488	0.724468	0.241338	0.576748	-0.679041	-0.994027	-0.231716	
-0.870179	-0.651221	0.795229	0.313192	-0.671814	-0.513962	-0.52323	0.24686	0.207921	-0.444074	-0.605167	0.455819	0.866053	0.473221	-0.267724	-0.16603	-0.390477	-0.917365	0.97161	0.14958	-0.290751	0.258682	-0.389039	0.827216	0.879715	-0.830628	-0.788978	-0.424398	-0.527086	0.565947	0.606781	-0.885553	0.52697	0.77147	-0.502152	-0.376297	0.282774	0.0049	0.088446	-0.113703	0.40061	-0.483973	-0.626291	-0.405641	0.161434	0.054307	0.455596	0.67596	0.547326	-0.386328	
-0.434697	0.891949	-0.623717	-0.479465	0.625549	-0.961739	-0.727505	0.165885	-0.848624	0.836565	-0.072221	0.229453	-0.668076	0.714605	0.923973	-0.661498	-0.587319	-0.598511	0.081909	-0.843949	-0.623758	-0.266299	0.826469	-0.708995	-0.646974	0.78338	-0.740393	-0.124478	-0.659481	0.849901	-0.796268	-0.18272	0.185157	-0.692358	0.23211	0.331097	-0.999308	0.851515	0.306351	0.520874	0.110739	-0.886337	-0.581572	-0.143799	0.712861	-0.942563	0.24695	0.266441	0.776985	-0.229414	
-0.468046	-0.907864	-0.724489	-0.389977	-0.539697	-0.569728	-0.562882	-0.22538	-0.751428	-0.141111	0.40141	0.703187	-0.213928	0.7534	0.492092	0.344989	0.204799	0.233877	0.09985	0.465619	0.343715	-0.239967	0.462399	-0.713954	0.867742	-0.541022	-0.809389	-0.487809	0.355862	0.62453	0.006639	0.239915	-0.077051	-0.76515	0.467334	-0.149702	0.237158	0.55827	0.24391	-0.8815	-0.013608	-0.928963	0.209053	0.839918	0.581924	0.616724	-0.726533	0.189341	-0.632963	0.685658	
-0.321327	0.029887	0.166361	0.393176	0.113316	0.548445	0.878514	0.423486	0.316491	-0.695675	-0.556588	-0.341343	-0.609734	0.197323	0.28265	0.557189	-0.564326	0.729081	-0.955267	0.687055	-0.028084	0.930317	-0.288831	0.073426	0.407707	-0.835529	-0.817883	0.596756	-0.157092	0.486159	0.783354	0.547822	-0.684443	-0.882507	0.766097	-0.209465	-0.420458	0.232308	-0.531907	-0.070642	-0.036035	0.996004	0.489962	-0.122484	-0.50131	0.985122	0.488251	0.263418	-0.589019	-0.90669	
-0.452298	-0.3106	0.822168	-0.019328	-0.224443	-0.13503	0.077677	-0.150848	-0.901844	-0.835721	0.843698	-0.428205	0.873044	-0.704886	-0.166611	-0.83253	0.037316	0.541939	-0.976268	0.734954	0.957703	0.688748	-0.94254	-0.870254	0.971088	-0.876795	0.263263	-0.116394	0.401226	-0.758513	-0.100747	-0.47329	0.986331	-0.191027	0.707932	0.141863	0.450454	-0.700487	0.664177	-0.83742	0.126888	0.936222	-0.400968	-0.477808	-0.233595	-0.88372	0.301272	0.111627	0.225664	0.907655	
0.432549	-0.459014	-0.98725	-0.77257	-0.418669	0.589707	0.137924	-0.780803	0.661747	-0.601121	-0.991022	-0.808901	0.007733	-0.463716	-0.077774	-0.396466	0.410789	0.696624	0.203444	0.27634	-0.184626	-0.543216	0.890176	-0.301728	-0.392893	-0.782879	-0.819614	0.670993	-0.686571	-0.303776	-0.343634	0.003326	-0.19302	0.410492	-0.575368	-0.670188	0.678317	0.283625	0.498341	0.024347	0.833255	-0.762085	0.507832	0.62521	-0.653009	0.039366	0.051735	0.158193	-0.958331	0.248347	
0.502714	-0.055578	0.158925	-0.83793	0.763613	0.099154	0.291593	-0.896125	0.220855	-0.265887	0.878359	0.029557	0.418665	-0.867989	-0.586684	-0.368484	0.374024	0.962768	0.584924	-0.320741	0.77583	0.003363	-0.370252	-0.766806	-0.971882	0.898245	0.245318	0.723556	-0.40347	-0.464471	-0.67904	0.551878	-0.147597	0.070814	0.831968	-0.750268	-0.552392	-0.878821	-0.666308	-0.019495	-0.735781	-0.525392	-0.105669	-0.211484	0.356801	-0.956854	0.395421	0.660077	0.871776	0.307256	
-0.833384	-0.068718	-0.572481	0.50593	-0.29467	-0.970837	-0.193883	0.284115	0.29867	-0.569042	-0.405608	0.797181	0.939384	-0.396435	-0.149159	0.369175	-0.692808	0.826348	-0.183321	-0.468739	-0.121576	-0.847103	0.030349	-0.984988	-0.195029	-0.049298	-0.229743	-0.995517	0.44876	-0.569031	-0.162382	-0.40545	-0.621514	-0.124859	-0.610694	-0.183988	-0.602511	0.625062	0.288669	-0.776954	-0.543561	-0.711489	-0.091779	0.788814	0.360707	-0.354614	-0.170692	0.614978	0.670884	0.204267	
0.493249	-0.924996	-0.344521	-0.81808	0.463106	0.665672	-0.096043	0.716258	-0.823765	-0.426414	-0.872744	-0.344765	-0.234453	0.918777	0.932373	-0.990232	-0.555769	0.167241	0.336944	-0.292167	0.598001	0.278564	0.450502	-0.529602	-0.761061	0.517858	-0.123588	-0.036197	0.517203	-0.914096	-0.625786	0.310892	0.028381	0.77876	-0.515497	0.591225	-0.548923	-0.02486	0.152467	0.810148	-0.798436	0.553854	-0.015948	-0.591619	0.910884	-0.138206	0.093062	0.433788	-0.294248	-0.876015	
-0.425937	0.110174	0.336285	-0.500163	0.985042	-0.024198	-0.411124	0.289781	0.557479	0.639527	-0.943194	-0.341387	0.084829	-0.52402	-0.196548	-0.111923	0.175084	-0.783116	0.039533	-0.413296	-0.172977	0.958544	0.325521	0.673429	0.642425	-0.582513	-0.489543	-0.019222	-0.534238	-0.454237	0.450063	0.397004	0.112952	0.958819	0.8957	-0.605853	0.615282	0.176887	0.43021	0.672117	-0.65675	0.615556	0.098046	-0.316544	0.890194	0.755288	0.302673	0.119644	0.134607	-0.002194	
0.990689	-0.675722	-0.905962	-0.466287	0.46148	0.481349	0.281275	0.815549	-0.458311	0.913767	0.33915	-0.064438	0.028399	0.694055	0.56036	-0.571469	0.843427	-0.516939	-0.064023	0.987124	-0.038736	0.380763	-0.883272	0.853332	-0.655568	0.278053	-0.062294	-0.849385	0.968045	-0.305687	0.111954	0.834685	-0.260101	-0.043608	-0.380769	-0.842735	-0.243765	0.527529	0.185126	-0.016692	0.342556	0.184748	0.492803	0.743662	0.724842	0.761359	-0.798643	-0.73175	0.345257	0.515563	
0.667065	0.283238	-0.24647	-0.226986	-0.435954	0.078099	-0.104482	-0.281848	0.152168	-0.744936	-0.323214	0.098905	0.444144	-0.175977	0.231702	-0.30025	-0.781311	0.014613	0.904709	-0.381655	-0.654136	0.392741	-0.230183	0.340682	-0.709903	-0.458613	0.300514	-0.341564	-0.590749	0.535208	0.23577	-0.351073	0.924352	0.384476	0.548976	-0.405984	-0.576013	-0.77627	0.324718	0.141436	0.048104	0.708232	0.839484	0.746408	-0.988798	0.460387	0.08878	0.05047	0.038001	-0.776801	
0.645786	0.821258	-0.257988	0.237964	-0.527536	0.082699	0.097588	-0.197984	-0.989498	-0.773527	0.838673	0.880435	-0.273598	-0.803431	0.481296	-0.976888	0.117593	-0.767118	0.583681	0.432939	0.093685	0.960236	0.557051	0.076389	-0.92475	-0.647827	0.535272	0.818852	-0.484706	-0.748151	0.766703	-0.527931	0.418827	-0.736061	0.519845	0.835269	-0.464732	-0.261063	0.57414	0.450329	-0.737728	0.536544	0.253072	0.674912	0.341826	-0.016457	0.798377	0.384775	0.276695	-0.663924	
0.262078	0.714918	0.346429	0.34643	-0.313097	0.583996	0.244605	-0.479267	-0.510771	0.042543	-0.415049	-0.331165	0.503054	0.208339	-0.822182	0.934265	0.212931	0.79069	-0.146936	-0.150952	0.569262	0.22012	-0.947648	0.481758	0.321465	-0.926306	0.545089	-0.925985	0.25143	0.606989	-0.236104	-0.4152	-0.347324	0.175117	-0.200613	-0.511861	-0.917947	-0.984601	-0.744432	-0.049335	-0.104452	-0.610436	-0.410474	-0.394275	-0.674448	-0.983651	0.775123	-0.729498	0.441535	0.095361	
0.649853	-0.310551	-0.651755	0.050399	0.225518	-0.93897	0.226236	-0.086488	-0.133799	-0.838418	0.143162	0.187923	-0.631718	0.132377	0.267732	-0.049889	-0.349101	-0.56362	0.029215	0.208336	0.873768	0.38715	0.933272	-0.565908	0.533334	0.78932	-0.828001	-0.133911	0.382211	-0.587412	0.074913	0.903445	-0.64548	0.04368	0.152959	-0.58781	0.537509	-0.953627	-0.286974	0.26611	0.944334	0.126705	-0.114186	0.275089	0.17371	-0.042483	-0.766506	0.779681	-0.403653	-0.032277	
0.134106	-0.131745	0.250836	0.291808	0.700846	-0.22441	0.205755	0.700209	0.837946	-0.614962	0.160964	-0.037791	-0.380956	0.928595	0.789189	0.541709	-0.073333	-0.074749	-0.91313	0.492631	-0.626108	0.077723	-0.095089	0.204399	-0.251639	-0.837729	0.042306	0.330907	-0.699797	0.811784	-0.807659	0.017356	-0.561307	-0.779964	0.658149	-0.323091	0.295264	-0.412634	0.918543	-0.659085	-0.413501	-0.896005	0.63306	-0.194381	0.35709	0.960848	-0.6493	-0.181834	0.981126	0.832599	
0.341703	-0.643252	0.760257	0.303908	0.130152	0.611424	0.714564	0.582762	0.308822	0.760565	-0.216135	-0.946634	0.506061	0.90899	-0.481945	-0.347946	0.096415	-0.955164	-0.537166	-0.306625	0.252332	-0.708472	0.969827	0.689269	-0.277881	-0.81335	0.44149	0.222726	-0.693625	-0.718518	-0.493305	0.877039	-0.335576	0.769526	-0.121029	0.115887	-0.296513	0.748305	-0.269508	-0.139752	0.841891	0.545088	0.514305	-0.401463	0.957111	0.525838	-0.376187	0.854543	-0.330194	0.767383	
-0.371642	0.399847	-0.390015	0.804373	-0.623799	0.230128	-0.235329	-0.522895	-0.579473	0.293187	-0.807323	-0.374754	-0.256754	-0.207649	-0.471027	0.614248	0.246131	0.295088	0.845579	0.710385	-0.252301	-0.705338	0.859301	0.052035	0.718682	0.736144	0.741605	0.387186	0.031963	-0.880009	0.84368	-0.147686	-0.253947	0.863654	-0.940337	0.235222	-0.380567	-0.536109	0.386564	0.938643	0.208058	0.824861	-0.971379	0.087731	0.132948	0.269077	0.351983	0.75331	0.411003	-0.069457	
0.267123	0.600292	-0.074679	0.951791	-0.816209	-0.361382	-0.425671	-0.292608	0.057389	0.505304	-0.693818	0.051872	0.885094	0.44388	0.802572	0.367291	-0.17082	0.02828	-0.587295	-0.712477	0.193737	0.259723	-0.295538	-0.48349	0.653329	0.535004	0.496918	-0.058113	0.248869	-0.704112	0.339083	-0.514089	0.870733	-0.084087	0.014967	0.112545	-0.25022	0.805996	0.686507	-0.472508	-0.827111	-0.992001	-0.230338	-0.424059	0.785956	-0.149122	0.540666	0.222182	-0.284725	-0.929467	
-0.06548	0.90253	-0.466687	0.675703	0.099579	0.97379	0.921334	-0.352023	0.577716	-0.73627	-0.902929	-0.4997	-0.614574	0.405119	0.199686	0.78146	0.830213	0.084169	-0.963953	0.227973	-0.312884	-0.274429	-0.425792	0.394436	0.535067	-0.123162	0.39668	-0.307723	0.480748	0.527626	-0.482186	-0.887303	0.077387	-0.119781	-0.464744	-0.080044	-0.522886	0.628935	0.376443	0.725851	-0.471651	0.501855	0.252866	0.465421	0.833593	-0.997793	-0.747276	-0.84206	-0.94759	-0.984031	
-0.776959	0.950035	-0.437462	0.961084	-0.774855	-0.57861	0.189856	-0.979975	0.300207	-0.002085	0.014178	-0.446792	-0.067364	0.800728	-0.983895	-0.676056	-0.31328	-0.465122	0.516582	0.557425	-0.487443	-0.726229	-0.112888	0.32022	0.504104	0.419194	-0.093544	-0.337349	-0.796413	-0.235006	-0.702122	0.397939	0.547416	-0.36871	0.166491	-0.669905	-0.169225	0.386913	0.916797	-0.461193	0.201212	0.642339	-0.474795	0.778559	0.565382	0.990342	0.532413	-0.722278	0.906933	0.74601	
0.001412	0.040026	0.042646	0.004275	0.029437	0.009081	0.031909	0.037188	0.037584	0.037551	0.019029	0.03161	0.018969	0.025614	0.001962	0.040517	0.035352	0.00602	0.016686	0.019225	0.018464	0.01092	0.009678	0.000141	0.041762	0.010931	0.026333	0.032181	0.008085	0.018565	0.025274	0.018717	0.001585	0.010451	0.017238	0.040559	0.040596	0.006698	0.005488	0.006194	0.012967	0.00597	0.019214	0.008697	0.020439	0.002631	0.025507	0.019631	0.014511	0.03448	
0.004229	0.018151	0.025164	0.028688	0.013705	0.007954	0.008238	0.027961	0.023234	0.01447	0.025443	0.010632	0.012416	0.027144	0.023644	0.000234	0.013638	0.031772	0.020755	0.036504	0.029033	0.025164	0.036242	0.011718	0.005612	0.031547	0.029923	0.024562	0.003652	0.035249	0.01891	0.019446	0.036051	0.035139	0.016638	0.000521	0.004113	0.02945	0.036412	0.005871	0.012767	0.014583	0.015614	0.009588	0.036825	0.031027	0.022961	0.013532	0.006779	0.027095	
0.011607	0.009299	0.025692	0.029465	0.036765	0.016555	0.0121	0.009489	0.027682	0.029945	0.006061	0.024678	0.00705	0.001504	0.015084	0.036056	0.033528	0.029792	0.015254	0.011211	0.020053	0.012484	0.013615	0.006244	0.002527	0.019609	0.038752	0.023103	0.013242	0.030214	0.010585	0.014341	0.008503	0.015091	0.023083	0.01987	0.035041	0.029591	0.015301	0.000173	0.038721	0.032294	0.018198	0.035188	0.031518	0.025761	0.024196	0.000455	0.020527	0.032903	
0.012275	0.039934	0.025892	0.034586	0.000924	0.015224	0.030647	0.026871	0.018709	0.016255	0.03954	0.029614	0.025814	0.036811	0.003009	0.016975	0.032808	0.002342	0.015062	0.001801	0.006049	0.017799	0.031099	0.000551	0.00183	0.036499	0.012609	0.02158	0.008228	0.024814	0.020992	0.017595	0.004535	0.034502	0.036432	0.031098	0.039221	0.014045	0.002076	0.009895	0.010654	0.03413	0.037143	0.011656	0.010458	0.03903	0.001099	0.011013	0.020581	0.027694	
0.008456	0.016516	0.020017	0.033179	0.00749	0.038972	0.017076	0.002571	9.6e-05	0.021745	0.03573	0.00815	0.017984	0.030966	0.001239	0.000899	0.021841	0.035306	0.016393	0.02081	0.015807	0.005362	0.030416	0.027721	0.022311	0.002929	0.027207	0.008361	0.017857	0.00851	0.025482	0.025688	0.021039	0.020332	0.008589	0.032302	0.002234	0.039649	0.040163	0.03421	0.007756	0.039404	0.031814	0.021881	0.012981	0.015555	0.009334	0.035945	0.017704	0.036021	
0.008634	0.016001	0.034378	0.002989	0.031452	0.003375	0.002166	0.030547	0.036616	0.029908	0.009213	0.000113	0.025187	0.001182	0.007461	0.030508	0.012545	0.035405	0.036897	0.013159	0.019957	0.00634	0.011434	0.024484	0.002349	0.016479	0.00367	0.006949	0.022422	0.037316	0.032324	0.036705	0.020318	0.013339	0.033858	0.010785	0.01323	0.02061	0.019962	0.031619	0.018969	0.031071	0.036078	0.025274	0.006911	0.035457	0.033389	0.033968	0.014401	0.012596	
0.045042	0.037236	0.007361	0.00867	0.020523	0.011816	0.018535	0.028049	0.027587	0.003931	0.0202	0.008467	0.021773	0.024124	0.038205	0.005653	0.043213	0.017913	0.00421	0.043039	0.009861	0.017083	0.018486	0.005502	0.032231	0.007709	0.008017	0.021323	0.035475	0.03573	0.019279	0.041256	0.020051	0.013299	0.030532	0.004004	0.023726	0.013016	0.012797	0.012808	0.012496	0.008475	0.034399	0.018206	0.018081	0.019705	0.014591	0.00713	0.036726	0.012459	
0.00227	0.008924	0.038385	0.01706	0.001239	0.009652	0.030954	0.014881	0.002516	0.034884	0.040871	0.034404	0.034021	0.006524	0.022356	0.002647	0.040675	0.00608	0.011085	0.023353	0.026244	0.000202	0.001649	0.009041	0.039111	0.026915	0.007575	0.037445	0.032732	0.02991	0.033421	0.023606	0.018468	0.000843	0.013208	0.020262	0.002366	0.006946	0.015248	0.012389	0.033138	0.02016	0.032797	0.02066	0.001237	0.025485	0.035883	0.037292	0.03795	0.015036	
0.016037	0.039185	0.038003	0.010534	0.004248	0.010943	0.028035	0.011231	0.030998	0.016339	0.00869	0.000763	0.003347	0.01278	0.037611	0.027031	0.024774	0.014109	0.006633	0.026462	0.026715	0.002093	0.031052	0.004578	0.005901	0.037801	0.036935	0.033508	0.026069	0.028827	0.015715	0.0162	0.023962	0.006549	0.005768	0.037339	0.037965	0.01656	0.015131	0.000651	0.030562	0.030867	0.028686	0.025733	0.002453	0.011996	0.022259	0.02851	0.019079	0.022783	
0.018237	0.032617	0.005557	0.013064	0.02672	0.036386	0.022924	0.006204	0.008242	0.014831	0.03864	0.035758	0.002568	0.035566	0.029227	0.007282	0.021947	0.032436	0.016821	0.028414	0.034742	0.005179	0.037377	0.0341	0.034559	0.002931	0.0209	0.013589	0.013533	0.02465	0.039488	0.003363	0.015418	0.030259	0.034911	0.009553	0.016318	0.014851	0.000279	0.011066	0.031447	0.013026	0.016047	3.1e-05	0.010652	0.019847	0.038669	0.015724	0.014002	0.010048	
0.035295	0.033253	0.017177	0.010983	0.014364	0.026098	0.022316	0.003302	0.001644	0.025396	0.032816	0.023218	0.038461	0.000221	0.005413	0.03623	0.004594	0.029031	0.00454	0.035176	0.028905	0.016837	0.001841	0.003856	0.030346	0.002112	0.030535	0.020422	0.002748	0.026226	0.018157	0.006612	0.019844	0.009082	0.01992	0.035144	0.019412	0.032533	0.038021	0.01549	0.012155	0.038159	0.032517	0.011401	0.037123	0.007517	0.020675	0.005501	0.017668	0.039713	
0.027806	0.027333	0.024848	0.024454	0.019607	0.03063	0.016138	0.029322	0.010492	0.013679	0.00045	0.014927	0.009941	0.031209	0.03166	0.028539	0.030729	0.003581	0.032877	0.02685	0.032228	0.01351	0.020864	0.000409	0.032459	0.030347	0.027861	0.017698	0.027698	0.031592	0.029334	0.013221	0.018026	0.013021	0.014378	0.002855	0.010558	0.022775	0.015972	0.010167	0.006964	0.0141	0.007861	0.005181	0.000947	0.034814	0.028776	0.024439	0.03195	0.024923	
0.022473	0.003646	0.021664	0.02336	0.004463	0.029402	0.02095	0.003539	0.041599	0.033622	0.00081	0.013799	0.007129	0.030653	0.010566	0.029881	0.008389	0.041575	0.002086	0.016395	0.035872	0.019746	0.033676	0.011521	0.02593	0.01702	0.000555	0.023659	0.002354	0.005368	0.022254	0.04151	0.02465	0.003145	0.015893	0.040552	0.026956	0.023684	0.02118	0.031768	0.025416	0.011638	0.030511	0.007778	0.005428	0.017466	0.035168	0.032482	0.021166	0.019653	
0.040379	0.015857	0.004781	0.033433	0.013328	0.038089	0.004934	0.003993	0.006222	0.007232	0.029217	0.000362	0.032927	0.026282	0.006083	0.027322	0.007159	0.034011	0.031056	0.03835	0.028514	0.011352	0.032638	0.033777	0.018359	0.038643	0.015903	0.014849	0.006642	0.002236	0.025352	0.008588	0.033682	0.038492	0.031792	0.013685	0.011921	0.016275	0.040676	0.012048	0.008454	0.035767	0.020158	0.016322	0.025457	0.009802	0.020356	0.014183	0.009398	0.003662	
0.030893	0.019013	0.012985	0.03372	0.026474	0.027152	0.017134	0.030312	0.020807	0.025076	0.023281	0.000591	0.016079	0.004851	0.024142	0.018632	0.013773	0.003401	0.031456	0.0312	0.027793	0.033903	0.024039	0.002399	0.027856	0.011925	0.014388	0.029233	0.02452	0.023168	0.031996	0.032812	0.01092	0.003785	0.017444	0.035074	0.009542	0.019256	0.007927	0.011687	0.015152	0.004127	0.035109	0.027293	0.005356	0.026306	0.014085	0.028999	0.030927	0.002007	
0.015224	0.007561	0.010595	0.02175	0.015011	0.030774	0.031787	0.008348	0.002158	0.020682	0.021511	0.006736	0.012599	0.022417	0.004255	0.031164	0.022755	0.032344	0.011763	0.018838	0.007797	0.016434	0.032305	0.001183	0.023836	0.034173	0.027185	0.014859	0.015534	0.018095	0.027038	0.022826	0.033525	0.006914	0.025545	0.029782	0.018388	0.019442	0.024996	0.021906	0.013071	0.003974	0.027866	0.013414	0.025239	0.031602	0.025362	0.025338	0.035142	0.028957	
0.017763	0.005117	0.024248	0.037324	0.007548	0.041377	0.036556	0.004759	0.004977	0.000264	0.016773	0.030906	4.4e-05	0.007455	0.014902	0.003939	0.007331	0.033611	0.015809	0.00036	0.040821	0.014006	0.001153	0.019884	0.028297	0.03371	0.00334	0.020552	0.041556	0.03479	0.035067	0.037934	0.010163	0.041973	0.024572	0.01516	0.014008	0.010441	0.015368	0.009941	0.024424	0.036985	0.038635	0.007909	0.040861	0.003437	0.028733	0.01495	0.025267	0.015	
0.025209	0.036609	0.026793	0.031315	0.030624	0.002715	0.000597	0.016823	0.026529	0.017506	0.02028	0.013425	0.023824	0.018221	0.001471	0.036284	0.003948	0.000355	0.017346	0.022687	0.009973	0.025947	0.017756	0.012563	0.016415	0.030786	0.034807	0.034961	0.019753	0.038433	0.011975	0.019672	0.009901	0.032114	0.006691	0.006043	0.001044	0.026881	0.009905	0.030396	0.028663	0.014695	0.00848	0.032012	0.011462	0.038983	0.034184	0.032109	0.008884	0.021951	
0.025951	0.005161	0.036255	0.006664	0.029086	0.029302	0.005828	0.000239	0.030531	0.001947	0.018641	0.029415	0.008477	0.025658	0.017626	0.014988	0.01321	0.011949	0.04085	0.027122	0.023344	0.03179	0.033435	0.005192	0.025177	0.028621	0.039335	0.003911	0.026167	0.017964	0.03238	0.012642	0.029682	0.02252	0.003554	0.017174	0.031344	0.032234	0.001997	0.023909	0.003079	0.03467	0.013549	0.024796	0.030265	0.005749	0.00838	0.029685	0.004426	0.024129	
0.030905	0.013399	0.027729	0.030755	0.018701	0.028416	0.011852	0.034953	0.017051	0.026789	0.01751	0.003751	0.007171	0.020737	0.02901	0.013184	0.027544	0.003155	0.010634	0.016337	0.027496	0.034911	0.034332	0.033268	0.023434	0.009108	0.015031	0.031271	0.027927	0.033287	0.020676	0.032632	0.029511	0.020145	0.010161	0.029083	0.004112	0.016914	0.031421	0.019447	0.006084	0.004647	0.034407	0.015199	0.018156	0.016715	0.00803	0.001984	0.013097	0.007931	
0.028804	0.020913	0.03039	0.025744	0.008938	0.005215	0.017824	0.012541	0.028601	0.020759	0.012572	0.021852	0.011352	0.029373	0.024015	0.033012	0.004918	0.019467	0.032642	0.030881	0.032398	0.029936	0.023524	0.03198	0.028623	0.032808	0.011078	0.028821	0.032975	0.000754	0.009952	0.005222	0.02681	0.002494	0.025954	0.011123	0.012823	0.022902	0.030145	0.014689	0.007045	0.028701	0.008818	0.013422	0.013673	0.02051	0.018323	0.024966	0.0146	0.015118	
0.000361	0.003718	0.002993	0.013763	0.026076	0.012446	0.029834	0.030535	0.024793	0.030326	0.011479	0.017285	0.010234	0.023639	0.001981	0.034105	0.025607	0.037812	0.036985	0.006633	0.005811	0.006931	0.035779	0.030673	0.026582	0.038041	0.01905	0.003348	0.026761	0.007284	0.034252	0.003343	0.037016	0.013666	0.027091	0.025232	0.032615	0.012766	0.018699	0.017253	0.009763	0.031277	0.0126	0.00662	0.030409	0.018131	0.014972	0.033475	0.015515	0.02444	
0.041507	0.011052	0.018268	0.000274	0.038225	0.00493	0.016652	0.041213	0.019912	0.003664	0.015726	0.026946	0.021483	0.040086	0.012995	0.033958	0.024182	0.026714	0.011677	0.015451	0.015754	0.012497	0.025585	0.030462	0.005269	0.024428	0.020169	0.005359	0.00597	0.005342	0.040945	0.006608	0.026071	0.013641	0.021707	0.034341	0.008555	0.013238	0.015111	0.039567	0.014286	0.027554	0.000148	0.034876	0.018247	0.018694	0.033208	0.012521	0.002129	0.042803	
0.008351	0.003622	0.037072	0.006573	0.008618	0.033957	0.000388	0.028078	0.006498	0.015315	0.010205	0.037539	0.0319	0.019549	0.011316	0.015697	0.015129	0.005035	0.031653	0.005101	0.028973	0.021578	0.03624	0.036615	0.028932	0.010929	0.009013	0.011506	0.003557	0.02118	0.014031	0.033173	0.01852	0.03544	0.036127	0.034319	0.018335	0.034396	0.013466	0.036184	0.034924	0.000668	0.016985	0.016563	0.008421	0.022551	0.030692	0.003249	0.034696	0.017141	
0.005005	0.035679	0.011211	0.037707	0.022298	0.009936	0.021749	0.037778	0.031126	0.004549	0.032184	0.019838	0.030721	0.035953	0.032373	0.025691	0.024766	0.033413	0.028681	0.00027	0.005331	0.002614	0.010849	0.036	0.011122	0.014224	0.01419	0.016513	0.02755	0.001758	0.004141	0.021787	0.010848	0.036415	0.025738	0.036996	0.00048	0.00965	0.001447	0.000599	0.029264	0.03474	0.036059	0.032694	0.012757	0.024047	0.012284	0.007326	0.02846	0.013189	
0.006634	0.00953	0.021704	0.029998	0.021553	0.033474	0.030147	0.031312	0.010029	0.035969	0.010399	0.0219	0.002442	0.012	0.022658	0.009203	0.019515	0.020781	0.000778	0.025074	0.037246	0.000755	0.01557	0.037176	0.018582	0.033765	0.021833	0.032848	0.012351	0.019954	0.019763	0.033642	0.000666	0.014954	0.018335	0.021764	0.009975	0.019447	0.013186	0.014497	0.029229	0.026701	0.023542	0.004875	0.024956	0.037939	0.037046	0.006716	0.017807	0.01978	
0.030726	0.003143	0.03573	0.025689	0.021399	0.006579	0.007819	0.03197	0.026603	0.024406	0.007417	0.008847	0.025165	0.003087	0.030346	0.027162	0.003336	0.035907	0.002243	0.017306	0.023599	0.01005	0.018544	0.024161	0.010088	0.017991	0.007428	0.006667	0.020627	0.019302	0.034836	0.003169	0.028431	0.00844	0.02303	0.028868	0.000523	0.032793	0.031827	0.012873	0.030692	0.006812	0.034654	0.028353	0.01561	0.036166	0.027128	0.034171	0.016077	0.03221	
0.012392	0.003723	0.025379	0.011072	0.04158	0.004101	0.025089	0.024673	0.035424	0.024527	0.007853	0.00661	0.038324	0.020296	0.002496	0.039973	0.02563	0.004711	0.005915	0.005579	0.030996	0.040818	0.03316	0.03126	0.021362	0.041105	0.022602	0.011509	0.013073	0.027507	0.039285	0.004851	0.018611	0.026472	0.015972	0.037974	0.005116	0.002792	0.023639	0.01592	0.009185	0.003547	0.01442	0.012048	0.005635	0.018964	0.041136	0.011996	0.021016	0.032682	
0.004807	0.018844	0.032699	0.018344	0.037301	0.022198	0.012535	0.002723	0.00598	0.013051	0.014282	0.035306	0.038148	0.028613	0.021958	0.011054	0.03621	0.007534	0.038349	0.000847	0.028573	0.02464	0.016116	0.034589	0.027819	0.00349	0.015802	0.03031	0.001588	0.000384	0.029466	0.019886	0.013502	0.020501	0.015959	0.017667	0.036587	0.035352	0.023759	0.003345	0.017179	0.013432	0.024288	0.021689	0.034523	0.016386	0.01483	0.012	0.020308	0.025247	
0.008567	0.010875	0.025093	0.009276	0.005687	0.002829	0.00246	0.001695	0.029225	0.030888	0.035119	0.01613	0.005486	0.035404	0.020201	0.035299	0.040527	0.01199	7.3e-05	0.038961	0.004089	0.028864	0.040448	0.021347	0.01311	0.025168	0.039581	0.025934	0.001387	0.000698	0.037046	0.011196	0.028134	0.023281	0.020099	0.006386	0.033058	0.030876	0.037458	0.001179	0.020443	0.035179	0.012755	0.004646	0.026425	0.012262	0.039802	0.004157	0.031652	0.017555	
0.028905	0.03516	0.013686	0.035273	0.021781	0.005739	0.035851	0.029889	0.029307	0.008687	0.011655	0.001404	0.032748	0.011508	0.018888	0.023334	0.021634	0.000382	0.015679	0.018928	0.034092	0.019137	0.007267	0.014812	0.003077	0.019342	0.006168	0.015589	0.019524	0.03409	0.035292	0.021971	0.000579	0.02827	0.035815	0.02022	0.025427	0.029758	0.006097	0.013975	0.018976	0.027876	0.011572	0.000459	0.017957	0.033437	0.010086	0.024988	0.030577	0.033132	
0.002087	0.012891	0.043717	0.009048	0.026756	0.026444	0.016798	0.017919	0.015764	0.011396	0.021533	0.01788	0.004941	8.6e-05	0.04412	0.029591	0.003191	0.00198	0.018939	0.020578	0.013358	0.037968	0.040092	0.017798	0.032733	0.003866	0.007971	0.029829	0.041492	0.005425	0.00525	0.033851	0.007001	0.001838	0.044609	0.019212	0.037902	0.00384	0.020807	0.00078	0.033287	0.005588	0.028727	0.041263	0.026275	0.001479	0.044285	0.033029	0.003121	0.031665	
0.026078	0.014584	0.001964	0.00085	0.006815	0.000183	0.012343	0.034271	0.019594	0.02612	0.028113	0.006401	0.00659	0.005971	0.025501	0.005037	0.03721	0.007281	0.028473	0.033072	0.012004	0.037169	0.036792	0.030279	0.021463	0.009996	0.016347	0.026822	0.037406	0.031713	0.018227	0.001297	0.002502	0.034795	0.018792	0.030503	0.009074	0.022396	0.03539	0.035872	0.009699	0.024727	0.011808	0.02506	0.014048	0.024971	0.035461	0.030051	0.004782	0.024103	
0.033131	0.030651	0.035189	0.03964	0.010258	0.013762	0.015453	0.006522	0.014984	0.003661	0.021546	0.031015	0.011617	0.037724	0.000545	0.004812	0.039931	0.003417	0.038489	0.013234	0.014344	0.00538	0.036931	0.021728	0.036683	0.015043	0.010803	0.017325	0.01631	0.040665	0.000698	0.001735	0.004693	0.018979	0.027465	0.017152	0.020093	0.017972	0.033787	0.02857	0.037019	0.005373	0.025204	0.036428	0.006424	0.030984	0.007926	0.026328	0.007641	0.024736	
0.029048	0.030962	0.021104	0.012599	0.019938	0.030216	0.030066	0.000821	0.023168	0.011498	0.020638	0.018993	0.018062	0.021321	0.028401	0.032013	0.012651	0.035698	0.005953	0.011048	0.020754	0.024447	0.003856	0.00891	0.025775	0.025816	0.018825	0.020341	0.035487	4.8e-05	0.034694	0.014482	0.02066	0.018114	0.000414	0.017931	0.021225	0.006863	0.026751	0.035088	0.035821	0.019	0.012294	0.007645	0.010082	0.031017	0.033567	0.006144	0.016169	0.033582	
0.019527	0.023681	0.018058	0.035291	0.011406	0.022464	0.000634	0.030653	0.022955	0.023413	0.00811	0.020897	0.032233	0.012649	0.022763	0.009846	0.028924	0.032458	0.02113	0.027113	0.020099	0.019976	0.010222	0.03111	0.022276	0.020228	0.035409	0.036759	0.036302	0.020686	0.023741	0.001288	0.000505	0.028053	0.002119	0.027371	0.006428	0.017068	0.02175	0.031112	0.021688	0.033475	0.00743	0.010004	0.009142	0.018003	0.000169	0.026848	0.033278	0.003256	
0.025582	0.027684	0.024037	0.016984	0.039217	0.004955	0.012749	0.027182	0.036856	0.033962	0.039846	0.013555	0.017486	0.003048	0.019209	0.003321	0.038847	0.028693	0.003436	0.018714	0.026495	0.005111	0.014003	0.004269	0.002537	0.031387	0.008264	0.015521	0.030807	0.031822	0.029094	0.001861	0.018839	0.037583	0.040422	0.009764	0.017989	0.035665	0.001901	0.022685	0.021403	0.013487	0.007712	0.033506	0.001647	0.031275	0.013396	0.01113	0.030001	0.015061	
0.031533	0.005943	0.033878	0.023099	0.019344	0.010138	0.004594	0.028571	0.001029	0.030486	0.019015	0.03487	0.019852	0.011149	0.02558	0.036186	0.022163	0.025323	0.01542	0.015504	0.013058	0.004391	0.028193	0.033473	0.012344	0.006147	0.028881	0.018357	0.034564	0.037234	0.037764	0.036903	0.019602	0.003189	0.020715	0.008825	0.021234	0.013343	0.009027	0.01802	0.013119	0.005401	0.030653	0.018254	0.027293	0.023087	0.008575	0.029345	0.014406	0.010926	
0.015406	0.006103	0.02737	0.008915	0.027969	0.020515	0.009706	0.002691	0.023091	0.0196	0.024894	0.030443	0.015615	0.018585	0.02706	0.021183	0.027781	0.029993	0.019884	0.021529	0.006618	0.02645	0.026567	0.032826	0.021382	0.001736	0.012448	0.001403	0.008269	0.025399	0.028927	0.013067	0.025848	0.021241	0.00326	0.025403	0.019407	0.002066	0.034566	0.016144	0.033112	0.011979	0.022883	0.027598	0.027508	0.006992	0.027581	0.031438	0.029436	0.030113	
0.031104	0.027876	0.003739	0.009785	0.023449	0.007828	0.006986	0.000533	0.027911	0.022002	0.017136	0.009393	0.039676	0.013525	0.031647	0.003901	0.037027	0.027686	0.026283	0.040185	0.036535	0.014634	0.012558	0.029643	0.026099	0.012073	0.01417	0.012129	0.007408	0.024585	0.030644	0.016515	0.016649	0.00915	0.004127	0.015359	0.027846	0.006861	0.023464	0.022753	0.030098	0.032839	0.023534	0.038676	0.027893	0.005119	0.00695	0.038063	0.010467	0.015487	
0.000777	0.003239	0.015162	0.037581	0.017186	0.024535	0.030063	0.039174	0.012071	0.002482	0.021986	0.014732	0.005096	0.013879	0.009512	0.000271	0.038125	0.023318	0.034684	0.023602	0.005287	0.03343	0.003124	0.009806	0.039581	0.024836	0.038958	0.009311	0.031164	0.033653	0.005823	0.03291	0.02314	0.019871	0.014098	0.016686	0.025898	0.011529	0.002781	0.027042	0.023421	0.017332	0.012874	0.036741	0.032514	0.012625	0.035761	0.036313	0.003493	0.012523	
0.014392	0.014593	0.009263	0.003204	0.038161	0.002293	0.038376	0.024499	0.020365	0.017864	0.004408	0.017695	0.014217	0.016255	0.00725	0.017491	0.00204	0.033858	0.020845	0.009035	0.009163	0.034691	0.004954	0.021028	0.000373	0.018566	0.028779	0.014131	0.026099	0.016119	0.033833	0.012239	0.037315	0.001109	0.03566	0.04402	0.014313	0.01037	0.041807	0.003561	0.001519	0.021864	0.043873	0.010025	0.017442	0.02453	0.039781	0.043026	0.041268	0.022438	
0.016351	0.022631	0.037457	0.008569	0.033431	0.028441	0.016209	0.018608	0.024027	0.005447	0.007357	0.032574	0.024936	0.014536	0.019254	0.016232	0.00946	0.03678	0.035591	0.040021	0.01457	0.004285	0.036057	0.034071	0.017342	0.018962	0.005802	0.004425	0.026983	0.009105	0.030772	0.004172	0.00611	0.001963	0.006683	0.030163	0.030589	0.02593	0.016214	0.000518	0.003935	0.016765	0.040093	0.009999	0.029481	0.022627	0.01731	0.031486	0.019634	0.036042	
0.020343	0.029152	0.00595	0.014951	0.02396	0.024282	0.004608	0.020909	0.008451	0.021374	0.027999	0.018012	0.029818	0.021829	0.01487	0.002499	0.009472	0.019479	0.029143	0.013918	0.003808	0.016114	0.032105	0.020898	0.021474	0.012567	0.034355	0.000182	0.038893	0.021041	0.00732	0.032613	0.025992	0.029759	0.030758	0.030915	0.006334	0.018723	0.037754	0.00874	0.005587	0.025337	0.023057	0.03012	0.040247	0.014064	0.019511	0.009499	0.039071	0.002143	
0.013274	0.003808	0.019069	0.015439	0.029899	0.036693	0.030357	0.029941	0.021463	0.016289	0.032204	0.034874	0.011971	0.035966	0.011633	0.011474	0.016318	0.02015	0.000648	0.015317	0.015048	0.036336	0.025364	0.013918	0.013127	0.018656	0.032182	0.007624	0.012281	0.014863	0.002323	0.024133	0.011284	0.007534	0.022581	0.02349	0.028002	0.036668	0.014435	0.029037	0.030557	0.031336	0.011258	0.016505	0.0181	0.009569	0.002748	0.01404	0.034594	0.03562	
0.004292	0.028759	0.022642	0.006399	0.021068	0.036469	0.02696	0.021409	0.0207	0.005681	0.029567	0.03033	0.008766	0.037516	0.037879	0.014463	0.010456	0.000318	0.017076	0.030308	0.036986	0.031429	0.033344	0.025535	0.009791	0.020758	0.027803	0.000584	0.01011	0.019913	0.023236	0.039488	0.027133	0.016334	0.021684	0.01714	0.002726	0.014656	0.032603	0.00692	0.007789	0.016531	0.022569	0.010979	0.028693	0.003696	0.022127	0.017233	0.032578	0.008574	
0.022281	0.030042	0.032313	0.008597	0.02798	0.022182	0.023716	0.001093	0.026909	0.008041	0.020629	0.01372	0.028799	0.026499	0.039384	0.000233	0.004316	0.016511	0.029514	0.004412	0.006935	0.000926	0.00571	0.038218	0.038398	0.04488	0.012581	0.033585	0.029181	0.017257	0.032428	0.032766	0.013939	0.023623	0.010008	0.027211	0.013742	0.006826	0.005431	0.005584	0.004668	0.027315	0.01382	0.03054	0.0	0.044256	0.031302	0.03287	0.0075	0.021329	
0.013549	0.027787	0.014337	0.031121	0.029346	0.010772	0.024275	0.001042	0.008649	0.015857	0.032089	0.030009	0.03095	0.035863	0.006964	0.034459	0.000802	0.033572	0.011067	0.025816	0.034117	0.016591	0.0251	0.01869	0.025263	0.028189	0.005394	0.020989	0.024775	0.028864	0.028232	0.006195	0.001188	0.032904	0.009559	0.027102	0.016486	0.028253	0.026643	0.018147	0.02418	0.027608	0.021839	0.002429	0.033204	0.007853	0.011413	0.019706	0.010341	0.00042	
0.031719	0.037105	0.016962	0.037349	0.013119	0.010993	0.011363	0.003438	0.03731	0.03871	0.022522	0.029454	0.010389	0.004495	0.003413	0.0316	0.0261	0.038236	0.004001	0.000795	0.006864	0.03034	0.001249	0.03555	0.011424	0.006746	0.029547	0.032287	0.011526	0.000292	0.020767	0.002522	0.026101	0.017545	0.01815	0.028688	0.002497	0.000972	0.037634	0.029172	0.00476	0.031663	0.025959	0.021155	0.03485	0.031048	0.006115	0.036147	0.013453	0.035904	
0.019592	0.03646	0.002555	0.031378	0.029507	0.004263	0.017736	0.026604	0.014479	0.036163	0.019155	0.024169	0.028904	0.016307	0.006283	0.023657	0.009288	0.015952	0.007382	0.036688	0.031326	0.028865	0.02059	0.029939	0.001974	0.009565	0.022277	0.025508	0.036368	0.021903	0.017416	0.028507	0.023419	0.028586	0.00493	0.02073	0.011867	0.003796	0.03175	0.001698	0.034529	0.016797	0.009535	0.002981	0.000376	0.035827	0.012741	0.034212	0.029792	0.015674	
0.019562	0.016522	0.007394	0.038482	0.002878	0.008846	0.017423	0.037333	0.017004	0.023527	0.012617	0.038801	0.024178	0.02145	0.005407	0.03807	0.007884	0.005648	0.024958	0.033037	0.035691	0.001291	0.006671	0.015646	0.027922	0.011678	0.019478	0.032145	0.026462	0.016343	0.007754	0.016493	0.009494	0.027933	0.012457	0.028407	0.016114	0.02126	0.006515	0.027326	0.02167	0.020682	0.035292	0.018496	0.016012	0.030927	0.033715	0.02314	0.01015	0.021815	
0.016197	0.020215	0.012222	0.02785	0.003404	0.00997	0.007082	0.029635	0.030524	0.010387	0.032853	0.021866	0.032792	0.024642	0.004634	0.031617	0.016906	0.001768	0.012993	0.025259	0.002377	0.037287	0.032153	0.016751	0.003683	0.009774	0.004763	0.033002	0.028644	0.034998	0.005765	0.004874	0.034029	0.001434	0.036279	0.037603	0.010428	0.02383	0.001672	0.020825	0.006517	0.024763	0.029882	0.036762	0.027713	0.0239	0.032044	0.031388	0.030351	0.003693	
0.019426	0.012213	0.010154	0.03187	0.016063	0.012138	0.0047	0.008264	0.015997	0.012411	0.025615	0.038057	0.004431	0.011152	0.027378	0.023173	0.036173	0.036509	0.033823	0.017568	0.006555	0.021642	0.027689	0.032297	0.037407	0.013031	0.038615	0.036956	0.005674	0.019677	0.008804	0.015975	0.024312	0.009096	0.02246	0.024469	0.018789	0.02871	0.018051	0.016049	0.012968	0.009956	0.025461	0.005601	0.003642	0.014864	0.012134	0.020521	0.033076	0.038404	
0.007005	0.017584	0.012878	0.021954	0.001436	0.008231	0.004443	0.027477	0.00536	0.029064	0.019742	0.015528	0.003092	0.036203	0.037739	0.014075	0.036111	0.032325	0.013549	0.020849	0.013941	0.021413	0.02606	0.000443	0.017548	0.038648	0.005753	0.025824	0.036048	0.028908	0.033728	0.038601	0.000584	0.004683	0.036519	0.036501	0.010593	0.031447	0.009642	0.003661	0.013716	0.022671	0.03564	0.038352	0.022469	0.000259	0.034934	0.011683	0.027994	0.007092	
0.024791	0.015971	0.000741	0.007865	0.039472	0.002851	0.038559	0.015117	0.006516	0.012928	0.001261	0.035267	0.01288	0.038597	0.039654	0.023075	0.020535	0.020477	0.016352	0.019413	0.009356	0.014534	0.030041	0.006735	0.040445	0.00846	0.013143	0.041262	0.004984	0.036113	0.033663	0.001987	0.03643	0.009892	0.038845	0.006652	0.030244	0.005279	0.011071	0.005011	0.022921	0.004712	0.008444	0.015447	0.042061	0.023919	0.00828	0.022647	0.033456	0.041644	
0.003864	0.018681	0.01481	0.030465	0.009085	0.019929	0.032695	0.025436	0.009626	0.015698	0.019514	0.02021	0.028056	0.020059	0.003675	0.019908	0.026374	0.027285	0.021705	0.021908	0.007148	0.034408	0.036394	0.011685	0.011756	0.029057	0.006561	0.02527	0.035673	0.034131	0.004518	0.025522	0.022904	0.008247	0.010151	0.003503	0.009882	0.030125	0.022558	0.032797	0.02276	0.016356	0.034111	0.036855	0.011263	0.023081	0.000151	0.02703	0.003471	0.033649	
0.006974	0.022916	0.020434	0.023466	0.028526	0.006241	0.017484	0.033393	0.002825	0.023962	0.009615	0.029213	0.015584	0.027427	0.010478	0.034081	0.028548	0.015921	0.01275	0.036189	0.017359	0.017371	0.011373	0.005724	0.024745	0.011829	0.005004	0.035683	0.031817	0.001481	0.018249	0.015796	0.035379	0.00715	0.021512	0.029342	0.034743	0.014988	0.025394	0.004952	0.019872	0.009022	0.019042	0.033392	0.025684	0.016303	0.013029	0.040335	0.037943	0.00946	
0.034231	0.027508	0.015699	0.005223	0.001955	0.026108	0.040975	0.019103	0.039154	0.025167	0.036425	0.041325	0.030824	0.001473	0.028733	0.000719	0.003313	0.008763	0.020154	0.035483	0.020371	0.031582	0.023168	0.027557	0.01947	0.013669	0.008502	0.000711	0.000987	0.029677	0.029977	0.025981	0.014772	0.009116	0.034619	0.022701	0.014683	0.001511	0.004228	0.0161	0.014506	0.032934	0.010567	0.023481	0.020228	0.04061	0.029011	0.016305	0.001442	0.019199	
0.008687	0.025369	0.039029	0.013262	0.03995	0.024556	0.029312	0.011	0.022663	0.024082	0.023241	0.037255	0.008671	0.030382	0.032612	0.015734	0.009541	0.002261	0.016697	0.018594	0.032933	0.036601	0.005353	0.030337	0.01617	0.02929	0.034016	0.007118	0.001412	0.010579	0.004043	0.02482	0.003388	0.006763	0.013498	0.011879	0.006594	0.021968	0.015939	0.025744	0.007494	0.026938	0.030635	0.027521	0.03626	0.025395	0.017627	0.035215	0.020068	0.001504	
0.025104	0.011873	0.034832	0.023974	0.009404	0.031965	0.029371	0.015906	0.008454	0.022384	0.019387	0.010016	0.021918	0.033913	0.026616	0.032419	0.01915	0.005767	0.006916	0.000119	0.016927	0.03482	0.008293	0.00384	0.020338	0.025231	0.023681	0.002	0.034495	0.003151	0.029145	0.02191	0.0095	0.021797	0.025326	0.001376	0.036611	0.009959	0.016576	0.02365	0.003649	0.013605	0.028068	0.039792	0.038501	0.015447	0.019123	0.023926	0.036692	0.023083	
0.015074	0.030967	0.028186	0.039313	0.03521	0.025185	0.004567	0.01082	0.036088	0.023598	0.015014	0.005373	0.022109	0.027634	0.029856	0.038324	0.006747	0.004335	0.005218	0.016028	0.01188	0.008457	0.024223	0.015131	0.024543	0.03194	0.020991	0.012589	0.000199	0.042332	0.005322	0.011873	0.004891	0.033433	0.041305	0.039676	0.007032	0.009953	0.002606	0.000411	0.033001	0.041436	0.006279	0.02411	0.038	0.029816	0.011857	0.004359	0.015918	0.026791	
0.011609	0.034461	0.021168	0.042971	0.016397	0.036098	0.000154	0.004796	0.001609	0.02652	0.037661	0.042837	0.014825	0.025109	0.053551	0.023028	0.002173	0.00282	0.007602	0.024697	0.035373	7.3e-05	0.032772	0.026694	0.009228	0.003195	0.024939	0.004885	0.007761	0.018153	0.049022	0.018299	0.022062	0.023589	0.008912	0.052447	0.002625	0.005627	0.031851	0.017534	0.010644	0.002698	0.051087	6.6e-05	0.002325	0.036395	0.007241	0.002098	0.032127	0.030192	
0.027722	0.007229	0.023753	0.002805	0.020991	0.035554	0.025358	0.026482	0.010106	0.023769	0.029616	0.00083	0.012609	0.01545	0.003343	0.030213	0.013806	0.03523	0.011153	0.034469	0.012817	0.000586	0.004969	0.017334	0.026422	0.015611	0.027538	0.025171	0.011474	0.027012	0.028778	0.033694	0.019566	0.016279	0.016574	0.033567	0.025429	0.021893	0.03041	0.001242	0.002137	0.019647	0.032256	0.022775	0.03043	0.015863	0.027737	0.017071	0.027079	0.018151	
0.02912	0.024743	0.041958	0.042966	0.037	0.018266	0.02262	0.03235	0.004487	0.020021	0.036687	0.003232	0.013284	0.034593	0.014268	0.02038	0.02338	0.004018	0.010775	0.004145	0.011509	0.02735	0.015319	0.001453	0.042614	0.01633	0.035206	0.007445	0.000414	0.028268	0.001252	0.00423	0.008773	0.010796	0.039808	0.021903	0.033954	0.034565	0.023877	0.021242	0.00977	0.005112	0.00787	0.010043	0.033083	0.032391	0.010045	0.019891	0.039834	0.00736	
0.024725	0.006527	0.037558	0.033293	0.02452	0.005501	0.020635	0.0055	0.036341	0.003689	0.033142	0.026223	0.012733	0.003977	0.02929	0.00614	0.004773	0.025389	0.000753	0.021111	0.020269	0.03045	0.029666	0.026131	0.034373	0.029816	0.003067	0.029586	0.032503	0.026651	0.000644	0.013424	0.003402	0.033711	0.026404	0.019626	0.037778	0.001102	0.036013	0.02476	0.000441	0.004599	0.032652	0.032501	0.028038	0.005514	0.031668	0.033927	0.007834	0.00163	
0.01524	0.037493	0.004061	0.021828	0.021963	0.007536	0.012618	0.024637	0.020971	0.024755	0.018116	0.012765	0.034359	0.033015	0.030132	0.034334	0.0243	0.031749	0.037244	0.037562	0.001115	0.026654	0.037307	0.004063	0.025207	0.013145	0.004534	0.016575	0.01465	0.007657	0.021139	0.015895	0.005091	0.020495	0.00482	0.037088	0.033703	0.008617	0.012083	0.006852	0.010864	0.026696	0.032606	0.031239	0.036603	0.004875	0.012406	0.024255	0.014709	0.004379	
0.010977	0.02068	0.038028	0.010436	0.002356	0.021277	0.018369	0.027597	0.037333	0.003236	0.022616	0.012585	0.009225	0.024745	0.007039	0.003485	0.0297	0.027255	0.02664	0.033766	0.033855	0.008344	0.011134	0.030996	0.001746	0.004528	0.022967	0.004421	0.018553	0.010382	0.00843	0.02496	0.006549	0.02638	0.025156	0.019887	0.020239	0.031973	0.017991	0.019336	0.02254	0.028096	0.037957	0.026114	0.037236	0.003896	0.029593	0.037348	0.030314	0.011734	
0.028436	0.000897	0.00628	0.010293	0.013238	0.017308	0.00936	0.003628	0.024255	0.000885	0.038196	0.034869	0.002448	0.035949	0.039875	0.01537	0.015156	0.006211	0.026118	0.014409	0.038163	0.033617	0.035733	0.027953	0.026719	0.021859	0.01897	0.012126	0.021806	0.029515	0.020765	0.030017	0.036328	0.033369	0.031209	0.014294	0.001716	0.039724	0.019442	0.01816	0.000629	0.023007	0.02801	0.007571	0.021325	0.010518	0.030089	0.000934	0.017978	0.005273	
0.008819	0.01962	0.036845	0.021292	9.8e-05	0.010505	0.021902	0.026985	0.013314	0.008264	0.025859	0.016559	0.030345	0.039884	0.033862	0.044742	0.009961	0.046804	0.022209	0.008461	0.018973	0.035379	0.005382	0.034145	0.009936	0.013907	0.00199	0.02373	0.020072	0.005771	0.040912	0.030106	0.008996	0.000355	0.002809	0.004001	0.027146	0.01226	0.029069	0.044817	0.012182	0.026173	0.029904	0.003619	0.013154	0.044821	0.003841	0.011518	0.026197	0.012505	
0.041656	0.015545	0.019272	0.010386	0.03692	0.031725	0.023329	0.012781	0.023609	0.025697	0.031468	0.008195	0.003659	0.019625	0.026255	0.000835	0.017768	0.032266	0.0191	0.022115	0.027553	0.034501	0.035964	0.001856	0.016574	0.020406	0.013977	0.016349	0.00859	0.000642	0.037686	0.030706	0.028131	0.002452	0.016758	0.009909	0.002338	0.024759	0.002168	0.021688	0.04312	0.025539	0.017469	0.001585	0.028498	0.013541	0.011722	0.018291	0.041646	0.023376	
0.020197	0.023425	0.026411	0.024913	0.00749	0.0333	0.027503	0.027964	0.034726	0.012545	0.033666	0.004879	0.029612	0.001243	0.026066	0.000886	0.012474	0.000657	0.01561	0.02524	0.01052	0.014706	0.003747	0.033008	0.034556	0.023932	0.002501	0.000427	0.030592	0.014733	0.034967	0.006976	0.001067	0.01409	0.032037	0.002258	0.028781	0.016029	0.024424	0.030806	0.029561	0.006951	0.025978	0.001891	0.032502	0.034865	0.03093	0.033728	0.024122	0.030508	
0.016423	0.001492	0.030948	0.034105	0.03072	0.029383	0.028606	0.031088	0.029063	0.007338	0.027006	0.013824	0.03483	0.011338	0.013292	0.022116	0.021175	0.017278	0.004221	0.014729	0.034006	0.02997	0.008481	0.022841	0.008169	0.035679	0.027714	0.015169	0.008434	0.031404	0.007946	0.036501	0.018677	0.004797	0.031811	0.011057	0.009347	0.019001	0.013068	0.014903	0.019197	0.035218	0.00438	0.034721	0.020115	0.020718	0.02241	0.00396	0.027496	0.003835	
0.017876	0.024503	0.010944	0.018857	0.036549	0.010463	0.005725	0.038571	0.039064	0.030474	0.000128	0.028647	0.008585	0.019927	0.014266	0.011624	0.038059	0.011273	0.029499	0.037468	0.034315	0.016945	0.026606	0.01457	0.007904	0.00135	0.001643	0.025958	0.035848	0.020328	0.027006	0.022669	0.014769	0.019258	0.03831	0.004516	0.009671	0.033509	0.02293	0.025841	0.016854	0.019818	0.027505	0.003507	0.009245	0.008191	0.013943	0.020503	0.018542	0.025444	
0.029011	0.01619	0.043209	0.022091	0.012304	0.037197	0.03308	0.040035	0.017306	0.037055	0.003667	0.018258	0.026745	0.023859	0.037634	0.006616	0.022814	0.008704	0.025497	0.004883	0.037114	0.004818	0.013403	0.020791	0.032331	0.004357	0.001688	0.007789	0.001836	0.01145	0.024028	0.017245	0.007022	0.007178	0.002927	0.029461	0.023575	0.038506	0.041677	0.015917	0.016236	0.004226	0.01441	0.022761	0.011556	0.045087	0.021666	0.004267	0.037408	0.013115	
0.000839	0.005262	0.009864	0.036174	0.028044	0.02489	0.005487	0.009389	0.01992	0.013175	0.00717	0.013015	0.022869	0.021829	0.023311	0.035867	0.016731	0.02334	0.013697	0.037313	0.011278	0.024364	0.034107	0.005955	0.01137	0.001554	1.6e-05	0.028666	0.024864	0.034949	0.019095	0.023361	0.010606	0.02307	0.029039	0.020707	0.034266	0.00205	0.031608	0.021562	0.018279	0.028267	0.005582	0.028976	0.029698	0.036911	0.026719	0.00658	0.036256	0.022059	
0.037835	0.03834	0.019169	0.03679	0.016072	0.033876	0.00678	0.004965	0.001229	0.000771	0.030971	0.012149	0.004249	0.036853	0.03655	0.022745	0.009512	0.03619	0.00737	0.021719	0.030732	0.020599	0.002858	0.010826	0.00092	0.036936	0.00561	0.003009	0.035816	0.008776	0.031682	0.005285	0.032333	0.034901	0.005222	0.002527	0.035537	0.006953	0.003212	0.032033	0.026604	0.0258	0.018356	0.012214	0.036481	0.022634	0.008653	0.030038	0.032968	0.02635	
0.005721	0.036269	0.019808	0.0064	0.028206	0.015923	0.024477	0.000708	0.016222	0.017242	0.015928	0.025965	0.007881	0.01388	0.02764	0.032209	0.007989	0.022045	0.034299	0.020391	0.004667	0.000332	0.004005	0.011457	0.035258	0.004562	0.010215	0.025665	0.018264	0.017607	0.024344	0.035625	0.03469	0.018686	0.021487	0.03517	0.017576	0.024883	0.021534	0.0253	0.030397	0.004643	0.035467	0.00199	0.034643	0.03506	0.027082	0.029623	0.01639	0.014175	
0.033825	0.013631	0.012259	0.007209	0.034259	0.026008	0.030255	0.014221	0.014754	0.024502	0.016885	0.031845	0.012726	0.010852	0.016987	0.03376	0.014164	0.031056	0.016618	0.002051	0.03483	0.030114	0.004878	0.020659	0.011597	0.002764	0.034978	0.017099	0.012793	0.019475	0.019277	0.034061	0.018056	0.033212	0.00459	0.032318	0.008361	0.029861	0.022137	0.031466	0.00795	0.03514	0.010217	0.031503	0.007055	0.008782	0.019747	0.012368	0.024256	0.022589	
0.018958	0.02057	0.005968	0.030948	0.029952	0.028227	0.033795	0.012477	0.029756	0.02872	0.006618	0.015414	0.021261	0.003448	0.017238	0.008768	0.029571	0.027019	0.028398	0.016435	0.02343	0.009924	0.02743	0.012169	0.017545	0.026284	0.000614	0.026074	0.033632	0.011155	0.024888	0.030943	0.001483	0.029964	0.027049	0.020518	0.017507	0.028787	0.034725	0.007966	0.024948	0.022075	0.031927	0.030731	0.013728	0.022768	0.012341	0.010963	0.003707	0.001184	
0.004303	7e-05	0.011636	0.031833	0.035353	0.027779	0.013745	0.036029	0.020746	0.028746	0.032553	0.023068	0.015824	0.008201	0.022089	0.024368	0.011776	0.000782	0.022029	0.015284	0.004935	0.022447	0.005781	0.01017	0.002089	0.031807	0.024124	0.02551	0.008826	0.030272	0.017493	0.00698	0.031719	0.008581	0.024704	0.022797	0.009831	0.03514	0.028574	0.005927	0.029187	0.028207	0.022731	0.022219	0.024982	0.037766	0.031975	0.00748	0.018195	0.033337	
0.009228	0.008684	0.001398	0.03552	0.030815	0.014968	0.010263	0.010921	0.015763	0.003771	0.04188	0.01468	0.028245	0.007461	0.0435	0.005597	0.003828	0.005852	0.020588	0.002532	0.041624	0.001651	0.036515	0.027763	0.029896	0.012952	0.002506	0.008523	0.044022	0.021267	0.041007	0.016515	0.028614	0.024584	0.021671	0.033419	0.015221	0.00752	0.043339	0.029647	0.009023	0.018909	0.003451	0.036338	0.010201	0.001891	0.039303	0.008644	0.044597	0.023893	
0.009258	0.010277	0.016591	0.007312	0.036418	0.02721	0.026531	0.031073	0.030522	0.014825	0.031366	0.03402	0.033337	0.036766	0.018017	0.013918	0.020099	0.02094	0.025993	0.004791	0.035579	0.021031	0.006674	0.02628	0.025084	0.01794	0.020928	0.034208	0.017097	0.031768	0.015637	0.009165	0.011932	0.026536	0.025953	0.025303	0.030737	0.002305	0.004138	0.000787	0.008698	0.035509	0.011681	0.021092	0.008161	0.009703	0.023173	0.025121	0.003889	0.014627	
0.000493	0.037181	0.007605	0.033246	0.030276	0.007911	0.006973	0.01492	0.032238	0.018652	0.01711	0.035463	0.030452	0.023999	0.03133	0.010968	0.021948	0.021984	0.034329	0.016854	0.001605	0.034696	0.009554	0.020302	0.010535	0.017902	0.029321	0.018236	0.022902	0.020596	0.026304	0.03652	0.022745	0.001232	0.025288	0.024816	0.031337	0.026169	0.026576	0.008255	0.001536	0.031249	0.011036	0.01668	0.009464	0.021192	0.027945	0.010385	0.021517	0.000173	
0.016131	0.014692	0.039262	0.039859	0.040538	0.013038	0.003144	0.00862	0.009516	0.020612	0.030139	0.005255	0.036456	0.041173	0.041022	0.03488	0.019351	0.023551	0.004437	0.009347	0.027726	0.013544	0.002468	0.001656	0.042889	0.005347	0.021303	0.009032	0.024039	0.014525	0.010732	0.009021	0.033522	0.004283	0.042137	0.011141	0.017233	0.013348	0.004721	0.032548	0.033319	0.036628	0.020189	0.006137	0.009049	0.009308	0.006096	0.012911	0.041567	0.032558	
0.042273	0.028586	0.008338	0.034983	0.023369	0.001792	0.012761	0.002431	0.000676	0.027071	0.018157	0.004553	0.015415	0.017157	0.010982	0.009695	0.013149	0.004007	0.039664	0.029535	0.040306	0.024184	0.005299	0.037043	0.038562	0.011388	0.00336	0.042766	0.026349	0.023106	0.028138	0.005885	0.043416	0.019396	0.008706	0.01599	0.029461	0.0294	0.003866	0.007049	0.013875	0.031771	0.000425	0.017431	0.014442	0.033136	0.032101	0.039261	0.028532	0.000762	
0.021347	0.001499	0.016947	0.041907	0.034892	0.009422	0.038496	0.002288	0.012949	0.041243	0.024859	0.022179	0.009561	0.039493	0.008435	0.010758	0.021589	0.007595	0.027986	0.017129	0.026852	0.040271	0.013265	0.003534	0.041192	0.007986	0.013656	0.007153	0.032029	0.003828	0.041176	0.027898	0.02495	0.039978	0.020449	0.032346	0.000134	0.007567	0.003024	0.032628	0.029777	0.013413	0.030707	0.04034	0.002194	0.010155	0.01338	0.008949	0.005427	0.015168	
0.027276	0.001075	0.027323	0.023304	0.029708	0.00293	0.021256	0.009639	0.031615	0.034876	0.030389	0.01864	0.007171	0.031014	0.010757	0.007528	0.005493	0.026935	0.019934	0.028148	0.011757	0.000862	0.012448	0.020341	0.025666	0.003389	0.032914	0.031721	0.001773	0.02243	0.003736	0.018855	0.00681	0.028664	0.036285	0.029352	0.029159	0.01876	0.02914	0.003516	0.032765	0.021993	0.030213	0.030493	0.024401	0.028971	0.02732	0.007277	0.026224	0.007754	
0.000994	0.023889	0.018811	0.000975	0.027429	0.034938	0.007904	0.015164	0.002902	0.037207	0.027338	0.006903	0.008144	0.015837	0.025347	0.020407	0.030859	0.020661	0.037109	0.031893	0.011592	0.01107	0.031245	0.03018	0.019903	0.0008	0.019104	0.035392	0.024395	0.033846	0.032674	0.024536	0.022428	0.002387	0.016958	0.029642	0.029303	0.019985	0.009512	0.002198	0.017888	0.001553	0.01626	0.019741	0.029698	0.017359	0.03282	0.025636	0.02669	0.010494	
0.031001	0.027019	0.018069	0.012318	0.032144	0.031581	0.034983	0.010616	0.001532	0.022763	0.032237	0.017037	0.022868	0.019223	0.02524	0.015258	0.032682	0.011482	0.022243	0.009918	0.035166	0.020777	0.00344	0.020259	0.012892	0.016633	0.010131	0.029549	0.00847	0.020178	0.010958	0.035407	0.001903	0.02098	0.023516	0.014023	0.025701	0.033153	0.034621	0.030808	0.006488	0.030638	0.030579	0.022545	0.002753	0.007728	0.008617	0.007502	0.019859	0.024512	
0.000753	0.035401	0.010405	0.028753	0.022606	0.009829	0.033393	0.033677	0.019158	0.019752	0.015802	0.024316	0.020388	0.006894	0.024735	0.001803	0.034797	0.03281	0.027179	0.031486	0.035283	0.002297	0.017351	0.011166	0.032055	0.023241	0.002565	0.032457	0.028311	0.022863	0.002383	0.0088	0.013791	0.035882	0.029183	0.024077	0.030682	0.011741	0.008428	0.033779	0.030446	0.000303	0.028632	0.015249	0.016956	0.004373	0.034216	0.000273	0.016357	0.012923	
0.028757	0.010132	0.017448	0.019463	0.029187	0.004515	0.016256	0.020297	0.020955	0.023803	0.004337	0.03601	0.008002	0.036081	0.031149	0.03565	0.004576	0.020675	0.002328	0.016175	0.02427	0.014699	0.002602	0.032201	0.034918	0.011633	0.010436	0.0218	0.004148	0.018061	0.024674	0.027304	0.017756	0.024311	0.021067	0.028153	0.019838	0.005102	0.025434	0.017079	0.01463	0.015602	0.034115	0.030006	0.016991	0.008839	0.012829	0.035499	0.032798	0.027409	
0.002122	0.030306	0.02537	0.010806	0.003514	0.008282	0.013738	0.018702	0.034703	0.017368	0.000677	0.023402	0.031214	0.019571	0.032223	0.03658	0.019465	0.00124	0.028856	0.008209	0.000584	0.040593	0.010879	0.022159	0.039736	0.007744	0.018845	0.014999	0.040977	0.02857	0.007473	0.010652	0.017978	0.014823	0.040063	0.013699	0.038616	0.014781	0.027907	0.007979	0.030129	0.028536	0.006085	0.015164	0.041461	0.006953	0.03307	0.018958	0.015256	0.018983	
0.036809	0.002187	0.018419	0.031351	0.003997	0.032592	0.038946	0.008579	0.00571	0.026305	0.02556	0.024731	0.032994	0.034484	0.002524	0.021098	0.036459	0.000768	0.01659	0.008155	0.028502	0.004206	0.03298	0.038707	0.009109	0.029328	0.018731	0.018558	0.011908	0.001784	0.023353	0.011376	0.020844	0.005869	0.032131	0.026133	0.025286	0.010818	0.013115	0.021455	0.029049	0.038686	0.023786	0.028734	0.024017	0.006069	0.031087	0.008175	0.007931	0.010015	
0.018732	0.011699	0.030362	0.012901	0.002764	0.002326	0.025221	0.019634	0.020537	0.006261	0.014571	0.005222	0.032303	0.031105	0.015839	0.010179	0.003133	0.01421	0.032146	0.02301	0.018698	0.009945	0.033172	0.00394	0.021494	0.032688	0.027108	0.012585	0.041803	0.007223	0.028735	0.043117	0.01555	0.043119	0.016596	0.011625	0.039756	0.018435	0.020331	0.005033	0.024237	0.004631	0.040092	0.01419	0.005032	0.02685	0.034951	0.023064	0.026437	0.017408	
0.001613	0.004964	0.035066	0.033961	0.034398	0.001081	0.000912	0.015882	0.014001	0.0123	0.032356	0.014374	0.007968	0.011409	0.036979	0.005942	0.022168	0.032108	0.00564	0.036746	0.023874	0.035067	0.034083	0.031473	0.020069	0.002665	0.001008	0.03416	0.031963	0.011025	0.021599	0.005551	0.022248	0.029703	0.009679	0.000136	0.021712	0.004387	0.012005	0.026623	0.035706	0.034333	0.034986	0.030499	0.005791	0.030082	0.012192	0.008709	0.036726	0.032078	
0.012789	0.024188	0.025099	0.015327	0.007703	0.007718	0.003236	0.030876	0.03154	0.000441	0.024415	0.013058	0.025927	0.002909	0.008373	0.027378	0.010301	0.013698	0.034321	0.029872	0.032664	0.037281	0.00656	0.000791	0.01449	0.027762	0.018342	0.029851	0.034291	0.011716	0.028169	0.03703	0.02215	0.035004	0.009737	0.004627	0.034162	0.035874	0.036786	0.029257	0.005901	0.008492	0.007612	0.004805	0.001351	0.030074	0.022511	0.027866	0.038766	0.016909	
0.031619	0.026446	0.017162	0.029972	0.022697	0.022872	0.007666	0.015057	0.032334	0.02491	0.036376	0.020609	0.010944	0.036513	0.003779	0.014512	0.009007	0.009519	0.014686	0.02595	0.021275	0.0007	0.013336	0.017645	0.018184	0.038255	0.029534	0.014554	0.00308	0.035766	0.005	0.014419	0.032153	0.00889	0.019084	0.014101	0.021775	0.020906	0.033157	0.006988	0.028695	0.02106	0.027923	0.020892	0.020216	0.025218	0.009132	0.025018	0.026328	0.014086	
0.009713	0.027247	0.018863	0.010543	0.034481	0.003926	0.006981	0.020374	0.03348	0.018568	0.005842	0.017024	0.009086	0.015736	0.018773	0.010154	0.03193	0.009989	0.022688	0.029073	0.027978	0.028087	0.003306	0.020831	0.010609	0.028959	0.001106	0.028494	0.02815	0.024685	0.015685	0.013808	0.0337	0.034829	0.023534	0.032804	0.017942	0.007739	0.033523	0.016078	0.006327	0.018756	0.022806	0.014255	0.024189	0.016126	0.034051	0.028487	0.015523	0.033162	
0.008102	0.018029	0.016854	0.019687	0.034978	0.010954	0.028845	0.031692	0.030339	0.025413	0.019244	0.008701	0.003902	0.035763	0.010478	0.029268	0.01274	0.026832	0.000857	0.023593	0.022486	0.030866	0.032553	0.019964	0.023959	0.016339	0.017524	0.00378	0.020598	0.015049	0.013435	0.02171	0.008661	0.034803	0.03221	0.02136	0.019555	0.014518	0.017042	0.019463	0.008284	0.034115	0.010018	0.00492	0.022532	0.02691	0.010678	0.033809	0.021911	0.024677	
0.019864	0.00651	0.007634	0.01644	0.02889	0.028945	0.011406	0.036701	0.031182	0.009487	0.025987	0.038937	0.020051	0.023804	0.02584	0.020736	0.010145	0.014024	0.002327	0.006297	0.01764	0.025322	0.008162	0.009618	0.008682	0.010267	0.008061	0.02252	2.4e-05	0.033762	0.033336	0.03337	0.013257	0.034215	0.016849	0.030979	0.014569	0.014324	0.022263	0.026756	0.030944	0.024423	0.004414	0.008621	0.039759	0.031774	0.026676	0.0367	0.024706	0.0028	
0.73