50
2
0.140729	-0.51871	-0.682933	-0.897384	0.226018	-0.413041	-0.377825	0.755626	0.42542	0.577874	0.013745	-0.861759	0.657408	0.09243	-0.379006	-0.897775	0.909159	-0.310487	-0.979959	0.28531	0.406636	-0.488274	0.723831	0.812027	-0.971613	0.429311	0.184227	0.527173	-0.91991	-0.071052	-0.095452	-0.149335	-0.646145	-0.377858	-0.122676	0.307872	0.756542	-0.647359	-0.576769	-0.888046	0.661796	-0.427102	-0.899671	0.433818	-0.372269	-0.552083	0.175556	0.840119	0.828588	0.239654	
0.2614	0.424132	-0.929737	0.416114	0.530493	0.549195	0.124208	0.30944	-0.804259	-0.119973	-0.087842	-0.236028	0.617691	-0.688491	0.549065	0.865061	-0.831595	0.970682	-0.981561	-0.360933	0.938345	-0.92936	-0.306488	0.313961	0.480768	0.009083	0.667953	-0.472328	-0.632094	0.626148	0.465264	0.097152	0.324769	-0.588332	0.971825	0.081053	-0.08328	-0.71001	-0.97207	0.225704	0.871964	-0.565734	-0.735164	0.549101	0.266661	-0.74944	0.714915	0.819425	-0.137659	0.632923	
-0.978531	0.83094	-0.727006	-0.390069	-0.199722	-0.26284	-0.610536	0.952984	0.057281	0.423525	-0.908384	-0.335279	0.956985	0.972735	0.081985	0.969514	0.744589	-0.697589	-0.655839	0.286536	0.841021	-0.968893	-0.833597	-0.860668	-0.591101	0.800595	0.508384	0.492328	0.520854	-0.165843	-0.926455	-0.664868	0.783837	-0.608651	-0.924018	-0.052962	-0.128943	0.888438	0.788569	0.770029	-0.798705	0.085917	-0.882954	-0.856097	-0.900422	0.003384	0.421732	0.882116	-0.521911	-0.593412	
0.440006	0.031571	0.491757	0.232301	0.106349	0.390572	0.876488	-0.871651	-0.481816	-0.915716	0.392597	-0.604187	-0.143414	-0.275127	-0.777006	0.365205	0.269469	0.751674	-0.655774	0.553436	-0.262893	0.524565	0.755351	-0.668925	-0.543514	0.049697	0.226571	0.560771	-0.91291	0.579726	-0.480689	0.890953	-0.730339	0.139573	0.66254	0.295662	0.033905	-0.099245	0.863568	0.942552	0.332244	-0.929143	-0.336835	-0.454455	0.580213	0.951018	-0.142817	-0.971174	-0.265944	0.285981	
0.649413	0.921175	-0.987143	-0.292063	-0.485874	0.263816	0.299866	-0.406437	0.588392	0.596133	-0.946637	-0.881369	-0.340191	-0.356066	0.85469	-0.039564	-0.574799	-0.683191	0.062773	-0.119697	0.69516	-0.754535	0.286362	0.013552	-0.576949	0.721828	0.161818	-0.070412	0.038864	-0.196924	-0.457852	-0.484722	0.201351	-0.768495	0.24798	-0.76412	0.306483	0.795773	0.758865	0.276094	0.046646	0.096835	0.667627	-0.278691	0.918357	0.41345	-0.932561	-0.640598	0.418942	0.23143	
-0.324447	0.702105	0.164759	-0.983811	0.280448	0.833418	0.897054	0.26936	-0.361237	-0.310208	-0.286859	-0.560054	-0.239854	-0.179989	-0.810922	0.714101	0.151684	0.854324	0.768744	-0.814157	-0.682776	-0.64438	0.493127	0.903105	0.100939	-0.02577	-0.256694	0.606307	0.406428	0.301469	-0.773596	-0.475665	-0.065333	0.89554	-0.007654	-0.913522	-0.448635	-0.786159	0.216991	-0.920546	0.358222	-0.369155	-0.429593	0.70234	-0.465031	0.973595	-0.426768	0.732349	-0.811648	0.566027	
-0.480808	-0.021249	-0.927071	0.301555	0.335613	0.948044	0.87098	0.328813	-0.769496	-0.036258	-0.022068	-0.132288	0.418166	-0.107762	0.07794	-0.124482	0.893563	0.3036	0.994451	0.60224	0.845109	0.548469	-0.512257	-0.008076	0.072038	-0.184076	-0.948377	-0.361021	-0.203995	0.106655	-0.943986	-0.05897	0.874112	-0.043954	0.444579	0.360551	0.561942	-0.786701	0.782886	-0.003384	-0.075168	-0.64923	0.362939	-0.221344	-0.586754	0.603569	0.890141	0.177745	0.324834	0.924162	
-0.992949	0.698619	-0.823337	0.624832	0.098691	0.65183	-0.818618	0.327491	0.196215	-0.45537	-0.201678	-0.981996	0.690452	-0.974852	0.862966	-0.406028	-0.51671	-0.945453	0.730858	-0.255829	-0.102757	-0.294135	-0.832493	-0.159926	0.664875	0.986541	-0.302502	0.745999	-0.659541	-0.637337	0.984037	-0.807099	-0.110981	-0.341461	-0.132885	0.492862	0.838426	-0.432482	-0.680826	0.635679	-0.391786	0.989723	-0.540159	-0.50147	-0.834176	-0.117654	0.706439	-0.699647	-0.534116	0.56274	
0.52322	0.204426	0.897162	-0.30457	-0.406042	0.850126	0.235372	-0.289308	-0.874845	-0.046062	0.568857	0.053908	-0.531371	-0.467603	0.459677	0.47455	0.712376	-0.925398	-0.817767	0.114262	-0.160624	0.910592	0.242284	-0.098408	0.055387	0.145579	-0.950537	-0.21637	0.47354	0.70385	-0.009084	-0.09322	-0.611103	0.115707	0.311607	-0.644428	0.373979	-0.394489	0.854759	-0.288614	0.286508	-0.504698	-0.349468	-0.936513	-0.342388	0.905866	-0.89081	0.938377	-0.7383	0.250902	
0.816885	-0.014755	0.012627	-0.661925	-0.823735	-0.031485	-0.909245	-0.052409	0.832781	-0.206275	-0.749255	0.07442	-0.241879	0.357368	0.220308	-0.297975	-0.080074	-0.731115	0.916742	-0.815603	-0.624462	-0.826468	0.33908	-0.61124	-0.584213	0.190311	-0.259604	-0.1376	0.207696	0.092446	-0.369408	0.115738	-0.845534	0.835985	0.05335	-0.930686	0.671584	0.556627	0.519319	0.383486	0.316959	0.970031	-0.328646	-0.079727	-0.034739	0.717214	0.157594	-0.442306	-0.003752	0.946881	
0.501736	-0.017766	0.903585	0.946219	-0.522977	-0.764963	0.991008	0.190429	-0.292819	0.301666	0.4908	0.959979	-0.840061	0.853422	-0.090959	-0.665552	-0.689292	0.992734	-0.138802	0.757276	0.324914	0.251539	-0.316598	-0.239274	-0.961353	-0.428867	-0.873494	-0.61225	0.487775	-0.46329	0.144169	0.750455	0.417017	0.871294	0.765553	0.487957	-0.027758	0.733944	0.395634	-0.143636	-0.714741	-0.821817	0.449939	-0.137467	-0.327747	0.204139	0.946893	-0.063079	-0.407029	0.551657	
-0.555084	-0.002833	0.509414	-0.902572	0.148469	-0.982482	0.980998	-0.250472	0.445144	-0.017287	0.712374	-0.763413	-0.208637	-0.740245	-0.278709	0.79024	-0.95399	-0.547514	0.122445	-0.984804	-0.012885	-0.14683	-0.68613	0.598521	0.549134	0.992658	0.398483	-0.908293	-0.475268	-0.29373	0.159638	-0.311511	0.87978	0.478457	-0.665187	-0.938861	0.755303	-0.327262	0.540664	0.87883	-0.351409	0.898052	-0.468146	-0.553008	-0.616648	-0.019705	0.696542	0.270909	-0.184287	0.294426	
-0.621572	-0.966463	-0.36395	0.220216	-0.00567	-0.94915	-0.019185	0.132066	-0.612471	-0.54881	-0.232781	0.140373	0.50914	0.557453	0.857029	-0.021415	-0.745989	-0.943669	0.079592	0.270155	0.381459	0.472987	-0.791478	-0.071322	-0.532345	0.678848	0.054377	0.800723	0.095848	-0.127853	0.65052	-0.922223	0.553034	-0.048788	0.114234	-0.461497	-0.710853	-0.524426	-0.931825	-0.437141	0.646731	0.740106	-0.033097	-0.961778	-0.650038	0.001606	-0.111102	-0.549973	-0.154202	0.409702	
-0.691024	-0.615483	0.958073	-0.068326	-0.85569	-0.007473	-0.958926	-0.18874	0.291079	0.002828	-0.506964	-0.590261	0.081242	-0.69511	0.119195	-0.317651	0.09077	0.031275	0.390663	0.332763	-0.537208	0.171558	-0.425754	-0.994193	-0.516323	0.991236	0.805712	-0.612571	0.099605	-0.348819	-0.648652	0.544951	0.30845	0.774074	0.591465	0.584803	0.460506	-0.311521	0.758019	-0.08663	-0.240354	0.599328	0.106168	-0.9466	-0.599123	0.952426	0.572773	0.883168	-0.805453	0.816586	
0.011952	-0.364113	-0.33258	-0.663338	0.03607	-0.209054	-0.55744	-0.878316	-0.092431	0.857466	-0.192035	-0.600745	-0.819827	0.748566	-0.575799	0.769037	0.186077	0.959173	-0.345639	0.994042	-0.907846	0.53139	-0.368294	0.422004	-0.983732	-0.140883	0.060955	0.950708	0.523596	0.967991	-0.079414	-0.422496	-0.365603	-0.388941	0.623811	0.555171	0.08885	0.543086	-0.150729	-0.184485	0.117582	-0.995934	-0.33765	0.905924	0.575719	0.692373	0.769939	-0.962918	-0.648576	0.166939	
0.70793	-0.466241	0.361669	-0.032068	-0.974648	-0.96384	0.525649	-0.246544	0.649988	-0.170468	-0.273563	-0.207798	-0.514464	-0.395861	-0.806727	0.459709	-0.434606	0.684069	0.019872	-0.379672	0.413349	-0.679408	0.150726	-0.271074	-0.533397	0.637955	-0.134741	0.99112	-0.790231	0.546144	0.744035	-0.031485	-0.596925	-0.54364	-0.560288	0.119532	-0.627641	-0.825647	0.629252	-0.287602	-0.628188	0.04383	-0.089415	-0.359022	0.186229	-0.991893	-0.0061	-0.687924	-0.954774	0.865405	
0.488087	-0.41439	-0.691877	0.646518	-0.98843	0.015145	-0.564706	0.603511	-0.506106	0.485412	-0.936508	-0.204364	0.267003	0.172453	-0.852832	-0.980861	0.062462	0.286483	0.915066	0.736327	-0.593378	-0.97862	-0.596784	-0.097113	0.994399	0.825209	-0.061016	0.312106	-0.61855	-0.083496	0.075927	-0.93744	-0.051253	0.588001	0.137887	-0.118225	-0.21217	-0.737824	-0.414464	-0.702605	-0.201814	0.125142	-0.401703	-0.28075	0.174323	0.003797	0.17082	-0.983988	0.110463	-0.495984	
0.078086	0.854255	-0.032967	0.816814	-0.939804	0.618461	-0.885531	-0.860164	-0.867184	-0.479637	0.715518	0.233763	-0.57355	0.499838	0.410306	-0.365943	0.103831	0.535824	0.970791	0.878798	-0.627546	0.382936	-0.240495	-0.027631	0.448126	-0.1608	-0.071345	-0.282809	0.518987	-0.246674	-0.726781	0.922603	0.128753	-0.559847	-0.767822	-0.077433	0.400853	0.304859	-0.599848	0.855826	-0.184385	-0.194995	0.617253	0.167945	0.176558	-0.37411	-0.448433	0.275414	0.210462	-0.110655	
0.755764	-0.190296	-0.83741	-0.952953	0.100891	-0.38547	-0.773768	0.059496	0.689082	-0.01443	-0.194361	-0.634199	-0.972326	0.790591	-0.444423	-0.873605	-0.477062	0.894426	0.919515	-0.292024	0.86951	0.397886	0.699638	-0.911535	0.834253	0.097858	0.934597	0.1945	-0.170614	0.995213	0.803352	-0.811194	-0.076069	0.806787	-0.610488	0.576637	-0.912331	0.382925	-0.950717	-0.05459	-0.336291	0.416741	-0.838517	0.513027	0.221693	0.174644	0.645066	-0.827557	-0.271347	0.004547	
-0.498624	-0.693012	0.948106	0.403539	-0.951254	0.4758	0.835585	0.298976	0.623686	-0.987396	0.836466	0.527211	-0.74833	0.355601	0.361725	-0.187147	-0.444291	-0.570135	-0.868818	0.181322	-0.127535	-0.155828	0.730922	0.884058	0.179425	-0.648907	0.032789	-0.337528	0.243432	0.222153	0.703753	0.504423	0.043391	0.305206	-0.365362	0.130455	-0.6995	0.386617	-0.351304	-0.688467	-0.769601	0.50791	-0.87701	-0.409043	0.625105	0.438282	0.907308	0.823852	0.524642	-0.326089	
0.726035	-0.019328	0.531122	0.762858	0.961849	0.225855	-0.194848	0.274313	0.975904	0.599579	0.647085	-0.744879	0.049773	0.962302	0.897938	-0.571582	-0.660274	0.506069	0.268944	-0.456581	-0.570374	-0.393001	0.859947	0.467683	0.300339	-0.119606	-0.805481	0.856307	-0.983796	0.759525	-0.294056	-0.097696	-0.203855	-0.447328	-0.474526	-0.923731	-0.506382	-0.54419	0.758837	-0.03053	0.471851	-0.252788	-0.364525	0.064403	0.297413	-0.460736	0.976676	-0.488843	-0.807339	0.079113	
0.186533	0.981426	-0.939789	-0.678235	-0.269021	-0.607266	-0.910856	0.662799	0.823802	-0.92187	0.758507	-0.919524	-0.584165	0.752247	0.622074	0.143771	0.415786	0.229482	-0.909995	-0.029715	0.222967	0.684988	0.375397	-0.021813	-0.829224	0.172449	0.085942	-0.553155	-0.810315	-0.134389	-0.184005	0.141749	-0.767689	-0.770532	-0.038114	-0.474667	-0.039427	-0.428202	-0.409815	0.14091	-0.754701	-0.653917	-0.577748	0.968275	0.348096	0.661235	-0.572916	-0.049152	-0.414208	0.21519	
-0.245214	-0.28447	0.31138	-0.72401	-0.118462	0.30028	-0.242225	0.315825	0.012424	0.283148	-0.719662	0.340344	0.649498	-0.579574	0.016279	-0.940502	-0.994677	-0.31174	-0.802748	-0.750592	0.775111	0.219328	-0.881099	-0.084457	-0.985366	0.466846	0.232988	-0.332938	-0.252277	0.92739	0.690301	-0.152323	-0.985857	-0.190573	0.143698	-0.7803	0.334509	0.834819	0.76341	-0.494511	0.595672	-0.767952	0.976886	0.111727	-0.829751	-0.347071	-0.735758	-0.092987	0.138963	0.475883	
-0.170879	0.261155	0.897441	-0.7245	-0.367127	-0.489809	-0.775507	-0.730141	-0.428785	-0.969054	-0.072914	0.910224	-0.387902	-0.469872	-0.737091	-0.142498	-0.342653	0.721842	0.010476	0.380667	0.501896	-0.338903	-0.173645	-0.65259	0.333945	0.38473	-0.582301	-0.652739	0.997968	0.310365	0.660309	-0.924849	-0.198935	0.460517	-0.335872	0.54662	0.079034	-0.261943	0.918213	0.809295	0.025826	0.960327	-0.847871	0.180456	-0.907777	-0.869419	-0.766419	0.629426	-0.110282	0.125252	
0.618768	0.445525	0.448743	0.692579	-0.270594	0.98426	0.12201	-0.658753	-0.321608	0.997235	0.519432	0.495594	-0.158637	0.317793	-0.698964	0.474318	-0.63069	-0.289007	0.037076	-0.404585	-0.266627	-0.548605	0.066786	-0.848813	0.913162	-0.023694	0.23526	0.628255	0.02884	0.045237	0.489254	-0.449487	0.42487	-0.701427	-0.375962	0.941468	0.554727	-0.94988	0.248251	-0.064405	-0.562791	-0.123811	-0.256089	-0.302609	0.801611	0.752943	0.292532	-0.640689	-0.759205	-0.37513	
0.487626	-0.503791	-0.836668	0.61958	0.017687	-0.684364	0.745891	0.572844	-0.233573	0.51929	0.111073	0.863158	0.173725	0.599632	-0.790082	-0.339114	0.494	-0.898498	0.685278	-0.144625	-0.552294	-0.347525	0.126845	-0.656602	0.187105	0.537574	-0.017747	-0.37999	0.472156	-0.070351	-0.611267	0.211259	-0.602205	0.414139	-0.285256	-0.293139	-0.693885	-0.657911	0.834211	0.01824	0.729334	-0.680742	0.352637	-0.565239	0.641961	0.34589	0.724365	0.819998	0.976711	0.897184	
0.408747	0.807325	0.420433	0.902528	-0.684927	-0.918333	-0.857265	0.788189	0.957823	0.092025	-0.83886	0.953173	0.844504	-0.370292	0.258962	0.593216	-0.936666	-0.096235	0.02675	0.214761	0.058314	0.800531	-0.161786	-0.372803	0.312009	0.230264	-0.489843	-0.35364	0.799376	0.429723	0.399127	-0.305833	0.821467	0.548316	-0.568881	0.69644	0.417823	-0.706542	-0.387333	0.364215	-0.340596	-0.30158	-0.953782	0.376297	0.613777	-0.604983	0.022879	0.950342	-0.026971	-0.393885	
0.434799	-0.869368	-0.711748	0.325508	-0.429055	0.829994	-0.760543	0.993808	0.32536	0.892802	-0.691852	-0.230897	-0.901035	0.521921	0.240046	0.422594	-0.818128	0.943273	0.126064	0.711426	0.041665	0.109461	0.257601	0.594761	-0.050556	0.065472	0.094527	-0.839049	-0.117713	0.712288	-0.766339	0.479468	-0.603877	-0.634924	-0.608418	0.082478	0.71134	0.158684	0.829578	-0.618781	0.541752	0.698738	-0.183405	-0.056516	0.61715	-0.244322	0.936185	0.299034	-0.583167	-0.841674	
0.186379	-0.161279	-0.870346	-0.656758	0.694633	-0.442658	-0.468401	0.159058	-0.135004	-0.364681	-0.798337	0.599155	0.604973	-0.621421	0.742679	-0.893398	-0.212321	0.573114	0.400039	-0.079624	0.318227	-0.657071	-0.08274	-0.047164	-0.012263	0.745166	0.091355	-0.674981	0.428585	-0.065905	0.634325	-0.854773	-0.546726	-0.626991	0.181764	-0.548065	0.327355	-0.43134	0.812695	-0.32297	-0.051153	-0.613322	0.254222	-0.276434	-0.32526	-0.244884	0.639436	0.920655	0.079962	0.426225	
-0.495727	-0.883395	0.537801	0.907516	-0.472618	0.11305	0.149754	0.922063	-0.915478	0.470742	-0.732273	0.666645	-0.111949	0.234534	-0.05404	0.447665	0.239783	0.978763	0.285624	-0.563121	0.414789	-0.205431	0.195918	0.936113	0.737445	0.56763	-0.961343	-0.827209	0.533022	0.774499	0.830433	-0.211488	0.301527	0.121018	0.654453	0.320269	-0.913146	0.918529	-0.723536	-0.826238	0.620207	0.025354	-0.819316	-0.995188	-0.336979	0.049284	-0.286826	-0.830582	-0.984676	0.270002	
0.881895	0.610828	0.413952	-0.419629	0.962182	0.026024	0.715487	0.821883	0.785237	-0.357858	0.447477	-0.38364	0.448728	0.887624	0.05505	-0.329175	0.638265	-0.836655	0.304711	0.514535	-0.312032	0.746598	-0.500004	-0.812585	0.932463	-0.793525	0.835199	0.981678	0.690868	-0.427497	0.275479	0.42622	-0.855757	0.921586	-0.475083	0.00393	-0.034193	-0.43178	-0.786801	0.521508	-0.278705	-0.949283	0.996179	-0.451178	0.790934	0.169248	-0.281378	0.275855	-0.877632	0.494692	
-0.622876	0.801696	0.967799	0.171729	-0.318441	0.367002	-0.187181	-0.065046	0.9743	0.140286	0.138316	-0.759054	-0.209915	0.658003	0.602334	0.579354	0.887074	-0.987173	0.371287	0.588506	-0.525645	0.073217	0.767781	0.330711	0.325907	0.912548	-0.276254	-0.097308	-0.128158	-0.285646	-0.502238	-0.1032	-0.608337	0.239109	0.662421	0.549158	0.690723	-0.65143	0.186681	-0.993602	-0.857694	0.436627	0.104796	-0.411959	-0.547692	0.637081	-0.637565	0.84127	-0.789327	-0.859384	
0.565849	-0.447645	0.092268	-0.140786	0.161829	-0.482156	0.050283	-0.381356	-0.671947	-0.172986	-0.345917	-0.034888	-0.74761	0.519054	0.936705	-0.165782	0.550033	-0.590323	0.203504	0.070845	-0.126086	0.265894	0.451556	-0.58719	0.821773	-0.779148	-0.954475	-0.263999	-0.419072	0.212776	-0.344692	0.10736	0.820699	-0.188338	0.124786	-0.659405	-0.994815	0.733589	0.100902	-0.577996	0.123377	0.298436	-0.864744	-0.752196	-0.52874	-0.891961	-0.840998	0.102975	0.554185	0.341374	
-0.024037	0.904846	0.084559	-0.974321	-0.594999	-0.476269	-0.905233	0.217963	0.587966	0.369131	-0.852038	0.943432	-0.504649	0.685721	0.783892	-0.1143	0.389064	0.931619	0.801674	0.613738	-0.465639	0.960297	-0.553889	-0.503818	-0.810898	0.694283	-0.27725	-0.463693	-0.244907	0.967879	-0.637798	0.835956	0.330718	-0.363665	-0.59757	-0.797787	-0.917381	0.459777	-0.012511	-0.669467	0.368579	0.37006	0.827943	-0.184065	0.591115	-0.303635	-0.212007	-0.538687	0.573369	-0.572933	
0.193185	-0.334983	0.644816	-0.181036	0.213341	0.813892	-0.092539	-0.566945	-0.800287	-0.887768	0.34622	0.12491	0.638125	0.073732	0.942277	-0.557573	-0.126114	-0.087775	0.399005	-0.694471	0.478401	-0.678618	-0.896589	0.540088	0.270882	-0.061799	0.723076	0.271064	0.486167	-0.909347	0.643045	-0.560455	-0.755994	-0.477717	-0.06967	0.758919	-0.74272	0.405936	-0.766501	0.215964	0.019242	0.213551	0.662705	-0.960796	0.414182	-0.718333	0.614967	-0.318736	-0.684309	-0.893888	
-0.557321	-0.405881	0.380289	0.357618	-0.690014	0.970011	0.817298	-0.271739	0.07104	-0.955856	-0.339435	-0.508029	-0.612206	-0.941102	-0.923057	0.566369	-0.831042	-0.344573	-0.324534	-0.625297	-0.979182	0.509307	-0.888361	-0.673526	-0.822527	-0.328702	0.113296	0.086854	0.926361	0.772266	0.590518	0.583177	-0.701713	0.30696	0.623151	-0.868129	-0.240684	0.436706	0.010522	0.603502	-0.759564	-0.18091	-0.579868	0.487922	-0.175119	-0.354149	0.736604	-0.53571	-0.280191	0.771	
0.25266	-0.405956	0.816886	0.621402	-0.392629	-0.496313	-0.844249	-0.051044	0.017884	-0.028527	-0.665169	0.855872	-0.331127	-0.378771	-0.552615	0.059717	-0.012691	0.992585	-0.693239	-0.944772	-0.398067	0.418428	-0.048903	0.329346	0.917448	-0.830451	-0.861581	-0.392569	0.237853	-0.104881	-0.133536	0.756771	-0.754586	0.30018	0.859883	-0.675581	-0.880378	-0.757183	-0.167995	0.450427	-0.389165	0.467692	0.522336	0.835907	-0.290473	0.814811	0.941159	-0.701522	0.069426	0.888429	
-0.673445	-0.664704	0.120325	0.642076	0.344435	-0.782819	-0.61427	-0.509051	0.202597	0.098119	0.568175	0.26569	0.278812	-0.249208	-0.108021	0.500948	0.232225	-0.751331	-0.174819	-0.279521	-0.145417	-0.673295	0.610221	-0.976241	-0.399517	-0.050919	-0.101277	0.904961	-0.695879	0.446993	-0.304982	0.393821	-0.135856	-0.901904	-0.145641	-0.149981	-0.110896	-0.011571	0.831276	-0.726269	0.290158	-0.834224	-0.440182	0.810167	-0.077554	-0.115683	-0.741827	-0.980319	-0.762681	-0.317697	
0.337384	-0.157881	-0.399909	0.58492	0.66245	-0.329406	0.741968	0.966758	0.352793	0.97291	-0.501981	0.897397	-0.963274	-0.075798	0.7397	0.427771	0.25818	-0.930585	-0.963291	0.920049	0.099718	0.860275	-0.328115	-0.702694	-0.125195	0.753061	-0.563593	0.893069	0.878905	-0.499795	0.187262	-0.425862	-0.193803	-0.377404	0.345986	-0.987761	-0.019912	0.65903	-0.163454	-0.718715	0.990425	0.022565	0.022113	-0.878374	-0.176631	-0.314238	-0.961156	-0.712301	-0.585364	0.717538	
0.985281	-0.567405	-0.614258	0.33547	-0.480749	-0.465005	0.719304	-0.450299	0.131681	-0.316732	-0.374749	-0.10493	0.70153	0.997029	0.95341	-0.546859	-0.466618	0.1326	0.857435	-0.349743	-0.804297	-0.618634	0.285348	-0.976925	0.452619	-0.301863	-0.269438	0.742392	0.969311	-0.06815	0.323913	-0.850985	0.614924	-0.580169	-0.499481	0.800094	0.555823	0.408444	-0.72187	-0.468659	0.636643	-0.075081	0.754349	0.887032	0.407375	-0.218615	-0.461752	0.018296	-0.645339	0.614732	
-0.356883	-0.841551	-0.210676	0.477563	-0.524354	0.063967	-0.022719	0.782937	0.351828	-0.804899	0.478343	0.303208	-0.808326	-0.837325	-0.554693	0.681009	0.847094	0.728862	0.066643	0.952631	0.30732	-0.25858	-0.377133	0.918801	-0.993756	0.153092	0.910207	-0.68319	0.723142	-0.616652	-0.804682	0.451255	0.606574	0.088471	-0.78635	0.455787	0.898049	0.610986	-0.152342	-0.355112	0.530989	-0.370845	0.30719	-0.660552	0.481042	-0.858496	-0.222258	-0.448085	0.97441	-0.558596	
-0.279773	0.15427	0.120665	-0.628715	0.901986	0.872553	0.607301	-0.084233	0.417395	0.66436	-0.426236	-0.932143	-0.799419	0.956767	0.677489	0.036749	-0.000556	-0.994486	-0.86669	-0.58836	0.40103	-0.007323	-0.545297	0.475577	0.685425	0.02202	0.300144	-0.559356	-0.89016	0.174409	0.943811	-0.153598	0.670156	-0.760958	-0.260177	0.735995	0.041908	0.380805	-0.29152	-0.31657	-0.520587	-0.750625	-0.256254	0.062894	-0.051364	0.706607	0.427688	0.18537	0.336594	-0.982056	
0.605352	-0.345594	-0.862457	-0.964168	0.150573	0.396432	-0.571082	-0.439359	0.661127	0.386137	0.266719	-0.042659	0.746519	-0.266866	0.92657	0.933347	-0.238224	0.465531	0.467139	0.669084	0.700548	0.149163	-0.993993	-0.31647	-0.053207	0.324731	-0.332311	0.666298	-0.930254	0.475019	0.925666	-0.053536	0.887493	-0.889404	-0.883028	-0.432799	-0.575134	-0.066012	-0.352669	-0.005666	0.093578	-0.268611	-0.365179	-0.684648	0.320398	0.910436	-0.975577	0.020687	-0.864226	0.579243	
0.566455	-0.307821	-0.369826	-0.144925	0.664186	-0.041522	0.992353	0.154083	0.093736	-0.326795	0.380953	0.096965	-0.125573	-0.531676	-0.390203	-0.293699	0.115028	-0.529753	-0.207789	-0.555302	0.288049	0.356839	-0.426596	-0.781635	0.959871	0.21149	0.374826	0.037472	-0.92094	-0.440144	0.579302	-0.459667	0.887588	-0.375149	0.810155	0.746804	-0.895506	-0.735223	-0.521135	-0.227153	-0.097349	-0.949001	-0.016409	-0.652056	-0.109499	-0.332996	-0.705623	0.84245	0.346303	-0.366705	
-0.22343	0.775393	-0.123773	-0.823024	0.64568	0.044479	0.068145	-0.198837	-0.918599	0.797886	0.555108	-0.777021	-0.659654	0.875463	0.863653	0.538989	0.204634	-0.539508	-0.61881	0.473664	-0.054685	-0.500191	-0.078923	-0.375201	-0.915944	0.044782	0.627263	0.438763	0.0935	0.628208	-0.025013	-0.044347	0.847083	-0.815117	0.684987	0.681791	0.23786	-0.518101	0.783871	-0.921631	0.29324	0.4654	0.957599	0.567345	-0.38204	0.217527	0.522827	0.714453	-0.21222	-0.480157	
0.351818	-0.651758	0.007693	0.497647	0.7114	0.563411	0.564333	-0.308241	-0.575052	0.509621	-0.519816	-0.279688	0.33116	-0.501517	0.111354	0.05757	-0.274429	0.413321	0.419266	0.240705	-0.598167	-0.151655	0.523663	-0.128638	-0.58612	0.671038	-0.502221	-0.85486	0.921874	0.421224	-0.017363	-0.694733	0.560658	0.016086	-0.661552	0.966136	-0.213793	0.561097	-0.605335	0.954673	0.875948	-0.695813	-0.85654	0.977585	0.635005	-0.233114	-0.392732	0.408172	0.204078	0.410234	
0.253167	-0.273924	-0.02462	0.634472	0.700703	0.293181	-0.236781	-0.537345	0.367914	0.11034	-0.289572	-0.167958	-0.244505	0.024538	-0.422171	0.224589	0.055707	-0.086514	0.758667	-0.437974	-0.865887	-0.254564	-0.114544	-0.722882	-0.794774	0.179178	-0.126837	-0.415414	-0.099801	-0.364143	0.157313	-0.281605	0.365476	0.599107	-0.193306	0.649043	0.331723	0.610739	0.257006	0.890697	0.559297	0.966766	0.322068	-0.110364	0.737705	0.838947	0.443219	-0.155701	-0.11888	0.01778	
-0.654619	-0.695748	-0.044959	0.615544	0.176535	-0.82716	-0.781767	-0.383938	-0.060998	-0.573219	-0.420098	-0.880289	-0.941264	-0.19678	-0.046257	0.225727	-0.877496	0.653912	0.595947	-0.16445	-0.795195	0.439071	-0.32109	0.49934	-0.833706	0.703252	-0.455805	0.089827	0.466826	-0.049421	0.706026	0.432762	-0.473957	-0.434568	-0.575885	-0.931611	-0.704759	-0.682114	-0.651015	-0.269084	-0.188156	-0.031221	0.876279	-0.642058	0.526523	-0.741848	0.319177	0.31643	0.674445	-0.5164	
-0.736163	-0.356782	-0.071522	-0.094423	0.649506	0.757716	0.318752	0.296772	0.387996	-0.803769	0.23463	-0.58205	-0.951109	-0.555217	0.317862	-0.591587	0.711282	-0.765321	0.273784	-0.020208	-0.509838	0.839081	0.76358	-0.066559	0.246921	-0.641323	0.670996	0.548992	0.717437	0.618718	-0.326335	-0.168976	-0.221634	0.23929	-0.258659	0.5292	-0.24688	-0.864513	0.443507	0.370402	0.819456	-0.339495	0.745214	0.664091	-0.687602	-0.643312	-0.5131	0.267968	-0.77853	0.249916	
-0.814263	-0.762347	-0.738235	0.794529	-0.751443	0.112172	-0.576372	0.678795	0.415916	-0.607813	0.266776	0.60581	0.384384	-0.992066	-0.345449	0.620174	0.94807	-0.733209	-0.393181	-0.803426	0.619491	0.241097	0.251921	0.937275	-0.354572	0.355809	0.564361	0.695993	0.102155	0.759175	0.508406	-0.901125	-0.580614	-0.387082	0.785613	0.033846	-0.788564	-0.487511	0.210504	-0.513619	0.700645	0.11392	-0.81292	-0.702263	0.267437	0.080902	-0.479905	-0.960598	-0.967009	0.398229	
0.636936	0.497564	0.963336	0.2118	0.265004	-0.417065	-0.123846	-0.432971	-0.364213	0.170775	0.198263	0.361502	-0.915519	-0.491622	0.412858	0.068338	0.227848	0.03945	-0.243561	0.760975	0.674346	-0.136156	0.391762	0.972115	0.166176	-0.42988	0.135228	0.012064	0.924309	0.692312	0.497661	0.13261	0.958424	0.286515	-0.947664	-0.218662	0.512586	0.571708	-0.701002	-0.92694	0.491194	-0.120775	0.081196	0.042252	0.303492	-0.920582	0.652789	-0.66079	-0.505113	-0.225497	
-0.016911	-0.579713	-0.097386	0.974624	0.998545	-0.598473	0.706897	-0.840096	-0.635206	0.650706	-0.541813	-0.760377	0.720523	-0.276235	-0.394193	0.84451	0.155529	0.668145	0.26506	-0.534651	-0.666137	0.047354	0.84588	0.566598	0.336917	-0.539566	-0.651901	-0.706793	0.675613	-0.667305	-0.789704	-0.81251	0.297484	0.821303	0.512383	0.198813	-0.063479	-0.919857	0.699353	-0.053985	0.218386	-0.771177	0.901226	-0.25852	-0.846447	-0.836622	-0.843488	-0.896179	0.117081	0.014844	
0.544624	-0.548359	-0.175129	-0.564665	-0.817955	0.379664	0.085783	-0.256058	-0.382406	-0.636688	-0.781559	0.574356	0.366621	-0.977179	-0.390304	0.657372	0.084755	0.280138	0.629998	-0.543013	0.924142	0.223822	0.824765	-0.532294	-0.159107	0.086772	0.81714	-0.654838	0.459032	0.685632	-0.797494	-0.832274	0.168643	-0.96654	-0.386833	-0.3299	-0.503161	0.48812	0.853632	-0.478961	-0.737565	-0.16285	0.512575	-0.29213	0.789846	0.286318	-0.032499	0.749828	0.870354	-0.007238	
-0.360993	-0.757842	0.351545	0.495747	-0.859655	0.065283	0.731094	-0.889251	0.390584	-0.595191	-0.363608	0.874966	-0.967826	-0.488104	-0.860671	-0.09851	0.473565	-0.73925	0.549923	0.505872	0.965466	0.371889	0.524724	-0.983209	0.211824	-0.462718	-0.636636	-0.204132	-0.02658	0.759846	-0.841492	-0.924639	-0.895607	0.43226	0.711791	0.719116	0.747712	0.90958	-0.691847	-0.612037	0.235167	0.296256	0.215355	-0.059166	-0.542515	-0.095571	-0.973232	0.606451	-0.126083	0.029388	
-0.40536	0.735459	-0.743191	0.615238	0.742645	-0.952904	0.122018	-0.414638	-0.822625	-0.855255	-0.330488	0.577879	0.148002	0.147017	-0.375793	-0.661578	0.284697	0.307969	0.774497	0.741106	-0.935454	-0.271961	-0.447833	-0.599671	0.625266	-0.781859	0.705556	0.601087	-0.490689	0.953985	-0.262141	-0.499851	-0.30067	0.236416	0.156795	0.23023	-0.957367	0.015087	-0.894854	0.115564	-0.966403	-0.866967	-0.808952	-0.105611	-0.858271	0.694435	-0.225323	0.055894	0.375769	0.052847	
-0.496432	-0.525529	0.030963	0.320348	-0.429219	0.602964	-0.125182	-0.699996	0.921581	-0.256201	0.258466	-0.054264	0.424607	-0.834243	0.33316	-0.280694	-0.488639	-0.537883	0.727906	-0.950669	0.027402	0.03383	-0.597918	-0.533233	0.780826	0.493131	0.461307	0.607106	0.450436	0.459425	-0.526889	0.414449	0.22924	0.839259	0.372232	0.002837	-0.069725	-0.925674	0.317462	-0.128001	0.693189	-0.224309	0.238757	0.175315	0.774937	-0.447904	0.708967	-0.18456	-0.63008	0.894623	
0.682171	-0.569639	0.056254	0.665752	-0.826882	-0.177817	0.059798	-0.30224	0.607622	-0.642278	0.018035	-0.653764	0.722971	0.039379	-0.257668	0.765868	-0.393233	-0.132458	0.472816	0.124628	-0.407616	-0.318586	-0.322986	-0.10743	0.834637	-0.637673	0.807981	-0.498127	0.930516	0.590505	0.143665	0.020724	0.083866	0.508188	-0.834928	-0.557125	0.835477	0.525349	-0.825291	0.671477	-0.530104	0.41446	0.321666	-0.794451	-0.323829	-0.685522	0.323933	-0.225236	-0.563498	-0.83383	
0.960035	0.975736	-0.87375	0.943766	0.25516	0.007317	-0.682673	-0.392354	-0.006357	-0.876673	-0.750533	-0.906801	-0.33746	-0.280203	-0.073705	0.010063	0.391453	-0.186504	0.094136	-0.59381	-0.727283	-0.973383	0.978303	-0.467101	-0.093829	-0.591286	0.258449	-0.604462	-0.394572	-0.58939	-0.720384	-0.162516	-0.660171	-0.643137	0.971115	-0.284476	-0.037435	0.084262	0.450775	0.670897	0.200367	0.793178	-0.635915	-0.889414	0.084461	0.573852	0.443644	-0.505673	0.128944	0.141133	
0.495704	0.915768	0.659682	0.936624	-0.126424	0.214831	0.70471	0.339159	0.447778	-0.746501	0.221948	-0.734814	0.117717	-0.840189	-0.370345	-0.351864	-0.969181	0.952027	-0.912886	0.044985	0.156556	-0.905175	0.020157	-0.322675	-0.72292	0.306561	0.414388	0.576163	0.734318	-0.690276	-0.476275	0.435565	0.58283	-0.373025	0.109073	0.205814	-0.976367	-0.391309	0.718457	0.782055	-0.740873	-0.512902	-0.701914	0.374474	0.029346	-0.749382	0.772153	-0.484843	0.373759	0.750724	
-0.894309	-0.916803	-0.440638	-0.941415	-0.548039	-0.606334	0.137058	0.64018	-0.932782	-0.785444	0.573301	-0.315114	0.731834	0.565863	0.394087	0.062881	-0.608328	0.413391	-0.2684	0.776359	0.666185	0.950256	-0.295857	0.150201	-0.247306	-0.321825	0.566403	-0.839026	-0.854184	0.414818	0.316472	-0.387967	-0.212633	-0.601455	-0.076853	-0.433524	0.060357	-0.046309	0.196351	-0.803681	0.131505	0.709244	0.404199	0.085348	0.784204	0.2869	0.90948	0.551832	0.243632	0.068828	
0.032301	0.475178	0.516411	-0.763497	-0.909122	-0.299348	-0.930534	-0.820117	0.125988	-0.784758	0.971445	0.280621	-0.608591	-0.431821	0.506241	-0.204733	-0.119324	-0.395866	0.307563	0.402771	0.0394	0.06282	-0.076532	0.414654	-0.792879	0.338087	0.221952	-0.323447	0.720256	0.642957	-0.022581	0.655241	-0.815238	-0.133812	-0.362671	0.094735	0.129906	-0.963092	-0.024983	-0.329509	-0.746632	-0.364946	0.098917	0.17688	-0.066974	-0.926061	-0.187383	0.093383	-0.725104	-0.582895	
-0.161125	-0.988193	0.101726	-0.992837	0.537281	0.991707	0.343314	0.852457	0.245749	0.241533	0.693283	-0.923607	-0.488348	0.529788	0.481752	0.927247	0.936206	-0.387054	0.817792	-0.770828	-0.267912	0.405685	-0.987499	0.324858	0.748637	0.199129	-0.640312	-0.042781	0.036683	0.915536	-0.003898	0.634658	-0.070352	0.719099	0.437153	0.840391	0.844167	0.103841	-0.822418	0.187719	-0.728292	-0.407157	0.098457	0.110823	-0.090936	-0.34724	0.558649	0.281304	-0.630511	-0.00218	
-0.727002	0.282038	0.006941	0.721683	0.778691	0.255852	-0.016957	0.546781	-0.193994	0.434987	0.64145	-0.809161	0.946292	-0.85596	-0.130759	-0.893652	0.832648	0.152696	0.522489	0.016843	0.908785	0.173582	0.991507	0.814715	-0.305105	-0.078377	-0.507444	0.476616	-0.791887	0.1457	-0.467646	0.446163	-0.244979	-0.05315	-0.798049	-0.471293	0.605656	-0.734151	0.694549	0.717577	0.390393	0.689163	-0.506309	-0.301365	-0.598817	-0.605019	-0.745164	0.635965	0.254859	-0.198696	
-0.463364	-0.737239	0.200272	0.705214	0.946152	-0.995204	0.162883	-0.032621	0.335079	0.129179	-0.120016	-0.521421	-0.841425	-0.54863	0.268843	-0.977113	0.34012	-0.926408	-0.213723	-0.947219	-0.074122	-0.771333	0.215774	0.284531	-0.56005	0.939915	0.207938	0.310964	0.962822	-0.068837	-0.999052	-0.705124	-0.319858	-0.239462	-0.687944	-0.007285	0.130073	-0.192524	-0.157106	0.837158	0.937778	-0.036299	-0.597215	-0.820782	-0.742172	0.808091	0.998212	0.883431	-0.238119	0.407504	
-0.676207	0.051513	-0.777302	-0.817941	-0.488632	-0.708437	0.166475	0.23643	0.869737	0.580139	0.891668	0.60309	0.516822	0.078531	0.957699	0.002376	-0.123196	-0.047549	-0.768227	-0.357711	-0.884503	0.495979	0.475682	0.066959	-0.899077	0.995768	0.418262	-0.953979	0.898393	0.279891	0.817637	-0.644252	-0.479035	-0.811054	-0.733263	-0.608539	0.241532	0.031292	0.210512	-0.066516	0.285809	-0.950955	0.514321	0.939442	0.375036	0.821191	0.220796	-0.661888	-0.216931	0.240153	
-0.60343	-0.422148	0.672793	0.916773	0.802251	0.716754	0.688331	-0.999684	-0.223993	-0.497481	0.129641	-0.882199	0.307299	-0.666711	0.195119	-0.287618	0.173756	0.970055	0.165705	0.217433	-0.099575	0.257558	-0.347	0.906098	-0.154577	0.886494	0.437956	-0.372501	0.668383	0.561235	-0.739945	-0.993535	-0.589103	-0.713394	0.865722	-0.96656	0.440846	-0.759829	0.67019	-0.784586	-0.239893	-0.396466	0.388233	0.645592	0.946695	0.506421	0.260131	0.791174	0.857057	-0.675821	
-0.297745	-0.065644	0.752767	-0.651156	-0.149166	0.162014	0.48604	0.421625	-0.9332	-0.386606	0.300124	-0.959627	-0.773195	0.541507	0.556904	-0.432396	-0.307777	0.24708	0.149853	0.154755	-0.423583	-0.688293	0.087715	-0.607285	-0.306724	0.752933	-0.911512	-0.827228	-0.624054	-0.922042	-0.925616	-0.090345	-0.62657	0.114786	-0.444566	-0.373802	-0.778776	0.337373	0.394013	-0.849255	0.775197	-0.447961	0.879077	-0.466414	0.330769	-0.638793	0.411621	0.153091	0.400953	0.860766	
0.580539	0.824737	0.50213	0.019499	-0.562819	0.854873	-0.576078	0.376034	0.793982	0.956016	0.093615	-0.718549	0.582028	-0.871339	-0.42401	-0.154037	0.055626	0.561157	0.455891	-0.897173	-0.667903	-0.155451	0.075784	-0.556454	0.922709	0.108751	-0.337763	0.65019	0.966756	-0.253932	0.063173	-0.422497	-0.223891	0.080706	0.706094	-0.447223	-0.054951	-0.225632	0.727558	0.029709	0.042364	-0.180921	-0.995043	0.804335	-0.60005	0.999284	0.454521	-0.397402	0.380003	-0.769384	
0.256329	0.918786	0.787228	-0.9982	0.785982	-0.386846	0.130358	0.888752	0.828193	0.666864	-0.523081	0.115063	-0.039905	0.036474	-0.285615	0.414054	-0.297685	-0.481287	-0.69688	-0.956613	-0.449103	-0.521992	0.737781	0.386282	-0.849167	0.625349	-0.784403	-0.531687	-0.652638	-0.68354	0.617014	0.408947	-0.078689	-0.836537	-0.109317	0.875407	0.067418	0.701853	0.021179	-0.528765	-0.47643	0.086104	-0.573849	0.203259	0.972907	-0.29939	0.044124	0.969319	0.493317	0.612947	
0.88701	0.988868	0.570044	0.938321	-0.39495	-0.963022	0.378524	-0.259379	-0.846202	-0.149298	-0.832069	0.333008	-0.675459	0.674941	0.809338	0.356911	-0.785654	0.992398	-0.114366	-0.229438	0.748363	-0.763457	0.988018	0.505047	0.735058	0.428604	0.127467	0.200492	-0.03731	0.931872	0.860614	0.263736	-0.973284	-0.526476	0.618853	-0.969812	0.476736	0.7125	0.288354	0.994662	0.895652	0.824913	-0.897719	-0.459796	-0.770235	-0.946284	-0.204041	0.520074	-0.509975	-0.978314	
0.767613	0.246073	0.228373	-0.463583	-0.246872	-0.955497	0.748984	0.981478	-0.299545	0.093626	-0.272636	0.701152	0.119997	0.794564	0.616241	0.176347	-0.303198	-0.055158	0.057306	0.815423	0.721856	-0.447703	0.653314	0.356537	0.821336	-0.844364	0.082408	-0.212436	0.06855	0.741463	-0.619048	-0.722389	-0.482387	-0.694294	-0.752143	0.689568	-0.745587	-0.595498	0.271891	-0.245365	0.558953	0.050099	0.634668	0.888145	0.162716	0.385951	-0.089679	-0.771795	0.691504	0.7277	
0.086859	0.876333	-0.605831	0.64978	-0.563992	0.786792	0.858048	-0.740579	-0.681074	-0.816825	-0.474188	-0.726047	-0.794723	-0.992445	0.728358	-0.534734	0.663615	-0.693559	0.925699	0.670591	-0.973438	0.97887	-0.273988	0.350849	0.938887	0.740706	0.823333	-0.890929	-0.977878	-0.673244	0.347799	0.533016	0.060237	-0.948978	0.424931	0.598482	-0.787115	-0.485353	0.242819	-0.815849	0.026491	-0.566358	0.72034	-0.729878	-0.237003	-0.515883	-0.378731	0.427829	-0.085687	-0.733221	
0.095971	0.958223	0.891715	-0.017275	0.114292	0.263471	-0.24049	-0.247108	-0.653068	0.894496	0.694403	-0.350862	0.628102	-0.782281	0.775082	0.890688	-0.465338	-0.985682	-0.405768	0.354634	0.908782	0.715901	-0.799546	0.572562	0.227508	0.055713	-0.926614	-0.668163	0.950407	0.759144	-0.204479	-0.033199	-0.494704	-0.654221	0.759641	-0.585534	-0.617372	0.491637	0.985617	-0.898795	0.540343	-0.387553	0.540246	-0.348017	-0.173181	0.826591	-0.838106	0.259264	0.952898	0.39151	
-0.682416	0.077082	-0.031399	-0.675516	0.773541	0.229115	-0.765805	0.577689	-0.790008	-0.544368	0.825177	-0.003625	-0.903394	0.061836	-0.175279	0.937193	0.831844	0.100858	-0.669611	-0.038607	0.93213	0.697193	-0.645641	-0.786755	0.436554	0.642436	-0.003301	-0.172207	0.572583	0.933412	0.282995	-0.709888	0.60379	0.849079	-0.313631	0.677801	-0.05715	0.553875	-0.146988	0.065036	-0.953838	0.001318	-0.872214	-0.129716	-0.711445	-0.179458	0.923777	0.325548	0.462919	-0.724	
0.19465	-0.888677	-0.336696	0.624725	0.739415	-0.502873	0.075725	-0.89164	-0.319746	0.397002	0.403471	-0.58964	0.83925	0.745939	-0.806768	0.182688	0.825763	-0.207265	0.647773	0.55375	0.014212	-0.127412	-0.811405	0.50579	0.559827	0.873584	-0.020918	0.269316	0.875601	-0.240365	-0.04921	0.216121	0.228138	0.371825	-0.758333	0.079788	0.485299	-0.138336	0.789306	-0.653087	0.671454	-0.221004	-0.823316	-0.178275	-0.074839	-0.576734	-0.216125	-0.538829	-0.531301	0.122698	
-0.293064	0.528217	0.214588	-0.661715	-0.996335	0.902346	-0.501285	-0.835743	-0.832759	0.865887	0.583478	-0.96551	0.431289	-0.02674	0.083629	0.493236	0.970775	0.043714	0.219078	0.536163	-0.169028	-0.136165	-0.2986	0.552107	0.253713	0.403247	0.699611	0.719803	0.366195	0.615321	-0.170866	0.376795	-0.495406	-0.247232	-0.545922	0.56175	-0.306876	0.976643	-0.963165	0.817282	-0.200431	-0.85658	-0.390413	0.983897	0.428466	0.394433	-0.858345	0.167954	-0.873789	-0.088368	
-0.270538	-0.014145	0.524749	-0.741316	-0.414565	-0.351921	0.152863	-0.163174	-0.942094	-0.184482	0.403032	0.38852	0.455457	0.450643	0.610844	-0.165541	0.320711	-0.508339	0.455551	0.914553	-0.872984	0.350823	0.592138	0.670088	-0.95388	-0.211473	-0.808617	-0.398301	0.991139	0.130278	0.870477	-0.757021	0.10783	-0.671012	0.054588	-0.470107	-0.486781	-0.502032	-0.080289	0.286649	-0.537613	-0.614632	0.896796	-0.585877	0.032657	-0.192959	0.525383	0.360824	0.679692	-0.831029	
-0.822532	-0.867443	0.332048	0.636149	0.883446	-0.459018	0.913321	0.05314	-0.571086	-0.487841	-0.444393	-0.88574	0.203516	-0.528583	0.486807	0.057593	0.901201	0.916546	-0.801886	0.11198	-0.65274	-0.091979	0.362404	0.993018	-0.163149	-0.560985	-0.31405	0.037406	0.041359	0.91226	0.041513	0.998403	-0.426201	-0.08202	-0.480003	0.799143	-0.912706	-0.121775	0.107849	0.929813	-0.223001	-0.44032	-0.921397	0.243335	0.373714	0.498477	-0.527385	-0.794372	-0.785681	-0.458149	
0.287895	0.334746	0.570465	-0.836209	-0.798885	-0.611059	-0.768577	0.073131	0.527435	0.618114	0.790607	0.648177	0.732225	-0.027549	0.234094	0.482195	0.924154	-0.511538	0.613929	-0.753932	0.450823	0.940488	-0.457592	-0.718087	-0.848217	0.961877	-0.38902	0.37604	-0.994874	-0.380711	0.380562	-0.362565	0.321399	-0.476892	-0.177086	-0.495325	0.89112	0.759858	-0.264042	0.069798	-0.175925	0.506286	-0.582784	0.639896	0.012953	-0.798024	0.223971	-0.496528	0.427385	0.397309	
0.481726	0.275234	0.694244	0.007133	0.655634	-0.094668	0.255823	0.750041	-0.556497	0.45789	-0.236411	-0.683052	-0.575129	0.506782	-0.294759	-0.305194	0.095909	-0.406404	-0.432892	-0.884824	0.9175	0.371499	0.507332	0.345824	0.814359	-0.138863	0.013836	0.647086	-0.275407	-0.816776	-0.613142	0.609923	0.531158	0.02774	0.766326	-0.703886	0.464774	-0.231712	-0.623258	-0.126834	-0.761063	-0.063885	0.691882	0.203638	0.087576	0.854755	-0.333277	-0.854916	0.839592	0.835443	
-0.010223	0.055094	-0.902224	-0.439744	0.957179	0.315485	0.225745	-0.075436	0.323343	-0.893959	-0.82893	-0.740796	-0.614008	0.606283	0.471376	-0.151298	0.649932	-0.244951	0.435572	0.30119	0.421921	0.275721	0.849867	0.973763	0.667141	0.560287	0.866326	0.863434	-0.279737	-0.046327	0.116701	-0.533544	-0.187943	-0.618988	0.924155	-0.315547	-0.660004	-0.522961	-0.911361	0.717054	0.246475	0.622104	-0.81747	0.158751	0.682914	0.650352	-0.83653	0.650671	0.222972	0.184092	
0.222033	-0.84091	0.410743	0.057085	0.561916	0.315881	0.353262	-0.628013	0.909722	0.091122	-0.436972	-0.854809	0.900474	-0.626835	0.435717	0.203114	-0.869255	-0.049178	0.234762	0.922059	-0.998449	-0.467922	-0.482228	0.746706	0.325896	0.105018	0.660943	0.640562	0.067841	0.443859	-0.707623	0.922757	-0.29321	-0.81528	0.606491	0.073644	0.915109	-0.764146	0.010175	0.774321	0.108588	0.56063	0.643039	0.463099	-0.018462	-0.437918	-0.535296	0.574748	-0.338655	-0.443598	
-0.700045	0.89413	0.003621	0.150184	-0.516469	0.273795	0.562901	-0.488417	0.799588	-0.861675	0.123861	0.997286	0.617617	0.958968	0.734602	-0.125967	0.584788	0.098867	0.546202	-0.202909	-0.962125	-0.876651	0.502836	0.977916	-0.980061	-0.974889	0.799611	0.870643	0.786398	-0.973129	-0.167418	0.258949	-0.659257	0.773441	0.642884	-0.121047	0.347148	0.28771	-0.297847	0.000127	-0.2053	0.037224	-0.816595	-0.167268	0.966972	-0.544198	0.418647	-0.030103	-0.082444	-0.61609	
-0.202962	0.803052	-0.526406	0.736767	0.105888	-0.028712	-0.578903	-0.342875	-0.613333	0.307958	-0.732216	0.306408	-0.428168	0.596123	-0.986893	0.817884	-0.697979	-0.464565	-0.366518	-0.562016	-0.777691	0.035178	-0.385886	0.115283	-0.166078	0.414333	-0.752766	0.014937	-0.780624	0.478861	0.47693	0.80931	0.363025	-0.017492	0.841268	-0.298695	-0.026488	-0.811502	0.245236	-0.089424	0.48329	0.340345	-0.695411	-0.595969	0.344909	-0.337416	0.100968	-0.469367	0.722757	-0.225278	
-0.373305	-0.700832	-0.949564	0.414642	-0.387535	-0.700795	-0.769454	0.883453	0.190399	-0.596681	-0.223375	-0.597687	0.782288	0.740759	-0.353067	-0.833196	-0.257922	0.322316	0.68165	0.013296	-0.597017	-0.676381	0.058888	0.706122	-0.342617	0.600655	0.371931	-0.289303	-0.816598	0.071105	0.699034	-0.186624	-0.091543	0.302298	0.050326	-0.01058	-0.194015	-0.727966	-0.277142	0.795241	0.13681	-0.378181	0.156465	-0.14686	-0.387909	-0.67724	0.977465	0.324085	0.908469	-0.514338	
-0.498676	0.821451	-0.714838	-0.886159	-0.592556	-0.267733	-0.534959	-0.391211	-0.890196	0.297889	-0.686234	-0.912761	0.041789	0.298558	-0.210443	-0.196092	-0.594939	0.567091	-0.697988	0.617596	-0.671314	-0.072542	-0.5644	-0.861735	-0.242815	0.662508	0.965796	-0.636157	-0.582279	0.3094	-0.802044	-0.228257	-0.969684	0.655798	0.329414	0.945686	0.916696	0.184462	0.171172	0.256664	-0.909888	-0.005856	-0.227679	-0.439414	0.578028	0.56691	0.998989	-0.599601	0.77614	-0.364742	
0.285859	0.578681	0.615597	-0.837465	0.923322	-0.345844	-0.98853	0.60509	0.90332	-0.159169	-0.565034	0.699991	0.584465	0.967527	0.268642	-0.903601	-0.876999	0.432637	0.757762	0.029091	-0.892744	-0.712838	-0.718461	-0.053134	0.56101	-0.433887	-0.322449	0.9024	-0.319236	0.721053	-0.931519	-0.344004	-0.420556	0.169124	-0.899721	0.837802	0.819544	0.327034	0.165566	-0.228361	-0.744604	-0.021055	0.424481	0.545926	-0.988932	0.805034	0.306735	0.8123	-0.715529	-0.2193	
-0.741003	0.152223	-0.59141	-0.106955	0.00114	0.711632	0.258109	0.423113	0.245924	0.970141	0.172445	0.900245	-0.759331	-0.942514	0.413481	-0.278821	0.888228	0.731986	-0.34009	0.254895	0.313552	-0.979467	-0.376029	-0.706285	-0.010271	0.472157	0.851919	-0.579695	-0.168899	-0.242437	0.87888	-0.71619	-0.937257	0.367063	-0.125766	0.500997	0.654068	0.216322	0.36696	0.869491	0.592928	0.13386	0.911392	0.168643	-0.830524	-0.623178	0.948284	0.552523	0.450343	-0.453639	
0.641161	0.218143	-0.700095	0.232192	0.269076	-0.138111	-0.611273	0.976466	0.360829	-0.287286	-0.647875	0.033102	0.472454	0.98162	-0.178639	-0.973771	0.098702	0.861489	-0.961403	0.658136	-0.75741	0.97211	0.981628	0.761547	-0.716208	0.095091	0.635591	-0.203341	0.175906	-0.20736	0.43938	0.305362	-0.752864	-0.390031	0.126034	-0.870224	-0.191077	-0.579012	0.073019	-0.534019	0.171579	0.935482	0.224287	-0.21062	0.357973	-0.326755	0.345762	-0.786714	-0.228336	0.463635	
0.515531	-0.02891	-0.541961	0.343105	-0.952135	0.544643	0.016118	-0.085787	-0.356002	-0.705825	0.370871	-0.051943	-0.60801	-0.835971	0.893962	0.866871	-0.385721	-0.933896	0.583472	-0.407681	-0.352831	0.777625	0.841789	-0.167393	0.190314	0.798555	0.112529	0.228992	-0.70941	0.162617	-0.459813	-0.090004	0.250468	0.610819	0.578375	0.252587	0.917953	-0.844557	-0.441486	-0.060775	0.422857	-0.094823	-0.002146	0.116852	0.793691	-0.710386	-0.754232	0.556362	0.853216	-0.757241	
0.677382	0.637024	-0.824292	-0.374824	0.47704	0.244592	-0.569221	0.259795	-0.354769	0.587724	0.934618	-0.630745	-0.156509	0.2598	0.474962	0.757951	0.886518	0.622996	-0.836741	0.636161	-0.725417	-0.497046	0.108072	0.356753	0.820619	0.908821	-0.154208	0.886272	0.961228	-0.149145	-0.658464	-0.250177	-0.316616	0.966395	0.174007	0.244433	0.162216	0.915333	0.312246	-0.045373	-0.925767	-0.727303	0.619687	0.543726	0.571695	0.271232	-0.269539	0.597558	-0.967076	-0.514808	
-0.091302	0.565272	0.290219	-0.635248	-0.912331	-0.987496	-0.616423	0.422341	-0.867372	-0.13132	-0.867532	0.864959	0.289499	-0.589663	0.538251	0.161249	0.430884	0.703215	-0.621314	0.474928	0.663119	-0.233765	0.458454	-0.634303	-0.871888	-0.815158	0.872992	-0.719559	-0.662434	0.309462	-0.221082	0.324485	-0.400269	-0.519354	0.718182	-0.699675	-0.173495	0.632453	-0.248532	-0.476727	-0.298415	0.389063	-0.23274	0.26761	0.780782	0.5439	0.392282	0.617966	-0.370194	0.12087	
-0.67851	-0.359858	0.578385	0.487063	0.087665	0.439889	0.315653	-0.467463	-0.765042	-0.070073	-0.729659	-0.653597	-0.399135	0.64248	0.930614	0.724441	0.331148	0.52439	0.776931	-0.366851	-0.804207	-0.66708	-0.113278	0.796272	0.233698	-0.333053	0.954744	0.908573	0.867933	0.617147	-0.750809	-0.857042	0.354377	0.038156	-0.389365	-0.616032	0.091766	-0.328525	0.478439	-0.841726	-0.635953	0.738925	0.866741	0.211869	-0.416317	-0.172329	-0.22329	-0.162885	0.514169	-0.226105	
-0.156393	0.36081	-0.07879	0.377879	-0.274565	-0.361331	-0.505311	0.682364	0.810365	0.909468	0.433193	-0.592493	0.694776	0.140715	-0.873806	-0.48924	0.48962	0.279051	0.815609	0.768739	-0.308773	0.167314	0.556796	0.005642	0.959415	-0.436216	-0.525707	-0.571422	-0.315094	-0.569256	-0.748948	0.888258	0.510299	-0.696476	-0.640815	-0.363353	-0.041895	0.562439	-0.682632	-0.718638	-0.128385	-0.960676	0.352041	-0.520108	0.763785	0.549497	-0.550992	-0.827054	-0.894912	-0.270891	
-0.383199	-0.30285	-0.342288	-0.403648	-0.58161	-0.941549	-0.511592	0.418182	0.495249	-0.997399	0.515351	-0.533759	0.67623	0.801307	0.56624	-0.079409	0.665027	0.72083	0.081418	-0.179446	0.672189	-0.344828	-0.980642	0.590234	-0.017649	0.709613	-0.475495	0.072141	0.063864	-0.46994	0.731257	-0.631968	0.757482	0.925875	-0.534865	0.169497	-0.068789	0.14293	0.113935	-0.530408	0.991893	-0.279103	-0.588908	0.399223	0.050262	-0.247007	-0.742321	0.565396	0.256097	-0.154935	
-0.56058	-0.75626	-0.617637	0.86603	-0.559603	0.840434	-0.448119	-0.051964	0.844091	0.244713	-0.606581	0.396746	0.668664	0.38344	0.547005	-0.800424	-0.072691	-0.924244	0.920453	0.675527	0.586568	-0.624657	0.548996	-0.324604	-0.900933	0.427196	0.744031	-0.964966	-0.360415	-0.399394	-0.001151	-0.688623	0.913417	0.786357	-0.597812	0.035069	0.736874	0.614722	0.437263	-0.148124	-0.493126	-0.289125	-0.256483	-0.103069	0.714922	-0.723052	0.541979	0.814925	-0.418443	-0.381386	
-0.312959	-0.928954	0.279071	0.925374	-0.344743	-0.099937	0.741144	0.617936	0.636579	0.49466	0.330265	0.532937	0.930865	0.819825	-0.299217	0.861902	-0.026746	0.332706	-0.077033	-0.28193	-0.410193	0.764181	0.946237	-0.332137	-0.589036	-0.239553	-0.328359	-0.967191	0.776688	0.051289	-0.401181	-0.425016	-0.920011	-0.944102	-0.726766	-0.255566	-0.551803	0.555225	-0.586676	-0.424358	0.930958	-0.236497	0.272922	0.661421	0.702733	-0.116395	-0.092505	-0.972901	0.958676	0.341161	
0.005027	-0.860762	-0.088054	-0.742711	-0.971123	0.767437	-0.057305	-0.727963	-0.558107	-0.60281	0.588173	0.264421	-0.471877	0.249994	-0.721191	-0.776479	-0.019341	0.430097	0.556452	0.416762	0.200432	-0.212983	0.046741	-0.773875	-0.727109	-0.585757	0.817905	-0.2219	-0.909743	0.842944	-0.473127	-0.779692	0.563228	0.088051	-0.120127	-0.767412	0.095189	0.049071	-0.091907	-0.624676	-0.570914	0.960022	0.678205	0.668367	-0.235093	0.286549	0.157332	0.571648	-0.88701	0.455279	
-0.166063	0.979298	-0.309829	-0.776396	-0.81917	-0.774726	0.38231	0.551273	-0.104077	0.389022	0.046432	-0.206615	-0.896737	0.36929	-0.327091	-0.609449	0.522677	0.033527	0.91814	0.553011	0.229186	0.831422	-0.256498	-0.09805	0.099457	0.398751	-0.318	0.797453	0.789155	0.18083	-0.581865	0.917787	-0.087836	-0.758902	-0.452803	0.070736	0.987106	0.405729	-0.799761	-0.843446	0.804894	-0.810411	0.106875	-0.814551	-0.909389	-0.41444	0.278374	0.406414	0.039812	-0.592988	
-0.459539	0.956889	-0.789538	0.656368	0.936938	-0.354498	-0.244144	-0.346608	-0.981882	-0.915521	0.171555	-0.851773	-0.399669	0.383993	0.692462	0.809233	-0.754939	-0.631316	-0.123891	0.832659	0.624588	0.254631	0.934291	0.747661	-0.461888	0.504399	-0.083815	-0.18274	-0.059862	-0.224145	0.520414	-0.421289	0.385587	-0.409343	-0.098785	0.380737	0.299002	0.693918	0.392048	-0.658405	0.918777	-0.095356	0.628084	0.004041	0.212487	-0.463378	0.434735	0.011634	-0.141289	-0.439566	
0.002985	0.011716	0.044932	0.006474	0.009153	0.044429	0.00998	0.029556	0.029768	0.00028	0.008208	0.012665	0.00648	0.035074	0.007371	0.024964	0.005707	0.03111	0.04593	0.023432	0.010996	0.016807	0.002848	0.024041	0.001819	0.007878	0.038346	0.022578	0.017984	0.007814	0.027097	0.015928	0.033375	0.011173	0.044104	0.046151	0.001495	0.019644	0.033193	0.022962	0.001909	0.036528	0.026961	0.004325	0.003247	0.030171	0.014595	0.030284	0.034583	0.02095	
0.022509	0.018682	0.00145	0.00769	0.007314	0.00609	0.036037	0.019174	0.031858	0.035698	0.035616	0.01488	0.006911	0.013873	0.003613	0.024037	0.021072	0.03566	0.03667	0.03335	0.018517	0.032288	0.01547	0.026392	0.032241	0.002028	0.001244	0.015725	0.031257	0.035899	0.026829	0.03067	0.03647	0.025269	0.017984	0.000818	0.018211	0.030716	0.013857	0.01272	0.007499	0.015346	0.009663	0.025125	0.008992	0.01185	0.033282	0.033584	0.006193	0.011677	
0.004699	0.00665	0.019207	0.03104	0.004118	0.000486	0.003537	0.007294	0.012503	0.032064	0.019032	0.016571	0.003756	0.043578	0.025843	0.033676	0.014135	0.039501	0.033704	0.030308	0.042675	0.041712	0.028492	0.023034	0.041502	0.015217	0.049166	0.005076	0.000211	0.038452	0.018243	0.048971	0.005656	0.035793	0.00411	0.015639	0.000254	0.017555	0.009574	0.008219	0.001635	0.00149	0.023211	0.024517	0.00401	0.034297	0.01981	0.000124	0.029877	0.029776	
0.029466	0.011543	0.005958	0.034106	0.018274	0.019812	0.035615	0.031828	0.029209	0.033074	0.015287	0.011035	0.000451	0.028367	0.022823	0.021196	0.007196	0.01988	0.016371	0.01156	0.035916	0.025634	0.01777	0.018374	0.020114	0.015831	0.036229	0.027108	0.001662	0.009241	0.005165	0.02447	0.029847	0.022806	0.003599	0.014703	0.010645	0.003182	0.009842	0.035131	0.030096	0.033411	0.008936	0.034716	0.024282	0.015255	0.019554	0.026349	0.01423	0.022851	
0.023441	0.0165	0.015875	0.025016	0.012793	0.027977	0.008994	0.035916	0.017604	0.026154	0.023306	0.031398	0.028749	0.030851	0.002202	0.031266	0.002779	0.036691	0.014494	0.005571	0.032526	0.032051	0.005808	0.02716	0.031631	0.006881	0.007832	0.025542	0.030985	0.035805	0.030657	0.029253	0.00436	0.003113	0.018742	0.025872	0.024193	0.034203	0.028686	0.001876	0.02505	0.005854	0.00809	0.016072	0.015103	0.01852	0.029986	0.0136	0.012863	0.000109	
0.002739	0.009872	0.028679	0.046295	0.009184	0.016442	0.002814	0.044084	0.000575	0.006759	0.003647	0.025172	0.004283	0.011337	0.010244	0.006449	0.035001	0.038253	0.024742	0.002412	0.003438	0.006052	0.014524	0.030887	0.028344	0.02991	0.030754	0.037432	0.015148	0.023936	0.013974	0.016763	0.016434	0.037336	0.045438	0.025878	0.03392	0.018083	0.027373	0.011739	0.002521	0.006378	0.02141	0.018932	0.035814	0.019324	0.03398	0.040584	0.000294	0.024417	
0.018291	0.015662	0.026626	0.043421	0.041355	0.009445	0.041648	0.02801	0.029582	0.029689	0.003269	0.038897	0.022531	0.024874	0.018133	0.007814	0.014158	0.01111	0.006543	0.023741	0.025795	0.01148	0.032936	0.022007	0.014064	0.03752	0.025176	0.003406	0.021934	0.028504	0.025773	0.002693	0.029703	0.001751	0.022929	0.013026	0.024278	0.005081	0.029063	0.03466	0.002948	0.001082	0.011032	0.013141	0.012702	0.006885	0.030755	0.011179	0.03522	0.008478	
0.025311	0.030535	0.033607	0.032492	0.018787	0.022887	0.027227	0.005373	0.029792	0.00636	0.040035	0.027833	0.016947	0.03451	0.019248	0.004083	0.016776	0.025862	0.015102	0.027037	0.036902	0.022747	0.001188	0.016749	0.017844	0.023969	0.019475	0.005532	0.023424	0.02916	0.018448	0.020774	0.015097	0.025379	0.003623	0.007972	0.017884	0.033278	0.033058	0.012419	0.006371	0.011001	0.019307	0.012618	0.004364	0.011158	0.005488	0.025589	0.016158	0.04322	
0.01357	0.008648	0.006417	0.031777	0.025563	0.014912	0.016353	0.020434	0.022712	0.012261	0.037183	0.020511	0.03673	0.001515	0.000779	0.021452	0.012039	0.032159	0.022018	0.023765	0.030222	0.037404	0.019355	0.02441	0.002902	0.023667	0.032667	0.034913	0.01078	0.000314	0.003094	0.006088	0.023978	0.007742	0.037534	0.03939	0.016021	0.01144	0.014636	0.027207	0.002643	0.004928	0.019479	0.024651	0.0223	0.032688	0.032886	0.032646	0.010125	0.033092	
0.034037	0.031545	0.012773	0.005751	0.008425	0.011483	0.024209	0.027473	0.026758	0.012296	0.014209	0.004704	0.025475	0.032175	0.006876	0.029368	0.009571	0.015388	0.032278	0.026393	0.029742	0.030893	0.032924	0.027822	0.019042	0.022491	0.001965	0.026499	0.004179	0.028426	0.009171	0.011926	0.024882	0.023818	0.007691	0.01131	0.018579	0.022078	0.020295	0.023362	0.007425	0.030643	0.02731	0.029567	0.019524	0.021251	0.029892	0.001055	0.021722	0.023329	
0.033591	0.003381	0.020302	0.014742	0.034959	0.011748	0.013072	0.040541	0.009792	0.003581	0.020274	0.041145	0.021459	0.018859	0.018953	0.017751	0.043906	0.025397	0.045298	0.018501	0.023299	0.014279	0.006632	0.021971	0.031594	0.039747	0.003007	0.024981	0.021165	0.000451	0.018822	0.012341	0.004468	0.044779	0.002158	0.020768	0.02842	0.013923	0.007543	0.029353	0.008779	0.003283	0.044814	0.027085	0.015543	0.026691	0.02085	0.005633	0.012642	0.007727	
0.021841	0.030726	0.009629	0.034608	0.016422	0.016935	0.031147	0.013616	0.003911	0.033341	0.014359	6e-05	0.016766	0.02158	0.000449	0.007769	0.001335	0.02621	0.015221	0.018748	0.026133	0.014136	0.020272	0.013093	0.027845	0.032271	0.0158	0.032048	0.01303	0.02622	0.027498	0.030226	0.032842	0.010246	0.027579	0.029525	0.00299	0.011654	0.033288	0.030936	0.000865	0.026653	0.02346	0.015246	0.014305	0.019365	0.034129	0.019687	0.034184	0.019801	
0.000421	0.000199	0.006378	0.016539	0.004551	0.012312	0.029302	0.023851	0.013575	0.046276	0.019291	0.03783	0.04763	0.019225	0.030163	0.008777	0.01669	0.002791	0.031364	0.039984	0.023974	0.018078	0.002479	0.016248	0.007128	0.044526	0.017035	0.034274	0.010142	0.007368	0.014404	0.004416	0.012957	0.020534	0.023741	0.030757	0.010212	0.02386	0.024539	0.003145	0.004225	0.024341	0.04408	0.041244	0.013484	0.037552	0.000225	0.004797	0.037372	0.035714	
0.016501	0.02398	0.03675	0.028788	0.022089	0.011491	0.00198	0.032828	0.002617	0.012482	0.034345	0.030413	0.02196	0.006919	0.017439	0.031317	0.026534	0.025194	0.029685	0.001699	0.02585	0.005683	0.028763	0.038344	0.013649	0.024034	0.035572	0.035646	0.005168	0.003573	0.018408	0.015051	0.037024	0.031958	0.007273	0.026861	0.032968	0.016287	0.010281	0.023452	0.006203	0.03808	0.00293	0.002119	0.014669	0.005473	0.032027	0.010261	0.001132	0.03625	
0.018924	0.010837	0.005513	0.027473	0.035917	0.030505	0.010129	0.036176	0.030444	0.008285	0.021586	0.007343	0.016985	0.008495	0.035414	0.000484	0.026619	0.008035	0.019259	0.02702	0.032859	0.030913	0.024238	0.004653	0.033956	0.029653	0.033462	0.024105	0.031937	0.004454	0.032273	0.035709	0.03048	0.018418	0.011757	0.025946	0.000684	0.020575	0.026586	0.027161	0.006015	0.002296	0.020684	0.020645	0.030205	0.00609	0.014458	0.01609	0.015537	0.002718	
0.000371	0.020621	0.015266	0.00862	0.01565	0.015965	0.007958	0.018133	0.030257	0.013212	0.022485	0.01643	0.024353	0.009108	0.00285	0.036075	0.029807	0.009326	0.015781	0.011824	0.024947	0.022112	0.025857	0.01565	0.024245	0.016569	0.012826	0.034029	0.025656	0.000474	0.023639	0.012765	0.021812	0.012379	0.011315	0.005334	0.013602	0.034481	0.028253	0.037414	0.032577	0.033439	0.037211	0.027941	0.028901	0.012942	0.036844	0.034979	0.021601	0.006114	
0.029941	0.010975	0.00132	0.018918	0.012351	0.026471	0.028151	0.021607	0.027441	0.020916	0.032099	0.017754	0.015718	0.012977	0.026611	0.03424	0.028292	0.024274	0.019252	0.030676	0.003433	0.01328	0.03032	0.031364	0.027106	0.006232	0.021439	0.033141	0.02987	0.01572	0.017701	0.007106	0.006712	0.014893	0.013214	0.017474	0.006479	0.032783	0.030891	0.027418	0.016635	0.004749	0.030907	0.024658	0.011977	0.005333	0.01188	0.033438	0.01706	0.016803	
0.012045	0.016626	0.028105	0.009305	0.020561	0.00079	0.01816	0.029481	0.003607	0.008174	0.021176	0.033227	0.012952	0.000819	0.004183	0.025165	0.011379	0.038593	0.006409	0.01759	0.024882	0.025839	0.020671	0.033471	0.013546	0.032382	0.030945	0.027374	0.036496	0.030181	0.034928	0.007747	0.022728	0.032442	0.01241	0.011904	0.005606	0.001454	0.027236	0.007489	0.020978	0.0176	0.035051	0.03194	0.024589	0.027339	0.031515	0.021274	0.010806	0.02083	
0.033564	0.028674	0.03647	0.006397	0.004202	0.021942	0.011317	0.007039	0.018546	0.004822	0.021859	0.039697	0.012845	0.024063	0.019962	0.008114	0.043154	0.001001	0.003146	0.022677	0.012245	0.032719	0.043039	0.039424	0.003088	0.006	0.034043	0.034931	0.019696	0.02869	0.0116	0.018717	0.010497	0.004868	0.026075	0.00277	0.005855	0.040032	0.018173	0.03608	0.045899	0.000697	0.010535	0.036177	0.029885	0.011251	0.004241	0.009923	0.046331	0.007028	
0.029142	0.022403	0.029123	0.03084	0.002328	0.024173	0.030263	0.010557	0.024749	0.035844	0.003861	0.015865	0.022869	0.03548	0.012687	0.029885	0.004242	0.021362	0.032337	0.006561	0.029145	0.036336	0.008749	0.036882	0.013764	0.014174	0.025572	0.034142	0.025785	0.003166	0.02355	0.024155	0.001183	0.011665	0.036846	0.028752	0.018427	0.026719	0.032386	0.004439	0.003943	0.0347	0.007687	0.011284	0.018442	0.017577	0.000212	0.003771	0.033036	0.00894	
0.008513	0.010741	0.015775	0.000957	0.034239	0.037395	0.000622	0.028421	0.020495	0.030054	0.036326	0.018796	0.022649	0.005327	0.021748	0.017356	0.02111	0.031664	0.009339	0.036314	0.000106	0.00817	0.014266	0.038757	0.034339	0.005853	0.01551	0.020638	0.022371	0.004637	0.02572	0.025267	0.028194	0.030878	0.011438	0.025995	0.029246	0.012505	0.028697	0.014885	0.020684	0.027928	0.022775	0.003118	0.019424	0.020701	0.025005	0.007948	0.023871	0.023233	
0.033753	0.009491	0.018424	0.026657	0.032855	0.000853	0.030486	0.007921	0.025346	0.0303	0.019719	0.003967	0.012401	0.030342	0.007308	0.037121	0.027001	0.015536	0.017017	0.03003	0.015225	0.020326	0.012432	0.015975	0.039096	0.003457	0.032223	0.008923	0.035167	0.037433	0.011951	0.028426	0.009592	0.02042	0.028775	0.033637	0.032066	0.007217	0.009956	0.001047	0.031695	0.000939	0.016457	0.017605	0.018617	0.037103	0.017408	0.012716	0.023334	0.004254	
0.024682	0.006348	0.039011	0.038814	0.031064	0.01622	0.029862	0.033216	0.018762	0.009924	0.001811	0.037513	0.036117	0.038625	0.032441	0.002891	0.004611	0.008973	0.035419	0.015478	0.026928	0.021761	0.020681	0.016652	0.023853	0.024249	0.029974	0.004515	0.010304	0.040885	0.002883	0.029888	0.018093	0.00717	0.014786	0.008053	0.013401	0.005954	0.017719	0.025756	0.007114	0.012948	0.010384	0.036912	0.017269	0.004936	0.022885	0.035026	0.014699	0.01254	
0.002149	0.002098	0.027253	0.006509	0.03086	0.013364	0.037426	0.001416	0.003934	0.027843	0.007639	0.038168	0.034146	0.011857	0.014114	0.011237	0.033591	0.041724	0.023697	0.035432	0.01353	0.012441	0.001101	0.010183	0.016125	0.031246	0.031057	0.028031	0.010134	0.011835	0.018182	0.014405	0.034775	0.001831	0.041322	0.022792	0.041425	0.024985	0.015207	0.022515	0.027991	0.016489	0.010054	0.025404	0.009347	0.004765	0.037413	0.014278	0.03995	0.00673	
0.009584	0.021319	0.021502	0.007466	0.023812	0.011395	0.036825	0.000688	0.001294	0.006064	0.010418	0.034646	0.002042	0.006617	0.008656	0.002672	0.027216	0.012312	0.012744	0.032163	0.027723	0.042443	0.001244	0.01233	0.039163	0.029699	0.036424	0.030184	0.00446	0.039126	0.020432	0.028528	0.011895	0.014641	0.010318	0.022723	0.023041	0.004717	0.020911	0.026462	0.032447	0.024449	0.011295	0.026839	0.023183	0.039549	0.037235	0.004281	0.022494	0.042329	
0.023384	0.010851	0.02585	0.030115	0.008449	0.006714	0.004563	0.009657	0.02374	0.013917	0.008877	0.018408	0.029791	0.014182	0.02196	0.033063	0.000325	0.010936	0.027394	0.012884	0.008278	0.03694	0.003348	0.035431	0.034035	0.017108	0.007997	0.002917	0.027198	0.010839	0.016285	0.012045	0.024476	0.020861	0.019303	0.000386	0.033154	0.021207	0.028042	0.035909	0.028187	0.018162	0.027632	0.033617	0.012796	0.023182	0.027351	0.033687	0.033167	0.0314	
0.00866	0.027664	0.029107	0.035683	0.024029	0.03332	0.034404	0.032598	0.004768	0.023605	0.013915	0.016566	0.016395	0.013437	0.020804	0.02202	0.009199	0.020436	0.028454	0.001771	0.004882	0.026838	0.030632	0.01314	0.02772	0.009331	0.03048	0.020429	0.00085	0.033889	0.012893	0.019753	0.0263	0.01723	0.009062	0.034988	0.032266	0.004222	0.032501	0.013887	0.019149	0.022447	0.018122	0.021116	0.012006	0.014482	0.026117	0.028264	0.017804	0.002365	
0.012067	0.02066	0.0025	0.01287	0.01933	0.000848	0.022572	0.017042	0.003008	0.032378	0.029859	0.037115	0.002376	0.035474	0.027419	0.026275	0.020907	0.03656	0.034815	0.007473	0.013238	0.007133	0.03144	0.016544	0.005034	0.029378	0.035714	0.030019	0.034665	0.031045	0.027255	0.034899	0.011858	0.009094	0.020311	0.014178	0.008225	0.033657	0.02297	0.005021	0.007778	0.033179	0.025366	0.016264	0.027391	0.016936	0.000732	0.028463	0.011425	0.00924	
0.0058	0.031454	0.012288	0.029964	0.034818	0.005702	0.000487	0.020624	0.034965	0.023482	0.011374	0.013765	0.005375	7.8e-05	0.02902	0.036999	0.005129	0.040696	0.038092	0.03945	0.008076	0.025898	0.028143	0.003857	0.029559	0.005272	0.005447	0.021571	0.017881	0.018024	0.025236	0.015045	0.006866	0.015976	0.036417	0.011971	0.009345	0.040526	0.006366	0.037367	0.024134	0.02523	0.031942	0.03678	0.014954	0.002102	0.015027	0.024264	0.027791	0.009371	
0.019254	0.022616	0.003487	0.005491	0.034023	0.020696	0.015867	0.039137	0.027873	0.016175	0.030481	0.001853	0.009787	0.034719	0.002689	0.010038	0.018486	0.021891	0.039328	0.041346	0.010362	0.003823	0.02728	0.03532	0.009866	0.00443	0.001054	0.019328	0.042297	0.031518	0.038932	0.030353	0.006178	0.019758	0.027102	0.013365	0.027055	0.025467	0.028273	0.010117	0.023462	0.006223	0.000227	0.030376	0.036017	0.029204	0.016925	0.017025	0.008959	0.004467	
0.00861	0.031125	0.021278	0.036582	0.009013	0.039092	0.026779	0.006855	0.027649	0.008782	0.020886	0.005799	0.027649	0.00903	0.034638	0.030676	0.008289	0.021512	0.007202	0.014469	0.008544	0.028855	0.004766	0.011422	0.002585	0.035933	0.004457	0.021997	0.008306	0.006601	0.018984	0.022171	0.035037	0.002021	0.026932	0.014214	0.003533	0.019169	0.021758	0.041051	0.013739	0.010218	0.039394	0.038776	0.036235	0.038556	0.023626	0.024368	0.03617	0.004667	
0.011255	0.017255	0.008895	0.031183	0.017967	0.011423	0.006253	0.027594	0.035707	0.012827	0.031636	0.023987	0.016964	0.007414	0.029719	0.004427	0.015966	0.033269	0.021603	0.003665	0.018948	0.030238	0.002282	0.022874	0.01125	0.008228	0.021723	0.01929	0.031491	0.014394	0.025748	0.019738	0.011777	0.030377	0.014454	0.02255	0.020286	0.014064	0.024798	0.018604	0.0183	0.028106	0.008409	0.027309	0.031798	0.018348	0.034255	0.036464	0.032121	0.012767	
0.035426	0.015958	0.006178	0.014101	0.009212	0.000969	0.036186	0.010678	0.04224	0.003088	0.033268	0.022116	0.018243	0.000982	0.015741	0.004793	0.00924	0.012644	3.4e-05	0.034622	0.001555	0.043207	0.020587	0.028402	0.027441	0.001616	0.001212	0.030035	0.009153	0.037623	0.0144	0.021638	0.036692	0.035724	0.018327	0.001672	0.029261	0.037653	0.036248	0.030703	0.009232	0.036444	0.014115	0.008392	0.012868	0.013094	0.017486	0.040502	0.033427	0.025572	
0.011753	0.018673	0.025344	0.011638	0.002931	0.020134	0.012501	0.025917	0.019392	0.031953	0.026026	0.020668	0.025205	0.02014	0.029463	0.004778	0.021922	0.025336	0.033626	0.006812	0.026565	0.001509	0.035815	0.03143	0.00198	0.005401	0.010069	0.022053	0.024102	0.017419	0.035606	0.022736	0.019989	0.029841	0.015785	0.028137	0.029796	0.001635	0.031864	0.029801	0.027163	0.021942	0.011137	0.0108	0.028106	0.022615	0.013014	0.018025	0.007901	0.023552	
0.025785	0.001719	0.025647	0.019578	0.024647	0.026494	0.017329	0.027453	0.029187	0.026489	0.009486	0.005578	0.033132	0.010798	0.00339	0.031382	0.022244	0.009408	0.007694	0.029163	0.014421	0.004538	0.034123	0.016629	0.009399	0.017473	0.033417	0.026347	0.011477	0.023278	0.02844	0.023469	0.030631	0.031778	0.017299	0.032137	0.026847	0.01652	0.026641	0.026345	0.034339	0.012148	0.011061	0.005083	0.002256	0.019845	0.024101	0.009946	0.032623	0.010786	
0.025926	0.014803	0.027694	0.011216	0.016108	0.026827	0.007696	0.003895	0.037794	0.002512	0.032503	0.011906	0.016087	0.026492	0.02255	0.026235	0.009007	0.019576	0.013206	0.006202	0.027928	0.035351	0.024938	0.005478	0.016003	0.028164	0.014855	0.017463	0.038539	0.038475	0.038728	0.010891	0.007688	0.023328	0.025229	0.024347	0.004234	0.033792	0.006871	0.02019	0.033439	0.028995	0.012793	0.010716	0.036077	0.023855	0.001508	0.013506	0.001509	0.036875	
0.031583	0.014239	0.042034	0.000923	0.02311	0.03078	0.008843	0.034774	0.011176	0.002849	0.010653	0.040056	0.003742	0.013544	0.03132	0.019702	0.036849	0.012033	0.002005	0.034929	0.005437	0.005749	0.021131	0.030868	0.007062	0.025629	0.005998	0.016782	0.024163	0.03189	0.005698	0.027621	0.035472	0.014555	0.026011	0.008208	0.013716	0.001019	0.037625	0.034505	0.026125	0.00549	0.020181	0.028093	0.028246	0.039459	0.017612	0.006804	0.017087	0.02662	
0.027516	0.012841	0.001216	0.010817	0.021531	0.018383	0.014398	0.026372	0.029082	0.010032	0.01388	0.008655	0.035217	0.007267	0.038674	0.010767	0.036718	0.036054	0.017473	0.000288	0.023232	0.001163	0.013032	0.012791	0.026578	0.02892	0.002759	0.011097	0.016067	0.024198	0.038196	0.001882	0.017129	0.023833	0.021135	0.011772	0.03163	0.016908	0.029775	0.033905	0.013708	0.035894	0.017389	0.032223	0.034683	0.016995	0.024541	0.032454	0.016885	0.012045	
0.023231	0.030351	0.021129	0.014838	0.036368	0.016984	0.003129	0.011125	0.019113	0.037183	0.004898	0.010316	0.036849	0.008923	0.02753	0.019626	0.002	0.015615	0.031596	0.03424	0.005171	0.028697	0.005039	0.036537	0.030758	0.034922	0.032887	0.01481	0.037159	0.032033	0.012465	0.022476	0.000305	0.007096	0.034882	0.02381	0.011132	0.008387	0.011755	0.008267	0.029235	0.010266	0.004663	0.026487	0.001743	0.013008	0.032363	0.027053	0.020087	0.031463	
0.035484	0.006826	0.013277	0.022014	0.012379	0.019543	0.030823	0.014482	0.026068	0.007793	0.007377	0.012554	0.021342	0.027831	0.01419	0.034859	0.007681	0.000178	0.024792	0.026085	0.025399	0.024922	0.000721	0.010513	0.034127	0.032679	0.008475	0.024844	0.012084	0.026312	0.038203	0.007656	0.026829	0.030086	0.026176	0.008503	0.000486	0.009414	0.019459	0.023374	0.041253	0.019046	0.040974	0.009428	0.025981	0.006589	0.034617	0.026565	0.007256	0.032451	
0.001023	0.030174	0.034762	0.003855	0.022799	0.035418	0.003553	0.018027	0.002049	0.037446	0.017611	0.021622	0.035522	0.009801	0.018122	0.012736	0.037485	0.02601	0.001093	0.024107	0.02668	0.01852	0.033812	0.036789	0.026448	0.034912	0.012395	0.002312	0.019092	0.023436	0.001851	0.009815	0.012398	0.008494	0.028754	0.005353	0.03923	0.030112	0.026694	0.036759	0.028784	0.016705	0.014272	0.017919	0.009676	0.026598	0.01166	0.022363	0.008825	0.016127	
0.006899	0.020307	0.031208	0.030978	0.018274	0.004311	0.020951	0.020266	0.028308	0.023529	0.012981	0.003808	0.008816	0.019365	0.031555	0.014866	0.031955	0.012819	0.003665	0.023791	0.033618	0.003951	0.034558	0.032051	0.021711	0.034137	0.023386	0.011767	0.035733	0.024781	0.035527	0.021512	0.0115	0.004412	0.029079	0.009037	0.020427	0.018131	0.017819	0.00037	0.006839	0.033553	0.021982	0.034827	0.030701	0.022489	0.024536	0.000358	0.026031	0.006525	
0.031633	0.017048	0.021953	0.041641	0.00107	0.000978	0.039736	0.009555	0.027528	0.023118	0.028261	0.009068	0.01393	0.004961	0.030792	0.024355	0.00554	0.010035	0.010757	0.008598	0.036866	0.019474	0.003162	0.02007	0.019707	0.032276	0.014323	0.043878	0.036125	0.001622	0.029219	0.007916	0.043962	0.022296	0.01685	0.019659	0.042444	0.022224	0.01067	0.001694	0.005008	0.038998	0.001952	0.023616	0.034666	0.026125	0.00057	0.029343	0.014227	0.020501	
0.016541	0.011131	0.004144	0.023055	0.019555	0.026031	0.010517	0.029372	0.012707	0.007779	0.033622	0.032143	0.021542	0.031614	0.029507	0.014163	0.029109	0.029838	0.003539	0.035372	0.016758	0.026877	0.007181	0.01237	0.027387	0.032148	0.028883	0.017433	0.022751	0.003823	0.01648	0.031849	0.001662	0.017879	0.017611	0.020219	0.034051	0.013135	0.030025	0.005248	0.036928	0.034812	0.004473	0.004418	0.002582	0.030804	0.007465	0.031675	0.017435	0.024357	
0.020351	0.000746	0.037263	5.1e-05	0.00638	0.002637	0.001853	0.037688	0.030753	0.001457	0.017649	0.013029	0.004165	0.042905	0.004384	0.007869	0.043838	0.044504	0.011711	0.010326	0.022353	0.036548	0.039708	0.013959	0.024386	0.037593	0.02456	4e-06	0.029205	0.01656	0.017138	0.031336	0.01477	0.010609	0.02085	0.012561	0.043375	0.013789	0.032137	0.042236	0.002463	0.031921	0.004711	0.022017	0.033826	0.00779	0.017438	0.014961	0.040685	0.000952	
0.022818	0.005644	0.025404	0.033176	0.027215	0.006437	0.021073	0.027176	0.006127	0.01037	0.017582	0.036319	0.003108	0.007556	0.03323	0.034892	0.026877	0.014899	0.033115	0.002776	0.015582	0.014567	0.010237	0.036821	0.004095	0.02852	0.00282	0.022408	0.0275	0.031603	0.030463	0.033119	0.008891	0.029954	0.035063	0.017336	0.036916	0.034173	0.00687	0.026487	0.031992	0.024394	0.007139	0.014141	0.000278	0.004804	0.000669	0.026374	0.027129	0.013861	
0.03121	0.029816	0.008029	0.023769	0.005718	0.027485	0.036598	0.007665	0.010359	0.034197	0.001094	1.9e-05	0.030735	0.031511	0.013694	0.026597	0.015534	0.020892	0.00603	0.014146	0.034567	0.007424	0.013943	0.022302	0.033142	0.012608	0.026914	0.023486	0.004259	0.029728	0.028403	0.013346	0.015443	0.027613	0.027866	0.025099	0.026373	0.019752	0.005139	0.012527	0.005562	0.014282	0.030923	0.01527	0.035599	0.002699	0.032246	0.029424	0.036434	0.012529	
0.000467	0.035744	0.029778	0.01189	0.03707	0.031702	0.027283	0.03741	0.010809	0.022562	0.037904	0.0259	0.038466	0.012682	0.002029	0.003249	0.010796	0.037722	0.037851	0.034302	0.005893	0.018831	0.030413	0.003507	0.021538	0.004057	0.007788	0.009234	0.02033	0.040955	0.015992	0.012423	0.021137	0.030308	0.004225	0.006141	0.014462	0.028516	0.011237	0.006981	0.034259	0.034265	0.004743	0.025297	0.011261	0.03807	0.008887	0.005746	0.007525	0.030363	
0.013729	0.035382	0.045085	0.023803	0.038951	0.024587	0.006303	0.026038	0.019124	0.011914	0.03102	0.031546	0.024254	0.025781	0.023775	0.001379	0.001651	0.004297	0.034425	0.041069	0.018392	0.003637	0.003093	0.031147	0.007315	0.024607	0.008542	0.008385	0.002136	0.037925	0.017843	0.032311	0.025021	0.023644	0.016015	0.004584	0.026873	0.002577	0.005037	0.011818	0.010169	0.021928	0.017043	0.038054	0.037686	0.009768	0.032256	0.019072	0.028571	0.010438	
0.013221	0.015673	0.008606	0.017374	0.012426	0.001864	0.040283	0.008463	0.026313	0.008452	0.030029	0.032942	0.007707	0.013068	0.003935	0.033609	0.029359	0.027824	0.041403	0.042286	0.04334	0.026864	0.016271	0.035069	0.019025	0.030839	0.016866	0.002129	0.014305	0.026492	0.010789	0.015711	0.016432	0.01295	0.001118	0.003673	0.001511	0.035791	0.025846	0.012377	0.038001	0.001572	0.022541	0.026413	0.032156	0.031589	0.020517	0.015686	0.010826	0.018464	
0.042085	0.007967	0.033146	0.012632	0.002866	0.026521	0.010393	0.041497	0.024765	0.018041	0.017816	0.045828	0.011383	0.039884	0.023411	0.013416	0.041513	0.023637	0.016504	0.016717	0.025434	0.038145	0.004288	0.015669	0.038328	0.003694	0.030998	0.015526	0.035568	0.003618	0.007348	0.002491	0.004131	0.011423	8.8e-05	0.016656	0.003867	0.002401	0.042573	0.035149	0.041368	0.022389	0.031994	0.030378	0.008013	0.020699	0.000781	0.023765	0.000602	0.012594	
0.001111	0.014278	0.033719	0.020699	0.026334	0.020728	0.026936	0.002769	0.037529	0.032931	0.012505	0.012453	0.008081	0.026082	0.019915	0.026015	0.00469	0.002396	0.018088	0.005779	0.00231	0.037214	0.011727	0.035641	0.02909	0.021276	0.016685	0.031806	0.028523	0.014472	0.005299	0.020339	0.019207	0.026223	0.032795	0.027787	0.035838	0.016597	0.027204	0.032229	0.032278	5e-05	0.00524	0.027631	0.014117	0.009985	0.032993	0.015311	0.002168	0.034927	
0.024518	0.002261	0.031661	0.023743	0.038497	0.026586	0.003174	0.005827	0.013896	0.002222	0.038324	0.027009	0.015368	0.034332	0.01227	0.014814	0.002962	0.029265	0.025341	0.036969	0.00064	0.022811	0.038653	0.030074	0.017305	0.031703	0.023582	0.019306	0.016259	0.036794	0.000985	0.004365	0.022363	0.026003	0.017753	0.01329	0.02016	0.024463	0.004927	0.029187	0.033115	0.008687	0.006286	0.031136	0.011884	0.011437	0.029614	0.015601	0.012126	0.030452	
0.023198	0.006542	0.013212	0.031501	0.018126	0.009382	0.012213	0.028317	0.024393	0.007344	0.018766	0.00369	0.028526	0.036618	0.032682	0.014058	0.03651	0.024127	0.00356	0.029472	0.000904	0.028942	0.008734	0.036429	0.01843	0.02149	0.004788	0.019226	0.015474	0.011911	0.035622	0.037036	0.023373	0.014258	0.038521	0.027912	0.004526	0.022664	0.037071	0.019314	0.032432	0.020312	0.032827	0.003929	0.023766	0.017234	0.023067	0.010358	0.004632	0.002581	
0.00439	0.033788	0.010275	0.007938	0.017846	0.007829	0.038577	0.017705	0.007749	0.02263	0.028321	0.002045	0.01919	0.038601	0.035056	0.022606	0.036885	0.035573	0.005935	0.016677	0.039053	0.025686	0.020498	0.032187	0.025852	0.036534	0.005874	0.001086	0.018555	0.019002	0.026039	0.026354	0.019684	0.024703	0.005322	0.025417	0.016789	0.022466	0.018736	0.019906	0.031682	0.031133	0.007469	0.00415	0.002262	0.022577	0.010956	0.030743	0.014107	0.005562	
0.031834	0.024879	0.021789	0.016636	0.029334	0.018439	0.011089	0.035794	0.029479	0.013643	0.00624	0.025899	0.033337	0.003904	0.033927	0.027413	0.004074	0.010807	0.036455	0.036153	0.005546	0.036503	0.018006	0.021057	0.005685	0.015729	0.002368	0.018478	0.033134	0.002843	0.024616	0.022087	0.023733	0.011956	0.011123	0.005522	0.036464	0.027109	0.011858	0.014945	0.036581	0.003998	0.00017	0.00895	0.006767	0.035737	0.011225	0.038579	0.027868	0.030238	
0.034948	0.004133	0.017121	0.00044	0.022939	0.008316	0.004901	0.004367	0.040107	0.02639	0.002449	0.036811	0.004654	0.005018	0.028589	0.008902	0.002741	0.015903	0.035763	0.002186	0.037764	0.035558	0.034851	0.031539	0.017668	0.010809	0.006343	0.006481	0.009994	0.032227	0.028853	0.018916	0.033295	0.036886	0.031048	0.018786	0.031385	0.022581	0.00377	0.007443	0.00714	0.016828	0.032998	0.0408	0.030526	0.013214	0.008207	0.016715	0.037235	0.033462	
0.000607	0.02491	0.004852	0.040729	0.003132	0.017916	0.029354	0.02561	0.017249	0.011785	0.038116	0.004514	0.035585	0.014347	0.029148	0.000903	0.003677	0.038605	0.005604	0.029976	0.032658	0.000138	0.013362	0.041088	0.00843	0.02547	0.003904	0.017023	0.034281	0.029622	0.027374	0.002755	0.029378	0.004204	0.025129	0.024711	0.026096	0.014523	0.010384	0.007676	0.030662	0.028498	0.0283	0.037656	0.03843	0.031851	0.029202	0.007711	0.008922	0.003943	
0.013709	0.017714	0.027449	0.020028	0.014566	0.011039	0.037973	0.035533	0.025272	0.019772	0.028924	0.033578	0.018863	0.037002	0.002502	0.033751	0.004055	0.029572	0.035576	0.019457	0.00171	0.021244	0.030233	0.028307	0.019866	0.039176	0.016625	0.013646	7.3e-05	0.02014	0.03195	0.003509	0.030237	0.030968	0.018241	0.005225	0.026254	0.017482	0.023144	0.005441	0.030887	0.00314	0.011106	0.016777	0.009733	0.004584	0.001612	0.016747	0.038624	0.016984	
0.019623	0.040482	0.028199	0.010312	0.029307	0.002216	0.003608	0.02132	0.03455	0.015108	0.006908	0.00599	0.000997	0.035794	0.037243	0.000703	0.007236	0.002073	0.031829	0.014828	0.029747	0.021347	0.007676	0.006145	0.000571	0.013467	0.011572	0.013557	0.029404	0.019785	0.02262	0.032653	0.039152	0.014901	0.030309	0.037271	0.012322	0.040078	0.003738	0.027092	0.021797	0.028538	0.033224	0.038645	0.02186	0.035555	0.017371	0.006629	0.025366	0.009282	
0.002119	0.033417	0.034725	0.013757	0.027768	0.009146	0.037945	0.016947	0.035274	0.021521	0.021529	0.010136	0.019145	0.004653	0.007926	0.014892	0.016998	0.022002	0.021225	0.012931	0.015823	0.002272	0.028088	0.005872	0.02804	0.016222	0.028585	0.026212	0.0119	0.013179	0.015968	0.020542	0.032703	0.008673	0.01526	0.020645	0.007426	0.030386	0.032345	0.024065	0.01731	0.036326	0.031499	0.027226	0.024705	0.003285	0.02513	0.030785	0.011877	0.023595	
0.002951	0.005867	0.000668	0.036536	0.002875	0.034846	0.00923	0.003902	0.038563	0.01366	0.00805	0.00179	0.010989	0.032406	0.015106	0.006584	0.037119	0.001325	0.028469	0.021306	0.015384	0.039561	0.016501	0.031075	0.013797	0.037504	0.022209	0.017053	0.000557	0.036273	0.036585	0.005067	0.031141	0.027576	0.025585	0.019765	0.029038	0.000448	0.028954	0.012373	0.035058	0.001905	0.022461	0.03302	0.015286	0.033298	0.014893	0.023746	0.036424	0.025221	
0.025527	0.026683	0.014406	0.01291	0.015688	0.001326	0.033089	0.041504	0.024103	0.032191	0.038591	0.011254	0.007034	0.00227	0.016591	0.011309	0.027036	0.01717	0.012932	0.012264	0.041297	0.040108	0.00789	0.020077	0.030815	0.012498	0.020719	0.004959	0.021035	0.038183	0.008472	0.005368	0.039754	0.039771	0.037604	0.038757	0.029779	0.029372	0.01916	0.001171	0.000426	0.024796	0.00478	0.021383	0.000629	0.012012	0.010601	0.025094	0.015471	0.014141	
0.002249	0.012183	0.025353	0.010669	0.035877	0.018636	0.003397	0.015089	0.028312	0.007522	0.025811	0.008111	0.02442	0.000704	0.007552	0.027424	0.010844	0.019913	0.026374	0.030442	0.013818	0.020574	0.022923	0.033408	0.035308	0.027126	0.005931	0.007603	0.031716	0.015381	0.037223	0.034058	0.012477	0.01958	0.003616	0.022556	0.035336	0.006483	0.038797	0.035858	0.01868	0.015314	0.012149	0.015739	0.029195	0.027503	0.010318	0.017743	0.018033	0.034672	
0.019891	0.002605	0.032636	0.024685	0.015063	0.029987	0.040934	0.025442	0.006425	0.012489	0.015796	0.01746	0.018305	0.014996	0.016786	0.034655	0.026855	0.004441	0.018888	0.029364	0.020793	0.000289	0.043734	0.004921	0.024385	0.025948	0.013671	0.032966	0.043762	0.039558	0.03155	0.026361	0.004942	0.020533	0.037922	0.000749	0.001075	0.039445	0.000358	0.021205	0.009439	0.011582	0.042592	0.009404	0.020595	0.00501	0.01073	0.022259	0.008274	0.018245	
0.030995	0.013581	0.007889	0.006971	0.030517	0.019243	0.025167	0.014198	0.039107	0.019059	0.012338	0.013815	0.029084	0.020019	0.028655	0.008498	0.026479	0.043238	0.021602	0.029295	0.032329	0.00014	0.022774	0.013811	0.003871	0.00044	0.025599	0.019602	0.034578	0.015941	0.026199	0.021774	0.033282	0.005943	0.002142	0.036795	0.016282	0.012828	0.001734	0.03472	0.036789	0.002808	0.028979	0.018133	0.02228	0.004249	0.024825	0.000772	0.033201	0.02743	
0.033594	0.024268	0.037252	0.006091	0.002561	0.014318	0.013991	0.00018	0.036912	0.013648	0.032138	0.012332	0.024443	0.002828	0.037856	0.009025	0.013379	0.01331	0.01887	0.000371	0.041415	0.011237	0.002575	0.012062	0.04301	0.013765	0.031737	0.039167	0.020348	0.038057	0.010509	0.031458	0.008664	0.013375	0.015855	0.027683	0.01687	0.007064	0.021663	0.015675	0.040109	0.038011	0.038018	0.020239	0.003312	0.021903	0.009396	0.040092	0.015509	0.003855	
0.001096	0.033665	0.022754	0.025305	0.019639	0.028685	0.006669	0.027027	0.038532	0.026544	0.004631	0.035816	0.017533	0.018598	0.010854	0.038122	0.036279	0.00434	0.02799	0.034479	0.018576	0.008598	0.03599	0.026151	0.037423	0.000167	0.007055	0.014239	0.029063	0.011311	0.003677	0.002179	0.008307	0.011422	0.003098	0.01816	0.0326	0.005413	0.022874	0.025473	0.01674	0.006299	0.0318	0.003351	0.027625	0.020654	0.025413	0.015431	0.033639	0.038714	
0.019327	0.012343	0.036876	0.009812	0.01266	0.008091	0.026911	0.01662	0.014462	0.009867	0.003334	0.034442	0.01847	0.026491	0.02962	0.004469	0.017388	0.032638	0.013693	0.016264	0.01024	0.013309	0.004486	0.021672	0.019699	0.031713	0.024784	0.005857	0.030912	0.031187	0.011051	0.031901	0.010806	0.028637	0.022157	0.011521	0.030192	0.026579	0.008113	0.010571	0.011391	0.01786	0.033742	0.036094	0.02286	0.006194	0.028071	0.033377	0.037599	0.023647	
0.036048	0.018473	0.003651	0.019352	0.001737	0.034358	0.024308	0.024291	0.020525	0.007939	0.034677	0.002841	0.020254	0.034448	0.026465	0.03606	0.024404	0.036029	0.006899	0.014248	0.000637	0.005777	0.035266	0.001989	0.028208	0.022437	0.037957	0.009237	0.03478	0.00648	0.036385	0.015135	0.032178	0.000461	0.009193	0.033585	0.000205	0.030198	7.4e-05	0.016403	0.013318	0.007826	0.018169	0.028506	0.025085	0.036884	0.025009	0.018132	0.03406	0.009419	
0.014052	0.028273	0.015955	0.037291	0.001953	0.013885	0.001773	0.002906	0.001684	0.01292	0.034137	0.032283	0.031458	0.041096	0.027686	0.007141	0.007233	0.039197	0.020874	0.020015	0.011206	0.006527	0.002106	0.030714	0.034742	0.000849	0.038668	0.024089	0.026069	0.022743	0.011235	0.040899	0.040822	0.007024	0.009382	0.01762	0.001354	0.004943	0.027967	0.000295	0.022244	0.009507	0.021827	0.041125	0.009296	0.01539	0.034985	0.033096	0.026578	0.034886	
0.034074	0.032711	0.020474	0.002624	0.023355	0.011749	0.015626	0.035781	0.034258	0.038504	0.01267	0.041335	0.034361	0.013118	0.000309	0.02821	0.008174	0.024612	0.005969	0.026277	0.036036	0.005993	0.013368	0.024755	0.024591	0.02368	0.019763	0.038073	0.010557	0.013164	0.035449	0.001843	0.00656	0.03905	0.006987	0.022178	0.003014	0.01182	0.002038	0.005516	0.031056	0.002285	0.030259	0.031851	0.014646	0.014635	0.033059	0.0148	0.005972	0.032811	
0.032561	0.014298	0.004147	0.023526	0.008736	0.000163	0.029545	0.032304	0.006436	0.029577	0.035074	0.030676	0.035368	0.035812	0.030339	0.033427	0.035337	0.014477	0.006155	0.013991	0.025569	0.002684	0.021569	0.019745	0.001271	0.024954	0.031396	0.000988	0.006413	0.011718	0.012199	0.034107	0.033418	0.027763	0.024326	0.021204	0.013069	0.004218	0.01139	0.030487	0.033464	0.006808	0.016764	0.008602	0.025966	0.011166	0.029259	0.017021	0.01983	0.020683	
0.011244	0.013219	0.02616	0.012725	0.023724	0.035506	0.037606	0.026742	0.032679	0.014295	0.019665	0.013508	0.037022	0.002877	0.005314	0.02975	0.016117	0.001177	0.011841	0.023489	0.013122	0.025184	0.007009	0.003586	0.003241	0.016724	0.03022	0.037973	0.024626	0.014501	0.008064	0.027182	0.001208	0.036885	0.021804	0.017082	0.039953	0.019762	0.028891	0.022081	0.00651	0.037793	0.010249	0.003273	0.023164	0.026092	0.026229	0.029953	0.023771	0.019208	
0.016632	0.024806	0.017948	0.038522	0.033633	0.019684	0.029931	0.015989	0.02434	0.002912	0.023452	0.032087	0.029849	0.024895	0.00893	0.037375	0.020771	0.016836	0.003686	0.000556	0.030869	0.017264	0.035405	0.028031	0.011553	0.02384	0.032364	0.001655	0.019457	0.003393	0.019181	0.009894	0.02115	0.006588	0.029781	0.005473	0.027401	0.005303	0.01347	0.01871	0.021398	0.019873	0.033652	0.012285	0.005682	0.028129	0.000552	0.038574	0.03134	0.024899	
0.006305	0.034698	0.014186	0.007285	0.022366	0.032595	0.025604	0.023723	0.012727	0.003013	0.02986	0.014489	0.014587	0.035717	0.017907	0.008469	0.011306	0.032499	0.005187	0.011448	0.029293	0.006532	0.006276	0.015224	0.012374	0.037511	0.027198	0.037628	0.016648	0.037296	0.031074	0.019642	0.023795	0.035622	0.03862	0.02198	0.0234	0.016015	0.007106	0.029627	0.023262	0.036017	0.013946	0.020525	0.03703	0.016524	0.007285	0.001315	0.001878	0.005386	
0.011874	0.007949	0.037253	0.029904	0.020462	0.006988	0.031506	0.018272	0.033491	0.035326	0.005638	0.026641	0.008384	0.009673	0.019512	0.035295	0.024079	0.027954	0.016742	0.004308	0.027372	0.000278	0.010438	0.018725	0.014408	0.036186	0.027987	0.032977	0.032552	0.017661	0.029521	0.019636	0.011501	0.019867	0.014718	0.008285	0.035309	0.021983	0.008653	0.011427	0.03828	0.004027	0.007394	0.009088	0.033565	0.005239	0.025921	0.013453	0.027037	0.025261	
0.003956	0.0261	0.016693	0.024004	0.006355	0.027499	0.034564	0.029339	0.025039	0.031099	0.026802	0.024305	0.01443	0.016742	0.023796	0.01113	0.015743	0.001544	0.01761	0.023242	0.007607	0.00613	0.03528	0.038003	0.013998	0.023992	0.013634	0.021708	0.02547	0.005421	0.007684	0.019232	0.025507	0.011387	0.008908	0.037874	0.031805	0.02602	0.008368	0.029567	0.017439	0.017293	0.037424	0.004734	0.034871	0.002487	0.031081	0.004154	0.032417	0.020513	
0.040155	0.026337	0.033367	0.025661	0.015722	0.011664	0.0292	0.012536	0.007104	0.006318	0.020585	0.029356	0.006817	0.022691	0.007946	0.016543	0.030929	0.009685	0.036675	0.032576	0.025634	0.012884	0.009355	0.027949	0.039299	0.017683	0.008797	0.019255	0.023759	0.009722	0.036162	0.039036	0.009393	0.005804	0.000355	0.002716	0.027864	0.006933	0.020382	0.032855	0.002776	0.003714	0.006173	0.025333	0.03631	0.044143	0.000736	0.038061	0.029987	0.015063	
0.001693	0.018272	0.016611	0.022037	0.005802	0.031845	0.020474	0.006787	0.004986	0.023988	0.014595	0.030216	0.040853	0.003941	0.019465	0.039495	0.002646	0.006594	0.000328	0.040387	0.033995	0.000861	0.023346	0.022709	0.0382	0.015335	0.031634	0.015886	0.032133	0.029009	0.023915	0.008088	0.002828	0.000253	0.030742	0.033735	0.038756	0.012772	0.008946	0.02257	0.008479	0.000183	0.030955	0.02507	0.03936	0.032567	0.006552	0.0352	0.039855	0.005051	
0.007832	0.01969	0.001673	0.034507	0.016367	0.01995	0.018708	0.018604	0.018454	0.026413	0.00311	0.025352	0.033501	0.013588	0.023125	0.034824	0.009244	0.034177	0.008765	0.001626	0.001547	0.027147	0.032907	0.014127	0.035176	0.028529	0.015199	0.032526	0.029613	0.021598	0.020102	0.032111	0.033031	0.010444	0.015668	0.03141	0.014085	0.015999	0.021701	0.028266	0.030918	0.002508	0.025679	0.004268	0.008438	0.011327	0.015665	0.020596	0.033795	0.01611	
0.008357	0.027946	0.025093	0.029642	0.032711	0.013033	0.018551	0.010721	0.017451	0.001445	0.034314	0.003438	0.016768	0.013612	0.020512	0.004278	0.00744	0.03493	0.005508	0.009691	0.033254	0.008505	0.019003	0.032219	0.014897	0.023753	0.024828	0.034216	0.017214	0.001786	0.036503	0.021219	0.015218	0.036675	0.017996	0.025999	0.002743	0.022127	0.029842	0.000302	0.011358	0.033888	0.012178	0.033762	0.022349	0.035954	0.025758	0.033843	0.020153	0.017017	
0.010954	0.013468	0.04512	0.034986	0.008291	0.011235	0.015264	0.000395	0.020253	0.024091	0.021669	0.022559	0.032445	0.005108	0.02276	0.038388	0.024342	0.040789	0.013174	0.002323	0.043125	0.02343	0.014504	0.040604	0.032912	0.013277	0.002912	0.015511	0.010355	0.007786	0.024104	0.013846	0.01035	0.030859	0.034342	0.004772	0.016138	0.012957	0.040728	0.029567	0.000138	0.033352	0.023917	0.018746	0.034087	0.017374	0.023813	0.003517	0.013038	0.002325	
0.00111	0.029714	0.016553	0.025808	0.018715	0.009527	0.036087	0.045595	0.034362	0.047749	0.038733	0.018341	0.046872	0.014405	0.003394	0.024962	0.007027	0.003911	0.00128	0.02044	0.009346	0.028672	0.023014	0.002804	0.003321	0.043768	0.011489	0.003339	0.026141	0.009985	0.042444	0.007199	0.015039	0.022777	0.006014	0.047232	0.004266	0.023151	0.001518	0.004581	0.011539	0.046755	0.008723	0.015394	0.003253	0.017455	0.039505	0.026927	0.011008	0.038756	
0.005098	0.013257	0.001283	0.03498	0.034543	0.005712	0.01594	0.018588	0.017416	0.006696	0.010055	0.003132	0.026439	0.033967	0.012343	0.013786	0.017182	0.032972	0.013333	0.019102	0.014736	0.034506	0.037123	0.032437	0.013881	0.019914	0.036454	0.002114	0.03004	0.005836	0.014154	0.02566	0.036053	0.031847	0.02995	0.030497	0.009234	0.006112	0.0096	0.014432	0.035871	0.023556	0.020652	0.010556	0.035278	0.007893	0.037085	0.015342	0.011882	0.031481	
0.020587	0.003403	0.006351	0.032126	0.020008	0.039937	0.002722	0.039556	0.015598	0.019059	0.039118	0.028054	0.014836	0.021798	0.005759	0.020875	0.019983	0.005326	0.004802	0.046156	0.012233	0.030161	0.012316	0.035073	0.005856	0.009037	0.021098	0.020061	0.027608	0.006631	0.030676	0.019876	0.034753	0.037053	0.000709	0.002181	0.003546	0.038609	0.014923	0.000847	0.033024	0.037922	0.013152	0.017102	0.043752	0.017943	0.011133	0.04378	0.006165	0.006726	
0.026399	0.002952	0.003527	0.01902	0.032219	0.011863	0.02529	0.031279	0.007742	0.007989	0.021067	0.021521	0.014515	0.018098	0.005587	0.015945	0.039097	0.009458	0.015031	0.000872	0.015632	0.037815	0.002041	0.024448	0.009264	0.005656	0.038654	0.031961	0.037351	0.005836	0.012807	0.027249	0.011763	0.0271	0.020118	0.025493	0.017988	0.030269	0.025054	0.032701	0.023458	0.031858	0.020523	0.036032	0.000317	0.039365	0.023019	0.016125	0.021132	0.0195	
0.021514	0.032689	0.028375	0.016723	0.013829	0.025135	0.022631	0.023621	0.027209	0.020404	0.027483	0.007948	0.015967	0.014534	0.014626	0.025902	0.034245	0.012761	0.03133	0.035274	0.015236	0.013871	0.005642	0.014937	0.021539	0.011309	0.02818	0.02129	0.023898	0.035902	0.006014	0.017926	0.032917	0.017175	0.001646	0.030175	0.006084	0.03534	0.012343	0.030392	0.033718	0.017255	0.002072	0.003768	0.032357	0.034283	0.000983	0.019827	0.012113	0.009608	
0.036261	0.026435	0.029982	0.006576	0.020755	0.038262	0.025499	0.020113	0.031412	0.005988	0.012674	0.000212	0.028537	0.023099	0.000313	0.018752	0.016049	0.006956	0.000646	0.031316	0.029653	0.018522	0.006207	0.02598	0.034508	0.01043	0.013329	0.030843	0.010509	0.021743	0.030196	0.012637	0.037853	0.025636	0.03137	0.014213	0.030086	0.001739	0.008535	0.03352	0.001371	0.030701	0.016541	0.009098	0.028117	0.001463	0.019325	0.037489	0.038055	0.010494	
0.035241	0.015765	0.007931	0.044775	0.034634	0.04406	0.034803	0.038339	0.005124	0.022404	0.044865	0.027182	0.001715	0.00171	0.023987	0.006995	0.005861	0.015277	0.019677	0.025772	0.025178	0.025192	0.024331	0.011473	0.005141	0.031072	0.012084	0.004411	0.022056	0.024359	0.027658	0.002752	0.02212	0.011865	0.000748	0.007149	0.012344	0.014504	0.03237	0.0305	0.014903	0.007811	0.014281	0.032428	0.01063	0.037889	0.014678	0.0374	0.021402	0.005154	
0.00434	0.030949	0.015412	0.034007	0.027487	0.010584	0.031596	0.02462	0.033595	0.005094	0.007828	0.021549	0.016763	0.00639	0.026194	0.018811	0.017861	0.007284	0.027821	0.008579	0.035417	0.017069	0.014427	0.004463	0.034278	0.016389	0.025726	0.018423	0.019751	0.037045	0.02539	0.007154	0.023803	0.033616	0.019534	0.012778	0.016468	0.021633	0.00488	0.029887	0.031872	0.014518	0.016143	0.002924	0.021179	0.002126	0.006945	0.036788	0.037286	0.035324	
0.015455	0.034861	0.010543	0.013934	0.005406	0.014758	0.021385	0.024881	0.017108	0.022121	0.01956	0.0165	0.0243	0.026821	0.016377	0.03229	0.010969	0.008591	0.031964	0.001409	0.027856	0.007685	0.005399	0.026442	0.028574	0.002937	0.012966	0.016797	0.033125	0.027664	0.025006	0.01423	0.025182	0.03631	0.022741	0.021804	0.032164	0.035847	0.0074	0.022097	0.030494	0.020608	0.035461	0.030003	0.015315	0.02777	0.000546	0.024114	0.003017	0.011213	
0.013707	0.003419	0.019362	0.026544	0.032885	0.032934	0.034886	0.002164	0.00968	0.018486	0.034688	0.027874	0.030177	0.014524	0.017094	0.009426	0.01037	0.026608	0.009596	0.009617	0.022214	0.024411	0.023823	0.013817	0.030274	0.015981	0.034411	0.016866	0.030917	0.023919	0.028326	0.03257	0.009318	0.022778	0.023417	0.030578	0.02871	0.002776	0.026647	0.006446	0.021714	0.015539	0.033942	0.002617	0.00325	0.02654	0.018383	0.003846	0.019283	0.022646	
0.039562	0.040784	0.017088	0.02647	0.017179	0.018972	0.028683	0.032447	0.035554	0.009402	0.03032	0.026426	0.003892	0.004403	0.03942	0.024313	0.034922	0.010614	0.000185	0.010291	0.005658	0.01831	0.007051	0.025084	0.037099	0.018176	0.006469	0.005115	0.013339	0.0279	0.012064	0.032402	0.024417	0.032236	0.028735	0.001619	0.00067	0.024232	0.019802	0.004321	0.010319	0.009572	0.014726	0.030717	0.02271	0.021039	0.022593	0.02338	0.018317	0.031001	
0.009165	0.00521	0.034521	0.027858	0.023459	0.010436	0.030084	0.015078	0.02283	0.020551	0.027036	0.024275	0.005052	0.039438	0.012904	0.029286	0.033657	0.023182	0.003475	0.003501	0.024237	0.012792	0.00797	0.036047	0.02872	0.037273	0.040849	0.001537	0.024766	0.022837	0.042866	0.025294	0.002294	0.03045	0.018196	0.034749	0.021624	0.017602	0.011261	0.002164	0.020117	0.009974	0.022622	0.013804	0.005919	0.027919	0.002616	0.001998	0.042775	0.00773	
0.003881	0.029548	0.021113	0.011916	0.02538	0.016131	0.033116	0.037469	0.003303	0.036385	0.022377	0.021929	0.016668	0.019797	0.010996	0.019005	0.029637	0.014837	0.025504	0.012775	0.000673	0.012637	0.004986	0.034125	0.025528	0.03047	0.013096	0.002921	0.025472	0.008879	0.021315	0.019306	0.018998	0.0201	0.03494	0.02697	0.00791	0.012861	0.009205	0.00169	0.032365	0.022187	0.005952	0.034375	0.01126	0.029957	0.034571	0.03477	0.013359	0.037355	
0.032607	0.002398	0.028889	0.029905	0.033769	0.031047	0.004275	0.013524	0.013496	0.009319	0.004933	0.027813	0.033895	0.022087	0.006767	0.027032	0.004419	0.029812	0.002999	0.025867	0.015229	0.035554	0.006086	0.003214	0.018076	0.032833	0.019789	0.012873	0.023796	0.01995	0.030458	0.034468	0.035574	0.000908	0.000487	0.008304	0.004863	0.0261	0.024795	0.003141	0.007925	0.018369	0.025592	0.024481	0.021383	0.034784	0.032095	0.033623	0.033166	0.027231	
0.037887	0.032894	0.005171	0.007066	0.005132	0.005701	0.036906	0.022408	0.009338	0.023709	0.000966	0.00345	0.002817	0.022228	0.035322	0.018303	0.029811	0.005692	0.026651	0.026801	0.007713	0.021388	0.023403	0.037321	0.033269	0.013196	0.032229	0.024533	0.032169	0.01446	0.035069	0.036946	0.001715	0.006513	0.037591	0.005202	0.016763	0.02279	0.009707	0.005991	0.032642	0.019753	0.01126	0.019284	0.035298	0.013814	0.004591	0.024216	0.038171	0.02475	
0.001058	0.004264	0.002155	0.023961	0.023576	0.033235	0.0007	0.018472	0.023425	0.015485	0.005304	0.01304	0.030358	0.022685	0.002546	0.026756	0.005743	0.002854	0.007473	0.02813	0.031418	0.016135	0.030592	0.025674	0.032584	0.028811	0.006336	0.014038	0.003868	0.023091	0.002346	0.030892	0.017273	0.030332	0.023585	0.018204	0.01971	0.0375	0.036082	0.034615	0.015377	0.032488	0.030276	0.018155	0.021066	0.01663	0.025681	0.037487	0.026589	0.021945	
0.016094	0.014037	0.03883	0.012726	0.028643	0.013471	0.00359	0.009103	0.01447	0.011872	0.006545	0.037017	0.008508	0.033572	0.016025	0.025557	0.001233	0.025365	0.01562	0.021124	0.040713	0.027152	0.029756	0.022077	0.01791	0.001979	0.023894	0.028562	0.002598	0.024112	0.00734	0.037585	0.001263	0.009689	0.017358	0.0077	0.008316	0.029266	0.013264	0.023279	0.002102	0.017174	0.034121	0.037081	0.033034	0.034666	0.032533	0.031647	0.017413	0.033014	
0.18