50
2
0.706281	0.425859	0.860747	0.055197	-0.757391	0.593499	0.03679	0.137865	0.118861	-0.419209	-0.483377	-0.06362	-0.660742	-0.473005	0.30772	-0.33083	-0.062364	0.220418	0.038256	-0.86692	0.919168	0.235439	0.859581	0.959347	-0.665097	-0.375963	0.03066	-0.355508	-0.317238	-0.68609	-0.130442	0.803498	-0.031818	-0.419243	-0.960852	0.091766	0.08592	-0.727337	-0.686479	0.485708	-0.076108	0.703452	-0.432624	-0.631311	0.447811	-0.058414	0.405468	0.920705	-0.740103	-0.629454	
-0.944497	-0.419784	0.989941	0.028282	0.013342	-0.078609	-0.505135	0.959695	0.005621	-0.611874	0.807139	0.29812	-0.939886	0.159209	-0.81309	-0.827535	-0.390591	0.033299	-0.32724	-0.306314	0.640553	0.308679	-0.347774	-0.94027	0.805264	0.363701	0.302744	0.494093	-0.666664	0.957879	0.822844	-0.887059	-0.174236	-0.200317	-0.144152	0.279758	0.915376	-0.436763	0.904045	-0.261776	-0.674749	0.152468	0.75422	-0.911681	-0.396513	0.561976	-0.13071	-0.822326	0.902072	0.148469	
0.046024	-0.726748	0.68764	-0.85672	-0.37639	0.268439	0.270794	-0.848237	0.226083	-0.212174	0.230584	0.853378	-0.354284	0.718106	-0.779532	-0.299505	0.055981	-0.745466	-0.071108	0.823216	0.334025	-0.012431	-0.661461	0.162176	0.61299	0.286176	0.762628	0.871608	0.146743	-0.276875	-0.484201	0.663536	-0.052623	-0.361262	-0.722065	0.831567	0.92262	0.563997	0.414236	0.412753	0.079494	-0.027921	-0.022396	0.265004	0.440893	0.029331	-0.806075	-0.013592	-0.286114	0.590279	
0.183731	-0.265874	-0.331065	0.402524	0.505822	0.332329	0.437545	-0.905158	-0.116848	-0.118272	0.955344	-0.759004	0.787004	0.713167	-0.4577	0.242884	-0.65141	0.944668	0.126329	0.902088	-0.872006	-0.217621	0.501234	0.766176	0.686999	-0.688205	0.443784	-0.542868	0.999797	0.580501	0.805637	-0.753868	0.28863	0.480932	0.023622	0.752379	-0.392187	-0.054919	0.428809	0.396429	0.353254	0.967713	-0.476628	-0.846765	-0.363447	0.066067	-0.385542	-0.531863	-0.268241	-0.049915	
-0.432428	-0.095611	-0.095993	0.430184	-0.77708	0.383278	-0.502028	0.439609	0.195723	0.361215	0.717991	-0.731163	0.896671	0.701228	0.619041	-0.627162	-0.713195	0.562225	0.617213	0.925209	-0.107559	0.442058	-0.70133	0.920445	-0.449392	-0.468807	-0.099955	-0.521935	0.521726	-0.806755	0.49652	0.996692	-0.963545	0.696601	-0.956717	-0.218069	-0.098424	-0.995449	-0.666602	0.91383	0.506983	-0.309341	0.620201	0.634777	0.628047	-0.005265	-0.283441	0.101188	-0.854457	0.115197	
0.3128	0.133446	-0.362078	0.631404	0.006917	-0.513434	0.019585	-0.682978	-0.737472	-0.517079	-0.252736	-0.176086	-0.680213	-0.200931	0.359079	0.10621	0.537534	-0.324236	0.527529	0.093253	0.377907	-0.073122	0.916051	0.767213	-0.693526	0.768141	0.720884	0.924758	-0.623472	-0.331753	0.006024	0.216387	-0.272665	-0.590491	0.77703	0.106414	-0.625529	-0.090911	0.132854	0.760412	0.719845	0.273632	-0.214113	0.389185	0.48327	0.573702	-0.348808	-0.019952	-0.95318	0.599321	
-0.12171	0.293315	-0.26051	-0.933278	0.97816	0.751512	0.767806	0.417885	-0.790089	-0.284538	0.479693	0.637968	0.020814	-0.026348	-0.00145	0.298144	0.876641	0.236956	-0.465987	-0.451422	-0.736664	0.823469	-0.244507	0.990009	0.555616	0.646067	0.123709	-2e-05	0.821245	0.071496	0.772464	0.207847	0.394131	0.249084	0.949057	0.649088	0.47001	0.736056	0.91355	-0.612507	-0.502674	0.270749	-0.533332	-0.199375	0.756956	0.35519	0.437558	0.481768	0.779991	-0.018695	
-0.450091	0.640123	-0.045179	-0.618428	0.550872	-0.264298	-0.620314	-0.849367	0.565419	-0.658419	0.53949	0.741417	0.273822	-0.696727	0.201651	0.56998	-0.114874	-0.133756	0.700364	-0.757665	0.689447	-0.204827	0.492058	-0.764552	0.21333	-0.841255	-0.367984	0.658817	-0.026966	0.160503	-0.268254	-0.816357	0.317599	0.249684	0.626614	0.350214	-0.480099	-0.12083	-0.965688	-0.083642	0.242079	0.814573	0.669334	0.458411	0.978428	0.598212	-0.177661	-0.332151	0.555641	0.410096	
-0.732834	-0.09616	0.331435	0.058813	-0.045739	-0.292638	0.290331	-0.628242	-0.157319	0.84697	-0.235994	0.418348	-0.382774	0.236247	0.177403	-0.665314	0.921933	0.849427	-0.599876	-0.656644	-0.101781	0.524979	0.73659	-0.707452	0.113245	0.333831	-0.520516	-0.096121	0.518883	-0.067521	0.467226	-0.643418	-0.759173	-0.228029	-0.459	-0.817932	0.879157	0.522216	-0.057439	-0.709884	0.264097	-0.82098	-0.612418	0.513186	0.460046	-0.658959	-0.211051	-0.496468	-0.1245	-0.732811	
-0.737732	-0.497234	-0.037605	-0.931696	0.307371	0.385848	0.456768	0.958106	0.640654	0.618671	0.288789	0.28601	0.930346	0.946824	-0.973228	0.587324	0.339547	0.248293	0.003844	-0.853582	-0.412631	0.229943	-0.149035	0.504956	0.167951	0.017323	-0.600608	-0.815637	-0.827443	0.612295	0.209913	0.481884	0.405761	0.221849	0.464546	0.152013	0.6904	-0.396355	0.462311	-0.252934	0.08914	0.708845	-0.43429	0.251403	0.582406	0.363278	0.648948	0.551992	-0.141797	0.306135	
-0.628662	0.831377	0.245431	0.423595	0.861891	0.066303	0.228891	0.369325	0.664147	0.32379	0.223483	-0.962012	0.927413	0.573305	0.503847	-0.976971	0.610048	0.551102	0.918092	0.150603	-0.19393	0.036351	0.361273	-0.960385	0.546166	-0.223102	-0.937223	0.551312	0.199507	0.118029	0.296325	0.06219	0.082117	-0.438402	0.270067	-0.919807	-0.285353	-0.367285	-0.337301	0.504709	0.762703	0.084617	0.203407	-0.605349	0.051907	0.793153	-0.215826	0.643585	-0.440766	-0.788715	
-0.298566	0.394537	0.893514	-0.906347	-0.522828	0.571944	0.552449	0.453121	-0.443699	-0.2049	-0.394219	-0.042986	-0.521519	0.208182	0.420721	-0.533731	-0.401975	0.789953	-0.63382	0.729306	0.299009	0.814458	-0.394607	-0.939754	0.561359	0.24087	0.678098	0.585633	0.606394	0.633307	0.994158	0.126557	-0.502477	-0.126143	-0.552193	0.423323	0.479975	0.939724	0.203342	-0.405838	-0.210436	0.499575	-0.910453	0.960787	0.770406	0.529593	-0.694456	0.138357	0.810492	-0.192981	
0.779385	0.203902	-0.569466	-0.667612	0.53143	0.867769	-0.605349	-0.994083	0.442045	0.518822	0.637984	-0.455331	0.230453	0.036018	0.426722	-0.223108	0.458002	0.767332	-0.312609	-0.499008	-0.49988	-0.69516	-0.587901	0.784715	-0.105217	-0.93185	0.297767	-0.269427	0.462891	-0.155093	0.300181	-0.730917	0.975944	-0.833738	0.961233	-0.693806	0.250592	-0.299776	0.155545	0.072179	-0.784658	-0.41859	0.88304	-0.4129	0.140968	-0.251116	-0.930596	-0.527427	0.143344	-0.909675	
0.061474	-0.002026	-0.224936	0.366224	-0.286461	-0.693804	0.303384	-0.896114	0.772337	-0.315165	-0.170621	-0.333856	0.904074	0.062658	0.524005	-0.158862	0.330265	-0.728786	0.69343	-0.564099	0.400733	0.495891	0.64567	0.089165	-0.273206	-0.224198	-0.947662	0.546823	-0.4328	-0.784296	0.220819	0.948486	-0.785763	-0.702333	-0.652611	-0.010959	-0.215368	-0.613593	-0.022056	-0.2614	0.736862	-0.260193	-0.790027	-0.447263	-0.282292	-0.61919	-0.937445	-0.836744	-0.115973	0.618135	
-0.689789	-0.169152	0.08751	-0.072169	-0.779913	0.516048	0.357591	-0.543638	0.110267	-0.866332	0.736522	-0.009548	0.266205	0.289641	0.39516	-0.922901	0.825691	-0.344016	0.315018	0.797187	-0.827886	-0.066331	0.493155	0.571562	-0.079453	-0.109271	-0.181962	0.737656	0.475238	-0.289086	-0.994445	0.058927	-0.861495	-0.312056	-0.768007	0.51309	-0.706019	0.166345	0.050693	-0.863415	0.284209	-0.29733	-0.741722	0.485432	-0.903168	-0.178325	-0.194206	0.435698	-0.046575	-0.609546	
-0.565425	-0.467737	-0.013313	-0.291721	0.422486	-0.208536	-0.666345	0.868306	-0.358153	0.803216	0.041279	-0.623969	0.628913	-0.631867	-0.295004	-0.41229	0.071014	0.656917	0.274504	0.03676	0.290762	0.444177	-0.652598	-0.86258	-0.870713	-0.2365	-0.778721	0.920877	-0.259453	0.591732	0.183648	0.324685	-0.636434	-0.566331	0.183919	-0.720619	0.105398	-0.868395	-0.433028	-0.370464	-0.343609	-0.022379	-0.18582	0.509465	0.909442	-0.118029	-0.0726	0.770593	0.568987	-0.579272	
-0.873857	0.506028	-0.852142	-0.381613	-0.936755	0.468008	0.778744	-0.332467	-0.37297	0.514392	-0.87252	0.224878	0.698293	0.365083	0.224326	-0.836195	-0.410024	0.191566	-0.254355	-0.015957	0.873181	0.290693	0.837178	0.656142	-0.16442	0.928191	0.26736	-0.841532	0.498394	-0.317872	0.848346	0.54817	-0.660828	-0.317096	0.821669	0.017372	-0.340725	-0.568246	0.815272	-0.44853	-0.358838	-0.433288	-0.215637	-0.648973	-0.382896	0.349332	-0.178657	0.326708	0.397621	0.790486	
-0.795985	0.021964	-0.509234	0.74599	0.397666	-0.685438	0.720117	0.010044	0.135938	0.66254	-0.681723	-0.399592	-0.434736	-0.491573	0.70909	0.120715	-0.500279	0.47651	-0.045024	0.529358	0.080554	-0.072837	0.785192	0.490758	0.111094	-0.378535	-0.185204	0.137338	-0.610431	0.952187	0.854023	-0.25966	0.400615	0.086015	0.568151	-0.740984	-0.461133	0.415295	0.30965	0.79281	0.752515	-0.992573	-0.144056	0.476142	-0.227125	-0.025844	0.194427	0.437145	0.943545	0.514912	
-0.257303	0.327809	0.42422	-0.878842	0.178501	0.950767	-0.826496	-0.572891	0.836398	-0.466713	0.487167	-0.808749	0.143466	-0.527695	0.777409	-0.322184	-0.057987	-0.265507	0.033363	0.6298	-0.342268	-0.326782	0.194667	0.637902	0.776303	0.428142	-0.065285	0.647648	0.891273	-0.359559	0.457331	-0.4148	-0.314128	-0.634811	0.987475	-0.949775	0.778728	0.50599	0.476377	0.124985	0.41948	-0.990522	0.870915	-0.507358	0.879315	0.67366	0.923373	-0.323745	0.17383	-0.488918	
-0.614758	-0.009052	0.093528	0.42183	0.906035	0.750609	0.120854	0.314165	0.249679	0.063328	-0.383589	-0.234545	0.782186	-0.585099	0.111669	0.598386	0.795998	0.462304	0.993334	-0.886368	0.588814	-0.934851	-0.264748	-0.274624	0.524463	0.262737	-0.021813	-0.167228	-0.457009	0.027549	-0.261711	0.13536	-0.589057	0.330063	-0.348848	-0.672395	0.889641	-0.685996	0.69985	-0.270403	-0.14937	-0.777513	0.00699	-0.381946	0.409479	-0.533075	-0.096958	-0.487501	-0.583883	-0.777447	
0.277912	-0.132715	-0.819503	-0.22716	-0.259298	-0.39013	-0.216538	-0.509007	0.708007	-0.911941	-0.163816	-0.823195	0.00181	0.882972	-0.394666	0.741699	0.507219	0.30836	0.224742	0.785023	-0.207463	0.911266	-0.440775	0.292262	-0.70916	0.685161	0.597063	-0.896204	-0.027432	-0.614526	-0.808999	0.601979	-0.477289	0.541657	0.2559	0.377248	0.860741	-0.344229	0.066404	-0.21573	-0.368212	0.098936	0.099607	-0.345414	-0.158128	0.701157	-0.383676	-0.667673	0.422075	-0.508273	
-0.030723	0.493059	-0.874364	0.792191	0.844951	0.403004	0.592152	-0.935802	0.578845	0.457612	-0.507254	-0.750245	0.564403	0.702513	0.946826	-0.189575	0.259567	0.227258	-0.839588	-0.017419	-0.482892	-0.255629	-0.953252	-0.034233	-0.00901	-0.403029	0.671333	-0.233663	0.936081	0.842815	-0.202584	-0.244095	0.033076	0.348337	-0.75385	-0.098095	-0.023307	-0.772558	0.254992	-0.015348	0.486764	-0.273204	-0.091718	0.93406	-0.203635	-0.758461	0.734869	0.783845	0.96061	-0.870322	
0.279493	0.446268	0.420417	-0.420519	-0.778566	0.493034	0.36927	0.845898	0.448541	-0.270939	-0.114418	0.930472	0.116177	0.212185	0.350577	-0.832782	-0.977416	-0.830129	-0.08782	0.108768	-0.232147	0.194512	0.86626	-0.540155	-0.794348	-0.028001	-0.338332	-0.073648	-0.872751	-0.852236	0.950856	0.714945	-0.579418	-0.311445	-0.839425	-0.92036	0.253006	-0.768723	-0.004926	0.05756	-0.567056	0.195572	-0.11282	0.935478	-0.699337	-0.389645	-0.006601	-0.282006	-0.674695	0.517343	
0.235247	0.602844	0.25122	0.484753	0.446991	0.889637	-0.402193	0.030731	0.36918	-0.925978	0.185664	0.000492	-0.475437	0.343141	0.421369	-0.130348	0.086163	0.749259	0.830671	-0.907748	-0.355893	-0.565156	-0.159909	-0.645107	-0.186523	0.567497	-0.134267	0.204227	-0.469642	0.065967	0.832676	-0.384532	-0.09341	-0.371778	0.13466	0.894395	0.013795	0.549985	-0.735931	-0.653181	0.041154	0.678844	0.109277	0.845807	-0.784595	0.554649	0.222947	-0.022518	0.874726	0.961906	
-0.115074	0.629899	0.853283	0.106727	0.721608	0.787099	0.72465	-0.993074	0.261891	0.848628	-0.643255	0.606446	-0.776066	-0.875122	0.419463	0.684904	-0.664217	-0.681036	0.939063	0.057551	0.915426	0.687051	0.477374	0.744061	0.303373	-0.607812	0.036911	0.171622	-0.348497	0.464569	-0.236281	0.16729	-0.164374	-0.230175	0.635866	-0.785192	0.937726	-0.603441	-0.409073	0.94522	0.389169	-0.173225	-0.424979	-0.383289	0.019818	-0.873649	-0.047905	0.343421	0.065295	0.43944	
0.069293	0.36606	0.378231	-0.264962	-0.320078	-0.07721	-0.540027	0.390317	-0.329792	-0.599909	-0.744367	0.519918	-0.957548	-0.452472	-0.228661	0.349081	-0.14785	0.040887	0.06221	-0.236067	0.687563	-0.687318	0.133025	0.96309	0.947767	-0.561397	-0.505855	0.809699	-0.560305	0.132048	0.189096	-0.302152	0.27337	0.877005	-0.934909	0.470136	-0.319193	-0.379152	0.376819	0.774201	0.0557	-0.112841	-0.081709	-0.324034	-0.180582	0.807043	0.315536	0.496538	0.552983	-0.800704	
-0.188142	-0.416372	0.450429	0.965448	0.83298	-0.313595	0.60813	0.493862	0.901205	-0.129034	-0.897064	0.099217	0.413996	-0.128574	0.370726	-0.047152	-0.791953	-0.489714	-0.306903	-0.060891	-0.38304	-0.972734	-0.032792	0.219174	-0.836565	-0.9085	-0.006902	0.341593	-0.892601	0.998027	-0.217697	-0.073891	0.6742	0.848662	0.761723	0.448858	0.797385	0.9308	-0.080274	0.488485	-0.064454	-0.478792	0.262621	0.960757	-0.140068	-0.188737	0.79179	-0.814562	0.667352	-0.210451	
-0.84523	-0.890339	-0.383464	-0.870231	0.452339	-0.428213	-0.633139	0.053133	0.915806	0.805003	-0.407829	-0.917329	0.934621	0.331188	0.127968	-0.218138	-0.106213	-0.665059	-0.372041	0.976928	-0.213543	-0.431742	-0.203696	-0.341762	0.231538	-0.975345	-0.88941	0.059145	-0.459954	-0.664749	-0.218669	-0.355043	-0.374014	-0.899	-0.899128	-0.06756	-0.457108	0.615777	-0.713289	0.598374	0.744499	0.623507	-0.184671	0.069123	-0.117038	0.641131	0.984662	-0.243392	0.907808	-0.803439	
-0.559752	0.094937	0.284814	-0.151469	0.838465	0.859549	0.008357	-0.845269	0.57109	-0.277822	0.768025	0.214972	0.012497	-0.559081	-0.616647	0.741355	-0.075223	0.47598	-0.054248	-0.196505	0.148449	0.179845	-0.094334	-0.984546	-0.337712	0.532481	-0.103058	-0.236828	0.150936	-0.001622	0.81456	0.259128	0.186142	-0.562585	-0.800895	0.618999	-0.373363	-0.67853	-0.868519	0.781819	-0.779549	-0.021247	0.205496	-0.767413	0.964338	-0.629837	0.208323	-0.571388	0.141751	0.856579	
-0.931734	-0.813339	-0.362393	-0.098426	0.981816	-0.590895	-0.378406	0.921872	0.178799	-0.630354	0.160072	-0.479003	-0.071893	-0.803476	0.73337	-0.421915	0.811178	0.938899	-0.217279	0.99737	0.744501	-0.958456	-0.589051	0.475323	0.302233	-0.316454	0.737807	-0.023308	-0.382741	0.356097	-0.360866	-0.751375	0.307465	0.762727	-0.476857	0.234986	0.676644	0.500745	0.876183	-0.264534	0.462471	-0.292256	0.992417	-0.88101	-0.524643	-0.765661	-0.214888	-0.481651	-0.06975	0.419781	
0.869217	0.582259	-0.54825	-0.399466	-0.777808	0.509859	0.691959	-0.072915	-0.950521	-0.647123	0.727995	-0.374395	0.550082	0.552614	0.510187	-0.869077	-0.043154	0.630732	0.338257	0.289196	-0.681578	-0.139695	0.379961	0.844127	-0.984039	0.99451	-0.769301	-0.832804	0.595933	0.264424	-0.398253	0.143389	-0.139626	-0.761246	0.276585	-0.986478	0.846023	0.258849	-0.358286	0.82864	-0.584362	-0.389127	-0.586748	-0.871462	-0.734678	0.927756	-0.902756	-0.921619	-0.861183	0.304945	
-0.558446	-0.057453	0.811977	0.556246	-0.280415	-0.223359	0.776181	-0.696509	0.684662	0.105589	0.687553	-0.31959	0.256028	0.795184	-0.384074	0.552991	0.560016	-0.391734	-0.837022	-0.268938	0.596303	0.539396	0.164944	0.051196	0.948945	-0.840659	-0.789654	-0.325235	-0.589375	0.255381	0.493129	0.828511	-0.905456	-0.118152	0.605778	-0.331005	0.712191	0.910731	-0.009933	0.930403	-0.16436	-0.110684	-0.526251	-0.96475	-0.517786	-0.427136	-0.673367	0.664535	0.105477	0.267212	
-0.490427	0.567533	0.571159	0.621137	0.473924	0.121473	0.495837	-0.117019	0.630621	0.978807	0.901533	-0.093137	0.568622	0.35113	-0.809739	-0.060198	-0.418084	-0.651407	0.262881	0.582417	0.037581	-0.668779	-0.389387	0.540066	0.709609	0.130627	-0.981294	-0.81796	0.313507	0.315942	0.578252	0.923858	0.27997	0.4771	0.091644	0.921941	0.895292	-0.186548	-0.168682	-0.125657	0.085202	-0.407067	0.463807	0.827906	-0.825926	-0.801345	0.992139	0.053338	0.284591	-0.617778	
0.525118	0.203304	0.850702	0.196137	0.425043	0.911804	-0.685292	0.434864	-0.573621	-0.046278	-0.828164	-0.012978	0.372481	0.234674	0.894423	-0.384371	0.687324	-0.543891	0.103954	-0.473109	0.467451	0.053897	-0.493871	0.430148	0.011034	-0.510827	0.683961	0.405129	-0.282848	-0.562922	0.851199	0.152017	-0.392761	-0.660045	0.152835	0.517069	-0.954974	-0.551827	0.410579	0.271135	0.917844	0.31093	-0.523065	0.775264	0.699706	-0.890243	-0.471461	0.001152	-0.398249	0.407052	
0.877558	-0.41794	-0.743991	-0.385729	0.190948	-0.0283	-0.34787	0.012968	0.615323	0.706706	0.422127	-0.734989	-0.72858	-0.411335	-0.364573	0.221756	-0.559076	0.286083	-0.41251	0.949595	0.049779	-0.603906	-0.790112	-0.20655	-0.702072	0.70176	-0.109394	0.754599	-0.446224	0.555658	-0.864273	0.625857	0.938026	0.544624	-0.847029	0.997269	-0.900065	0.226472	0.248457	-0.872905	-0.405926	0.264247	0.426215	-0.099966	-0.980797	-0.648802	-0.537075	-0.190537	0.27398	0.564404	
0.044957	-0.810856	0.91287	0.935822	0.169407	-0.172216	0.65136	-0.197396	-0.76258	-0.4251	-0.085412	-0.973856	-0.666851	-0.319833	-0.140013	-0.449678	-0.278849	-0.26181	-0.891639	0.942646	0.739489	-0.796044	-0.50109	0.391687	0.682363	0.525053	-0.73644	-0.046269	0.93096	-0.750212	0.954131	0.993345	-0.968709	0.184253	-0.075316	0.567376	0.496809	-0.665127	-0.020535	0.424258	0.267707	0.517342	-0.204042	-0.120096	-0.791951	0.769571	0.92466	0.227742	0.330012	-0.80211	
0.29317	0.085669	0.227068	0.899845	-0.561207	-0.460982	-0.379849	0.502309	0.28161	-0.191993	0.44997	-0.834543	-0.469024	-0.981832	0.476054	0.610147	0.731093	-0.697954	-0.481654	-0.225588	-0.910117	0.101863	-0.553353	0.156684	0.607089	0.575952	-0.336318	0.245322	0.503945	0.507971	-0.16659	-0.156462	0.265939	-0.078146	-0.472595	-0.61255	0.518244	0.761257	-0.646473	-0.544424	0.746367	-0.460267	0.684331	-0.678596	-0.66723	-0.403035	-0.702605	-0.405258	0.688258	-0.605623	
0.52956	0.99481	-0.614194	-0.869343	0.689202	-0.608272	0.543556	0.33633	0.699923	-0.255999	0.01539	-0.29909	0.520357	0.861259	-0.804425	-0.790587	0.664025	-0.249038	-0.034067	-0.148134	0.210381	-0.89011	-0.083651	0.856212	0.697137	0.343132	0.473371	-0.206535	0.502107	0.933008	0.810148	0.672321	-0.28466	-0.066919	0.971313	-0.846005	0.057919	0.634111	-0.5727	0.715757	0.036933	-0.844962	0.632229	0.745228	0.781289	0.487716	-0.752418	-0.985676	-0.56376	0.807287	
0.912026	0.444495	-0.293432	0.277659	0.925615	0.026379	0.576156	0.438169	0.020794	0.267693	0.207252	0.731971	-0.024005	0.246751	0.391116	0.027077	0.832424	-0.712784	0.451504	-0.148464	-0.616932	0.334156	0.751903	-0.248097	0.384266	0.329009	0.237998	-0.926796	0.076592	0.676982	-0.639653	0.368311	-0.788138	-0.968791	-0.489226	-0.041108	0.300695	-0.184481	-0.603758	-0.42083	-0.382951	0.288743	-0.414102	-0.153625	-0.503459	0.353931	-0.840269	0.993346	0.562203	-0.16794	
-0.431563	0.779369	-0.769496	-0.926015	0.009766	-0.065012	0.953039	0.753246	0.232021	0.105525	0.559852	-0.118074	0.596541	-0.412124	0.67104	0.009156	-0.71422	-0.081613	0.675029	-0.538633	-0.90918	0.476047	0.00452	-0.119552	-0.130541	0.030142	-0.895803	-0.671592	0.640673	-0.316975	-0.074068	-0.908188	0.490629	-0.562813	-0.644071	0.610926	0.276336	0.627499	0.407326	-0.718591	-0.26845	-0.279573	0.703894	0.318069	-0.984261	-0.196365	-0.133526	0.986423	-0.947262	-0.966669	
0.450959	0.537985	-0.162401	-0.742952	0.361253	-0.494835	-0.478273	-0.467816	0.591389	0.825878	0.119397	-0.481935	-0.858054	-0.581666	0.322959	-0.966211	-0.901566	-0.176509	0.808569	0.731677	0.775106	-0.30586	-0.636756	-0.620957	0.725673	0.156944	-0.84021	0.335243	-0.712985	0.463429	0.317023	0.007759	0.968155	-0.900409	0.336478	0.083651	-0.910056	0.44339	-0.50005	-0.86498	-0.699993	0.596315	-0.187253	-0.978369	-0.104107	0.877975	0.147197	0.853885	0.934116	0.699824	
-0.113361	0.529487	-0.559256	0.76781	0.539436	-0.902663	0.208281	-0.930635	-0.89568	0.175024	0.304966	0.660169	-0.206046	0.733434	0.428787	-0.11144	0.170348	0.158499	-0.467441	-0.821372	0.068964	0.938193	0.702832	0.969072	-0.444578	0.029498	0.600362	0.710051	-0.273065	0.703726	0.702776	0.921033	-0.40897	-0.672819	0.26743	0.177354	-0.9299	0.581188	-0.522628	0.370018	-0.032023	-0.409347	-0.40645	0.399931	0.844197	-0.7524	0.375088	-0.799232	-0.309878	0.982181	
0.988305	-0.445087	-0.91162	0.3001	-0.361453	0.592121	-0.304306	-0.169592	-0.633936	0.741919	0.791271	-0.797764	-0.280236	0.202359	0.097452	0.551041	0.192221	-0.357977	0.740435	-0.140315	-0.286702	0.059322	-0.583717	-0.564914	-0.658202	-0.034225	-0.814865	0.155035	0.589987	-0.242917	0.690863	0.9789	0.00095	-0.798319	0.0897	0.663462	-0.002321	0.584384	-0.201039	0.544995	-0.709571	0.30694	0.1025	-0.466638	-0.107593	-0.852254	0.997211	-0.050788	0.72357	-0.325246	
-0.953324	-0.192063	-0.527216	-0.090756	0.368751	-0.414108	-0.147783	0.627507	-0.021996	-0.05931	-0.534428	-0.21857	-0.87135	0.60718	0.373423	-0.338818	-0.392491	0.651978	-0.450062	-0.467544	-0.084928	0.860814	-0.337642	0.778558	-0.984089	-0.403342	-0.922699	-0.299527	0.844931	-0.936879	-0.635629	-0.551129	0.411542	-0.897729	-0.491159	-0.566786	0.505073	-0.719271	0.771761	0.422022	-0.034623	0.497654	-0.94008	0.13266	-0.771505	0.428114	0.783814	-0.07125	-0.111789	-0.124182	
0.14799	0.071932	0.200025	0.231661	0.428165	0.257107	0.435109	0.379	-0.359793	-0.588208	-0.682792	-0.268761	-0.604554	-0.527457	0.864924	-0.812293	-0.087688	-0.656343	-0.643971	0.354506	-0.197988	0.667971	0.306025	0.785035	-0.889493	0.002145	-0.438265	0.070578	-0.088215	0.631553	-0.640217	0.786484	-0.630853	-0.480828	0.769926	0.531336	-0.961063	0.647017	-0.542858	-0.905348	-0.65911	-0.400085	0.90135	-0.827892	-0.124964	-0.685261	-0.624229	-0.256658	-0.446113	0.42212	
-0.12706	0.33849	-0.070063	-0.671575	0.129152	-0.772593	0.830178	-0.307839	0.555855	0.556718	0.996448	-0.799325	0.831536	0.56982	0.092037	0.444618	-0.14139	0.696284	-0.475125	-0.493779	-0.077675	0.205263	0.915697	-0.079135	-0.778967	-0.823736	-0.870866	-0.935925	0.529274	-0.904408	-0.324635	0.310092	-0.063808	0.791863	-0.269605	-0.940885	-0.147889	0.723063	-0.042374	0.706822	-0.405298	0.835766	0.634405	-0.517484	0.257071	-0.44512	-0.02779	0.546309	-0.063858	0.778615	
0.393693	-0.174783	-0.903133	0.526137	-0.012274	0.92045	0.301569	-0.839832	-0.381985	-0.614561	-0.620102	0.133928	0.270544	0.637325	-0.708671	-0.954557	0.643542	0.220891	-0.233356	0.982194	0.353908	-0.48148	0.168654	0.646977	0.671158	0.870488	-0.450898	0.909935	0.187726	-0.478481	-0.974229	-0.166671	0.321733	-0.55804	0.988849	0.991301	-0.808622	-0.459761	0.16275	-0.05494	-0.156263	0.212738	0.849932	0.067052	-0.734791	0.726707	0.744879	0.715687	-0.599787	0.353627	
0.482075	0.529943	0.862978	-0.594864	-0.568596	-0.217497	0.493933	0.124355	0.163535	-0.259278	0.803995	0.976433	0.418233	-0.595283	0.438186	-0.567533	0.13545	0.941939	0.52621	0.00173	-0.60676	-0.945303	0.899594	0.662974	0.325725	-0.944742	0.428151	-0.907191	0.964194	-0.021994	-0.678667	0.555988	0.579977	-0.75367	0.3295	0.647855	0.884539	0.149129	-0.801192	-0.320476	0.648861	-0.621144	-0.028881	0.883715	0.654825	-0.539809	0.299455	-0.275782	0.189912	0.009477	
0.075393	-0.344904	0.916317	-0.745771	-0.314409	0.099769	-0.462871	0.048976	0.416183	0.667487	-0.1823	0.264643	-0.991073	-0.588987	0.01977	0.980862	0.641293	-0.410302	0.074669	-0.664638	-0.01366	0.267358	-0.7826	-0.948071	-0.839619	0.099874	0.675275	0.635745	0.39188	-0.178863	-0.878578	0.836423	0.075428	0.392754	-0.033505	0.521436	0.957298	-0.327209	0.415101	0.28876	0.612386	-0.502274	0.302852	-0.857913	-0.776527	0.996363	-0.115582	-0.629934	0.547314	-0.224127	
0.537633	-0.113364	-0.814294	-0.476823	0.058682	-0.997047	0.49983	-0.01142	0.113685	0.415861	0.978408	-0.153052	-0.702501	0.079528	-0.023422	0.568813	0.125505	-0.245956	0.961361	0.772694	-0.430864	-0.187011	-0.852385	0.297679	-0.171963	0.47791	0.960701	-0.783383	-0.270077	0.088792	-0.800935	-0.35936	0.249825	-0.749506	-0.87542	0.538512	-0.388219	-0.385353	0.970813	-0.829269	-0.512062	0.968376	0.400567	0.35665	-0.243062	0.835213	-0.892325	-0.551167	-0.753247	-0.216358	
-0.440074	-0.886304	-0.338938	-0.037787	0.362016	-0.182185	-0.892454	-0.729433	0.168604	-0.095128	0.882795	0.948578	0.040743	-0.316074	0.781046	-0.924911	-0.758988	-0.225008	0.351773	0.398363	0.378422	0.074528	0.209196	-0.479803	-0.24336	0.658128	0.563865	-0.358657	0.399067	-0.163788	0.626436	0.719847	0.808629	0.170482	-0.793314	-0.712232	0.843051	-0.904078	-0.049106	-0.229929	-0.459877	0.600808	0.191291	-0.810573	0.698838	-0.61159	-0.26545	-0.361111	0.479404	-0.27337	
0.471161	0.508863	0.870283	0.439855	-0.004992	-0.750496	-0.875333	0.839563	0.213411	0.009044	-0.153129	-0.731721	0.793653	0.185974	0.978816	-0.130592	0.154162	-0.63543	-0.261568	-0.430193	-0.562036	0.468985	-0.145791	-0.941339	0.059461	-0.843203	0.427406	-0.2881	-0.566308	0.688685	-0.269906	0.752552	-0.343409	-0.298317	0.985906	0.313023	0.376592	0.177077	0.545235	0.340206	-0.59968	-0.722454	0.232993	-0.537617	0.459442	-0.254869	0.928896	-0.409532	-0.300957	-0.537597	
-0.529778	-0.135084	0.427248	-0.604904	-0.499079	0.725572	0.557649	-0.472597	-0.72058	-0.389384	-0.295743	-0.469606	-0.142453	0.498375	-0.176708	0.250279	-0.993922	-0.77088	0.736978	-0.83949	0.081917	0.24537	0.06271	-0.222567	0.413376	-0.839617	0.092582	0.517023	0.889491	0.752308	-0.334492	-0.02567	0.695869	0.572963	-0.303754	-0.714837	0.075136	0.329686	-0.157046	-0.573906	-0.926804	0.338868	0.840273	-0.887775	0.992072	-0.371914	-0.169986	0.305366	-0.365636	0.804807	
0.294882	-0.318719	-0.938088	0.646085	0.93364	0.830321	0.525395	0.278513	0.927337	0.917523	0.56126	-0.366231	0.916565	0.204066	0.549406	-0.907839	-0.201294	-0.831818	-0.903979	0.977144	-0.032762	0.141118	0.407805	-0.482161	0.405355	-0.399084	0.468922	-0.521459	0.178421	0.538312	-0.403066	0.351537	0.664434	0.259306	-0.179586	-0.026569	0.71485	0.060148	0.640676	0.674687	-0.483773	0.607444	-0.844028	-0.245315	-0.185291	-0.613669	-0.832247	0.579074	-0.702686	-0.274813	
-0.368629	-0.886064	-0.910135	0.107144	-0.460173	-0.209176	-0.986797	0.492649	-0.889844	0.940934	-0.838358	0.025097	-0.700603	-0.16431	-0.597942	0.466914	-0.920351	0.837894	0.801261	0.865507	-0.518429	-0.697152	-0.763757	0.376322	-0.274704	0.588744	0.31577	-0.233344	-0.404277	-0.333485	0.139954	-0.911112	-0.654247	0.986015	-0.632003	0.812937	0.530053	-0.681355	0.667858	0.082333	-0.115896	-0.50153	-0.885329	-0.689073	-0.199249	-0.740053	-0.597249	0.565314	0.697768	0.721131	
-0.296673	0.181261	-0.70087	-0.459105	-0.088394	0.120286	0.651206	-0.718637	0.705525	0.649104	-0.054401	-0.123087	0.43971	0.755218	0.755911	0.897811	-0.273029	0.174684	0.959191	0.10849	0.848684	-0.804692	-0.01619	0.915651	-0.081297	-0.611446	-0.152691	0.550241	-0.083965	0.02661	-0.999105	0.33999	-0.355014	0.661728	-0.024009	0.877112	-0.962792	0.554045	0.640579	0.273227	0.912337	-0.503428	-0.13456	-0.002436	0.098306	0.697412	0.955725	0.60257	0.382644	-0.526508	
0.006328	0.662247	-0.244213	0.116092	0.916881	-0.023012	-0.564516	-0.395903	-0.986928	-0.400774	0.894459	-0.752469	0.245247	0.356291	0.796536	-0.631259	-0.815477	-0.849757	-0.129883	-0.906193	0.139875	0.82004	-0.368003	0.802852	-0.471444	0.827724	0.470328	-0.05037	-0.14518	-0.62258	0.503306	0.447291	-0.223029	0.209268	-0.870698	0.721993	-0.698914	-0.002031	0.348182	0.60017	0.225216	-0.016748	0.820562	0.642161	-0.125014	0.268431	0.349761	-0.756251	0.711261	-0.692742	
0.320996	0.983603	-0.671192	-0.009306	-0.106496	-0.128093	-0.420158	0.773382	-0.660349	-0.707811	-0.577112	0.683297	0.043189	0.151073	-0.943321	-0.252983	-0.487957	-0.730894	0.838487	0.08288	-0.67517	0.821877	-0.873452	0.281085	0.402825	-0.792038	0.752903	0.121253	-0.907896	-0.526231	0.861696	0.440408	0.594211	0.019511	-0.790325	0.377208	-0.607545	0.924362	-0.700995	-0.123987	0.068974	-0.899245	0.513389	0.900415	-0.802041	0.459745	-0.441826	0.15225	0.069338	0.903059	
0.603145	0.343655	0.715902	0.96809	0.877988	-0.483384	-0.621295	0.29468	0.857917	-0.105714	-0.144407	-0.403366	0.002075	-0.048733	0.750341	0.364857	-0.734993	-0.2543	0.793638	-0.686586	-0.246536	0.446189	0.706765	-0.42191	0.846754	0.379038	0.790284	0.065255	0.145054	-0.295377	0.817169	-0.150085	-0.32412	-0.587693	-0.306615	-0.628799	-0.639782	-0.711733	0.920811	-0.796858	-0.838863	-0.474468	-0.939322	-0.411925	-0.755691	0.000312	-0.343078	0.396305	-0.540597	-0.759221	
0.850041	0.834594	-0.919417	0.57527	-0.487435	-0.063405	-0.321941	-0.827351	-0.46063	-0.365475	-0.589661	0.214782	-0.083683	0.181119	-0.225068	-0.252261	0.690541	-0.596021	0.556398	-0.244614	-0.400398	-0.360908	0.300543	-0.87038	0.130874	-0.939847	-0.740847	-0.998032	-0.76468	0.465877	0.050601	-0.138182	0.39212	-0.886015	-0.349792	-0.902721	0.433815	0.310671	0.42704	0.971809	0.74629	0.569842	-0.697031	-0.00597	-0.192536	-0.859174	-0.489665	0.614134	-0.22156	0.775512	
-0.072724	0.598268	-0.505213	-0.830104	0.929068	-0.29216	-0.279337	-0.646553	-0.472053	0.436081	0.429646	0.181321	-0.939294	0.074025	-0.586949	0.136782	0.023466	0.669241	0.024786	-0.342377	0.120873	0.874683	0.070724	0.957723	0.854792	-0.380305	0.423518	0.923122	-0.893769	-0.876777	0.825729	-0.670995	0.070705	0.438226	-0.818569	-0.259042	-0.46135	0.440895	0.142726	-0.313857	-0.514135	0.55633	0.111588	0.180901	-0.325797	-0.187144	-0.764581	0.502203	0.691275	-0.304023	
-0.335863	0.111634	-0.245494	0.871614	-0.822043	-0.210113	0.492435	0.756708	-0.183449	-0.178818	-0.04361	0.469119	-0.169238	-0.195873	0.751466	-0.463131	0.349476	0.481354	-0.402166	0.205842	-0.080867	-0.889823	-0.858095	0.506452	0.865533	-0.619425	0.485788	-0.61809	-0.024087	0.510619	-0.711779	-0.411993	0.453572	0.876535	-0.361253	0.42071	-0.586744	0.116533	0.885388	0.143876	0.796071	0.90211	0.734379	0.416453	-0.097417	0.791992	-0.208062	-0.505742	0.999362	0.805972	
0.833328	-0.582988	0.351144	-0.713919	0.982702	-0.41191	-0.344646	-0.902162	-0.610128	0.981473	0.022421	-0.137505	0.015112	-0.790244	-0.627275	0.031992	-0.774083	-0.806212	0.833785	-0.011383	-0.132362	-0.948965	0.141148	-0.560535	-0.694551	-0.108647	0.840769	0.282041	0.063789	-0.456228	0.349491	-0.298968	-0.544774	0.086756	-0.271532	0.740744	-0.881392	-0.501366	-0.084604	-0.610143	-0.316119	0.697315	0.293757	-0.961964	0.795402	-0.655113	0.159576	-0.605242	0.897675	0.551161	
0.788095	0.665368	0.970044	-0.058625	0.940939	0.528497	-0.052174	-0.222339	0.065394	-0.027314	-0.638713	-0.130066	0.960809	-0.594484	0.072816	0.967092	-0.13657	-0.203094	-0.024348	0.573129	-0.489677	-0.914205	-0.695228	-0.828764	0.443656	0.115741	0.342177	0.31175	-0.339539	0.277832	0.537508	-0.567493	-0.540146	-0.285137	-0.899662	0.193778	0.820549	-0.936497	0.665636	-0.449108	0.028081	-0.606664	0.460587	0.221411	0.41414	-0.15451	-0.838164	-0.354422	-0.280275	0.541448	
0.918575	0.195507	0.903093	0.117889	0.5142	-0.185626	0.111477	0.745919	0.895292	-0.33255	-0.924177	0.796447	0.870275	0.097118	-0.479726	0.294195	-0.780376	0.072809	-0.845241	0.75763	0.929928	-0.941791	-0.892357	-0.534557	-0.109835	0.833231	0.847936	-0.270077	0.49983	-0.554019	-0.376631	0.944724	-0.493761	-0.174913	0.219675	0.196935	0.427232	-0.073999	0.18371	0.609117	-0.973244	-0.869406	-0.185636	0.372916	-0.237219	-0.069955	-0.002648	0.778911	0.923908	-0.760271	
-0.773685	-0.932739	0.939725	0.848871	-0.532185	0.560947	0.47176	-0.416344	-0.988349	-0.468866	0.591998	-0.728065	0.499444	0.303625	-0.491002	-0.996272	-0.335242	-0.807585	0.91166	0.136029	0.628832	-0.824039	0.363165	-0.014065	0.996061	-0.400643	-0.597629	-0.097129	0.701847	0.020288	-0.56673	-0.588236	-0.219688	-0.956392	-0.840212	-0.125281	-0.550886	-0.575377	-0.096784	-0.49328	0.967388	-0.714931	-0.36606	0.442648	-0.597248	-0.816324	0.846486	-0.039868	0.586596	0.985784	
-0.117969	0.512312	-0.721148	0.276071	-0.137308	-0.203545	0.002436	0.982758	-0.384201	0.907018	0.871273	0.150626	0.994228	-0.739977	-0.236615	0.084405	-0.656117	0.159772	-0.160641	0.168726	0.762134	0.146442	-0.581885	0.380591	-0.285155	0.029976	0.448852	0.170459	0.020355	-0.597348	-0.802944	0.04094	0.13289	-0.653608	-0.659082	-0.455096	-0.203882	-0.850146	0.134167	-0.026805	0.431393	-0.939941	-0.234211	-0.61894	0.001	-0.805754	-0.972412	-0.336095	-0.798975	-0.452824	
0.066205	-0.950383	0.91599	-0.426822	-0.34716	-0.250222	-0.661159	-0.467896	-0.766381	-0.028217	0.311389	-0.014659	0.783351	-0.513761	0.722994	0.819935	0.630735	-0.87423	0.757307	0.49016	-0.157911	-0.581852	-0.772982	-0.58841	0.912337	-0.527059	-0.914472	-0.818772	-0.899809	-0.065805	0.763318	0.448731	-0.980109	0.101675	0.377522	-0.372242	0.395757	0.463119	-0.578424	-0.878108	-0.00515	-0.569526	0.27116	-0.31627	-0.134248	0.92322	0.367653	-0.035169	-0.011603	0.95141	
0.396756	-0.886727	0.66995	-0.387212	0.589176	-0.382139	0.020854	0.337123	-0.1496	0.141606	0.785003	-0.390053	0.028699	-0.132041	-0.510758	-0.450825	-0.292956	-0.514374	-0.283028	-0.733508	0.776783	-0.092026	-0.082281	-0.692648	0.205705	-0.581472	0.296063	-0.015859	0.386096	-0.257125	-0.542113	0.226725	0.492136	0.906497	-0.78908	0.514363	-0.925614	0.110507	-0.753108	0.29253	0.147333	-0.741095	0.998827	0.938123	0.192452	0.302865	-0.753194	-0.55298	0.441984	-0.166308	
-0.43243	-0.114942	0.525683	0.335248	-0.039343	0.398073	-0.726327	0.725772	0.694656	0.220054	0.0627	-0.919605	-0.943943	-0.154408	-0.864565	0.890613	0.965493	0.450546	-0.477366	-0.078334	0.416386	-0.331788	-0.75152	-0.310656	0.131933	-0.610612	-0.817951	-0.997096	0.288982	0.305504	0.072022	0.128276	-0.860492	-0.894745	0.68094	-0.829579	-0.353822	-0.643509	-0.863188	0.437047	0.238249	-0.412975	-0.509625	-0.277752	-0.943127	-0.26522	-0.349695	0.591529	-0.932761	-0.091276	
-0.170408	-0.190212	0.752766	-0.100053	0.36424	-0.067342	0.205257	-0.706388	0.659181	-0.744326	-0.895914	0.449957	-0.295828	0.996069	-0.97207	-0.431499	-0.603362	0.160331	-0.486822	-0.601212	-0.917535	0.135156	0.70842	-0.332751	-0.181941	-0.739203	0.306074	-0.955267	-0.427686	-0.134828	-0.581719	-0.448762	0.279333	-0.767307	-0.805656	-0.843423	0.116774	-0.352134	0.938655	0.245946	-0.395914	0.466494	0.112205	-0.423861	0.284563	0.211876	0.968948	0.95315	-0.496838	-0.361538	
0.816718	0.269383	0.972693	0.132531	0.906611	-0.65892	-0.759681	0.235232	-0.169204	0.53115	0.50574	-0.644953	-0.90791	0.500994	-0.671248	-0.359273	0.876206	0.675394	-0.06681	-0.484991	-0.281193	-0.759398	0.555889	-0.231932	-0.834591	-0.189953	0.912281	-0.92196	-0.957893	-0.431529	0.624835	-0.286891	0.98514	0.415786	0.731824	0.261764	0.281745	0.221442	-0.398581	-0.899433	0.501551	0.743553	0.81837	-0.904978	0.839131	0.872548	0.247622	0.999508	-0.796195	-0.51023	
-0.967351	0.260082	0.915497	0.675923	-0.277542	0.443383	-0.607547	0.031867	0.664456	0.162694	-0.555128	-0.417372	-0.820071	-0.223243	0.112713	-0.59245	0.327479	0.157971	-0.132753	0.34965	0.794432	0.467148	-0.112334	0.493124	0.40148	-0.511138	-0.507784	0.669758	-0.85716	-0.041207	-0.953644	-0.757514	0.588195	-0.664847	-0.016514	-0.72339	-0.705651	0.152589	0.172031	-0.934847	-0.118685	0.386851	-0.541389	-0.926496	-0.892879	0.737382	0.32707	-0.205509	-0.957483	0.919955	
0.636002	0.882858	0.336292	-0.1928	-0.167566	0.545928	0.930286	0.637932	0.777982	0.652683	-0.940661	0.139828	0.365296	0.750005	-0.012396	-0.983312	-0.328362	0.507701	-0.391238	0.942261	-0.041023	-0.690891	0.719472	-0.106015	-0.229196	-0.24852	-0.801668	-0.427408	0.787862	0.624376	-0.048333	-0.20337	0.077853	-0.865463	0.945993	0.624632	-0.431772	-0.163338	-0.766496	-0.43243	-0.373326	0.084159	0.709148	0.303355	-0.537849	-0.224128	-0.333446	-0.408845	-0.287009	0.30028	
0.888286	-0.90188	-0.50447	0.351624	0.718131	0.064994	-0.159515	0.625445	-0.534871	-0.459882	-0.921905	-0.667894	0.830437	-0.817144	-0.604465	-0.543159	0.4056	0.475093	0.419002	-0.836476	0.202532	-0.734764	-0.4736	-0.865751	-0.477586	-0.967284	0.227423	-0.511344	-0.664432	0.497137	0.531804	0.23956	0.42653	-0.311301	-0.66216	0.061556	0.17747	0.543659	0.482017	-0.406855	-0.879101	0.341647	0.677875	0.733453	0.583533	0.362279	0.270258	0.843597	-0.339185	-0.970529	
0.57827	-0.379184	0.871885	0.659164	-0.950256	0.984233	-0.770599	0.166994	0.840758	-0.632866	-0.139736	-0.677845	-0.365652	-0.78041	0.268778	0.331815	-0.69331	-0.679273	0.607723	0.734041	0.829195	-0.974864	0.691156	-0.88194	0.2507	-0.159108	-0.547249	-0.924952	0.908947	-0.722317	-0.005076	0.470367	-0.913532	-0.985124	-0.535674	0.383501	-0.182634	-0.640428	-0.607687	-0.08002	-0.316875	-0.961203	0.405593	0.133171	0.686311	-0.516665	0.153417	0.976151	-0.819702	0.766185	
-0.801145	-0.993995	-0.313487	0.929707	-0.991517	-0.050746	-0.595023	-0.147619	0.44773	-0.350828	0.477045	0.227822	0.957727	0.568593	0.488329	-0.902139	-0.011793	-0.423169	-0.866174	0.109668	0.698343	-0.509744	0.426617	-0.259594	0.883657	-0.099841	0.498707	-0.439285	0.752909	-0.352516	0.320204	-0.359817	0.110421	-0.471058	0.182076	0.667914	-0.409856	0.579686	-0.88065	0.639975	0.602212	0.688959	-0.048438	-0.311009	0.524923	-0.773239	0.084518	0.474115	-0.962797	0.110854	
0.727207	-0.972951	-0.368442	0.255742	-0.714621	-0.201804	0.161851	0.610889	-0.565663	-0.891895	-0.797859	-0.946382	-0.881049	-0.054081	-0.736023	-0.317385	-0.22789	-0.034696	-0.680594	-0.636275	0.566991	-0.499137	-0.028902	0.527718	-0.452233	0.840362	0.580419	0.576256	0.792128	0.185751	-0.683471	0.341077	0.406592	-0.879814	-0.215045	0.573086	-0.404267	-0.941855	-0.86298	0.313672	-0.605465	0.227186	-0.239896	-0.207067	0.262539	-0.944865	0.26619	0.634486	-0.040638	0.929454	
0.798361	0.784218	0.192435	0.514665	0.443259	0.790151	0.467983	-0.448157	-0.386015	0.566602	0.415257	-0.786824	0.457906	-0.136271	-0.945713	0.027328	-0.608395	-0.509206	-0.849917	0.033383	0.411275	0.413921	-0.831532	-0.499955	0.585092	0.871825	-0.895404	0.204816	0.231119	-0.597779	0.800861	0.029184	-0.069661	0.392488	0.876041	-0.610039	-0.662823	-0.570443	0.261649	-0.036548	-0.55473	-0.67939	-0.837693	-0.115289	0.484623	-0.116482	0.055508	0.088014	0.380637	0.507699	
0.879008	0.852659	-0.852216	0.055889	0.010417	-0.151853	-0.677171	-0.800138	0.092148	0.520573	0.403912	-0.840528	0.889403	0.792089	-0.964236	-0.028287	-0.673047	0.138979	0.030411	-0.280504	0.684087	0.769018	-0.851503	-0.407856	-0.954867	0.864906	0.014729	0.939544	0.578115	0.311178	0.285058	0.26065	-0.137657	-0.477542	0.19281	0.906742	-0.772332	0.291278	-0.720922	0.776873	0.957761	-0.125878	0.712136	0.687281	-0.268642	-0.862332	-0.441716	-0.748852	0.456599	-0.682822	
0.413258	0.36147	0.07097	-0.56682	0.344133	-0.506835	0.184879	-0.018461	0.633917	-0.747249	0.950434	0.307784	0.723634	-0.937236	0.751188	0.216431	0.371088	0.107945	-0.429991	0.509284	-0.139388	-0.699711	-0.358656	0.920724	-0.813229	0.394126	-0.639317	-0.375197	0.892936	-0.566418	0.337116	0.512021	-0.355668	0.022518	-0.019882	-0.93881	-0.859114	-0.900607	0.164888	-0.432041	0.908208	0.311293	-0.388774	0.366364	-0.260518	-0.716192	0.88192	-0.282781	0.112877	-0.916145	
-0.479109	0.134003	0.695716	0.895235	-0.943005	-0.199177	-0.620121	0.18086	-0.038035	-0.843942	0.103909	0.214381	0.011804	0.402004	-0.58603	0.858242	0.5045	-0.286388	-0.396517	0.885289	-0.185092	-0.550096	-0.426789	0.892934	0.605223	-0.232019	0.623054	0.043651	0.701048	-0.667442	0.186423	0.012717	-0.126423	0.529851	-0.944199	-0.825669	-0.759591	-0.813312	-0.680724	0.886612	0.937467	-0.197981	-0.84758	0.153648	-0.620569	0.834035	-0.332159	0.216795	0.346641	-0.363697	
-0.561876	-0.698129	-0.953311	0.174558	-0.983651	-0.850278	-0.361209	0.537611	-0.974668	0.508022	0.421133	0.177729	0.738307	0.207243	-0.813615	0.962051	-0.071771	0.177118	0.083656	-0.070927	0.69361	-0.21024	-0.407145	-0.168994	0.860315	-0.869009	0.45093	-0.26396	-0.075371	0.224811	0.748485	-0.47434	-0.943667	-0.7616	0.404035	0.344281	0.24268	-0.72054	-0.117455	-0.292731	0.62657	0.318656	0.288551	0.07714	-0.655498	-0.521452	0.394009	-0.880384	0.293134	-0.662313	
-0.146596	0.938573	0.148195	-0.079073	0.363925	-0.114427	0.894222	-0.007854	-0.653897	0.781003	0.414934	-0.621544	-0.241838	0.15384	0.388811	-0.154147	-0.407477	-0.771463	-0.720083	0.527888	-0.251264	0.190552	-0.910941	0.099453	0.870018	0.103094	0.304663	-0.529813	-0.097528	0.984981	0.770949	0.816916	0.741028	-0.102524	0.643483	0.655854	0.911276	-0.887918	-0.11984	-0.21093	-0.270978	0.03069	-0.642314	0.599323	-0.818048	0.065393	-0.101899	-0.730947	-0.369364	-0.785787	
0.486529	-0.735167	-0.078684	-0.981182	0.869398	-0.435093	-0.545278	0.64055	0.906333	0.667032	-0.012431	-0.983551	0.985611	-0.447714	-0.955586	0.716598	0.059133	-0.030259	0.805692	-0.206194	-0.090384	-0.551768	0.481029	0.164637	0.44559	0.91489	-0.321182	-0.7154	0.789286	-0.184513	-0.015215	0.686415	-0.879691	-0.381376	0.417496	-0.331637	0.034603	0.054568	-0.801575	0.529637	-0.532924	0.57033	-0.432172	-0.753881	-0.808202	-0.646057	-0.960735	0.328622	0.857823	0.465623	
0.818587	0.840747	0.309695	-0.099908	-0.462848	0.689355	-0.778637	-0.397703	0.691711	-0.172319	0.570214	-0.69018	0.32747	0.915927	-0.57177	-0.649573	0.554852	-0.863937	-0.327203	-0.622154	0.911145	0.518239	-0.535528	0.590399	-0.645849	0.070548	-0.311218	0.300382	0.214416	-0.928032	0.608451	-0.303597	0.388849	-0.49233	-0.250483	-0.757913	0.094505	0.787143	0.688224	-0.171138	0.275171	-0.649176	-0.643116	-0.198161	-0.05756	-0.584905	0.927977	-0.776753	0.32365	0.509251	
-0.127376	-0.295466	0.390736	-0.501265	-0.748028	0.609031	-0.308887	0.763104	-0.977524	0.193059	-0.164225	-0.464426	-0.041919	-0.730895	0.727232	-0.798224	0.682996	0.452859	0.553576	-0.775488	0.096237	0.126588	0.39748	-0.19804	-0.083699	0.63167	0.856225	-0.11769	-0.340337	-0.105211	-0.501719	0.672137	0.315325	0.863085	-0.127117	0.429835	0.10722	-0.623346	0.632202	-0.916136	0.318047	-0.458679	0.063915	0.59306	-0.45221	-0.703017	0.86604	-0.063711	-0.59715	-0.853527	
0.865405	0.964896	0.8085	0.656731	-0.287469	-0.248969	0.590157	0.701662	-0.648665	-0.43631	0.155133	0.70576	-0.695165	-0.879016	-0.27432	0.357854	0.350604	-0.855947	-0.370635	-0.940827	0.45456	-0.393675	0.078601	0.14753	0.016191	-0.164889	0.854429	0.233986	0.968292	-0.142421	0.288492	-0.846786	-0.288445	-0.540237	0.95415	0.822729	0.857822	-0.059044	0.228118	0.902	-0.174262	0.201902	-0.675546	0.360532	-0.504759	0.716211	0.494596	0.554636	-0.24303	0.826814	
0.430075	-0.255853	0.362601	0.638078	-0.070283	-0.019687	0.241939	0.077552	-0.865267	0.249209	0.121439	-0.391981	0.596326	-0.380106	-0.820818	0.006628	-0.780678	0.550809	-0.014589	-0.110773	-0.039557	0.696843	-0.427301	-0.402306	-0.275187	-0.488677	-0.827654	0.717132	0.60269	-0.519191	-0.849615	0.696263	-0.553342	0.875664	-0.494164	-0.517419	0.854429	-0.307943	-0.847764	0.653471	0.933113	-0.796234	0.982364	0.720097	-0.880223	0.402128	-0.054573	0.21432	0.969789	0.52316	
0.249367	-0.968697	-0.138485	0.497492	-0.44114	-0.027393	0.803266	-0.944468	-0.211067	0.659838	0.207371	0.745284	0.366897	0.906453	-0.924474	-0.266737	0.758028	-0.023183	-0.031986	-0.761284	-0.47613	-0.535034	0.353736	0.316096	0.23199	-0.325274	0.250728	0.742772	0.02592	0.154549	-0.306301	0.305574	-0.853143	0.860912	-0.695299	-0.754705	0.685475	0.730925	0.413374	-0.86511	-0.136108	0.701822	-0.022441	-0.862072	0.197891	-0.029537	-0.409822	0.652563	-0.177851	0.865858	
0.653453	-0.328214	-0.909149	-0.672141	0.938986	-0.091833	-0.087441	0.435568	-0.944562	0.964721	0.127789	-0.222616	0.947656	0.133594	0.384842	-0.068824	0.872166	0.356026	-0.550751	0.402785	-0.731077	-0.864759	0.759711	0.95437	-0.820554	0.37663	-0.502162	0.7442	0.747863	-0.975679	0.640024	-0.747906	0.164396	0.658146	0.390036	-0.549794	0.127659	-0.968566	0.975465	-0.729449	-0.155324	0.867	0.870706	0.199679	0.590319	0.987656	0.761175	-0.31425	-0.973156	0.025753	
0.991857	-0.929127	-0.919311	-0.886319	-0.807098	-0.518307	-0.656822	-0.299171	0.031053	0.446751	-0.333257	-0.046633	0.049332	-0.579172	-0.586554	-0.822021	-0.251721	-0.993409	-0.967961	-0.818671	0.842108	0.201879	0.134091	-0.457435	0.683986	0.363734	0.156887	-0.312837	0.364102	0.165473	0.245975	-0.579674	-0.83358	-0.818872	0.63391	0.129586	-0.722596	-0.202447	0.018336	0.926487	0.696062	-0.432144	0.827337	0.632737	-0.705717	-0.542416	-0.734688	-0.177251	0.215972	0.488532	
0.592856	0.344085	-0.892745	-0.659928	-0.376743	-0.681534	-0.343198	0.751293	0.435942	0.581683	-0.316637	0.872822	0.646906	0.333655	-0.010491	-0.976562	-0.374155	0.064001	-0.162337	-0.569662	-0.913088	-0.545389	-0.673197	-0.989984	0.235906	-0.076672	-0.307557	0.617585	0.418038	0.7515	-0.802508	-0.609116	0.050401	-0.955146	0.540349	0.627701	0.958319	-0.793098	0.477196	-0.781151	0.668069	0.12616	-0.135276	0.799652	-0.892367	0.355796	0.271693	0.797391	0.790642	-0.492713	
-0.174635	0.617847	-0.569141	0.132397	-0.237719	-0.223988	0.635403	-0.611052	0.321821	0.616303	0.859602	0.655213	0.444624	0.262642	0.158721	0.789807	0.351056	0.894092	-0.520176	0.420644	-0.99441	-0.076119	-0.062081	-0.48643	0.100787	0.123301	0.664526	-0.652222	0.341258	0.398897	-0.274217	-0.108869	0.370655	0.116464	0.713338	0.21313	0.462645	-0.858041	-0.359216	0.747047	0.464419	-0.75853	0.903103	-0.364736	-0.856976	-0.678669	-0.817203	0.380133	-0.314405	0.051396	
0.813143	-0.358252	-0.801758	-0.484801	-0.27466	-0.332544	0.263128	-0.987547	0.908984	-0.735862	0.947218	0.766579	-0.75511	-0.474297	0.366016	0.180806	-0.162326	-0.909936	0.761564	-0.342991	0.395777	-0.89323	0.962668	0.549906	-0.217141	0.733397	-0.115047	0.001227	0.637341	-0.45837	0.799077	0.391972	0.37967	0.367355	0.336719	0.755547	-0.498806	-0.986792	-0.649339	-0.82596	-0.131742	0.633156	-0.669152	0.027204	0.893311	0.328282	-0.689572	-0.201236	0.038564	-0.538238	
0.597912	0.336857	-0.05626	0.078988	0.981906	0.000156	-0.360588	-0.937898	-0.06783	-0.606222	0.429782	0.994406	-0.690881	-0.94533	0.704509	0.550739	0.015074	0.913782	0.161797	-0.014569	-0.103651	0.747692	0.112825	-0.894126	-0.817407	0.829945	-0.315596	0.793494	-0.420721	-0.252732	-0.873004	0.955315	0.189006	-0.047863	0.550387	0.17708	-0.215124	0.714381	-0.557774	0.535024	-0.074454	-0.992405	0.668071	-0.162935	-0.647105	0.129478	0.351601	0.635196	0.530287	-0.57936	
-0.509132	-0.129619	-0.857422	0.242717	0.820891	0.590566	-0.063649	0.621053	0.492777	-0.632806	0.431853	-0.638496	-0.56055	-0.146711	0.155896	0.696898	-0.291526	0.622882	0.613332	-0.558092	0.95657	0.030542	0.794238	0.811002	0.59645	-0.857117	0.818765	-0.627401	-0.158938	0.543876	0.451644	-0.644919	0.522176	0.933902	0.659641	-0.920777	0.004181	-0.390611	0.476264	0.658339	0.40395	-0.56626	-0.729763	0.619112	-0.108569	-0.414623	0.270996	0.596918	0.784021	-0.211773	
0.092214	0.025947	0.03483	0.509195	-0.059283	-0.811693	0.254528	0.757055	0.422016	0.47562	0.897139	0.895798	-0.195407	0.89276	-0.993158	-0.328955	0.459152	0.633084	-0.701333	-0.566735	-0.385112	0.587814	0.116823	0.732866	-0.681641	0.141679	-0.592092	0.765607	-0.524812	0.220701	0.681171	0.452461	0.417152	-0.153842	-0.613472	0.126748	-0.176158	0.472196	-0.64472	-0.378553	-0.386461	0.772451	-0.289524	-0.927113	0.424535	0.8309	0.023009	0.131904	-0.051876	0.432284	
0.912167	-0.227025	-0.870219	-0.955797	0.996411	0.127163	0.930721	0.321381	-0.848801	0.002239	0.489764	0.737756	-0.302086	0.357783	0.090245	0.314607	-0.207292	-0.21781	0.831571	0.424083	0.268179	0.728559	0.504813	0.81026	0.483923	-0.837183	-0.45499	-0.996473	0.359345	0.025758	-0.907529	-0.271844	0.090798	-0.259294	-0.06283	-0.918163	0.960988	0.297977	0.849846	0.249885	-0.797481	0.456647	0.166315	-0.792424	0.053539	0.380008	-0.549019	0.482545	0.990668	0.586924	
-0.076573	-0.730811	0.501601	-0.552366	0.981142	-0.260956	0.374809	-0.817759	-0.058528	0.812189	-0.681127	-0.910217	0.327494	-0.043602	-0.597746	-0.392185	0.557854	0.950289	0.596882	0.667901	-0.299185	0.11292	-0.334313	0.370919	0.307052	-0.292674	-0.953693	-0.465171	-0.448328	0.529901	0.300868	0.53044	0.236187	0.112572	-0.23964	0.149852	-0.105339	0.730958	-0.489257	0.974257	-0.124393	-0.209293	0.921399	-0.669844	-0.921779	0.756797	-0.419767	0.905146	-0.915921	-0.248334	
0.033288	0.014422	0.00908	0.030334	0.022514	0.004887	0.023686	0.020396	0.039665	0.001393	0.02453	0.013693	0.000665	0.022369	0.015025	0.009148	0.007099	0.018949	0.035748	0.029942	0.004467	0.02053	0.017682	0.03674	0.01456	0.020276	0.001354	0.032521	0.040235	0.009678	0.006876	0.002933	0.004131	0.003483	0.031351	0.025212	0.005844	0.020982	0.04065	0.040135	0.024176	0.031772	0.019891	0.020766	0.036981	0.024635	0.011499	0.039363	0.018217	0.016227	
0.011242	0.039592	0.015851	0.015824	0.028615	0.017137	0.013888	0.036103	0.020429	0.011185	0.042606	0.004972	0.02993	0.036684	0.017154	0.017145	0.017799	0.037212	0.008136	0.039423	0.03938	0.007923	0.019834	0.021672	0.033076	0.019892	0.038939	0.017905	0.025875	0.034427	0.007591	0.034178	0.026305	0.005488	0.017399	0.003788	0.000489	0.008464	0.003436	0.018679	0.004439	0.037248	0.004446	0.000156	0.025633	0.005321	0.014142	0.004658	0.029384	0.028906	
0.008685	0.023556	0.027004	0.007575	0.012488	0.001804	0.039436	0.002795	0.035943	0.009893	0.033723	0.004485	0.026899	0.016574	0.031638	0.036339	0.020019	0.038583	0.00535	0.01705	0.019162	0.009551	0.017961	0.04306	0.026768	0.042736	0.017568	0.011364	0.011697	0.030526	0.021075	0.013597	0.018714	0.035209	0.03302	0.03187	0.005511	0.013921	0.019334	0.004689	0.000854	0.036577	0.033739	0.008656	0.002436	0.018293	0.014168	0.012539	0.013887	0.031679	
0.001399	0.012074	0.009976	0.032207	0.031341	0.018286	0.033716	0.030882	0.030803	0.030326	0.00582	0.021585	0.011991	0.034444	0.001966	0.014694	0.027446	0.031006	0.025305	0.019179	0.008976	0.023028	0.006002	0.033721	0.022085	0.000543	0.018093	0.03246	0.027103	0.031873	0.019594	0.020965	0.015103	0.023154	0.020627	0.03227	0.013791	0.022553	0.004841	0.009497	0.025587	0.002852	0.012117	0.018891	0.017901	0.027266	0.019478	0.005518	0.024791	0.034874	
0.018538	0.027566	0.017081	0.024018	0.033719	0.014735	0.006006	0.02347	0.001691	0.030038	0.009609	0.010867	0.035892	0.007282	0.010301	0.034914	0.005297	0.025172	0.034654	0.011866	0.025538	0.018658	0.00508	0.018845	0.018131	0.016159	0.026972	0.037243	0.003936	0.002356	0.008278	0.027304	0.033251	0.011905	0.0355	0.002935	0.029703	0.029232	0.020493	0.025107	0.015495	0.003556	0.002353	0.035371	0.026651	0.035952	0.0102	0.036957	0.026967	0.027156	
0.029214	0.024424	0.024	0.017688	0.000548	0.016319	0.031856	0.028194	0.028213	0.015681	0.012124	0.019068	0.006317	0.013536	0.000829	0.025019	0.013534	0.028754	9.9e-05	0.025903	0.028076	0.024293	0.024634	0.022529	0.011182	0.00631	0.031661	0.022845	0.006362	0.022466	0.011882	0.008037	0.024674	0.034719	0.017739	0.026464	0.03262	0.01629	0.015668	0.018769	0.023825	0.03395	0.010883	0.020443	0.017889	0.035272	0.020431	0.001883	0.031821	0.035063	
0.041105	0.018582	0.032655	0.02181	0.001082	0.025119	0.041123	0.032915	0.012416	0.000456	0.037072	0.008991	0.01003	0.023238	0.001815	0.018082	0.031472	0.034566	0.010312	0.017757	0.021971	0.009772	0.040974	0.033975	0.0398	0.027451	0.019765	0.000232	0.021735	0.020762	0.041881	0.033375	0.026694	0.005535	0.021076	0.032842	0.004656	0.012318	0.003148	0.008615	0.013606	0.010192	0.013112	0.003448	0.003075	0.029057	0.037461	0.00806	0.013741	0.021073	
0.009988	0.027235	0.014309	0.002443	0.018777	0.030309	0.014182	0.017742	0.0008	0.012382	0.016689	0.015095	0.000509	0.002762	0.017261	0.018881	0.008893	0.024009	0.035454	0.040969	0.023543	0.035792	0.014972	0.008235	0.042545	0.004037	0.005837	0.025653	0.038589	0.010541	0.030528	0.027731	0.037478	0.02152	0.009462	0.018561	0.041805	0.001193	0.004544	0.021109	0.038771	0.006704	0.020632	0.016174	0.031602	0.003579	0.036894	0.030511	0.034465	0.028304	
0.043117	0.032821	0.006512	0.021507	0.003111	0.001931	0.007629	0.00428	0.00707	0.005751	0.028686	0.003075	0.009006	0.006796	0.013579	0.042734	0.044581	0.01297	0.007909	0.008391	0.023162	0.012844	0.004945	0.035876	0.033461	0.024891	0.043879	0.010905	0.021525	0.027399	0.036807	0.010954	0.030395	0.035231	0.01001	0.028069	0.009907	0.01964	0.004743	0.040261	0.009386	0.004729	0.039029	0.031872	0.01225	0.023012	0.033179	0.022558	0.023039	0.024586	
0.013104	0.011188	0.002007	0.02311	0.007274	0.018471	0.026617	0.00371	0.008911	0.018404	0.012039	0.034517	0.000633	0.029531	0.036429	0.032556	0.034339	0.008382	0.018435	0.027483	0.016056	0.00665	0.006197	0.009444	0.035386	0.033927	0.018149	0.037794	0.000889	0.025871	0.020487	0.036836	0.010197	0.036085	0.037576	0.019965	0.024515	0.008812	0.022189	0.03066	0.006663	0.007483	0.001128	0.01141	0.035541	0.034333	0.036863	0.018741	0.027052	0.015961	
0.026417	0.015881	0.025718	0.023935	0.036118	0.018327	0.012634	0.028824	0.028436	0.005948	0.030547	0.003739	0.033066	0.021374	0.00634	0.008307	0.021506	0.033339	0.018436	0.025459	0.026049	0.021635	0.010128	0.016801	0.031938	0.002336	0.015542	0.017478	0.006931	0.035743	0.02376	0.006929	0.021509	0.001709	0.034537	0.019161	0.023889	0.026717	0.008738	0.029084	0.006264	0.003504	0.033194	0.021658	0.006607	0.019196	0.03407	0.0191	0.033976	0.017466	
0.008161	0.025005	0.010606	0.031065	0.002326	0.005771	0.016376	0.002335	0.018456	0.01806	0.017936	0.014197	0.036855	0.023287	0.013467	0.02426	0.026329	0.022741	0.03327	0.00393	0.012113	0.022554	0.002623	0.025869	0.025727	0.02023	0.018967	0.022214	0.026813	0.034138	0.01801	0.000698	0.034621	0.019644	0.028141	0.014447	0.030922	0.030368	0.038589	0.006381	0.005863	0.016623	0.006984	0.024361	0.02242	0.03382	0.035235	0.014037	0.032074	0.021081	
0.015128	0.033401	0.040299	0.021612	0.019329	0.031385	0.012152	0.004503	0.013474	0.013795	0.031604	0.003547	0.011472	0.039703	0.030165	0.041103	0.029004	0.024966	0.008604	0.029061	0.005013	0.000535	0.031107	0.022489	0.005079	0.032692	0.027485	0.030692	0.014899	0.000305	0.001952	0.000291	0.003878	0.020399	0.031616	0.012579	0.024146	0.001578	0.016166	0.037366	0.027144	0.027589	0.025376	0.021412	0.01072	0.033506	0.006658	0.00146	0.040808	0.030753	
0.0093	0.016449	0.033662	0.010643	0.034836	0.001077	0.00951	0.018912	0.004074	0.018041	0.01995	0.02583	0.027261	0.0345	0.004198	0.013386	0.027708	0.038108	0.003969	0.010202	0.031822	0.014217	0.026403	0.026916	0.005921	0.03889	0.024725	0.024186	0.035749	0.02971	0.031678	0.011191	0.009255	0.012666	0.031079	0.014401	0.029874	0.018373	0.001588	0.018827	0.013195	0.01087	0.018883	0.030501	0.025797	0.00276	0.010256	0.036123	0.022413	0.030115	
0.04099	0.007784	0.035214	0.009389	0.036327	0.03526	0.011572	0.009761	0.025509	0.012068	0.038174	0.036241	0.000299	0.032375	0.012426	0.015735	0.035106	0.021834	0.038047	0.007956	0.029685	0.005425	0.011843	0.021125	0.00424	0.021275	0.027824	0.009205	0.006911	0.018918	0.019729	0.003212	0.01632	0.019024	0.031627	0.028613	0.027423	0.021965	0.031177	0.037243	0.021172	0.001914	0.021147	0.004667	0.018808	0.015406	0.036655	0.003043	0.015911	0.006426	
0.0306	0.03653	0.001046	0.028473	0.00677	0.021918	0.034274	0.012536	0.033004	0.042909	0.000759	0.019227	0.001147	0.04223	0.001313	0.0407	0.040744	0.001573	0.033397	0.007534	0.01843	0.002931	0.009	0.001651	0.016619	0.035092	0.030577	0.02578	0.020329	0.004567	0.038039	0.023791	0.003494	0.023193	0.008414	0.029746	0.023313	0.001848	0.03879	0.04482	0.017916	0.004084	0.006759	0.004617	0.005566	0.03396	0.038334	0.0123	0.000184	0.039172	
0.014663	0.03595	0.006492	0.013038	0.001791	0.003095	0.013933	0.005309	0.021334	0.001725	0.036474	0.012658	0.014158	0.006434	0.033547	0.021635	0.029878	0.028982	0.026393	0.030738	0.006475	0.027412	0.004564	0.03175	0.036512	0.001503	0.009826	0.035967	0.003442	0.024086	0.009424	0.038112	0.028453	0.017287	0.018706	0.016713	0.033257	0.001532	0.034667	0.03297	0.012178	0.023263	0.034254	0.035486	0.03742	0.010381	0.027034	0.027342	0.014884	0.006873	
0.031036	0.000773	0.034452	0.023749	0.007367	0.018802	0.02964	0.004112	0.004976	0.02757	0.003667	0.002783	0.029194	0.035727	0.012063	0.008685	0.000831	0.030173	0.022207	0.037395	0.036914	0.01935	0.033972	0.017314	0.01405	0.007941	0.037941	0.026451	0.034262	0.006839	0.021763	0.019829	0.017606	0.034287	0.031109	0.011663	0.017622	0.018178	0.000225	0.027605	0.013386	0.016757	0.027452	0.000837	0.038543	0.006186	0.004335	0.034922	0.032343	0.025116	
0.019988	0.032883	0.014094	0.035567	0.008849	0.022023	0.03934	0.005542	0.038401	0.013442	0.017179	0.034701	0.035705	0.031815	0.019442	0.009851	0.004662	0.031156	0.030673	0.004459	0.020392	0.002086	0.022143	0.026571	0.037423	0.033782	0.005173	0.004804	0.031494	0.030229	0.011129	0.027826	0.009334	0.02653	0.001162	0.02009	0.01452	0.02581	0.007551	0.002203	0.015039	0.038957	0.024583	0.007573	0.00875	0.031655	0.017564	0.007248	0.014035	0.024572	
0.039298	0.009871	0.028919	0.02514	0.000499	0.034156	0.008581	0.005144	0.005134	0.024221	0.001935	0.005852	0.027491	0.003368	0.038833	0.030728	0.039107	0.005533	0.028781	0.017307	0.013301	0.036323	0.035154	0.004581	0.015243	0.010774	0.013877	0.035957	0.01764	0.041571	0.030949	0.012258	0.009054	0.015123	0.025555	0.024211	0.023226	0.002035	0.00015	0.029198	0.040538	0.040739	0.017684	0.029933	0.034026	0.027365	0.000568	0.017227	0.010388	0.005454	
0.01018	0.0006	0.030788	0.000702	0.008858	0.026242	0.014755	0.031828	0.011343	0.012617	0.019215	0.022985	0.024527	0.036692	0.032547	0.03732	0.027655	0.01875	0.02871	0.021003	0.034123	0.020722	0.028606	0.023458	0.025415	0.005307	0.037981	0.031379	0.001967	0.029534	0.034291	0.02876	0.026008	0.000577	0.009602	0.021394	0.030039	0.011134	0.019108	0.020939	0.009146	0.003058	0.023802	0.025547	0.020964	0.01444	0.024618	0.019322	0.000346	0.001096	
0.027524	0.001714	0.003087	0.023214	0.030652	0.033419	0.021362	0.031289	0.014806	0.003372	0.015484	0.019109	0.011785	0.024441	0.019437	0.034643	0.025829	0.033259	0.017457	0.024962	0.028335	0.011164	0.009401	0.020706	0.014674	0.031498	0.036071	0.018931	0.021261	0.028793	0.008295	0.020792	0.001754	0.011249	0.016501	5.2e-05	0.019743	0.012261	0.036918	0.031492	0.006837	0.003491	0.027477	0.036732	0.009568	0.01473	0.022726	0.013048	0.033373	0.035282	
0.000539	0.021755	0.023831	0.034371	0.006196	0.007388	0.004168	0.015122	0.013308	0.017977	0.012477	0.001694	0.03598	0.041845	0.026567	0.020686	0.00845	0.028399	0.038048	0.02326	0.003087	0.030063	0.008648	0.023257	0.03105	0.005393	0.041772	0.039633	0.038044	0.040658	0.031642	0.000539	0.032327	0.032305	0.019131	0.00363	0.002254	0.030273	0.031943	0.011434	0.011222	0.013534	0.000489	0.031141	0.036886	5.9e-05	0.028801	0.019242	0.000845	0.018637	
0.012925	0.011748	0.022941	0.022735	0.003467	0.00635	0.000652	0.0363	0.013748	0.029204	0.014464	0.004587	0.035504	0.004973	0.024041	0.039857	0.022568	0.025048	0.040082	0.016755	0.035016	0.010681	0.018632	0.004915	0.016865	0.038087	0.014114	0.04003	0.03769	0.02894	0.000972	0.038813	0.039252	0.018738	0.034798	0.015761	0.011428	0.002231	0.008799	0.035072	0.003696	0.020995	0.035099	0.007101	0.034965	0.028391	0.003084	0.016526	0.008337	0.003023	
0.035286	0.032653	0.014082	0.020047	0.013843	0.018767	0.033361	0.030399	0.032389	0.001171	0.020465	0.029049	0.017123	0.007204	0.038988	0.027132	0.037366	0.002209	0.010012	0.029865	0.011273	0.017934	0.002124	0.002352	0.019999	0.029801	0.012221	0.037465	0.007271	0.03311	0.005471	0.022078	0.038761	0.01712	0.006533	0.008036	0.024651	0.010373	0.031206	0.008201	0.022365	0.001968	0.015329	0.03126	0.015081	0.011154	0.036112	0.02228	0.013388	0.033672	
0.017535	0.004432	0.032821	0.005194	0.006885	0.0205	0.034003	0.008422	0.016394	0.021338	0.013691	0.024145	0.025445	0.00047	0.022317	0.00284	0.030389	0.016297	0.028362	0.014984	0.01533	0.030856	0.008703	0.023237	0.009438	0.019443	0.024879	0.031733	0.02545	0.034362	0.017057	0.006083	0.000148	0.033156	0.028493	0.017559	0.038664	0.028065	0.015494	0.017837	0.014586	0.017386	0.032855	0.025166	0.032464	0.031702	0.000184	0.030408	0.034696	0.008102	
0.03095	0.004666	0.036717	0.016799	0.03908	0.023683	0.009849	0.036742	0.010895	0.025868	0.034715	0.035279	0.015631	0.03736	0.01002	0.026629	0.012044	0.006837	0.011319	0.008961	0.00933	0.039211	0.013011	0.038166	0.026104	0.012273	0.020544	0.03698	0.012354	0.018327	0.038657	0.006415	0.016968	0.000509	0.019289	0.024623	0.015194	0.016489	0.010303	0.003924	0.038642	0.010614	0.024045	0.015189	0.018477	0.001086	0.028536	0.035786	0.00288	0.01203	
0.030746	0.013337	0.014454	0.025039	0.032651	0.013722	0.025667	0.031155	0.010427	0.033171	0.030333	0.01103	0.013271	0.002828	8.9e-05	0.035897	0.02234	0.026649	0.000339	0.009519	0.007124	0.002696	0.003398	0.027748	0.026501	0.031445	0.005148	0.003247	0.01767	0.006909	0.027139	0.032849	0.022019	0.028379	0.035946	0.015482	0.034368	0.026826	0.014363	0.021769	0.014718	0.021455	0.025848	0.026097	0.00279	0.027597	0.032548	0.037235	0.01247	0.025552	
0.031529	0.019881	0.012063	0.020546	0.001877	0.019179	0.033309	0.031453	0.006007	0.030616	0.025101	0.005098	0.023105	0.032001	0.00523	0.013737	0.026429	0.022847	0.003029	0.021694	0.023326	0.024823	0.029514	0.016668	0.018768	0.016753	0.035138	0.010438	0.003302	0.012088	0.033192	0.033264	0.028576	0.035277	0.02535	0.017198	0.020102	0.020598	0.013087	0.004886	0.005922	0.001388	0.016868	0.029576	0.031715	0.013669	0.027615	0.032284	0.010971	0.022913	
0.007243	0.005913	0.019615	0.003231	0.001983	0.041443	0.020225	0.018036	0.003178	0.0063	0.016456	0.009932	0.038058	0.016375	0.029343	0.007148	0.026637	0.031232	0.031048	0.005865	0.023789	0.028476	0.028765	0.026393	0.01539	0.023161	0.032887	0.039359	0.006222	0.035152	0.007706	0.02085	0.04064	0.029282	0.025987	0.00689	0.038222	0.000398	0.025979	0.008164	0.008546	0.005251	0.029148	0.029853	0.032599	0.016905	0.01492	0.004933	0.042614	0.012258	
0.016768	0.019326	0.0322	0.036108	0.034165	0.000863	0.019629	0.030462	0.010385	0.028631	0.011831	0.001805	0.037058	0.023044	0.018066	0.023142	0.018333	0.002997	0.033143	0.023718	0.017959	0.005358	0.025856	0.004066	0.004541	0.011649	0.011624	0.025368	0.014944	0.020371	0.04212	0.005464	0.013748	0.026046	0.003055	0.011328	0.014766	0.00838	0.026565	0.030742	0.028499	0.013569	0.003617	0.030325	0.033725	0.033371	0.005022	0.038506	0.030597	0.037145	
0.008669	0.016004	0.014451	0.005247	0.011936	0.039966	0.043985	0.0138	0.026895	0.04345	0.027717	0.018129	0.016451	0.009204	0.042308	0.00275	0.013732	0.014419	0.028742	0.012554	0.043248	0.011315	0.031923	0.027566	0.002023	0.001345	0.003303	0.027892	0.016154	0.041507	0.011691	0.029843	0.020953	0.002436	0.01165	0.029135	0.020559	0.020935	0.01364	0.013341	0.035298	0.010177	0.002162	0.042267	0.015623	0.029974	0.026837	0.004325	0.026986	0.015483	
0.025632	0.006419	0.011572	0.002102	0.034695	0.037087	0.02951	0.019255	0.02881	0.020591	0.00519	0.016268	0.016182	0.027194	0.038002	0.01409	0.018859	0.03007	0.014693	0.033381	0.025023	0.017167	0.017382	0.03297	0.028632	0.006202	0.034174	0.008904	0.03448	0.02035	0.017986	0.00107	0.003097	0.011623	0.032981	0.023975	0.026372	0.005424	0.008211	0.006954	0.002713	0.011596	0.012663	0.013446	0.034673	0.014823	0.032838	0.021874	0.038467	0.024328	
0.032781	0.013113	0.025936	0.021804	0.025127	0.03368	0.035962	0.01761	0.029111	0.001873	0.027318	0.019607	0.010156	0.028813	0.026959	0.03311	0.028789	0.023602	0.026778	0.012189	0.010411	0.010003	0.018035	0.029968	0.006699	0.017497	0.034809	0.029069	0.012037	0.026348	0.021298	0.006339	0.011868	0.024635	0.01317	0.024404	0.014058	0.0153	0.001809	0.024661	0.017523	0.013556	0.016634	0.008041	0.032752	0.019573	0.013381	0.016759	0.027609	0.007436	
0.032089	0.002117	0.018793	0.012403	0.00979	0.018519	0.023924	0.025997	0.031115	0.029553	0.006591	0.023548	0.020182	0.02472	0.03445	0.0187	0.008538	0.037454	0.005943	0.037835	0.020984	0.035248	0.009717	0.001426	0.030844	0.025057	0.019971	0.007561	0.030499	0.010205	0.038108	0.01922	0.002652	0.016583	0.009016	0.028822	0.018767	0.031721	0.01213	0.005057	0.024876	0.006784	0.020366	0.030627	0.014677	0.016138	0.032495	0.006793	0.012424	0.038971	
0.031647	0.021832	0.031642	0.018775	0.021027	0.008382	0.010629	0.015157	0.032522	0.014872	0.01027	0.016096	0.027238	0.007721	0.024899	0.028946	0.014117	0.018584	0.032939	0.032219	0.034869	0.022851	0.012078	0.014383	0.033835	0.03035	0.017073	0.024763	0.035207	0.023488	0.020677	0.015003	0.029383	0.019381	0.022405	0.015324	0.007771	0.019746	0.002512	0.022907	0.011684	0.026871	0.011155	0.012504	0.014784	0.024136	0.002753	0.011764	0.024668	0.016161	
0.009207	0.023998	0.022182	0.029286	0.012045	0.011905	0.002143	0.02721	0.031709	0.022007	0.030008	0.003688	0.015464	0.028029	0.007332	0.034596	0.030821	0.019428	0.011138	0.038142	0.034421	0.031355	0.007663	0.012537	0.008588	0.021827	0.001152	0.035372	0.025151	0.014376	0.037366	0.014313	0.015388	0.000388	0.024042	0.006383	0.038876	0.006686	0.034746	0.007762	0.027359	0.030518	0.022855	0.011312	0.00021	0.037044	0.037959	0.019591	0.014504	0.009918	
0.002198	0.002847	0.014837	0.009968	0.028667	0.03044	0.027972	0.007374	0.010744	0.008401	0.021551	0.035017	9.8e-05	0.02923	0.017951	0.020167	0.035041	0.013816	0.040482	0.026579	0.012954	0.040067	0.006998	0.012107	0.014294	0.017266	0.003381	0.036097	0.027182	0.02633	0.020737	0.026754	0.027628	0.016984	0.041826	0.038713	0.02462	0.00197	0.037047	0.031685	0.011818	0.020703	0.003251	0.031397	0.000565	0.04379	0.011223	0.020426	0.001329	0.007478	
0.035109	0.004377	0.031984	0.031677	0.000535	0.022767	0.010531	0.029773	0.026424	0.013643	0.025521	0.031916	0.007633	0.00918	0.009357	0.024129	0.026435	0.023896	0.026752	0.033796	0.028781	0.021941	0.013151	0.001016	0.036947	0.016646	0.007179	0.022407	0.000126	0.016834	0.032411	0.035948	0.000337	0.029171	0.008359	0.019099	0.0032	0.028543	0.036495	0.008563	0.025354	0.029726	0.016026	0.004312	0.020705	0.003142	0.034253	0.029987	0.027014	0.016892	
0.014143	0.044293	0.018745	0.042353	0.013954	0.006926	0.044926	0.030299	0.016468	0.029514	0.000613	0.02128	0.015906	0.018348	0.028532	0.040438	0.021373	0.010074	0.001514	0.039643	0.015495	0.028182	0.01037	0.037022	0.032349	0.001352	0.023313	0.003543	0.004088	0.033516	0.045048	0.004697	0.001792	0.005803	0.002663	0.008358	0.01342	0.032278	0.010753	0.037388	0.013048	0.028934	0.011507	0.034492	0.01108	0.016927	0.024255	0.013444	0.014669	0.020872	
0.030164	0.025632	0.008479	0.002365	0.004591	0.008918	0.007704	0.010045	0.007882	0.039116	0.013953	0.018425	0.004465	0.023318	0.028282	0.037174	0.034118	0.02421	0.005889	0.019013	0.020896	0.005813	0.022066	0.010558	0.034869	0.000857	0.013907	0.009735	0.028045	0.00555	0.039285	0.024343	0.03466	0.040255	0.010776	0.027878	0.006978	0.02092	0.020335	0.014186	0.019552	0.012752	0.021759	0.037911	0.025909	0.02167	0.036899	0.014293	0.039934	0.023666	
0.024179	0.0032	0.000126	0.004812	0.029122	0.023393	0.034974	0.011747	0.003085	0.025983	0.008683	0.00715	0.002403	0.009943	0.003795	0.019111	0.039248	0.01004	0.028918	0.017158	0.010249	0.026801	0.03868	0.040805	0.015239	0.042556	0.025351	0.008049	0.002582	0.022693	0.00767	0.022643	0.041739	0.015593	0.033499	0.023482	0.013103	0.031585	0.020424	0.031595	0.012331	0.000412	0.020041	0.034065	0.020479	0.034802	0.029985	0.01386	0.015133	0.037484	
0.009625	0.029993	0.025927	0.029516	0.01061	0.000293	0.011476	0.037395	0.028507	0.007939	0.030028	0.00624	0.016731	0.014031	0.005227	0.017144	0.0285	0.0189	0.023382	0.033877	0.017942	0.036544	0.007913	0.032029	0.029152	0.022483	0.03729	0.021049	0.017473	0.025824	0.012997	0.006137	0.024663	0.029376	0.025018	0.03472	0.018708	0.029963	0.007693	0.019946	0.003311	0.010001	0.020388	0.025489	0.029789	0.003953	0.021066	0.019039	0.01117	0.013533	
0.020785	0.001252	0.031942	0.020685	0.03605	0.036271	0.030315	0.008183	0.012817	0.002822	0.036633	0.001018	0.001701	0.030162	0.012322	0.025773	0.037488	0.01331	0.032437	0.015756	0.008052	0.020449	0.02431	0.027351	0.000962	0.00336	0.036969	0.038224	0.013022	0.018644	0.019017	0.038054	0.001254	0.008218	0.013574	0.026302	0.036737	0.018045	0.027198	0.002967	0.014281	0.034003	0.024904	0.014788	0.032539	0.011611	0.026694	0.021227	0.025973	0.003549	
0.040803	0.015911	0.032985	0.040877	0.014201	0.030766	0.004835	0.000851	0.025044	0.033683	0.010151	0.007154	0.00847	0.005233	0.002407	0.020441	0.008079	0.005737	0.018404	0.021954	0.024127	0.019918	0.027803	0.017089	0.037098	0.031385	0.036512	0.036908	0.004395	0.006374	0.012924	0.004725	0.009903	0.001484	0.028329	0.000553	0.027193	0.033804	0.038442	0.02586	0.03251	0.021793	0.020449	0.039103	0.019358	0.022408	0.003563	0.042	0.012875	0.013129	
0.034678	0.035332	0.014506	0.032372	0.014865	0.008709	0.013073	0.013952	0.010864	0.018897	0.00891	0.035037	0.0012	0.026919	0.022946	0.004062	0.012814	0.013923	0.00468	0.011279	0.034821	0.022004	0.0344	0.032211	0.020734	0.033327	0.030746	0.023217	0.009146	0.033961	0.023453	0.027925	0.018458	0.019784	0.020741	0.028399	0.021797	0.005239	0.00904	0.032998	0.003312	0.024224	0.025579	0.013782	0.03083	0.015303	0.013804	0.030703	0.00016	0.020884	
0.005635	0.027559	0.007271	0.020494	0.024509	0.033767	0.026789	0.033994	0.01288	0.033361	0.005466	0.00855	0.005228	0.021243	0.022925	0.023776	0.001044	0.015589	0.018217	0.015896	0.007159	0.021087	0.023926	0.024201	0.019907	0.008789	0.027107	0.027572	0.014153	0.022057	0.025617	0.029362	0.019369	0.026424	0.025177	0.018039	0.034231	0.032818	0.017893	0.024266	0.006431	0.016565	0.016387	0.009001	0.024409	0.03155	0.00132	0.030375	0.020538	0.030077	
0.005755	0.001173	0.009761	0.009822	0.00057	0.009855	0.026326	0.019914	0.017715	0.040332	0.031038	0.034764	0.007628	0.033519	0.040173	0.02662	0.011449	0.039292	0.006226	0.039212	0.011117	0.03195	0.033447	0.032694	0.008858	0.012352	0.029773	0.029716	0.028794	0.00536	0.012385	0.007529	0.02663	0.039145	0.01634	0.006004	0.037269	0.02861	0.020508	0.03721	0.000455	0.014372	0.024319	0.008861	0.001549	0.029828	0.022772	0.010072	0.019271	0.001666	
0.025916	0.028367	0.014848	0.019755	0.014186	0.027251	0.023738	0.011334	0.020968	0.025637	0.018971	0.002675	0.030657	0.028976	0.033065	0.023467	0.029141	0.030655	0.013745	0.026559	0.032267	0.016631	0.0189	0.011716	0.015809	0.009544	0.034017	0.033258	0.02962	0.016108	0.016764	0.003839	0.010611	0.008302	0.022681	0.0152	0.006683	0.021625	0.014023	0.020617	0.022974	0.010094	0.032589	0.024594	0.029862	0.008842	0.019977	0.020578	0.007827	0.014537	
0.00613	0.021497	0.006221	0.017329	0.037776	0.028238	0.024039	0.008241	0.018305	0.007596	0.028118	0.00403	0.008322	0.029691	0.041099	0.008505	0.003045	0.004469	0.039849	0.023402	0.01857	0.027642	0.023602	0.025694	0.031953	0.036745	0.015066	0.027882	0.005808	0.019631	0.020545	0.022675	0.007859	0.006846	0.01225	0.028342	0.039937	0.02311	0.010379	0.016539	0.042309	0.011296	0.04324	0.010883	0.017302	0.009919	0.032898	0.002068	0.000255	0.042853	
0.005578	0.035874	0.032244	0.025587	0.011032	0.002075	0.008724	0.009245	0.034373	0.0069	0.00246	0.034521	0.000235	0.019279	0.036161	0.009693	0.019216	0.0136	0.029232	0.033368	0.000882	0.013533	0.015152	0.006839	0.033061	0.031237	0.033807	0.014473	0.00143	0.032714	0.005578	0.033084	0.033655	0.026103	0.003963	0.027132	0.028219	0.019197	0.023825	0.027223	0.035103	0.005115	0.009071	0.016514	0.036579	0.025987	0.014305	0.024367	0.033442	0.019013	
0.039581	0.005058	0.033292	0.034819	0.017063	0.026796	0.001062	0.008202	0.017598	0.012178	0.027132	0.011807	0.039288	0.025245	0.009986	0.012482	0.010916	0.015536	0.020504	0.005867	0.024166	0.022386	0.026196	0.02075	0.028016	0.002379	0.018221	0.028616	0.035568	0.001331	0.025771	0.001023	0.005792	0.015233	0.031436	0.040276	0.002783	0.017959	0.01618	0.038208	0.024289	0.020208	0.010738	0.030785	0.031835	0.036533	0.017669	0.01826	0.00609	0.026891	
0.021019	0.027365	0.02285	0.018199	0.002586	0.017362	0.006925	0.030285	0.003691	0.037488	0.00704	0.040731	0.041517	0.024904	0.022232	0.007785	0.017408	0.016538	0.023531	0.014234	0.023232	0.011863	0.038006	0.002659	0.037277	0.007376	0.015012	0.009923	0.010301	0.000838	0.0243	0.011125	0.018075	0.015724	0.013697	0.034759	0.023013	0.028869	0.013455	0.038191	0.01357	0.034689	0.038128	0.024435	0.007695	0.032975	0.012732	0.010124	0.001333	0.042934	
0.017519	0.022788	0.015518	0.002298	0.033323	0.031346	0.024178	0.008442	0.021765	0.028651	0.024379	0.034399	0.027318	0.012691	0.008644	0.007859	0.006406	0.034213	0.031137	0.029592	0.001204	0.027216	0.036413	0.010608	0.031854	0.017702	0.025534	0.000607	0.014906	0.034758	0.00871	0.019045	0.0227	0.028911	0.026049	0.010455	0.024529	0.029078	0.013278	0.033194	0.003702	0.030405	0.02828	0.020956	0.018046	0.009222	0.038745	0.007289	0.00177	0.002368	
0.004232	0.021724	0.026415	0.021265	0.019713	0.025346	0.021039	0.00552	0.017557	0.020498	0.018124	0.03811	0.036585	0.019358	0.038384	0.00616	0.008453	0.014014	0.016144	0.002664	0.034958	0.037941	0.040252	0.02966	0.019217	0.017736	0.02759	0.000533	0.008115	0.029701	0.016719	0.035035	0.018043	0.012811	0.016462	0.025677	0.039523	0.023617	0.030387	0.024939	0.006731	0.010838	0.008722	0.022725	0.016223	0.005058	0.003642	0.005759	0.006703	0.043378	
0.028141	0.017613	0.044154	0.010415	0.021239	0.033356	0.014107	0.031387	0.037013	0.014075	0.030651	0.014636	0.010497	0.044525	0.016621	0.034533	0.011471	0.03863	0.018891	0.00027	0.030972	0.003745	0.00677	0.039094	0.005136	0.006496	0.008895	0.002823	0.00083	0.027743	0.005858	0.002678	0.034654	0.022953	0.032971	0.005113	0.019817	0.038439	0.000279	0.005174	0.021617	0.021689	0.001443	0.015857	0.011448	0.039179	0.042853	0.040679	0.031789	0.000781	
0.000502	0.007652	0.016582	0.01806	0.018583	0.027903	0.036154	0.029276	0.02189	0.012092	0.037228	0.031047	0.026151	0.009866	0.025999	0.036579	0.036799	0.019452	0.035003	0.0117	0.000171	0.004371	0.022217	0.013599	0.030981	0.037714	0.027336	0.003099	0.010077	0.023758	0.010968	0.002038	0.026916	0.016151	0.028822	0.029548	0.013485	0.015298	0.013728	0.032417	0.026659	0.024911	0.00085	0.026902	0.032645	0.018036	0.005423	0.01401	0.022084	0.007268	
0.011115	0.033469	0.001	0.009251	0.022289	0.036457	0.013686	0.00707	0.014407	0.013638	0.029906	0.035078	0.005089	0.008912	0.01412	0.02681	0.009943	0.024034	0.000946	0.00473	0.021948	0.033314	0.009326	0.038602	0.011062	0.018548	0.040362	0.015053	0.029039	0.021271	0.01814	0.021766	0.038171	0.020215	0.020072	0.003979	0.014125	0.037607	0.012645	0.026607	0.028884	0.011078	0.035545	0.006081	0.020014	0.017546	0.029851	0.03198	0.012165	0.033054	
0.030399	0.002822	0.027672	0.017687	0.005281	0.023538	0.015671	0.01539	0.018746	0.004487	0.024019	0.034166	0.034455	0.008996	0.03747	0.028046	0.003135	0.01398	0.016104	0.003442	0.030299	0.009078	0.013209	0.035707	0.02324	0.005176	0.027126	0.029723	0.029356	0.022145	0.00777	0.035705	0.01173	0.002254	0.025731	0.012443	0.001282	0.015356	0.005237	0.038228	0.031437	0.023568	0.033944	0.02388	0.034604	0.03443	0.002692	0.026629	0.033242	0.009273	
0.004461	0.030998	0.030602	0.014441	0.007665	0.000267	0.014368	0.030232	0.015874	0.040944	0.012931	0.040354	0.01368	0.008734	0.036258	0.010385	0.000352	0.019559	0.032309	0.014009	0.031702	0.022039	0.019912	0.010572	0.010609	0.013706	0.033376	0.023168	0.006258	0.032421	0.016413	0.033713	0.034021	0.001152	0.025812	0.038054	0.023311	0.024224	0.025253	0.018375	0.020131	0.00021	0.020338	0.015597	0.035875	0.006478	0.010676	0.024351	0.02338	0.02045	
0.008274	0.032374	0.00039	0.030608	0.030963	0.039512	0.002871	0.003972	0.018361	0.007222	0.018065	0.029564	0.030901	0.009497	0.024719	0.017726	0.013452	0.020276	0.030531	0.019206	0.018852	0.010207	0.031492	0.021529	0.035035	0.00552	0.005835	0.025563	0.037017	0.033173	0.02427	0.037139	0.016909	0.003823	0.021905	0.019887	0.006571	0.026671	0.001576	0.039202	0.03161	0.032428	0.011393	0.004149	0.01713	0.02692	0.006055	0.006741	0.030356	0.022558	
0.028608	0.033525	0.036879	0.021674	0.017108	0.01337	0.036692	0.008778	0.03613	0.023342	0.00407	0.007808	0.025403	0.00996	0.031985	0.021147	0.023934	0.015493	0.035246	0.01478	0.00614	0.012075	0.005459	0.027283	0.003907	0.032264	0.001688	0.012873	0.031794	0.015716	0.015025	0.01814	0.01516	0.02526	0.036626	0.029055	0.010479	0.016543	0.033424	0.021741	0.036877	0.022195	0.005954	0.000694	0.003445	0.030219	0.00932	0.027725	0.036937	0.01005	
0.014926	0.007416	0.038071	0.036983	0.004813	0.013702	0.003752	0.005626	0.004262	0.008917	0.007188	0.038828	0.014248	0.024188	0.017722	0.012398	0.008788	0.033764	0.034632	0.008422	0.018201	0.019337	0.006747	0.01905	0.00324	0.031397	0.012661	0.016854	0.021698	0.015535	0.040152	0.018849	0.033803	0.028724	0.027465	0.033918	0.036602	0.001906	0.007376	0.000614	0.035993	0.0368	0.038289	0.017605	0.032419	0.003579	0.039868	0.023947	0.005751	0.032974	
0.011981	0.034088	0.0088	0.019831	0.001542	0.039597	0.007437	0.020447	0.018226	0.029483	0.04198	0.027736	0.019862	0.031942	0.003198	0.035008	0.011137	0.011705	0.040435	0.036838	0.005881	0.016808	0.005817	0.01747	0.005966	0.02539	0.006873	0.034174	0.017995	0.029535	0.013646	0.041979	0.041895	0.002786	0.003034	0.005699	0.003985	0.03546	0.024733	0.0194	0.024147	0.003323	0.030319	0.026964	0.023622	0.00828	0.010199	0.017639	0.026047	0.019661	
0.009276	0.006237	0.034022	0.013465	0.000425	0.033117	0.031831	0.029889	0.024385	0.008626	0.019938	0.031177	0.012082	0.018807	0.002142	0.033005	0.014645	0.018827	0.028256	0.0244	0.034148	0.01208	0.015593	0.02915	0.011005	0.024223	0.022535	0.030868	0.010778	0.030165	8.7e-05	0.010057	0.013611	0.015815	0.010115	0.021421	0.029423	0.001624	0.029979	0.002466	0.014854	0.033024	0.026191	0.029709	0.02664	0.029152	0.019492	0.020203	0.01695	0.03409	
0.013495	0.01126	0.032847	0.021517	0.005323	0.010137	0.022614	0.014325	0.029695	0.005848	0.03267	0.022462	0.004172	0.031246	0.000473	0.035119	0.028561	0.023806	0.002266	0.015563	0.021722	0.013819	0.017815	0.022783	0.002805	0.005931	0.035307	0.014132	0.008438	0.036796	0.022419	0.009405	0.008544	0.031434	0.015956	0.034167	0.02321	0.042171	0.018839	0.036607	0.014914	0.006461	0.042099	0.028843	0.011269	0.030316	0.044422	0.014598	0.008042	0.013337	
0.037859	0.003875	0.033305	0.02368	0.008066	0.00815	0.027494	0.040644	0.027261	0.033819	0.014459	0.011199	0.036484	0.017999	0.014083	0.02958	0.010545	0.009195	0.039869	0.018814	0.019773	0.031378	0.03012	0.010174	0.038252	0.01674	0.015851	0.001059	0.002238	0.005468	0.040006	0.013529	0.028999	0.006762	0.009927	0.017609	0.034873	0.015541	0.016404	0.001628	0.025612	0.026013	0.005494	0.034055	0.017391	0.013968	0.008796	0.021739	0.029582	0.014639	
0.017427	0.019846	0.010735	0.033987	0.020442	0.021645	0.020687	0.00482	0.016641	0.033393	0.035854	0.031505	0.025165	0.011315	0.021711	0.00796	0.017985	0.012339	0.028283	0.011146	0.029695	0.014027	0.026659	0.022423	0.006464	0.007037	0.030336	0.012231	0.03637	0.028416	0.0265	0.031183	0.030196	0.02885	0.038006	0.038878	0.001198	0.001239	0.019897	0.005999	0.008877	0.009057	0.022907	0.00709	0.008104	0.00615	0.030848	0.020234	0.027158	0.021085	
0.012362	0.024822	0.002489	0.019923	0.012299	0.023883	0.032694	0.015737	0.03288	0.018171	0.031083	0.021632	0.029849	0.024391	0.036794	0.036818	0.026154	0.038383	0.018453	0.001998	0.02066	0.038714	0.022681	0.035705	0.02466	0.012053	0.002478	0.003228	0.02408	0.034946	0.017126	0.010276	0.012239	0.02569	0.005019	0.002035	0.0018	0.005129	0.019186	0.01081	0.032037	0.032679	0.004526	0.032819	0.03228	0.002636	0.023908	0.026732	0.020732	0.002321	
0.013357	0.032515	0.031118	0.017691	0.00655	0.029395	0.032453	0.017381	0.019421	0.020002	0.010123	0.03664	0.011219	0.003693	0.031433	0.002934	0.030637	0.012116	0.021634	0.008261	0.035757	0.036021	0.030768	0.012043	0.008728	0.028116	0.015973	0.012072	0.004365	0.032285	0.032297	0.005256	0.016618	0.011364	0.010784	0.002538	0.032523	0.037889	0.010335	0.038331	0.019701	0.031866	0.012682	0.012544	0.011872	0.005786	0.026872	0.02361	0.034471	0.01796	
0.010206	0.012707	0.040838	0.004286	0.049881	0.013215	0.014628	0.005448	0.002589	0.014098	0.019371	0.033326	0.000345	0.005915	0.017419	0.013135	0.045897	0.041602	0.027215	0.005578	0.032334	0.028952	0.021101	0.051113	0.012504	0.033311	0.052372	0.010306	0.004168	0.028578	0.02113	9.5e-05	0.016252	0.002154	0.003756	0.008639	0.013199	0.000407	0.032169	0.014042	0.002881	0.004302	0.045946	0.002038	0.048501	0.02605	0.047956	0.046406	0.006338	0.005301	
0.017173	0.039226	0.013094	0.029944	0.034316	0.008512	0.038543	0.033162	0.035887	0.013974	0.03662	0.016766	0.005474	0.010037	0.026537	0.005044	0.032252	0.027916	0.002899	0.001097	0.030682	0.033828	0.011749	0.032206	0.030592	0.024609	0.021879	0.013862	0.000648	0.000152	0.027452	0.006704	0.026246	0.002351	0.000587	0.037686	0.043722	0.035819	0.005179	0.010299	0.020827	0.014295	0.00531	0.027901	0.00946	0.011538	0.030908	0.028279	0.012481	0.014276	
0.013886	0.01402	0.004424	0.01656	0.019902	0.038652	0.004885	0.022093	0.016211	0.006259	0.005869	0.011769	0.018708	0.022158	0.005372	0.023041	0.030407	0.002883	0.002137	0.037479	0.003833	0.008887	0.004687	0.005549	0.009925	0.04153	0.042104	0.017069	0.01031	0.031624	0.032738	0.020896	0.033969	0.03338	0.034913	0.017436	0.03899	0.032798	0.016933	0.000632	0.035784	0.007368	0.041857	0.004524	0.015035	0.042326	0.014586	0.03306	0.040905	0.009637	
0.013333	0.002127	0.039089	0.024374	0.030588	0.016063	0.020584	0.001451	0.012181	0.010129	0.028357	0.017281	0.013364	0.014364	0.011707	0.016538	0.021252	0.032936	0.013371	0.010021	0.005237	0.032076	0.031917	0.023896	0.033648	0.020471	0.028601	0.017566	0.036427	0.006093	0.019068	0.001741	0.007971	0.030259	0.006171	0.022244	0.039614	0.033792	0.028816	0.026315	0.031656	0.014544	7e-05	0.013751	0.02722	0.036331	0.027348	0.004074	0.031391	0.012582	
0.020622	0.038711	0.033642	0.039634	0.006025	0.038691	0.033476	0.012104	0.031126	0.032333	0.032073	0.027203	0.005715	0.00706	0.032193	0.021775	0.010579	0.004271	0.004143	0.037465	0.002041	0.036581	0.017124	0.006733	0.00718	0.013705	0.013255	0.007292	0.027279	0.032165	0.017498	0.012687	0.016819	0.004965	0.012233	0.004861	0.015657	0.029503	0.005054	0.018065	0.002909	0.009329	0.004214	0.041298	0.039479	0.018247	0.034395	0.016856	0.025049	0.038686	
0.033914	0.006264	0.036531	0.017842	0.035186	0.001762	0.016694	0.015097	0.037235	0.001889	0.002864	0.031269	0.021309	0.017979	0.007134	0.014182	0.008095	0.022025	0.020777	0.000935	0.033623	0.03225	0.018045	0.000492	0.024377	0.008444	0.025144	0.029952	0.027256	0.00696	0.024638	0.01851	0.025441	0.015038	0.023065	0.026791	0.016099	0.038213	0.01011	0.00076	0.00346	0.02673	0.038801	0.030775	0.033849	0.034173	0.014998	0.023759	0.015544	0.02372	
0.0298	0.039131	0.00785	0.024063	0.030241	0.039939	0.039191	0.01477	0.022635	0.014973	0.010608	0.029798	0.002968	0.023898	0.022344	0.030072	0.018422	0.036546	0.034371	0.019161	0.029533	0.002483	0.023303	0.04159	0.023371	0.01938	0.019171	0.021571	0.013272	0.00971	0.030924	0.0244	0.002013	0.005411	0.024943	0.005388	0.030293	0.007092	0.007955	0.019805	0.011878	0.030461	0.008563	0.024229	0.013265	0.001779	0.003224	0.014709	0.001784	0.037719	
0.028095	0.021967	0.002335	0.031632	0.020997	0.030037	0.000191	0.026313	0.027923	0.007626	0.032397	0.023293	0.030295	0.037807	0.005822	0.016377	0.017558	0.025237	0.006425	0.035923	0.01693	0.014086	0.007376	0.00892	0.01099	0.006117	0.024913	0.032585	0.031617	0.017294	0.038699	0.003223	0.03359	0.035514	0.010955	0.014813	0.003256	0.02843	0.039077	0.008445	0.002238	0.025309	0.025301	0.037277	0.01946	0.008171	0.016585	0.013773	0.005936	0.03087	
0.016505	0.02107	0.027905	0.030612	0.017051	0.034944	0.030968	0.016557	0.036171	0.003379	0.029818	0.021421	0.032743	0.026112	0.022039	0.024002	0.036166	0.005874	0.01785	0.028575	0.013198	0.013715	0.024482	0.001147	0.010267	0.002106	0.019721	0.012396	0.001834	0.02257	0.008717	0.029654	0.028887	0.026201	0.018067	0.000528	0.003009	0.01307	0.008879	0.024485	0.029315	0.011651	0.019212	0.017853	0.023257	0.035589	0.020364	0.033514	0.020861	0.025689	
0.015617	0.025641	0.001888	0.004593	0.033761	0.031148	0.03645	0.026561	0.0327	0.002292	0.00937	0.009001	0.019691	0.004913	0.02016	0.018986	0.022342	0.024168	0.034043	0.004297	0.001397	0.001764	0.01384	0.022969	0.031991	0.016521	0.011937	0.034093	0.034724	0.023474	0.020905	0.018607	0.018954	0.03237	0.027438	0.035875	0.011344	0.008912	0.029714	0.031979	0.035121	0.022288	0.030726	0.007279	0.017688	0.01394	0.011259	0.024621	0.004838	0.02581	
0.00146	0.012313	0.004224	0.036913	0.004343	0.022209	0.008361	0.006184	0.037574	0.012933	0.012601	0.018982	0.01343	0.01405	0.030563	0.012255	0.030425	0.034781	0.011795	0.01631	0.024208	0.016749	0.002349	0.028383	0.03614	0.025824	0.019423	0.012147	0.009292	0.014027	0.036079	0.011376	0.022668	0.039907	0.0382	0.009986	0.035198	0.02876	0.009793	0.030974	0.027001	0.034063	0.023474	0.010836	0.006868	0.024832	0.023601	0.038736	0.003554	0.013846	
0.010246	0.028206	0.000337	0.017249	0.033496	0.019429	0.009678	0.033523	0.015773	0.023313	0.034551	0.037136	0.020539	0.001631	0.017474	0.000927	0.038115	0.026821	0.020928	0.024395	0.021843	0.013546	0.014838	0.019777	0.013619	0.031889	0.032721	0.03755	0.017584	0.012137	0.017183	0.011472	0.035273	0.022081	0.025491	0.017721	0.019147	0.01491	0.021988	0.023146	0.032656	0.010858	0.02132	0.007565	0.003598	0.004733	0.024063	0.038042	0.005488	0.013994	
0.035585	0.013876	0.026528	0.003823	0.018674	0.017631	0.022846	0.011897	0.037687	0.008707	0.02092	0.016195	0.040302	0.028159	0.02098	0.000746	0.014866	0.032946	0.015744	0.0263	0.010885	0.013475	0.02763	0.034518	0.012892	0.030938	0.002506	0.001651	0.032569	0.031344	0.003306	0.011897	0.024109	0.039008	0.037309	0.030638	0.03866	0.018298	0.001361	0.033522	0.030306	0.024089	0.022822	0.00769	0.033041	0.013326	0.000196	0.008764	0.005558	0.00328	
0.016988	0.0176	0.026787	0.029315	0.011076	0.028197	0.016197	0.026527	0.005534	0.012326	0.005123	0.016363	0.020835	0.032587	0.001467	0.024946	0.028447	0.024933	0.026577	0.029299	0.027094	0.002492	0.031782	0.014528	0.021926	0.028278	0.014301	0.025534	0.022021	0.021375	0.031352	0.022653	0.015783	0.017433	0.006133	0.030998	0.006434	0.026573	0.031871	7.4e-05	0.028184	0.025104	0.014399	0.030552	0.009732	0.001501	0.012777	0.031469	0.028498	0.018025	
0.008128	0.012858	0.010905	0.016292	0.036246	0.001932	0.003644	0.037392	0.003789	0.038385	0.003582	0.005437	0.018092	0.014649	0.020276	0.032845	0.032584	0.013753	0.0346	0.012024	0.033302	0.024576	0.01033	0.035884	0.028075	0.025924	0.010442	0.006874	0.018902	0.033315	0.031305	0.012807	0.016813	0.031405	0.016005	0.014939	0.007586	0.016289	0.002388	0.013186	0.010494	0.027763	0.012857	0.021107	0.032499	0.016073	0.035211	0.031125	0.031765	0.033346	
0.014947	0.017007	0.005706	0.010813	0.03032	0.033389	0.022579	0.034713	0.025536	0.013068	0.007622	0.030876	0.022205	0.017094	0.011637	0.032037	0.032457	0.014931	0.034572	0.025948	0.022555	0.028494	0.021121	0.008444	0.024258	0.023644	0.012502	0.01575	0.003398	0.011501	0.026292	0.030347	0.015878	0.016314	0.012607	0.020585	0.023913	0.021335	0.019627	0.013479	0.01427	0.030738	0.030711	0.019843	0.008523	0.018147	0.012812	0.024057	0.00698	0.024418	
0.012486	0.018375	0.002524	0.037266	0.023351	0.03019	0.024367	0.015418	0.026667	0.020437	0.014945	0.030656	0.015667	0.02862	0.01537	0.002001	0.003298	0.024823	0.009764	0.010103	0.007497	0.016254	0.003403	0.039852	0.028254	0.029757	0.005783	0.009004	0.030561	0.015871	0.029658	0.024658	0.023929	0.016176	0.008233	0.033838	0.01863	0.034847	0.001378	0.015267	0.028235	0.030105	0.007635	0.02929	0.015352	0.035108	0.008778	0.036866	0.012282	0.037171	
0.016698	0.015245	0.030144	0.027257	0.007834	0.014119	0.024332	0.013628	0.020342	0.036093	0.033884	0.033632	0.032939	0.008188	0.023837	0.014194	0.034794	0.030379	0.028788	0.007961	0.019247	0.020469	0.021825	0.006234	0.020128	0.000281	0.03427	0.023061	0.027667	0.032856	0.019885	0.010914	0.004969	0.011266	0.024028	0.034545	0.010845	0.025753	0.015295	0.032537	0.024392	0.006516	0.035931	0.00936	0.0041	0.029698	0.003675	0.007261	0.013259	0.015445	
0.011943	0.009263	0.043646	0.02092	0.017996	0.00909	0.027564	0.042084	0.018142	0.012583	0.000481	0.018609	0.016892	0.01853	0.001311	0.003721	0.011707	0.019268	0.021286	0.016832	0.008708	0.012065	0.004616	0.034255	0.010189	0.001633	0.002891	0.039216	0.042845	0.02734	0.006338	0.009938	0.014257	0.041941	0.007269	0.017848	0.042243	0.038385	0.026661	0.015417	0.037791	0.03518	0.016929	0.007197	0.043836	0.037705	0.02385	0.00789	0.010341	0.033358	
0.010548	0.012203	0.01093	0.000135	0.021824	0.001211	0.01709	0.018903	0.018022	0.013435	0.022321	0.029583	0.0267	0.003187	0.013315	0.027315	0.036798	0.021482	0.005634	0.044156	0.012922	0.012715	0.016696	0.002411	0.04257	0.032823	0.019166	0.026067	0.041275	0.015463	0.040916	0.001363	0.043273	0.029462	0.005542	0.015419	0.020997	0.009531	0.004789	0.036191	0.002989	0.001478	0.038994	0.024899	0.033662	0.037685	0.035281	0.000877	0.03824	0.001512	
0.02642	0.00188	0.038389	0.033437	0.014189	0.025423	0.023449	0.004689	0.020673	0.022582	0.028506	0.031685	0.017867	0.03581	0.000599	0.025191	0.017401	0.025471	0.012503	0.001225	0.012813	0.016535	0.008653	0.024721	0.016341	0.004403	0.028937	0.039171	0.026541	0.021309	0.028971	0.027421	0.015321	0.023998	0.015637	0.007937	0.029471	0.002186	0.015996	0.002656	0.009105	0.034785	0.029888	0.012794	0.021178	0.011526	0.028279	0.019966	0.026786	0.029286	
0.031768	0.012082	0.034267	0.0343	0.026895	0.000276	0.034447	0.038782	0.015522	0.002543	0.022736	0.000882	0.010907	0.018578	0.027022	0.024084	0.009376	0.012853	0.004617	0.034788	0.014479	0.031589	0.020501	0.016679	0.009636	0.017006	0.014348	0.035912	0.040694	0.022839	0.012285	0.035181	0.0003	0.009725	0.03216	0.003437	0.037233	0.039673	0.014048	0.031163	0.008661	0.027981	0.015385	0.017075	0.039636	0.003868	0.032177	0.008782	0.001649	0.009173	
0.014671	0.020692	0.003117	0.009354	0.012572	0.030298	0.007732	0.02365	0.031358	0.014448	0.001149	0.039209	0.011417	0.017451	0.031775	0.018798	0.025611	0.020682	0.013177	0.032646	0.016922	0.011779	0.032048	0.019954	0.034823	0.01844	0.005207	0.02339	0.014205	0.026033	0.02395	0.020019	0.00878	0.035163	0.020098	0.025378	0.02975	0.019986	0.021888	0.008433	0.027984	0.014408	0.002931	0.011932	0.038722	0.021911	0.026651	0.030733	0.016343	0.012332	
0.008085	0.005697	0.012528	0.008149	0.012226	0.023967	0.018404	0.021744	0.037373	0.034044	0.002321	0.00028	0.002875	0.024452	0.021599	0.029402	0.028749	0.036156	0.012825	0.041334	0.036392	0.039519	0.007918	0.020272	0.001644	0.023477	0.022041	0.029565	0.003239	0.005584	0.002378	0.015281	0.000705	0.030577	0.030784	0.033936	0.028166	0.033205	0.012335	0.022239	0.027021	0.029371	0.02119	0.033337	0.033273	0.001602	0.005872	0.038304	0.001118	0.027445	
5.4e-05	0.025362	0.033258	0.024605	0.017216	0.023646	0.029962	0.018423	0.033718	0.022642	0.007604	0.026294	0.011379	0.025618	0.035087	0.024256	0.031667	0.028867	0.031428	0.007803	0.009728	0.011658	0.006591	0.025284	0.01962	0.027319	0.008057	0.023134	0.013333	0.001201	0.02991	0.024639	0.008518	0.025315	0.026358	0.016923	0.02121	0.010203	0.034756	0.027688	0.005726	0.013467	0.025448	0.015557	0.026155	0.033591	0.003367	0.028054	0.001609	0.016692	
0.028705	0.011929	0.01359	0.029325	0.011439	0.03804	0.014774	0.013524	0.024086	0.02175	0.026365	0.02219	0.000563	0.008808	0.011547	0.028579	0.00306	0.003829	0.002182	0.033683	0.01944	0.0249	0.033042	0.006286	0.021754	0.03425	0.000573	0.01248	0.024991	0.023905	0.017608	0.016281	0.017869	0.036454	0.015598	0.037953	0.02355	0.023648	0.008111	0.025652	0.001425	0.033434	0.025631	0.021313	0.036248	8.6e-05	0.02719	0.033519	0.015351	0.03349	
0.036037	0.000875	0.029816	0.042447	0.004515	0.035961	0.014273	0.011442	0.01767	0.006613	0.016946	0.011782	0.01103	0.016211	0.001393	0.030964	0.03381	0.020963	0.037484	0.033075	0.007069	0.018606	0.026331	0.015041	0.036225	0.01464	0.026204	0.015166	0.00536	0.025469	0.004399	0.012458	0.001522	0.033571	0.016827	0.041648	0.011448	0.02837	0.010856	0.042597	0.041058	0.013198	0.0274	0.030219	0.015059	0.038553	0.002652	0.006827	0.000205	0.017715	
0.007165	0.026509	0.033282	0.021365	0.021735	0.004438	0.00458	0.005221	0.031846	0.003077	0.040148	0.003226	0.012363	0.004424	0.005324	0.019024	0.034504	0.01376	0.012738	0.012271	0.019679	0.000474	0.015245	0.031048	0.028177	0.00053	0.015234	0.036953	0.004697	0.032157	0.005785	0.00831	0.002761	0.028653	0.039347	0.022239	0.030899	0.033949	0.035778	0.040102	0.028891	0.038179	0.033718	0.035208	0.040306	0.006024	0.003023	0.016006	0.033873	0.015755	
0.017005	0.024197	0.012945	0.02406	0.036416	0.020701	0.034267	0.011282	0.015918	0.00616	0.000936	0.014202	0.028938	0.010953	0.023262	0.023539	0.00165	0.023232	0.036212	0.031832	0.015003	0.031386	0.000707	0.024076	0.025041	0.00333	0.022695	0.034657	0.01524	0.029234	0.009088	0.002227	0.016384	0.034713	0.009508	0.016762	0.018543	0.036345	0.023828	0.027582	0.013502	0.026633	0.023163	0.035913	0.014723	0.006538	0.00079	0.031392	0.023882	0.029408	
0.017677	0.002676	0.021391	0.005907	0.024329	0.010194	0.012587	0.004673	0.014502	0.025394	0.040268	0.019794	0.026696	0.024534	0.010142	0.021013	0.043676	0.01953	0.016014	0.011788	0.030024	0.013377	0.018926	0.005497	0.030001	0.03242	0.014684	0.041094	0.010642	0.028043	0.022574	3.3e-05	0.041401	0.008434	0.038658	0.008575	0.038555	0.026308	0.001486	0.019373	0.020171	0.007467	0.028717	0.027611	0.043857	0.012075	0.007009	0.010015	0.014834	0.025354	
0.16