50
2
-0.00816	0.608945	0.448531	0.643794	0.85189	0.552483	0.173852	-0.757962	0.237934	0.936008	-0.126182	-0.63411	0.814089	0.329533	0.246194	0.911918	-0.437116	-0.873388	-0.003065	-0.249551	0.121857	-0.951443	-0.792231	0.5055	0.249618	-0.837859	-0.218391	0.940274	-0.259557	0.571696	-0.841772	-0.88831	0.901873	-0.798471	-0.854299	0.308476	-0.543508	0.488686	-0.937136	-0.622043	0.444368	-0.534277	0.852274	-0.84879	-0.991393	0.42733	-0.251794	-0.724418	-0.469074	-0.802287	
0.364261	-0.728643	-0.049558	0.571574	0.798188	0.605593	-0.025247	0.496716	-0.640835	0.414968	-0.265544	0.022916	0.764396	-0.475426	-0.062236	-0.951334	0.567137	0.7295	0.286764	0.371824	0.355824	-0.70112	-0.284479	-0.500715	0.338736	-0.830129	-0.483452	-0.356066	0.852289	0.01828	0.679166	0.115025	0.867472	-0.455155	-0.891082	0.509609	0.692048	0.319679	0.332369	-0.577385	-0.791665	0.442758	0.426692	-0.004239	-0.963769	-0.284057	0.287092	0.449154	-0.549725	-0.362859	
-0.341449	0.170531	0.797474	-0.143267	-0.623053	-0.688593	0.692999	0.802745	-0.282379	-0.943853	-0.436528	0.875893	-0.747181	-0.784347	0.830162	0.390568	0.820941	0.138418	0.496003	-0.898028	-0.259296	-0.572525	0.214417	0.827694	-0.278348	-0.140475	-0.365229	-0.468653	-0.292165	-0.475555	0.080217	-0.818381	-0.497857	0.299902	0.436051	0.242677	-0.47466	-0.394887	-0.801937	0.361892	0.903701	-0.72334	-0.930188	-0.111694	0.270878	-0.9288	-0.911934	0.489055	-0.988731	0.475072	
-0.003525	-0.328116	-0.318266	-0.052188	0.373582	-0.066056	-0.032575	0.645165	0.143671	0.899901	0.004493	0.265087	0.271651	0.328837	-0.479819	0.284953	0.949422	-0.19516	0.95362	0.697735	-0.572146	-0.132607	-0.454373	0.334616	0.833392	0.339517	-0.077013	0.653369	-0.547157	0.196144	0.20254	-0.034447	-0.439488	0.320794	-0.9125	0.984204	0.665686	0.320162	-0.172818	0.028836	0.64118	0.582556	-0.198781	-0.197668	-0.467723	0.744592	-0.010385	-0.672253	-0.832095	0.618319	
-0.603241	0.171178	0.020107	-0.399762	0.379861	-0.187215	-0.094736	-0.979522	-0.11953	0.120498	-0.83589	0.932003	-0.249744	0.306022	0.25614	0.185205	-0.200447	0.63315	0.141162	-0.050063	-0.789425	0.271205	0.78419	-0.157763	0.490722	0.084666	-0.462538	0.043281	-0.078464	-0.446952	0.643397	-0.028556	0.451933	-0.524568	0.953113	-0.473425	0.82293	-0.382042	-0.05157	-0.095564	-0.785227	0.690097	-0.067934	-0.869296	0.438582	-0.098939	0.288008	-0.231698	-0.496907	0.944369	
0.259569	-0.970518	0.625369	-0.598504	-0.274766	-0.756209	0.9946	0.292762	0.246846	-0.227942	-0.597967	0.769769	-0.195987	0.991991	-0.848864	0.40052	-0.962644	-0.805716	0.072045	0.762214	-0.361821	0.610372	-0.417211	0.840083	0.057438	-0.869221	0.440585	-0.87236	-0.536665	-0.499611	-0.730053	0.551387	0.442654	0.378785	-0.195729	-0.647344	0.388558	-0.912478	0.319891	0.011426	-0.718992	0.111589	-0.891625	0.446652	0.556635	-0.070379	0.603896	-0.007717	0.291808	0.459836	
0.563031	-0.258379	0.756185	-0.594416	-0.764951	-0.70438	-0.099141	0.116878	-0.549776	0.520627	-0.689327	0.08965	-0.245232	0.261046	-0.86001	0.778292	-0.850705	-0.745468	0.555507	-0.263557	0.256119	-0.011411	0.042624	0.265747	0.433564	-0.073484	-0.183143	-0.833824	-0.733554	0.727495	-0.867489	-0.087012	-0.001705	-0.721402	-0.170843	-0.112005	0.491556	0.261398	-0.171535	0.788845	0.339175	-0.125304	-0.69873	-0.566747	0.704165	-0.91117	-0.059082	-0.352734	-0.499152	-0.091558	
-0.133851	-0.587865	-0.214113	-0.590189	0.366092	0.364128	-0.272278	0.563523	-0.600824	0.057941	-0.457668	-0.677019	0.400895	-0.985863	0.879422	0.505988	-0.968082	-0.730164	-0.979424	-0.556102	-0.162495	-0.226535	0.941351	-0.264604	-0.01716	-0.338791	0.910494	-0.77456	0.450045	-0.554078	-0.965421	-0.673301	-0.778228	0.966494	-0.100242	0.129926	0.571427	0.968282	0.728483	0.781258	-0.046433	0.917662	-0.986801	-0.778517	0.418572	-0.847552	-0.945742	0.675326	-0.606154	-0.613682	
0.582157	0.282816	0.139547	0.419496	0.153693	0.206306	0.362854	-0.371288	0.749399	0.23924	0.44625	0.910167	-0.95234	-0.874579	-0.744148	-0.359401	-0.701558	-0.808192	0.969501	-0.313567	0.350368	-0.540973	0.646427	-0.093453	-0.025011	0.90242	-0.073571	-0.690196	0.60381	-0.987576	0.198057	-0.703374	-0.692278	-0.995115	-0.181346	0.609231	-0.411097	0.100276	-0.830391	0.213335	0.00796	0.341153	-0.377659	-0.898993	0.918053	-0.296047	0.480892	0.632516	-0.340657	0.516082	
0.135359	0.903916	0.219425	-0.033265	-0.626038	0.927017	0.235393	0.929302	-0.05108	-0.061842	0.111869	-0.021251	0.158028	0.264952	-0.046506	0.441623	0.751746	-0.115081	-0.750888	-0.820844	0.621861	-0.139426	0.514637	-0.173731	-0.685383	0.169394	-0.984219	0.676736	0.849008	-0.481136	-0.204575	0.553042	-0.232781	0.113942	0.506685	0.419654	0.427438	0.357495	0.354936	-0.88134	0.314829	-0.765451	-0.599162	0.234336	-0.375305	-0.247801	0.383721	-0.154512	-0.698696	0.998918	
0.011622	0.488963	0.386731	0.529512	0.41911	0.168222	0.363535	0.377683	-0.393402	0.342583	0.360021	-0.872727	0.066	-0.374119	0.287898	0.188588	0.948194	-0.527686	-0.874837	-0.322233	0.560769	-0.179824	-0.069114	-0.787197	0.818905	0.995465	0.960205	0.892029	-0.210195	0.315197	0.472402	0.152105	-0.925334	0.71904	-0.453741	-0.902424	-0.070237	-0.763083	0.048841	-0.961764	-0.455	0.677715	-0.148344	-0.475731	0.294386	-0.816875	-0.561854	0.375966	0.834486	-0.050398	
-0.344693	-0.978232	0.573348	-0.115502	0.945695	-0.861828	0.102607	-0.242393	0.607534	0.918376	-0.176453	-0.729815	0.924643	-0.085782	-0.146197	0.326784	0.836125	-0.350383	-0.548867	0.627969	0.910673	-0.148438	-0.28277	-0.603328	-0.905731	-0.194323	-0.810397	0.39218	0.611077	-0.028387	0.709036	0.907759	0.774279	-0.172002	0.047812	-0.686251	-0.820344	-0.617159	0.199779	0.57371	0.029558	0.372976	0.072378	-0.233167	0.136563	-0.331087	0.587392	-0.148664	-0.235737	-0.779604	
0.360388	-0.562069	0.214664	-0.494662	-0.622843	0.300232	-0.595746	0.598442	-0.780426	0.633488	-0.59357	-0.744371	0.508172	-0.029818	-0.385835	-0.694605	-0.874463	-0.515257	-0.056902	0.151501	0.600521	-0.602788	0.954589	-0.660384	-0.026257	-0.984586	-0.963153	-0.183958	-0.17278	-0.021402	0.417719	0.284251	-0.470351	-0.324594	-0.577883	-0.841563	0.259344	0.282623	-0.831189	-0.923642	-0.940197	0.794321	-0.248844	-0.710316	-0.50544	0.09061	0.946744	0.64772	0.694483	-0.785256	
-0.930204	0.01641	-0.082614	-0.3587	0.111212	0.997697	0.422753	0.511045	0.468426	-0.589234	-0.630589	0.554647	0.310348	0.091378	0.450432	-0.295994	0.193405	0.818316	-0.204859	0.599874	0.766943	0.386735	-0.957794	-0.036525	-0.810943	-0.8942	0.879316	-0.613265	0.007647	0.444379	0.371401	-0.270235	0.078215	0.845823	-0.483768	-0.086234	-0.482327	-0.971019	0.384429	-0.815899	0.570118	-0.466439	-0.622007	0.355363	-0.714275	-0.475658	0.765138	0.666582	0.635504	-0.110616	
0.240619	0.935863	0.88022	0.527446	-0.912746	0.594705	-0.34277	0.016375	0.645809	0.097797	-0.173451	-0.566109	0.647574	-0.536864	-0.349476	0.027471	0.22782	-0.443385	-0.295664	0.122148	0.627603	-0.783883	-0.667145	0.735752	0.514813	0.203001	0.426424	-0.069175	0.496157	-0.02744	0.257347	0.979283	-0.489013	-0.437109	0.085655	-0.286371	-0.499655	0.815548	-0.31144	0.708009	-0.801682	-0.709848	0.536916	-0.600201	0.155231	0.132298	-0.725055	0.511126	0.121562	0.345587	
0.554032	0.591521	0.863324	-0.141366	-0.453873	0.462956	-0.384713	0.800448	-0.888473	-0.843202	-0.643378	0.877943	-0.836148	-0.957217	0.456165	0.178917	0.62761	-0.211003	0.641316	-0.617654	-0.197091	-0.549245	0.276803	-0.216856	-0.009649	-0.102126	0.072031	0.333323	-0.813917	0.656261	-0.536879	-0.428564	0.951564	0.524267	-0.74185	0.679022	-0.970201	0.221012	-0.159242	-0.222499	-0.634563	-0.89593	-0.691897	-0.610856	0.386626	0.633044	-0.903012	0.246697	-0.021164	-0.591739	
-0.191189	0.567711	0.388011	0.717171	0.66718	-0.691167	-0.867465	0.514495	0.144689	0.359759	0.327544	-0.851417	0.060468	0.093873	0.525864	-0.854714	0.856002	-0.765836	0.805841	-0.747829	0.223688	0.701556	0.814789	-0.179063	0.886869	-0.427435	0.961464	0.482153	-0.742069	0.669441	-0.117182	0.650216	0.253179	-0.933144	-0.325529	0.993563	0.742983	0.623469	-0.713307	-0.162824	0.966264	-0.794975	-0.52288	0.8478	0.989825	0.491403	-0.071379	0.233652	0.195523	-0.622471	
0.408689	0.0256	0.562344	0.015205	0.07746	-0.90263	-0.341619	0.286552	0.619824	-0.114441	-0.647303	-0.744439	-0.688817	0.754846	-0.900555	0.856364	0.352792	0.890382	-0.494285	0.538756	-0.426774	-0.118516	-0.607484	0.422855	0.470621	0.091301	0.609795	0.080311	0.296848	0.14129	0.251373	-0.815256	-0.027236	-0.694256	-0.325466	0.717967	-0.852064	0.381507	0.058613	0.400963	0.160427	-0.795411	0.474777	-0.963984	0.962452	-0.647711	0.931675	-0.811567	0.14267	0.709171	
0.295298	-0.75188	-0.908984	-0.784708	-0.001359	0.602447	-0.152451	-0.023783	0.236982	-0.56999	-0.284166	-0.420909	0.465978	0.222693	-0.062171	-0.741455	0.025455	-0.792115	-0.055204	0.860174	-0.537105	-0.191406	0.595372	-0.400941	-0.831522	0.530414	0.235288	-0.237589	0.150169	-0.482654	-0.96658	-0.823117	-0.736969	0.21128	-0.332488	-0.400984	-0.884246	-0.58129	-0.728015	0.731008	-0.835725	0.391748	-0.101542	0.362061	-0.075891	0.969917	-0.623581	-0.045092	-0.736111	-0.135428	
0.275294	0.335361	0.88895	-0.78579	-0.149934	0.845392	0.495413	0.218681	-0.956142	0.1865	-0.397841	-0.637227	0.719054	0.836332	0.783397	0.405365	0.013771	0.755493	-0.744649	0.959901	0.077853	-0.68116	0.660943	0.150724	0.07723	0.487135	0.924395	-0.916618	-0.855888	0.591881	-0.315703	0.43723	-0.668794	-0.805546	0.094288	0.758081	-0.437851	-0.047984	-0.891713	0.949226	0.869942	-0.949352	0.47486	-0.565088	0.871057	-0.99469	0.674431	-0.414868	0.793011	0.645342	
0.906195	-0.263983	0.542902	-0.11899	-0.864047	0.724789	-0.948534	0.07022	0.428403	-0.767218	-0.428208	-0.175989	0.034148	-0.873004	0.970306	-0.202069	-0.369008	0.41808	-0.251063	-0.367148	-0.245836	-0.966554	0.398154	-0.145024	0.905817	-0.568716	-0.312731	-0.139084	-0.488711	-0.041782	0.221962	0.004324	-0.107197	-0.665318	-0.711683	0.74585	-0.444615	0.965517	-0.934758	-0.129973	-0.689776	0.598042	0.849091	-0.316696	-0.394492	0.441265	0.440596	-0.945131	0.875479	-0.953769	
-0.277975	0.611118	0.500526	-0.656449	0.062265	-0.707137	-0.302711	-0.24642	0.113481	-0.739135	-0.709051	-0.873315	0.616416	0.009016	0.023633	-0.144518	-0.08996	0.627081	0.324727	-0.666718	-0.949368	-0.8241	0.738518	0.467846	0.886748	0.88539	0.753333	0.208192	-0.187301	0.216988	0.956579	-0.111097	0.971158	0.980089	0.723679	-0.326155	0.586676	0.196069	0.31332	0.302954	0.949771	0.551859	0.953948	-0.79266	0.193117	0.244354	-0.306761	-0.849704	0.337248	0.404169	
-0.988839	0.295444	-0.106738	-0.876092	0.18869	0.957698	-0.603863	-0.531554	0.670548	0.366956	-0.941489	-0.930706	0.12125	0.793738	-0.83047	-0.879863	0.168458	0.462635	0.780518	0.190178	-0.992178	-0.231755	0.706094	0.00222	-0.367423	0.716281	-0.334141	0.839206	-0.761551	-0.079072	0.066115	0.191372	0.548784	0.674331	-0.690012	-0.356255	-0.113879	0.447188	-0.217694	-0.055035	-0.629052	0.560193	0.15123	0.227312	0.479704	0.433082	-0.522572	0.372953	-0.966093	0.561053	
-0.856182	-0.637178	0.880512	-0.472946	-0.475968	0.299379	0.441408	0.990886	-0.462883	0.908889	0.318677	0.520217	0.857738	-0.42527	0.49542	-0.946191	-0.791281	-0.845919	0.210518	-0.705493	0.759671	0.978663	-0.873614	0.820223	-0.830698	-0.190362	-0.691001	-0.261839	-0.968885	0.784273	0.384899	0.656866	0.607661	-0.353249	0.610442	0.863991	-0.231938	0.391341	0.564948	-0.412475	0.768266	-0.34384	-0.376331	-0.933582	-0.128362	0.103345	-0.356624	0.841587	-0.768843	-0.252453	
0.719911	-0.729707	0.268314	-0.386518	0.327045	0.924107	-0.922121	-0.301494	0.53715	-0.454419	-0.561987	0.672203	0.574794	0.390446	-0.872364	0.788273	-0.901699	-0.781482	-0.757688	-0.522072	-0.963057	0.184395	0.016924	0.579944	-0.559646	0.670386	-0.938957	-0.293017	-0.468043	0.280347	0.738134	0.021916	0.778838	0.96559	0.170812	-0.085313	-0.92902	-0.500204	-0.444536	-0.544536	0.963259	0.64727	0.365841	-0.386066	0.78001	-0.807501	0.830133	0.756474	-0.283609	-0.35278	
-0.016861	0.822261	-0.005883	0.435859	-0.259603	-0.345855	-0.284025	-0.099126	0.676151	-0.651366	0.431223	0.48021	-0.268693	-0.02994	0.778857	0.301318	0.668928	-0.165481	-0.393362	-0.653601	-0.560131	-0.165012	0.668432	-0.266247	-0.003974	-0.335048	0.206802	-0.560201	0.650235	-0.38385	-0.6778	0.020722	0.249925	0.783373	-0.82567	-0.415123	-0.761083	-0.732401	-0.177686	-0.724777	0.474031	0.154294	-0.434499	-0.622697	0.578477	-0.634841	0.029626	0.87046	0.390645	0.304952	
-0.793153	-0.928736	-0.270004	0.395033	-0.594098	-0.930271	0.272783	-0.581851	0.276907	-0.569737	0.459783	0.230238	-0.592447	0.829776	0.806883	0.381715	-0.874268	-0.829252	-0.996038	-0.835255	0.132696	-0.953891	-0.634272	-0.337542	-0.138001	-0.76606	-0.692484	0.811741	-0.841898	0.389488	0.774418	-0.208087	0.651396	0.035446	0.918511	-0.812246	0.864654	-0.729696	-0.616736	-0.893311	-0.293852	0.234784	0.581204	-0.307594	0.546012	0.829312	0.620755	-0.926902	0.654849	0.672953	
0.280967	-0.80898	0.199949	-0.660546	0.746828	0.4136	-0.254217	-0.793336	0.417068	-0.55034	-0.587856	-0.868833	-0.980463	-0.442081	0.919664	-0.073954	0.317591	-0.166204	-0.042509	0.855153	0.806677	0.802727	-0.987728	0.756851	-0.696259	-0.232147	-0.889668	0.420975	-0.273044	0.021482	0.467553	-0.681554	0.399978	0.150831	0.522339	-0.909338	-0.491639	0.220346	0.936058	0.272163	-0.547683	0.567636	0.614355	0.783975	0.300005	-0.226064	-0.635791	-0.13496	-0.729314	0.5141	
0.563669	0.352499	-0.880227	-0.241373	-0.344721	-0.582818	0.341561	-0.962075	-0.88532	-0.250538	0.615162	0.443194	-0.210346	-0.454227	0.669714	0.830392	0.705182	0.480423	0.197276	-0.926203	0.256514	0.231664	0.962329	0.501054	-0.821806	0.096091	-0.463368	0.37352	-0.347228	-0.11646	0.128772	0.251109	-0.007492	-0.022214	0.838284	0.771502	-0.339125	-0.696855	0.518025	-0.410845	-0.644528	-0.816232	-0.015529	-0.888848	0.986167	-0.620116	-0.052791	-0.592699	0.020492	0.399143	
-0.842866	-0.036073	0.832526	-0.535313	-0.793963	0.996668	-0.755013	-0.921164	0.996335	0.361684	0.765969	-0.320174	-0.005033	-0.96785	0.324186	-0.951098	0.173217	0.303076	0.424817	-0.56877	-0.744014	-0.315535	-0.397905	0.380966	-0.987511	0.602055	0.879614	-0.301887	0.599171	0.523903	0.658152	0.086371	-0.961878	0.791456	-0.074454	0.524274	-0.667261	0.19077	0.856929	0.498424	-0.450968	-0.856752	-0.349632	0.478704	-0.659672	0.885012	-0.607557	0.013822	-0.586057	-0.242044	
0.081072	-0.091056	0.31381	0.39331	-0.007702	0.709763	-0.76725	-0.689268	0.080683	0.426253	0.482462	0.787969	-0.845738	0.8416	0.712521	-0.335765	0.583297	0.169372	-0.83549	0.832844	-0.26862	0.712245	0.797188	-0.328594	-0.774055	-0.962623	0.800988	0.476007	0.451918	0.597003	0.458965	-0.749311	0.828902	0.178819	-0.607963	-0.480099	-0.431427	-0.181634	0.891211	-0.834764	-0.507047	-0.18962	0.239177	-0.572933	-0.20368	-0.421994	-0.060511	-0.160648	-0.338821	0.095402	
0.089324	0.774451	-0.673339	-0.582385	0.177773	0.120098	0.504802	-0.930968	-0.577469	-0.541502	0.015167	-0.462718	-0.297845	0.566696	-0.323816	0.405955	0.550883	0.955671	-0.509244	-0.240195	-0.273819	-0.786785	-0.129894	0.902955	-0.666672	0.452035	0.223588	-0.155658	-0.770044	0.391236	0.239051	0.756266	-0.554307	-0.017778	-0.304437	-0.522853	-0.43685	-0.752861	-0.15112	0.227055	0.486481	0.763795	-0.390291	-0.447695	0.611591	0.59578	-0.116029	-0.917175	-0.872937	0.878335	
-0.580942	-0.873859	0.396485	0.568236	-0.91752	0.803047	0.527124	0.266615	0.478196	0.809269	-0.583027	0.026208	-0.95645	-0.185031	0.731221	-0.010997	0.973471	-0.76397	-0.547609	0.871354	-0.606495	0.986552	0.653215	-0.43336	0.181112	-0.263955	0.709126	0.960112	0.479478	-0.530412	0.54292	-0.192448	-0.961789	0.705944	-0.256305	0.031153	-0.897266	-0.024236	-0.147987	-0.295606	0.19908	0.857794	0.677493	0.331006	0.998948	0.318188	-0.472722	0.245845	-0.896719	0.855846	
0.624386	0.39879	0.466561	-0.109497	-0.031074	0.100721	-0.01307	0.9764	-0.602387	-0.490494	0.979355	-0.61957	0.456154	-0.557083	-0.685858	0.140556	0.492325	0.284077	-0.809238	-0.354348	-0.492119	0.840256	-0.195215	0.296184	-0.281641	-0.235389	-0.493845	-0.618304	-0.984984	-0.930833	-0.196714	-0.490103	0.645237	0.953232	0.001411	0.020455	0.583486	-0.917155	-0.578131	0.971717	0.008789	-0.779229	0.239567	0.966376	-0.397789	0.611924	0.527586	-0.793813	-0.517002	-0.857425	
0.407567	0.373717	-0.017883	-0.194157	0.93034	0.106546	-0.726015	-0.193662	0.679619	0.608963	0.630939	0.340687	-0.85224	-0.781154	-0.161022	0.730055	0.985354	-0.90665	-0.480599	-0.807541	-0.004619	0.305863	-0.881429	-0.039683	-0.464909	0.993133	0.961481	0.295774	0.210801	0.143009	-0.310698	0.820631	-0.501475	0.545896	-0.214594	-0.052773	0.864262	-0.483781	-0.793826	0.501755	-0.778189	0.590033	-0.413297	-0.298591	0.970783	-0.82792	0.430749	0.576095	0.240237	-0.857926	
0.783654	-0.223889	0.516297	-0.766033	0.206402	-0.003206	-0.015557	-0.56149	0.42861	-0.659981	0.078568	-0.056323	-0.269045	0.71378	0.444344	-0.898266	0.514014	0.060184	0.363095	-0.207162	0.651159	0.935842	0.438317	0.092124	0.363844	0.564744	-0.559821	0.688565	-0.210319	-0.041905	0.428155	0.639696	-0.83423	0.975536	-0.299979	0.238858	0.760883	-0.993843	0.853149	0.298473	-0.132414	0.194307	-0.5022	-0.403035	-0.654925	-0.073737	-0.192696	0.853398	0.316152	-0.094076	
-0.687203	0.452319	0.417544	0.303438	0.228105	-0.679578	-0.01138	-0.248582	0.93448	-0.927977	-0.684342	-0.061089	-0.620036	-0.546505	-0.045893	-0.177459	0.790118	-0.736141	-0.332978	0.124042	-0.084656	0.418706	-0.191794	-0.782337	-0.738578	-0.085059	-0.02545	-0.690717	0.821625	0.596259	0.819222	-0.061173	-0.418994	0.002232	0.869057	0.637768	-0.814101	0.961297	-0.675203	0.434377	-0.432717	0.457839	0.19357	-0.015046	-0.447986	0.472167	-0.373097	0.823199	-0.731812	-0.847057	
-0.166863	-0.99974	-0.723025	-0.244299	-0.887304	0.659972	-0.316599	0.945402	-0.72628	0.432681	0.581408	0.906732	0.077079	0.174898	0.42142	-0.40155	0.583998	-0.245282	-0.995256	0.239074	0.023121	0.918217	-0.070959	-0.549851	-0.567809	0.251737	-0.938119	-0.504627	0.514032	-0.917293	-0.39764	-0.803388	0.475309	-0.271981	-0.234604	-0.515933	0.072834	-0.719086	-0.054038	-0.673501	0.940622	0.611867	-0.78151	-0.199157	0.888115	-0.790712	-0.547246	-0.818681	-0.695429	-0.545225	
0.912981	0.547025	0.056176	0.033193	0.258683	0.735986	0.029243	-0.112318	-0.082852	-0.181548	0.064174	-0.723771	-0.480102	0.419394	-0.223508	-0.355625	-0.362829	-0.442528	0.302761	0.53505	-0.754432	0.712248	-0.71494	0.990907	0.840126	-0.987833	-0.303141	0.607599	0.612099	-0.16401	0.77827	0.15164	-0.964651	-0.651574	-0.995452	0.084744	-0.239269	-0.955085	-0.093056	-0.499744	0.533923	-0.971056	-0.739012	0.795489	-0.968678	0.025531	0.906186	-0.029402	0.563193	0.703685	
-0.309845	0.14827	0.895282	-0.260609	-0.463437	0.887707	-0.144596	-0.954173	-0.056204	-0.548973	-0.351429	-0.360441	-0.558957	0.193847	0.248484	0.168469	-0.905246	-0.146151	-0.182757	-0.032518	0.253432	-0.567734	-0.559573	0.701323	0.816185	0.726615	0.752582	0.417329	-0.081897	0.72876	0.808775	0.824849	-0.911945	0.212747	-0.543722	0.398312	0.647179	0.359976	-0.168442	0.003348	-0.101921	0.188	-0.795907	0.527954	0.128104	-0.117047	0.668311	-0.927035	0.898931	-0.098582	
-0.658509	-0.863017	-0.105878	-0.683511	-0.918331	0.635985	-0.587988	0.469425	-0.383245	0.634756	0.567278	0.565601	-0.547544	0.581061	0.462871	0.363207	-0.554195	-0.785495	0.794825	-0.73267	-0.344338	-0.32082	0.420353	0.894209	-0.72282	-0.922938	-0.553728	0.700328	0.354036	0.108025	0.030151	-0.369651	0.037076	0.978737	0.659115	0.352382	0.00529	-0.287918	-0.114825	-0.785386	0.283563	0.698284	-0.056219	-0.19862	0.39761	0.594924	-0.403067	0.08462	0.227746	-0.316747	
0.703513	0.512557	-0.165171	0.617715	0.581854	-0.943287	-0.115553	0.725936	-0.88034	0.920385	0.723142	0.647604	-0.222539	-0.78092	0.186056	0.552631	0.325605	-0.529165	0.302322	-0.745734	0.471765	0.893862	0.821273	-0.8418	-0.79737	0.246897	-0.006011	0.334094	-0.60183	0.536757	0.154928	0.997957	0.365153	-0.873911	0.671533	-0.620237	-0.304739	0.239248	0.440346	-0.172922	0.943378	0.411278	-0.190672	0.297902	-0.288867	0.955468	0.187237	-0.54858	0.788528	-0.862356	
0.532651	-0.771341	0.35166	0.38309	0.928383	0.168031	0.431595	0.678675	-0.927512	0.55039	-0.63636	0.602352	0.331483	0.119911	0.121123	-0.884993	-0.970657	-0.244704	0.752653	0.187194	-0.763918	0.204433	0.13619	0.559884	-0.165095	0.263089	-0.166881	-0.613029	0.446878	0.088202	0.350372	-0.417654	0.011491	-0.189001	0.077819	-0.647617	-0.645693	0.174056	-0.264576	0.281713	-0.35908	0.218376	-0.261005	0.443867	0.948599	-0.9296	0.208485	-0.262629	0.398288	-0.416474	
0.80831	-0.934674	-0.078679	0.740596	-0.492039	-0.187618	0.093085	0.885811	-0.580733	-0.636067	0.053422	-0.970282	-0.777806	-0.327111	0.728356	-0.048508	0.804232	-0.172302	0.205484	0.198264	0.059691	-0.368723	0.862972	-0.98476	-0.719077	-0.788762	-0.289804	0.005014	-0.008499	0.351055	0.927278	0.9033	0.694364	0.717572	-0.931256	-0.16677	0.305002	-0.603461	-0.310673	0.197133	-0.916122	-0.860291	0.00524	0.817529	-0.864666	-0.70345	-0.730584	0.980432	-0.930985	-0.923071	
-0.881025	-0.755873	0.298903	-0.543846	0.36372	-0.768182	-0.582763	0.107101	0.104819	0.381792	-0.042109	0.036217	0.154202	0.98495	0.857497	-0.517839	0.960718	0.582106	-0.844245	0.293608	0.479884	-0.194857	0.812957	0.468827	0.800263	0.867055	-0.342361	0.059979	-0.31551	0.170754	-0.591607	-0.99839	-0.192497	-0.624519	0.469336	0.521629	-0.921016	-0.856961	-0.014104	-0.729175	-0.047835	0.921737	-0.678257	-0.124492	-0.738719	0.322517	0.979507	-0.02948	-0.379297	0.773706	
0.297924	-0.22717	0.492534	-0.277772	0.627309	0.082918	0.706699	0.259566	0.766925	-0.445327	-0.640668	0.810023	-0.908544	0.192309	0.510905	0.923172	0.667903	0.541761	-0.459748	0.545517	-0.004529	-0.745086	-0.334861	-0.01552	-0.036946	0.167376	-0.947837	0.530695	0.674591	0.872115	0.355743	0.345849	0.171995	0.725187	0.026802	-0.39414	0.228801	0.237114	0.438167	-0.68358	0.494042	0.769508	0.324348	0.899055	0.383294	0.597347	-0.675506	-0.61755	-0.346016	0.287433	
-0.299057	0.10887	0.465676	0.547483	0.358423	0.736385	0.984108	-0.843847	0.641687	0.007137	-0.10436	0.147862	0.999541	0.33984	0.751151	-0.309976	-0.736461	0.313774	-0.567296	0.444812	0.805098	0.343734	-0.807606	-0.325042	-0.180667	-0.868443	-0.819239	0.803547	-0.846719	-0.985025	0.745484	-0.547815	0.938468	0.302702	0.156499	-0.339089	0.589849	-0.219604	-0.396635	0.488802	0.166178	-0.745159	-0.648667	0.245376	-0.417758	-0.782925	-0.264038	-0.808919	0.732115	0.020089	
0.467183	0.461637	0.76395	0.734704	0.16499	-0.781094	0.00177	0.501813	0.717448	0.943172	0.776596	-0.303203	0.421983	0.00629	0.703674	0.759381	-0.30025	0.223653	0.533331	0.367543	-0.401706	-0.085187	0.51447	-0.450892	0.479216	0.592158	-0.712585	-0.857679	0.39618	0.570615	-0.044178	-0.152034	-0.459645	0.396434	-0.741234	0.034213	-0.522765	-0.377381	-0.089785	0.217335	-0.193965	0.939801	0.929785	-0.027987	-0.929367	-0.720235	0.004793	0.692517	0.160207	-0.741279	
-0.38255	-0.578747	-0.109185	-0.700781	0.069256	0.530891	-0.59624	0.324588	0.73564	-0.265123	-0.83571	-0.398864	0.739864	0.781237	-0.233275	-0.662761	0.304052	0.896154	-0.011304	0.35284	0.21148	0.007167	0.200835	-0.972319	0.066473	-0.327408	0.308401	0.292329	-0.833162	-0.577476	-0.404595	-0.576153	0.275003	0.770041	-0.083462	0.742969	0.783517	-0.843006	0.196317	0.940982	-0.428591	0.657168	0.685765	0.804449	-0.325759	-0.165754	-0.50848	0.198784	0.167683	0.720273	
0.896756	0.846155	-0.33379	-0.248175	0.110801	-0.070558	-0.385578	-0.12852	0.259404	0.825244	0.978977	-0.555437	-0.608881	0.847387	0.507804	-0.934014	0.768485	0.792938	0.357989	0.603912	-0.310697	0.572951	-0.13277	-0.74121	0.298897	0.217024	0.172492	0.803808	0.131296	0.458235	-0.92735	-0.610524	-0.652245	0.851364	0.585603	-0.218368	-0.927549	0.785118	-0.112212	0.564978	0.075241	-0.771568	-0.757276	-0.98467	-0.922957	-0.050307	-0.470674	-0.01699	-0.541589	-0.98037	
0.454601	-0.686474	-0.375146	0.12274	0.079657	-0.80317	-0.587894	-0.438145	0.3599	0.23917	0.076257	0.637499	-0.748935	0.576777	-0.477301	-0.655566	0.739825	0.834349	0.070648	0.034557	-0.227973	-0.911698	-0.23193	-0.609025	-0.470791	-0.240594	0.417457	0.314934	0.930492	0.218655	-0.837505	-0.191096	0.272462	-0.777759	-0.709668	-0.529712	0.201572	-0.766179	-0.03653	0.146494	0.748559	0.180389	0.712438	-0.704304	0.588317	0.308106	0.836482	-0.587959	-0.392055	-0.580453	
-0.292145	0.652672	-0.732102	-0.529857	-0.944497	-0.030817	0.644502	-0.062289	0.326301	0.558586	-0.014194	0.58707	-0.652315	0.196695	-0.018673	-0.208282	0.081352	-0.447964	-0.223868	0.070616	0.545986	0.044499	-0.768156	0.885853	-0.234041	0.182261	-0.824305	0.599677	0.992537	0.336991	-0.716224	0.941046	0.272582	0.465219	-0.432273	-0.005395	-0.754148	-0.650625	0.846499	0.363057	-0.178351	-0.812458	-0.074126	0.289912	-0.633095	-0.311098	-0.045809	0.279118	-0.652917	0.093294	
-0.160647	0.286803	-0.305623	-0.93143	0.726145	-0.092043	0.494184	-0.939621	-0.313145	0.375384	0.543241	-0.469472	-0.014096	-0.028126	0.498599	0.450003	0.842575	-0.458852	0.380105	-0.055671	0.462973	0.699031	0.790757	0.251431	0.216066	-0.306557	-0.230326	0.767117	0.033664	-0.347769	0.526977	-0.387148	-0.462947	0.769698	-0.969947	0.852505	0.723459	0.752512	0.718836	0.692532	0.566877	-0.757617	-0.701687	0.297883	0.388455	-0.092452	0.592469	-0.688841	-0.363251	0.892384	
0.088734	-0.372741	0.175581	0.817468	-0.856112	-0.766203	0.917997	0.422345	-0.405088	-0.035027	0.108633	0.067181	0.548885	-0.691594	0.479973	0.309619	-0.972899	0.91046	-0.101748	-0.366102	0.129588	0.307062	-0.90313	-0.380564	-0.089836	0.289439	-0.597325	0.724271	0.783731	-0.115608	-0.759762	0.150131	0.155282	0.322294	0.724699	0.813983	0.664955	-0.17162	-0.10954	0.24702	-0.625662	-0.833829	0.489393	-0.629297	0.00714	0.481461	0.283067	0.092593	0.486014	-0.422119	
-0.931474	-0.12881	0.938901	0.371317	0.863601	-0.064533	-0.459023	0.396142	-0.255993	-0.904083	-0.936715	0.321537	-0.619228	0.243923	-0.428828	0.13068	-0.220133	-0.705556	-0.76046	0.87004	-0.277425	-0.9147	0.961097	-0.498007	0.188042	-0.789339	-0.967209	0.206119	0.489497	0.130689	-0.853405	0.836677	0.027675	-0.572142	0.680048	-0.587379	0.310954	0.742543	0.139264	0.70969	-0.473907	0.680316	-0.51766	0.241155	-0.253795	-0.925372	0.255015	0.223571	0.969413	0.640933	
0.057445	-0.553946	0.798701	-0.563937	-0.878842	-0.156837	-0.031766	-0.572867	-0.60469	-0.910778	0.600414	0.248847	-0.307186	0.496373	-0.30723	0.595353	0.961967	-0.56555	0.63182	-0.707523	0.503499	-0.826042	-0.952429	-0.796673	-0.976749	-0.636235	-0.87776	0.531608	0.853531	0.071817	-0.48505	-0.037405	-0.784365	-0.761716	-0.007581	-0.711055	0.359597	-0.188854	0.041422	-0.021686	0.109996	0.861152	0.813623	0.86358	-0.343548	-0.949167	-0.787627	0.723702	-0.244312	-0.01352	
0.065053	-0.487766	-0.683739	0.515054	0.126182	-0.254807	0.487413	-0.895252	0.973891	-0.23757	-0.374548	-0.31953	0.4689	0.664438	0.004383	-0.594618	-0.465038	-0.303316	0.757949	0.341953	0.24494	-0.144917	0.742643	-0.729675	0.947346	0.547946	0.587128	-0.390725	0.838004	-0.025624	-0.335399	0.632095	0.221586	-0.21053	0.650221	0.641948	0.454231	-0.067457	0.132574	-0.219178	-0.001829	0.974607	-0.84193	-0.59776	-0.878854	-0.114338	0.835253	0.451133	-0.035667	-0.798552	
-0.845389	-0.940545	0.774958	-0.810191	0.81142	0.865526	0.419099	-0.639953	0.625027	-0.1533	-0.813428	0.893847	-0.867577	0.6017	0.581751	-0.238019	-0.655534	-0.622904	0.58471	-0.511524	0.970172	0.5298	-0.51646	-0.174403	0.664291	0.494614	-0.074359	0.761118	-0.82314	-0.4314	0.683595	-0.775106	0.826218	-0.27396	0.853756	-0.973793	-0.818472	0.673652	-0.43989	-0.316184	-0.082272	0.66494	0.256103	0.916193	-0.118216	0.680413	0.549573	-0.832649	-0.328681	0.598133	
0.913717	0.423314	-0.290759	-0.075404	0.059466	-0.813756	0.3768	-0.61179	-0.296557	-0.441255	-0.067651	0.378412	0.709291	0.348315	0.016653	-0.354016	-0.560145	0.597298	0.531703	0.556095	-0.56666	-0.757111	-0.69328	0.934496	0.012856	-0.401954	-0.07784	-0.780738	-0.704534	-0.207928	0.929531	0.066485	-0.309377	-0.917972	0.82922	-0.093997	0.815193	-0.072652	-0.210385	-0.984016	-0.007651	-0.689627	0.120019	0.81827	0.973538	0.515166	0.623036	-0.965111	-0.853656	-0.965039	
-0.032029	0.485275	0.194295	0.063905	-0.769907	0.208639	0.421114	-0.169048	-0.42033	-0.532709	0.721752	0.829876	-0.616728	-0.038498	-0.189121	-0.686995	0.732394	-0.681331	0.478846	-0.565125	-0.529568	0.034092	0.83308	0.681181	-0.341166	0.832088	0.154402	-0.876483	-0.790288	-0.597848	-0.879747	0.614499	-0.567026	0.074102	-0.285233	-0.725229	-0.909972	-0.507919	-0.908108	0.433428	0.902262	-0.250522	-0.229642	-0.604593	-0.024674	0.961408	-0.15854	-0.70788	-0.285205	0.836783	
-0.163629	0.516955	0.848919	-0.496001	-0.610733	-0.209971	-0.72081	0.523012	0.237263	-0.892441	-0.380753	-0.832588	0.584202	-0.860146	-0.568137	-0.699336	0.171705	-0.955727	-0.752508	0.313477	-0.68532	0.444927	-0.478016	0.850648	-0.193997	0.648676	0.19883	0.833798	-0.682558	-0.792636	0.58794	0.449117	-0.894153	-0.761536	-0.913018	-0.008569	0.214455	-0.483635	0.914436	0.512777	0.468891	0.521238	-0.597688	-0.081067	-0.148269	0.111064	-0.322295	0.086804	0.318959	0.414103	
-0.368969	-0.988326	-0.552654	0.288674	-0.677687	0.001181	0.657764	0.656358	0.414278	-0.178304	0.823042	-0.868403	-0.940659	-0.92869	0.654235	0.467046	0.793094	0.429568	0.902009	-0.909611	0.768069	-0.046829	0.652926	-0.020926	0.521081	-0.779266	-0.800973	0.349605	0.136138	-0.858415	-0.27863	-0.353367	0.802947	0.100052	0.81272	0.520193	-0.789241	-0.616077	-0.166225	0.385117	-0.163524	0.029258	-0.263934	-0.924974	-0.445124	-0.542932	0.714523	0.692255	-0.285939	-0.266527	
0.705073	-0.508909	0.605433	0.249159	-0.426509	0.677489	0.926269	0.682827	0.585924	-0.585414	0.987814	-0.589822	0.484445	0.408727	0.55043	0.04974	0.548879	0.9593	0.186669	0.455737	-0.855622	-0.155578	-0.988475	-0.107976	0.695647	0.928761	-0.7318	-0.119475	0.763689	-0.025436	0.116292	0.873965	0.278242	-0.220194	0.40188	0.535454	0.960471	0.488699	-0.390605	0.158866	0.528127	-0.657433	0.087857	0.671385	-0.544228	0.445596	0.992559	-0.250862	0.642167	-0.787787	
-0.609038	-0.244256	0.638466	-0.883974	-0.36556	-0.159529	-0.284317	0.216694	-0.331798	-0.898297	0.343405	-0.022871	-0.562051	-0.078953	0.75579	-0.147285	-0.374053	0.022111	-0.789158	0.968062	-0.256826	0.772534	0.214824	0.416032	-0.259358	0.467431	-0.78731	0.000807	0.460395	-0.698842	-0.811964	0.541887	0.985039	-0.084433	-0.773851	0.086951	0.918949	0.659606	0.417521	-0.019015	0.008235	-0.155008	-0.680895	0.76078	-0.666794	0.279047	0.937468	-0.862664	-0.232685	0.326463	
0.195701	-0.108309	-0.192195	0.419756	-0.413455	0.754571	0.200098	-0.209084	-0.061552	0.138155	-0.376743	-0.465188	-0.01048	0.788277	0.194206	-0.951016	0.416112	0.636192	-0.182157	0.541496	0.704888	0.584324	0.319546	-0.042698	0.889465	-0.241852	-0.039132	-0.842174	-0.373419	-0.223352	0.561925	-0.148952	-0.807114	-0.087103	0.88823	-0.025321	-0.856012	-0.206727	0.57646	-0.804171	0.959827	-0.561154	-0.973257	-0.272623	0.325109	-0.565402	-0.251968	-0.069718	-0.569036	-0.242082	
0.716512	0.326856	-0.420144	0.732194	-0.774423	-0.80909	-0.938318	-0.852666	0.284799	0.505526	-0.441269	-0.624473	-0.545734	-0.090411	0.797615	-0.068578	0.241241	-0.782391	-0.542306	-0.973046	0.505187	-0.303461	0.940845	0.740543	0.601272	-0.455818	-0.99449	0.001405	-0.249508	-0.934692	-0.318115	-0.336021	-0.609517	-0.494238	0.446101	-0.205686	0.06089	0.712009	0.645711	-0.983721	0.252364	0.135904	-0.871417	-0.590356	-0.449146	-0.898141	0.881224	-0.191044	0.806721	-0.669094	
-0.396921	0.779374	-0.116772	-0.811527	-0.718693	0.763839	0.210599	-0.612954	-0.944427	-0.90547	-0.624666	0.791256	0.717009	0.522247	0.295108	-0.351984	-0.648325	-0.169928	-0.417179	0.566846	-0.257195	-0.174596	-0.122229	-0.580849	0.712075	0.703926	-0.325724	-0.145495	0.011555	-0.525754	0.498743	-0.946369	-0.24052	0.029552	0.150904	0.36146	0.175346	0.319332	-0.392688	-0.358023	-0.606209	-0.406073	0.814407	-0.953762	-0.42654	0.116359	0.919994	0.156179	0.808678	0.16675	
-0.037259	-0.61005	0.413136	-0.988291	0.061576	0.985112	-0.333311	-0.304558	0.877758	0.643712	-0.418776	0.434489	0.075767	0.058721	0.676508	-0.732958	-0.130796	0.827631	-0.681122	0.869147	-0.689082	0.835379	-0.065501	-0.368282	-0.116747	-0.276434	0.633095	0.393608	0.113174	0.468517	0.252879	0.291352	0.366092	0.956702	-0.560677	-0.708924	-0.409536	0.010034	0.571154	0.083875	-0.635294	-0.861534	-0.385837	-0.225054	-0.080241	-0.775834	0.875666	-0.797456	-0.812966	-0.640761	
-0.688168	0.96258	0.509166	-0.721348	0.097393	-0.451495	0.694152	0.316515	0.732134	-0.48771	0.596583	0.611048	0.604328	0.659563	-0.159062	0.677839	-0.424406	0.389655	-0.944356	-0.175119	0.72456	0.784509	-0.903564	0.385722	-0.342916	0.395581	0.571559	-0.126681	0.13318	-0.757595	0.102655	0.972949	-0.4676	0.066014	0.578224	0.798775	0.976297	-0.774287	-0.565183	0.726022	-0.966573	-0.566603	-0.581388	0.174933	0.722051	-0.968043	0.884636	0.568808	0.172473	-0.164016	
0.496285	0.62912	-0.699258	0.730175	-0.59991	0.815897	-0.650948	0.151799	0.114534	0.218847	0.205973	-0.938622	0.874689	-0.149111	-0.519086	0.710175	0.057585	0.943976	-0.500181	-0.242213	0.038082	0.647293	0.040406	0.64678	0.610355	-0.465036	0.558004	-0.934153	-0.787821	-0.699349	0.639323	0.804182	0.287512	0.284522	-0.115886	-0.79449	0.639642	0.223477	0.492898	-0.551076	0.629507	0.910097	-0.580946	0.442117	-0.253112	-0.673405	-0.552224	-0.617996	-0.315228	0.744063	
-0.258949	0.927068	-0.452128	-0.851675	-0.196788	-0.001329	-0.234256	-0.241683	-0.822651	0.732884	-0.949699	0.490934	-0.693091	0.856914	-0.308273	-0.90816	-0.978475	0.773108	-0.146949	0.873294	-0.676863	0.964695	-0.206234	-0.714082	-0.723963	0.994948	0.68881	-0.272711	0.174253	-0.427503	-0.135732	0.810679	0.061007	-0.371571	0.248226	0.477943	-0.360377	0.930853	-0.110882	0.355316	-0.713069	0.339628	-0.790688	-0.534657	-0.036227	-0.616521	-0.378304	0.695024	-0.461376	0.227459	
-0.017586	-0.065358	-0.315498	0.320328	0.544662	0.809156	-0.878923	0.849853	-0.947916	-0.057862	-0.630443	0.830956	0.83042	-0.010189	0.388557	-0.70406	0.985357	-0.014491	0.1728	-0.921076	-0.071805	-0.181519	0.843053	-0.571444	-0.98689	-0.518066	-0.893427	-0.745806	0.238197	-0.163717	-0.16513	-0.782442	0.160873	0.133366	-0.214525	-0.431105	0.326453	0.380008	-0.490765	-0.049948	0.622189	0.504216	0.269148	-0.519544	0.340092	0.124383	-0.483859	0.88487	-0.224543	0.130395	
0.358503	0.756863	-0.838962	0.26098	0.331604	0.349078	0.91909	-0.715027	-0.804501	0.527634	0.624309	-0.681025	0.13281	-0.775291	-0.712721	-0.457096	-0.189609	0.983141	0.522498	-0.687512	-0.880982	0.641352	-0.285993	0.161547	-0.135261	-0.922096	0.042469	0.536835	0.364562	0.94925	-0.354454	-0.068309	0.635479	-0.620633	-0.719023	-0.16903	-0.811246	-0.519288	-0.40896	-0.878097	0.928856	0.888346	0.927627	0.556097	0.779005	0.25643	-0.812584	0.563926	0.283512	0.186652	
0.802947	-0.565082	-0.818223	0.545639	-0.413403	0.65732	-0.216159	-0.894052	0.87701	-0.930115	-0.856253	-0.000387	-0.506728	-0.479659	-0.729933	-0.516595	-0.049107	0.194527	-0.839239	-0.553573	-0.061873	-0.461656	-0.523891	-0.085098	-0.50635	-0.596563	-0.825177	-0.264677	-0.057668	-0.113357	-0.037493	-0.834862	-0.149835	-0.86995	0.054974	0.850679	-0.099765	0.998998	0.595308	-0.939678	0.468675	-0.712584	0.536093	-0.108198	-0.966996	-0.606017	-0.840548	0.683374	-0.251937	0.768705	
0.246094	0.897384	-0.120187	-0.988231	0.732632	-0.965406	-0.54486	-0.463708	-0.970287	-0.658537	-0.777336	-0.504434	0.483349	-0.722372	0.141033	-0.072002	0.440275	-0.258475	0.890644	-0.639838	0.613943	-0.583737	0.648106	0.550244	0.250897	-0.537164	0.457868	-0.416248	0.059778	-0.212383	-0.117206	0.5177	-0.344132	0.395193	-0.747828	-0.893845	-0.389141	-0.326438	0.740008	0.510071	-0.10995	-0.476763	-0.091682	0.155414	0.420012	-0.45576	0.2843	-0.080021	-0.94374	0.295119	
0.266809	-0.237129	-0.28207	0.928528	0.864502	-0.651921	-0.561876	0.854372	-0.861274	-0.187681	0.578937	0.030163	-0.891224	-0.192664	0.034719	0.470516	0.438197	-0.673316	-0.189627	-0.42908	0.678119	0.329864	-0.157076	-0.307246	-0.734423	0.831179	0.719278	0.93094	0.721056	0.57722	-0.124095	-0.720066	-0.886409	0.62551	0.318941	-0.299573	0.244521	0.395751	-0.580143	-0.877896	0.11401	-0.923463	-0.928633	-0.227888	-0.917344	0.973949	-0.254882	0.785178	0.360855	0.566764	
0.810074	-0.23252	0.678695	0.053295	-0.353454	-0.504625	-0.839764	0.58167	0.438157	0.635808	-0.906879	0.077197	0.692499	-0.91475	0.305556	-0.468917	-0.744572	-0.207937	0.443378	-0.270661	-0.55882	0.997638	-0.102522	-0.083473	-0.97982	0.229707	-0.55603	0.028277	-0.977641	-0.7663	0.990515	-0.520143	0.47179	0.481314	-0.038044	-0.324838	0.658083	0.765228	0.61687	0.493788	0.100701	0.34983	-0.025168	-0.578253	0.915186	-0.904099	-0.060749	-0.852902	0.032645	-0.173298	
-0.776571	0.277208	-0.192506	0.202069	-0.425179	0.668497	0.747566	0.66073	-0.750842	-0.637279	-0.031769	-0.198521	-0.536146	0.428134	0.376016	-0.849795	0.888985	-0.811399	0.045019	0.847848	-0.12339	0.946207	-0.665413	0.228613	-0.825772	-0.266649	-0.108203	0.866754	0.382138	0.532557	-0.990374	0.124082	-0.665256	-0.601654	0.004038	-0.730838	-0.897358	-0.705304	0.323626	0.395029	-0.086229	-0.549913	0.681369	-0.877183	0.859407	0.351373	-0.272453	-0.442906	0.178074	-0.276701	
-0.926717	-0.723339	-0.784644	-0.058091	0.886938	-0.560317	0.989628	0.211966	0.212281	-0.594317	-0.771599	-0.984341	-0.909922	-0.057877	0.622593	-0.777795	-0.714381	-0.985253	-0.094309	-0.484361	0.896281	0.525817	-0.495605	0.59258	0.297057	-0.72517	0.125423	-0.70072	-0.125288	-0.517363	-0.677532	-0.683469	-0.590427	-0.547953	-0.310513	-0.408346	0.015035	-0.311019	-0.355828	-0.036629	-0.089295	-0.577871	0.07686	0.153328	-0.356401	-0.314534	-0.245156	-0.234045	-0.323118	-0.880516	
-0.581266	-0.74714	-0.617571	-0.779985	0.470346	0.917721	0.310185	0.13246	0.466841	0.22296	0.631272	-0.262009	0.868923	-0.964099	0.988727	0.475885	-0.432976	0.848536	-0.029198	-0.077238	0.93276	0.11526	0.774416	0.275039	-0.015523	-0.765626	0.023898	-0.251234	-0.637435	0.158739	-0.060365	0.099576	0.988295	-0.160283	0.33313	0.845322	-0.415969	-0.539504	0.174965	0.76314	0.451914	0.08976	0.526027	-0.297554	-0.388652	-0.399531	0.148792	-0.924434	0.755319	0.58205	
0.529461	0.682276	0.553727	-0.588319	0.99319	0.015641	0.777742	-0.949219	0.712696	-0.94549	0.140522	-0.540305	0.986816	0.418444	-0.055981	0.001918	0.846233	-0.953131	-0.471866	0.673241	0.845803	0.953656	-0.848524	-0.894987	0.903215	0.56809	-0.451907	-0.343188	-0.762364	0.453386	-0.974277	-0.713509	0.141194	-0.114254	-0.149662	0.83672	0.30407	0.11985	-0.39017	-0.965998	0.633961	0.713217	-0.106402	0.065528	0.375935	-0.150064	0.461015	0.012143	0.692391	-0.114129	
0.055962	0.666583	0.511606	0.545992	-0.37811	-0.431517	0.495426	0.854804	-0.203996	0.258892	0.886936	-0.617904	0.630282	0.494234	-0.667428	-0.676628	0.170202	-0.05369	0.489553	0.212556	0.403909	-0.423169	-0.823994	-0.795627	0.642181	0.159877	0.535584	-0.011543	-0.319893	0.313	0.473241	-0.795388	0.670502	0.269848	-0.861367	0.985938	0.415328	0.383963	0.739447	-0.368831	0.938668	-0.239555	0.039231	0.376166	0.201269	-0.86282	0.060081	0.027883	0.087688	0.665378	
-0.063958	-0.427964	0.000736	0.257982	-0.170853	0.537709	-0.076189	-0.806091	-0.888272	0.797157	0.584066	-0.464921	-0.296336	0.510688	-0.868085	0.52748	-0.405701	-0.067643	-0.362752	0.058623	0.919638	0.773291	0.359356	0.827625	-0.542846	0.102245	0.663344	0.585621	0.087243	-0.457032	0.651953	-0.254215	0.892537	-0.696305	0.131059	0.814069	-0.083313	0.299826	0.402446	0.515404	-0.739701	0.452602	0.977557	-0.546509	0.0386	-0.384341	-0.033011	0.440012	-0.092252	-0.281101	
-0.653595	0.215381	-0.617691	-0.214349	-0.59587	0.601097	-0.259632	-0.454232	-0.327735	0.751412	-0.606843	-0.72938	0.706185	-0.534842	0.329178	-0.136625	-0.998765	-0.771851	-0.251657	-0.85343	-0.372941	0.318984	-0.342001	0.066992	-0.722821	-0.688325	-0.849206	0.212363	0.7324	-0.016185	0.818289	-0.368657	-0.801799	0.7128	-0.190082	0.243719	-0.707611	0.617296	-0.33439	0.853862	-0.159325	-0.87964	-0.863497	0.685534	0.102027	0.558943	0.445865	0.661257	-0.942187	-0.510059	
-0.569267	-0.905011	0.813874	-0.770036	-0.846291	0.983449	-0.043848	0.924083	0.218735	0.912115	0.587979	-0.395154	-0.645153	0.048624	-0.458892	-0.836115	0.979735	-0.22201	-0.015911	-0.324454	-0.335482	0.252427	-0.643635	-0.930635	-0.026518	0.489789	-0.804836	-0.984389	0.824179	0.906837	-0.689239	-0.501916	0.019912	0.658394	0.511663	0.090394	0.309334	0.396672	0.131916	-0.36606	0.417835	-0.363807	-0.638783	0.392612	0.021089	0.051635	0.845588	0.924148	0.459566	0.514757	
0.854452	-0.969375	-0.280118	0.246813	0.397543	0.626677	-0.269959	0.503489	0.915668	0.381384	-0.482748	0.773698	-0.604212	-0.734457	0.750709	-0.756157	0.663651	-0.065883	0.547237	0.958613	-0.843921	0.453768	0.231775	0.000311	0.209425	0.049454	0.991138	0.584654	-0.075669	0.330702	-0.801785	-0.239395	-0.020249	0.285804	-0.248871	0.161956	-0.512883	0.410786	-0.144491	-0.576384	0.621128	-0.933775	0.553036	0.595795	-0.778002	-0.179046	0.232518	-0.863942	-0.466951	0.885896	
0.770191	-0.377326	-0.404387	-0.19923	-0.320419	-0.609691	0.88516	-0.433796	-0.221706	0.325072	0.826622	-0.747216	-0.754061	0.992655	0.988471	0.502771	-0.160061	-0.987344	-0.119996	0.998594	-0.551181	-0.506699	0.233782	0.078145	-0.104278	-0.472918	0.997878	-0.955098	-0.384147	0.596199	0.468713	0.407996	0.11676	-0.631474	0.100045	-0.452049	0.982564	0.852568	-0.050214	0.731848	-0.179678	0.114313	-0.100032	-0.783466	0.55398	-0.060109	-0.884962	-0.372021	-0.947967	-0.997096	
0.281901	-0.205528	0.157194	0.932235	-0.851555	0.660114	0.046277	0.113828	0.750279	-0.392405	-0.848702	0.015134	-0.639668	-0.697084	-0.781638	0.064619	0.774183	0.065338	-0.028317	0.266888	0.546168	-0.573308	0.627336	0.572183	0.224843	0.223706	-0.224354	0.905812	-0.732474	0.958058	0.521844	-0.630554	-0.286099	-0.745346	-0.868564	-0.397673	0.421783	0.34297	0.985435	0.178015	-0.977137	0.426049	0.012584	-0.670171	0.579523	0.305893	-0.015912	-0.98275	0.115513	-0.160886	
0.833083	-0.580437	-0.309657	0.533917	-0.228084	-0.782267	0.864303	-0.937484	-0.564263	-0.001177	-0.683456	-0.853627	0.375206	0.285393	0.533088	0.015393	0.711667	-0.121821	0.680903	0.983811	0.669105	-0.458775	0.048839	-0.504576	-0.393348	-0.9181	0.247912	0.635176	0.466711	-0.865713	-0.190599	0.457478	-0.606915	0.57338	0.267928	0.784504	0.827724	0.832778	-0.386576	0.790525	0.776676	-0.669635	0.469189	0.918131	-0.689351	-0.966159	0.302203	-0.993012	-0.309639	-0.22406	
0.574284	-0.973178	-0.529734	-0.561276	0.882221	0.262681	0.317926	-0.291005	-0.850899	0.786564	0.017277	-0.878533	0.083177	-0.298749	0.86148	0.706508	0.485603	-0.329098	-0.337669	0.132393	0.494891	0.266586	-0.789161	-0.057705	0.95035	0.957236	-0.712764	0.641704	0.720367	0.539792	-0.20397	-0.073881	0.748012	-0.301405	-0.923855	-0.20191	0.986846	-0.370091	-0.939414	-0.577402	-0.586952	0.669919	-0.243511	0.739882	-0.993075	0.082123	-0.885903	-0.095139	-0.166294	-0.245607	
-0.882327	-0.912204	0.86147	0.021937	0.96637	0.672148	0.338036	-0.011015	-0.162296	0.646212	-0.171886	-0.584245	0.165143	0.324589	-0.500238	-0.793907	-0.058287	0.54887	-0.164803	0.688079	-0.162107	-0.76147	0.757133	0.895187	-0.613373	-0.089162	-0.646134	0.703897	0.401332	-0.463109	0.344084	0.723745	-0.711816	0.343742	0.154662	-0.910781	0.191863	0.83341	-0.420498	0.895325	0.449558	-0.627932	0.553348	0.223309	0.696607	-0.174944	-0.617144	0.287023	-0.050161	0.11628	
0.84431	0.702203	0.622063	-0.375916	0.410399	0.990603	-0.800411	-0.138957	-0.121335	-0.237016	0.479735	-0.286736	-0.730785	0.932857	0.616756	0.63013	-0.406868	0.415695	0.343813	-0.285552	0.535876	-0.285402	0.48246	0.925643	0.2472	0.293464	-0.236437	0.729395	-0.140052	0.31304	0.779968	-0.929204	0.72012	0.048997	0.899474	0.954226	0.618562	-0.177824	-0.071292	-0.787131	0.679472	0.340042	-0.504241	0.110072	-0.451746	-0.270947	-0.004644	-0.54562	-0.169627	-0.058894	
0.749539	-0.260761	-0.013553	0.053702	-0.496393	-0.005368	-0.924175	-0.428429	-0.199867	0.179317	-0.421309	0.044495	0.02824	0.736936	0.081168	0.087389	-0.956048	-0.210464	-0.065217	-0.399228	0.257825	0.820055	0.756008	-0.20272	-0.130683	-0.164003	-0.751404	0.254327	-0.473805	0.511406	0.338888	0.690994	-0.165369	0.789041	0.998959	0.439612	0.677687	-0.900759	-0.989289	0.723044	-0.190151	0.960328	-0.568744	-0.561162	-0.224756	-0.825019	-0.994355	0.227784	0.557752	-0.993079	
-0.003836	-0.317646	0.002899	-0.640034	0.393235	-0.2373	-0.75994	-0.849248	0.382028	0.332622	0.616297	0.797007	-0.463599	0.545044	0.246685	0.834507	-0.832684	-0.546781	-0.169102	-0.504991	0.002416	-0.87006	-0.495914	-0.842694	0.636168	0.476366	0.665647	-0.460156	0.074062	-0.719766	0.392684	-0.0523	0.857026	0.560412	-0.303889	0.433234	0.173789	-0.764093	-0.009163	-0.297783	-0.713405	-0.189974	-0.765323	0.480018	0.603245	0.35822	0.836319	-0.956564	-0.946549	0.802039	
-0.4817	-0.880743	-0.167431	0.121288	0.013861	0.184727	0.61125	0.024635	-0.668866	0.353608	-0.902736	-0.178137	0.693878	-0.096693	0.654158	0.948037	0.027665	-0.961003	-0.770484	-0.464859	0.24702	0.893632	-0.676535	-0.360607	-0.144503	0.648903	-0.487729	0.526637	0.589505	0.619796	0.986238	-0.064356	0.964031	-0.777067	0.806899	-0.901599	0.801363	0.832578	-0.326342	-0.733003	0.308624	-0.348588	0.124408	0.998658	0.014223	0.318238	-0.718211	-0.189069	0.393526	-0.234168	
0.034702	-0.959229	-0.744562	0.329262	-0.893638	0.104215	0.769886	-0.764641	0.255127	0.161041	0.235629	0.171719	-0.373239	-0.582908	0.291481	0.872602	-0.935959	0.68862	0.78524	-0.020511	0.646232	0.635777	-0.934966	-0.328566	-0.920642	-0.060312	-0.439437	0.274405	-0.002547	-0.54809	-0.50372	-0.519737	0.417017	-0.99986	-0.442655	-0.048476	0.589862	-0.614222	0.259209	-0.62555	0.20183	0.565217	-0.381241	0.863385	0.726309	-0.607651	0.885129	-0.618743	0.713881	-0.170843	
0.909176	0.83017	-0.470696	-0.593406	-0.787399	-0.075135	0.150547	-0.455952	-0.452376	0.829609	-0.407233	0.844432	-0.808649	0.278735	-0.684031	-0.740361	0.134928	-0.896084	0.612676	-0.35855	-0.951691	-0.300873	-0.250814	0.93665	0.878508	-0.834946	0.512873	0.120064	-0.185393	-0.610324	-0.626202	0.113701	-0.476897	-0.918257	0.901961	0.538887	-0.063623	0.096381	-0.421741	0.610235	-0.897956	-0.651759	0.27206	0.627211	-0.98552	-0.008546	0.776155	0.330206	-0.090916	0.712853	
0.059031	0.399555	0.113154	-0.270213	0.755389	0.186261	-0.173715	-0.542745	0.238103	0.852548	0.112297	-0.695153	0.483637	-0.633065	-0.203994	-0.013118	-0.195248	-0.350141	-0.283178	-0.868709	0.641973	0.002146	0.731234	0.440397	0.613691	0.328709	0.576875	-0.495951	0.412694	0.33725	0.503227	0.376433	0.24139	0.79504	-0.400147	0.986712	-0.396266	-0.47931	-0.864748	-0.263924	-0.775134	-0.213751	-0.223744	-0.000424	-0.500004	-0.566269	0.655406	0.436958	0.541285	-0.719803	
-0.944993	0.028111	0.523416	0.601851	-0.080673	0.465867	-0.90163	0.056395	-0.717802	0.574232	0.860937	-0.492525	0.504272	0.072593	0.485116	0.209928	-0.935496	0.309642	-0.569474	0.462963	-0.56066	0.066017	0.405005	0.003965	0.124811	0.789675	0.48552	0.870285	0.44095	-0.981508	0.484813	0.716291	0.89728	0.169907	-0.028208	-0.073519	0.092578	0.21696	-0.696183	-0.855772	-0.539791	0.938258	0.365392	0.714948	0.68183	0.696627	-0.000551	0.462067	0.900864	0.847563	
-0.366543	0.672649	0.197755	0.801028	0.542649	0.096507	-0.568369	0.122974	-0.124528	-0.154557	0.782573	0.733798	0.228212	-0.772899	0.763705	0.840496	-0.833702	-0.870934	0.105669	0.584381	0.569883	-0.94439	0.93307	-0.546273	0.725967	0.171758	-0.421766	-0.751849	-0.665528	0.101648	0.016217	0.696334	0.728089	-0.025874	-0.762228	0.370269	-0.122666	-0.618259	0.635655	-0.516809	-0.825868	-0.06267	-0.813542	0.425011	0.299805	-0.275666	0.473474	-0.088144	-0.881995	0.862707	
0.033172	0.020773	0.00521	0.027228	0.010349	0.031562	0.018882	0.022408	0.02606	0.022082	0.029598	0.017309	0.033506	0.007959	0.004795	0.031832	0.007856	0.01057	0.006351	0.03249	0.012825	0.001995	0.024761	0.020373	0.031786	0.02507	0.026147	0.001951	0.004815	0.018136	0.033244	0.01442	0.03703	0.034976	0.031711	0.002311	0.001755	0.03142	0.014044	0.013069	0.032159	0.00561	0.033736	0.007009	0.037947	0.010246	0.003139	0.019947	0.037685	0.030691	
0.008438	0.005028	0.026095	0.0292	0.020596	0.020464	0.013255	0.022507	0.026039	0.012772	0.023714	0.030812	0.008164	0.008561	0.010457	0.018426	0.017902	0.030932	0.022108	0.000439	0.016379	0.030666	0.011778	0.015132	0.025015	0.02163	0.032726	0.014295	0.024008	0.015289	0.02009	0.023568	0.029158	0.026394	0.004889	0.031346	0.02551	0.014479	0.035093	0.035226	0.018608	0.019092	0.031313	0.026283	0.013867	0.036732	0.014661	0.018018	0.011352	0.001494	
0.019927	0.026945	0.01481	0.034181	0.030771	0.007811	0.003444	0.015563	0.027942	0.024439	0.005624	0.022291	0.020747	0.021099	0.024157	0.024006	0.031343	0.026792	0.013873	0.026675	0.011289	0.03486	0.012976	0.01876	0.02617	0.028562	0.02911	0.014008	0.02397	0.019246	0.028485	0.005557	0.015134	0.022184	0.032488	0.007811	0.014048	0.033764	0.019654	0.007023	0.021083	0.024581	0.022882	0.029579	0.015708	0.014085	0.01194	0.007731	0.014547	0.010325	
0.032207	0.023358	0.031278	0.026287	0.019582	0.01916	0.013121	0.032108	0.028771	0.013826	0.00949	0.030681	0.003593	0.021738	0.005419	0.018497	0.005532	0.023078	0.013474	0.024028	0.020375	0.015678	0.005345	0.000359	0.010465	0.01544	0.035754	0.011624	0.020794	0.019086	0.035603	0.033849	0.007924	0.034945	0.009525	0.035636	0.009357	0.009678	0.019457	0.022294	0.005083	0.031441	0.026443	0.022847	0.031849	0.033748	0.012701	0.005724	0.026829	0.034919	
0.013235	0.009178	0.012173	0.027206	0.00878	0.025961	0.033744	0.002677	0.009934	0.021317	0.019769	0.016287	0.016495	0.034954	0.006202	0.012182	0.038769	0.023044	0.003676	0.033529	0.013214	0.023977	0.011664	0.033848	0.021872	0.026652	0.018145	0.033915	0.000502	0.005932	0.038823	0.000171	0.036473	0.026766	0.009186	0.033127	0.012461	0.001764	0.010691	0.036435	0.008605	0.029251	0.037648	0.021346	0.035857	0.019583	0.021768	0.020041	0.019458	0.021713	
0.002143	0.018737	0.031296	0.001863	0.018815	0.013134	0.028962	0.033748	0.025976	0.024957	0.020729	0.00866	0.002255	0.024058	0.011464	0.027817	0.025404	0.009914	0.000606	0.024197	0.027897	0.022376	0.009157	0.011251	0.031507	0.010762	0.016271	0.005328	0.02863	0.022088	0.027236	0.025267	0.01574	0.02856	0.010463	0.025767	0.026944	0.033697	0.011842	0.001449	0.024941	0.017117	0.016544	0.035275	0.035997	0.005957	0.031675	0.013158	0.036484	0.035885	
0.031757	0.006666	0.031621	0.010043	0.033848	0.017121	0.006102	0.010359	0.028805	0.035421	0.007237	0.020853	0.013213	0.029814	0.031589	0.03077	0.010424	0.01501	0.002448	0.02053	0.025131	0.000938	0.016383	0.005656	0.03039	0.000422	0.005411	0.016341	0.009961	0.031503	0.014194	0.012971	0.037599	0.00659	0.017876	0.019595	0.038623	0.038285	0.00705	0.023142	0.019368	0.040262	0.030659	0.003103	0.024494	0.018942	0.028086	0.02297	0.025216	0.035208	
0.00924	0.004453	0.003051	0.030019	0.032095	0.030129	0.022616	0.028561	0.02367	0.036567	0.017018	0.020271	0.026136	0.026433	0.032268	0.028658	0.011184	0.025946	0.015937	0.011104	0.019914	0.017929	0.033061	0.006239	0.014174	0.017143	0.033205	0.022963	0.008923	0.03157	0.02879	0.00187	0.005149	0.022159	0.022072	0.009678	0.015539	0.025553	0.026424	0.009955	0.002186	0.030915	0.015564	0.027387	0.03497	0.018002	0.00638	0.0079	0.024649	0.024381	
0.019063	0.033201	0.028714	0.01701	0.035211	0.003524	0.02411	0.032617	0.031188	0.019848	0.015237	0.016995	0.010854	0.017974	0.017768	0.033404	0.012619	0.005789	0.02741	0.028448	0.029407	0.034704	0.016198	0.025076	0.005652	0.001332	0.033681	0.016458	0.015197	0.006617	0.002544	0.010106	0.00182	0.010749	0.034156	0.037852	0.023966	0.027765	0.031659	0.036127	0.019543	0.026221	0.025587	0.024243	0.003469	0.036054	0.002882	0.012396	0.011357	0.006198	
0.028323	0.015514	0.020535	0.032453	0.029001	0.019245	0.029929	0.007237	0.018495	0.0224	0.000878	0.003252	0.002875	0.006096	0.018828	0.031561	0.015389	0.02223	0.022599	0.016531	0.008778	0.022618	0.028578	0.014003	0.012936	0.033286	0.029534	0.02258	0.016015	0.011373	0.023706	0.033847	0.0186	0.011678	0.012892	0.00057	0.000784	0.031121	0.027493	0.018991	0.031069	0.031524	0.03356	0.007363	0.032078	0.028626	0.005309	0.033619	0.032885	0.021213	
0.028893	0.02031	0.022451	0.008886	0.009623	0.02215	0.028855	0.020246	0.035032	0.035414	0.034714	0.026411	0.035642	0.002368	0.013018	0.018417	0.018892	0.034201	0.022435	0.019487	0.012875	0.01234	0.011017	0.020213	0.015679	0.017515	0.030253	0.029758	0.009759	0.03003	0.019956	0.023875	0.002437	0.004267	0.016209	0.018707	0.016359	0.025803	0.023904	0.020454	0.026966	0.022398	0.014427	0.011092	0.015439	0.030518	0.012534	0.013411	0.026498	0.007862	
0.021983	0.027781	0.027032	0.037338	0.018276	0.038148	0.028605	0.002203	0.003478	0.007296	0.014154	0.004003	0.031557	0.036845	0.029713	0.026891	0.015992	0.016468	0.022043	0.028106	0.028287	0.024023	0.037079	0.005662	0.032006	0.020997	0.034565	0.022844	0.027228	0.008622	0.01109	0.000541	0.018229	0.037384	0.020029	0.012962	0.038194	0.007659	0.032061	0.021265	0.020256	0.004479	0.007791	0.001106	0.014428	0.036795	0.02171	0.003402	0.00772	0.003674	
0.036219	0.033607	0.013445	0.034123	0.029037	0.029343	0.022023	0.015836	0.030643	0.01948	0.028554	0.020704	0.001462	0.034924	0.007894	0.000404	0.01828	0.035814	0.019783	0.002889	0.032741	0.006388	0.019553	0.006019	0.033607	0.023612	0.009497	0.031451	0.00812	0.010678	0.032289	0.015285	0.017303	0.018531	0.024935	0.03179	0.004621	0.015332	0.001602	0.029918	0.003636	0.034858	0.036263	0.00358	0.028199	0.002037	0.012109	0.036023	0.021817	0.013742	
0.033506	0.041385	0.004656	0.031674	0.021496	0.022458	0.015442	0.008661	0.033813	0.003399	0.013364	0.019475	0.021189	0.004957	0.001629	0.024867	0.030936	0.01145	0.017181	0.007081	0.023012	0.012787	0.023018	0.006485	0.011288	0.033082	0.026846	0.033844	0.011686	0.027398	0.000755	0.024206	0.040492	0.039281	0.016122	0.015228	0.019831	0.01143	0.001414	0.004639	0.01342	0.026008	0.00867	0.024176	0.027908	0.040917	0.01013	0.041339	0.030691	0.025278	
0.018468	0.02316	0.032459	0.031185	0.034464	0.022942	0.035619	0.02439	0.013958	0.016669	0.008616	0.016578	0.020178	0.021286	0.020876	0.03143	0.015436	0.009132	0.016705	0.007064	0.016858	0.006138	0.026969	0.038441	0.02316	0.010724	0.022912	0.01345	0.035365	0.037535	0.01518	0.037458	0.032824	0.005619	0.001996	0.019073	0.001307	0.013812	0.016113	0.002401	0.014832	0.014619	0.039634	0.0303	0.020328	0.008741	0.022844	0.027993	0.019122	0.003637	
0.011522	0.008687	0.03631	0.017269	0.01321	0.010887	0.004542	0.013239	0.031742	0.019083	0.015025	0.004538	0.005758	0.005234	0.010072	0.025528	0.02873	0.036745	0.016701	0.021961	0.024709	0.035631	0.018682	0.037204	0.036549	0.000842	0.013032	0.024122	0.021359	0.021274	0.017039	0.026612	0.019539	0.016933	0.034797	0.010525	0.031455	0.006105	0.036194	0.031363	0.000781	0.023684	0.021158	0.014564	0.035649	0.009832	0.029057	0.01459	0.035786	0.01415	
0.037762	0.010016	0.031328	0.022284	0.026273	0.022281	0.038001	0.006812	0.000468	0.030774	0.030932	0.010075	0.027508	0.018707	0.026301	0.015596	0.027298	0.0163	0.006327	0.005289	0.032242	0.033581	0.016963	0.028809	0.025755	0.023738	0.019951	0.037092	0.028005	0.003016	0.010155	0.02348	0.027032	0.008723	0.011559	0.020753	0.005454	0.033543	0.010298	0.028043	0.005972	0.029267	0.022247	0.020465	0.003455	0.024862	0.008408	0.02901	0.009732	0.008058	
0.024136	0.013972	0.02557	0.002409	0.011121	0.008145	0.026491	0.017556	0.0178	0.01948	0.013693	0.015742	0.034918	0.032906	0.016176	0.015263	0.034956	0.016333	0.011725	0.034068	0.034886	0.029376	0.021086	0.022743	0.01756	0.010889	0.0007	0.021301	0.0338	0.011251	0.008758	0.029858	0.00665	0.009592	0.010821	0.026069	0.02108	0.012478	0.033554	0.017235	0.027541	0.023104	0.031883	0.000533	0.017434	0.031062	0.02769	0.014774	0.031303	0.022529	
0.022075	0.004411	0.031855	0.010415	0.037117	0.034535	0.006421	0.033676	0.026623	0.006513	0.027792	0.030564	0.028176	0.036056	0.027696	0.013075	0.027905	0.000168	0.038834	0.012727	0.025995	0.020241	0.029314	0.019338	0.021692	0.007035	0.003724	0.006258	0.034333	0.041177	0.021367	0.023549	0.01616	0.010696	0.008545	0.038865	0.002053	0.007782	0.037117	0.020085	0.015437	0.018388	0.012138	0.009459	0.040499	0.020853	0.001321	0.000707	0.014836	0.014402	
0.037772	0.008133	0.025833	0.028156	0.01733	0.038531	0.03436	0.005954	0.008477	0.030501	0.002824	0.03588	0.018705	0.020332	0.015231	0.019194	0.022934	0.008896	0.017377	0.034054	0.020463	0.008316	0.009893	0.040573	0.011658	0.008077	0.014646	0.00885	0.022576	0.034356	0.009435	0.025161	0.003304	0.039664	0.03667	0.003294	0.034755	0.033431	0.010913	0.022656	0.041428	0.013754	0.006375	0.024699	0.016166	0.009941	0.000584	0.029225	0.018352	0.010311	
0.011191	0.02106	0.02278	0.020257	0.005853	0.022985	0.001963	0.001773	0.028212	0.018371	0.034259	0.031934	0.025186	0.017094	0.017915	0.04392	0.003067	0.027676	0.009887	0.016468	0.026437	0.035425	0.014484	0.01469	0.022466	0.034693	0.004864	0.006759	0.014141	0.020529	0.003358	0.006217	0.039241	0.034378	0.019789	0.011191	0.018965	0.008311	0.044418	0.027764	0.040636	0.006787	0.042436	0.010923	0.017242	0.008871	0.028782	0.000981	0.021013	0.032358	
0.014779	0.033062	0.015057	0.012662	0.031392	0.025646	0.038627	0.010469	0.004333	0.025406	0.021559	0.032329	0.032778	0.013509	0.022906	0.000165	0.032575	0.033017	0.025601	0.032565	0.034233	0.011712	0.019317	0.035062	0.005769	0.022355	0.024063	0.004067	0.009399	0.002122	0.004151	0.008872	0.011051	0.037476	0.040578	0.013951	0.027721	0.017205	0.034109	0.007797	0.014452	0.030284	0.020659	0.01354	0.024692	0.003969	0.017118	0.032288	0.005675	0.007876	
0.010731	0.001651	0.033648	0.034691	0.016135	0.026073	0.01153	0.014566	0.025569	0.012361	0.003612	0.003011	0.003069	0.011293	0.018358	0.023368	0.02034	0.001265	0.012141	0.0187	0.032768	0.026503	0.030156	0.008571	0.032352	0.029519	0.03911	0.03905	0.026979	0.014309	0.01318	0.026428	0.027603	0.026069	0.005152	0.028448	0.030514	0.008268	0.036234	0.03595	0.01416	0.013184	0.029062	0.00133	0.022116	0.017045	0.038684	0.020065	0.020929	0.00415	
0.004434	0.022736	0.028583	0.002143	0.008265	0.037076	0.036207	0.030072	0.026534	0.002128	0.025821	0.024657	0.018929	0.028348	0.032552	0.011008	0.016471	0.01926	0.031447	0.004312	0.006057	0.024724	0.031301	0.032996	0.018214	0.030944	0.001711	0.023075	0.009656	0.014395	0.017652	0.02822	0.029514	0.009697	0.003988	8.5e-05	0.025917	0.018893	0.002333	0.03132	0.017405	0.028491	0.03265	0.027799	0.033916	0.012055	0.00261	0.008086	0.03604	0.029273	
0.038006	0.000351	0.042621	0.036446	0.01454	0.026378	0.044552	0.007902	0.033025	0.038185	0.007489	0.000251	0.013075	0.046024	0.029451	0.004266	0.03852	0.005883	0.027437	0.004146	0.032679	0.021438	0.003979	0.043876	0.023213	0.020021	0.022035	0.013023	0.009187	0.003026	0.002081	0.001163	0.029579	0.021549	0.004119	0.001301	0.001027	0.02726	0.022465	0.003997	0.022334	0.005591	0.033039	0.041036	0.020867	0.016359	0.025664	0.032819	0.032599	0.004126	
0.034344	0.012633	0.032717	0.008085	0.030177	0.02398	0.007642	0.019644	0.011927	0.03637	0.003737	0.018194	0.036985	0.032008	0.035135	0.01475	0.016863	0.022265	0.020701	0.026287	0.024055	0.003913	0.018527	0.004399	0.02981	0.004719	0.023011	0.011069	0.00322	0.036746	0.03666	0.006908	0.022367	0.022099	0.031083	0.02688	0.027549	0.014909	0.001388	0.015482	0.012213	0.010967	0.013294	0.022799	0.035651	0.028461	0.00066	0.03025	0.007606	0.028861	
0.003867	0.021818	0.03148	0.012168	0.011973	0.001101	0.025933	0.015902	0.012476	0.002253	0.027159	0.034428	0.028871	0.026261	0.016105	0.01783	0.012926	0.020514	0.017245	0.015762	0.026258	0.004722	0.013849	0.024298	0.02291	0.018134	0.023454	0.033377	0.033485	0.025922	0.015378	0.014655	0.009826	0.029965	0.036125	0.011868	0.015986	0.018925	0.003438	0.030121	0.030393	0.029386	0.039223	0.035471	0.007506	0.017989	0.022362	0.024695	0.000547	0.02366	
0.025492	0.008229	0.029572	0.004662	0.017128	0.013734	0.036035	0.03561	0.003936	0.031762	0.035921	0.028423	0.033048	0.006046	0.031934	0.0099	0.015451	0.03493	0.002199	0.017303	0.024351	0.015967	0.012941	0.0287	0.0097	0.025484	0.018088	0.015762	0.030064	0.019176	0.025903	0.017072	0.004352	0.006009	0.01719	0.031176	0.031784	0.016578	0.034613	0.008055	0.008611	0.031121	0.021625	0.007463	0.031356	0.010401	0.027084	0.016041	0.015535	0.016483	
0.008571	0.034923	0.035096	0.004189	0.026669	0.023435	0.014428	0.007536	0.024633	0.037207	0.023605	0.034328	0.033012	0.021398	0.011997	0.02001	0.037755	0.009873	0.037586	0.019756	0.017382	0.02929	0.007381	0.003192	0.02773	0.004193	0.0377	0.001841	0.018778	0.011935	0.024723	0.02455	0.038758	0.038706	0.009004	0.034818	0.008773	0.000371	0.021442	0.035921	0.00944	0.009035	0.017927	0.00549	0.014346	0.019662	0.033281	0.018764	0.004391	0.005169	
0.001234	0.004098	0.036191	0.019843	0.011068	0.028919	0.003928	0.013361	0.018334	0.004781	0.034646	0.015101	0.015996	0.016484	0.006907	0.001995	0.000743	0.033905	0.0098	0.034691	0.028103	0.031563	0.008069	0.019971	0.030691	0.011111	0.033934	0.017621	0.031508	0.009172	0.030953	0.039671	0.008119	0.02053	0.034476	0.011512	0.014844	0.028268	0.006529	0.018244	0.031683	0.030614	0.014912	0.018432	0.033343	0.032997	0.016465	0.008576	0.036452	0.029612	
0.015042	0.033436	0.018873	0.038678	0.020342	0.000177	0.00135	0.007464	0.004049	0.032531	0.028417	0.009949	0.011124	0.020809	0.031898	0.029589	0.002366	0.025631	0.03857	0.012739	0.008644	0.003662	0.00539	0.024917	0.037546	0.038887	0.02205	0.033702	0.035849	0.023059	0.00922	0.039547	0.010226	0.008562	0.026888	0.005624	0.035457	0.00945	0.018253	0.020712	0.014879	0.005157	0.034323	0.036727	0.01901	0.020245	0.014712	0.006556	0.023142	0.02457	
0.033194	0.026006	0.035276	0.016592	0.02777	0.019823	0.012251	0.020562	0.018157	0.023242	0.028463	0.027807	0.000251	0.005143	0.036025	0.023664	0.033525	0.000688	0.010968	0.025196	0.012492	0.029631	0.032105	0.033112	0.022519	0.030328	0.003613	0.03615	0.020195	0.027278	0.006971	0.028819	0.019939	0.03558	0.00619	0.012215	0.032945	0.008997	0.009227	0.023819	0.009295	0.02444	0.010439	0.015935	0.016568	0.02062	0.032284	0.007239	0.001769	0.004683	
0.032361	0.021511	0.008928	0.000946	0.016987	0.035631	0.020031	0.007929	0.02364	0.015082	0.01163	0.010136	0.010306	0.017828	0.036114	0.004218	0.00104	0.00735	0.036633	0.039372	0.03341	0.031503	0.026037	0.036499	0.017434	0.03697	0.008469	0.016954	0.029162	0.018219	0.008748	0.035714	0.012383	0.007051	0.009433	0.02229	0.023519	0.037508	0.001179	0.039225	0.023491	0.00558	0.016638	0.033049	0.010446	0.034558	0.009454	0.021365	0.017459	0.01858	
0.01001	0.011792	0.003329	0.040839	0.018667	0.006823	0.003536	0.033352	0.008826	0.006509	0.029435	0.029789	0.014028	0.017758	0.018771	0.018683	0.031939	0.026565	0.041608	0.007572	0.033162	0.033279	0.003598	0.035527	0.033934	0.044955	0.024047	0.007383	0.021672	0.031655	0.005523	0.0086	0.016405	0.004693	0.006907	0.026812	0.045814	0.000106	0.015953	0.006444	0.04648	0.003627	0.018292	0.027143	0.033417	0.018969	0.013201	0.031759	0.005151	0.015661	
0.01245	0.026457	0.008707	0.018821	0.030196	0.028697	0.031092	0.030786	0.021312	0.019156	0.024696	0.015128	0.001094	0.029247	0.015045	0.019301	0.028995	0.033849	0.019996	0.016467	0.017055	0.026623	0.01816	0.025074	0.022468	0.013353	0.031781	0.032505	0.033796	0.010512	0.025878	0.004241	0.018051	0.003662	0.008193	0.0031	0.035056	0.018864	0.021179	0.017754	0.031708	0.013052	0.020875	0.021396	0.0149	0.019658	0.002418	0.011532	0.020908	0.024756	
0.007367	0.032271	0.023681	0.031446	0.003753	0.031283	0.026316	0.019345	0.023227	0.021063	0.000185	0.02652	0.002903	0.031959	0.001898	0.032747	0.005825	0.030841	0.028887	0.01314	0.017708	0.001859	0.01125	0.028626	0.013423	0.024948	0.007722	0.036833	0.012119	0.015037	0.029462	0.020442	0.020058	0.019919	0.002824	0.021198	0.033177	0.032185	0.028146	0.022662	0.001335	0.034118	0.007689	0.032457	0.016306	0.00856	0.021941	0.011145	0.035916	0.036278	
0.036379	0.037362	0.003627	0.01414	0.032864	0.024062	0.037909	0.032819	0.014893	0.028777	0.00479	0.00798	0.005978	0.03459	0.016422	0.010249	0.002785	0.030798	0.000616	0.029384	0.007707	0.022292	0.005366	0.036504	0.017938	0.005001	0.020578	0.018485	0.03039	0.038961	0.025449	0.004075	0.0345	0.010184	0.019227	0.001686	0.031759	0.023855	0.03324	0.002276	0.007121	0.035522	0.027014	0.029584	0.017518	0.0057	0.024807	0.011303	0.021275	0.024259	
0.021286	0.017817	0.015955	0.022563	0.013011	0.020713	0.034568	0.022299	0.025727	0.004851	0.028734	0.005036	0.019414	0.002955	0.029835	0.024922	0.033728	0.023022	0.02488	0.034458	0.01107	0.011711	0.015915	0.005882	0.031979	0.024844	0.009083	0.027655	0.034656	0.001703	0.014591	0.028053	0.013963	0.032841	0.012023	0.003178	0.033285	0.004027	0.020573	0.032607	0.003653	0.01618	0.021753	0.02283	0.029629	0.006752	0.028772	0.023289	0.03358	0.018149	
0.03248	0.01549	0.00544	0.003352	0.018448	0.017657	0.031131	0.025352	0.007754	0.018342	0.041791	0.016581	0.025681	0.020846	0.010101	0.015167	0.025987	0.027035	0.006313	0.027316	0.001137	0.016622	0.001092	0.027695	0.035848	0.024889	0.007721	0.033816	0.043404	0.007378	0.039463	0.02286	0.02972	0.041595	0.024407	0.02716	0.000657	0.025614	0.011055	0.027051	0.015112	0.021591	0.002447	0.022836	0.012469	0.012679	0.034665	0.008226	0.025242	0.003285	
0.014866	0.004618	0.005337	0.003589	0.003818	0.010464	0.033054	0.00223	0.039107	0.040597	0.022265	0.021764	0.028123	0.021456	0.006712	0.036894	0.030003	0.016674	0.031858	0.015714	0.007648	0.036735	0.035915	0.036283	0.031363	0.027473	0.001426	0.039981	0.02487	0.022779	0.003006	0.007551	0.004281	0.00088	0.039537	0.006837	0.022626	0.00067	0.039158	0.026665	0.020692	0.015645	0.003529	0.023163	0.030745	0.022681	0.027526	0.007858	0.029642	0.013692	
0.015539	0.010048	0.005847	0.018968	0.033356	8.2e-05	0.005825	0.014542	0.033719	0.015683	0.016005	0.016002	0.003919	0.026149	0.030789	0.00712	0.036819	0.005335	0.026103	0.033949	0.024908	0.011571	0.013245	0.015059	0.011361	0.031517	0.035619	0.027452	0.03726	0.03464	0.0379	0.012165	0.031618	0.019716	0.014296	0.024981	0.019622	0.009165	0.025391	0.006236	0.02527	0.021812	0.021182	0.030106	0.008394	0.005591	2.1e-05	0.034954	0.034276	0.018873	
0.024059	0.035197	0.014132	0.022232	0.018967	0.022297	0.024474	0.029614	0.011221	0.034371	0.003541	0.027256	0.02878	0.026895	0.016989	0.003561	0.036226	0.030322	0.001522	0.000689	0.019814	0.00766	0.0004	0.004411	0.029683	0.030367	0.007994	0.031144	0.035289	0.031958	0.031756	0.027928	0.003119	0.009271	0.009389	0.015413	0.030141	0.006017	0.020403	0.026882	0.025447	0.02218	0.018898	0.026748	0.026397	0.032748	0.016522	0.012599	0.017762	0.009315	
0.025268	0.012682	0.012158	0.008908	0.005154	0.028071	0.012698	0.000945	0.009488	0.034654	0.003694	0.04202	0.003295	0.029768	0.005198	0.006385	0.012887	0.040007	0.014147	0.04233	0.044739	0.030406	0.04539	0.01484	0.039027	0.004799	4.8e-05	0.029245	0.006753	0.026275	0.016725	0.026791	0.002647	0.005693	0.037818	0.044338	0.004494	0.003971	0.018684	0.016029	0.018824	0.001187	0.028007	0.020523	0.033701	0.0213	0.033947	0.032825	0.006647	0.03457	
0.004567	0.019114	0.042469	0.003767	0.00678	0.002688	0.019303	0.013365	0.003965	0.027576	0.003898	0.00729	0.032815	0.016881	0.024395	0.02486	0.034387	0.002784	0.029025	0.027443	0.041936	0.010724	0.025749	0.00357	0.018801	0.009639	0.029052	0.004315	0.033401	0.014143	0.011321	0.001607	0.015526	0.042508	0.016122	0.034302	0.03997	0.026128	0.007913	0.043688	0.02016	0.010923	0.044581	0.016878	0.008705	0.023835	0.041566	0.006609	0.040343	0.008613	
0.003985	0.012041	0.018901	0.014595	0.030519	0.018171	0.012168	0.015348	0.011949	0.041944	0.041534	0.039459	0.027495	0.02776	0.011194	0.017249	0.005316	0.042954	0.032534	0.014134	0.016873	0.034529	0.040681	0.014735	0.037706	0.010469	0.030736	0.012876	0.017762	0.019081	0.030336	0.02883	0.024449	0.020516	0.009357	0.002192	0.004323	0.024447	0.006177	0.026491	0.021239	0.014973	0.003096	0.002106	0.021258	0.000955	0.005517	0.02662	0.040495	0.011925	
0.014181	0.02267	0.027457	0.018666	0.031355	0.006628	0.007842	0.020436	0.001372	0.018903	0.032823	0.008985	0.005532	0.005001	0.029432	0.003316	0.005869	0.021983	0.035323	0.037216	0.00589	0.002386	0.024483	0.039011	0.009065	0.032107	0.010788	0.037973	0.040923	0.015889	0.036965	0.037454	0.000268	0.001883	0.015628	0.033488	0.040732	0.034561	0.018504	0.025384	0.024215	0.006241	0.027441	0.003874	0.030809	0.021933	0.014602	0.031335	0.005938	0.01524	
0.001337	0.033839	0.005742	0.015454	0.031162	0.013654	0.014634	0.026294	0.013949	0.025088	0.021112	0.001193	0.023039	0.034634	0.029114	0.033301	0.023957	0.029209	0.027079	0.02233	0.021607	0.023961	0.006295	0.00113	0.007377	0.027096	0.012541	0.027149	0.023194	0.027823	0.023922	0.002579	0.034904	0.025963	0.021235	0.015527	0.010108	0.015189	0.029809	0.026279	0.009452	0.027208	0.026895	0.033707	0.000347	0.022794	0.020339	0.015242	0.033308	0.000899	
0.004445	0.025566	9.5e-05	0.040837	0.003348	0.041208	0.01443	0.042552	0.037548	0.015846	0.001075	0.032655	0.011334	0.028817	0.037715	0.030401	0.005402	0.012744	0.013644	0.026185	0.000149	0.012294	0.015726	0.008684	0.027642	0.010437	0.003146	0.027669	0.026037	0.028915	0.002763	0.01493	0.012911	0.002429	0.024582	0.034322	0.036786	0.016481	0.019709	0.042004	0.032969	0.024758	0.007067	0.033198	0.038087	0.03772	0.01034	0.014487	0.001382	0.006529	
0.008651	0.007094	0.022659	0.025202	0.019825	0.027086	0.019439	0.034864	0.029942	0.008812	0.035083	0.025939	0.030098	0.014776	0.036393	0.011584	0.017103	0.021583	0.037595	0.037408	0.010518	0.008994	0.039981	0.040403	0.011685	0.016701	0.012085	0.012642	0.01787	0.009647	0.010348	0.007275	0.002083	0.010088	0.028953	0.016571	0.015034	0.010241	0.020456	0.016159	0.030592	0.029165	0.007636	0.015704	0.020738	0.036074	0.01269	0.023535	0.018628	0.016368	
0.017884	0.001952	0.039233	0.029012	0.027603	0.027311	0.008576	0.039798	0.005693	0.003173	0.009072	0.012838	0.027502	0.028399	0.013481	0.026965	0.01702	0.02373	0.018234	0.015787	0.027099	0.008116	0.022542	0.026102	0.008781	0.038851	0.024358	0.030013	0.040782	0.037216	0.014191	0.025283	0.028823	0.003239	0.020944	0.026309	0.006342	0.014831	0.008605	0.037644	0.001013	0.013939	0.016756	0.007549	0.014093	0.025922	0.012962	0.022656	0.008014	0.033762	
0.025089	0.032599	0.031421	0.020865	0.023992	0.033404	0.008439	0.018605	0.039656	0.023329	0.021543	0.001326	0.03219	0.028504	0.013904	0.018981	0.038531	0.008469	0.01988	0.022532	0.010388	0.000423	0.031649	0.003615	0.000754	0.027528	0.020245	0.012794	0.012774	0.021306	0.012251	0.006709	0.016828	0.0298	0.024962	0.004692	0.032047	0.012145	0.015782	0.014272	0.00815	0.003836	0.03094	0.035621	0.020246	0.034147	0.022924	0.018528	0.027459	0.023926	
0.029376	0.018113	0.006179	0.00185	0.037149	0.013671	0.00327	0.003575	0.003184	0.019325	0.01353	0.032336	0.002567	0.01145	0.039414	0.038531	0.01733	0.033157	0.000407	0.037502	0.0054	0.020136	0.032009	0.039111	0.035163	0.018582	0.000999	0.005347	0.009056	0.020109	0.005925	0.017434	0.028721	0.006791	0.037605	0.007298	0.035634	0.035758	0.015999	0.022679	0.001326	0.037749	0.017032	0.023481	0.010876	0.035715	0.027043	0.033963	0.032969	0.018174	
0.00466	0.004167	0.019885	0.032187	0.030151	0.019998	0.016972	0.022141	0.021036	0.020326	0.040106	0.027055	0.033555	0.011734	0.018477	0.019862	0.016026	0.028989	0.035175	0.009005	0.007601	0.021202	0.017782	0.033855	0.035168	0.024814	0.010102	0.021722	0.02401	0.005501	0.031959	0.018549	0.018986	0.004016	0.004088	0.006835	0.028025	0.012938	0.035993	0.003787	0.032648	0.010405	0.001772	0.030273	0.000562	0.007954	0.035823	0.035051	0.018605	0.028467	
0.01171	0.029308	0.031566	0.003909	0.030179	0.030391	0.002203	0.011747	0.002892	0.030045	0.034779	0.024358	0.021797	0.013027	0.006577	0.022171	0.012271	0.002231	0.020699	0.017402	0.021464	0.00929	0.028442	0.01497	0.030512	0.009049	0.02479	0.023617	0.029258	0.031422	0.014332	0.028871	0.013433	0.020865	0.024837	0.021543	0.017608	0.025988	0.013884	0.030823	0.016553	0.007634	0.032375	0.017205	0.020425	0.024337	0.026033	0.008016	0.021804	0.031358	
0.016926	0.001252	0.002098	0.042278	0.04145	0.016398	0.03046	0.005403	0.02597	0.022183	0.00913	0.009211	0.027729	0.033735	0.030614	0.022491	0.012244	0.022469	0.001458	0.022023	0.004441	0.024375	0.02601	0.032903	0.035514	0.013921	0.033793	0.018711	0.029415	9.6e-05	0.030809	0.015435	0.018912	0.0141	0.025186	0.003916	0.028011	0.010334	0.011733	0.031733	0.016256	0.024815	0.01337	0.013204	0.02317	0.005435	0.004311	0.042226	0.02397	0.028373	
0.029069	0.007834	0.026578	0.013767	0.021667	0.009339	0.008892	0.004117	0.031012	0.029276	0.035294	0.002109	0.032033	0.026166	0.026545	0.027561	0.035943	0.017873	0.03569	0.006732	0.026064	0.012865	0.004518	0.003374	0.011085	0.008194	0.0191	0.028811	0.020881	0.026188	0.028177	0.011138	0.023999	0.010556	0.022628	0.036372	0.025246	0.028876	0.002275	0.035411	0.000254	0.034373	0.005557	0.023826	0.009251	0.021196	0.011911	0.023348	0.025994	0.031035	
0.011409	0.014591	0.027036	0.032239	0.019232	0.006082	0.002823	0.023844	0.022875	0.0245	0.021677	0.028005	0.021457	0.003166	0.006941	0.025662	0.027537	0.017431	0.010739	0.0322	0.01017	0.033853	0.004594	0.010203	0.026575	0.005118	0.019416	0.02958	0.024767	0.02495	0.032667	0.015912	0.031336	0.027321	0.015649	0.001996	0.018198	0.012786	0.01569	0.025649	0.01302	0.024492	0.006692	0.031974	0.033864	0.029379	0.031296	0.013504	0.016989	0.032914	
0.018655	0.032567	0.018786	0.03286	0.001687	0.03057	0.015532	0.026963	0.03769	0.01695	0.039473	0.009238	0.012259	0.015174	0.024696	0.024983	0.030008	0.040776	0.027842	0.016454	0.033457	0.039395	0.027796	0.018971	0.004648	0.015156	0.01247	0.01893	0.019038	0.004613	0.028318	0.014688	0.016883	0.023526	0.003792	0.024443	0.02193	0.015552	0.00623	0.010776	0.004972	0.029048	0.033585	0.002548	0.004945	0.028395	0.00823	0.0304	0.023431	0.000671	
0.004595	0.006398	0.023075	0.030724	0.026323	0.005239	0.028481	0.016142	0.000949	0.00391	0.005477	0.020872	0.02832	0.035539	0.024372	0.011958	0.011864	0.020561	0.021442	0.029333	0.009111	0.014842	0.011708	0.034536	0.019504	0.015063	0.008677	0.029921	0.031992	0.007747	0.019891	0.019478	0.012872	0.033095	0.026381	0.030091	0.026144	0.011014	0.032016	0.023298	0.019223	0.022476	0.008986	0.033507	0.023454	0.019022	0.016593	0.036643	0.029451	0.01769	
0.017269	0.004922	0.007167	0.00218	0.02744	0.00267	0.032666	0.019664	0.012861	0.01409	0.015513	0.013078	0.015099	0.028718	0.01204	0.022432	0.029599	0.031281	0.007396	0.03377	0.013585	0.005362	0.026628	0.030191	0.033118	0.024333	0.02733	0.018837	0.012239	0.020095	0.031526	0.026051	0.03251	0.023155	0.033023	0.030519	0.000227	0.029504	0.032181	0.02749	0.021313	0.023876	0.004785	0.031131	0.011687	0.014701	0.002822	0.029625	0.028767	0.003534	
0.027282	0.001705	0.034933	0.000151	0.026491	0.006422	0.027853	0.014053	0.008842	0.025994	0.014409	0.014718	0.013754	0.01568	0.007304	0.009579	0.010803	0.00974	0.002375	0.030597	0.029166	0.010936	0.029596	0.008382	0.026616	0.028323	0.007689	0.033999	0.011456	0.019404	0.025349	0.029643	0.025042	0.030215	0.016998	0.025746	0.023617	0.010152	0.022996	0.030346	0.030586	0.03656	0.031971	0.0245	0.018143	0.018379	0.029171	0.037117	0.010865	0.014352	
0.006415	0.01568	0.029108	0.00084	0.031572	0.024764	0.029586	0.022329	0.002343	0.010425	0.005235	0.041762	0.030519	0.000897	0.000105	0.004548	0.039298	0.024358	0.005246	0.037387	0.034635	0.008664	0.037789	0.024099	0.006365	0.026977	0.000753	0.006452	0.011561	0.017604	0.012993	0.004601	0.039055	0.007316	0.022156	0.028277	0.035976	0.000757	0.032921	0.010283	0.016251	0.036581	0.035416	0.004812	0.020595	0.016164	0.030045	0.037036	0.033653	0.037796	
0.03314	0.031353	0.03739	0.014224	0.003314	0.011391	0.037304	0.030513	0.03267	0.014623	0.010193	0.024252	0.002951	0.024451	0.0141	0.014499	0.031229	0.005592	0.01777	0.033173	0.001028	0.00637	0.007951	0.02556	0.01686	0.002774	0.011255	0.024238	0.008954	0.035367	0.03059	0.007014	0.028693	0.033372	0.031678	0.020998	0.027111	0.000328	0.000195	0.003744	0.03746	0.029355	0.033937	0.008257	0.001081	0.016403	0.034161	0.034659	0.024937	0.031538	
0.006613	0.011448	0.036229	0.010849	0.008861	0.032738	0.001839	0.015758	0.017097	0.010365	0.028023	0.029251	0.007278	0.030731	0.038274	0.016857	0.003085	0.020617	0.031813	0.02874	0.006863	0.008276	0.011748	0.004419	0.018544	0.013892	0.001029	0.024769	0.016695	0.03327	0.039424	0.01215	0.022818	0.025941	0.031586	0.009729	0.03901	0.031795	0.018953	0.021513	0.035257	0.002811	0.018707	0.000817	0.039024	0.013962	0.042746	0.004085	0.023862	0.039839	
0.020314	0.010463	0.005307	0.026752	0.033041	0.026748	0.03129	0.028981	0.001081	0.023496	0.001356	0.005648	0.022533	0.013788	0.010776	0.028816	0.028455	0.004939	0.027259	0.025087	0.02907	0.016552	0.009247	0.026947	0.023296	0.029465	0.030276	0.033772	0.015566	0.021768	0.016678	0.000619	0.034055	0.028824	0.010867	0.034809	0.012347	0.027333	0.014001	0.018542	0.013629	0.017743	0.016911	0.012648	0.031625	0.02372	0.012173	0.005446	0.028738	0.027203	
0.018228	0.006102	0.006028	0.005307	0.025427	0.000354	0.00696	6.9e-05	0.003211	0.011963	0.018427	0.038268	0.027459	0.004665	0.038829	0.000754	0.039519	0.027189	0.038313	0.009682	0.001603	0.030264	0.028699	0.002112	0.018094	0.042029	0.039046	0.03823	0.02508	0.027763	0.005011	0.028334	0.037203	0.008531	0.027826	0.039837	0.033454	0.021008	0.038445	0.000673	0.025933	0.000984	0.040681	0.003174	0.017032	0.001261	0.024022	0.02998	0.002329	0.034608	
0.010889	0.003853	0.014313	0.020414	0.033575	0.002398	0.032592	0.010011	0.010224	0.034251	0.024372	0.027612	0.02433	0.004128	0.018226	0.000738	0.02916	0.038168	0.010271	0.016538	0.006797	0.020707	0.001498	0.020614	0.037354	0.027957	0.002483	0.022809	0.010363	0.005787	0.006173	0.027818	0.032132	0.01589	0.019044	0.036437	0.007842	0.027291	0.030063	0.017767	0.036353	0.036219	0.026751	0.003503	0.036672	0.003922	0.023065	0.030521	0.036408	0.023697	
0.028994	0.007536	0.006676	0.013677	0.034816	0.007247	0.025114	0.030239	0.035417	0.02298	0.01873	0.025904	0.002527	0.018969	0.032419	0.037669	0.024951	0.016886	0.021731	0.004764	0.036166	0.004738	0.036957	0.024701	0.017228	0.016487	0.024665	0.023156	0.027293	0.035938	0.02334	0.018836	0.016061	0.00733	0.00196	0.032442	0.023324	0.000796	0.007945	0.012578	0.009162	0.037617	0.009534	0.015318	0.037027	0.02155	0.003443	0.031491	0.005273	0.020398	
0.027548	0.003513	0.002619	0.017089	0.0282	0.006094	0.016255	0.008502	0.0226	0.018033	0.020177	0.039306	0.035091	0.000589	0.001287	0.032658	0.015893	0.00262	0.006974	0.03841	0.016151	0.027455	0.027076	0.019663	0.022018	0.028306	0.004864	0.004904	0.038889	0.026512	0.025953	0.003334	0.011009	0.008629	0.023215	0.039872	0.012902	0.020093	0.022242	0.025719	0.015537	0.012269	0.03211	0.035846	0.021482	0.021815	0.029613	0.018444	0.021652	0.038968	
0.017717	0.016202	0.008605	0.027234	0.030702	0.031869	0.009732	0.009268	0.019736	0.003261	0.015411	0.014933	0.035283	0.031805	0.027295	0.030356	0.005603	0.000757	0.020453	0.024757	0.036978	0.013726	0.032149	0.008891	0.027941	0.010821	0.007699	0.03373	0.028711	0.020813	0.014278	0.012566	0.028421	0.00683	0.027898	0.014725	0.034188	0.01753	0.000678	0.032079	0.015479	0.008684	0.031514	0.026949	0.031388	0.020736	0.019543	0.015209	0.024688	0.014179	
0.015099	0.039464	0.018385	0.018077	0.014456	0.035718	0.014916	0.038447	0.026928	0.030249	0.026338	0.031271	0.008187	0.028157	0.019532	0.026047	0.009496	0.003617	0.0147	0.038292	0.009042	0.040173	0.033721	0.035534	0.010965	0.016853	0.004508	0.009062	0.026644	0.033722	0.030368	0.022385	0.028033	0.024182	0.005795	0.026502	0.020131	0.009011	0.021628	0.014949	0.022952	0.00141	0.007454	0.018374	0.001417	0.024877	0.009137	0.002813	0.026858	0.004124	
0.015286	0.031316	0.025721	0.001715	0.029661	0.027768	0.003809	0.025862	0.013501	0.023332	0.035742	0.030335	0.023907	0.018375	0.012621	0.035454	0.033199	0.018168	0.011114	0.009945	0.032065	0.027211	0.00177	0.032271	0.005486	0.016492	0.025309	0.019481	0.013527	0.034453	0.018929	0.019171	0.002398	0.007482	0.013073	0.017334	0.035458	0.014223	0.027466	0.020798	0.034036	0.004677	0.014299	0.013209	0.027711	0.008556	0.018373	0.033795	0.010535	0.023581	
8.9e-05	0.008327	0.023511	3e-06	0.035337	0.018928	0.031894	0.030286	0.016631	0.012386	0.030727	0.003981	0.036416	0.024591	0.012056	0.027652	0.03384	0.024438	0.019017	0.014223	0.017846	0.000497	0.026536	0.036568	0.030575	0.023401	0.013746	0.000234	0.017127	0.001595	0.022317	0.029429	0.026482	0.010946	0.021169	0.023272	0.027839	0.033899	0.032664	0.020952	0.014302	0.013767	0.022264	0.013181	0.037129	0.02787	0.000919	0.022688	0.020189	0.006264	
0.025411	0.029564	0.008814	0.028203	0.015209	0.027442	0.01389	0.027829	0.040067	0.023328	0.032761	0.008554	7e-06	0.039527	0.022638	0.024091	0.023551	0.015385	0.020012	0.016653	0.036894	0.010248	0.0015	0.025027	0.006921	0.035049	0.029039	0.030448	0.000755	0.008154	0.024325	0.013006	0.030212	0.027409	0.011454	0.00123	0.009825	0.008003	0.03447	0.025745	0.002235	0.021205	0.024763	0.002035	0.02378	0.033315	0.018233	0.033849	0.008155	0.01978	
0.021419	0.025929	0.042735	0.005398	0.005275	0.021868	0.005931	0.038872	0.003835	0.020195	0.022035	0.004164	0.029593	0.008632	0.034277	0.043946	0.022369	0.011589	0.032503	0.007465	0.017597	0.038895	0.012581	0.02846	0.019275	0.014512	0.02811	0.043921	0.026208	0.002604	0.032631	0.024472	0.015979	0.015701	0.012425	0.016856	0.000169	0.03851	0.001307	0.028775	0.003292	0.036847	0.043924	0.025231	0.002806	0.005667	0.019189	0.006878	0.009855	0.019293	
0.011962	0.03156	0.029566	0.025062	0.032198	0.017011	0.03408	0.017107	0.035544	0.023486	0.01312	0.009392	0.025103	0.028138	0.018316	0.012907	0.022423	0.037343	0.000395	0.00821	0.025645	0.031184	0.031951	0.030638	0.019686	0.014121	0.021608	0.022406	0.004266	0.013881	0.02026	0.027642	0.007517	0.022048	0.024831	0.017301	0.01798	0.026227	0.009526	0.001061	0.029316	0.008627	0.002891	0.001897	0.02164	0.020473	0.011506	0.022215	0.032728	0.026005	
0.001627	0.024992	0.027141	0.024269	0.018291	0.01865	0.015481	0.008062	0.025483	0.015997	0.01524	0.008741	0.002048	0.03148	0.030523	0.027581	0.035874	0.027837	0.035751	0.021367	0.013285	0.027626	0.035784	0.032519	0.002185	0.020435	0.001869	0.011163	0.021502	0.001577	0.007808	0.029349	0.022417	0.024644	0.012739	0.011927	0.035506	0.031594	0.000224	0.027872	0.020946	0.008836	0.009465	0.008073	0.023905	0.035271	0.032127	0.01872	0.034501	0.019696	
0.029355	0.031093	0.034444	0.021076	0.025536	0.018434	0.033881	0.028826	0.018753	0.018288	0.024234	0.011322	0.020711	0.009209	0.027147	0.014582	0.020385	0.012581	0.02373	0.023335	0.007855	0.016035	0.016594	0.022776	0.017029	0.011782	0.028998	0.03342	0.024963	0.021325	0.009565	0.000726	0.035183	0.000448	0.03513	0.021513	0.026907	0.012579	0.018968	0.013372	0.012241	0.025831	0.01286	0.029006	0.016297	0.031642	0.00354	0.022216	0.01696	0.007317	
0.012342	0.008741	0.009487	0.001408	0.031194	0.036304	0.030712	0.025196	0.026505	0.039258	0.01467	0.029717	0.036146	0.027027	0.00467	0.006639	0.019013	0.006847	0.010902	0.009845	0.017313	0.033572	0.009316	0.002739	0.035583	0.014103	0.005794	0.028911	0.026998	0.015815	0.023564	0.024879	0.012334	0.011613	0.007478	0.035775	0.013636	0.039384	0.025124	0.019364	0.036167	0.004871	0.018141	0.00669	0.038821	0.001555	0.038282	0.024661	0.012211	0.028683	
0.029735	0.035603	0.020159	0.022722	0.032755	0.003602	0.016079	0.006054	0.008508	0.025414	0.003787	0.006536	0.010911	0.012463	0.029308	0.037516	0.019906	0.031891	0.035913	0.035068	0.018704	0.006893	0.032448	0.032336	0.006466	0.022263	0.017812	0.030458	0.005446	0.001803	0.029171	0.023423	0.014016	0.037104	0.022462	0.029902	0.003695	0.026925	0.016015	0.020694	0.008076	0.022875	0.027363	0.021432	0.016855	0.021545	0.007583	0.034496	0.010678	0.007131	
0.014652	0.023068	0.011214	0.001258	0.021441	0.020495	0.019471	0.017978	0.02958	0.010805	0.012637	0.036833	0.00554	0.004102	0.015473	0.019922	0.036127	0.029049	0.019625	0.002543	0.024201	0.023029	0.014753	0.012912	0.026486	0.038271	0.037823	0.017404	0.035082	0.019718	0.009013	0.018932	0.011936	0.020516	0.036036	0.006886	0.000236	0.026583	0.030743	0.030165	0.016194	0.031002	0.020913	0.037893	0.017989	0.01917	0.023137	0.020181	0.014034	0.006949	
0.017677	0.037247	0.015359	1e-06	0.038278	0.008941	0.021368	0.005405	0.013068	0.020402	0.040166	0.0172	0.027754	0.030161	0.019624	0.011007	0.010762	0.031974	0.00631	0.029198	0.037137	0.032756	0.011258	0.011622	0.013613	0.010489	0.010291	0.013621	0.032065	0.029517	0.030483	0.02843	0.001571	0.036293	0.017521	0.00826	0.002141	0.038211	0.011128	0.040191	0.021409	0.004244	0.028182	0.016987	0.002723	0.028365	0.001594	0.038514	0.010708	0.028774	
0.000556	0.01957	0.030808	0.037559	0.002469	0.001379	0.007798	0.028245	0.026239	0.037284	0.031492	0.010937	0.033555	0.003693	0.023114	0.022717	0.037573	0.030407	0.011447	0.002675	0.025331	0.001586	0.006	0.014694	0.032875	0.038216	0.005425	0.039739	0.018424	0.032206	0.003097	0.012646	0.038918	0.014822	0.03241	0.001405	0.001139	0.033785	0.003641	0.03102	0.02595	0.025878	0.028844	0.023075	0.035517	0.0005	0.018446	0.020361	0.006156	0.028377	
0.009671	0.027215	0.028113	0.028421	0.0069	0.021327	0.018529	0.018895	0.046046	0.025232	0.019038	0.042388	0.000684	0.005506	0.000669	0.015106	0.02029	0.045222	0.005573	0.016681	0.01916	0.016165	0.020042	0.015029	0.029935	0.047196	0.000132	0.029122	0.005855	0.028393	0.020598	0.010764	0.02372	0.040003	0.032165	0.028557	0.012954	0.020603	0.019901	0.006292	0.006034	0.033096	0.003461	0.01937	0.001338	0.008693	0.043412	0.012198	0.007023	0.037283	
0.006092	0.021055	0.01493	0.025669	0.015586	0.037639	0.003423	0.020667	0.01714	0.022066	0.001295	0.003223	0.033676	0.032529	0.031424	0.03242	0.001589	0.030685	0.037831	0.015012	0.038036	0.033463	0.009559	0.035024	0.016433	0.038206	0.026985	0.012128	0.023603	0.029551	0.001976	0.003578	0.032833	0.011391	0.008332	0.035371	0.026278	0.031125	0.022317	0.013739	0.008077	0.004408	0.020613	0.003933	0.012538	0.002423	0.005784	0.029931	0.037814	0.0206	
0.021026	0.030914	0.024436	0.001855	0.022956	0.039681	0.036927	0.013321	0.030682	0.037974	0.026087	0.040977	0.004	9.7e-05	0.036224	0.042675	0.030525	0.032608	0.014149	0.01256	0.020147	0.010288	0.018917	0.029122	0.033733	0.027666	0.03456	0.023351	0.044755	0.037675	0.004343	0.006366	0.004587	0.012949	0.035399	0.025311	0.001455	0.025306	0.006648	0.007676	0.009285	0.023616	0.019737	0.001995	0.004087	0.001058	0.019118	0.00392	0.006022	0.001234	
0.027543	0.02555	0.01438	0.014313	0.010106	0.006394	0.009224	4.6e-05	0.021235	0.001622	0.00486	0.037915	0.001811	0.030547	0.005994	0.010276	0.037162	0.019986	0.01287	0.039985	0.001882	0.008904	0.008459	0.017631	0.023214	0.021931	0.027558	0.020082	0.024852	0.024989	0.028232	0.015619	0.015083	0.032207	0.037718	0.017186	0.001291	0.002403	0.038498	0.021028	0.004558	0.034588	0.037467	0.038818	0.024158	0.020982	0.031823	0.018798	0.03883	0.029392	
0.028818	0.029167	0.003579	0.012325	0.010138	0.029134	0.028318	0.016433	0.015786	0.027368	0.037075	0.017068	0.036828	0.005406	0.025612	0.014726	0.001407	0.020147	0.024988	0.029679	0.028384	0.028818	0.015841	0.028258	0.008939	0.031499	0.035215	0.006376	0.00754	0.023331	0.010628	0.025134	0.010165	0.007726	0.003269	0.028849	0.026817	0.037369	0.009657	0.028207	0.024789	0.02314	0.013919	0.019117	0.026287	0.007755	0.037673	0.002322	0.028182	0.000792	
0.008501	0.018965	0.027796	0.016226	0.011177	0.014085	0.024728	0.034652	0.039783	0.013705	0.023634	0.033771	0.007295	0.003236	0.027867	0.013938	0.038376	0.006467	0.028905	0.014543	0.00399	0.039283	0.001137	0.022129	0.003234	0.028779	0.033565	0.038408	0.018099	0.005383	0.010075	0.008071	0.015392	0.026294	0.034966	0.040894	0.005147	0.000872	0.032625	0.004564	0.018639	0.028854	0.03957	0.0187	0.03129	0.004386	0.027124	0.011361	0.017567	0.021952	
0.017649	0.017209	0.02635	0.004312	0.024625	0.014802	0.021547	0.024878	0.012107	0.028666	0.015253	0.014702	0.033129	0.030718	0.009662	0.010436	0.003581	0.040608	0.019514	0.01922	0.001988	0.016811	0.020505	0.029682	0.025452	0.013511	0.039936	0.007568	0.033712	0.01796	0.032909	0.011399	0.033095	0.039455	0.024929	0.032692	0.01377	0.032869	0.011514	0.007361	0.009086	0.005995	0.001803	0.02509	0.025462	0.011034	0.01705	0.018937	0.025253	0.024204	
0.033009	0.036436	0.028184	0.016723	0.028377	0.012099	0.012469	0.009973	0.017169	0.009686	0.002109	0.002953	0.012343	0.034576	0.015201	0.020439	0.026969	0.014898	0.029591	0.016373	0.008871	0.022243	0.015757	0.02371	0.029578	0.027277	0.035429	0.010744	0.006403	0.010957	0.020697	0.009875	0.006083	0.014806	0.023974	0.016796	0.011311	0.028436	0.009801	0.023729	0.032156	0.014385	0.032913	0.035985	0.013625	0.03102	0.025179	0.034855	0.016737	0.027091	
0.036273	0.008032	0.019949	0.02306	0.042242	0.011047	0.007554	0.004334	0.002985	0.021551	0.023005	0.027311	0.007303	0.024899	0.004624	0.005382	0.032253	0.029423	0.008912	0.019455	0.042555	0.02438	0.007496	0.028524	0.021455	0.011027	0.014679	0.021146	0.016463	0.032768	0.0006	0.027006	0.033076	0.01139	0.041953	0.03387	0.026563	0.012718	0.032986	0.012879	0.019463	0.000359	0.006954	0.031811	0.017845	0.017814	0.025245	0.007306	0.019675	0.0404	
0.039274	0.007887	0.001779	0.036573	0.034472	0.032032	0.02874	0.042178	0.039186	0.04246	0.009745	0.007128	0.012816	0.016886	0.018513	0.007415	0.012197	0.037665	0.037181	0.004578	0.00049	0.014789	0.01957	0.005878	0.025298	0.031147	0.029446	0.033101	0.004045	0.009394	0.012822	0.007017	0.021056	0.041996	0.017425	0.032903	0.003735	0.018885	0.005163	0.041553	0.023223	0.029277	0.031692	0.017528	0.003443	0.000239	0.017279	0.00308	0.005701	0.02412	
0.011236	0.007268	0.022915	0.007278	0.001498	0.005228	0.032464	0.031908	0.016696	0.038088	0.036793	0.002361	0.035826	0.010372	0.019985	0.00438	0.013839	0.033939	0.023061	0.029132	0.003392	0.012954	0.034974	0.031496	0.036078	0.012559	0.007101	0.015307	0.008801	0.006505	0.008859	0.022673	0.03069	0.003496	0.015153	0.031641	0.03732	0.025475	0.033245	0.029958	0.031864	0.006253	0.034019	0.008296	0.011794	0.034179	0.009745	0.025216	0.027756	0.018934	
0.024181	0.041644	0.038048	0.001529	0.007852	0.018439	0.001105	0.001049	0.004945	0.001703	0.021587	0.006996	0.016257	0.013356	0.03383	0.016177	0.03525	0.012583	0.022049	0.036272	0.027029	0.008347	0.014013	0.025156	0.034712	0.029816	0.018191	0.000912	0.028006	0.00766	0.035586	0.035125	0.020752	0.003176	0.015712	0.039115	0.034252	0.035628	0.027055	0.01951	0.036187	0.019295	0.007136	0.028837	0.003838	0.022366	0.012192	0.028069	0.006333	0.021142	
0.015932	0.017133	0.007699	0.020705	0.008945	0.034129	0.02518	0.004296	0.033565	0.011853	0.009864	0.010075	0.027854	0.011654	0.026886	0.022983	0.012491	0.03136	0.028791	0.024968	0.019862	0.010791	0.036228	0.013869	0.003911	0.016907	0.023294	0.02369	0.030819	0.023223	0.001283	0.024318	0.037408	0.005475	0.014267	0.036615	0.034289	0.023863	0.018216	0.008271	0.000577	0.035504	0.012436	0.000433	0.026564	0.006352	0.03464	0.031513	0.02751	0.031509	
0.032561	0.039087	0.002339	0.03951	0.008222	0.001038	0.032568	0.015216	0.029522	0.003409	0.025883	0.034726	0.009491	0.035246	0.027895	0.022853	0.003728	0.022934	0.037995	0.01418	0.026251	0.013496	0.021662	0.033375	0.025755	0.017862	0.002198	0.028349	0.006574	0.001854	0.017094	0.015062	0.025104	0.007876	0.006308	0.002035	0.000623	0.033939	0.004899	0.038683	0.010456	0.038795	0.034984	0.007454	0.012416	0.003421	0.014027	0.039459	0.039338	0.032248	
0.003261	0.014578	0.004464	0.027684	0.000305	0.011794	0.021547	0.039709	0.004252	0.040625	0.016444	0.000483	0.002474	0.021092	0.034613	0.00214	0.00688	0.038049	0.041159	0.014685	0.010455	0.029982	0.026025	0.031663	0.00493	0.008611	0.027994	0.012752	0.005642	0.01588	0.040593	0.016217	0.010703	0.028993	0.021037	0.031881	0.02853	0.040125	0.014833	0.025552	0.003752	0.011455	0.041464	0.014594	0.042539	0.025373	0.027301	0.025342	0.004042	0.025502	
0.016668	0.008534	0.007582	0.035979	0.024278	0.004378	0.028404	0.023004	0.011592	0.011736	0.037955	0.044529	0.022672	0.033167	0.005918	0.02197	0.013547	0.006777	0.0073	0.042549	0.012335	0.013274	0.018105	0.035397	0.025808	0.028186	0.002167	0.006068	0.029156	0.015726	0.034328	0.016216	0.004056	0.019328	0.001736	0.027491	0.036647	0.000317	0.014185	0.007175	0.010483	0.033391	0.012544	0.037409	0.020012	0.043566	0.011073	0.012933	0.045212	0.017137	
0.002662	0.030139	0.017409	0.020594	0.011167	0.02278	0.024192	0.02402	0.031136	0.022239	0.014572	0.026922	0.034561	0.01901	0.031751	0.034236	0.035148	0.035054	0.031898	0.013991	0.009295	0.036921	0.000807	0.030454	0.013276	0.012436	0.006018	0.032801	0.007302	0.010144	0.023261	0.012132	0.013367	0.015665	0.03318	0.030903	0.02724	0.015368	0.01307	0.008566	0.006739	0.019871	0.009759	0.021039	0.006951	0.010436	0.036598	0.021616	0.021404	0.0099	
0.64