50
2
0.509936	-0.476513	-0.422554	-0.533569	-0.314693	-0.288451	-0.200334	-0.133146	-0.975594	-0.198164	-0.338076	0.13802	-0.2935	0.796704	-0.288396	-0.40829	-0.983865	0.532556	0.30304	-0.109988	0.200413	0.063942	-0.477919	0.634634	-0.95608	0.120708	0.091868	0.378386	0.403977	-0.757452	-0.35772	0.922322	-0.324146	-0.123241	0.97354	0.085413	0.835776	-0.009553	-0.220122	0.556245	0.3201	0.162277	-0.382925	-0.691095	-0.412519	-0.075621	0.393833	-0.431472	-0.574362	-0.713113	
-0.839636	0.937768	0.755732	-0.567948	0.385243	0.141431	0.283547	0.43566	0.608317	0.649263	0.539256	0.041921	0.392216	0.136308	0.368787	-0.839861	0.950131	0.796269	0.114132	0.095796	-0.360851	-0.441897	0.97763	0.618879	0.957485	0.202581	-0.06736	0.730855	-0.995001	-0.714565	0.271136	0.172266	0.993415	-0.968043	-0.626893	0.276877	-0.146301	-0.371956	0.033283	-0.866797	-0.281709	0.399235	-0.349939	0.813348	-0.149433	-0.299701	0.927332	0.15892	-0.830782	-0.783473	
0.054061	0.90638	-0.692233	-0.956856	-0.479844	0.006229	-0.177804	0.514088	0.09733	0.789198	-0.442143	0.656729	-0.823208	-0.620485	0.049322	-0.110506	0.3961	0.554795	-0.45118	0.529491	0.1259	-0.251139	-0.297527	0.098475	-0.539432	0.243732	-0.323448	0.360665	0.940405	-0.550946	-0.090094	-0.649001	-0.359232	0.934757	-0.064707	0.25678	0.980362	-0.833646	-0.780573	0.232243	0.520968	-0.637858	0.157321	-0.894999	-0.930689	0.00181	-0.607676	0.961231	0.259106	-0.968107	
-0.451267	-0.098365	-0.936461	-0.839289	-0.426811	0.33768	0.14451	0.370409	-0.339472	-0.337635	-0.704663	0.005744	-0.112782	-0.774423	-0.043739	-0.415359	-0.169432	0.672996	-0.042163	0.228591	-0.523071	-0.167829	-0.513135	0.533429	-0.889632	-0.002419	-0.381585	-0.242474	0.579959	-0.170275	0.361604	0.841865	0.726723	-0.839048	0.366182	-0.216624	-0.099727	-0.924473	0.953802	0.874888	-0.419095	0.113873	0.087938	0.85852	0.56195	-0.313696	-0.745936	0.701955	0.355478	-0.486561	
0.296428	0.77314	-0.8641	0.447958	-0.479385	0.787366	-0.690085	-0.719775	-0.380803	-0.157039	-0.274085	0.202896	-0.230388	0.361321	-0.03499	0.49887	0.467359	0.564139	-0.458528	0.021682	0.147659	0.0306	0.160475	0.812217	-0.469256	-0.83906	-0.20395	-0.121659	0.61119	-0.856454	-0.210152	-0.512707	-0.694746	0.085812	-0.371347	-0.676032	-0.390665	-0.372172	0.57504	-0.65954	-0.583922	0.679078	0.041584	-0.58856	-0.765774	0.121196	-0.29866	0.054949	0.117716	-0.460029	
0.710558	-0.652939	0.486065	0.909982	-0.791512	0.559401	0.924548	-0.97355	-0.145846	-0.660842	0.514016	-0.686404	0.949685	-0.169495	0.356002	0.086415	-0.277881	0.741497	0.128208	-0.940199	0.845155	0.811785	0.577115	-0.178615	0.665168	-0.868485	0.05851	-0.045796	0.895265	0.122184	0.186985	-0.202804	-0.117879	0.606633	-0.714731	0.643459	0.789295	0.03867	0.557387	0.353121	0.694298	0.108201	-0.428542	-0.187867	0.712649	-0.585778	0.555173	-0.189563	-0.593447	0.233581	
-0.412849	0.454963	0.510698	-0.748504	0.218089	-0.653932	0.525449	-0.137416	0.066065	0.637072	-0.304408	0.877956	-0.418589	-0.861839	0.624173	0.522318	0.435162	-0.083141	-0.076217	0.529285	0.29111	0.7709	0.359814	-0.945115	-0.221314	-0.578769	0.296125	-0.660875	-0.884672	0.082967	-0.305548	-0.892909	0.027705	-0.324026	-0.144436	-0.145242	-0.70995	-0.933928	0.658922	0.879042	0.315049	-0.691431	-0.552544	-0.756179	-0.027166	-0.20548	0.025744	-0.994096	-0.407403	-0.825989	
-0.983635	0.071262	0.081868	-0.789353	0.904119	0.757392	0.812886	-0.556692	-0.255719	-0.833209	-0.449349	0.709853	-0.357935	0.629832	0.557798	-0.440244	-0.674981	-0.336	-0.609362	-0.469673	0.200658	0.037682	0.146501	-0.124964	-0.443486	-0.414262	0.305453	-0.771708	-0.101231	0.075812	0.474661	-0.634254	0.397022	-0.518656	0.731886	0.838156	-0.133279	-0.933026	0.536698	0.851538	0.82197	0.52759	-0.774632	0.398752	0.835565	0.814818	0.779803	0.097938	-0.191615	0.556011	
-0.618828	0.704874	0.639079	-0.983431	-0.438577	0.371321	-0.679423	0.734449	0.286053	-0.465807	-0.643299	-0.24078	0.25754	-0.954612	0.638408	-0.073477	-0.974237	0.572947	-0.566252	0.214457	0.74087	-0.775194	-0.802967	0.78337	0.049395	0.629896	0.181989	-0.57758	0.96494	-0.032869	-0.780404	0.191659	-0.176596	0.920707	-0.326843	-0.696635	-0.816205	-0.555189	-0.731972	-0.870182	0.409043	0.037575	-0.957127	-0.894181	-0.302822	-0.751224	-0.826574	-0.453346	0.699429	0.341128	
0.320563	-0.947325	0.507783	0.905957	0.472866	0.95539	-0.616147	0.403549	0.083233	-0.277838	-0.585263	-0.450932	-0.536573	0.522444	-0.068408	0.670171	-0.508833	-0.462727	-0.758919	-0.384716	-0.165309	0.439922	0.227717	-0.763717	-0.665907	-0.948843	0.073728	0.28407	0.193526	0.18066	-0.960739	0.442359	0.921745	-0.587729	0.122962	-0.52822	-0.70237	0.96929	0.960468	0.356703	-0.428398	0.272557	0.97586	-0.213623	0.140984	-0.654105	0.564995	-0.994029	-0.328465	-0.513896	
-0.194753	0.512428	-0.76831	0.068361	0.061193	-0.439956	0.568436	0.518584	0.920431	0.931313	-0.335784	0.627618	-0.393664	-0.153758	0.603954	0.246049	-0.363533	-0.92151	-0.390176	-0.605291	-0.543932	0.884489	-0.216787	0.708767	-0.348294	0.869109	-0.326941	0.126521	-0.831633	-0.64183	-0.572977	-0.556285	-0.216201	-0.664532	0.854359	0.875433	-0.643021	0.525735	-0.639172	0.679209	-0.476214	0.388731	0.836281	0.211313	-0.271337	0.694217	-0.118769	-0.586005	-0.942071	0.71067	
-0.750872	0.270838	0.298051	-0.27182	0.493054	-0.228562	0.33866	0.776602	0.940741	0.530463	-0.383215	0.717477	0.241292	0.190202	0.890494	0.098903	-0.940938	-0.169025	-0.113794	0.112248	-0.736656	0.391453	0.745786	-0.609626	-0.268742	0.680712	-0.999218	-0.021463	0.004569	-0.158613	0.270902	-0.715421	-0.251106	-0.121964	-0.009369	0.148541	-0.524862	0.823304	0.927594	-0.697297	-0.673731	-0.326657	-0.999271	0.344657	0.068292	0.389124	0.516454	-0.82833	0.586486	0.106833	
-0.80243	0.266006	0.729407	0.393351	-0.613998	-0.115925	-0.138467	0.795069	0.263377	-0.075479	-0.36267	-0.664585	0.493587	0.705571	-0.347678	-0.412137	0.365348	0.237234	-0.263298	-0.257866	0.603422	0.768819	-0.268161	0.208434	-0.423607	-0.575285	0.487674	-0.017889	0.787249	0.069811	0.189308	-0.974815	-0.163562	0.919531	-0.54249	0.581268	-0.047379	-0.564595	-0.311619	0.918861	-0.367128	-0.508812	-0.258286	-0.907642	0.77176	-0.50587	-0.458599	0.788545	-0.800348	-0.682854	
-0.135494	0.512908	-0.148471	0.376241	-0.777752	0.393127	-0.080716	-0.539031	0.064582	-0.751137	-0.170215	0.364324	-0.770319	0.765372	-0.8627	-0.101402	0.446903	0.035765	0.315483	0.893597	-0.244246	-0.156837	-0.02143	-0.261354	-0.738971	-0.219691	0.055835	-0.23611	-0.971166	-0.856143	-0.837458	0.83337	-0.373221	0.443198	-0.05308	0.990725	-0.623407	-0.17236	0.55683	-0.001818	0.578687	0.929435	-0.253178	0.818153	-0.125234	-0.480512	0.780922	0.472686	0.440523	0.820068	
0.68928	0.010356	-0.315824	-0.833673	-0.467934	-0.996788	0.204136	0.026088	-0.050317	-0.824879	-0.7728	0.133961	0.569352	0.133361	0.136427	-0.427867	0.748005	-0.102081	0.607098	0.920229	0.716477	-0.250197	0.117339	-0.025661	-0.910821	0.45295	-0.47122	0.654197	-0.49323	-0.277515	0.491248	-0.146092	0.355496	0.03002	-0.208733	0.807203	0.824124	-0.722288	-0.929725	0.876817	-0.212606	0.801593	-0.759837	-0.097996	-0.522038	-0.311207	0.294414	-0.679939	0.051476	-0.521545	
0.149094	0.23164	-0.741244	-0.507403	0.484306	0.744701	0.389479	0.706274	-0.145656	0.682951	0.094551	0.463849	-0.819945	-0.644815	-0.956443	-0.240659	-0.960027	0.905299	-0.275762	-0.906487	-0.830971	-0.132223	-0.381297	-0.930951	-0.194322	0.809847	-0.127318	-0.806634	-0.231516	-0.982057	-0.59976	0.453099	-0.687165	-0.467868	0.514027	-0.916287	-0.77781	0.702625	0.008155	0.445911	0.262945	-0.21472	0.974956	0.539996	0.05358	-0.020132	-0.064986	-0.165628	0.867038	0.155476	
0.002106	0.098531	0.272257	-0.546937	0.096481	0.635261	-0.711792	0.599692	-0.18232	0.640386	-0.402464	-0.958666	0.196547	0.531493	-0.397958	-0.281098	-0.47753	0.374457	0.805177	0.742151	0.202935	-0.634281	0.416215	-0.800809	0.070991	-0.869915	-0.779619	-0.864547	-0.649921	0.730636	-0.532337	0.420307	-0.024914	0.300641	-0.024742	0.623846	0.506841	0.764096	-0.019899	0.542359	0.318063	0.07567	-0.064406	-0.546685	0.168344	0.705512	0.565784	0.793289	-0.773868	0.178715	
-0.644788	0.552554	-0.836115	0.078824	-0.727724	-0.579169	-0.244557	0.655445	-0.380051	0.534354	-0.201465	-0.366522	-0.410307	-0.817316	-0.902022	-0.532694	-0.263058	-0.30697	-0.895975	0.986831	-0.531354	0.930034	0.39492	0.392609	0.968914	0.139946	-0.144391	0.730503	0.432945	0.607435	-0.47851	0.204504	0.447167	-0.093541	0.630068	-0.047881	-0.178435	0.967814	0.577517	-0.53397	0.580351	0.371206	0.314159	-0.506427	-0.100444	0.71719	0.054234	-0.822491	-0.630523	-0.62251	
0.469661	0.43129	0.03523	0.994799	0.628606	-0.061551	-0.223175	-0.166952	0.360816	0.236001	-0.578964	-0.400726	0.554339	-0.360761	0.827112	-0.958497	-0.445945	0.589695	0.747762	0.076754	0.102877	-0.786881	-0.352854	-0.664816	-0.201805	-0.798703	0.16776	-0.206996	-0.766675	-0.408875	-0.746308	-0.526898	-0.85138	-0.617509	0.909499	-0.040565	-0.966694	0.951969	0.441147	0.905406	0.435031	-0.505085	-0.421926	0.229838	-0.601732	-0.158964	0.708575	0.371536	-0.745591	-0.460699	
0.826411	0.339006	0.286183	-0.425968	0.485451	-0.865509	-0.612826	-0.060661	0.290049	0.283507	0.748226	-0.558721	-0.406583	-0.577516	-0.808111	0.47891	-0.082404	0.017535	0.943212	-0.09146	0.218067	0.247341	0.788653	-0.6644	-0.362921	0.431456	-0.096603	0.424031	0.738248	-0.874015	0.709526	0.311646	-0.748562	-0.396998	0.040839	-0.484186	0.155646	-0.064999	0.559858	0.778127	-0.342603	-0.884986	0.925372	0.216888	-0.771941	0.125382	-0.191797	0.44726	0.912391	-0.637469	
-0.381952	-0.393485	0.440965	-0.079295	-0.270652	0.860311	-0.658795	0.856496	0.361505	0.935843	-0.62434	0.832924	-0.319823	-0.954361	0.58929	0.077806	0.3943	-0.465158	0.664971	0.014683	-0.508501	0.525716	0.983762	-0.187766	0.033725	-0.256976	0.483019	0.343529	0.746434	0.833984	-0.880098	0.072457	-0.317816	0.062185	-0.758123	-0.070101	0.065755	0.008809	-0.931559	-0.434438	0.266929	-0.33105	0.554202	-0.271755	-0.582266	0.24527	-0.042864	0.5313	0.2988	0.771843	
-0.962291	-0.003758	0.68883	-0.274794	0.344787	-0.090421	0.765122	-0.07319	-0.387457	0.961165	0.670177	-0.233856	-0.680133	-0.131388	0.836789	-0.407644	-0.62282	0.149882	-0.706509	-0.16054	0.105644	0.935773	0.515045	-0.138178	0.521903	0.223506	0.409878	-0.440697	0.08958	-0.732943	0.163671	-0.261265	-0.208301	0.850523	-0.674897	-0.111759	-0.250279	0.552883	-0.399244	-0.565652	0.386042	-0.251811	0.635223	0.89698	-0.249025	-0.31802	-0.389071	-0.764259	0.760995	0.218691	
0.348902	0.804614	-0.501402	0.327447	-0.694189	0.18227	0.88481	0.766968	0.624831	-0.99333	-0.00574	0.397071	0.936431	-0.406087	-0.455583	0.995703	-0.208958	0.746157	0.567219	-0.483191	-0.583036	-0.606983	0.130213	-0.815128	-0.198714	-0.741485	0.548413	0.454715	0.07077	0.615053	0.209685	-0.320123	0.885526	0.83942	0.118271	0.929396	-0.201223	0.382008	-0.952948	0.346969	-0.727702	0.64182	-0.661986	0.087943	0.021234	-0.10559	-0.334539	-0.029017	0.254027	0.869619	
0.343981	-0.356047	-0.641786	-0.953907	-0.344953	-0.470065	0.350522	-0.825812	-0.601461	-0.077175	0.238635	0.469972	-0.653845	0.317029	0.805253	0.046505	0.623627	-0.32579	-0.91629	0.592832	-0.330002	0.280053	-0.900197	-0.641947	-0.157633	-0.79009	-0.23395	0.723322	-0.634148	0.756712	0.007551	-0.899794	-0.977869	0.690015	0.941235	0.317047	0.438022	-0.479295	-0.478099	0.415274	-0.134827	0.400768	-0.485671	0.529308	-0.225267	-0.299837	0.197603	-0.029124	0.188503	-0.865361	
0.714262	0.25307	-0.898493	0.040932	0.124412	-0.483898	0.317784	0.643324	0.374986	0.920711	0.394708	0.668021	-0.427558	0.223942	0.135917	0.280403	0.43465	-0.109207	0.142153	-0.919917	-0.126835	-0.238818	-0.843633	0.80661	-0.804385	-0.872574	-0.095612	0.066786	-0.580571	-0.954315	-0.889767	0.533795	0.67743	-0.355583	0.292011	0.86672	-0.663238	0.827429	-0.707866	-0.939112	0.152128	-0.969896	0.311738	-0.49721	-0.948133	-0.41381	-0.051891	0.499422	-0.498314	0.523816	
-0.952012	-0.865019	0.220594	-0.239055	-0.440338	-0.441296	0.326445	-0.02597	-0.153876	0.310604	0.771696	-0.558773	-0.040706	-0.699381	-0.839965	-0.815644	-0.418915	0.257629	-0.123519	0.062031	0.513468	-0.631492	0.948815	-0.583712	0.722498	0.768608	0.686216	0.636257	0.556666	0.23115	-0.885479	-0.354659	0.884876	0.389613	0.794885	0.284034	-0.068963	-0.178134	0.046964	0.548762	0.515357	0.295563	0.393162	0.419842	-0.295521	-0.153727	-0.796139	-0.974546	-0.150083	-0.407573	
0.517215	-0.049112	-0.412473	0.660749	0.168166	0.868661	0.459302	0.942874	0.926258	0.601221	-0.954428	0.932106	-0.500197	0.79518	0.705122	-0.225613	0.399561	0.738436	-0.074605	-0.971846	-0.186595	0.601222	0.534142	0.416164	0.404793	-0.418223	-0.217416	0.559196	-0.255647	-0.131187	-0.72408	0.125799	-0.078212	0.862988	-0.059616	0.934572	0.344852	0.157741	-0.652101	-0.574639	-0.933812	-0.060617	-0.641326	0.794367	-0.874471	-0.022493	0.608823	0.013549	-0.043707	0.397867	
0.160554	0.387559	-0.455444	-0.366811	-0.42478	-0.203721	-0.171109	-0.103614	-0.053294	-0.865222	0.888658	-0.757361	0.99975	-0.002126	-0.862763	-0.358247	-0.290376	-0.592656	0.123572	0.235328	-0.174288	0.497534	-0.721335	0.627027	-0.250498	-0.578171	-0.467289	-0.547002	-0.691343	0.648349	-0.487175	-0.92797	0.506736	0.991188	-0.064734	-0.979042	0.363255	-0.600618	0.314187	0.489673	-0.597909	0.022414	0.42154	-0.717445	0.993497	0.028363	-0.81119	-0.124221	-0.906335	-0.107923	
0.082895	0.342964	0.845409	0.728603	-0.549365	-0.187392	-0.499034	-0.512568	0.690185	-0.56584	-0.438356	0.538228	0.471759	0.194765	0.359658	0.72761	-0.602303	-0.605217	0.954305	-0.205628	-0.233752	0.483829	0.407384	0.690623	0.561497	0.798928	0.179859	-0.320438	0.444971	0.366602	-0.483725	-0.681009	0.302172	-0.447646	0.782827	0.382831	0.971182	0.169983	-0.344438	0.810333	-0.157376	0.210431	-0.994026	0.823066	-0.686148	-0.402656	0.663605	-0.127876	-0.941121	-0.739186	
0.454278	0.701839	-0.274878	0.493493	-0.577752	0.500743	-0.759237	0.11064	-0.092093	-0.031223	-0.70576	-0.673698	-0.61903	0.019429	-0.334178	-0.00668	-0.330087	0.886413	-0.66765	0.925109	0.902424	0.445307	0.212195	-0.522192	-0.565698	-0.111768	0.800043	-0.803548	-0.020075	-0.536725	-0.783346	0.747917	0.273495	-0.323081	0.951229	0.881689	0.392653	0.254008	0.36158	-0.826386	-0.148014	0.387512	-0.326935	-0.762881	0.735327	-0.825837	0.105323	-0.259073	-0.377903	-0.753638	
0.676996	0.538885	-0.288259	-0.310239	-0.594184	-0.272275	-0.434484	0.775298	-0.923065	-0.141184	0.771676	-0.102852	0.190921	-0.818199	0.071715	-0.896	-0.87803	0.173244	-0.089246	-0.951405	0.676678	0.082565	0.453289	-0.360825	0.897043	0.28317	-0.046859	-0.845828	0.462129	-0.651147	0.631323	-0.826375	-0.574801	-0.292041	0.831037	0.846448	-0.592549	-0.007089	0.036459	0.253966	0.918195	0.643122	0.386583	-0.908211	-0.720009	-0.697413	0.63484	0.481713	0.512033	-0.124164	
0.183191	0.682151	0.720572	0.767264	-0.337632	0.810261	0.632376	0.668189	-0.284541	-0.3546	0.087944	0.404107	0.840967	0.133011	0.703119	-0.78772	-0.522087	0.571586	-0.13927	-0.670864	0.21782	-0.51006	-0.466353	0.02964	-0.744936	0.320819	0.942983	0.919634	-0.881469	-0.843537	0.453274	-0.188375	-0.52686	0.995844	0.383919	0.997276	-0.079483	-0.539038	-0.105379	0.140571	0.855311	-0.177981	-0.999324	-0.084518	-0.827142	-0.617302	0.116482	0.486112	0.548915	0.446353	
-0.004465	-0.603996	-0.44569	0.399729	-0.208342	0.44937	0.380838	0.85624	0.356213	-0.910087	0.763662	0.591009	-0.806222	-0.622751	0.661665	0.831474	0.359825	-0.416873	-0.872346	0.270755	-0.355859	0.954002	0.5903	0.58136	-0.67533	-0.648436	0.972842	0.720223	-0.321834	-0.244375	0.068275	0.365186	0.769741	-0.018941	-0.952706	0.211783	-0.175659	-0.295257	0.693195	0.503932	-0.301613	0.598928	-0.494569	0.975824	-0.793207	0.624675	0.858773	-0.418719	0.47406	0.187363	
-0.723419	-0.827347	0.912803	0.389022	0.113564	-0.237271	-0.380447	-0.202234	0.753452	-0.216759	0.932544	0.611757	-0.34823	0.811016	0.909429	0.766704	0.700247	-0.39447	-0.795507	0.708204	0.614167	-0.59339	-0.293543	0.436506	0.333971	0.962642	-0.322833	-0.088852	-0.0125	0.754785	0.308708	0.114126	-0.003986	-0.872032	0.327847	0.444328	0.350446	-0.011511	0.38349	0.282974	0.412779	-0.973573	0.719611	0.803528	0.764112	0.896199	0.086196	-0.607389	0.406408	-0.529565	
0.707341	-0.387469	0.985873	-0.10637	-0.273326	-0.695301	0.931688	-0.472916	-0.364664	0.760077	0.991043	-0.892264	0.367677	0.798557	-0.037582	-0.456185	0.627237	0.678846	-0.488724	-0.145736	0.233024	0.270071	-0.067376	0.43548	0.627777	0.952118	0.043396	0.991575	-0.858812	-0.782095	0.368933	0.267477	-0.064783	0.796038	0.719632	0.462914	-0.565477	0.020542	-0.002025	-0.390485	0.991063	0.628764	0.336145	-0.075397	0.947411	0.955471	-0.115405	0.522841	-0.951651	-0.35674	
0.174119	-0.802495	-0.891264	-0.828281	0.048348	-0.866919	0.556939	0.379969	0.860861	-0.318551	0.935188	0.004984	-0.332191	0.831261	-0.720293	0.137662	-0.351396	0.323823	-0.752261	-0.872304	-0.57142	-0.572966	-0.524556	-0.437311	-0.946665	-0.141326	0.140476	-0.002736	-0.940822	-0.226723	-0.82825	0.858631	-0.069945	0.631753	0.380736	-0.370452	0.339748	0.217499	0.494419	0.554247	0.666083	0.400609	-0.108472	0.695762	0.903329	0.111521	-0.404533	0.85928	-0.908681	-0.485514	
0.493894	0.276994	-0.497206	-0.439413	-0.230872	-0.500609	0.915485	0.08454	-0.722682	0.223569	-0.568299	-0.820021	0.380034	-0.533641	-0.988133	0.558676	-0.626554	0.888292	-0.634183	0.812389	0.120547	0.452727	0.261268	0.086372	0.8556	0.967584	0.856449	-0.444357	0.916781	-0.358133	0.508953	0.131303	-0.531657	0.004226	0.413312	-0.591561	-0.90698	-0.354747	0.026494	-0.946266	-0.241237	0.436424	-0.35468	0.0041	0.4451	-0.795881	0.744261	0.260458	-0.949909	-0.084627	
-0.641405	0.204607	0.042752	-0.824449	0.960933	-0.461717	0.18762	-0.343232	-0.241519	-0.733842	-0.588186	0.10665	-0.938209	-0.926311	-0.996755	-0.195329	0.409571	0.768067	-0.053227	-0.741177	-0.218591	0.285608	0.454011	0.785965	0.408968	0.9341	-0.456991	-0.065207	-0.026277	-0.696255	0.461387	-0.834684	0.643518	-0.551934	0.669238	0.968328	0.973918	0.532961	-0.57813	-0.995975	0.941832	-0.318553	-0.089668	0.721755	-0.877052	-0.20488	-0.769784	-0.331671	-0.819452	0.070439	
0.034143	-0.385923	-0.281681	0.274498	-0.631015	-0.392653	-0.763067	-0.024392	0.725926	0.959428	0.297504	0.154603	-0.382187	0.546147	0.06172	-0.197029	-0.543334	0.966138	0.868389	0.047271	-0.385474	0.317488	0.122078	0.113644	-0.982561	-0.032301	0.589432	-0.270484	0.247621	-0.535752	-0.866634	-0.294202	-0.884077	0.775446	-0.559618	-0.982992	-0.664974	-0.976411	-0.704681	0.449592	0.383583	0.743269	-0.134413	0.497236	0.743884	-0.437436	0.163943	0.257382	0.473696	-0.595746	
-0.711074	0.516444	0.023263	-0.629601	0.593785	0.482042	0.417234	0.834308	0.671026	0.40546	0.545141	0.247309	0.455659	0.135391	0.948247	0.102702	0.844691	0.768765	-0.35526	0.480567	0.482541	-0.332876	-0.474428	0.400919	0.243518	-0.578175	-0.840024	-0.535561	0.228474	0.32592	-0.351521	-0.070152	0.82115	-0.953519	-0.463506	-0.827204	0.097294	0.892191	0.399565	0.534145	-0.502156	0.610849	0.064519	-0.125541	0.612688	0.311418	-0.327415	-0.353881	0.107498	-0.242884	
0.534584	-0.503304	0.448354	-0.843065	0.060331	0.608633	0.583628	0.12544	-0.417548	0.713248	-0.045132	-0.771886	0.14696	0.267341	-0.133298	0.913299	0.275566	0.745265	0.702641	-0.967965	-0.010813	-0.831873	0.07668	0.92111	0.233724	-0.622311	-0.108436	0.362317	-0.747045	-0.502674	-0.017172	-0.10354	0.200969	0.922904	-0.189449	0.913336	0.419417	0.534145	0.91429	0.123438	0.858882	0.121548	-0.488575	-0.852361	-0.748974	-0.424804	-0.532113	-0.514621	-0.253646	-0.523936	
-0.469905	-0.822265	-0.906065	-0.293488	0.931879	-0.513107	0.076817	-0.664586	0.643179	0.375959	-0.541156	-0.960598	0.845731	0.735969	0.392488	-0.732418	-0.408736	0.102105	0.906238	0.637268	-0.885657	-0.198883	-0.133064	-0.906449	-0.55073	0.879989	-0.959118	0.808907	-0.506975	0.268295	0.126849	-0.162937	0.784079	-0.828808	-0.885086	-0.583824	0.838941	0.034725	0.859144	-0.878009	0.486015	0.53083	0.450055	-0.531904	-0.847271	0.579352	-0.052248	-0.809488	0.390602	0.139379	
0.644242	-0.923152	-0.316237	0.668111	0.772867	-0.995077	0.353313	0.164248	-0.715941	0.863062	0.108866	0.790749	0.365985	0.140899	-0.195909	-0.048503	0.794364	-0.505843	0.669477	0.991826	0.414599	0.138851	0.804006	0.731307	-0.08853	-0.033913	0.836187	0.145744	0.609959	-0.382062	0.169437	0.100191	0.115718	0.770239	-0.18205	-0.652326	0.655764	-0.999474	-0.28555	0.76113	0.733071	-0.581248	0.612005	-0.265868	-0.806578	-0.865209	0.302741	-0.744885	-0.623912	-0.980085	
-0.393396	0.107193	-0.56464	-0.853182	0.82347	-0.312719	-0.346841	0.391992	-0.489401	-0.826596	0.932541	0.103505	0.835254	-0.17426	0.208929	0.821496	-0.707391	-0.088735	-0.471563	0.00643	-0.206554	-0.309802	-0.366704	0.080498	-0.773128	0.099692	-0.493129	-0.670539	-0.118941	0.894156	-0.272195	-0.11644	-0.284243	0.45479	-0.443214	-0.166706	0.664082	-0.026444	0.32524	-0.440494	0.346104	0.247924	-0.624819	-0.270538	-0.98452	0.85515	0.659949	0.850184	0.778283	0.961163	
-0.102353	-0.372202	-0.942848	0.377182	-0.477743	0.815601	0.945589	0.535964	0.144488	-0.21217	-0.385759	0.414033	0.132357	0.996428	-0.892903	0.232108	0.737998	0.519873	-0.578342	0.208238	0.573237	-0.813949	-0.595559	0.050791	0.495703	0.611453	-0.465923	-0.744215	0.994207	0.002088	-0.265682	-0.50099	-0.242589	0.187376	0.625402	0.607514	-0.899438	-0.121649	0.147006	-0.400222	-0.383418	-0.69408	-0.703465	0.74488	-0.430868	0.404353	-0.870133	0.932317	0.568468	0.938863	
0.297057	0.871122	0.397627	0.774075	-0.168395	0.785798	0.326839	0.465824	-0.769399	-0.977679	-0.254361	-0.090743	0.978166	-0.455049	0.553249	0.434581	0.442181	-0.410136	0.147022	0.705712	-0.315381	-0.554584	0.911906	-0.749843	0.033978	0.12733	-0.467754	0.679315	-0.478872	-0.600811	0.380938	-0.24557	0.834312	0.552715	-0.01457	-0.651113	0.746716	-0.843811	0.374244	-0.207157	-0.970525	0.087933	0.379054	0.487584	-0.256804	-0.264566	-0.973365	-0.707591	0.430304	0.117965	
0.555236	0.669198	0.21122	0.142053	0.270582	0.02044	-0.363357	-0.503188	-0.70101	0.534574	-0.40383	-0.84788	-0.504599	-0.390978	-0.343122	0.141769	0.77816	-0.3932	-0.158372	-0.437009	-0.681866	0.006766	-0.171384	-0.19938	-0.678224	0.54894	0.173316	0.347921	0.114587	-0.569667	0.215742	0.883214	-0.523137	-0.643239	0.435678	-0.255994	0.65622	0.576843	-0.991269	0.798279	-0.977162	-0.153359	-0.763785	0.680111	0.864122	-0.55608	-0.695795	-0.637329	-0.342876	0.342664	
-0.66096	0.454754	-0.137383	0.166046	0.722864	-0.73953	0.277925	-0.904029	0.758384	0.267931	0.698684	-0.678278	0.331453	-0.140658	0.657986	0.21117	0.01734	0.669736	-0.005064	0.441542	-0.329094	0.031166	0.767875	-0.6709	-0.030495	-0.511225	0.092594	-0.989519	0.648581	-0.617456	0.716049	-0.630067	0.428522	0.165131	0.022922	-0.002916	-0.637782	0.00984	-0.174202	0.007556	-0.008626	0.811807	0.506401	-0.276572	-0.677288	0.849014	-0.029943	0.708798	-0.897408	0.148575	
0.473225	-0.963923	0.726541	0.999532	-0.010806	-0.198325	-0.435432	0.763007	-0.431256	0.314465	-0.006125	0.946311	-0.595991	-0.696135	-0.887399	0.608377	-0.65421	0.913255	-0.749732	-0.410592	0.923692	-0.850681	0.69236	0.649834	0.663968	0.937825	0.701567	0.425769	-0.938403	0.426045	-0.960657	-0.784497	0.381774	0.255238	-0.223939	0.042272	0.115905	0.659262	-0.483403	-0.626194	-0.525683	-0.723075	0.913861	0.195233	0.505503	-0.860138	0.751504	-0.015239	-0.492114	-0.255686	
-0.452652	0.52008	-0.416754	-0.647186	-0.048579	0.212444	-0.660171	0.079469	-0.972033	0.334456	0.491398	0.710716	-0.028836	-0.879733	-0.566425	-0.293775	-0.982458	0.0984	-0.744923	-0.625635	0.502468	0.410185	-0.666732	0.83195	0.423701	-0.221716	-0.665831	0.725602	0.812627	0.661308	-0.782746	-0.883417	-0.914371	-0.282175	0.234664	-0.01819	-0.236501	-0.884986	0.004415	0.996192	-0.477878	0.545939	-0.293724	-0.274976	-0.943235	0.640811	-0.643362	0.278967	0.818129	0.164811	
-0.360703	-0.2522	-0.48556	0.640547	-0.284823	0.812504	-0.923296	-0.749555	0.560564	-0.19126	-0.781824	0.555141	0.689875	-0.207042	-0.953298	0.523524	0.672799	-0.397692	-0.251234	0.807988	0.191584	0.135725	0.770129	0.739983	0.622728	-0.736565	0.312561	-0.716425	0.264103	0.542516	0.316549	-0.868016	-0.722555	-0.952785	0.0799	0.395665	0.531278	0.82656	-0.78929	-0.129971	0.783997	-0.800994	0.398506	-0.843971	-0.315222	0.043205	0.496836	-0.556097	0.733369	-0.390964	
0.027244	-0.859743	-0.289739	-0.088538	0.175593	0.481634	-0.922894	-0.711997	0.886785	-0.270728	0.04767	-0.90195	0.926572	-0.284456	-0.477354	-0.301171	0.457347	0.889102	0.24698	0.377226	0.054564	0.188747	0.853737	0.087813	0.01166	-0.373133	-0.354802	-0.656849	-0.179582	-0.79341	0.837014	-0.51658	-0.25691	-0.911003	0.892411	0.979376	-0.078661	0.819832	0.236461	-0.575765	0.330154	0.615535	-0.976328	0.096477	-0.377843	0.891939	-0.627111	0.606156	0.224127	-0.358219	
-0.343856	-0.799133	0.55255	0.115054	0.493004	0.848713	-0.79153	0.946367	0.240761	0.603517	0.987664	-0.894141	-0.409896	0.906824	-0.749981	0.887187	-0.151536	0.955194	0.338993	-0.565882	-0.900801	-0.899144	0.955006	-0.546811	0.384448	-0.573111	-0.239079	0.736177	0.777198	-0.659386	0.15824	-0.63715	-0.294811	0.290417	0.563439	-0.043939	0.830068	0.384671	-0.675203	0.604157	-0.12929	-0.597148	-0.567166	0.254366	-0.093639	-0.266915	-0.650343	0.690521	-0.06342	0.221781	
0.966135	-0.398691	0.819128	-0.130996	-0.796184	0.099291	-0.575211	-0.396257	-0.651244	0.616142	0.039246	0.384014	0.532519	0.066761	-0.090577	-0.232834	0.87484	-0.504515	-0.065444	-0.039286	-0.589281	0.65035	-0.793553	0.904161	-0.568675	0.828737	-0.263663	-0.564583	-0.520549	-0.007412	0.135884	-0.80632	-0.91106	-0.383496	0.924478	0.379896	-0.496414	0.95277	0.595924	-0.144228	0.647076	0.477087	-0.377466	-0.372553	0.657721	0.761612	0.274936	0.613042	0.021191	0.766443	
-0.28995	0.00033	0.879238	-0.697321	-0.990089	-0.959941	0.194999	0.075313	-0.774652	0.19179	-0.353615	0.718643	-0.272332	-0.404686	0.651595	-0.39401	0.968493	0.25443	-0.694956	0.059745	0.804316	-0.097981	0.957551	0.924615	-0.582227	-0.226182	0.504705	-0.22137	0.543039	-0.180797	-0.843222	-0.330034	-0.888113	-0.746783	-0.912778	0.819656	-0.513795	0.885974	0.916989	-0.989071	-0.294966	-0.468246	-0.422547	-0.42417	-0.70661	0.360811	-0.856023	0.78837	-0.191128	0.742907	
0.527608	0.798089	-0.494369	-0.597674	-0.129098	0.329697	-0.332592	-0.377953	0.78473	0.742155	-0.005275	-0.624991	0.447284	0.701002	-0.370018	0.913343	0.285217	0.142452	-0.451135	-0.570473	-0.196026	0.847787	0.56097	-0.703058	0.582803	0.812978	0.232099	0.258871	0.608421	0.132691	-0.298577	-0.8865	-0.516227	0.682477	-0.555338	0.412629	-0.356882	0.782739	0.943349	-0.095297	0.551529	0.946915	-0.908545	-0.259803	-0.220615	-0.956686	0.833809	0.562522	-0.821774	-0.870341	
-0.812974	0.392004	-0.0846	0.802662	-0.167068	-0.489682	-0.07468	-0.118207	0.150874	-0.78435	-0.333931	-0.39654	0.807757	0.413933	-0.794994	0.969519	0.222478	-0.596082	0.2823	-0.295953	0.773932	-0.962467	0.36448	0.087033	0.780583	-0.602534	-0.739391	-0.177311	0.707194	-0.70565	-0.442158	-0.635886	-0.941141	0.733552	0.468577	0.760744	0.567312	0.589206	0.080507	0.92727	-0.755403	-0.203301	-0.148771	-0.601499	-0.767363	0.148593	-0.246293	0.711943	0.488508	0.306849	
0.412249	0.173846	-0.057965	-0.313971	-0.269185	0.484261	-0.010772	0.131971	-0.485342	0.242226	0.643527	0.430872	0.818586	0.189301	0.303146	-0.291649	-0.529323	0.979487	0.035305	-0.659666	0.944749	-0.471478	0.58145	-0.821949	0.14371	-0.64526	-0.366065	-0.251137	0.980709	-0.485749	0.286849	-0.854435	-0.176769	-0.554261	0.004208	-0.331613	0.021769	0.400807	0.235596	-0.207391	-0.35591	0.201789	-0.266551	-0.656633	-0.310811	0.953015	-0.652286	0.645272	0.600059	-0.02704	
-0.947532	-0.785647	0.050436	0.260857	-0.546376	-0.148208	0.165966	0.001941	0.500396	-0.639637	0.664781	-0.903451	0.001833	-0.046563	0.982948	0.085476	0.822029	0.722943	-0.366853	0.110465	-0.477194	-0.546155	0.67142	-0.594831	-0.20208	-0.834149	0.744545	0.112933	0.899565	0.069917	-0.949131	-0.993483	-0.453817	-0.375015	0.60887	-0.849902	0.316875	0.951266	-0.374877	0.035595	0.608999	-0.031043	0.864225	0.299522	-0.990366	-0.842119	0.747477	0.876424	-0.193513	0.747873	
-0.189323	0.173679	0.17849	0.535042	0.231568	0.129707	-0.362475	-0.504949	0.118955	0.326712	0.072126	0.243542	0.659187	-0.350167	0.443625	-0.261479	0.857361	-0.728798	0.931844	0.155567	0.611525	0.114221	0.723329	0.964853	-0.34489	-0.919513	0.40348	-0.080065	-0.752535	-0.672871	0.127875	-0.751937	-0.163795	0.205795	-0.36468	0.241863	-0.897333	0.384094	0.509249	0.359528	-0.690377	-0.714333	0.353817	-0.225446	0.338196	0.485503	0.301804	-0.266466	-0.121615	-0.358016	
0.33181	-0.075795	-0.191985	-0.189384	-0.422549	-0.503373	0.137268	-0.387363	-0.264154	0.729993	0.208198	-0.08376	0.25637	-0.242121	-0.146867	0.602173	-0.193023	0.811619	0.165805	-0.43348	0.21442	0.108199	0.979107	-0.796691	0.062535	0.68453	-0.729323	-0.847274	-0.501555	0.428957	0.586802	0.972352	0.55596	0.095592	-0.198	0.51251	0.26265	0.446991	-0.770989	-0.617322	-0.623624	0.441603	-0.323075	-0.176645	-0.712381	0.622793	0.020626	-0.524148	0.470089	-0.357571	
-0.560578	0.786551	0.35104	-0.483546	0.694552	-0.42192	0.294625	0.587362	-0.750357	0.575111	0.437772	-0.008976	0.39617	0.803365	-0.844417	-0.991707	-0.518182	-0.299738	-0.447491	0.746243	0.522402	-0.072646	-0.782394	0.561213	-0.053536	0.921777	-0.659141	0.774225	-0.048851	0.395074	0.764669	0.141531	0.12333	-0.900154	0.531551	-0.474707	-0.559202	0.82986	0.574049	0.107782	0.122694	-0.832037	-0.690144	0.857292	-0.708348	-0.233799	-0.267395	-0.434804	0.572466	0.479207	
0.429045	-0.370516	0.373438	0.479006	-0.422273	0.72962	0.280257	0.148932	0.113553	-0.240341	0.52233	0.910593	0.053424	0.075926	-0.610151	-0.224987	-0.363355	0.029975	0.865896	0.532417	-0.870327	-0.186095	-0.313264	0.588276	-0.749076	0.887426	0.050746	-0.650347	0.613977	-0.884367	-0.384611	0.237954	0.326988	0.410155	-0.733434	0.832905	-0.790418	-0.668703	0.433065	0.786922	-0.207398	-0.676101	-0.135499	-0.347219	0.851813	-0.534916	0.407876	-0.821199	-0.55368	-0.156543	
0.450072	-0.50385	0.855741	0.484934	0.143036	-0.217116	-0.2018	0.545989	-0.833601	0.102465	0.437588	0.332398	-0.056719	0.173127	0.042872	-0.181609	0.826683	0.305026	0.347039	-0.450291	0.909335	-0.827249	0.987754	-0.124058	0.611183	0.775314	0.044456	0.629999	-0.013033	0.160658	-0.585784	0.039416	-0.625804	-0.177323	-0.200708	-0.566559	-0.305132	0.166495	-0.75479	-0.51051	-0.707241	0.49059	0.571138	-0.319206	-0.788937	-0.835127	-0.814112	-0.228919	-0.337702	-0.519018	
0.493654	-0.520626	0.498053	0.69435	-0.542868	-0.388623	-0.042225	0.089458	-0.570923	-0.367789	0.20217	-0.455376	0.09772	-0.395595	-0.296143	-0.435925	0.40986	-0.022549	-0.906405	-0.905521	-0.576982	0.333492	-0.603615	-0.831004	0.748385	0.266821	0.951751	0.589248	-0.628587	0.142697	0.835369	0.92763	-0.362284	-0.652557	0.446348	0.874997	0.290965	-0.678714	-0.749054	0.910323	0.407828	-0.387323	0.059136	0.326828	-0.012973	-0.523451	-0.649539	0.68447	0.924528	-0.750751	
-0.888524	-0.927107	0.717702	0.102423	-0.427399	-0.19854	-0.935501	0.728077	0.638643	0.919803	0.675643	-0.144447	0.285896	0.931046	-0.171868	0.859697	-0.331718	0.212113	-0.178629	-0.29382	0.900039	-0.122762	-0.081638	-0.054256	-0.433499	-0.067204	-0.309602	-0.820936	0.648685	-0.217603	-0.300731	-0.331691	0.5692	0.824395	-0.953916	-0.083567	0.985139	0.340739	0.20251	0.583932	-0.140988	-0.062828	-0.202514	-0.287522	0.634528	0.600046	0.364861	0.557661	0.957692	0.860862	
0.890754	-0.971358	0.092661	0.490573	0.963246	0.770771	0.425618	-0.876501	-0.322103	-0.870284	-0.654432	-0.762773	-0.420139	0.739708	-0.12025	-0.368094	0.896996	-0.11003	-0.198945	0.372296	-0.356304	0.510504	-0.850546	-0.384327	0.224534	0.621016	0.725874	-0.14973	-0.046429	-0.249036	-0.616157	-0.751339	0.571422	0.685458	0.660839	0.822628	0.271142	0.078421	-0.262026	-0.993667	0.826466	0.69656	-0.607657	-0.05018	-0.532284	0.139379	0.609413	-0.048323	-0.120924	0.256221	
0.241802	-0.10172	-0.949732	-0.852898	-0.009447	0.211817	0.630172	-0.068799	0.658008	0.971975	-0.85328	0.001168	-0.464631	-0.322923	-0.617528	0.321887	-0.822395	0.685034	0.250967	-0.225744	-0.896025	0.926191	0.964885	0.346754	0.064582	0.410005	0.208995	0.985826	-0.976176	0.830478	0.119075	0.465017	-0.365389	-0.747082	-0.820677	-0.530262	-0.212437	0.402965	-0.808977	0.084021	-0.967735	-0.154183	-0.372806	0.487556	0.212023	0.578405	0.835934	0.78271	0.018058	0.770262	
-0.223315	-0.728468	0.62947	0.200439	0.365787	0.156879	-0.303405	-0.610459	-0.511293	-0.804311	-0.373893	-0.335417	-0.055124	-0.574131	-0.985461	0.740525	0.270441	0.594467	-0.843253	0.42865	0.967502	0.858509	0.716029	-0.80964	-0.628927	-0.203566	-0.574662	-0.960027	-0.15279	0.705981	-0.665271	0.014421	0.627654	0.453998	0.579776	-0.378564	0.478533	0.431575	-0.019633	0.506829	-0.867268	-0.274913	0.15667	-0.09621	0.011127	-0.088221	-0.11776	0.159905	0.990138	0.506949	
0.379539	0.010416	-0.262474	-0.715422	0.129072	0.850088	0.004393	0.821071	0.868938	-0.757139	-0.414533	0.419836	-0.478769	-0.220022	0.68033	0.340597	0.680312	-0.698478	0.664659	-0.806862	-0.4392	0.295708	-0.707414	-0.691833	-0.235474	-0.734272	-0.687201	0.412855	0.126913	-0.849096	-0.44899	-0.810509	-0.024376	0.206118	-0.885601	-0.144676	0.269477	0.744917	-0.12969	-0.871597	0.533757	-0.980848	0.127381	0.000635	-0.572753	0.326222	-0.789016	-0.753775	0.339047	-0.97623	
-0.971149	-0.139772	0.411616	-0.330454	0.248674	0.036658	0.014344	-0.148945	-0.657384	-0.222201	-0.800854	-0.443892	-0.9808	-0.33354	-0.198772	0.466054	-0.743511	-0.021832	-0.386998	0.247582	-0.06444	-0.245492	-0.399673	-0.646578	0.536509	0.939294	0.365442	-0.658925	0.736734	0.58263	-0.969733	0.251604	0.77212	-0.312378	-0.466022	-0.74973	-0.26392	0.531988	0.396682	0.57956	-0.278098	-0.331379	0.365939	-0.663773	0.517412	0.198084	0.131838	-0.164619	0.196406	-0.264884	
0.283871	-0.530967	-0.920392	-0.523044	0.955029	-0.10301	-0.620593	0.799031	-0.815218	0.291301	-0.020708	-0.45332	0.267234	-0.786778	0.12803	-0.183446	0.616381	0.540782	-0.872261	0.156058	-0.226669	-0.066517	0.362615	-0.125396	-0.784237	0.032261	0.946129	-0.554932	-0.972767	0.533471	0.348448	0.552312	-0.104674	-0.065236	-0.883474	-0.74749	-0.528247	0.340878	-0.303198	-0.682246	-0.710111	0.205797	0.173267	0.064649	-0.300212	-0.575263	0.299268	-0.083301	-0.831869	0.711625	
-0.573917	0.358742	-0.744091	0.83889	-0.785017	0.88065	0.8399	0.922014	-0.177626	-0.719766	0.626394	0.362387	0.011988	-0.483634	-0.826857	-0.006461	-0.748911	-0.379605	0.911559	-0.932266	-0.53027	-0.533393	0.466097	0.750635	0.035793	-0.545759	0.454778	0.724251	-0.036888	0.245467	0.83617	0.695301	-0.478914	0.441488	-0.015667	0.824887	0.233312	-0.207084	0.533039	-0.398944	0.120597	-0.444385	-0.596074	-0.090317	0.935941	-0.366102	-0.643352	-0.678132	-0.329479	-0.872816	
-0.635092	-0.492354	0.721494	-0.630379	0.285307	0.760834	-0.283432	0.7564	0.599034	0.195804	-0.38568	-0.271808	-0.06433	-0.391978	-0.103304	0.268656	-0.372022	0.752307	0.445698	0.264992	0.749213	-0.194602	-0.503741	-0.520166	0.20507	0.565709	0.563169	0.885282	0.225676	0.368039	-0.466363	-0.232091	-0.79171	0.637646	-0.687962	0.619366	0.010514	0.326811	-0.320375	0.900394	-0.278205	-0.688954	0.914531	-0.029028	-0.13904	0.154112	-0.095624	0.123353	0.762702	0.873804	
-0.138985	0.356408	0.221067	0.880008	0.033	-0.857816	-0.660846	-0.027599	-0.873455	-0.624924	-0.031668	-0.327164	-0.355032	-0.476819	0.564006	0.317166	-0.767261	0.785569	0.170121	-0.284594	-0.342935	0.557208	0.356045	0.334598	-0.324395	-0.313028	0.972057	-0.591229	0.709933	0.628885	0.248368	-0.255928	0.253165	0.048734	0.553893	0.465816	-0.976371	-0.752459	0.130587	0.808233	-0.67398	0.894271	-0.614271	0.517245	-0.334434	0.673152	-0.740088	0.105525	0.99966	-0.619966	
0.940515	0.851124	-0.588618	0.278896	-0.351841	0.619834	-0.611646	-0.226358	-0.104278	-0.632682	0.07121	-0.294935	0.305194	-0.799372	0.597392	-0.683445	-0.657091	0.376187	-0.26475	0.403077	0.187886	-0.622621	0.443798	0.065877	0.544421	-0.148856	-0.93763	-0.392213	0.228288	0.945594	-0.799377	0.696045	-0.230579	0.340462	0.814565	0.574472	-0.597496	0.449163	-0.59355	0.376086	-0.814954	-0.858833	-0.923401	-0.97059	0.95158	0.299925	0.221676	-0.387548	-0.169297	-0.835221	
0.209697	0.648431	-0.348461	-0.764443	0.890639	-0.638765	0.385493	0.698521	0.389864	-0.123061	0.786356	0.655218	-0.516058	0.170228	-0.531625	-0.684696	0.864627	0.817488	-0.978469	-0.722645	-0.221314	-0.226153	0.843729	-0.424788	0.212549	-0.51432	-0.667041	-0.051296	-0.95731	-0.811122	0.300669	-0.390876	0.111801	0.022255	-0.349483	-0.661656	0.599724	-0.261821	-0.501689	0.867449	-0.11193	-0.017082	0.641451	-0.732776	0.57776	0.103969	0.642493	-0.876729	0.786842	0.159268	
-0.168461	-0.153673	0.862459	-0.220838	0.976647	-0.487673	0.427962	-0.724264	0.371311	-0.502389	-0.172951	-0.68422	0.313934	-0.233653	-0.633322	0.662011	-0.071807	-0.931766	0.528327	0.32293	0.059422	-0.796702	-0.481146	0.253651	0.859314	0.874267	-0.858914	-0.8164	0.858901	0.053947	0.158752	-0.721455	-0.890486	0.843325	-0.588731	-0.410568	-0.141478	-0.798224	0.51348	-0.484343	-0.290496	0.872236	0.101319	0.78572	-0.889438	0.392083	0.226619	-0.087303	0.8455	0.110518	
0.118208	-0.175144	0.606431	0.300228	-0.831128	-0.146091	0.113725	-0.846477	0.879458	-0.244099	-0.869044	0.213334	-0.779037	0.501953	0.732534	-0.654444	0.774875	-0.112753	0.99529	0.264248	-0.876531	0.28282	0.412309	0.634338	0.716069	0.874845	0.033143	-0.08025	-0.043554	-0.543369	0.940357	-0.629421	0.755686	0.693159	0.810861	0.525238	0.415212	-0.180527	-0.332332	0.088907	0.096339	0.149983	-0.709454	0.762257	-0.362803	0.175158	0.70676	0.963012	0.187927	-0.15633	
-0.023101	0.491141	-0.312794	0.497771	0.899061	0.295009	0.02199	0.310533	0.335358	-0.696452	-0.690851	-0.152733	-0.344418	-0.956269	-0.904195	0.58658	-0.342449	0.154273	0.527015	0.202344	-0.897634	-0.940186	0.545736	-0.454047	0.543258	-0.048302	0.038139	0.090487	-0.275758	0.024834	-0.386145	0.024005	-0.623094	-0.09772	0.241037	0.152744	0.031004	0.302318	0.36835	-0.105902	-0.011288	-0.739659	-0.499641	-0.48871	0.912635	-0.650988	-0.652505	-0.691824	0.62591	0.937504	
-0.200754	-0.685628	-0.393485	-0.745266	-0.780385	-0.407454	-0.511849	0.418937	-0.980784	0.524626	0.273223	-0.767523	0.837281	-0.396709	0.746395	0.605144	0.829249	-0.7747	0.727049	-0.747024	0.536856	-0.496234	-0.812641	0.72011	0.396936	0.377414	0.30529	0.009502	-0.751614	-0.327959	-0.172945	0.641588	-0.004899	0.02148	-0.754529	0.135664	0.012804	0.287195	0.810367	0.704294	0.88093	-0.496708	0.047378	0.909356	-0.5236	0.101288	-0.761757	0.308548	-0.118644	0.643428	
-0.286965	-0.285012	0.688812	0.093867	0.777003	-0.478989	0.306982	0.549592	0.435025	0.507815	-0.46837	-0.162628	-0.198489	-0.574556	0.788411	0.198286	-0.868157	-0.815181	0.832148	0.347505	0.14508	0.564862	-0.28021	-0.367923	-0.807514	0.895368	0.361526	-0.543765	-0.175628	0.829429	-0.034472	-0.467613	-0.079479	0.63216	-0.772338	0.647197	0.573542	-0.492143	0.079732	0.669609	0.971498	0.26932	-0.892539	0.918203	-0.276341	0.026275	-0.109833	-0.701829	-0.628327	0.927567	
-0.268561	0.443322	0.579569	-0.799172	0.75818	-0.120168	-0.833623	0.127541	-0.019377	-0.781258	0.706957	-0.238412	-0.67592	-0.980673	-0.72327	-0.195417	-0.339808	-0.64041	0.138926	-0.78323	-0.492314	-0.260175	0.037144	-0.54866	0.409425	-0.571409	0.199272	0.747179	-0.56626	-0.406381	0.657785	0.92199	0.799285	0.812467	0.511955	0.717921	-0.157526	0.66854	-0.819846	-0.475207	-0.031792	0.625583	-0.114896	0.851877	0.409557	-0.196724	0.670319	0.040578	-0.677003	-0.126625	
-0.14665	-0.373105	0.984898	-0.031028	0.903543	0.039347	0.50507	0.64176	0.321151	0.384587	-0.013138	-0.044513	-0.903198	0.734924	-0.861736	0.691019	-0.694856	-0.091329	0.920625	0.924558	-0.449967	-0.62062	0.549983	0.244313	0.467512	-0.875974	0.180563	0.986822	-0.017374	0.554014	-0.780939	-0.122447	0.271302	-0.715577	-0.933166	0.688107	0.967857	0.88469	0.073448	-0.630885	0.825465	0.693416	0.198925	-0.372381	-0.640041	0.35117	0.446266	0.388982	0.610031	0.860971	
-0.013505	-0.204818	-0.529769	0.46118	0.475147	0.492548	0.552379	0.195922	0.755237	0.436815	0.623679	0.640121	0.762644	-0.788169	0.272328	-0.626839	0.864409	0.766234	-0.662157	0.629728	-0.808626	0.161085	-0.434376	0.243522	-0.925038	-0.494109	0.37735	0.464477	-0.178565	0.906403	0.167043	-0.56109	0.008348	-0.020958	0.151682	-0.017255	0.117866	-0.15675	0.779606	-0.276557	0.806658	-0.341687	-0.629206	-0.641617	-0.654083	0.16455	0.19252	0.155	0.065999	-0.141055	
0.941577	0.762263	0.264842	0.32287	-0.367225	-0.112733	-0.984848	0.812682	0.46189	0.342706	-0.518792	-0.612537	0.490462	-0.632138	0.757219	0.332891	-0.868775	-0.754544	-0.70075	-0.288569	0.783695	0.732939	-0.941221	-0.148105	-0.04488	0.13279	0.660545	0.258178	-0.875469	0.552256	0.059775	-0.293902	-0.891421	-0.774708	-0.964897	-0.63271	-0.683798	-0.368421	-0.784359	-0.66555	0.732954	0.873116	0.256042	0.707712	-0.649104	-0.966432	0.53406	0.820773	-0.850905	-0.683246	
0.070508	0.290636	-0.645577	-0.706504	-0.521855	-0.23843	-0.883444	-0.371335	0.811715	0.025984	-0.860585	-0.324258	-0.592662	0.558257	0.543611	-0.651196	0.232035	-0.653991	-0.540976	0.53058	-0.492851	-0.053183	0.490106	-0.020635	-0.450559	-0.652395	0.656618	-0.727505	-0.896724	-0.383831	0.379843	0.027653	-0.888799	-0.704284	0.144234	0.670743	-0.013047	-0.053142	0.621885	-0.984093	-0.440927	0.801846	-0.524275	-0.659332	0.957368	0.703488	-0.786115	-0.799545	-0.818896	0.593856	
0.007881	0.091769	-0.608673	0.937338	-0.755651	0.979662	-0.623929	0.075384	-0.910652	0.677175	0.224768	0.353428	0.00236	-0.420457	-0.672162	-0.11542	0.141801	0.06278	-0.606772	0.563732	-0.888457	0.097761	-0.842566	0.563543	0.142847	-0.901301	-0.756212	0.916253	0.248408	0.656973	-0.44414	0.540766	-0.88042	-0.658352	-0.411447	-0.650219	-0.65618	-0.272496	0.035488	0.772807	-0.124285	-0.16069	-0.100054	-0.464819	-0.782745	-0.723232	0.484582	-0.927214	-0.389454	0.479255	
-0.08018	0.016061	0.71852	-0.8896	-0.903554	0.061694	0.11649	-0.403677	-0.360668	0.778702	0.717831	-0.321193	0.069706	0.997524	0.502769	0.562235	0.029701	0.092369	-0.021969	0.699816	-0.260545	0.565771	0.886901	0.598251	0.185053	-0.484151	0.868803	0.54401	0.606905	0.610483	0.548451	-0.664714	-0.802993	-0.70208	-0.185051	-0.834311	-0.369768	-0.784151	-0.630585	0.35151	-0.53874	0.762355	0.523733	-0.468355	0.70777	0.413048	-0.102969	0.112905	0.108042	0.73715	
-0.193358	-0.992839	-0.954635	-0.34284	-0.716318	0.085151	0.199732	0.265088	-0.598233	-0.027844	-0.518708	0.789596	-0.429164	0.83721	-0.555919	0.14183	0.390465	0.414337	0.275432	-0.698807	-0.230335	0.861288	-0.058977	0.190207	-0.773561	0.959045	0.639639	0.974356	0.623222	-0.77517	0.046816	-0.009176	0.492071	-0.346515	-0.239881	-0.476642	0.48741	0.181183	-0.003478	-0.171186	-0.92113	0.862056	-0.345147	0.321816	-0.974726	-0.583636	-0.362387	0.105401	-0.501636	-0.055687	
0.607689	0.787419	-0.543647	0.748758	0.04846	-0.484926	0.365906	-0.212203	0.234386	0.874887	0.316936	-0.058393	-0.713019	0.126121	-0.919181	-0.41613	0.874814	0.262798	-0.408636	0.116098	-0.711254	0.147943	-0.410219	-0.131648	-0.300963	0.09607	-0.336807	-0.553585	0.662175	-0.020682	0.948364	-0.221752	0.326012	0.786687	0.751613	0.181882	-0.261572	-0.130413	0.860116	-0.576244	-0.665108	0.298986	-0.323228	-0.99896	-0.783248	-0.800846	-0.155752	0.914367	-0.991244	0.709794	
0.817816	-0.527666	0.815735	0.626775	0.448485	-0.24621	0.476288	0.204976	0.642782	0.440683	-0.302975	0.56881	-0.075226	-0.81304	0.444228	0.504732	0.430488	0.957686	0.384095	0.640308	-0.036692	-0.806184	-0.145621	0.275542	-0.409234	-0.772462	-0.787462	0.532056	-0.176459	-0.412936	-0.041246	0.077969	-0.04337	0.466269	0.339825	-0.075591	0.413104	-0.578254	-0.403647	0.909589	-0.969209	0.888914	0.979952	0.094385	0.175739	0.061198	0.727042	-0.886715	-0.707998	-0.818034	
-0.842261	-0.529768	-0.024229	-0.969303	0.463384	0.985187	-0.705821	-0.875255	-0.810091	0.419662	-0.665891	-0.659777	0.345604	0.566915	-0.643314	0.769778	0.35507	0.643853	0.972225	0.731201	-0.0753	-0.927292	0.209985	-0.950896	0.626952	0.539046	-0.752782	-0.503625	-0.543152	-0.770358	0.440942	0.9433	-0.618789	0.277438	-0.108362	-0.939194	0.629904	-0.676564	0.560688	0.901738	0.976692	-0.553364	-0.090712	0.82889	0.915405	-0.284529	0.268956	0.057799	0.615148	0.236679	
0.370735	-0.885875	0.496984	0.99747	0.59851	-0.997913	0.029859	0.587901	0.439607	0.476372	0.848782	-0.092236	-0.475059	-0.648371	0.658743	-0.35164	0.263516	0.263101	-0.891192	-0.347598	0.312795	0.503653	0.632673	-0.087149	-0.08391	0.158441	0.383058	0.003718	0.01278	-0.058386	-0.969755	0.506573	-0.992462	0.213585	0.769133	0.249233	-0.705758	0.995506	-0.733589	-0.476474	-0.261465	0.429404	-0.72795	0.354656	0.481197	0.144847	0.579909	-0.928095	-0.765219	-0.092242	
-0.369173	0.670519	-0.931873	-0.086822	-0.254002	0.640023	-0.599692	0.747348	0.405417	-0.018784	-0.57313	0.503047	-0.630606	-0.951011	0.83176	-0.166533	0.748126	-0.880926	0.008199	-0.008963	-0.0497	0.569174	0.494366	0.260476	-0.412016	-0.04168	0.009997	0.301216	0.395314	0.624331	0.553219	0.210861	-0.006957	0.499892	0.580064	-0.391822	0.252412	0.207313	-0.857172	0.667759	0.531929	-0.962605	-0.45381	-0.27775	0.385009	-0.559738	-0.591968	-0.110111	0.258522	-0.565178	
-0.375836	0.258304	-0.029876	-0.940184	0.273771	-0.112428	0.062647	0.393501	0.369205	0.251661	0.860643	-0.365314	-0.560881	0.786359	-0.446642	-0.265412	0.002305	0.184522	-0.120371	-0.768578	-0.476296	0.522967	-0.811299	0.670723	-0.067005	0.886087	0.513248	-0.99607	-0.183907	-0.574525	0.379644	0.408604	0.248765	0.626667	0.23767	-0.041239	0.288986	-0.276627	0.897218	-0.559922	-0.270206	0.547493	0.872846	-0.272223	0.614475	-0.536557	0.215112	0.853067	-0.924393	0.899722	
-0.344763	-0.246215	0.431036	-0.378395	-0.504032	0.722449	-0.051854	0.913142	-0.93194	-0.242481	-0.197045	0.212884	0.932821	-0.663741	0.270203	-0.24581	-0.316347	-0.964609	-0.70359	-0.498773	0.575198	0.318464	0.279704	-0.917305	0.714662	-0.324313	0.086155	0.297242	0.752542	-0.750937	-0.316943	-0.550432	-0.228749	-0.081808	0.675957	0.980068	0.189519	-0.647492	0.343351	0.220065	0.762635	0.39747	-0.164273	0.809717	-0.997874	-0.900741	0.901697	-0.297398	0.19463	-0.855068	
0.26713	-0.389705	-0.506223	-0.560451	-0.720546	0.837823	-0.674106	-0.587702	-0.988418	0.273543	-0.485714	-0.143428	0.754982	-0.078408	0.536647	-0.797702	-0.210341	0.964683	0.244321	-0.54429	-0.980394	0.398552	0.807545	0.909733	0.514263	0.464871	0.274718	0.854104	-0.534802	0.740031	-0.527411	-0.837233	-0.067495	-0.642028	0.114954	-0.051151	0.524356	-0.358362	-0.111076	0.550678	0.9387	0.230989	-0.178689	-0.82604	0.124626	0.469057	-0.885475	0.640709	0.369223	0.327371	
-0.102099	-0.924101	0.508814	-0.277463	0.34298	-0.501133	-0.695469	0.677716	-0.163352	0.640753	-0.870778	-0.704298	0.507259	0.378405	-0.997733	0.192912	-0.112848	0.82569	-0.274346	0.271168	0.0711	-0.079037	0.334267	-0.875219	0.016136	0.085793	0.018009	-0.37615	0.598244	0.144662	-0.586616	0.339088	-0.809872	0.710264	-0.152188	-0.518129	0.218602	-0.229988	0.215124	-0.373511	-0.019484	0.773926	0.903251	-0.951252	0.355672	-0.771074	-0.274124	-0.462207	-0.774945	0.781079	
0.047123	0.742469	-0.09422	-0.527853	0.153558	-0.014282	-0.40056	-0.71371	-0.4665	0.841827	-0.062785	-0.081648	-0.234909	0.928898	0.30806	0.042556	-0.243139	0.551862	0.619759	-0.200699	-0.174275	-0.224403	-0.317334	0.061242	-0.239092	0.784611	-0.498294	-0.357563	0.372702	-0.868931	0.66037	-0.012202	-0.377563	-0.510662	0.313437	-0.548342	-0.316535	0.527776	-0.5966	0.627274	0.710774	0.589655	-0.465234	0.556656	-0.141308	-0.052609	0.615838	-0.842308	0.57542	0.763569	
0.02419	0.006975	0.032753	0.001979	0.031509	0.037917	0.022747	0.017581	0.00341	0.022264	0.017687	0.026236	0.028077	0.034548	0.023013	0.000628	0.018496	0.008177	0.025128	0.013573	0.015137	0.027845	0.011473	0.011908	0.028992	0.020107	0.015072	0.012438	0.004988	0.004123	0.024492	0.020118	0.007991	0.033243	0.036578	0.027419	0.017551	0.022032	0.017872	0.012445	0.017593	0.029405	0.02568	0.012766	0.025811	0.018289	0.033944	0.036944	0.00245	0.028406	
0.00918	0.016779	0.015409	0.018702	0.011225	0.024533	0.004827	0.030208	0.018456	0.028123	0.029681	0.006912	0.028012	0.010491	0.000606	0.007057	0.033579	0.004193	0.02843	0.025745	0.033227	0.031739	0.002438	0.024786	0.008798	0.025822	0.020491	0.031734	0.013765	0.020288	0.003489	0.030541	0.002604	0.0063	0.019627	0.028697	0.034406	0.032367	0.036693	0.007755	0.03137	0.033075	0.038346	0.036348	0.013756	0.019786	0.004203	0.015112	0.01688	0.023409	
0.0241	0.032962	0.001025	0.02655	0.029718	0.012725	0.027537	0.013685	0.002569	0.018853	0.037403	0.003592	0.031944	0.017005	0.004743	0.021001	0.009168	0.026893	0.016693	0.019271	0.020911	0.020241	0.011742	0.004364	0.02488	0.000832	0.025194	0.016431	0.03195	0.000955	0.029214	0.030439	0.016856	0.034809	0.024047	0.024311	0.019312	0.005343	0.009571	0.02007	0.023216	0.009559	0.031262	0.029812	0.013216	0.023517	0.026702	0.02887	0.031524	0.033413	
0.037977	0.019905	0.032328	0.028016	0.005948	0.031574	0.034004	0.012533	0.027753	0.027033	0.004984	0.00691	0.016453	0.017844	0.011746	0.010726	0.025288	0.011779	0.029541	0.021773	0.035318	0.017294	0.015383	0.030571	0.00762	0.034188	0.019755	0.029797	0.019685	0.010201	0.017578	0.007756	0.001617	0.030486	0.037225	0.016818	0.035626	0.007491	0.016569	0.002411	0.008454	0.031929	0.0047	0.009166	0.01374	0.025497	0.015611	0.030877	0.020332	0.03219	
0.008033	0.035431	0.011594	0.037451	0.006974	0.030088	0.000765	0.000372	0.015061	0.035306	0.022447	0.037568	0.006986	0.019267	0.014703	0.033507	0.033348	0.004644	0.027883	0.017186	0.025808	0.011481	0.02776	0.017498	0.03628	0.024111	0.033614	0.006032	0.035931	0.013086	0.019923	0.030635	0.02952	0.02334	0.0153	0.019777	0.020394	0.037373	0.034206	0.011406	0.001954	0.034656	0.002062	0.026622	0.035045	0.011692	0.010278	0.00176	0.002443	0.001399	
0.010864	0.02288	0.031785	0.034551	0.001291	0.000837	0.028656	0.020563	0.026387	0.024333	0.03236	0.001769	0.016092	0.008341	0.020915	0.035902	0.022208	0.025348	0.03111	0.018369	0.022706	0.035599	0.028995	0.033559	0.021425	0.006916	0.031417	0.024446	0.034156	0.004125	0.00983	0.015116	0.005126	0.007241	0.002269	0.0329	0.029696	0.012651	0.023193	0.02415	0.029357	0.00232	0.000818	0.003312	0.036477	0.034586	0.017769	0.021236	0.029749	0.004299	
0.015306	0.010666	0.041245	0.006178	0.010939	0.04062	0.009384	0.025428	0.016039	0.02237	0.00122	0.040597	0.013971	0.028508	0.028245	0.008385	0.044003	0.004116	0.002422	0.007319	0.024799	0.031303	0.004365	0.002885	0.013015	0.033008	0.034525	0.014093	0.002133	0.010262	0.00179	0.036454	0.013464	0.032943	0.031897	0.019485	0.014679	0.036482	0.039205	0.030256	0.010128	0.0192	0.015586	0.016035	0.028881	0.017688	0.004893	0.037545	0.016466	0.029574	
0.031	0.025072	0.008859	0.010219	0.01503	0.034249	0.038064	0.01166	0.014123	0.009092	0.016174	0.017747	0.00121	0.015212	0.009024	0.007554	0.025596	0.009652	0.028161	0.042606	0.009068	0.012491	0.029426	0.011934	0.016497	0.013949	0.040659	0.026008	0.032312	0.023519	0.026131	0.027616	0.041388	0.0427	0.022903	0.002642	0.007104	0.008794	0.027225	0.005987	0.000226	0.035217	0.029288	0.04091	0.001319	0.01778	0.023997	0.017184	0.02208	0.013342	
0.018717	0.03909	0.012026	0.003834	0.040376	0.00641	0.037515	0.008869	0.022517	0.000529	0.019823	0.007072	0.023343	0.030296	0.018607	0.007145	0.005035	0.03311	0.040829	0.025159	0.009139	0.03908	0.004636	0.016907	0.024333	0.001707	0.014711	0.032623	0.025866	0.00608	0.007179	0.011772	0.038968	0.035711	0.010733	0.022269	0.042267	0.024776	0.012767	0.026474	0.021756	0.022761	0.014073	0.003439	0.010798	0.037701	0.019873	0.020548	0.01345	0.027301	
0.008481	0.036255	0.021634	0.041119	0.015247	0.042052	0.027169	0.018941	0.024967	0.00313	0.03228	0.033295	0.018601	0.0022	0.035995	0.036181	0.023915	0.023376	0.03838	0.013446	0.019265	0.002528	0.0306	0.033444	0.008936	0.012912	0.023643	0.013834	0.026387	0.034257	0.039956	0.032507	0.010784	0.012205	0.026857	0.006815	0.007466	0.007006	0.010883	0.008715	0.006906	0.000819	0.019091	0.011929	0.042087	0.002213	0.00509	0.018135	0.01813	0.009936	
0.035111	0.021697	0.030875	0.031321	0.006587	0.010194	0.014919	0.006825	0.0338	0.021165	0.028967	0.018394	0.022568	0.011374	0.032723	0.018986	0.030602	0.018766	0.019833	0.011883	0.030811	0.000934	0.023286	0.009885	0.035869	0.034349	0.006236	0.022375	0.014532	0.018432	0.005694	0.010302	0.023766	0.008078	0.011731	0.024976	0.03391	0.029913	0.009414	0.030203	0.013157	0.03229	0.011146	0.005789	0.023498	0.011961	0.025756	0.022442	0.006317	0.036358	
0.035507	0.002736	0.031577	0.021888	0.002105	0.005837	0.034612	0.004859	0.036122	0.025096	0.035544	0.003812	0.008161	0.026113	0.028148	0.018737	0.005982	0.031676	0.031344	0.029135	0.021407	0.030421	0.008437	0.022954	0.02318	0.022157	0.030943	0.01173	0.000837	0.021458	0.018761	0.020967	0.005955	0.009563	0.008195	0.021837	0.015678	0.022985	0.007416	0.027669	0.033529	0.02321	0.00421	0.019755	0.02825	0.024699	0.025859	0.019328	0.036018	0.013601	
5.9e-05	0.007495	0.027613	0.014215	0.036242	0.026545	0.00866	0.017781	0.025756	0.013924	0.012011	0.014995	0.004713	0.030212	0.024023	0.025891	0.003068	0.006212	0.02209	0.019366	0.037026	0.021739	0.035969	0.013155	0.029578	0.009398	0.031463	0.037009	0.03363	0.001643	0.009245	0.025026	0.03209	0.007541	0.013003	0.014426	0.03129	0.036736	0.009696	0.024269	0.030358	0.021814	0.015774	0.025337	0.012141	0.005782	0.037077	0.019553	0.028741	0.00862	
0.015301	0.023343	0.018484	0.002966	0.028183	0.030756	0.00119	0.034276	0.013065	0.004843	0.032606	0.020771	0.004919	0.013502	0.0161	0.014644	0.032833	0.016789	0.037035	0.035595	0.005437	0.004169	0.028915	0.014315	0.02791	0.022509	0.009889	0.02946	0.022582	0.008047	0.010426	0.035694	0.017396	0.031231	0.027579	0.011139	0.019715	0.024292	0.000535	0.034891	0.032527	0.031586	0.009061	0.023267	0.025043	0.009295	0.016215	0.022881	0.015211	0.031582	
0.016809	0.025446	0.021314	0.000863	0.011015	0.041109	0.01309	0.027142	0.018127	0.028207	0.038098	0.034594	0.027647	0.006693	0.014637	0.038809	0.018036	0.008733	0.013155	0.02872	0.000566	0.002655	0.025788	0.019383	0.039599	0.016628	0.006899	0.013455	0.007968	0.02297	0.023734	0.008973	0.028958	0.042697	0.014757	0.017581	0.012898	0.003637	0.03182	0.018679	0.012763	0.013837	0.014574	0.028426	0.043814	0.025992	0.004508	0.012292	0.039996	0.011909	
0.01352	0.008083	0.024308	0.023141	0.033012	0.019858	0.009987	0.018192	0.026862	0.001396	0.02461	0.01334	0.023208	0.012275	0.027493	0.013599	0.004723	0.027769	0.017282	0.015295	0.033613	0.022419	0.002028	0.018014	0.032272	0.020273	0.019855	0.020683	0.017228	0.013458	0.026817	0.031117	0.031462	0.020618	0.028664	0.026337	0.029977	0.027307	0.004223	0.016898	0.026839	0.015362	0.013479	0.020978	0.01532	0.031884	0.01574	0.014378	0.0235	0.021304	
0.02883	0.018313	0.012989	0.030321	0.032756	0.033259	0.014624	0.02495	0.034059	0.001502	0.018061	0.018629	0.036447	0.036333	0.006584	0.027153	0.010193	0.000578	0.028458	0.034172	0.024122	0.032557	0.014774	0.00692	0.015779	0.011156	0.013132	0.018247	0.030493	0.029554	0.001756	0.016999	0.004056	0.035095	0.012312	0.025029	0.030412	0.02714	0.013175	0.013951	0.001786	0.03209	0.010245	0.024804	0.03456	0.007795	0.027461	0.00075	0.034708	0.000931	
0.028079	0.003363	0.020566	0.03685	0.016934	0.008417	0.015469	0.027805	0.00808	0.036437	0.009394	0.008643	0.013904	0.04028	0.028353	0.026179	0.011201	0.018374	0.016777	0.028856	0.008311	0.009176	0.008004	0.012794	0.040269	0.018413	0.002075	0.020496	0.028406	0.017618	0.024772	0.002588	0.003892	0.014425	0.028451	0.005999	0.009867	0.03308	0.029696	0.02814	0.037334	0.030006	0.025239	0.037903	0.015187	0.006583	0.024683	0.000478	0.029348	0.042806	
0.013069	0.033154	0.000816	0.019492	0.036734	0.01001	0.021952	0.016281	0.031705	0.025778	0.029828	0.026967	0.006733	0.037597	0.037542	0.015325	0.008685	0.001281	0.003172	0.008419	0.02016	0.010111	0.03694	0.031686	0.009918	0.01873	0.037571	0.010945	0.028792	0.018209	0.005892	0.023405	0.02315	0.013386	0.020197	0.008515	0.016667	0.008166	0.026993	0.037499	0.040738	0.02776	0.037427	0.007507	0.011662	0.011636	0.001671	0.012361	0.0216	0.036166	
0.026586	0.024134	0.028926	0.021661	0.017868	0.027641	0.010351	0.01724	0.039143	0.030259	0.008392	0.008803	0.032935	0.023024	0.030455	0.029953	0.014794	0.00101	0.029003	0.01702	0.023025	0.04112	0.036964	0.014245	0.002971	0.005458	0.038218	0.011945	0.022816	0.039798	0.009956	2.7e-05	0.026572	0.010006	0.000835	0.027064	0.01562	0.026876	0.010077	0.001888	0.006726	0.034129	0.035313	0.030768	0.019554	0.016542	0.011632	7.6e-05	0.017386	0.023195	
0.033092	0.005732	0.023443	0.031241	0.000404	0.015041	0.013055	0.024964	0.038869	0.031112	0.002025	0.03594	0.01465	0.010017	0.01201	0.027247	0.038536	0.003159	0.037615	0.019969	0.016546	0.016168	0.012601	0.024073	0.01405	0.036228	0.008973	0.02273	0.027595	0.037653	0.010593	0.001231	0.035712	0.002177	0.038672	0.007805	0.020256	0.006997	0.017351	0.013134	0.014832	0.014617	0.006446	0.010096	0.028422	0.027396	0.038949	0.027147	0.020088	0.023341	
0.015752	0.030048	0.010912	0.035362	0.010396	0.031006	0.012871	0.024981	0.006075	0.013584	0.033913	0.018518	0.025704	0.034164	0.003769	0.031479	0.005687	0.032254	0.033271	0.026046	0.021901	0.029491	0.009788	0.003878	0.010292	0.006178	0.029608	0.018868	0.021114	0.011193	0.031517	0.024337	0.023532	0.003906	0.034108	0.03386	0.018651	0.022442	0.026359	0.0142	0.011762	0.003397	0.012854	0.006759	0.035744	0.013138	0.035826	0.006819	0.026231	0.016455	
0.033212	0.030912	0.021136	0.017551	0.000802	0.019646	0.025979	0.031651	0.000755	0.01916	0.012309	0.029278	0.024338	0.03526	0.034527	0.003151	0.013858	0.028508	0.010471	0.0352	0.027778	0.027919	0.00524	0.017143	0.002127	0.007024	0.000997	0.010649	0.01018	0.012818	0.025067	0.020867	0.016483	0.016429	0.030469	0.033991	0.030051	0.026681	0.030179	0.019803	0.030153	0.026757	0.00583	0.017825	0.025921	0.021147	0.001596	0.032349	0.028374	0.010449	
0.004253	0.022016	0.036445	0.026315	0.000304	0.023235	0.003734	0.025893	0.002138	0.001312	0.02982	0.036739	0.031452	0.027625	0.035095	0.021521	0.031254	0.009406	0.021916	0.034884	0.02586	0.001942	0.009077	0.026187	0.030256	0.030765	0.03232	0.018651	0.022343	0.034122	0.012043	0.018032	0.02024	0.018326	0.030963	0.038566	0.024547	0.010686	0.015675	0.000126	0.007793	0.03831	0.029515	0.003021	0.004549	0.006063	0.001126	0.006099	0.022015	0.035425	
0.024461	0.037387	0.021821	0.033156	0.025391	0.020854	0.01529	0.041208	0.009159	0.009534	0.005541	0.004729	0.038066	0.040138	0.024232	0.034494	0.042226	0.006907	0.043444	0.011971	0.003971	0.007448	0.045085	0.023155	0.042914	0.024192	0.022587	0.002946	0.010785	0.00212	0.015147	0.004042	0.031102	0.002119	9.3e-05	0.011486	0.001081	0.002539	0.01151	0.021894	0.035837	0.034179	0.004075	0.004462	0.00507	0.041317	0.009102	0.023516	0.025728	0.040489	
0.007037	0.024769	0.01667	0.027895	0.030648	0.016816	0.020477	0.030473	0.037833	0.008858	0.024235	0.030075	0.009621	0.008775	0.007942	0.020255	0.025287	0.008606	0.01547	0.028903	0.00889	0.030213	0.031713	0.003409	0.01799	0.027314	0.007536	0.000269	0.03645	0.004089	0.020761	0.027888	0.003034	0.036965	0.016149	0.014554	0.011926	0.00967	0.022092	0.03038	0.019638	0.036501	0.025566	0.018178	0.014407	0.037249	0.004148	0.020799	0.037238	0.024339	
0.038715	0.006496	0.038479	0.031092	0.029796	0.012202	0.014354	0.011072	0.02529	0.020515	0.036703	0.016506	0.033029	0.027364	0.010085	0.013033	0.027067	0.011124	0.022294	0.034637	0.009756	0.027641	0.005933	0.028855	0.01127	0.037739	0.011156	0.038457	0.025827	0.019031	0.028759	0.020894	0.005929	0.010375	0.011239	0.02653	0.000863	0.010097	0.003245	0.012065	0.016445	0.01021	0.032283	0.025918	0.011083	0.028585	0.006892	0.030922	0.019054	0.013094	
0.030614	0.027467	0.003321	0.013381	0.039677	0.039761	0.045917	0.017832	0.018081	0.001319	0.017928	0.011027	0.018275	0.036812	0.006213	0.022863	0.042315	0.025855	0.036984	0.005532	0.007968	0.029086	0.034533	0.024894	0.018219	0.030932	0.021385	0.030227	0.010037	0.003546	0.037796	0.011874	0.001094	0.00951	0.020985	0.004836	0.035605	0.002099	0.04222	0.006416	0.042398	0.0036	0.002592	0.033969	0.00381	0.010321	0.001712	0.002288	0.043318	0.011556	
0.034061	0.008982	0.010479	0.001564	5e-06	0.031263	0.017643	0.016831	0.023326	0.006988	0.029853	0.015438	0.022624	0.019274	0.026953	0.026031	0.002438	0.017732	0.017595	0.041569	0.012639	0.004618	0.023114	0.033706	0.002416	0.027675	0.037447	0.019573	0.029618	0.003322	0.021363	0.031786	0.022651	0.029392	0.005131	0.039017	0.009676	0.010008	0.011733	0.00952	0.000669	0.027309	0.023845	0.039993	0.035299	0.015408	0.034406	0.0376	0.025283	0.005134	
0.013485	0.01724	0.03736	0.014596	0.035689	0.005624	0.006444	0.028397	0.021823	0.000646	0.000235	0.009429	0.017563	0.025735	0.012915	0.004033	0.018435	0.00296	0.025998	0.000677	0.036682	0.025018	0.024957	0.013906	0.023136	0.012783	0.031797	0.03225	0.027413	0.009778	0.031046	0.028559	0.035355	0.012538	0.02565	0.01187	0.023884	0.008318	0.040199	0.017991	0.027438	0.036326	0.030284	0.038069	0.031213	0.028506	0.002937	0.027529	0.003344	0.00194	
0.027907	0.006277	0.011147	0.006929	0.020741	0.026607	0.022109	0.009646	0.021682	0.03712	0.004683	0.020933	0.020894	0.026276	0.012975	0.017339	0.041261	0.035867	0.011254	0.026623	0.000124	0.03085	0.021762	0.030678	0.031286	0.012208	0.026263	0.016974	0.017079	0.028081	0.028803	0.040347	0.026192	0.001834	0.004457	0.021606	0.032486	0.042437	0.018756	0.01661	0.007912	0.005366	0.041812	0.016166	0.002696	0.009853	0.018827	0.014771	0.023867	0.001627	
0.001693	0.009733	0.037083	0.002059	0.023563	0.023332	0.013909	0.042324	0.014556	0.029448	0.017358	0.017407	0.030697	0.005811	0.02446	0.000547	0.040383	0.003675	0.010783	0.00494	0.025795	0.001445	0.013617	0.013322	0.032764	0.023512	0.022732	0.041318	0.012619	0.03148	0.016338	0.0351	0.013255	0.003172	0.028546	0.027761	0.007061	0.010596	0.039808	0.004903	0.039596	0.033548	0.039586	0.014489	0.033514	0.023373	0.01462	0.026903	0.000745	0.014721	
0.001276	0.025681	0.014005	0.008533	0.003169	0.0297	0.027089	0.023563	0.030884	0.024559	0.000136	0.033556	0.032781	0.032307	0.030892	0.033576	0.019555	0.005172	0.014302	0.019409	0.026618	0.004503	0.032378	0.02891	0.01527	0.023944	0.029039	0.018969	0.023128	0.029417	0.000109	0.032159	0.029635	0.026333	0.001555	0.032047	0.0096	0.006624	0.012311	0.014489	0.029925	0.032827	0.02782	0.029655	0.012163	0.018231	0.003156	0.008784	0.001882	0.028374	
0.014895	0.026434	0.030188	0.012814	0.006824	0.018983	0.026883	0.034538	0.009395	0.01655	0.003999	0.000729	0.017405	0.002585	0.001823	0.023272	0.007603	0.003776	0.026683	0.035709	0.037402	0.004006	0.036209	0.01932	0.005164	0.029863	0.009822	0.016459	0.027391	0.039841	0.022684	0.023857	0.038453	0.037006	0.030234	0.012935	0.007185	0.03843	0.025392	0.034578	0.007124	0.035775	0.003357	0.006238	0.001979	0.029872	0.036647	0.016866	0.011426	0.033397	
0.0352	0.033759	0.026752	0.040292	0.023387	0.00705	0.036389	0.029176	0.001063	0.018704	0.017194	0.033263	0.003586	0.038372	0.031611	0.038083	0.030132	0.003591	0.030895	0.013413	0.031653	0.00055	0.014865	0.010607	0.038522	0.038928	0.021433	0.01342	0.021944	0.033372	0.017934	0.006106	0.01091	0.020528	0.0091	0.01266	0.03576	0.007072	0.023835	0.010111	0.030332	0.002898	0.005034	0.027782	0.014709	0.023425	0.00483	0.003798	0.014008	0.001962	
0.012311	0.003198	0.02326	0.015261	0.034062	0.025205	0.034653	0.024251	0.031394	0.00667	0.042047	0.034326	0.032394	0.028493	0.000174	0.035278	0.019742	0.037761	0.000916	0.003026	0.000286	0.007004	0.008594	0.029823	0.009661	0.036281	0.018903	0.015717	0.033211	0.012865	0.027412	0.012357	0.004348	0.001966	0.018517	0.022756	0.002354	0.031781	0.012841	0.031459	0.028015	0.008415	0.002799	0.036184	0.040289	0.005054	0.02871	0.040199	0.009836	0.017941	
0.003604	0.040447	0.0067	0.04642	0.030115	0.018518	0.038057	0.030395	0.026529	0.019227	0.031318	0.007077	0.004964	0.02209	0.01565	0.014815	0.040992	0.006167	0.00948	0.007902	0.046078	0.032664	0.010053	0.019669	0.023713	0.017609	0.02157	0.044876	0.017006	0.026166	0.009197	0.042363	0.038614	0.003222	0.008525	0.00668	0.020791	0.027928	0.011604	0.004776	0.001058	0.025286	0.014835	0.000108	0.034994	0.023407	0.017632	0.012986	2.3e-05	0.0161	
0.023563	0.036156	0.024662	0.021237	0.016303	0.022597	0.00805	0.029676	0.004019	0.000701	0.016933	0.002883	0.007047	0.01566	0.000258	0.01899	0.020111	0.037376	0.014478	0.022314	0.012983	0.002505	0.028176	0.036276	0.029538	0.033567	0.03051	0.004427	0.007377	0.014522	0.032424	0.005304	0.015181	0.004449	0.028808	0.016778	0.036235	0.02804	0.005639	0.02403	0.031844	0.012906	0.035801	0.026478	0.032474	0.021513	0.034891	0.005925	0.032884	0.025501	
0.019039	0.016644	0.022781	0.01894	0.009172	0.016196	0.0338	0.015712	0.021076	0.03496	0.000206	0.030399	0.032598	0.017096	0.036398	0.004618	0.033084	0.012673	0.016476	0.004668	0.010205	0.004296	0.011546	0.032655	0.02659	0.021028	0.022546	0.010637	0.024732	0.017649	0.032256	0.010141	0.029682	0.028013	0.015788	0.015341	0.030949	0.003144	0.012227	0.037589	0.020929	0.031893	0.016874	0.010487	0.010369	0.031807	0.021213	0.018823	0.00616	0.037895	
0.019706	0.011068	0.018808	0.010106	0.024807	0.010526	0.034809	0.004879	0.020388	0.004501	0.025523	0.016133	0.00925	0.022353	0.025919	0.020141	0.035199	0.035214	0.039325	0.022661	0.035423	0.027329	0.026183	0.004513	0.02818	0.016152	0.014198	0.038956	0.000796	0.022081	0.024931	0.026456	0.032655	0.011748	0.013396	0.015972	0.014119	0.010147	0.033442	0.037945	0.019749	0.003655	0.02884	0.030087	0.001631	0.001012	0.009021	0.028233	0.013956	0.017878	
0.008295	0.032115	0.008095	0.010825	0.030606	0.030337	0.011327	0.007053	0.009329	0.026791	0.024048	0.027578	0.005535	0.022542	0.00443	0.028389	0.005483	0.004688	0.036723	0.001896	0.017583	0.02662	0.034059	0.035399	0.027785	0.027572	0.034788	0.005034	0.019302	0.003637	0.020967	0.037231	0.00175	0.008802	0.037319	0.024797	0.02481	0.036064	0.034562	0.010067	0.03822	0.03229	0.007581	0.002988	0.032139	0.001479	0.022226	0.011047	0.02497	0.022827	
0.033312	0.028817	0.017271	0.027463	0.034252	0.029231	0.002561	0.016231	0.0279	0.021929	0.009112	0.024034	0.009933	0.030527	0.001729	0.034938	0.011736	0.010567	0.0237	0.03051	0.014888	0.001218	0.008787	0.022075	0.036058	0.022128	0.016224	0.018445	0.01304	0.019683	0.035674	0.017833	0.012814	0.025197	0.01467	0.024438	0.033226	0.007944	0.006349	0.000344	0.032672	0.016128	0.012185	0.019204	0.012068	0.003013	0.03394	0.034807	0.024371	0.034824	
0.026005	0.016828	0.034946	0.035548	0.023562	0.016496	0.000425	0.03908	0.032583	0.009841	0.007274	0.022121	0.033443	0.012395	0.014653	0.016815	0.006176	0.029679	0.008261	0.037594	0.035145	0.011223	0.007723	0.027037	0.014897	0.020878	0.03238	0.031773	0.027692	0.018071	0.040523	0.025114	0.025271	0.009917	0.025844	0.022426	0.006289	0.011541	0.001633	0.008058	0.01665	0.018814	0.01691	0.000946	0.027825	0.024581	0.006847	0.034984	0.003711	0.021572	
0.024643	0.004511	0.016587	0.028699	0.031927	0.015039	0.019661	0.009494	0.008391	0.008981	0.03116	0.026007	0.016133	0.005997	0.01301	0.019463	0.025503	0.030288	0.020988	0.022971	0.037397	0.013159	0.000323	0.005129	0.028039	0.028044	0.011237	0.00885	0.009215	0.023144	0.020927	0.012435	0.016335	0.038112	0.023414	0.030791	0.003795	0.029106	0.032105	0.009808	0.038015	0.025851	0.030229	0.014458	0.029281	0.037271	0.021155	0.000872	0.025888	0.016162	
0.023009	0.014089	0.021292	0.025953	0.027455	0.008891	0.005489	0.003189	0.011732	0.0354	0.027028	0.024418	0.009863	0.005639	0.024604	0.004937	0.005934	0.005219	0.016592	0.002808	0.012732	0.031688	0.005221	0.016815	0.025462	0.02086	0.034265	0.028012	0.015138	0.028569	0.026734	0.031845	0.030612	0.036499	0.030626	0.035488	0.02959	0.012836	0.026942	0.013098	0.022004	0.010031	0.007279	0.00309	0.016353	0.029101	0.033494	0.017746	0.028129	0.0362	
0.020337	0.031472	0.001256	0.009194	0.019983	0.004458	0.004396	0.016906	0.001501	0.024818	0.028031	0.043211	0.00451	0.01834	0.021189	0.02562	0.027929	0.008046	0.011736	0.031666	0.038742	0.008036	0.018308	0.027203	0.016193	0.012377	0.006999	0.043822	0.006563	0.002726	0.006344	0.007832	0.043639	0.00518	0.035187	0.028496	0.034527	0.03595	0.020943	0.038065	0.032116	0.02498	0.012322	0.027914	0.005657	0.026745	0.012006	0.029065	0.006815	0.030649	
0.00077	0.011608	0.037031	0.00989	0.035776	0.015537	0.009097	0.026047	0.02814	0.008047	0.03486	0.006297	0.003538	0.029809	0.028389	0.017734	0.036008	0.010034	0.011145	0.020768	0.038727	0.009134	0.018032	0.027234	0.003842	0.034692	0.002583	0.038127	0.025022	0.011447	0.036329	0.029089	0.007061	0.008813	0.006206	0.029744	0.036039	0.038523	0.024193	0.032951	0.016309	0.019786	0.025198	0.013821	0.003596	0.007156	0.00568	0.037719	0.012094	0.020328	
0.031907	0.014996	0.01992	0.03047	0.01221	0.023338	0.025718	0.014956	0.027293	0.036881	0.008161	0.025722	0.02857	0.022167	0.021002	0.000364	0.019748	0.018296	0.015791	0.006526	0.02781	0.025463	0.02569	0.021644	0.008731	0.025101	0.016865	0.020771	0.036846	0.033575	0.02859	0.012488	0.013423	0.016283	0.010947	0.028476	0.009087	0.017213	0.028777	0.01415	0.017457	0.032536	0.02784	0.005509	0.000629	0.019527	0.008129	0.028417	0.019327	0.014663	
0.0169	0.032069	0.030807	0.026616	0.021883	0.016083	0.025364	0.001513	0.03527	0.033717	0.011974	0.025786	0.005457	0.016335	0.000932	0.003313	0.00323	0.038577	0.029522	0.00532	0.005905	0.009297	0.03281	0.029694	0.014122	0.028869	0.015858	0.03803	0.018802	0.00047	0.023102	0.010387	0.00407	0.003232	0.022279	0.039587	0.015606	0.029983	0.001127	0.009115	0.024497	0.023316	0.022217	0.019718	0.033814	0.033234	0.035186	0.016	0.024967	0.034038	
0.041156	0.00239	0.003619	0.037364	0.022268	0.025532	0.001035	0.005565	0.018546	0.017387	0.028307	0.019685	0.022688	0.021101	0.02676	0.0353	0.03529	0.010696	0.019744	0.015011	0.027769	0.036563	0.016457	0.037194	0.002171	0.023066	0.026042	0.009279	0.028952	0.025043	0.037638	0.013257	0.017504	0.011862	0.019477	0.010414	0.016705	0.016486	0.000746	0.023705	0.027783	0.023247	0.033615	0.008162	0.009693	0.016742	0.019779	0.005566	0.028192	0.017447	
0.035109	0.010177	0.016655	0.010037	0.021985	0.028818	0.017561	0.023102	0.004131	0.02586	0.035585	0.020132	0.015269	0.016196	0.030594	0.013015	0.021014	0.002481	0.029345	0.007707	0.009831	0.0303	0.003931	0.009299	0.034107	0.016209	0.018856	0.034748	0.0081	0.0214	0.00375	0.034482	0.030956	0.021692	0.002822	0.012214	0.003919	0.028707	0.032799	0.029514	0.025495	0.026403	0.026391	0.029645	0.031835	0.014562	0.006749	0.025316	0.030111	0.011084	
0.034299	0.008194	0.00804	0.002738	0.025278	0.007855	0.026495	0.028127	0.039579	0.018227	0.034651	0.020092	0.000693	0.036919	0.036233	0.008301	0.017586	0.026257	0.034804	0.005631	0.029878	0.036177	0.012152	0.03701	0.008724	0.020682	0.036851	0.021711	0.017587	0.004058	0.038042	0.003537	0.013298	0.000429	0.006259	0.031714	0.006969	0.006001	0.030622	0.026824	0.017837	0.031764	0.02794	0.018526	0.005241	0.026828	0.007353	0.039641	0.003026	0.01332	
0.024947	0.016094	0.004696	0.029924	0.000725	0.006211	0.040021	0.036011	0.017582	0.002951	0.006321	0.000839	0.01899	0.035867	0.015531	0.04165	0.030633	0.025301	0.0361	0.042298	0.005347	0.01256	0.042314	0.041141	0.027403	0.003649	0.011926	0.014715	0.022357	0.003068	0.022136	0.016707	0.01714	0.030934	0.002333	0.031527	0.020926	0.021959	0.015391	0.031547	0.017592	0.007746	0.019276	0.004014	0.018271	0.002265	0.021123	0.025788	0.033852	0.022301	
0.029365	0.003904	0.02785	0.008213	0.03448	0.034582	0.006684	0.014227	0.002522	0.035936	0.006556	0.024083	0.03169	0.009301	0.003571	0.021533	0.021037	0.007203	0.030705	0.030147	0.019075	0.030592	0.006157	0.004703	0.033055	0.039179	0.036772	0.020167	0.008355	0.03681	0.030183	0.001876	0.030065	0.021557	0.037857	0.020877	0.021808	0.027687	0.025461	0.01814	0.01908	0.020719	0.016924	0.003599	0.011539	0.003458	0.005098	0.030246	0.023523	0.011849	
0.000509	0.004235	0.041363	0.008511	0.018924	0.003295	0.003209	0.034345	0.038449	0.029091	0.021096	0.021805	0.002088	0.010055	0.029081	0.013346	0.006025	0.019609	0.030542	0.000309	0.026411	0.005376	0.009084	0.020632	0.014315	0.000655	0.038691	0.032979	0.02747	0.004074	0.0215	0.000844	0.002598	0.025457	0.027412	0.003327	0.02064	0.035792	0.039415	0.037504	0.041056	0.014987	0.040688	0.039176	0.006192	0.02916	0.029269	0.01457	0.02976	0.025079	
0.039028	0.001429	0.008705	0.012607	0.019997	0.040143	0.011554	0.020807	0.00803	0.039828	0.008753	0.020935	0.028763	0.019191	0.001944	0.041859	0.008323	0.002155	0.029953	0.027883	0.007389	0.010192	0.036932	0.025331	0.035054	0.011207	0.018765	0.027684	0.000895	0.004471	0.014545	0.036866	0.039012	0.017484	0.041588	0.010051	0.025221	0.018929	0.001281	0.005089	0.038916	0.028537	0.01542	0.024432	0.018868	0.009526	0.02231	0.011414	0.040094	0.01061	
0.036353	0.001957	0.025928	0.011325	0.012625	0.032882	0.028966	0.038601	0.018978	0.034622	0.022269	0.038505	0.005403	0.013043	0.035434	0.029283	0.004886	0.023603	0.013688	0.01458	0.039668	0.005949	0.038981	0.020501	0.030078	0.018284	0.00406	0.001435	0.00016	0.020436	0.023139	0.019812	0.005919	0.003602	0.025829	0.013083	0.008588	0.032632	0.010877	0.037397	0.018351	0.013442	0.025582	0.022356	0.025096	0.028949	0.013662	0.010648	0.007292	0.031261	
0.029647	0.01621	0.011269	0.028226	0.029323	0.03377	0.017059	0.02909	0.010478	0.019105	0.006658	0.012896	0.015529	0.023651	0.03416	0.016303	0.019531	0.027486	0.012751	0.01313	0.032639	0.01231	0.008739	0.027868	0.033329	0.002054	0.017365	0.033892	0.027468	0.032959	0.006737	0.01939	0.01232	0.026834	0.017949	0.024596	0.009922	0.017197	0.034279	0.007874	0.026017	0.026013	0.003581	0.01379	0.019776	0.02826	0.03066	0.015921	0.009138	0.014851	
0.036805	0.010488	0.032996	0.025531	0.035164	0.023469	0.033711	0.005049	0.009197	0.021621	0.018158	0.025299	0.003927	0.022498	0.007624	0.029782	0.003936	0.008062	0.034466	0.021935	0.015897	0.007588	0.00979	0.019947	0.001036	0.016893	0.026513	0.025187	0.03323	0.03603	0.005533	0.027716	0.038485	0.023986	0.005061	0.032167	0.020669	0.037228	0.008754	0.017536	0.037389	0.030595	0.01117	0.027099	0.010653	0.007812	0.003082	0.014858	0.021178	0.0172	
0.001404	0.003247	0.020939	0.011293	0.015218	0.034831	0.008241	0.036971	0.021023	0.013966	0.034907	0.019777	0.031658	0.029613	0.026289	0.036943	0.017518	0.034564	0.031537	0.000235	0.031149	0.031306	0.001687	0.013606	0.011925	0.017063	0.034019	0.009503	0.00638	0.020828	0.023317	0.003527	0.033168	0.034018	0.0312	0.018297	0.028662	0.004451	0.018614	0.026043	0.000383	0.014603	0.032888	0.034591	0.002142	0.02988	0.008403	0.024162	0.002307	0.021704	
0.040198	0.03243	0.021564	0.000221	0.01225	0.01632	0.02918	0.01459	0.027077	0.045151	0.014811	0.003113	0.028403	0.005625	0.041121	0.044813	0.006174	0.014936	0.032468	0.011805	0.019641	0.005219	0.022548	0.039936	0.021455	0.003599	0.043286	0.014247	0.005437	0.003712	0.015547	0.028009	0.01988	0.017441	0.011126	0.031133	0.019114	0.008794	0.013038	0.005337	0.002634	0.046315	0.007134	0.008134	0.028526	0.010216	0.031896	0.032172	0.021608	0.020616	
0.021033	0.000349	0.010823	0.033788	0.031882	0.016006	0.005473	0.016228	0.020232	0.008317	0.018979	0.008018	0.031328	0.014205	0.009046	0.010504	0.01156	0.014879	0.000142	0.014785	0.033613	0.018993	0.021815	0.016084	0.028756	0.023978	0.028474	0.023632	0.030155	0.024998	0.008751	0.035033	0.028025	0.018821	0.016129	0.019047	0.002589	0.011392	0.030224	0.033524	0.032239	0.035304	0.020876	0.008812	0.018448	0.026417	0.021558	0.016707	0.034125	0.033904	
0.042298	0.027398	0.024918	0.004176	0.023773	0.007273	0.000507	0.033669	0.005863	0.01764	0.019005	0.000754	0.03203	0.026753	0.038838	0.027052	0.026872	0.018285	0.002646	0.006501	0.001732	0.003496	0.016127	0.041599	0.015929	0.006077	0.04095	0.009836	0.035235	0.015445	0.002509	0.028063	0.024556	0.01873	0.003967	0.021222	0.022925	0.029367	0.004212	0.014327	0.034353	0.02176	0.035922	0.018008	0.038929	0.026975	0.027188	0.010872	0.014203	0.029235	
0.004032	0.034477	0.001388	0.017267	0.014155	0.004289	0.020535	0.015454	0.011286	0.036498	0.020077	0.002564	0.035815	0.012734	0.030308	0.003883	0.020645	0.030201	0.02205	0.038615	0.009564	0.027712	0.011256	0.029202	0.018513	0.005968	0.010447	0.032149	0.022871	0.027143	0.020964	0.023437	0.015712	0.019625	0.00333	0.032991	0.025392	0.010687	0.01468	0.00295	0.037916	0.029544	0.017604	0.033185	0.025726	0.022236	0.01192	0.027258	0.023356	0.030389	
0.032238	0.005956	0.041161	0.024705	0.015267	0.018372	0.029173	0.009289	0.031378	0.01526	0.042684	0.035068	0.005569	0.022014	0.023439	0.01342	0.025674	0.006243	0.031714	0.009533	0.0026	0.001562	0.001251	0.035118	0.036958	0.038259	0.014443	0.0047	0.038006	0.039955	0.009245	0.012796	0.020544	0.002042	0.023753	0.037897	0.009223	0.036327	0.018805	0.020083	0.027304	0.00968	0.043542	0.03845	0.009027	0.005732	0.003294	0.018021	0.003095	0.000131	
0.016764	0.019614	0.020167	0.024947	0.041626	0.006749	0.036306	0.000245	0.028367	0.025297	0.010803	0.015181	0.030528	0.015319	0.017493	0.007501	0.005657	0.013746	0.000557	0.023222	0.023878	0.015507	0.015482	0.032128	0.027491	0.0323	0.036228	0.02075	0.001065	0.016952	0.029006	0.036902	0.04006	0.007661	0.029713	0.003136	0.040104	0.015243	0.003264	0.005628	0.000967	0.030679	0.037287	0.00654	0.002982	0.03642	0.013562	0.03557	0.034096	0.00931	
0.000579	0.003027	0.022758	0.007568	0.030994	0.021	0.028366	0.006856	0.002578	0.039076	0.003668	0.019129	0.008904	0.036393	0.00131	0.034594	0.031223	0.032566	0.004217	0.03354	0.024399	0.032322	0.002258	0.012544	0.037538	0.007448	0.039451	0.014093	0.019256	0.021103	0.014778	0.016961	0.01348	0.018549	0.004086	0.028024	0.037466	0.028942	0.02928	0.016597	0.037094	0.041543	0.030064	0.01096	0.040389	0.015366	0.024069	0.002624	0.007679	0.003291	
0.023224	0.031162	0.012821	0.020676	0.028744	0.017013	0.009703	0.010247	0.036179	0.021648	0.033559	0.014438	0.021661	0.029867	0.033633	0.020028	0.00546	0.021115	0.016512	0.01011	0.010704	0.025113	0.039381	0.019206	0.013415	0.001855	0.026416	0.032387	0.004193	0.037847	0.025931	0.034428	0.00567	0.031069	0.03572	0.004276	0.036338	0.008287	0.001764	0.025145	0.034901	0.020199	0.011087	0.005557	0.007893	0.01467	0.020226	0.029511	0.016254	0.002757	
0.036524	0.005493	0.036838	0.036199	0.030353	0.034918	0.0217	0.004889	0.02357	0.019533	0.018789	0.000448	0.033286	0.008584	0.011009	0.006764	0.019295	0.033252	0.027745	0.008086	0.028856	0.014722	0.013488	0.021331	0.010077	0.035105	0.000602	0.027673	0.037719	0.024708	0.022539	0.021903	0.023088	0.021059	0.015007	0.017596	0.001914	0.021572	0.017475	0.004542	0.02892	0.018979	0.023074	0.03672	0.011141	0.030829	0.021066	0.014538	0.01465	0.001832	
0.00124	0.000269	0.007915	0.01453	0.025247	0.022761	0.00032	0.027612	0.040987	0.03129	0.028628	0.003631	0.039884	0.004016	0.016455	0.041317	0.026253	0.035543	0.022798	0.020696	0.033021	0.00318	0.003146	0.023546	0.025978	0.034325	0.039583	0.021511	0.019866	0.007188	0.024783	0.030593	0.002541	0.038416	0.015751	0.02484	0.031474	0.017325	0.013387	0.02608	0.011689	0.020264	0.015905	0.033193	0.001878	0.015168	0.001693	0.014724	0.033052	0.004508	
0.000519	0.029894	0.011039	0.018705	0.011629	0.019658	0.001393	0.028754	0.023176	0.028725	0.037449	0.009671	0.004789	0.030766	0.020987	0.029791	0.026381	0.034745	0.012173	0.000952	0.0234	0.000138	0.026302	0.007356	0.007209	0.015301	0.023124	0.033365	0.035075	0.014116	0.01356	0.012352	0.019936	0.030495	0.028287	0.006785	0.029598	0.032545	0.008166	0.014586	0.035516	0.021362	0.031823	0.004452	0.035147	0.036304	0.029108	0.016453	0.002069	0.024874	
0.000309	0.010441	0.022774	0.019897	0.033613	0.02436	0.031529	0.033991	0.034532	0.001294	0.013908	0.010975	0.020528	0.025925	0.005222	0.00229	0.021535	0.022982	0.020993	0.025847	0.007113	0.010223	0.028011	0.008236	0.02267	0.017424	0.033347	0.02449	0.03056	0.033895	0.023684	0.012147	0.00883	0.023512	0.007188	0.034272	0.034015	0.029244	0.022488	0.027625	0.032975	0.002035	0.017961	0.029691	0.024414	0.01603	0.018701	0.030045	0.000644	0.005585	
0.019519	0.009817	0.002717	0.038795	0.012129	0.008078	0.026584	0.023105	0.006646	0.021336	0.00557	0.021304	0.009048	0.01004	0.030104	0.038842	0.020959	0.02858	0.029262	0.024955	0.010953	0.030335	0.01775	0.018668	0.033141	0.001198	0.020944	0.025087	0.002854	0.034572	0.017267	0.037801	0.023392	0.014452	0.024134	0.031746	0.010966	0.001525	0.036439	0.031364	0.038621	0.018102	0.022314	0.005594	0.018964	0.019748	0.019519	0.000654	0.018809	0.025697	
0.017031	0.019458	0.004865	0.02757	0.032902	0.032059	0.018125	0.040297	0.023412	0.011608	0.039418	0.03504	0.008428	0.022336	0.041573	0.010665	0.035148	0.022672	0.011466	0.012707	0.009738	0.015502	0.041444	0.021917	0.006305	0.011509	0.024186	0.011511	0.00523	0.00168	0.009163	0.026488	0.003458	0.002502	0.02236	0.006208	0.017053	0.004418	0.024721	0.009709	0.021787	0.027503	0.034335	0.029406	0.039314	0.012502	0.028869	0.038731	0.020856	0.004815	
0.023534	0.023015	0.023665	0.029429	0.030945	0.029975	0.01799	0.030485	0.001013	0.010251	0.00797	0.030071	0.034108	0.015554	0.007867	0.01541	0.006957	0.022671	0.009726	0.024917	0.003277	0.006412	0.005928	0.036945	0.038137	0.01521	0.021739	0.005678	0.011533	0.036459	0.02708	0.015455	0.013829	0.010426	0.010156	0.033953	0.0187	0.017784	0.017155	0.010442	0.023836	0.035144	0.019945	0.020441	0.034517	0.029932	0.007187	0.031899	0.023308	0.02194	
0.011785	0.011157	0.001686	0.034244	0.026571	0.013386	0.016046	0.034112	0.027241	0.026069	0.03799	0.038001	0.035042	0.031005	0.024253	0.006297	0.005346	0.027646	0.032347	0.029032	0.003543	0.002494	0.002658	0.007122	0.002486	0.039596	0.006696	0.015636	0.024754	0.028387	0.015862	0.008833	0.032542	0.021258	0.037184	0.008853	0.018415	0.016958	0.003285	0.019574	0.003914	0.001072	0.017075	0.020814	0.038492	0.037178	0.006121	0.019841	0.032487	0.037614	
0.02829	0.010976	0.029475	0.006011	0.015333	0.003109	0.020225	0.015967	0.028737	0.021621	0.019807	0.006827	0.017313	0.026267	0.00646	0.033478	0.022562	0.026758	0.023202	0.001982	0.022261	0.034052	0.015267	0.033883	0.00752	0.001411	0.011427	0.00587	0.017592	0.023953	0.011198	0.026217	0.01929	0.026628	0.02006	0.021291	0.023027	0.031134	0.006055	0.03449	0.018099	0.019489	0.008118	0.033636	0.018413	0.030687	0.017554	0.030967	0.032947	0.033064	
0.008205	0.028447	0.034364	0.006036	0.012342	0.015438	0.023814	0.033935	0.000944	0.008106	0.002609	0.017981	0.029847	0.028248	0.017978	0.028912	0.032322	0.022874	0.012236	0.013046	0.005879	0.021634	0.027022	0.034106	0.027881	0.031749	0.017605	0.035915	0.026553	0.013039	0.001883	0.03763	0.009055	0.028223	0.011772	0.028345	0.020749	0.038541	0.007831	0.001372	0.016991	0.032384	0.008244	0.024649	0.000638	0.033448	0.035252	0.006566	0.018578	0.018782	
0.020394	0.034337	0.036515	0.016384	0.015506	0.00192	0.03475	0.036072	0.027089	0.026167	0.035647	0.032655	0.01982	0.032636	0.021127	0.029361	0.036472	0.008928	0.01149	0.02358	0.007152	0.008637	0.019758	0.025471	0.017633	0.029202	0.003414	0.018437	0.027034	0.000387	0.032119	0.01326	0.022998	0.014048	0.031364	0.005543	0.031898	0.026544	0.028487	0.004477	0.023677	0.000204	0.035088	0.007054	0.015701	0.005042	0.003198	0.006212	0.01354	0.021571	
0.002083	0.034208	0.00273	0.025202	0.022021	0.013345	0.016195	0.023226	0.000759	0.019541	0.027674	0.006488	0.026465	0.035543	0.005184	0.026175	0.010647	0.022287	0.028711	0.021826	0.029083	0.03393	0.030585	0.015968	0.015329	0.004432	0.026638	0.026315	0.014383	0.021638	0.006797	0.025453	0.014838	0.007117	0.014591	0.027618	0.021107	0.03408	0.024068	0.020496	0.023524	0.031222	0.027396	0.033995	0.015046	0.029821	0.028001	0.003307	0.017283	0.005629	
0.002197	0.016661	0.033107	0.011588	0.022558	0.028404	0.013262	0.021158	0.000348	0.02605	0.023798	0.007729	0.032769	0.036961	0.012951	0.02074	0.034334	0.03526	0.027372	0.028157	0.009994	0.036969	0.01514	0.010038	0.02906	0.024188	0.022945	0.005361	0.028488	0.011076	0.023629	0.024968	0.026628	0.034663	0.01134	0.010629	0.001204	0.005519	0.007489	0.019418	0.034671	0.016773	0.018193	0.032447	0.016812	0.023561	0.020393	0.014026	0.003847	0.025127	
0.009327	0.029672	0.016283	0.033532	0.021331	0.023923	0.000966	0.022524	0.000843	0.021387	0.033867	0.017954	0.020793	0.033448	0.026894	0.009828	0.026257	0.025594	0.017831	0.004219	0.031844	0.001344	0.017728	0.027535	0.028024	0.020301	0.024962	0.011432	0.021981	0.007502	0.019209	0.033184	0.001438	0.005331	0.032702	0.029835	0.025302	0.002508	0.028436	0.013814	0.026487	0.016165	0.019199	0.023379	0.006082	0.023083	0.031252	0.023386	0.027392	0.02269	
0.04008	0.036552	0.019123	0.012377	0.033415	0.027589	0.038831	0.019704	0.011639	0.032471	0.036912	0.01695	0.00018	0.018693	0.01621	0.037485	0.01367	0.04008	0.033575	0.013683	0.007282	0.020931	0.007736	0.010379	0.032292	0.020629	0.006267	0.010906	0.029008	0.012021	0.013968	0.015572	0.010858	0.006469	0.013508	0.018458	0.035079	0.02554	0.022638	0.015181	0.023454	0.000902	0.025698	0.013507	0.024598	0.02026	0.016851	0.013988	0.011902	0.014899	
0.037258	0.000651	0.033649	0.026085	0.029497	0.009276	0.001047	0.011577	0.023728	0.03071	0.008716	0.036315	0.030109	0.019904	0.019746	0.009389	0.000877	0.033697	0.005642	0.009006	0.014175	0.038363	0.032486	0.002444	0.02089	0.035333	0.031188	0.012596	0.014971	0.029856	0.006349	0.005463	0.012655	0.025961	0.008289	0.031611	0.006331	0.033236	0.011805	0.034398	0.009746	0.02584	0.037519	0.03054	0.020258	0.002708	0.038241	0.024145	0.000223	0.025501	
0.001167	0.025201	0.033357	0.002884	0.013583	0.034006	0.011414	0.022094	0.03342	0.013484	0.002799	0.020981	0.022603	0.000963	0.015283	0.0029	0.004981	0.037861	0.040605	0.003916	0.005458	0.032489	0.001307	0.02359	0.017887	0.028672	0.020752	0.011389	0.028451	0.029683	0.001525	0.014544	0.0346	0.033845	0.031294	0.025761	0.019714	0.02298	0.002108	0.024993	0.039741	0.005193	0.004413	0.037952	0.039758	0.028433	0.032091	0.007627	0.033975	0.016273	
0.004616	0.007329	0.023564	0.021158	0.027597	0.032301	0.018077	0.030397	0.019185	0.025037	0.015686	0.021013	0.021652	0.033978	0.014817	0.029912	0.012503	0.011166	0.024442	0.015334	0.030306	0.013244	0.024803	0.020121	0.009948	0.035778	0.006162	0.007766	0.017756	0.019743	0.018619	0.005879	0.037539	0.008984	0.034144	0.017297	0.03455	0.011724	0.030853	0.021432	0.009977	0.032879	0.0004	0.014081	0.024826	0.025303	0.022782	0.01307	0.02741	0.01286	
0.033805	0.014537	0.017023	0.035508	0.023159	0.026291	0.024869	0.011998	0.020801	0.002394	0.030407	0.027289	0.00217	0.001166	0.004064	0.008651	0.038767	0.000384	0.040328	0.026092	0.00615	0.019704	0.024872	0.011421	0.026054	0.010818	0.039521	0.026938	0.005732	0.028801	0.041053	0.013715	0.02853	0.027481	0.034982	0.007882	0.00041	0.032785	0.010932	0.026209	0.018722	0.023178	0.027942	0.004043	0.016227	0.001185	0.02086	0.016466	0.025044	0.03264	
0.026325	0.03594	0.002004	0.02955	0.003793	0.035326	0.000371	0.018009	0.025414	0.022716	0.038397	0.021275	0.031418	0.012801	0.018403	0.032497	0.023309	0.024493	0.010003	0.023062	0.000697	0.020557	0.032465	0.018792	0.011851	0.003334	0.019345	0.038192	0.037468	0.035093	0.02407	0.008143	0.023269	0.018127	0.026702	0.018465	0.025588	0.004895	0.010506	0.025248	0.016462	0.011624	0.020871	0.002659	0.011505	0.025927	0.02889	0.010619	0.014879	0.018651	
0.034395	0.032339	0.022582	0.00774	0.034383	0.028436	0.007932	0.038186	0.004179	0.030905	0.010422	0.040271	0.003053	0.006063	0.009674	0.004378	0.010105	0.000512	0.027366	0.010734	0.036835	0.015516	0.041069	0.016097	0.040282	0.010891	0.025278	0.008462	0.014674	0.032036	0.021053	0.001058	0.007619	0.042342	0.017839	0.004542	0.000989	0.005199	0.010902	0.001049	0.003012	0.040162	0.042553	0.005488	0.038613	0.033237	0.023375	0.038567	0.032149	0.025457	
0.028389	0.010384	0.02649	0.013074	0.009872	0.015795	0.002708	0.013107	0.019282	0.011602	0.037549	0.033421	0.023664	0.004959	0.018669	0.035888	0.02337	0.010197	0.025112	0.025022	0.021689	0.027658	0.033704	0.026433	0.034075	0.017316	0.022865	0.00415	0.020364	0.000797	0.026945	0.009345	0.037332	0.025158	0.010502	0.014855	0.037355	0.020322	0.024393	0.004352	0.011062	0.022412	0.023645	0.005286	0.023496	0.02863	0.018397	0.01321	0.010277	0.035421	
0.015911	0.017114	0.017484	0.006599	0.038219	0.015812	0.002677	0.008407	0.038109	0.026903	0.032298	0.024171	0.003983	0.031494	0.009015	0.021522	0.021188	0.021597	0.010698	0.031596	0.023781	0.037144	0.020116	0.009844	0.0152	0.037331	0.022092	0.005146	0.003612	0.009948	0.007382	0.022715	0.03113	0.040521	0.032957	0.000915	0.029805	0.029233	0.002274	0.037518	0.029621	0.002748	0.021125	0.007871	0.027962	0.017189	0.01136	0.030207	0.008175	0.030281	
0.011292	0.018367	0.006512	0.023797	0.030028	0.027933	0.020361	0.014897	0.006637	0.032704	0.027324	0.024341	0.034795	0.008327	0.018146	0.027428	0.029175	0.018345	0.015293	0.01015	0.02036	0.027616	0.006779	0.003715	0.002787	0.016767	0.031373	0.003745	0.034047	0.029331	0.000738	0.036984	0.02799	0.035525	0.008659	0.037031	0.039392	0.010063	0.033054	0.0209	0.022112	0.035318	0.000858	0.030869	0.0024	0.03296	0.007262	0.01764	0.015109	0.002764	
0.013908	0.02767	0.022741	0.016228	0.042108	0.024296	0.025766	0.005564	0.02221	0.017519	0.011746	0.039172	0.033807	0.011794	0.010558	0.005912	0.023648	0.042098	0.012326	0.003724	0.007266	0.033875	0.030463	0.008238	0.005622	0.001641	0.030347	0.023669	0.024776	0.018354	0.024526	0.006563	0.009658	0.010294	0.014451	0.00605	0.009514	0.027633	0.01228	0.024451	0.018838	0.042594	0.035386	0.040282	0.023645	0.014462	0.041045	0.017231	0.021073	0.002978	
0.025088	0.029169	0.000783	0.009444	0.017856	0.00601	0.026607	0.017858	0.028075	0.034132	0.002984	0.023431	0.026098	0.016869	0.019959	0.023778	0.031291	0.011711	0.020342	0.00336	0.02752	0.026264	0.034127	0.017851	0.014215	0.027919	0.000571	0.001607	0.00905	0.023032	0.027978	0.030786	0.009065	0.031131	0.033798	0.016242	0.02339	0.034577	0.020517	0.032631	0.021517	0.016389	0.011002	0.025133	0.01036	0.008685	0.031723	0.021281	0.020982	0.015812	
0.004994	0.035229	0.009726	0.024167	0.035937	0.017054	0.025438	0.019319	0.023776	0.021722	0.009926	0.033865	0.033221	0.003701	0.031987	0.016071	0.02794	0.03279	0.030136	0.010458	0.024477	0.028668	0.026005	0.037436	0.019381	0.020159	0.012492	0.024981	0.009597	0.004306	0.035005	0.028404	0.000526	0.019566	0.00611	0.035826	0.010117	0.010106	0.030815	0.017757	0.031073	0.023118	0.008826	0.017356	6.3e-05	0.009659	0.005055	0.012819	0.0202	0.02264	
0.025068	0.013461	0.020779	0.037522	0.020654	0.01546	0.018007	0.017827	0.023577	0.008463	0.008113	0.0293	0.018026	0.019202	0.00883	0.029394	0.022964	0.034478	0.036075	0.017176	0.007184	0.01332	0.033968	0.016926	0.021744	0.038291	0.040318	0.009685	0.0089	0.002198	0.037189	0.003766	0.006195	0.012805	0.036307	0.027998	0.006029	0.012387	0.018962	0.021681	0.011718	0.022917	0.039061	0.000853	0.024414	0.026545	0.003214	0.037087	0.025977	0.007985	
0.007577	0.00866	0.036345	0.015882	0.013211	0.026201	0.003322	0.027793	0.038159	0.041761	0.010386	0.00059	0.01477	0.0251	0.027109	0.024204	0.037967	0.035973	0.003138	0.038475	0.018873	0.000421	0.027366	0.024113	0.04247	0.008577	0.018398	0.037772	0.004436	0.023352	0.020165	0.005212	0.028273	0.028067	0.014538	0.010335	0.035045	0.030831	0.001764	0.012159	0.005256	0.006044	0.01165	0.042706	0.021122	0.021689	0.004341	0.035494	0.017776	0.005132	
0.02721	0.035184	0.0252	0.027214	0.024137	0.00902	0.011891	0.029303	0.016529	0.030241	0.010275	0.034028	0.023106	0.006208	0.022286	0.030319	0.017639	0.034787	0.034313	0.032753	0.025454	0.031589	0.02988	0.004897	0.025179	0.002427	0.01492	0.027873	0.001939	0.031928	0.022676	0.03482	0.016213	0.0245	0.031182	0.002335	0.001292	0.005036	0.016972	0.005666	0.025093	0.012898	0.001608	0.005872	0.004453	0.031433	0.001921	0.034611	0.035321	0.008369	
0.015205	0.040856	0.009761	0.018843	0.003891	0.018039	0.030519	0.012004	0.006541	0.000653	0.023179	0.018074	0.040104	0.010125	0.017677	0.019912	0.04254	0.023341	0.033366	0.000977	0.013994	0.016766	0.03956	0.003587	0.000257	0.041682	0.037595	0.012639	0.010682	0.028057	0.02651	0.000504	0.03488	0.005353	0.016817	0.02725	0.03745	0.016933	0.00783	0.042257	0.006769	0.024209	0.030432	0.005088	0.030333	0.020333	0.018753	0.020474	0.004904	0.032495	
0.005795	0.010542	0.022478	0.012035	0.04301	0.026545	0.016143	0.002883	0.011963	0.037198	0.016109	0.033663	0.03358	0.005539	0.025528	0.019144	0.036704	0.032992	0.042868	0.026846	0.009368	0.007586	0.003534	0.031435	0.007893	0.035324	0.014959	0.02623	0.004706	0.0216	0.003916	0.011782	0.03645	0.020661	0.03887	0.010754	0.000836	0.041127	0.000889	0.01766	0.006204	0.020371	0.007127	0.009041	0.028964	0.016582	0.006567	0.0455	0.044683	0.007816	
0.63