50
2
-0.142992	-0.555828	0.362037	0.747633	0.760135	0.075751	-0.378942	0.887236	0.843371	0.166107	0.289484	0.842881	-0.259387	0.007268	0.079076	0.155203	0.547778	-0.294515	0.949374	-0.759251	-0.508222	-0.719023	-0.5038	0.286179	0.026645	0.686843	0.546621	-0.91576	-0.212333	-0.042053	-0.018781	0.22643	-0.702186	0.485064	0.442291	-0.675975	0.030152	-0.023379	0.45198	0.351384	-0.048964	-0.708138	-0.447339	-0.756343	0.828845	-0.023068	-0.48974	-0.737474	0.940781	0.408225	
-0.014813	-0.469149	-0.822336	0.295975	0.324588	-0.853521	-0.227916	-0.887816	-0.177345	-0.500137	-0.443999	0.118345	0.00891	0.359898	-0.023741	-0.593967	0.324781	-0.946165	0.76092	0.248014	0.648021	-0.463432	-0.584643	-0.880175	-0.463293	0.214354	-0.562628	-0.408165	-0.852655	0.127445	-0.545636	-0.980629	-0.552518	-0.720396	-0.008055	0.755459	0.424265	0.900425	-0.138325	0.78782	-0.364689	0.116253	0.254373	0.191338	-0.688925	-0.227681	-0.999286	-0.383319	-0.489234	-0.3224	
0.202692	0.773316	0.208282	-0.507239	0.926175	0.984098	0.832855	0.669464	-0.831975	0.98664	-0.264423	0.974465	-0.369302	0.310868	0.187283	-0.654178	0.375004	0.55469	-0.15753	0.544972	-0.24542	-0.279447	0.90464	0.802867	0.862019	-0.305493	-0.136663	0.918583	0.632334	0.523878	0.209324	0.120278	0.500609	0.217723	-0.730749	0.574962	0.759901	-0.926477	0.21149	0.147511	-0.54464	-0.767534	0.063608	0.069446	0.847701	-0.716634	-0.809812	-0.422353	0.571899	0.825333	
-0.837248	0.346483	0.805915	0.830655	-0.017091	0.366034	0.661293	-0.976949	-0.222853	-0.761604	0.832779	-0.84409	0.583481	0.257467	0.061218	0.080018	0.302058	-0.71744	0.121749	0.525887	-0.915487	-0.532311	-0.811174	-0.727203	-0.931138	0.501505	-0.642311	0.698007	-0.681326	-0.022495	0.010395	0.62948	0.066905	-0.384511	-0.021198	0.276286	0.072746	0.844064	0.394725	-0.080535	0.332224	0.647201	0.744354	0.366643	0.343455	0.616832	-0.991275	-0.383127	0.143757	0.017022	
-0.950404	-0.629586	0.311889	0.617584	-0.194606	0.384338	-0.328204	-0.749568	0.341338	0.963796	0.889977	-0.806222	-0.22631	0.85957	0.139107	-0.133028	0.49589	0.798543	0.487883	-0.004554	-0.828833	0.584045	-0.94023	0.463597	0.961044	-0.529883	0.386188	-0.371742	0.411085	-0.153926	-0.925637	0.13383	0.200312	-0.370721	0.578207	-0.636219	0.946837	0.19742	-0.503104	-0.546221	0.105458	0.026489	0.060983	0.66756	-0.096077	0.427255	-0.474	0.819657	-0.91115	0.839136	
-0.325833	-0.779412	0.857705	0.229213	0.23591	-0.008911	0.23962	0.752074	-0.413125	-0.530636	0.889886	-0.76543	0.582757	-0.043944	0.821	-0.092229	0.436219	-0.923416	-0.929165	0.423114	-0.689283	0.40979	-0.217144	-0.960371	0.938703	-0.91687	0.942831	-0.002014	-0.300496	-0.970976	0.366976	0.683967	-0.827613	0.810695	-0.222806	-0.106503	-0.807063	0.858954	0.350102	0.087737	0.948458	-0.007928	0.97789	-0.846288	0.318388	-0.718773	0.912669	-0.060538	-0.742352	0.706253	
-0.136415	-0.849649	-0.2563	-0.421956	0.527506	-0.367299	0.534351	0.764088	-0.645009	0.454064	-0.632135	-0.113609	0.758248	-0.995532	-0.140469	-0.417699	0.411291	0.227016	0.970807	-0.946115	-0.232823	0.992659	-0.059261	-0.653216	-0.778275	-0.27787	-0.5554	0.158529	-0.864636	0.75041	-0.380971	-0.207767	-0.322681	-0.139264	0.098749	0.873641	0.238461	-0.7846	0.784129	0.046623	0.214645	-0.797221	-0.535861	-0.58024	-0.615526	0.980661	-0.519739	-0.683969	-0.998915	0.881652	
-0.294432	0.983392	-0.035975	-0.460868	0.164953	-0.262096	-0.019751	0.250311	-0.178493	-0.984182	-0.081767	0.681939	0.878728	-0.566177	0.332997	0.60825	0.837094	-0.198665	-0.957313	-0.946995	0.273727	0.673721	-0.696515	-0.741937	-0.359502	0.49339	0.077533	-0.017619	0.239172	-0.620658	0.455117	0.466672	0.608947	0.43763	-0.100829	-0.186029	-0.184638	0.466867	0.085632	-0.480879	-0.705436	0.326825	0.398724	-0.693893	0.374537	-0.297763	-0.48712	0.87828	0.278887	-0.928947	
-0.234912	-0.581378	-0.838446	-0.728476	-0.937182	-0.333481	-0.86344	-0.687742	-0.752437	0.190707	-0.350094	-0.414813	0.059908	-0.673128	-0.896113	0.44128	-0.349717	0.247999	-0.645422	0.476117	0.561603	0.985137	0.586295	0.949763	0.523349	0.571254	0.663947	-0.787984	-0.820534	0.630624	-0.424909	-0.691474	-0.353077	0.613641	-0.39272	0.618487	0.03578	-0.552512	-0.085436	-0.286797	-0.937446	0.342876	-0.583708	-0.674095	-0.654828	0.346404	-0.009393	-0.542942	-0.012219	-0.537562	
-0.135945	-0.980299	-0.083428	-0.95036	-0.061668	0.333398	-0.606833	0.814151	-0.023616	-0.744195	-0.155379	-0.192429	-0.258286	0.654964	0.855391	0.203077	-0.7692	-0.804024	0.428348	-0.694424	-0.52213	0.29974	-0.721481	-0.001477	-0.803928	0.76606	-0.957511	0.252437	-0.05902	-0.45467	0.147529	0.275228	0.224467	0.142918	0.546421	-0.666285	-0.162354	0.546654	0.977243	0.466639	0.387004	-0.399901	-0.987456	0.534614	0.553319	-0.195974	-0.820308	-0.736619	-0.014501	0.647343	
0.803078	0.69351	0.060113	0.243469	-0.090708	0.001763	0.240054	-0.131061	0.185253	0.110302	0.075526	-0.989223	0.732672	-0.666477	0.640699	0.310557	0.6905	0.502404	-0.930703	0.324314	0.107751	0.35168	0.315744	-0.915018	-0.22826	-0.241184	0.222947	-0.240534	-0.24042	0.763266	0.617763	0.361031	0.384927	-0.113147	0.039873	-0.169239	0.591443	-0.882708	0.090069	0.349084	0.734629	-0.462267	0.525746	-0.625688	0.075709	-0.641278	-0.811139	0.069883	0.046712	0.822107	
0.626287	0.606374	-0.965156	-0.295987	0.439203	-0.958584	-0.109951	-0.899471	-0.69169	-0.988355	-0.98346	0.734817	-0.780583	0.961487	0.744058	0.079865	-0.735047	0.238144	-0.741527	-0.785503	0.484282	0.512176	-0.599298	0.987904	-0.259328	-0.631101	0.128514	0.208664	0.430727	-0.87478	-0.245817	0.187509	0.582183	0.514699	-0.533542	-0.3099	-0.202754	-0.715019	0.443217	-0.640935	-0.600389	-0.287045	-0.058458	-0.531126	-0.934089	0.248716	0.908125	0.898169	-0.161729	-0.180861	
0.269458	-0.69453	-0.22218	0.28618	-0.74556	-0.534207	0.730831	-0.337187	0.238183	0.136474	0.75654	0.731642	0.163787	0.347024	0.300155	0.617892	-0.459833	0.426498	0.349752	0.716635	-0.445641	-0.868566	0.448119	-0.969825	0.830094	-0.319949	-0.634016	-0.022029	0.923348	-0.410446	0.850817	-0.309812	-0.628772	-0.99785	0.17019	0.950992	-0.742489	-0.580549	0.123456	0.914223	0.558597	-0.270862	-0.732971	-0.898528	-0.762249	0.814185	-0.445407	0.363976	0.593383	-0.619408	
-0.669992	-0.047959	0.58523	-0.672915	0.733559	-0.143576	-0.207808	0.199397	0.067141	-0.799305	0.469488	-0.691563	-0.213526	-0.370647	-0.424233	-0.056332	0.184486	0.482135	-0.145948	0.543296	0.531138	-0.141703	-0.886539	0.690085	-0.246413	-0.303308	0.730567	-0.470015	0.144006	0.977064	0.283912	0.226039	-0.677993	-0.820713	0.442084	0.503384	0.453843	-0.138615	-0.194014	0.171816	-0.688881	-0.111628	-0.701813	0.932141	0.849295	-0.598519	-0.823675	-0.757578	0.311246	0.120189	
0.039703	-0.711558	0.455733	-0.566255	-0.933714	0.316494	0.556177	0.380811	-0.52582	-0.120593	0.206116	0.305723	0.210001	-0.52966	0.226885	0.978815	-0.696981	0.238331	-0.458112	0.816741	0.877339	-0.903276	0.261738	0.196212	-0.064095	0.736772	0.416019	-0.634643	0.413552	-0.197756	-0.074639	-0.511158	0.392649	0.360215	0.905208	0.003528	0.582512	-0.260587	-0.367565	-0.339788	0.860049	0.536689	-0.948231	0.105119	0.951142	0.39017	-0.317129	0.24697	-0.390454	-0.188383	
0.671089	-0.813294	-0.486115	0.897401	-0.236477	0.287002	-0.281002	-0.837033	0.15641	0.842232	-0.417392	0.89841	-0.513735	0.208218	0.690891	-0.336005	-0.653175	0.163537	0.758235	-0.008032	-0.522036	0.578819	-0.761798	-0.664998	0.782909	-0.086789	0.189763	-0.394253	0.580464	0.470976	-0.263028	0.243352	-0.193162	0.815831	0.614181	-0.289782	-0.941149	0.947443	-0.06355	0.053614	-0.549485	-0.669418	0.203867	-0.063096	0.704322	0.320345	0.440441	0.733091	0.12473	-0.640416	
-0.567197	-0.072089	-0.05524	-0.352	-0.568184	0.543076	-0.029543	0.441419	0.196789	0.670588	0.596138	-0.485483	0.45331	0.194757	-0.119558	-0.2212	-0.953542	0.446632	0.280957	0.281989	0.134683	-0.32168	0.840701	0.16876	-0.272608	0.23914	0.564179	0.999591	-0.387051	0.889889	0.01333	-0.52564	0.038628	-0.50691	-0.31377	0.239556	-0.306654	0.448266	-0.11581	0.507871	-0.557975	0.671466	-0.35285	0.288274	0.759552	-0.510575	0.563865	0.542414	0.84343	0.079355	
0.186241	-0.669215	0.154992	-0.924906	0.679551	0.825344	0.443245	-0.370427	0.785849	-0.269757	-0.648766	0.84386	-0.668847	-0.344085	-0.693557	-0.065724	0.02952	-0.357475	0.854603	-0.085654	-0.981706	0.037871	-0.354839	0.977893	0.766718	0.054535	-0.74652	0.65159	-0.076406	-0.95053	0.031812	-0.52609	0.884687	0.207286	0.474778	-0.238127	0.181461	0.749444	-0.856951	-0.555367	0.791179	0.608911	0.66826	-0.697019	-0.896063	-0.184352	0.957523	-0.116855	-0.263008	0.472387	
-0.235768	-0.297622	0.547653	-0.159497	0.548491	-0.217468	0.726955	-0.125128	-0.603242	-0.751112	0.180076	-0.964878	-0.138124	0.835983	0.489018	-0.693424	0.211385	-0.143943	-0.742707	-0.572657	-0.741123	0.931414	-0.006319	0.782678	-0.489516	0.908021	0.46306	0.277298	0.364078	-0.263744	0.526364	0.159057	-0.750309	-0.976495	-0.335661	0.101815	0.747223	-0.333684	0.331622	0.732125	-0.510958	0.18272	-0.884764	0.5396	0.030648	0.975357	0.818992	-0.887824	0.126814	0.472165	
0.242792	-0.618864	0.011148	0.833971	-0.527491	0.401369	0.503761	-0.382506	-0.326552	0.967467	-0.400675	0.349366	-0.929588	-0.507749	-0.515201	0.190059	-0.905213	0.938523	0.076843	0.785778	-0.050534	0.036503	0.856419	0.445996	0.441881	-0.196287	-0.880344	0.140084	-0.138694	0.449239	0.671929	0.102356	0.512281	-0.078731	-0.016213	-0.92573	-0.351099	-0.483748	0.472956	-0.972061	-0.376135	0.47768	-0.466045	0.629355	0.721253	0.031041	-0.826542	0.586158	-0.713071	-0.489079	
-0.703751	0.545855	0.927464	-0.706746	0.008903	-0.805177	-0.770872	-0.588134	-0.074216	0.686041	-0.374922	-0.093263	-0.841064	0.515512	-0.843265	-0.221196	0.441069	0.978208	-0.032501	-0.952738	0.146021	-0.547258	0.234414	0.865944	-0.40496	0.025818	-0.383236	-0.945158	-0.060952	0.388258	0.8792	0.377347	-0.875077	-0.46946	-0.980908	-0.191277	0.065983	-0.462056	0.372893	0.060427	0.607606	-0.406481	-0.835976	0.911624	0.406682	0.029262	-0.733021	-0.033898	0.081196	-0.448924	
0.965062	-0.156409	-0.321866	0.599446	0.911915	0.561714	-0.322214	-0.690624	-0.225183	0.948406	0.015593	0.786195	0.203453	0.737	0.225398	0.775308	0.853972	0.801433	-0.838706	0.839756	0.212328	0.801812	-0.143846	0.92916	0.538472	0.048439	-0.563505	0.342392	-0.065787	-0.995683	-0.457392	-0.499948	-0.88284	0.985802	-0.258124	0.511388	-0.426889	0.38238	0.739527	-0.376545	0.228794	0.400694	0.426154	0.193379	-0.783398	-0.09818	-0.686511	-0.28215	-0.778387	-0.089226	
0.252272	-0.849885	-0.246381	-0.953368	0.957266	-0.895264	0.93257	0.805449	-0.988188	0.161272	-0.707427	0.783235	0.050774	-0.095604	0.862602	-0.745682	0.447406	-0.635073	-0.024913	0.389887	-0.994404	-0.593608	0.148257	0.221171	-0.965652	-0.860014	-0.04014	0.402536	-0.49039	0.548419	-0.810293	0.428503	-0.008969	-0.866439	0.53439	-0.328662	-0.328395	0.27475	-0.983206	0.02179	0.221183	0.801819	-0.686938	-0.206225	0.409744	-0.064814	0.450447	-0.844185	-0.552931	-0.537503	
0.753878	0.034349	0.644949	-0.233402	0.731268	0.734699	-0.89725	0.843125	-0.671026	0.951053	-0.190026	-0.531545	-0.767049	-0.748134	0.340803	-0.304725	-0.060495	-0.355467	0.687665	0.6747	-0.217015	-0.546093	0.736489	-0.580769	-0.639841	-0.650292	0.880652	-0.730915	-0.601536	-0.329476	-0.700762	-0.857717	-0.40087	0.788689	-0.860458	-0.016518	-0.824663	0.172869	-0.888179	-0.464366	0.859381	0.991103	0.100112	-0.261808	-0.62985	0.893455	0.455662	-0.836422	0.968894	0.048172	
0.458668	0.484919	0.675001	-0.908874	0.032472	0.112885	-0.786059	-0.790846	0.813082	-0.935751	0.945496	0.630259	-0.000205	0.062754	-0.730824	-0.731218	0.696103	-0.394931	0.161011	-0.447863	-0.619442	-0.366397	0.326768	-0.899896	-0.859981	0.311547	-0.996471	0.305383	0.962495	-0.346065	-0.946234	0.506205	0.642477	0.567816	-0.479872	0.365197	-0.757972	0.76364	-0.670238	-0.310439	-0.737272	0.230513	0.252108	-0.832916	0.998965	-0.777939	0.234219	-0.905644	-0.564239	0.862029	
-0.464043	0.627081	-0.529369	-0.190668	-0.006072	0.412014	-0.885389	-0.97148	-0.381644	0.464136	-0.10587	0.9972	0.146233	0.931889	0.989288	0.146014	0.253542	0.923545	0.4946	-0.325262	-0.208508	-0.828874	-0.813294	-0.818745	-0.343349	-0.286831	-0.381736	0.14134	-0.940869	-0.957111	0.190217	0.002883	-0.549963	0.317681	0.104123	0.097116	0.07427	-0.848978	-0.120148	0.620433	0.26363	-0.042591	0.894385	-0.68961	-0.92504	0.555124	-0.897875	0.44698	-0.087466	-0.180703	
-0.74891	0.261126	-0.776721	-0.248016	0.051075	0.795976	0.84754	0.087832	0.987274	0.387607	-0.431138	-0.033196	-0.054602	0.547634	0.325755	-0.225445	0.11904	0.162305	-0.887263	0.479089	-0.364328	0.344833	-0.632857	-0.38449	0.873795	-0.457435	0.45194	-0.432073	0.691022	-0.974984	-0.592651	0.636934	0.412167	-0.397127	-0.351274	-0.453114	-0.700418	0.932184	-0.630681	-0.976526	-0.247061	-0.623511	0.912047	0.702077	0.530388	-0.756949	0.456628	0.098468	0.711821	-0.990969	
-0.247719	0.6649	-0.13531	0.232776	-0.25571	0.49305	-0.732197	-0.275576	-0.025042	0.796243	0.72103	-0.626435	0.479229	0.627941	-0.490195	0.149785	-0.743163	0.492965	-0.299564	-0.653529	-0.625707	-0.833099	0.422295	0.737447	-0.953249	-0.381168	0.222043	-0.48105	-0.803438	0.067044	0.852963	0.706008	0.174111	-0.102675	-0.814255	-0.077271	0.35932	0.963383	0.706955	0.544648	-0.37779	0.278863	0.136552	-0.023571	-0.805682	0.351667	0.195094	-0.316977	-0.992568	-0.094829	
0.009856	0.14681	-0.996718	0.244247	-0.698584	-0.23867	0.445132	0.955629	0.138655	0.427853	-0.549102	0.105958	0.33702	-0.691195	-0.408188	-0.784313	0.808421	0.03977	-0.058166	-0.771306	-0.259258	0.476582	-0.824906	-0.142472	0.681659	-0.155688	0.863231	-0.766173	0.803182	-0.860545	0.197996	0.765016	0.150396	0.46026	-0.499148	-0.174349	-0.634011	0.433091	0.8469	-0.984175	-0.724445	0.346305	-0.5486	-0.37811	-0.394702	-0.88982	0.974325	0.247198	-0.344829	0.007906	
0.833464	-0.5663	-0.097686	-0.3804	0.09069	0.1236	-0.672125	0.78333	0.167113	0.267534	0.691361	0.324949	0.581572	0.109413	-0.597132	0.051222	0.137038	-0.240586	-0.657485	0.711852	-0.505021	0.081137	0.43535	-0.907588	0.613417	0.891686	-0.710832	-0.749455	-0.249309	-0.425449	0.039738	-0.344773	-0.07549	0.148671	0.52887	-0.904564	0.177675	0.344347	-0.501448	0.179314	-0.813247	0.627437	-0.448055	-0.512629	0.75773	0.432181	0.606156	0.379489	0.17108	-0.64503	
-0.630553	0.113625	0.244523	-0.17353	-0.910275	0.405339	0.544434	-0.303557	0.922363	0.550167	-0.643355	0.027555	0.603339	-0.46859	0.527974	0.254642	0.688242	0.247071	-0.194073	0.216613	0.926127	0.531442	-0.082483	-0.845897	0.130329	0.959869	-0.482693	-0.183912	0.493397	-0.53343	0.091991	-0.179254	-0.764981	0.962452	0.027646	-0.407847	0.140706	-0.36142	0.621757	0.291009	0.142753	-0.543571	-0.001502	0.225077	0.675774	-0.960525	0.513616	0.678236	0.281402	0.349022	
-0.40084	0.911973	-0.756684	-0.836594	0.192993	-0.683778	-0.505838	-0.588386	0.787584	0.343489	-0.688506	0.345991	-0.34644	0.974264	0.162746	0.370458	0.897513	-0.950001	-0.192115	-0.404339	0.087641	-0.889047	0.374187	-0.122778	-0.398255	0.002996	0.646438	-0.754807	0.243972	-0.807277	0.127924	-0.646275	0.334395	0.655336	0.616259	-0.290774	-0.573693	-0.053783	0.877079	-0.789149	0.769332	-0.661334	-0.712226	0.305273	0.256018	-0.03624	-0.811182	-0.468399	-0.975576	0.311004	
-0.999167	0.735344	-0.443616	0.41781	-0.582857	-0.046527	0.987766	0.861834	-0.184886	-0.466631	0.70248	0.321745	-0.668632	-0.994119	0.18614	-0.028454	-0.914723	-0.015456	-0.26642	0.387388	0.137091	0.750893	0.295838	0.899021	0.903374	-0.811652	-0.471416	-0.869852	0.114006	0.392881	-0.153614	-0.942891	0.057243	-0.549238	-0.36054	-0.981908	0.556098	-0.467484	0.956511	-0.163499	0.688505	0.479433	0.431027	-0.709358	0.57682	0.96611	0.026625	0.501008	0.064544	-0.452029	
-0.800342	0.131695	-0.54172	0.754859	-0.502002	-0.736036	0.122541	0.238902	-0.213006	0.829925	-0.18316	-0.127355	0.497102	-0.637829	-0.478447	0.214089	-0.467076	0.673419	0.408593	-0.218387	-0.329559	0.319944	0.499625	-0.03697	0.216546	0.352625	-0.582961	-0.410441	-0.895874	-0.68239	-0.245722	0.540885	-0.539701	0.852387	-0.219192	0.230419	0.340203	-0.477385	0.159797	0.177468	-0.738066	-0.178223	-0.505737	-0.221538	-0.202062	0.733824	0.714235	0.499638	-0.611625	-0.547884	
-0.782751	-0.264922	-0.783242	-0.00915	-0.51951	0.014558	0.881863	0.886706	-0.062485	-0.844126	-0.962237	0.496542	-0.515814	0.681161	0.015195	0.653884	0.406105	-0.427813	0.300682	0.367671	0.366523	0.230862	0.078818	-0.305322	0.675421	-0.226937	-0.233493	-0.654635	0.694796	0.333688	0.54896	0.521932	-0.391665	-0.650813	-0.633847	-0.656281	-0.824279	0.158495	0.048369	0.492479	-0.266549	-0.096216	-0.802241	-0.189028	0.741841	-0.267921	-0.575812	0.967612	-0.799045	-0.024872	
-0.77656	-0.870976	0.477113	0.025046	-0.555594	0.332657	-0.807053	-0.657867	0.980768	-0.386037	-0.16075	-0.046973	0.113528	0.927996	-0.962761	0.264609	0.98334	0.069811	-0.794958	0.69689	-0.345067	-0.358375	-0.943831	0.212743	0.918892	0.346566	-0.347631	0.530754	0.16381	-0.714285	-0.537933	0.573326	0.823435	-0.61214	-0.901023	0.316172	-0.895254	0.494114	0.654214	0.298554	-0.33361	0.578278	-0.574647	0.126903	0.423822	-0.7243	-0.128732	-0.779928	-0.434473	-0.50207	
-0.371307	0.930754	0.166239	-0.501141	-0.930314	0.995718	0.081909	-0.159072	-0.431725	0.748253	0.167264	-0.634499	-0.948575	-0.96377	-0.398163	-0.095288	0.79799	-0.654386	0.487424	0.420004	-0.298476	-0.097863	-0.201754	0.842718	0.347043	-0.08685	-0.589797	0.209029	-0.607234	0.430351	0.239476	-0.445612	0.736741	-0.590461	-0.959908	-0.032901	0.216415	-0.164459	-0.627197	-0.18864	-0.471426	-0.654081	-0.523512	-0.813185	-0.487511	0.469696	0.423659	-0.639096	-0.442082	-0.130513	
0.482116	-0.431513	-0.391964	-0.709868	0.323948	-0.778736	0.345534	-0.402344	0.002711	-0.564926	0.157161	0.348155	-0.687638	-0.698714	-0.68309	0.026455	-0.087837	0.775639	0.594605	0.26004	0.908882	0.60646	0.065006	-0.240009	0.140795	-0.679882	0.783052	0.28425	0.022583	0.442433	0.730731	0.125301	0.187838	-0.932	0.649149	0.768493	0.965009	-0.697217	0.21571	-0.880122	0.00347	-0.631686	0.714011	-0.701669	-0.17177	-0.313207	-0.343515	0.53864	0.005192	0.24668	
-0.42072	0.342747	-0.008698	0.606084	0.614886	0.648435	-0.650863	-0.89978	0.508643	-0.933152	-0.952765	0.386727	0.771531	0.666343	0.703192	0.035629	-0.69319	0.247627	0.707515	0.373311	-0.311225	-0.629657	0.049226	0.088629	-0.127922	0.103789	0.455148	0.683253	0.376649	-0.04838	-0.569178	-0.884251	0.848595	-0.675948	-0.303218	-0.713582	0.528225	0.05704	-0.348147	-0.797939	0.95808	0.597675	-0.134929	0.598703	0.281976	-0.995973	0.538003	0.11291	0.123101	-0.80055	
-0.460125	0.120336	-0.127919	0.395984	0.544071	0.242719	0.28855	-0.184832	-0.754163	0.245328	-0.686523	-0.425645	0.916217	-0.151425	-0.296781	-0.865879	0.348083	-0.931388	0.115189	0.853673	0.125151	0.319176	0.548326	-0.830171	0.857258	0.184198	-0.605088	0.245939	-0.967863	0.767176	-0.101617	0.460463	-0.803284	-0.296018	0.936968	0.551257	-0.275701	-0.012512	0.287246	-0.816271	0.913995	-0.269897	0.742918	0.835289	-0.037851	-0.554582	0.872978	0.507364	-0.258919	-0.63441	
-0.514061	0.579435	-0.030342	-0.674373	0.342368	0.809468	0.64011	0.239745	0.823219	-0.933687	-0.51822	0.965992	-0.727204	0.151331	0.243351	0.772277	-0.84741	0.263889	0.889779	0.436491	0.376824	-0.834235	0.063942	-0.606672	-0.13142	-0.5165	0.28524	0.480335	-0.939795	0.079539	0.722862	0.247079	-0.06567	0.28687	-0.236677	-0.505541	0.943177	-0.972175	0.234822	0.191351	-0.335497	0.143006	-0.917133	-0.044037	0.767543	-0.480726	-0.950286	-0.705537	-0.872751	-0.224894	
0.2552	-0.131287	0.038432	-0.269661	0.364211	0.946009	-0.42013	-0.624292	0.253203	0.324882	-0.710429	-0.87852	-0.289717	0.441608	0.432524	0.284103	0.701463	-0.695083	0.563681	-0.075579	0.049835	-0.840986	-0.714651	0.658318	-0.360762	0.269498	-0.030875	-0.49766	-0.885569	0.77711	0.025891	0.866835	-0.814828	0.343332	-0.603729	-0.412796	-0.951355	0.990151	-0.159578	0.133324	-0.96951	0.418751	0.53451	-0.729	-0.558077	-0.35465	0.238978	0.66308	-0.078014	-0.753459	
-0.623072	-0.960217	0.759159	-0.478821	0.625019	0.907823	-0.113313	0.04655	-0.147622	-0.173357	-0.765202	0.043348	0.349901	0.398042	0.718744	0.846657	0.588122	-0.220526	-0.611274	0.049478	0.811151	0.774933	0.741381	0.817622	-0.741325	0.548862	-0.217266	0.383505	0.155059	-0.9312	0.229482	-0.976988	-0.737336	-0.824442	0.392764	0.78311	-0.03206	-0.500483	0.137566	-0.605249	-0.106049	-0.990991	-0.685047	0.756544	0.969359	-0.423251	-0.918863	-0.535655	-0.860997	-0.629925	
0.218822	-0.570151	-0.950992	0.986733	0.451699	0.427722	-0.116004	-0.550223	-0.327906	0.29019	-0.35238	0.311728	0.109851	-0.750627	-0.568836	0.150342	-0.709614	-0.34703	-0.274234	0.349191	0.394272	-0.341613	0.094915	0.630641	0.182316	-0.200513	0.831291	0.801649	0.861819	0.240121	-0.878737	0.537993	-0.101858	-0.43711	-0.180216	0.148697	-0.694229	-0.484583	-0.787324	-0.579411	-0.242803	0.709839	-0.967534	-0.25976	0.593837	0.206523	-0.523577	-0.792009	0.508851	0.696926	
0.432239	-0.275627	0.127514	0.061902	0.659158	-0.57678	-0.95321	0.496441	-0.643739	-0.252267	-0.306528	0.738476	-0.512957	-0.076247	0.884237	-0.533725	0.341036	0.813029	-0.368352	-0.040196	0.60353	-0.671556	-0.31336	0.84466	-0.720723	-0.448942	-0.933714	0.125897	0.682029	-0.705349	0.708829	-0.347725	-0.012533	-0.536392	-0.144031	-0.051331	-0.755239	-0.075654	-0.879394	0.745767	-0.778486	-0.608421	0.760958	0.120062	-0.334158	0.470987	-0.739135	0.534481	-0.86262	-0.807325	
0.884598	-0.054594	0.470696	-0.609461	0.368774	-0.869371	-0.022542	0.785783	0.056487	-0.713001	-0.991637	0.152451	-0.261064	0.391888	0.521397	0.883072	0.593921	0.29326	-0.266397	-0.185784	-0.878364	-0.815483	0.184391	-0.904968	0.848818	-0.964241	-0.779307	0.986531	-0.872549	-0.723336	-0.148477	-0.921432	0.035702	0.959351	0.979132	0.815856	-0.819575	-0.003808	-0.349086	0.610429	-0.2646	-0.620739	-0.642948	-0.411128	0.892321	-0.158296	0.564094	-0.450862	0.041192	-0.06663	
-0.163443	0.781876	-0.659489	-0.884811	-0.779593	0.363093	0.476261	0.719271	-0.440124	0.098546	0.357334	0.347668	0.712202	0.388049	0.730865	0.638469	-0.700948	-0.15974	-0.307224	0.08278	0.153376	0.278992	-0.638101	0.682662	-0.015329	0.007245	0.219454	-0.877203	0.590011	-0.733774	0.760154	-0.698434	0.242535	0.866662	-0.267891	0.384405	-0.403215	0.656932	0.032362	-0.339656	-0.544895	-0.942862	0.407979	-0.344506	0.091371	0.566898	-0.386643	0.835183	0.333902	0.351339	
0.789366	0.340895	0.613487	0.327364	0.44555	0.595751	-0.987885	-0.435348	0.103135	0.508331	0.095869	-0.177801	-0.484362	0.132598	0.500872	-0.029245	0.111519	-0.694094	0.020788	0.361778	0.654307	-0.529381	-0.195451	-0.843214	0.726806	-0.33531	0.489233	0.58477	-0.214119	0.037333	-0.946284	0.288609	0.553659	0.012377	0.756388	-0.175126	0.892155	-0.262193	0.025927	0.978084	-0.67282	0.100989	0.299326	0.733304	-0.895419	-0.953381	-0.702778	0.409455	-0.401005	-0.384552	
0.409023	-0.576225	0.099157	0.483381	-0.852001	0.210175	0.689653	-0.780865	0.40276	-0.797584	-0.132927	-0.58034	0.468868	0.867165	-0.391366	0.72308	0.43344	0.540728	0.732766	-0.44636	0.640514	-0.383685	-0.485039	-0.133805	0.166776	-0.509256	0.933514	0.309533	0.099885	-0.685238	-0.41391	-0.666673	-0.379098	-0.925628	0.498974	-0.152742	0.946025	-0.150998	-0.624723	-0.5594	0.064071	-0.98675	0.492025	0.914611	0.92257	-0.454957	-0.532949	0.073115	0.876208	-0.247186	
-0.647571	-0.460491	-0.590143	-0.316227	-0.159848	-0.049156	-0.193857	-0.222316	-0.436718	-0.214243	0.119584	-0.651957	0.421041	-0.554771	-0.442043	-0.079111	0.268856	0.964696	0.692378	-0.241289	0.79469	0.630723	-0.299936	0.971024	-0.065429	0.094117	-0.134213	-0.203959	-0.157979	0.389497	0.166572	-0.214499	0.118922	0.540154	0.093647	-0.503186	0.106015	0.039076	-0.573232	0.969082	0.941482	0.548743	0.763377	0.731325	-0.32027	0.034937	-0.359428	0.400797	0.429065	0.443032	
0.063115	-0.506358	0.559678	0.487112	0.528268	0.913786	-0.469463	-0.496714	0.849359	-0.186691	0.940183	0.619009	0.648435	-0.287886	-0.677931	0.312542	0.689101	0.965643	0.141836	0.876334	-0.582474	0.411073	-0.466783	-0.580788	-0.407145	0.119598	0.6328	0.163125	0.21028	-0.431612	-0.981262	-0.360204	0.61716	-0.716643	0.110789	0.38141	0.293167	-0.626404	0.372405	-0.139102	0.610315	0.872363	0.458793	-0.65671	-0.32104	0.138207	0.147821	0.442514	-0.706152	-0.638355	
0.698868	-0.352296	0.657099	-0.139543	0.859307	-0.887057	0.972639	0.197759	0.833828	-0.999392	-0.684389	-0.871888	0.707289	0.685885	-0.452507	0.178691	-0.927112	0.133154	0.549599	-0.571564	-0.764747	-0.433624	-0.408218	0.749319	-0.278208	0.61638	0.133669	-0.637173	-0.714941	0.968325	0.371018	-0.714858	-0.587912	0.049754	0.262373	-0.933278	-0.676118	0.995375	0.559648	0.832298	-0.506775	0.079289	0.577754	0.921463	0.644109	-0.222398	0.816858	-0.104581	-0.649702	-0.767963	
-0.507447	0.358702	0.850572	-0.495236	0.957497	0.965984	0.645907	-0.012367	0.252542	-0.995198	-0.510964	-0.737093	-0.051051	-0.724517	-0.969401	-0.585197	0.881772	0.028757	-0.550986	0.311544	0.097241	-0.390354	0.556911	0.085373	-0.924254	0.4939	0.750415	0.289391	0.536491	-0.441253	-0.137927	0.571842	0.506836	0.962676	0.988925	-0.391267	-0.044513	-0.670393	-0.981024	0.077205	0.071733	-0.840447	0.739901	-0.773898	0.279118	-0.252596	-0.367688	0.487822	-0.690952	-0.208243	
0.163062	-0.5928	0.107064	-0.799469	-0.667725	0.490092	-0.844656	0.594337	-0.539429	0.869228	0.4818	-0.171165	0.739221	0.097635	-0.464079	-0.016731	0.61898	0.209007	-0.272131	-0.799133	0.306818	-0.728642	0.554304	0.308952	0.582136	-0.700075	-0.057556	0.13647	0.496202	-0.471003	-0.285931	0.452973	0.453476	0.146077	-0.521583	0.034664	-0.571165	0.023443	-0.170381	-0.684031	0.830142	0.899544	0.043015	-0.398789	0.813167	0.044673	-0.187154	0.580332	0.12286	-0.708468	
-0.597112	-0.266915	-0.225382	0.028439	0.891374	0.995463	0.470224	0.07672	-0.95666	0.804814	0.438648	-0.964231	-0.198738	0.124731	-0.222148	-0.290264	-0.311644	0.519829	-0.926431	0.758344	-0.473402	-0.101608	-0.203596	0.428102	-0.135778	0.954425	0.280479	-0.389101	0.659398	0.040989	-0.095259	0.659201	-0.126181	-0.086555	-0.621781	0.821699	-0.212346	0.533389	-0.992651	-0.784874	0.767785	-0.520122	-0.76058	0.653154	0.878543	-0.873604	0.024407	-0.982006	0.98565	0.61737	
-0.30351	0.034743	0.467778	-0.869392	-0.194071	-0.204684	0.790893	0.783924	-0.648974	0.304446	0.094007	0.955345	0.448954	-0.52916	-0.708629	-0.415191	-0.219188	0.088302	-0.209973	0.128212	-0.56651	-0.299293	-0.272938	0.243946	-0.314989	-0.623232	0.772846	0.298341	-0.545814	0.033498	0.174236	0.077655	-0.071492	-0.435736	0.713105	0.096442	-0.680505	-0.625299	-0.654564	0.528806	0.883194	0.606815	0.846268	0.534049	0.570805	-0.241336	0.814669	-0.746688	0.420732	0.991379	
-0.931013	-0.400562	0.410844	-0.568608	0.248887	0.194313	0.819065	0.562535	-0.387491	-0.196081	0.709322	-0.400195	0.491183	-0.0017	0.5202	0.91819	-0.303298	-0.921426	-0.574391	0.17457	-0.99628	0.988683	0.548147	0.863927	0.070343	0.355298	-0.93207	-0.316652	0.795311	-0.892999	-0.188224	0.289101	-0.729717	-0.462691	-0.544646	-0.720379	-0.199992	0.542669	0.866294	0.376854	-0.678587	-0.946188	-0.393061	-0.375967	-0.304642	-0.992807	-0.951259	-0.822294	-0.646369	0.418292	
-0.261629	0.015697	0.793604	-0.623761	0.982381	-0.153266	-0.832337	0.10302	0.255445	0.063503	-0.212398	0.40147	-0.408181	-0.167854	0.674734	0.006368	-0.615543	-0.422714	0.939845	0.95327	0.576804	-0.070353	-0.905769	-0.515328	0.097088	0.205541	0.174072	0.487898	0.600832	0.892345	-0.445942	0.90981	0.69063	-0.095425	-0.265885	-0.004067	0.779658	-0.944612	0.328273	0.538215	-0.650182	0.092105	0.008368	-0.540292	-0.240366	0.235609	-0.662313	0.45624	0.388545	-0.416759	
0.058465	0.370528	0.606703	0.354366	0.076482	0.447525	0.38583	-0.836438	-0.665036	0.257765	-0.816297	0.225287	-0.311721	-0.004121	-0.022287	-0.008459	-0.08765	-0.085859	-0.618267	-0.717501	0.94397	0.971274	-0.118827	0.593495	0.459838	-0.260461	-0.945708	-0.710264	0.93984	-0.19664	0.794113	0.262599	-0.882326	-0.848084	0.970808	-0.170205	0.675599	-0.978573	0.779829	0.765519	-0.160853	0.393157	0.649572	0.808786	-0.311114	0.408468	0.93755	-0.501917	0.989721	-0.000578	
0.500052	-0.993057	0.273816	-0.724946	0.558256	0.722357	-0.294352	-0.58662	-0.079229	0.943891	0.327133	-0.317169	0.807379	-0.033402	0.57774	-0.615885	0.414652	-0.741875	-0.635288	0.078519	0.592332	0.876026	0.815647	0.276847	-0.088107	0.520156	-0.49278	-0.032624	0.011682	-0.610765	-0.533976	0.292129	-0.510171	0.296415	0.365901	0.508783	-0.225827	0.07957	-0.855264	0.252396	0.848303	0.112285	-0.807139	0.447559	-0.535513	-0.968717	-0.360939	-0.85094	-0.816218	0.468122	
-0.059066	0.796508	-0.757615	0.923999	-0.332582	0.512473	0.857217	0.360787	0.02611	-0.606329	0.032654	0.001905	-0.842218	0.466715	-0.519586	-0.615297	0.56347	-0.100231	0.611424	-0.268214	-0.244649	0.497744	0.499494	0.769958	-0.863516	-0.24232	0.629191	-0.595285	0.88978	0.567573	-0.140465	-0.538704	-0.12623	0.133786	-0.591469	0.689344	0.021276	0.074652	0.284872	-0.135727	-0.530778	0.57244	0.821284	0.644154	0.986627	-0.372154	0.485856	0.961081	0.669182	0.340207	
-0.849717	-0.753889	0.826535	0.454998	-0.301951	0.810684	0.499614	0.764531	0.008584	0.439981	-0.486548	-0.006995	-0.222984	0.223171	0.574454	-0.509187	-0.147863	0.46152	-0.080852	0.702592	0.876756	0.177084	0.889506	0.767022	0.627771	-0.792318	-0.610905	-0.188097	-0.815837	-0.20995	0.208434	-0.572213	-0.349397	0.374305	-0.094351	0.409616	0.556845	0.630769	-0.829327	-0.962461	0.021728	0.792573	-0.80989	0.384769	0.046652	-0.478943	-0.72032	0.266517	0.835086	-0.967384	
0.331564	-0.104459	0.757222	0.101363	0.187665	0.591176	0.169774	-0.332849	-0.643678	-0.606482	-0.183049	-0.068568	-0.958386	0.696299	0.691577	0.461877	-0.859205	-0.985382	0.591818	0.508369	0.240489	-0.388165	0.920204	-0.181112	0.790082	-0.86135	0.346518	-0.456309	0.260842	-0.205149	0.294356	0.507302	0.206712	0.681515	-0.768799	0.13338	0.966106	0.56962	0.25154	-0.025709	-0.631748	-0.376538	0.684032	0.116496	-0.367477	-0.962129	0.175663	0.024512	0.775666	0.852059	
0.900694	0.752317	0.69273	0.291594	-0.547535	0.218788	-0.857052	0.674948	-0.478114	0.069952	-0.691351	0.615213	-0.986472	-0.26152	-0.107239	-0.487848	-0.451836	0.585002	-0.367204	-0.756183	-0.986719	0.355398	-0.847694	0.636623	0.124341	0.926449	0.171309	-0.577546	0.714813	-0.939842	-0.023075	-0.854119	0.060982	-0.952528	0.341337	0.438499	0.923925	0.46375	0.854022	-0.535713	-0.925875	-0.332529	0.355602	0.06349	-0.515786	-0.512527	0.125824	0.51122	-0.935791	-0.211242	
-0.63153	-0.637175	0.982244	-0.880532	0.321661	0.697848	0.18219	-0.842486	0.823813	-0.499366	-0.357136	-0.142659	0.235931	0.434857	-0.891205	-0.281713	0.651036	0.220539	-0.703334	-0.461705	-0.014727	-0.49142	0.193023	-0.940798	-0.07903	0.22968	-0.421867	-0.265349	0.406539	0.670449	0.584052	-0.710991	0.958396	0.141408	0.836668	0.675829	-0.582349	-0.547212	-0.629911	0.333502	-0.685898	-0.439828	0.528622	-0.141832	0.324073	0.069714	-0.0016	-0.575934	0.13853	-0.827026	
-0.159167	0.047585	0.783885	-0.139467	-0.615053	-0.026731	0.975503	-0.018688	0.523011	0.113544	-0.902422	0.640071	-0.781276	-0.740328	-0.880758	-0.812886	0.536782	0.296284	-0.848873	-0.945868	-0.1448	-0.861279	-0.188453	0.514873	-0.669173	-0.766024	-0.016327	-0.831571	0.734098	0.710104	-0.38995	-0.553647	-0.038695	0.095158	0.097183	-0.102012	-0.364039	0.579435	-0.439937	0.052379	-0.226299	0.869432	0.99773	-0.121409	0.215996	0.743946	-0.790297	0.081516	0.572625	-0.482982	
-0.755332	-0.735213	0.007934	0.147828	-0.160805	-0.165232	-0.588443	0.739839	-0.250441	0.094781	0.825611	-0.453226	-0.689717	0.40322	-0.273819	0.742532	0.492711	0.622264	-0.425574	-0.137427	-0.094408	0.455102	0.924248	-0.171588	0.803356	0.503341	-0.600467	-0.37349	-0.405125	0.885307	0.688182	0.392218	0.299915	0.198892	-0.680979	0.000875	-0.582413	0.958254	0.115531	-0.713125	-0.638274	-0.374184	0.807499	-0.488047	-0.626391	-0.901802	0.624737	-0.122593	-0.907923	0.241617	
0.8752	0.538289	-0.55528	-0.32333	0.590038	-0.787814	-0.112157	0.239683	-0.137269	-0.116545	0.9002	0.324156	-0.478784	-0.142896	-0.495742	-0.182227	0.213642	-0.000345	0.888416	0.676221	-0.292495	0.566134	-0.053274	-0.902901	-0.197912	0.981447	0.741912	0.097132	-0.160678	-0.792309	0.019814	0.546959	0.781554	0.445191	0.24521	-0.789835	-0.644376	-0.328546	0.661212	-0.093318	0.737716	-0.033895	0.235955	0.99714	-0.512435	0.514362	-0.121716	-0.914803	-0.372462	0.656633	
-0.747025	0.97651	0.838291	-0.629157	-0.494427	-0.304598	-0.432169	-0.222131	-0.814372	-0.152856	0.810727	-0.225988	0.533739	-0.503561	-0.675999	-0.533851	-0.668902	0.673159	-0.095799	-0.712876	0.710665	-0.248259	-0.231989	0.062445	0.62004	-0.091897	0.975528	0.577632	0.640676	-0.065899	0.357867	0.356714	-0.825391	0.992534	0.373558	0.424537	-0.134261	0.347353	-0.75157	-0.109324	0.740128	0.943284	-0.72905	0.670847	-0.118476	-0.688696	0.744582	-0.376355	-0.481182	-0.896524	
-0.953291	0.977672	0.192723	-0.758259	0.759132	-0.771197	-0.756553	0.007093	0.642799	0.634965	-0.8787	-0.988329	-0.202628	-0.462714	0.572245	-0.629063	0.13227	0.164284	-0.388481	-0.401686	-0.703891	0.208446	-0.069928	0.590105	-0.355399	0.054061	-0.645024	0.279455	-0.52938	-0.874129	0.910741	0.051461	-0.019021	-0.728679	-0.96822	-0.122267	-0.104057	0.220589	-0.264913	-0.205288	-0.279824	-0.619843	-0.259819	-0.083457	-0.589935	0.962013	-0.817714	-0.248651	-0.800085	0.012993	
-0.403948	0.752308	-0.857897	-0.6804	-0.667743	0.641612	0.487798	0.966398	0.276384	-0.517969	0.401124	0.011622	-0.994596	0.391285	0.755559	-0.55227	-0.58058	-0.346133	-0.302584	-0.768436	0.449731	0.887093	0.975479	0.875047	-0.015056	0.754791	-0.020477	0.257321	-0.292641	0.550762	0.929807	-0.813432	0.296869	0.201994	0.682063	-0.623546	-0.338558	-0.818026	-0.030594	-0.354028	-0.253069	0.181244	-0.713788	-0.096739	0.541119	-0.455944	0.838144	0.774955	-0.997285	-0.144905	
-0.542293	-0.841488	0.563818	0.524232	-0.454808	0.772029	0.847154	0.421792	-0.506923	-0.029355	0.953943	-0.493357	0.074877	0.453887	-0.721417	0.681447	0.267697	-0.169753	0.162568	-0.648734	-0.322312	-0.845194	0.892373	-0.556093	0.790469	0.428851	-0.066177	-0.411269	-0.089658	-0.544695	0.382995	0.653351	-0.244645	-0.341969	0.665879	-0.048122	0.771596	-0.752888	0.188593	-0.67007	0.51428	-0.817645	-0.249468	0.826003	0.66377	0.359887	0.234546	-0.555927	0.355066	0.444538	
-0.273528	0.109277	0.504915	-0.633701	-0.764727	-0.280737	0.298665	0.942708	0.162596	-0.008437	0.576831	-0.201458	-0.832541	0.285346	0.672547	-0.084798	0.546629	-0.845504	-0.789556	0.579596	-0.482814	-0.963369	0.529329	-0.396303	0.013144	-0.798572	0.577278	-0.1693	0.77947	0.008046	0.908894	0.322368	-0.947056	-0.470946	-0.713374	0.718576	0.845225	0.907727	-0.859226	-0.181564	-0.371981	0.605451	-0.923591	0.958949	0.418825	-0.428883	0.21491	0.111885	-0.246881	-0.641665	
-0.292384	0.705349	0.628503	-0.995408	-0.653785	0.010387	0.123116	0.979155	-0.733423	-0.36826	-0.138552	-0.578312	0.551767	0.484669	-0.771613	-0.463525	0.820051	-0.862677	-0.949853	-0.02727	-0.507262	-0.82335	-0.138156	0.86855	-0.287195	-0.183148	0.702212	0.671664	-0.405469	0.778691	-0.028263	0.74217	-0.616158	-0.185107	0.846088	-0.374137	0.853489	0.907776	0.17619	0.017922	0.208226	-0.397099	-0.195932	0.583093	0.380133	-0.984206	-0.141533	0.019841	0.139596	0.533136	
0.151718	0.277651	0.209342	-0.001565	0.533831	-0.803958	-0.763693	-0.745703	-0.911409	0.298246	-0.223665	-0.450316	-0.283049	-0.892579	0.184507	0.787203	-0.492111	-0.794477	0.453693	0.322623	-0.639045	0.942366	-0.844918	-0.601444	0.981477	-0.326312	-0.183976	0.18226	-0.785633	-0.019266	0.457467	0.175032	-0.788008	-0.553637	-0.092071	0.038464	-0.0778	0.23065	-0.309807	-0.346988	0.659146	0.478625	-0.958246	0.361288	0.994453	-0.184746	0.025562	-0.446465	-0.90648	-0.465906	
-0.053176	0.162974	-0.7824	0.148801	0.593275	-0.818493	-0.776939	0.076785	-0.690925	0.612826	0.067008	0.197687	-0.601911	0.008706	-0.346342	-0.083778	0.555072	0.855397	-0.854517	-0.807973	-0.181343	-0.584165	-0.26448	-0.27271	0.87089	0.922433	-0.404836	0.704112	-0.985335	0.71597	-0.206123	0.761037	0.584438	-0.965507	0.654245	0.61906	-0.117106	-0.927596	-0.888553	-0.681795	-0.158498	-0.965391	-0.178662	-0.694305	-0.229195	-0.79245	-0.627978	0.169482	0.875218	0.418855	
0.762593	-0.808771	-0.515124	0.590053	0.948196	0.926826	0.234388	0.962061	0.49925	0.479847	-0.103401	-0.501181	-0.419692	-0.725382	0.462144	0.706806	-0.791178	-0.048898	0.411315	0.629718	-0.418034	0.060246	0.787873	0.351336	0.67139	-0.272317	-0.898032	-0.804632	-0.078761	-0.235932	-0.268435	-0.965855	-0.733041	0.107777	-0.715428	0.829981	-0.04892	0.881223	0.543848	-0.91216	-0.16939	-0.154725	-0.879259	0.925054	-0.30281	0.384334	-0.53165	-0.159424	-0.669517	0.369745	
0.262505	0.121221	0.240375	-0.869255	0.335227	0.813479	0.511721	-0.191055	0.039944	0.780871	0.619104	0.10892	-0.290971	-0.89027	-0.587137	0.847518	-0.009856	0.406764	0.84235	-0.254198	-0.850048	0.511254	0.616854	0.565098	-0.730995	-0.560305	-0.985533	0.107504	-0.634918	0.494639	-0.000248	-0.461575	-0.608433	-0.295572	-0.697183	-0.984597	0.530582	-0.26146	0.291533	0.711567	-0.647929	-0.778677	-0.998617	-0.247413	0.288658	-0.337033	0.357433	-0.383616	-0.064702	-0.272994	
-0.281897	0.316069	0.510486	-0.190691	0.0816	0.062222	-0.450003	0.807324	0.89333	-0.484256	0.530981	-0.539818	-0.96105	-0.989681	-0.477539	-0.56231	-0.948636	-0.771203	-0.984528	0.691077	-0.189781	-0.349414	-0.58578	0.79278	0.82062	0.859763	0.779895	0.938811	0.257727	0.393642	0.887416	-0.960247	-0.680861	-0.958391	-0.62092	-0.121181	0.732446	-0.750583	0.462307	0.709929	0.142604	0.428325	0.777915	-0.345175	0.617045	0.050635	0.061858	0.392554	-0.793997	-0.924072	
0.466345	-0.339301	0.54312	-0.243096	-0.944901	-0.798597	0.072627	-0.053938	-0.519863	0.759814	0.94886	-0.150949	0.14144	-0.402072	-0.603822	0.053528	-0.717017	0.198217	0.582327	0.736764	0.458458	-0.332433	-0.268059	-0.656225	-0.195769	-0.040928	-0.263393	0.376456	-0.526891	0.736406	-0.149858	0.862542	0.147493	-0.454987	0.27416	0.096562	-0.41593	-0.810794	0.308874	-0.030053	0.688198	-0.833026	-0.596228	-0.559806	0.82382	-0.553897	0.633172	-0.847169	-0.537147	0.936135	
-0.295077	-0.842885	-0.347814	0.030889	-0.942631	-0.499476	-0.079746	-0.930561	-0.214694	0.832588	-0.130353	-0.664802	0.494502	0.446145	0.682014	-0.443509	-0.970126	0.519441	0.797059	0.910477	0.203821	0.630234	-0.825785	0.514598	0.954873	0.780866	-0.623573	-0.274394	-0.026535	0.878354	-0.347629	-0.120775	-0.215155	0.399897	-0.073004	-0.304444	-0.554042	-0.535693	0.123149	0.796256	0.540445	0.956891	0.318766	-0.950916	0.335116	0.370199	-0.230844	-0.62739	0.667443	0.430696	
-0.114874	0.964352	0.826918	-0.230022	0.860261	0.244671	0.89647	-0.54206	0.013777	0.233784	-0.208562	0.609979	-0.479528	0.389766	0.863397	0.374875	0.136083	0.068699	-0.621458	0.595622	0.341411	0.311821	-0.286804	-0.246755	-0.770428	-0.371185	-0.798149	0.492823	0.029037	-0.056231	-0.913731	0.606625	0.096145	0.28713	-0.946108	0.605154	-0.080511	0.37542	-0.453353	0.285838	-0.177354	-0.974931	0.176767	0.540743	-0.337311	0.183277	-0.138023	-0.765448	-0.359506	0.878592	
-0.207099	0.723016	0.951184	0.802205	-0.526191	-0.779185	0.040609	0.746701	-0.481683	-0.037304	-0.902993	0.810877	-0.983224	0.461834	-0.08448	-0.68341	-0.279277	0.556171	0.930402	-0.639144	-0.923232	0.657103	-0.311417	-0.632419	0.388867	-0.117576	0.947243	-0.056968	-0.934791	-0.68491	-0.958571	0.4669	-0.376096	-0.206411	-0.103976	-0.970778	0.233435	-0.700756	-0.039086	0.532535	0.510261	-0.245897	0.682326	0.684778	-0.454691	0.981417	-0.394199	0.096512	-0.585419	0.820436	
0.837453	0.947606	0.132515	0.75317	-0.2228	0.242737	0.792319	-0.165648	0.64966	0.009129	0.767204	0.501792	-0.82175	-0.638191	-0.762526	0.551071	0.096104	0.743122	0.908798	-0.655699	0.242968	-0.865917	0.274454	0.868535	-0.432316	-0.535193	-0.65846	-0.362871	-0.105234	0.999238	-0.204212	0.594919	0.200881	-0.694922	-0.094528	-0.865989	-0.079384	0.704215	-0.784056	-0.95865	-0.601415	0.179598	0.610023	0.950323	-0.369106	0.707809	-0.801986	0.650652	-0.020515	0.632488	
0.648105	-0.224539	-0.320255	-0.438238	0.820873	0.956045	-0.227901	0.450162	-0.854229	0.105568	-0.997813	-0.452236	0.327245	0.678339	-0.764787	0.420432	0.036585	-0.143065	-0.067906	0.801059	-0.632497	0.332437	0.65785	-0.169191	-0.463577	-0.071103	-0.172879	-0.781305	0.361706	-0.72916	-0.840356	0.318727	-0.401768	-0.162586	-0.963457	0.041194	-0.584297	0.073081	-0.842772	0.954268	0.852408	0.780572	0.412887	0.395502	0.930332	-0.361062	0.255004	-0.068183	0.602313	0.958652	
-0.517076	-0.990505	-0.848002	0.979579	-0.589771	0.358254	-0.871711	0.801455	-0.867128	0.823996	-0.337357	-0.220416	-0.701881	-0.59651	-0.937227	-0.336408	-0.814487	0.749271	-0.681111	0.608494	0.557841	0.277392	-0.971531	-0.946327	-0.920125	-0.015714	0.805834	-0.184299	0.004543	-0.1507	-0.919814	-0.221141	-0.255251	0.675979	0.822597	-0.247008	-0.56627	-0.589419	0.280579	0.43005	-0.736251	-0.171578	-0.426549	0.286046	-0.391331	0.959527	-0.454299	-0.307972	-0.587081	0.247122	
-0.580884	0.510526	0.263752	-0.949247	-0.261139	0.628999	0.385126	0.947008	-0.860486	-0.864975	0.39906	0.414208	0.501975	0.309315	0.481068	0.771768	0.648338	-0.395007	0.251952	0.749291	-0.779269	-0.862626	-0.453527	-0.632999	0.787237	0.194647	-0.710842	0.798523	-0.540618	-0.968946	-0.056338	-0.425554	-0.381108	0.19025	0.251332	-0.596834	0.069033	-0.269276	0.728023	-0.679929	-0.617924	-0.128861	-0.889873	0.861889	0.110253	0.12247	-0.930344	0.078518	-0.50878	0.491732	
0.42067	-0.608252	0.135232	0.105951	-0.567311	0.609363	0.581363	0.431432	0.297537	0.484667	0.966961	0.129526	-0.383417	-0.838366	-0.827571	-0.381206	-0.880615	-0.032262	-0.243202	0.309459	0.859132	0.854317	-0.255198	0.598464	-0.880096	-0.45704	0.611816	0.011922	-0.810105	-0.687307	-0.308614	-0.676257	-0.224131	0.874706	0.625794	-0.406087	0.631347	-0.911109	0.397866	-0.586317	0.28166	-0.866264	-0.317247	-0.232233	-0.876816	0.669712	-0.379374	0.653809	0.727849	0.023586	
0.922726	0.947373	-0.580903	0.213198	-0.298674	-0.231327	-0.199458	0.984447	0.271188	-0.815844	0.333947	-0.317967	0.032173	-0.658407	0.256376	0.267756	-0.207507	-0.384448	-0.522119	0.420622	0.347001	-0.042835	-0.962395	-0.371471	0.710503	-0.677584	-0.216922	0.919276	-0.738409	-0.203727	-0.473641	-0.918883	0.469103	0.511731	0.782116	0.466384	-0.207934	0.806355	-0.285841	0.400898	-0.722486	0.535734	0.984384	0.236938	-0.432851	0.852576	-0.057228	0.095929	0.920782	0.660063	
0.087415	0.500769	-0.52237	-0.618829	-0.513699	-0.968656	-0.375173	0.60665	0.250326	0.864651	-0.957089	-0.318142	0.168421	0.558718	0.555565	0.275504	-0.975517	0.606415	-0.145132	-0.109234	-0.633001	0.593295	-0.46018	0.103916	0.347305	-0.560697	0.884997	0.794623	-0.809631	0.076281	0.013744	-0.199172	0.901092	0.951096	-0.418634	-0.220667	0.966312	-0.865125	0.229577	0.380713	-0.84102	0.209515	-0.836142	0.733725	-0.041542	-0.840512	0.177501	0.765339	0.532225	0.692903	
0.650245	0.066794	-0.961006	-0.604544	0.376566	0.850429	-0.267993	-0.550083	-0.303496	-0.952029	0.747945	0.87992	0.026644	-0.000571	0.911151	-0.49187	0.355798	0.644061	0.267548	-0.818296	0.369555	-0.630984	0.5354	0.612672	-0.391455	-0.687335	0.962669	0.9939	-0.636353	-0.466779	0.741867	0.978865	0.548268	-0.998643	-0.438768	-0.336395	-0.581014	0.532103	-0.769252	0.823072	0.120465	-0.639125	0.084781	-0.322995	0.387089	0.044103	-0.283285	-0.537395	0.241149	-0.216713	
0.520415	0.813939	0.995807	-0.290737	0.252814	-0.941284	-0.383742	0.408408	-0.69426	-0.166446	0.447262	-0.883678	0.857632	-0.419943	-0.175831	-0.004064	0.247052	0.071025	-0.069703	0.428822	0.656858	0.21187	0.886249	-0.77575	0.343127	0.230767	-0.471902	-0.29078	-0.422891	-0.41638	0.106023	-0.054245	0.377784	0.648502	-0.088619	-0.759707	0.764569	0.461586	0.442647	-0.838842	0.351978	0.109677	0.483925	-0.17992	0.985292	-0.96985	0.840818	-0.425676	-0.971777	-0.992685	
-0.539637	0.121468	0.807463	-0.143561	0.497513	-0.103724	0.785846	0.180277	-0.816218	-0.659614	0.803199	-0.77862	0.234113	-0.993931	0.00457	-0.413632	0.231268	-0.22388	-0.800838	0.193021	0.950035	0.057768	0.453021	0.497014	-0.998162	-0.407092	0.007218	-0.694795	-0.973736	0.641416	0.553371	-0.5947	0.455557	0.042006	-0.263929	0.169279	-0.504387	0.765107	-0.659483	-0.388456	0.658314	-0.405761	0.767218	0.68746	-0.13372	-0.694686	-0.418722	-0.161401	0.610117	0.519603	
-0.865515	-0.437962	-0.501401	-0.370504	0.063594	-0.977487	-0.106866	0.574737	-0.190799	-0.301209	0.228911	-0.633696	0.961206	-0.576761	0.619664	0.733366	0.203523	-0.274924	-0.502184	-0.594632	-0.787814	0.800874	0.114905	0.289531	-0.965387	-0.344327	0.605961	0.884489	0.562706	-0.007871	0.606803	-0.887753	-0.566232	0.148958	-0.486612	0.613941	-0.376444	0.022899	-0.748116	0.980363	0.417109	-0.525459	0.387138	0.955245	0.240417	0.715275	0.513185	0.310029	-0.642794	0.883306	
0.276677	0.701011	-0.942672	0.604237	0.031809	-0.889998	0.604401	-0.675246	-0.43806	-0.659258	-0.097067	-0.333104	-0.425454	0.147174	0.099189	-0.364541	-0.160672	0.112744	0.08358	-0.055168	0.182145	0.304384	0.662827	-0.587852	-0.759316	0.839773	-0.922553	0.027514	-0.282793	0.398264	-0.744281	0.448282	-0.307509	0.632985	0.723647	0.882379	0.637561	0.461098	-0.518417	-0.424871	0.637362	-0.35676	-0.806616	0.038879	-0.822272	-0.642162	0.358845	0.589691	-0.949616	0.003507	
-0.290429	0.386521	-0.772795	0.041383	-0.932191	-0.553294	-0.064833	0.305331	-0.846827	-0.073157	-0.916813	-0.714747	0.028875	-0.066268	0.23615	-0.848812	0.072992	-0.94556	0.416764	0.12265	0.078628	0.623176	0.040747	-0.031214	-0.983676	0.73043	-0.365536	0.475431	-0.269294	0.188939	-0.139882	-0.105649	0.911181	0.912372	0.906389	-0.090711	0.59204	0.073871	0.629782	0.821309	-0.44806	-0.781186	0.273131	-0.795175	-0.474158	-0.003198	-0.966955	0.785869	-0.707092	0.223197	
-0.891099	0.168263	0.654597	-0.311908	-0.743592	0.585566	0.993639	0.057248	0.301534	0.685809	-0.984054	0.668185	-0.110417	-0.352106	-0.659558	0.349766	0.098133	-0.706147	-0.899146	0.383857	-0.768034	-0.433159	0.947687	0.936552	-0.342347	-0.500529	-0.738112	-0.966518	0.772826	0.100308	0.859764	-0.746559	-0.152193	0.682241	0.017565	-0.562417	0.607354	0.519713	-0.043714	0.662179	0.532954	-0.298046	0.610274	0.240551	0.888008	-0.590518	-0.124118	0.009919	0.092154	0.47867	
0.333889	-0.775698	-0.05004	0.393991	0.789476	-0.212089	-0.060795	-0.069689	-0.2302	0.145908	0.183976	0.783538	-0.272301	-0.74249	-0.811179	-0.717071	0.794953	0.082303	-0.262734	0.850504	-0.192157	-0.465227	-0.53661	-0.362868	-0.049851	0.975286	-0.184223	-0.319303	-0.830838	0.485897	0.906545	0.688703	0.013283	0.251522	0.1805	-0.561705	0.693555	0.516429	0.7887	-0.696746	-0.050882	-0.457105	0.979088	-0.390381	0.645678	0.223211	0.152415	0.3912	-0.181621	-0.313958	
-0.995132	-0.552818	0.722787	-0.56812	-0.245828	0.647371	-0.397695	0.654778	-0.246558	-0.140582	-0.734313	0.198908	0.112568	0.80133	-0.193715	0.740683	-0.74621	0.232159	0.206474	0.77762	-0.57131	0.955011	0.360667	0.649856	-0.292974	-0.401998	0.294736	-0.042002	0.587598	0.707903	-0.846819	0.740516	0.991998	-0.38851	0.173425	-0.105247	0.160664	-0.162302	0.291075	0.366439	0.238612	0.272121	-0.94477	0.511639	-0.108617	-0.24856	0.853924	0.188106	-0.395373	-0.806141	
0.612463	-0.963794	-0.067177	0.339624	0.211536	-0.082359	0.338326	-0.597213	-0.935622	-0.12756	0.855412	-0.968097	0.767578	0.833775	0.193345	0.075242	-0.923361	-0.630421	0.316422	-0.076346	0.672791	0.004971	-0.300875	-0.559615	-0.511579	-0.240565	0.909999	-0.102969	-0.028098	0.71478	-0.043742	-0.6013	-0.356168	-0.755901	-0.25441	-0.112446	0.580841	-0.242461	0.738059	-0.647069	0.057398	-0.097917	0.632822	-0.507709	0.145534	0.002545	-0.471381	-0.834929	0.749299	0.833466	
0.003282	0.005659	0.027307	0.005407	0.026785	0.030291	0.006197	0.009168	0.007083	0.012174	0.019376	0.00891	0.012926	0.002183	0.002019	0.001172	0.003691	0.005824	0.017406	0.030083	0.028637	0.040594	0.030664	0.028357	0.005867	0.023723	0.004061	0.036582	0.0382	0.034079	0.005785	0.028672	0.025291	0.018709	0.015599	0.038177	0.042279	0.025906	0.005621	0.033052	0.037341	0.036221	0.04187	0.007495	0.037143	0.006941	0.034826	0.012873	0.017969	0.020523	
0.018677	0.01583	0.012268	0.03884	0.022114	0.019208	0.018948	0.010465	0.026848	0.010573	0.03336	0.024168	0.032317	0.001389	0.011536	0.001335	0.02803	0.002213	0.01	0.035673	0.010154	0.03826	0.000682	0.031372	0.014452	0.027947	0.039022	0.037559	0.008233	0.004084	0.009137	0.020485	0.034268	0.025385	0.033741	0.004686	0.023713	6.9e-05	0.001593	0.017693	0.00217	0.009502	0.027004	0.002696	0.037243	0.038817	0.032955	0.020167	0.039375	0.033744	
0.000401	0.020595	0.011904	0.011555	0.022516	0.012964	0.015379	0.021958	0.006689	0.013941	0.013563	0.006746	0.02194	0.042874	0.03963	0.029877	0.033575	0.028772	0.007329	0.006078	0.044225	0.020445	0.014147	0.041159	0.011307	0.002244	0.037276	0.000124	0.005993	0.001993	0.027322	0.011782	0.02476	0.01468	0.008045	0.019316	0.034393	0.015542	0.000348	0.036165	0.001647	0.043734	0.037308	0.015502	0.039257	0.032293	0.010814	0.031707	0.026864	0.021322	
0.025253	0.005884	0.023653	0.039245	0.012567	0.002991	0.007559	0.000865	0.03815	0.001437	0.012504	0.025233	0.013926	0.01833	0.037182	0.031735	0.032585	0.040905	0.021276	7.6e-05	0.026419	0.004069	0.00239	0.036662	0.01189	0.016242	0.041428	0.018643	0.019116	0.027501	0.016979	0.04153	0.041016	0.03098	0.030912	0.001249	0.018263	0.024411	0.009937	0.019561	0.004014	0.006976	0.003012	0.037295	0.043584	0.031221	0.007782	0.014565	0.002551	0.018446	
0.025638	0.006326	0.035595	0.03965	0.003864	0.037025	0.007005	0.038555	0.011153	0.024911	0.036449	0.0086	0.036648	0.002681	0.006949	0.023889	0.0038	0.00107	0.032713	0.017955	0.003238	0.024316	0.003742	0.002455	0.029275	0.006293	0.029398	0.016541	0.029809	0.024191	0.017859	0.022739	0.030987	0.01782	0.019128	0.031204	0.01861	0.039897	0.003113	0.001672	0.014429	0.033988	0.019905	0.021089	0.019404	0.009613	0.028576	0.030189	0.02012	0.029924	
0.030361	0.006449	0.011487	0.014004	0.013429	0.018686	0.002288	0.034533	0.018855	0.019077	0.016315	0.028456	0.027071	0.008056	0.024312	0.022575	0.024082	0.038384	0.013491	0.026647	0.035945	0.004776	0.025787	0.023206	0.006656	0.016243	0.006179	0.037526	0.02418	0.000148	0.035546	0.008079	0.035126	0.026757	0.010311	0.000109	0.016431	0.018087	0.028076	0.036719	0.001992	0.002938	0.035406	0.012382	0.034887	0.033705	0.026284	0.008744	0.028966	0.020251	
0.002055	0.005984	0.003251	0.001979	0.009997	0.014797	0.029414	0.031268	0.015045	0.019256	0.016917	0.021901	0.015463	0.008472	0.032686	0.040953	0.042596	0.002447	0.00774	0.048283	0.03665	0.014088	0.025601	0.014701	0.004948	0.043647	0.006495	0.006894	0.009076	0.028031	0.024351	0.010045	0.021608	0.011235	0.032673	0.028484	0.027789	0.030099	0.022319	0.021403	0.016224	0.044533	0.007856	0.038852	0.01262	0.031208	0.034377	0.006883	0.00448	0.012326	
0.013489	0.043571	0.019175	0.036278	0.010201	0.044646	0.017181	0.006251	0.036308	0.011433	0.010197	0.027499	0.036282	0.01484	0.003879	0.001811	0.040607	0.042139	0.037488	0.009129	0.014236	0.017781	0.013329	0.042103	0.007147	0.023302	0.030543	0.012005	0.000564	0.030966	0.038781	0.029274	0.019213	0.018228	0.004202	0.00301	0.006423	0.032203	0.024313	0.002966	0.032359	0.002145	0.033984	0.007803	0.031929	0.014166	0.030649	0.010741	0.001452	0.001779	
0.021876	0.021217	0.008899	0.021386	0.002403	0.007406	0.003414	0.020003	0.037766	0.006747	0.002203	0.015954	0.013892	0.033688	0.035083	0.000787	0.005504	0.027091	0.011033	0.00627	0.02747	0.037209	0.023549	0.002584	0.038656	0.034634	0.026518	0.009731	0.037925	0.016569	0.027693	0.032877	0.023058	0.034354	0.017401	0.00857	0.022071	0.011903	0.034878	0.034572	0.019085	0.021539	0.004098	0.033991	0.012289	0.024546	0.033678	0.01081	0.008216	0.026904	
0.024234	0.010834	0.009074	0.014879	0.030606	0.001864	0.001809	0.004003	0.011421	0.015909	0.020924	0.03758	0.033677	0.038903	0.030733	0.008451	0.013491	0.003614	0.039524	0.031149	0.036593	0.035184	0.029581	0.005715	0.02424	0.02748	0.017821	0.016959	0.015496	0.036421	0.022837	0.026368	0.012791	0.025809	0.014698	0.036179	0.035033	0.013964	0.017895	0.006519	0.000225	0.008587	0.028746	0.00851	0.017568	0.008429	0.013437	0.018832	0.035744	0.01966	
0.034806	0.032239	0.027851	0.018693	0.035837	0.016771	0.007327	0.011821	0.02737	0.008565	0.002131	0.015296	0.010287	0.037002	0.021227	0.032813	0.034549	0.027022	0.014658	0.020706	0.006043	0.011104	0.032436	0.024856	0.014823	0.010959	0.008175	0.001801	0.015205	0.011757	0.02789	0.035968	0.027778	0.034347	0.003958	0.011465	0.031418	0.002838	0.016969	0.018688	0.02079	0.037242	0.030316	0.000647	0.00873	0.0349	0.027047	0.024174	0.021085	0.00962	
0.028189	0.034297	0.020264	0.035239	0.018766	0.020168	0.023036	0.029147	0.022712	0.031538	0.024183	0.031689	0.011585	0.017031	0.019514	0.026533	0.00257	0.026718	0.00517	0.030659	0.014458	0.027979	0.000759	0.009858	0.029941	0.002682	0.007469	0.027624	0.009757	0.032695	0.033604	0.013656	0.026294	0.001314	0.003908	0.000989	0.029073	0.019195	0.019047	0.02641	0.019701	0.00771	0.001997	0.012958	0.036409	0.029015	0.020309	0.017601	0.030745	0.027835	
0.034591	0.004058	0.00452	0.015379	0.009482	0.009162	0.035763	0.001838	0.004047	0.015418	0.025165	0.011806	0.007586	0.005316	0.035802	0.025162	0.00499	0.035612	0.032924	0.005942	0.008291	0.030108	0.001025	0.030146	0.022246	0.027688	0.016935	0.007798	0.031775	0.02339	0.026697	0.010538	0.008309	0.017103	0.027639	0.034658	0.004054	0.022657	0.017538	0.038296	0.017859	0.03272	0.011544	0.036936	0.023916	0.036542	0.02893	0.001921	0.040492	0.037686	
0.009098	0.037595	0.036025	0.037274	0.024123	0.013655	0.018164	0.012427	0.037016	0.037891	0.032021	0.018176	0.009195	0.005441	0.005398	0.029782	0.023016	0.030072	0.002788	0.000709	0.027533	0.008482	0.003312	0.004903	0.020591	0.035823	0.009551	0.019407	0.036176	0.009295	0.01845	0.014184	0.007269	0.011815	0.014466	0.024002	0.0217	0.012484	0.025801	0.018989	0.029139	0.028314	0.028098	0.006796	0.038984	0.021239	0.033658	0.004571	0.011512	0.03359	
0.01042	0.014034	0.02778	0.009278	0.023178	0.02165	0.010495	0.018831	0.012806	0.014883	0.022128	0.022387	0.020037	0.019487	0.00062	0.015396	0.015574	0.005836	0.016063	0.010484	0.026137	0.015593	0.028066	0.03369	0.009213	0.034351	0.014646	0.032096	0.036586	0.021694	0.011009	0.032385	0.006005	0.023153	0.021217	0.031599	0.024313	0.035267	0.034873	0.035732	0.026933	0.014139	0.021251	0.006079	0.024582	0.018437	0.016791	0.019816	0.013391	0.019589	
0.038412	0.004143	0.015722	0.031281	0.021504	0.004214	0.025159	0.028849	0.030363	0.028228	0.014452	0.028741	0.005655	0.035814	0.014336	0.013101	0.03967	0.016487	0.010596	0.034701	0.035465	0.030794	0.028514	0.02622	0.026336	0.03454	0.032909	0.01009	0.021971	0.004758	0.001046	0.02957	0.001865	0.030501	0.010769	0.014378	0.002382	0.015591	0.010338	0.038451	0.024084	0.011976	0.024895	0.005213	0.022469	0.000141	0.001628	0.020598	0.037847	0.003233	
0.031771	0.002589	0.014959	0.0319	0.012713	0.037898	0.018226	0.026987	0.009595	0.016201	0.006217	0.01771	0.000482	0.034262	0.02277	0.012055	0.032634	0.008373	0.020285	0.004444	0.005664	0.018204	0.012308	0.006602	0.017341	0.034956	0.006048	0.004485	0.024839	0.036987	0.024424	0.017212	0.025146	0.032087	0.03807	0.013463	0.004426	0.033875	0.025538	0.03455	0.004851	0.030385	0.017654	0.014924	0.024645	0.029452	0.018342	0.035258	0.012752	0.033441	
0.004453	0.043765	0.009032	0.007116	0.016451	0.017298	0.029193	0.007918	0.005766	0.008092	0.036333	0.035766	0.00081	0.013098	0.022991	0.003464	0.03158	0.035931	0.028956	0.005145	0.017948	0.018193	0.034793	0.014745	0.005867	0.039288	0.013279	0.005932	0.015722	0.020582	0.043766	0.044372	0.009779	0.004464	0.029813	0.017109	0.02497	0.009761	0.002582	0.005084	0.033799	0.003552	0.041588	0.003959	0.042716	0.004204	0.04405	0.031505	0.009608	0.043812	
0.013217	0.026736	0.021822	0.012253	0.035463	0.039839	0.012797	0.037898	0.03056	0.0089	0.006267	0.027717	0.040195	0.015539	0.023062	0.032581	0.044861	0.045436	0.004464	0.038264	0.029343	0.01683	0.008601	0.002505	0.024861	0.010314	0.026489	0.034315	0.013806	0.004468	5.9e-05	0.008582	0.011579	0.024352	0.030295	0.016736	0.01115	0.001133	0.030008	0.004331	0.02364	0.004512	0.016724	0.013543	0.006745	0.035435	0.004095	0.010687	0.031801	0.02519	
0.003544	0.014397	0.0003	0.01093	0.004742	0.027807	0.012661	0.029453	0.027496	0.003557	0.015592	0.028705	0.017341	0.031102	0.029023	0.043424	0.024344	0.012142	0.040223	0.042711	0.001888	0.008537	0.008014	0.006579	0.029648	0.033838	0.03991	0.02926	0.004088	0.017441	0.001081	0.020202	0.025246	0.00621	0.010552	0.041256	0.030226	0.006141	0.043966	0.037711	0.027837	0.010092	0.014197	0.002634	0.029099	0.011179	0.00785	0.035128	0.003253	0.037443	
0.035073	0.012741	0.032102	0.03401	0.01891	0.022546	0.006776	0.037321	0.000327	0.002752	0.009945	0.039702	0.008824	0.026876	0.003297	0.02216	0.029552	0.018625	0.003193	0.028661	0.022842	0.005376	0.027307	0.028729	0.004551	0.032719	0.029677	0.037074	0.008164	0.009181	0.02759	0.0087	0.031676	0.00026	0.002287	0.036263	0.029774	0.009296	0.032207	0.002272	0.020298	0.037553	0.029754	0.007749	0.001926	0.026337	0.027175	0.026591	0.014407	0.028872	
0.007048	0.038911	0.022095	0.014888	0.031875	0.02549	0.034636	0.033102	0.016079	0.001938	0.015744	0.008741	0.014651	0.012914	0.004367	0.031381	0.001791	0.013887	0.019148	0.023019	0.032978	0.024072	0.02998	0.027009	0.021996	0.036125	0.030199	0.028064	0.011354	0.000163	0.033857	0.02468	0.006369	0.021242	0.013616	0.001448	0.018054	0.025262	0.018481	0.005213	0.036261	0.018814	0.005735	0.024595	0.029395	0.03088	0.03869	0.010067	0.004185	0.019511	
0.025587	0.036875	0.031447	0.031112	0.029064	0.039671	0.016235	0.029202	0.031633	0.008856	0.001602	0.005718	0.029087	0.017216	0.024897	0.002014	0.020782	0.034936	0.005382	0.013334	0.020106	0.012401	0.033193	0.013591	0.026789	0.019576	0.004238	0.00362	0.031453	0.026559	0.032383	0.038665	0.019425	0.036861	0.022997	0.006889	0.001644	0.036335	0.016242	0.027418	0.01494	0.010231	0.028511	0.029074	0.001262	0.014395	0.021629	0.003895	0.010357	0.000671	
0.025763	0.032302	0.020874	0.004924	0.035395	0.026926	0.012304	0.020765	0.008676	0.00033	0.029592	0.007314	0.014417	0.024485	0.000207	0.035126	0.015407	0.010995	0.009391	0.036191	0.025673	0.023575	0.000996	0.010869	0.02525	0.008032	0.036342	0.011304	0.034066	0.00417	0.031276	0.035762	0.027291	0.008938	0.012694	0.002396	0.017031	0.033387	0.032061	0.027455	0.01739	0.034116	0.022338	0.026406	0.023669	0.005161	0.025898	0.031727	0.020426	0.012917	
0.042782	0.040578	0.032351	0.002229	0.038382	0.000815	0.039254	0.02057	0.021968	0.045114	0.017856	0.018089	0.003761	0.001161	0.026995	0.019995	0.03324	0.036836	0.021714	0.003556	0.027301	0.025637	0.019617	0.034715	0.005043	0.011051	0.020462	0.016218	0.022378	0.00064	0.034521	0.006558	0.006537	0.009292	0.026094	0.041378	0.000352	0.008147	0.007715	0.017855	0.006308	0.005724	0.016321	0.021801	0.019711	0.028967	0.00871	0.030196	0.030394	0.023111	
0.023503	0.032007	0.034402	0.017979	0.000249	0.011266	0.030921	0.023971	0.029139	0.016791	0.018212	0.017454	0.016649	0.004298	0.026276	0.010627	0.030584	0.010877	0.024007	0.0248	0.007131	0.020429	0.032499	0.03461	0.012161	0.032097	0.024696	0.008372	0.00727	0.018236	0.026971	0.019751	0.005454	0.015744	0.007366	0.019271	0.007635	0.0086	0.032178	0.031823	0.024484	0.032048	0.000568	0.02034	0.023611	0.031	0.033522	0.02246	0.006848	0.028813	
0.004358	0.020371	0.038881	0.028478	0.010558	0.039327	0.026044	0.003361	0.02206	0.002008	0.023876	0.023056	0.035886	0.002384	0.007397	0.039071	0.010613	0.035124	0.01956	0.000657	0.018336	0.039354	0.024425	0.000257	0.00866	0.027173	0.016215	0.030063	0.03105	0.000579	0.038386	0.023855	0.010791	0.032488	0.013832	0.025597	0.019261	0.037119	0.009952	0.012827	0.001151	0.038595	0.007896	0.018378	0.002752	0.030732	0.015775	0.031175	0.008662	0.031594	
0.021397	0.022393	0.005583	0.010607	0.018758	0.017876	0.023364	0.017853	0.005362	0.042401	0.007875	0.026401	0.038901	0.024872	0.028995	0.035247	0.008087	0.021744	0.017291	0.010689	0.000969	0.006741	0.017996	0.037014	0.015989	0.012412	0.036325	0.017069	0.029269	0.005148	0.00616	0.027059	0.032739	0.033031	0.024307	0.022238	0.028361	0.031337	0.011909	0.029336	0.042414	0.022377	0.010834	0.004095	0.009654	0.03562	0.00754	0.009417	0.00797	0.018974	
0.02703	0.031003	0.011871	0.030346	0.000385	0.025848	0.017104	0.017358	0.024646	0.022533	0.019446	0.033477	0.01346	0.024694	0.00612	0.006577	0.026866	0.00917	0.006873	0.030558	0.019382	0.036697	0.021227	0.029841	0.006211	0.036119	0.017997	0.030268	0.011647	0.019035	0.000865	0.033186	0.019438	0.014808	0.029287	0.028902	0.018181	0.031473	0.012863	0.015357	0.012227	0.020279	0.023184	0.002418	0.024369	0.027306	0.036052	0.009087	0.019178	0.007751	
0.007489	0.02266	0.015334	0.011243	0.005322	0.022601	0.019776	0.036185	0.005482	0.00954	0.013594	0.040192	9e-05	0.012056	0.004655	0.037134	0.021515	0.00325	0.01576	0.02239	0.029893	0.000305	0.023254	0.037562	0.016866	0.024048	0.021988	0.042316	0.016786	0.021815	0.032836	0.000359	0.008361	0.012999	0.019268	0.013902	0.007849	0.041502	0.023853	0.033217	0.035488	0.020618	0.02731	0.013749	0.035478	0.028208	0.015949	0.002852	0.040023	0.025078	
0.036675	0.006157	0.023326	0.013447	0.015105	0.006966	0.002485	0.020228	0.007455	0.024747	0.036974	0.00577	0.0206	0.023441	0.01691	0.013346	0.014368	0.032895	0.036591	0.018876	0.027744	0.021225	0.007936	0.037141	0.032253	0.033653	0.026316	0.006133	0.000285	0.027885	0.008664	0.027443	0.002263	0.036943	0.037132	0.035741	0.001053	0.036394	0.02744	0.00177	0.003194	0.018471	0.013234	0.031999	0.015945	0.036104	0.013146	0.02769	0.027959	0.000482	
0.016273	0.023477	0.012223	0.02924	0.029997	0.013873	0.007374	0.002347	0.035	0.026042	0.016976	0.009143	0.036443	0.021986	0.005463	0.019593	0.020446	0.033081	0.022784	0.002696	0.012733	0.025731	0.015062	0.028963	0.030912	0.013726	0.032559	0.01537	0.002993	0.034089	0.026012	0.01233	0.011598	0.027922	0.024143	0.033175	0.013294	0.010461	0.029544	0.025808	0.028779	0.036042	0.022169	0.028081	0.02169	0.006307	0.019461	0.00047	0.011892	0.014227	
0.014221	0.027792	0.02405	0.025495	0.035601	0.035109	0.031561	0.004113	0.022989	0.005107	0.001104	0.028581	0.007703	0.001029	0.001113	0.00951	0.035866	0.014065	0.020399	0.020756	0.029642	0.002717	0.005045	0.02104	0.028473	0.021798	0.009513	0.022019	0.001414	0.017424	0.03489	0.035177	0.029265	0.027015	0.030912	0.020113	0.026208	0.0227	0.027392	0.02313	0.003118	0.020311	0.031852	0.022479	0.012565	0.030163	0.00951	0.027476	0.01239	0.028085	
0.02369	0.019664	0.001321	0.024804	0.009264	0.020309	0.036332	0.021912	0.024219	0.012214	0.001128	0.015328	0.032604	0.020697	0.012996	0.015168	0.028276	0.021649	0.004996	0.022083	0.024826	0.013707	0.035739	0.032217	0.033211	0.017717	0.013916	0.036946	0.037402	0.010147	0.03641	0.031569	0.003987	0.037653	0.024368	0.014221	0.029477	0.027563	0.007179	0.000395	0.004431	0.035288	0.0262	0.036837	0.001838	0.020261	0.000414	0.02372	0.010941	0.002766	
0.023995	0.009267	0.020228	0.024734	0.019754	0.009809	0.002889	0.002763	0.034842	0.015394	0.029487	0.035923	0.006545	0.008527	0.032862	0.024167	0.011532	0.010586	0.022193	0.037079	0.018916	0.01623	0.01923	0.0072	0.031173	0.031478	0.020334	0.023392	0.002382	0.022099	0.0264	0.016082	0.034634	0.031248	0.020007	0.032459	0.020061	0.022	0.008725	0.003248	0.028323	0.026984	0.03644	0.000279	0.017353	0.020229	0.037575	0.00291	0.035954	0.004079	
0.024721	0.014907	0.007072	0.026794	0.030133	0.02248	0.036295	0.020406	0.009993	0.027033	0.019896	0.035829	0.031516	0.006869	0.011187	0.030351	0.031982	0.023818	2.6e-05	0.036842	0.013308	0.014251	0.021192	0.002755	0.008174	0.006621	0.02528	0.031263	0.013163	0.036533	0.010938	0.025246	0.013555	0.037622	0.01715	0.005047	0.016763	0.006582	0.024174	0.001176	0.032678	0.020211	0.027163	0.033752	0.003281	0.023961	0.020749	0.02896	0.010969	0.019333	
0.010567	0.034371	0.020874	0.01702	0.018177	0.036507	0.037278	0.021779	0.03057	0.010318	0.03298	0.016057	0.000987	0.033498	0.000682	0.028411	0.035744	0.01338	0.008257	0.006021	0.006568	0.028075	0.02422	0.030439	0.035572	0.020087	0.006192	0.02789	0.013273	0.001088	0.022497	0.02671	0.018043	0.026213	0.004802	0.027078	0.030484	0.013481	0.027713	0.02341	0.015273	0.009851	0.025051	0.01874	0.015054	0.02181	0.031772	0.003226	0.017919	0.013991	
0.034267	0.003425	0.034001	0.036997	0.009518	0.013006	0.000104	0.003481	0.035571	0.029426	0.034166	0.01341	0.009535	0.010904	0.035031	0.030023	0.025316	0.035399	0.026635	0.030451	0.01699	0.004699	0.005735	0.003392	0.015718	0.006303	0.014793	0.033942	0.008389	0.004304	0.012309	0.028532	0.016375	0.021819	0.036206	0.007351	0.034941	0.020777	0.017977	0.023757	0.025384	0.0297	0.017937	0.012861	0.023323	0.027114	0.022407	0.009531	0.036669	0.010099	
0.020115	0.014544	0.002409	0.02264	0.007675	0.017354	0.021335	0.031209	0.023573	0.029162	0.034784	0.025427	0.024021	0.011171	0.021517	0.034539	0.026862	0.035055	0.035186	0.000247	0.035303	0.021126	0.017743	0.005051	0.033693	0.029857	0.012899	0.0221	0.01411	0.028137	0.02675	0.012826	0.030729	0.03285	0.004045	0.03306	0.019842	0.014909	0.029847	0.020333	0.030636	0.029259	0.004597	0.011777	0.000429	0.000838	0.010375	0.019588	0.001652	0.006814	
0.004975	0.01398	0.025169	0.017928	0.016694	0.037336	0.027072	0.01889	0.035546	0.020726	0.016467	0.024495	0.024918	0.035192	0.026448	0.000279	0.029444	0.008764	0.028737	0.023225	0.03018	0.023147	0.028357	0.01979	0.030789	0.010028	0.022042	0.023132	0.036524	0.041171	0.001154	0.003723	0.014733	0.000573	0.021358	0.001981	0.009076	0.039984	0.003037	0.011259	0.020327	0.035807	0.007185	0.023325	0.013906	0.037835	0.033336	0.013309	0.0003	0.006347	
0.02262	0.002668	0.033559	0.011165	0.038576	0.008822	0.020905	0.024521	0.021948	0.028852	0.002781	0.040839	0.029941	0.02306	7.9e-05	0.003355	0.010375	0.023066	0.029488	0.004027	0.015565	0.028616	0.035923	0.002142	0.019345	0.020241	0.016095	0.028815	0.003359	0.023212	0.014438	0.013052	0.010628	0.023387	0.037342	0.030634	0.006999	0.005524	0.009545	0.011945	0.034147	0.024225	0.006515	0.008154	0.029436	0.025031	0.039	0.040722	0.015488	0.039828	
0.017317	0.018655	0.004788	0.026093	0.029854	0.005616	0.000625	0.000503	0.001051	0.027203	0.036897	0.030682	0.033258	0.005069	0.020372	0.005251	0.020891	0.024287	0.027239	0.025163	0.039207	0.006237	0.002602	0.025968	0.033665	0.038352	0.0374	0.029134	0.019832	0.004798	0.025584	0.031713	0.002705	0.000601	0.027315	0.022133	0.017749	0.018962	0.039239	0.023164	0.008662	0.03759	0.003053	0.033294	0.004004	0.025739	0.031959	0.001795	0.027386	0.019344	
0.009924	0.039015	0.03385	0.006994	0.022153	0.014831	0.002489	0.008114	0.02582	0.037498	0.012911	0.004878	0.024655	0.025334	0.028272	0.006046	0.026338	0.013997	0.025008	0.003233	0.014453	0.019022	0.005058	0.034781	0.011453	0.014069	0.031237	0.012043	0.038072	0.016659	0.006035	0.010327	0.033169	0.011338	0.025981	0.004861	0.000435	0.018213	0.032296	0.024047	0.038618	0.012309	0.015722	0.022225	0.030798	0.026959	0.029209	0.03543	0.015357	0.038464	
0.019894	0.005657	0.000495	0.001951	0.02643	0.003067	0.033021	0.009997	0.008277	0.007364	0.043232	0.00685	0.039973	0.010954	0.037305	0.00336	0.00759	0.020451	0.018099	0.010785	0.039248	0.014386	0.004531	0.039645	0.023681	0.041643	0.026277	0.012582	0.014539	0.015111	0.001423	0.04213	0.021846	0.012856	0.038051	0.029987	0.02833	0.041797	0.007748	0.01928	0.028748	0.027481	0.020559	0.016168	0.006285	0.01678	0.020868	0.03807	0.003722	0.031476	
0.03503	0.03744	0.015739	0.036214	0.037283	0.02577	0.017432	0.028885	0.022591	0.012387	0.002581	0.0175	0.012331	0.019653	0.01584	0.006513	0.01717	0.024032	0.014083	0.02511	0.026008	0.035964	0.001631	0.011141	0.026529	0.019565	0.023458	0.010383	0.015779	0.028401	0.008155	0.02105	0.037343	0.004717	0.024643	0.023284	0.006981	0.014366	0.00242	0.018504	0.037611	0.032153	0.019898	0.023179	0.033475	0.01762	0.003745	0.016671	0.02832	0.003422	
0.015749	0.015425	0.032774	0.012905	0.013495	0.004295	0.000625	0.022154	0.023404	0.009434	0.00831	0.021253	0.021052	0.036961	0.040641	0.033477	0.010233	0.010366	0.003361	0.033037	0.023814	0.015379	0.037134	0.031199	0.010159	0.015113	0.011862	0.000932	0.037803	0.015217	0.039191	0.024364	0.017321	0.024183	0.020534	0.00337	0.000371	0.019985	0.024873	0.037394	0.041236	0.012693	0.017534	0.01406	0.029912	0.022033	0.021102	0.000522	0.040887	0.020872	
0.038756	0.018954	0.021783	0.007764	0.025148	0.037933	0.004535	0.011213	0.017866	0.037749	0.032876	0.016952	0.027565	0.006974	0.034676	0.02603	0.038026	0.02787	0.01313	0.017888	0.016523	0.029762	0.037678	0.017624	0.0268	0.022775	0.028615	0.028185	0.002376	0.006311	0.025291	0.004441	0.032968	0.016922	0.012067	0.007479	0.016198	0.018681	0.025596	0.028177	0.022829	0.00277	0.006528	0.011654	9.1e-05	0.008254	0.004174	0.032706	0.009548	0.033289	
0.016187	0.00899	0.012861	0.023035	0.005594	0.002426	0.034078	0.022424	0.011703	0.008197	0.001112	0.021109	0.026317	0.019728	0.025461	0.006388	0.037934	0.008991	0.035783	0.037056	0.012936	0.027472	0.024866	0.026681	0.005374	0.022827	0.01141	0.030474	0.017102	0.033314	0.022261	0.007646	0.019494	0.023527	0.036917	0.03587	0.004924	0.037012	0.020825	0.003061	0.034152	0.02769	0.008546	0.019735	0.006351	0.037326	0.028565	0.026217	0.003313	0.018738	
0.030574	0.040701	0.000393	0.036852	0.022827	0.000815	0.02722	0.033517	0.004868	0.000258	0.038824	0.029446	0.005585	0.021126	0.005535	0.036046	0.01713	0.016049	0.003371	0.038323	0.013852	0.01584	0.042893	0.004394	0.017225	0.00082	0.005156	0.030745	0.00738	0.034652	0.033514	0.021114	0.023795	0.028204	0.002766	0.01577	0.002142	0.01385	0.033357	0.023917	0.036946	0.020658	0.012173	0.000828	0.042344	0.03216	0.03634	0.010998	0.012515	0.014192	
0.010097	0.007126	0.002643	0.007943	0.02521	0.020785	0.037934	0.006329	0.032214	0.036979	0.034162	0.019817	0.036789	0.028758	0.032186	0.008734	0.014734	0.014237	0.024158	0.016288	0.00061	0.020832	0.021632	0.022591	0.011779	0.037745	0.031022	0.011371	0.029524	0.03134	0.001769	0.008247	0.028667	0.014922	0.024291	0.025514	0.011378	0.024091	0.039184	0.017182	0.00952	0.015231	0.022124	0.032942	0.019289	0.02129	0.01104	0.010188	0.004876	0.022686	
0.009096	0.027141	0.02405	0.021368	0.000688	0.024587	0.026707	0.011414	0.000339	0.03833	0.023848	0.015424	0.008159	0.045222	0.006523	0.020748	0.001222	0.027459	0.026508	0.021327	0.036233	0.025925	0.041355	0.01201	0.023722	0.008966	0.041027	0.015718	0.003568	0.013881	0.039126	0.014858	0.029342	0.033838	0.009014	0.031346	0.016143	0.009841	0.025929	0.003089	0.030763	0.00263	0.017904	0.013303	0.019704	0.005045	0.022844	0.044393	0.020771	0.007552	
0.028945	0.030322	0.028037	0.014595	0.028162	0.030918	0.015772	0.00785	0.029719	0.015614	0.027297	0.01003	0.001677	0.004801	3.1e-05	0.023825	0.007918	0.035512	0.034623	0.022471	0.037063	0.008829	0.001622	0.012814	0.030603	0.030889	0.00221	0.020949	0.002184	0.036501	0.03585	0.001205	0.020787	0.012153	0.001517	0.029818	0.004665	0.02624	0.018996	0.030412	0.014542	0.010107	0.034777	0.033374	0.029279	0.03452	0.018695	0.017203	0.005023	0.039054	
0.005175	0.032815	0.017128	0.002189	0.001984	0.029821	0.020606	0.027745	7.8e-05	0.007957	0.004742	0.011243	0.040032	0.026962	0.039248	0.014365	0.011277	0.01587	0.030759	0.02573	0.017615	0.039342	0.007989	0.04117	0.000652	0.032031	0.026678	0.017677	0.014887	0.006292	0.018424	0.010583	0.000503	0.0364	0.033111	0.001941	0.020859	0.004749	0.032909	0.030617	0.034483	0.023774	0.002543	0.041086	0.031856	0.025304	0.035619	0.006101	0.026054	0.013025	
0.027133	0.033674	0.005345	0.007973	0.019173	0.017323	0.017655	0.009468	0.01525	0.016966	0.00793	0.040076	0.010606	0.037002	0.004523	0.01318	0.001648	0.032837	0.022335	0.024416	0.023606	0.023053	0.010932	0.022916	0.000639	0.039963	0.024461	0.003827	0.017575	0.022031	0.038726	0.003674	0.032594	0.009923	0.024114	0.024691	0.029558	0.033857	0.01301	0.030553	0.037964	0.008911	0.039216	0.017591	0.011903	0.038788	0.001644	0.00732	0.034479	0.007968	
0.017705	0.021768	0.018934	0.007401	0.010735	0.016513	0.010023	0.036307	0.011939	0.028148	0.029462	0.006745	0.033605	0.003078	0.020546	0.014843	0.016135	0.033897	0.009787	0.011856	0.028004	0.023241	0.021969	0.018173	0.035651	0.030458	0.032434	0.032682	0.017394	0.024519	0.030044	0.010076	0.02886	0.022641	0.002891	0.032225	0.03223	0.027551	0.002142	0.026691	0.005354	0.033541	0.012948	0.014813	0.022641	0.035618	0.002123	0.003647	0.014157	0.015855	
0.023344	0.031562	0.016343	0.029082	0.021085	0.018881	0.017724	0.028138	0.021666	0.033356	0.016905	0.001872	0.02686	0.021821	0.024973	0.022543	0.012455	0.01741	0.036808	0.000539	0.037422	0.013352	0.00044	0.035392	0.005487	0.011123	0.025519	0.02956	0.030114	0.021572	0.027447	0.021087	0.02136	0.003026	0.02635	0.004964	0.035038	0.028305	0.003506	0.005872	0.019994	0.021316	0.005852	0.02916	0.01059	0.02765	0.03791	0.031124	0.001128	0.004973	
0.011135	0.016067	0.012135	0.020168	0.016647	0.036576	0.02768	0.012326	0.022856	0.00496	0.033107	0.029991	0.039591	0.005803	0.042869	0.02172	0.018929	0.032135	0.027228	0.011864	0.014502	0.023297	0.030756	0.034183	0.003029	0.000794	0.033744	0.000212	0.007581	0.012348	0.018763	0.017509	0.027643	0.010936	0.007859	0.029352	0.017321	0.024141	0.013262	0.031639	0.033771	0.013662	0.03863	0.000433	0.03376	0.027286	0.005818	0.005306	0.029715	0.008961	
0.008197	0.025641	0.006433	0.024498	0.00407	0.007281	0.024049	0.023208	0.024107	0.028689	0.02595	0.002899	0.041231	0.02949	0.015832	0.01888	0.017738	0.002926	0.036058	0.034905	0.028669	0.011394	0.011605	0.022267	0.004811	0.02996	0.022053	0.029254	0.028804	0.0361	0.030742	0.002928	0.016595	0.021264	0.023893	0.037512	0.025294	0.000345	0.017501	0.010078	0.005832	0.015536	0.021007	0.013717	0.016642	0.015702	0.012018	0.012671	0.03888	0.034844	
0.02214	0.025217	0.00557	0.011937	0.033436	0.024002	0.022388	0.012593	0.036105	0.031563	0.013534	0.024599	0.027048	0.001554	0.026633	0.020378	0.020521	0.001572	0.008194	0.029326	0.027053	0.011528	0.006613	0.036738	0.014782	0.02342	0.032974	0.017169	0.022505	0.025242	0.031785	0.014835	0.029484	0.01001	0.028243	0.017861	0.031584	0.020788	0.021937	0.004647	0.032979	0.015258	0.026206	0.014163	0.012789	0.023759	0.026999	0.016665	0.002017	0.001657	
0.029523	0.035021	0.036342	0.020343	0.027969	0.025016	0.03899	0.013193	0.030524	0.003542	0.039987	0.003036	0.029734	0.033985	0.004586	0.018584	0.009803	0.0034	0.008662	0.035108	0.019929	0.002341	0.014653	0.039055	0.006876	0.027754	0.016639	0.024561	0.007297	0.021496	0.005827	0.002461	0.012736	0.014458	0.00244	0.023506	0.039276	0.02941	0.01001	0.017413	0.014721	0.012099	0.005354	0.007995	0.027216	0.038915	0.027935	0.021972	0.034631	0.023676	
0.032286	0.021454	0.013141	0.014657	0.004651	0.032018	0.026941	0.007661	0.033995	0.034946	0.012262	0.033352	0.035	0.030645	0.03419	0.022591	0.029346	0.021157	0.011469	0.014333	0.022835	0.005945	0.002106	0.035994	0.017	0.017136	0.013595	0.014492	0.024586	0.016391	0.023948	0.02674	0.017952	0.021813	0.019161	0.008346	0.015463	0.019327	0.023246	0.019556	0.016507	0.012526	0.012475	0.021622	0.014028	0.024573	0.003985	0.000935	0.025723	0.035899	
0.018801	0.027347	0.014126	0.010279	0.025048	0.0397	0.021197	0.000161	0.011757	0.01902	0.012228	0.003728	0.002752	0.018141	0.039248	0.003308	0.003763	0.011966	0.002607	0.045014	0.006144	0.014345	0.018322	0.013927	0.042178	0.040119	0.006571	0.004674	0.012138	0.024368	0.038661	0.018703	0.022616	0.00238	0.020518	0.029495	0.035349	0.037508	0.022597	0.016879	0.042794	0.016933	0.041721	0.035249	0.021514	0.029897	0.021398	0.019893	0.009468	0.00345	
0.002215	0.011436	0.026872	0.005878	0.031656	0.032708	0.032209	0.026518	0.031342	0.0043	0.014418	0.008243	0.005681	0.003626	0.012571	0.019448	0.006223	0.003062	0.014103	0.021239	0.031427	0.019944	0.016049	0.022412	0.027629	0.016843	0.033435	0.015122	0.033492	0.027666	0.01476	0.033542	0.033994	0.000425	0.00341	0.033348	0.020744	0.034305	0.028923	0.025554	0.011691	0.027993	0.019395	0.029481	0.023726	0.027564	0.032552	0.011521	0.001617	0.027688	
0.006693	0.020113	0.026268	0.024215	0.017974	0.021812	0.025232	0.034944	0.011892	0.002963	0.014654	0.01571	0.035813	0.00867	0.009608	0.028864	0.024023	0.031526	0.002063	0.007452	0.004453	0.006443	0.013259	0.023352	0.02177	0.002837	0.007819	0.023295	0.010414	0.019953	0.018043	0.034797	0.027322	0.020937	0.036392	0.021048	0.035619	0.023109	0.007383	0.021664	0.026045	0.021923	0.033793	0.031552	0.021587	0.02923	0.024047	0.027281	0.010431	0.023713	
0.013696	0.011946	0.022235	0.03426	0.032205	0.008643	0.007342	0.00109	0.01763	0.034785	0.022482	0.016817	0.018572	0.033675	0.005627	0.021175	0.018398	0.020829	0.027483	0.002965	0.002003	0.01275	0.005756	0.01219	0.032287	0.030177	0.0329	0.008876	0.023269	0.016552	0.030738	0.029019	0.027098	0.014492	0.034459	0.003627	0.007808	0.036689	0.023198	0.033967	0.030961	0.033715	0.024211	0.006743	0.03223	0.020979	0.028746	0.001008	0.027984	0.003713	
0.03577	0.01167	0.008986	0.017293	0.016954	0.009613	0.02541	0.032284	0.003298	0.00338	0.021439	0.024416	0.019207	0.012122	0.015944	0.01973	0.001288	0.020951	0.023598	0.009136	0.001538	0.022701	0.031192	0.029917	0.018675	0.037683	0.017443	0.019894	0.037441	0.031173	0.02226	0.007234	0.020202	0.002585	0.030937	0.028883	0.014182	0.013632	0.034446	0.034901	0.011098	0.036354	1.4e-05	0.029911	0.015898	0.016127	0.025123	0.011292	0.028133	0.036642	
0.018795	0.030668	0.016319	0.011385	0.020797	0.036812	0.019025	0.016548	0.013071	0.025328	0.034406	0.028148	0.024492	0.037162	0.029104	0.000363	0.002642	0.037552	0.031349	0.008335	0.002836	0.01907	0.019949	0.025426	0.011065	0.037065	0.003983	0.016863	0.011047	0.025389	0.025372	0.011429	0.027697	0.007979	0.019012	0.031501	0.031309	0.03302	0.0333	0.006256	0.012428	0.0291	0.003438	0.025955	0.0099	0.022785	0.02573	0.000559	0.007984	0.020252	
0.000395	0.021088	0.011896	0.010527	0.024938	0.042202	0.025523	0.018942	0.038486	0.029001	0.016637	0.019484	0.006999	0.009598	0.02699	0.030499	0.004753	0.001079	0.00408	0.012175	0.012985	0.038602	0.024606	0.005481	0.01691	0.004803	0.01984	0.013706	0.005289	0.028769	0.039985	0.042657	0.03572	0.039541	0.017503	0.003803	0.042679	0.023908	0.00574	0.011359	0.007237	0.044672	0.015553	0.011498	0.040252	0.040196	0.004786	0.020374	0.020727	0.005527	
0.028295	0.011187	0.034082	0.017444	0.011563	0.021051	0.013687	0.034256	4.9e-05	0.034638	0.036588	0.03324	0.007061	0.018408	0.0077	0.009991	0.01074	0.017044	0.043611	0.034976	0.037807	0.028033	0.033114	0.024842	0.004802	0.025733	0.031114	0.027475	0.009529	0.009531	0.014232	0.020419	0.013119	0.017827	0.032672	0.011212	0.004501	0.032587	0.021721	0.027125	0.005415	0.001823	0.004905	0.031086	0.02973	0.002826	0.006068	0.038881	0.001776	0.024484	
0.019073	0.024002	0.031762	0.021787	0.022942	0.018241	0.038057	0.013369	0.033203	0.026005	0.02248	0.011688	0.013217	0.028962	0.034804	0.020618	0.005529	0.036093	0.035593	0.008772	0.006577	0.011522	0.017144	0.002143	0.020065	0.016116	0.022529	0.011316	0.006471	0.022902	0.039954	0.033488	0.001216	0.036275	0.039992	0.019535	0.030195	0.014745	0.025218	0.019571	0.007762	0.012007	0.009003	0.01107	0.031901	0.026749	0.009903	0.007363	0.017607	0.003464	
0.024288	0.010787	0.00313	0.00237	0.00948	0.004054	0.044152	0.044531	0.010355	0.010518	0.031542	0.037983	0.036264	0.005177	0.017783	0.03166	0.005397	0.007857	0.022122	0.008129	0.006655	0.014488	0.004521	0.001271	0.013916	0.034954	0.003001	0.003975	0.022317	0.015256	0.033967	0.00732	0.042293	0.004676	0.033528	0.015539	0.021405	0.002452	0.034909	0.019577	0.040277	0.039873	0.001049	0.044303	0.013626	0.033886	0.043914	0.009145	0.029911	0.040417	
0.036792	0.021728	0.027973	0.031596	0.005941	0.014326	0.014697	0.024996	0.028418	0.010476	0.03066	0.014783	0.014834	0.023794	0.015116	0.012378	0.035479	0.038837	0.016483	0.034552	0.01958	0.011119	0.005452	0.034076	0.00023	0.005256	0.038236	0.019589	0.002194	0.033455	0.019817	0.012365	0.030966	0.023875	0.026703	0.023453	0.035813	0.005683	0.000687	0.033771	0.007884	0.005494	0.025918	0.010017	0.003225	0.000264	0.038731	0.031565	0.034707	0.006016	
0.003848	0.008179	0.032562	0.035982	0.037437	0.037627	0.004452	0.030894	0.039289	0.011708	0.03479	0.02859	0.026265	0.025005	0.015254	0.032769	0.027016	0.032981	0.035397	0.002675	0.021006	0.003227	0.018222	0.01989	0.026409	0.014021	0.015072	0.040807	0.009895	0.004543	0.027664	0.021887	0.003463	0.021521	0.033	0.034849	0.036466	0.021348	0.003595	0.006994	0.009739	0.025593	0.001855	0.009081	0.007004	0.001272	0.006053	0.033792	0.018329	0.000683	
0.021832	0.026095	0.025734	0.027132	0.017157	0.000568	0.018917	0.034509	0.013397	0.017472	0.033205	0.021687	0.013232	0.011284	0.021613	0.033819	0.025074	0.03417	0.006841	0.006955	0.011393	0.023304	0.027547	0.021578	0.027318	0.005472	0.027774	0.029403	0.019615	0.003733	0.001173	0.01603	0.01429	0.008707	0.028605	0.012804	0.013782	0.024196	0.012545	0.026961	0.015268	0.017066	0.030839	0.02633	0.023477	0.033324	0.007492	0.030443	0.034504	0.014334	
0.038825	0.017503	0.035914	0.03342	0.004739	0.012981	0.016302	0.009931	0.036887	0.011932	0.007255	0.021623	0.035264	0.007747	0.011651	0.037316	0.032156	0.005425	0.034628	0.004558	0.003014	0.00026	0.014252	0.034805	0.019218	0.002502	0.028008	0.036495	0.022903	0.019803	0.029383	0.000269	0.016011	0.020943	0.010469	0.029909	0.014076	0.036187	0.040758	0.001441	0.010004	0.029837	0.015503	0.032854	0.010719	0.029761	0.02227	0.004828	0.022298	0.025163	
0.025908	0.030763	0.034737	0.035763	0.038485	0.015284	0.00297	0.01229	0.015012	0.003822	0.035013	0.033875	0.030992	0.02543	0.008565	0.015897	0.035816	0.036843	0.018985	0.01372	0.003288	0.004025	0.034284	0.011509	0.005649	0.03797	0.009939	0.02702	0.004649	0.007472	0.03327	0.020629	0.021146	0.002298	0.00035	0.012004	0.032061	0.02964	0.012071	0.016865	0.023439	0.009507	0.015203	0.033323	0.016298	0.033292	0.017651	0.035273	0.00802	0.011685	
0.007685	0.0293	0.021627	0.029813	0.020108	0.031865	0.011853	0.026414	0.014944	0.007269	0.014401	0.028077	0.022241	0.010376	0.02109	0.016581	0.027817	0.016628	0.011563	0.026308	0.002864	0.020268	0.013404	0.031094	0.030798	0.015809	0.006504	0.021177	0.019157	0.012257	0.02245	2.8e-05	0.033491	0.027746	0.033909	0.011268	0.016424	0.033724	0.03052	0.015545	0.014873	0.033802	0.01516	0.027198	0.007827	0.008589	0.027901	0.020089	0.016108	0.034056	
0.035058	0.030365	0.001402	0.020215	0.033284	0.000729	0.012106	0.00652	0.036705	0.02665	0.000434	0.035285	0.033449	0.014427	0.007249	0.007524	0.032276	0.024328	0.033744	0.00188	6e-06	0.00556	0.00767	0.029718	0.029724	0.013517	0.024011	0.01106	0.012034	0.027812	0.026528	0.006927	0.031235	0.018335	0.033957	0.010222	0.022696	0.033112	0.032092	0.017748	0.012123	0.030669	0.033013	0.022552	0.0242	0.011859	0.025412	0.020701	0.013881	0.017996	
0.017045	0.030016	0.031016	0.01684	0.029636	0.02398	0.036449	0.032929	0.011648	0.031853	0.010111	0.030299	0.016075	0.009458	0.004475	0.008088	0.030583	0.015407	0.006678	0.027871	0.036096	0.008906	0.019456	0.025586	0.016525	0.022981	0.003985	0.011078	0.027545	0.017203	0.011408	0.024728	0.002621	0.001106	0.022052	0.032377	0.016637	5e-06	0.003262	0.027493	0.025796	0.034714	0.032967	0.026761	0.024667	0.021891	0.020385	0.023685	0.036031	0.001596	
0.017739	0.000391	0.001509	0.035745	0.03205	0.000333	0.021659	0.035466	0.006391	0.019127	0.005305	0.034725	0.021251	0.036399	0.037015	0.02465	0.034844	0.005647	0.002567	0.027675	0.007897	0.021884	0.027397	0.004208	0.005269	0.030946	0.00714	0.004879	0.015863	0.016167	0.037384	0.029952	0.012258	0.025869	0.004778	0.034491	0.017232	0.036963	0.026197	0.030343	0.028502	0.018423	0.008274	0.022416	0.018959	0.006307	0.025558	0.014046	0.034463	0.025447	
0.040888	0.026063	0.00682	0.005036	0.009581	0.009268	0.024601	0.042704	0.006176	0.030267	0.016306	0.034219	0.027178	0.017082	0.011598	0.011555	0.028622	0.041758	0.005486	0.006827	0.026307	0.000694	0.018171	0.016026	0.041772	0.040658	0.000999	0.025626	0.042716	0.00586	0.030614	0.015489	0.0388	0.003376	0.000353	0.013529	0.017953	0.03037	0.012217	0.003981	0.022909	0.004928	0.0448	0.01501	0.024818	0.008112	0.021341	0.023087	0.023806	0.023643	
0.03594	0.032634	0.027406	0.012185	0.018579	0.016516	0.026043	0.013996	0.005027	0.001695	0.023955	0.028744	0.014754	0.011309	0.02397	0.023425	0.042053	0.038935	0.001339	0.024075	0.006811	0.037355	0.018978	0.012076	0.028273	0.041748	0.040764	0.038199	0.007559	0.004417	0.011976	0.004423	0.014626	0.008138	0.008433	0.018585	0.001223	0.025408	0.006021	0.03179	0.012445	0.018989	0.030724	0.014787	0.036978	0.036186	0.02088	0.019132	0.002231	0.018265	
0.016233	0.01829	0.007022	0.004141	0.008516	0.0375	0.022497	0.000329	0.014377	6.1e-05	0.023456	0.006598	0.036589	0.022398	0.007698	0.01095	0.008155	0.033292	0.016046	0.024692	0.005437	0.040131	0.015101	0.017495	0.040186	0.032112	0.003009	0.02068	0.005037	0.01737	0.003228	0.041359	0.028461	0.005941	0.025841	0.039298	0.001617	0.019558	0.026732	0.02573	0.04166	0.004155	0.01897	0.008838	0.036113	0.026668	0.023239	0.031508	0.040211	0.035475	
0.032391	0.017792	0.012501	0.028879	0.00275	0.025781	0.002727	0.033474	0.018715	0.020302	0.00919	0.026779	0.005058	0.009441	0.034719	0.034565	0.012644	0.015156	0.012892	0.009963	0.022482	0.013488	0.010874	0.02886	0.007927	0.022555	0.034653	0.018653	0.027402	0.013443	0.01685	0.017134	0.009006	0.032029	0.03161	0.035449	0.014357	0.035291	0.007393	0.036013	0.03617	0.014153	0.034856	0.036646	0.003175	0.010668	2.3e-05	0.026492	0.020845	0.015784	
0.017682	0.035178	0.028203	0.026382	0.021936	0.009112	0.03067	0.01411	0.006914	0.014343	0.027366	0.019528	0.013436	0.034964	8e-06	0.034416	0.015851	0.025622	0.032571	0.025115	0.018978	0.002975	0.014887	0.007486	0.014084	0.025644	0.02356	0.035172	0.029866	0.016284	0.005126	0.031838	0.004249	0.008585	0.030696	0.015491	0.029035	0.009238	0.034115	0.025878	0.019004	0.008326	0.019056	0.011325	0.030766	0.005221	0.015295	0.018666	0.033525	0.022222	
0.02214	0.005649	0.034006	0.030879	0.003672	0.014522	0.006276	0.022029	0.017959	0.024339	0.005045	0.028201	0.032984	0.02677	0.029128	0.00775	0.003772	0.033017	0.032596	0.027466	0.032181	0.032349	0.027293	0.01912	0.002388	0.004306	0.004855	0.025248	0.026199	0.032259	0.01064	0.023736	0.006774	0.013456	0.027592	0.033536	0.011921	0.014751	0.013267	0.005851	0.006735	0.033549	0.001403	0.011894	0.029248	0.027882	0.032986	0.031312	0.030742	0.018327	
0.035027	0.016019	0.007933	0.007256	0.004019	0.030248	0.008342	0.00636	0.001251	0.028542	0.006575	0.017453	0.035757	0.022395	0.015518	0.032089	0.013141	0.022491	0.021002	0.015921	0.025954	0.026733	0.035549	0.032796	0.030952	0.012866	0.024186	0.025454	0.008375	0.009476	0.017798	0.021409	0.02381	0.002624	0.01473	0.033423	0.001013	0.020486	0.030399	0.018893	0.016455	0.029226	0.025823	0.021673	0.035679	0.032829	0.001074	0.01123	0.0298	0.031946	
0.032353	0.003599	0.035403	0.026194	0.037148	0.013698	0.02414	0.017098	0.001939	0.014954	0.038108	0.04237	0.015254	0.013249	0.019414	0.02951	0.016002	0.007806	0.03751	0.023021	0.002894	0.027698	0.035522	0.02567	0.03313	0.035921	0.022214	0.013001	0.026422	0.000437	0.003845	0.012203	0.016706	0.010917	0.005576	0.020723	0.015157	0.007136	0.033735	0.031724	0.019045	0.007351	0.028752	0.002887	0.004627	0.02023	0.033524	0.02711	0.003477	0.023596	
0.013968	0.039414	0.014658	0.030007	0.009523	0.002916	0.019605	0.030845	0.01809	0.040738	0.004816	0.036887	0.002255	0.038803	0.030848	0.016969	0.008161	0.022502	0.01428	0.012414	0.022441	0.011787	0.032342	0.01623	0.024542	0.032278	0.017508	0.011518	0.01836	0.014134	0.032346	0.018819	0.023014	0.016151	0.008855	0.027559	0.019688	0.011207	0.011819	0.025836	0.023213	0.000405	0.036383	0.036676	0.016633	0.017334	0.002673	0.00525	0.015569	0.041731	
0.014509	0.018732	0.012476	0.032776	0.006992	0.021337	0.02479	0.025555	0.019554	0.004763	0.011662	0.01234	0.026334	0.029407	0.011223	0.002562	0.032831	0.036174	0.028292	0.006025	0.031627	0.023471	0.021578	0.00262	0.004142	0.035576	0.026957	0.001727	0.02216	0.026601	0.018965	0.029209	0.010049	0.036747	0.036423	0.009295	0.030499	0.025144	0.018657	0.004228	0.00726	0.010855	0.012973	0.028627	0.019903	0.034424	0.01485	0.014858	0.026815	0.035426	
0.008033	0.007982	0.000403	0.020669	0.037099	0.024642	0.010799	0.033321	0.022005	0.034417	0.026687	0.000803	0.018865	0.03194	0.034173	0.019324	0.022284	0.005529	0.024664	0.011613	0.016496	0.008218	0.017905	0.011123	0.032328	0.008621	0.034201	0.003649	0.0332	0.026683	0.035721	0.012406	0.015151	0.035402	0.011524	0.035308	0.020066	0.022475	0.037218	0.029616	0.031705	0.000469	0.019264	0.005453	0.008265	0.03836	0.0035	0.015257	0.005588	0.029576	
0.021749	0.014571	0.017571	0.026314	0.031504	0.038797	0.023067	0.018048	0.012312	0.039792	0.003922	0.039345	0.030158	0.022033	0.002021	0.005173	0.030052	0.007414	0.029339	0.026695	0.011193	0.027058	0.014716	0.03739	0.023033	0.001267	0.011246	0.010755	0.00278	0.033688	0.003076	0.011547	0.038408	0.01196	0.035341	0.015035	5.6e-05	0.015403	0.005141	0.027525	0.028276	0.018399	0.027637	0.019934	0.004123	0.011919	0.014323	0.03898	0.020188	0.039726	
0.014077	0.00537	0.008389	0.016812	0.036721	0.023752	0.009807	0.011515	0.022972	0.025036	0.036806	0.024393	0.029671	0.021591	0.021112	0.027964	0.031762	0.03683	0.018344	0.003721	0.030771	0.023764	0.003118	0.025447	0.033679	0.00066	0.000514	0.01222	0.00285	0.026632	0.028644	0.03588	0.035977	0.029555	0.002479	0.024457	0.011949	0.013349	0.032543	0.025311	0.004043	0.02076	0.026269	0.000265	0.002862	0.015065	0.030437	0.02521	0.011938	0.036707	
0.023993	0.03286	0.015903	0.006801	0.002478	0.022643	0.035712	0.027227	0.008232	0.004582	0.002569	0.010478	0.026593	0.028698	0.015675	0.025775	0.029448	0.028337	0.03323	0.002203	0.036268	0.027992	0.007111	0.001682	0.026503	0.031333	0.000647	0.037648	0.024258	0.006042	0.027774	0.03099	0.021989	0.008914	0.009045	0.016872	0.019243	0.030803	0.002266	0.010071	0.028617	0.014945	0.035222	0.030878	0.025841	0.006318	0.020789	0.032128	0.03488	0.009494	
0.021859	0.015146	0.038158	0.020862	0.034567	0.039297	0.006753	0.007751	0.014059	0.00081	0.000573	0.015718	0.034864	0.033979	0.006467	0.02816	0.000726	0.005565	0.016654	0.022549	0.018879	0.020521	0.039706	0.028157	0.021009	0.013026	0.022633	0.040048	0.011535	0.026336	0.02892	0.021182	0.013784	0.019727	0.039084	0.00061	0.037376	0.008357	0.003664	0.010348	0.034934	0.021252	0.014946	0.002854	0.012356	0.03	0.008337	0.037541	0.008203	0.040158	
0.025149	0.005123	0.03317	0.01683	0.028228	0.022512	0.001051	0.031431	0.035876	0.005154	0.031568	0.006646	0.03846	0.016656	0.002395	0.01878	0.025099	0.001017	0.021276	0.040492	0.041063	0.01865	0.028018	0.034851	0.017992	0.002952	0.038225	0.021953	0.020871	0.030693	0.038411	0.018428	0.024396	0.019974	0.037658	0.009953	0.014611	0.021351	0.000611	0.037793	0.004832	0.007779	0.00471	0.039073	0.010061	0.014545	0.003609	0.017765	0.004413	0.007846	
0.018924	0.01244	0.023019	0.017924	0.00658	0.036685	0.001017	0.013679	0.020553	0.025404	0.025332	0.018741	0.027345	0.022637	0.017957	0.019613	0.006487	0.024179	0.022913	0.029709	0.027285	0.029453	0.027012	0.014791	0.012144	0.013224	0.034085	0.038036	0.009726	0.004926	0.025672	0.032159	0.00484	0.028068	0.029365	0.024386	0.022742	0.004683	0.023084	0.011185	0.022304	0.018502	0.009685	0.005358	0.009723	0.034413	0.037234	0.011897	0.028674	0.014206	
0.039746	0.018068	0.011089	0.024165	0.031606	0.01725	0.00674	0.030005	0.011396	0.041877	0.017406	0.010252	0.014865	0.041018	0.00714	0.019025	0.009738	0.014979	0.031017	0.007567	0.008758	0.009151	0.026618	0.019835	0.027967	0.000181	0.034468	0.024777	0.032477	0.004036	0.0142	0.001529	0.029489	0.028218	0.042132	0.005076	0.031108	0.011679	0.017943	0.044531	0.011621	0.004603	0.042751	0.006158	0.007268	0.005716	0.020714	0.026342	0.015836	0.039869	
0.025645	0.025437	0.005032	0.016867	0.035505	0.00048	0.002342	0.012143	0.039989	0.015864	0.036632	0.030548	0.02847	0.007525	0.013136	0.036622	0.037721	0.037765	0.016424	0.015197	0.019157	0.008568	0.022622	0.010778	0.01191	0.000992	0.038785	0.010199	0.013776	0.027112	0.020043	0.011054	0.014242	0.038759	0.007203	0.029197	0.014538	0.035349	0.031087	0.016362	0.029377	0.001107	0.004514	0.021318	0.011016	0.012514	0.038686	0.01027	0.009076	0.041045	
0.021761	0.028266	0.01149	0.015131	0.02021	0.022717	0.015642	0.010491	0.020977	0.027344	0.00334	0.019815	0.031888	0.034562	0.021189	0.031136	0.020359	0.034414	0.000488	0.017522	0.033375	0.02134	0.005878	0.008818	0.019455	0.015706	0.008251	0.029424	0.004492	0.013223	0.01761	0.022339	0.030198	0.023846	0.005793	0.025587	0.014057	0.035375	0.007137	0.032543	0.030524	0.024755	0.014647	0.034424	0.014429	0.019038	0.011657	0.000603	0.032941	0.033793	
0.34