50
2
-0.037322	-0.90005	-0.179884	0.859639	0.539861	-0.167142	0.528376	0.65252	0.237298	0.596134	0.753266	-0.21809	-0.041519	-0.475887	-0.702013	-0.920601	0.293219	-0.516891	-0.789337	0.582268	0.66153	-0.693081	0.501658	0.460868	-0.989702	0.814093	0.186766	-0.610868	0.550923	0.143943	0.506929	0.759102	-0.738608	-0.83877	-0.123015	-0.56047	-0.992304	0.043066	-0.07365	0.706892	-0.973125	-0.230142	0.463357	0.157764	-0.051966	0.250599	0.423008	-0.667563	-0.337176	-0.409778	
0.633323	-0.717593	0.951607	0.761826	-0.670002	0.05617	0.676037	0.702035	-0.138306	-0.377894	0.803313	0.974228	0.527595	-0.951147	-0.854414	-0.682969	0.039612	-0.027742	0.080981	-0.137837	-0.260841	-0.707543	0.738069	-0.456956	0.465923	-0.787223	0.091919	-0.077924	-0.79263	-0.066439	-0.923313	-0.616304	0.395459	-0.715446	-0.773045	0.417029	-0.835732	-0.757817	-0.684598	0.04079	0.692011	-0.930834	-0.829274	0.424932	0.40461	-0.328871	-0.057244	-0.06019	0.440636	-0.288105	
0.003606	0.145348	-0.521862	0.286042	0.84362	0.859135	0.227882	0.239066	0.137526	-0.093478	-0.029208	-0.634013	-0.739514	0.980128	0.987948	-0.871327	-0.705428	-0.334473	0.832496	-0.900361	-0.112905	0.230371	0.824647	0.148649	-0.1411	0.966349	0.226141	0.996822	0.706483	0.904979	-0.461623	0.165701	-0.852447	-0.538652	0.666862	0.160975	0.548636	0.950661	-0.783821	-0.54743	-0.832868	-0.645378	-0.089552	0.165204	-0.208126	-0.731858	-0.502582	0.336115	0.075064	0.400579	
0.504753	-0.61916	-0.315004	-0.706126	-0.929657	-0.45645	0.076181	-0.982001	0.54542	0.378206	0.689001	-0.85053	-0.523701	0.279886	0.745511	-0.177354	-0.250454	-0.472584	-0.826431	0.773285	0.717675	-0.5755	-0.97746	0.865992	0.412954	0.858883	0.481305	-0.105453	-0.326285	0.52119	-0.357406	0.738512	0.09327	0.199578	0.836834	-0.736416	0.994565	-0.763102	0.152144	0.290615	0.582742	-0.307355	-0.703242	0.558355	-0.820944	-0.8897	0.620933	-0.449909	-0.783947	0.082848	
0.591715	0.120783	0.985621	0.44285	0.861685	0.739538	-0.634902	-0.838376	-0.529862	0.123724	-0.2033	-0.515976	-0.556184	0.105886	0.194407	0.672859	0.775147	-0.572185	-0.069083	0.604199	0.589873	0.661796	-0.455973	0.20267	-0.005091	0.812954	-0.575089	0.853718	-0.917877	-0.236093	-0.306466	0.78935	0.597779	-0.604558	-0.172059	-0.228346	-0.46726	-0.939415	-0.182262	-0.439185	-0.277565	-0.20484	0.07852	-0.63544	0.666331	-0.449688	-0.145013	0.878274	0.603184	0.768399	
0.445959	0.976484	0.046079	0.091882	-0.829109	0.670266	0.002359	-0.992189	0.491101	0.795708	0.240429	-0.488305	-0.222012	-0.288605	0.161059	-0.619594	-0.817217	-0.952066	-0.204929	0.138996	0.397258	0.449346	-0.563364	-0.186781	-0.549	-0.759127	-0.532118	0.795539	-0.605746	0.537548	-0.221953	0.967682	0.97461	0.561864	0.083106	-0.555618	0.054715	0.151492	0.836586	0.826512	0.270783	-0.81167	0.07642	-0.381977	-0.813526	0.736081	0.136695	-0.593668	0.059779	-0.423597	
0.365584	-0.008802	0.617321	0.804644	-0.552746	0.471248	-0.767901	0.336128	-0.651097	0.072588	-0.108206	-0.677609	-0.852227	-0.460434	0.147311	0.970531	-0.032438	0.151013	0.578027	-0.590052	-0.974788	0.854863	0.798325	-0.029196	0.981231	0.895021	0.304127	-0.203733	0.48436	0.333494	0.679276	-0.592346	-0.291454	0.188966	0.332922	0.403875	0.992479	0.363228	0.703875	0.329851	0.43036	-0.282625	-0.316967	0.945283	-0.779005	-0.286147	0.120275	0.204596	0.351146	0.737056	
-0.193885	-0.704453	-0.680509	-0.69797	-0.321262	-0.254151	0.329084	0.811003	0.404723	0.851781	0.593014	-0.447452	-0.636712	0.285125	0.537963	0.509635	-0.540615	-0.558481	0.887722	-0.744273	0.555309	-0.119928	-0.12133	-0.291737	0.78596	0.1764	0.150963	0.954507	0.993604	0.029767	-0.295546	-0.806542	-0.388479	0.100472	0.509689	0.200896	-0.818268	0.694529	0.272819	0.429917	-0.373229	0.104151	-0.347281	0.424764	0.844942	0.923355	-0.591713	0.458545	0.806978	-0.329081	
-0.22783	0.561029	-0.333621	-0.338019	-0.2009	-0.100249	0.247569	0.652844	-0.667529	0.618885	-0.655074	0.901273	0.554648	-0.314988	-0.324051	-0.799293	-0.887837	0.716639	-0.654843	0.740221	-0.334153	0.141554	-0.703301	-0.503004	0.080833	-0.33669	-0.086016	0.505378	0.90954	0.441702	0.091835	-0.284451	0.894935	-0.495458	-0.096583	-0.74548	0.834061	-0.019459	-0.724119	0.129237	0.616452	0.347844	0.899222	0.389519	-0.012321	0.063585	-0.763839	-0.830321	0.249558	0.10296	
-0.051829	0.914824	0.261186	0.468649	-0.23705	-0.870948	0.015831	-0.993878	-0.816205	0.563588	-0.932535	0.669005	0.223498	-0.870775	-0.490827	-0.119754	0.7076	0.404106	0.171757	0.426721	-0.443539	0.704928	-0.410035	0.386351	0.400333	-0.35129	-0.493945	0.338103	0.144187	0.132596	-0.576593	-0.676195	-0.011282	-0.495288	0.665686	0.09031	-0.490738	0.599307	-0.424891	0.904853	0.235161	0.379203	0.535592	0.10468	0.169985	-0.575601	0.738073	-0.35485	0.322436	0.987147	
-0.897222	-0.535286	-0.436583	0.950641	-0.640027	-0.192408	0.148315	-0.335055	0.144083	-0.427313	0.704384	0.256219	-0.657	-0.153579	-0.448681	0.86141	0.448899	-0.048659	0.859465	0.244424	0.231206	-0.313405	-0.709775	-0.992395	0.513902	-0.404148	0.625533	-0.457441	0.127376	0.50158	0.957994	0.791993	-0.259134	-0.583409	0.734303	0.441008	0.592936	-0.679953	-0.829658	0.859569	-0.563467	-0.190678	0.248053	0.09313	-0.162779	0.352375	-0.582343	0.109774	-0.860913	0.707113	
-0.445672	0.642205	0.012141	0.624789	0.658222	0.630707	0.559648	-0.076798	-0.005137	0.149587	-0.304303	-0.60097	-0.728162	-0.527048	0.285473	0.882037	-0.970229	-0.26073	-0.996181	-0.085175	0.130539	0.092492	-0.218545	0.557292	0.468529	0.724965	0.110327	-0.156091	-0.231345	0.25842	0.55501	-0.385136	0.473609	0.806144	0.003425	-0.863623	0.13939	0.957707	-0.750795	-0.676088	-0.716117	0.064158	-0.25633	0.913041	-0.834617	-0.115491	0.911005	-0.164258	-0.4424	-0.36544	
0.732151	0.213241	0.523611	0.313227	-0.604934	0.03352	0.404287	-0.418126	0.953918	0.09666	-0.453427	-0.477535	-0.819197	-0.76654	0.96642	-0.784749	-0.252628	-0.681261	0.943942	-0.341556	-0.132094	0.564251	0.519335	0.789602	-0.559776	-0.717001	0.252517	-0.956169	0.849642	0.894932	0.039806	-0.137883	0.561019	0.249194	-0.081895	-0.963653	0.337826	-0.013792	-0.645214	-0.82991	0.146393	-0.447091	-0.064319	-0.799099	0.024235	-0.941411	0.938947	0.029162	-0.411483	-0.467795	
0.637326	-0.447085	0.926089	0.926271	-0.2648	0.166765	-0.803504	0.061658	0.283859	-0.984349	0.93514	0.382506	0.641415	-0.24516	-0.43926	-0.850264	0.000317	0.709905	0.890999	-0.693853	-0.892581	-0.731544	-0.018108	0.309895	0.075715	0.074421	-0.438141	0.077563	-0.68754	0.096667	-0.773634	0.96782	-0.066038	-0.750918	-0.603796	-0.825139	-0.705117	-0.962957	-0.859738	-0.986171	-0.932516	0.793382	-0.482753	-0.505216	0.717611	0.867531	-0.465043	0.497012	-0.816233	0.252702	
-0.474514	0.227784	-0.686452	0.309628	-0.214367	-0.674008	0.113922	-0.228726	0.575389	0.783922	-0.883389	-0.135748	0.597675	0.168066	0.887729	-0.066912	-0.02094	0.082154	0.573197	-0.741558	-0.693232	-0.962913	-0.655025	0.637175	0.423356	0.272907	0.349848	0.262734	-0.792848	0.32674	0.643544	-0.618018	0.345258	-0.112972	-0.001103	0.598423	-0.038286	-0.446966	0.06692	-0.725537	0.805758	0.027447	-0.950463	0.398087	-0.154099	0.310645	0.175413	0.557188	-0.749036	-0.433692	
0.927055	0.238023	-0.784254	0.791614	-0.877719	-0.224482	0.10129	-0.13015	-0.502272	-0.580657	0.568878	0.59373	-0.867199	-0.007469	0.46887	0.088113	0.985492	-0.875976	-0.43192	0.998669	0.807732	-0.055637	-0.041759	0.123095	-0.224352	0.76784	-0.61478	-0.813706	0.551377	0.868997	0.769622	0.640774	-0.882113	0.247635	0.475339	-0.629854	0.898109	-0.046435	-0.21091	-0.107206	-0.882395	0.878276	0.026905	0.598389	0.586815	-0.325668	-0.283596	0.546193	-0.349006	0.004487	
-0.653632	0.391815	0.790586	0.409486	0.079418	0.923162	-0.499087	-0.22899	-0.464981	0.98746	0.628344	-0.279081	0.576737	-0.795779	-0.474168	0.62736	0.351406	0.812834	0.016047	-0.376161	-0.205156	0.06521	0.008744	0.461352	-0.011173	0.66722	-0.734893	-0.337899	0.086011	-0.956255	0.884134	0.47141	0.066009	0.135923	-0.630663	-0.967105	0.626332	0.294624	-0.968652	0.724669	-0.396729	-0.408985	0.152203	0.301411	-0.098782	-0.094482	-0.334658	-0.229583	0.636664	0.845232	
-0.79407	-0.338796	-0.630999	-0.236529	0.298998	0.061287	-0.884727	-0.941336	-0.090258	-0.839724	-0.713122	0.775273	-0.099529	0.138105	0.019077	-0.448447	0.563683	0.591253	-0.56932	-0.388522	0.457092	0.715045	0.455074	-0.842322	0.279673	-0.425187	-0.630632	-0.930475	-0.489055	0.537546	0.217994	0.290799	-0.368994	0.103752	-0.590764	-0.379238	0.448785	0.627818	-0.346302	-0.286107	-0.861482	-0.187137	-0.626168	0.827222	-0.755857	0.681419	-0.53991	-0.502757	0.566515	-0.227338	
-0.579227	0.100021	0.635318	-0.306587	-0.394651	0.540386	0.414299	0.178862	0.243705	0.976129	0.131824	-0.022565	-0.487502	-0.70373	-0.80651	0.661832	-0.181878	0.030982	0.716771	0.176279	0.868243	0.182778	0.099045	0.449031	-0.427734	-0.452793	0.109206	-0.562626	-0.593383	0.590863	0.282147	-0.91651	-0.829928	0.543829	-0.733299	0.784685	0.211241	-0.733549	-0.51612	0.130102	-0.144972	-0.075933	-0.592112	-0.326039	0.567377	-0.437162	0.523919	0.388549	-0.89674	-0.84552	
-0.853675	-0.682815	0.733782	0.130825	0.393442	0.89514	0.386038	0.376151	-0.392339	-0.381625	-0.369493	0.452891	-0.353677	-0.69632	0.989162	-0.902448	0.125647	-0.076138	-0.106189	-0.507607	-0.508487	0.023562	0.518985	-0.973557	0.616872	0.137944	-0.897294	-0.154497	-0.838836	-0.293699	-0.949814	0.916027	0.127641	-0.822248	-0.459901	-0.630781	0.118387	0.310876	0.678817	0.803851	-0.549274	0.427806	0.237051	-0.477593	-0.433791	-0.831226	-0.555083	0.295831	0.182613	0.146391	
0.95588	0.713868	0.389878	-0.422209	-0.036721	-0.619324	0.811755	-0.700711	-0.423871	-0.483178	0.722544	-0.022113	-0.458623	-0.867489	0.770041	0.177735	0.226672	0.498592	0.250829	0.063015	0.693816	-0.573482	0.437778	0.60648	-0.004037	0.084963	0.243513	-0.483462	0.366665	-0.62776	0.18667	-0.81932	0.346246	-0.19976	-0.918318	0.620202	0.104648	-0.322757	0.084107	-0.962494	0.33828	0.526293	-0.496887	-0.054126	0.764455	0.96686	-0.053701	-0.909736	-0.217606	0.20369	
-0.561494	0.992512	0.511651	0.609939	-0.069529	0.224545	-0.916	-0.154999	0.154105	-0.426691	0.387495	0.946266	-0.632443	0.613138	0.282553	-0.375731	0.475543	0.281986	-0.27608	0.552295	0.625919	-0.429232	-0.850466	-0.926679	-0.978061	-0.711834	-0.14443	-0.68227	0.156619	-0.101379	-0.160072	0.087513	-0.027165	0.065718	0.201738	-0.514279	-0.639826	-0.155255	-0.595551	0.739109	-0.754664	0.775346	-0.272569	0.946588	0.562431	0.467533	-0.321884	0.281324	0.752883	0.219307	
0.311304	-0.117764	0.95213	-0.629161	-0.07512	0.135317	0.250065	-0.506756	-0.130775	0.262786	0.043554	-0.368978	0.118394	-0.152386	-0.138159	0.229993	-0.26322	0.634622	-0.067281	-0.12363	0.549391	0.981301	0.714539	-0.663916	-0.619788	-0.429483	-0.710427	-0.172216	0.129109	-0.969204	0.10273	0.485961	-0.790313	0.017076	-0.445445	0.861608	0.305448	0.280264	0.890404	0.809801	-0.337925	-0.643976	0.924529	0.821008	0.892226	-0.778301	-0.949365	-0.579495	-0.787503	0.798548	
0.170921	-0.853725	-0.269615	0.133476	-0.832777	-0.287204	-0.881861	0.583354	0.663414	0.225551	-0.397887	0.880975	0.250354	0.62714	-0.141902	-0.214101	-0.694133	0.075573	-0.992219	0.418417	0.399731	0.006034	-0.876651	-0.077839	-0.407159	0.0061	-0.037528	0.328455	0.842444	-0.000889	-0.365164	-0.946241	-0.734485	-0.618653	-0.589302	-0.518024	-0.389676	-0.041141	0.28997	0.802381	0.324467	0.958896	-0.606808	-0.154818	-0.654574	0.667508	-0.5564	0.462455	-0.510839	-0.996082	
0.409791	0.70052	-0.753666	0.287048	0.905347	-0.888609	0.452915	0.698172	-0.588534	-0.975044	0.629821	0.107024	0.109338	0.154328	-0.237864	-0.74685	0.625869	0.714801	-0.633391	0.71992	-0.2468	0.181889	0.177694	-0.112118	0.450357	0.405799	-0.684756	-0.457266	0.270066	0.234702	-0.035403	-0.337765	0.808192	0.82667	-0.269871	-0.929758	-0.823044	0.42239	-0.524141	0.821086	0.454008	-0.18569	-0.485295	-0.142995	-0.02852	0.529217	0.975748	-0.077835	0.634225	-0.448107	
-0.377638	-0.616356	0.906616	0.217888	0.571791	-0.070424	0.661866	0.528316	-0.424979	-0.755508	0.640583	0.696345	-0.150364	0.924382	-0.577947	-0.920273	-0.865977	0.256453	0.876585	-0.720213	-0.248748	0.401873	-0.456209	0.949434	0.310389	0.412807	-0.667529	-0.993363	0.330424	0.734433	0.608946	0.220448	0.65281	0.50796	0.327024	-0.910708	0.611265	0.987632	0.913098	-0.871215	0.713746	0.666906	0.651749	-0.818183	0.210541	0.72946	0.634931	0.679523	-0.531997	-0.105189	
-0.221111	-0.45024	-0.573132	0.745394	-0.28742	-0.636277	-0.080966	0.292329	0.689341	-0.128283	-0.2035	0.319232	-0.731627	0.407257	-0.007083	-0.066287	-0.330199	-0.65032	0.336656	-0.43277	-0.396906	0.818743	-0.995557	0.275762	-0.150749	0.248974	-0.595786	-0.395598	-0.465986	-0.405702	-0.888536	0.345309	0.759878	-0.463595	-0.491052	-0.28492	0.023527	-0.227118	-0.859389	-0.823974	0.186583	0.992005	-0.654283	0.591602	0.758629	-0.675483	-0.705617	-0.852059	0.18797	0.269224	
-0.469641	-0.629268	-0.886991	0.387679	-0.299586	-0.339215	-0.113853	0.999661	-0.492027	0.361715	-0.652565	-0.521238	0.125015	-0.269957	-0.683523	-0.527231	0.399391	-0.337417	-0.135453	-0.715211	-0.440145	0.068894	-0.440744	0.102249	0.781092	-0.600099	-0.293021	-0.625422	0.042138	0.53945	0.920274	-0.615237	0.874101	0.887023	0.118373	0.035643	0.785958	-0.0713	-0.63808	-0.770329	-0.555967	-0.656384	-0.485007	-0.614684	0.296001	-0.070808	-0.834625	-0.148403	-0.423473	0.089546	
0.644817	0.194585	-0.768161	0.916513	0.556334	0.947908	-0.534976	-0.644321	0.049706	-0.181002	-0.943651	-0.494991	-0.276047	0.830774	0.562356	0.055523	-0.797415	-0.78762	0.997763	0.808429	-0.614479	-0.332855	-0.168921	-0.577011	-0.012416	-0.847016	-0.803431	-0.198276	0.861157	-0.093757	0.488164	-0.421993	-0.601219	0.077827	0.464476	-0.221602	0.162731	-0.863537	0.414143	0.093022	-0.660779	0.097479	0.62641	-0.192192	0.065411	0.187968	-0.786152	-0.252514	0.045967	-0.884161	
-0.970399	-0.514252	-0.839317	0.889225	-0.343603	0.08721	0.724643	-0.741221	0.558704	-0.86662	-0.793681	-0.619985	-0.504011	0.632972	0.893408	0.689845	-0.128531	-0.160727	0.615682	-0.071025	0.989355	0.464563	0.27391	0.407864	-0.558722	-0.258525	0.06685	-0.336496	-0.736536	-0.328761	0.486739	0.712285	0.011613	0.89564	0.547021	-0.7958	0.940785	0.164969	-0.125657	0.710375	0.753501	-0.827442	0.93595	0.342209	-0.247302	-0.522705	0.464989	-0.02892	0.828487	0.771968	
-0.12746	-0.200239	0.62558	-0.335244	0.828102	-0.607834	0.925692	0.340081	0.983969	0.532729	-0.676884	-0.997649	0.106659	-0.753031	-0.164508	-0.6326	0.502205	-0.929157	0.419633	0.585277	-0.074566	0.307039	0.51619	0.744524	0.670862	0.78302	-0.500335	0.104799	0.994611	-0.476635	-0.339232	-0.896791	0.549062	0.881924	0.601597	-0.57501	0.680376	-0.604792	-0.991131	0.996733	-0.686723	0.101382	0.967342	-0.916354	-0.927627	0.223449	-0.217001	-0.238176	0.704557	-0.980954	
-0.930277	-0.969778	-0.914456	0.409207	0.128014	0.568392	0.527719	-0.630113	0.511419	-0.942276	0.089931	-0.594198	0.221848	0.056224	-0.827164	-0.930782	0.18283	0.504381	0.556687	0.249159	-0.908067	0.025357	0.476002	-0.231395	0.879607	-0.819552	-0.858552	0.731825	-0.009709	0.320367	0.874849	-0.741323	-0.659717	-0.267974	-0.459411	-0.248788	0.217501	0.462243	-0.286075	-0.321222	-0.554517	0.314245	0.380004	-0.414293	0.190375	-0.787057	0.664729	-0.344423	-0.222222	0.738702	
-0.023277	0.367222	0.309052	-0.537578	0.32155	0.638898	0.833498	-0.915107	0.093557	0.741655	0.600856	-0.587107	0.931192	-0.705935	-0.5937	-0.109137	0.185461	0.520602	-0.944243	0.729559	-0.016832	0.740875	0.603275	-0.100755	0.059439	0.342704	0.450855	0.706105	-0.347512	-0.559055	0.988061	-0.761463	0.583962	-0.509631	0.061944	-0.062643	-0.163478	-0.540434	0.160434	0.28571	0.386527	-0.521524	0.128769	0.163683	-0.451888	-0.305228	-0.106782	-0.256302	-0.22805	-0.394177	
0.782586	0.957626	0.452109	-0.311437	0.008726	-0.124276	0.892761	-0.279406	0.233372	-0.707968	-0.340776	0.269675	-0.404323	0.179722	0.139186	0.127059	0.125082	-0.917344	-0.000617	-0.56577	0.078762	0.446737	-0.014388	-0.61745	0.535381	-0.03537	0.185569	0.392185	0.669631	0.741236	0.769675	-0.282381	0.442672	-0.853435	0.414155	-0.992197	-0.867673	0.372875	-0.113219	-0.512276	-0.480665	0.354744	0.924551	0.27127	0.308198	-0.087999	-0.388763	0.367504	0.270218	0.492446	
0.325881	-0.838767	-0.341526	-0.25919	-0.179741	-0.233175	0.485859	-0.203569	0.44316	-0.898533	0.987716	-0.569815	-0.17966	-0.985366	0.939387	-0.273408	-0.175247	-0.145214	0.572984	-0.205651	0.220525	0.661417	0.401606	-0.946987	0.646759	0.298218	0.160001	-0.449143	0.042923	-0.209865	-0.591397	-0.980508	-0.13807	0.697467	0.916927	0.700687	-0.516818	-0.388298	-0.818921	0.304474	-0.86577	-0.791802	0.143681	0.694915	0.173533	-0.415638	0.662321	-0.228186	-0.516036	-0.370635	
0.317915	0.690816	0.081534	0.26586	-0.333555	-0.339039	-0.831159	-0.734644	0.749119	0.037699	-0.70541	-0.580829	-0.293465	-0.370251	-0.568131	-0.087136	-0.155193	0.411944	-0.134001	0.130884	0.41771	-0.067754	-0.824449	0.911913	0.268915	0.315527	-0.97867	0.703284	0.753887	0.949729	-0.071081	0.246999	0.446371	-0.214532	0.437931	0.829804	0.671005	-0.954792	-0.004346	-0.841727	0.199425	-0.290733	-0.490651	0.835241	0.385023	-0.76416	0.844528	0.040958	-0.69352	0.57002	
-0.433195	-0.194226	-0.291112	-0.414867	0.178568	-0.177863	-0.693279	-0.579466	0.601386	-0.382683	-0.242441	-0.904374	-0.320673	-0.769371	-0.623652	0.756096	0.00961	0.06897	-0.073069	0.159814	0.336196	0.930269	-0.836106	-0.378094	0.695105	-0.783688	-0.209904	0.082738	0.314723	0.199251	0.115751	0.59258	0.887894	0.204672	-0.894928	0.382067	0.881671	-0.475395	-0.885072	-0.640473	-0.501456	0.434406	0.368139	0.165422	0.496667	0.097407	0.903471	-0.247421	-0.881489	-0.284926	
-0.401888	-0.405642	-0.167987	-0.204378	-0.922779	-0.366577	0.338134	0.478093	0.361663	0.935808	-0.363263	-0.587265	-0.719253	0.960262	0.29386	-0.093695	0.654774	0.916073	-0.336907	0.460676	0.238881	-0.752373	-0.9963	-0.340146	-0.25452	-0.509602	-0.825417	0.118028	-0.268089	-0.657688	0.941544	0.892241	-0.034757	0.530574	0.364927	0.145076	0.659688	0.182331	0.982961	-0.355438	0.653982	-0.80766	-0.611426	0.526976	0.862606	-0.149372	-0.344693	-0.946737	0.230456	-0.929715	
-0.561428	-0.647437	-0.042068	-0.495653	0.464073	-0.442488	-0.915852	0.548679	-0.567913	0.471062	0.483825	0.083184	-0.875864	-0.620451	0.840527	-0.093631	0.387344	-0.552638	-0.481769	-0.61723	-0.2277	-0.459959	-0.766785	-0.533809	0.55335	0.147509	0.822615	-0.70385	-0.873173	-0.306324	-0.038734	0.573926	-0.178525	0.20912	-0.02158	-0.131795	-0.036057	-0.882996	-0.405299	0.748528	-0.956616	-0.690895	0.908978	0.076895	0.087783	-0.202697	-0.718883	-0.628494	-0.219615	0.791841	
0.832554	0.152359	-0.434072	0.282005	0.728831	-0.283275	0.625319	-0.095336	0.211095	0.622678	-0.06986	-0.192504	-0.908601	-0.361235	0.87895	-0.389396	-0.125776	0.609863	-0.390716	0.761329	0.402576	0.453476	-0.415166	0.495843	-0.265608	-0.557126	-0.188497	0.296895	-0.964304	0.632979	-0.044772	0.387824	0.621891	-0.651621	-0.490967	0.887373	0.514461	-0.815418	0.820488	0.804841	0.844995	-0.647281	-0.092748	0.018352	0.963925	0.758121	0.626986	0.004127	0.053018	-0.221131	
0.052858	0.990822	0.183108	0.176762	-0.415383	-0.670956	-0.066455	-0.559811	0.56424	-0.108037	-0.821296	-0.063445	0.505096	0.782961	-0.757337	-0.658462	-0.754491	-0.759273	-0.691202	0.373439	0.947149	0.653545	-0.066016	0.346549	0.421578	-0.310196	0.744504	0.2493	-0.947715	0.981607	0.307088	0.853704	0.316524	-0.921203	-0.42089	0.415291	0.147673	-0.298404	-0.835588	0.634524	0.751588	0.075652	0.062353	-0.296984	-0.054187	-0.128714	0.34236	-0.010998	0.214009	-0.577508	
0.015548	0.236412	0.111507	-0.617269	-0.976331	0.405696	-0.595095	0.793886	-0.475007	-0.284464	-0.553093	-0.189871	0.248604	-0.370686	0.02191	0.780704	0.311	0.746757	0.415971	-0.086552	0.488005	-0.902759	0.115973	-0.594307	-0.224179	-0.456417	0.996703	-0.907048	-0.177961	-0.979394	-0.94487	0.343967	0.459321	-0.332406	-0.699278	-0.253001	0.451799	0.794867	0.872171	-0.243255	-0.480069	0.811302	-0.674722	0.093916	0.613468	0.647991	-0.865634	0.939652	0.524896	-0.567612	
0.093156	0.795352	-0.295674	-0.27781	0.272745	0.968759	-0.706182	-0.367209	0.695578	-0.114871	-0.528534	0.347884	-0.962208	-0.906535	0.89411	0.59126	-0.268194	0.660361	0.608568	0.364908	-0.93479	0.492043	0.772879	0.981764	-0.644984	-0.666369	-0.315233	-0.893014	0.14883	-0.539717	-0.730796	-0.96466	0.545438	-0.878352	-0.740365	0.400417	-0.429578	0.663359	0.718266	-0.118455	0.872533	-0.945465	-0.39854	0.630891	0.468393	-0.681234	-0.164719	0.932548	0.7131	0.013268	
0.681461	0.816931	0.116805	0.310506	0.794348	-0.875559	0.813312	-0.98368	-0.727585	-0.85084	-0.465453	-0.566021	0.552231	0.260982	-0.709748	-0.237738	-0.938704	-0.157665	-0.841066	-0.019691	0.674735	-0.428767	-0.361028	0.070569	-0.161826	-0.54503	0.683693	-0.820247	0.410355	-0.50891	-0.764691	0.713152	0.218562	-0.951694	0.370368	0.794597	-0.107259	-0.22321	-0.687987	-0.541473	0.528483	0.463547	-0.331128	-0.572683	-0.906123	-0.06846	0.700893	0.512502	0.331151	-0.898866	
-0.549904	0.260812	-0.473717	-0.743896	-0.027119	-0.068056	-0.075087	0.579104	0.293772	0.658382	-0.611427	0.823868	-0.225904	0.061987	0.995407	-0.894709	0.685724	0.850717	0.783019	-0.479244	-0.363402	-0.271726	0.459838	-0.181511	-0.861747	0.017556	-0.82511	0.902082	-0.680877	0.778618	0.2138	-0.695197	0.60734	-0.692695	0.954556	0.103725	-0.841859	-0.552797	-0.562699	-0.216672	-0.445633	0.705383	0.627133	0.57517	-0.767904	0.16943	-0.611316	0.83478	-0.986347	0.960041	
0.556963	-0.207313	-0.03834	0.846468	0.598895	0.628485	0.119859	0.442261	-0.359007	-0.183777	0.675382	0.212942	0.846718	0.721081	-0.175185	0.514079	-0.296836	-0.717283	-0.889417	0.831803	0.234972	-0.827579	0.87337	0.765406	0.888496	-0.532245	-0.841131	0.844996	0.050111	0.758236	-0.815825	-0.095343	-0.800532	0.612443	0.51477	0.124391	0.778789	-0.291481	-0.126502	0.165228	0.957016	0.758754	-0.92054	0.792304	-0.014313	-0.9392	-0.384626	0.499664	-0.831295	0.145944	
-0.147448	-0.072888	-0.036966	-0.073609	0.572686	-0.15106	0.175223	-0.75154	0.186215	0.713892	-0.837643	-0.497913	-0.235561	0.281636	0.773862	0.891865	-0.44495	-0.237402	0.338474	0.967004	0.804121	-0.537484	0.068214	0.875248	0.974878	0.729423	0.338263	-0.56985	0.323616	0.044365	-0.710047	0.602885	-0.793724	0.581554	0.495961	-0.881035	-0.197225	0.522967	0.677485	0.722254	-0.358512	-0.924746	-0.458661	-0.361608	-0.430998	-0.422179	0.301973	-0.15047	0.824526	0.813427	
0.128691	0.202029	0.614612	0.368417	-0.692199	0.257589	-0.703415	-0.711489	-0.685898	-0.122736	0.686839	0.017142	0.295832	0.569693	0.824768	-0.230322	0.517461	-0.554253	-0.299432	0.090391	0.441617	-0.801451	0.697272	-0.519991	-0.472679	0.739523	0.502027	0.802294	-0.058988	-0.542216	0.769835	0.095594	-0.351046	0.444369	-0.200019	-0.409671	0.209106	-0.750754	0.549366	0.854962	0.065618	0.404872	-0.609696	0.828715	-0.256408	-0.435114	-0.734796	-0.795276	-0.565515	0.146836	
-0.346037	-0.32572	-0.334343	-0.640612	-0.140912	0.941433	-0.365529	-0.700362	-0.042163	-0.422917	0.161555	-0.290383	0.290867	0.903681	-0.59426	0.022413	-0.800405	0.152291	-0.6082	0.539458	0.807545	0.795254	0.413926	-0.398806	-0.66993	0.842996	0.10742	-0.157404	-0.408164	-0.001409	0.106506	-0.744528	0.121921	-0.235444	-0.942414	0.089135	-0.160297	-0.268561	0.637507	-0.72977	0.050992	0.74575	-0.537335	0.40397	0.918444	0.425336	0.123047	0.589948	0.576758	-0.26851	
-0.751811	-0.536325	-0.588138	0.943911	-0.303316	0.441562	0.5857	0.242826	0.039705	-0.541951	-0.969174	0.22603	0.96537	0.13509	-0.769177	-0.033647	0.789529	0.977509	-0.539684	-0.493494	-0.76332	0.207641	-0.664228	-0.538158	-0.008024	-0.458815	0.515089	0.325092	0.933453	-0.505737	-0.191796	0.960667	0.214607	-0.169339	-0.362532	-0.144456	-0.801533	0.890052	0.868808	-0.432604	-0.540466	-0.149899	0.322572	0.18319	0.596839	0.928251	0.675209	0.158591	0.28355	-0.062858	
0.668906	0.080336	-0.310323	0.853441	-0.080054	-0.193552	0.873971	-0.27093	0.684961	-0.735654	-0.927601	-0.937113	-0.598803	0.013989	0.137703	0.356319	0.09151	-0.795612	-0.561855	-0.414594	0.228254	0.921767	0.780684	0.194937	0.095147	0.408288	-0.764764	-0.79421	0.1615	0.781069	-0.187174	-0.802984	0.38424	0.183336	0.603908	0.275117	0.261073	-0.277988	-0.903895	-0.54137	-0.788083	0.852355	0.049615	-0.819365	-0.637594	-0.662465	0.920021	-0.768659	0.432807	-0.577401	
0.563747	0.71292	-0.583617	0.917315	0.142017	-0.796289	-0.567371	-0.793014	-0.969323	-0.859174	-0.152741	-0.566251	-0.894589	0.853471	-0.387151	0.890964	0.64376	0.02407	0.947915	-0.100932	0.387073	-0.561516	0.773397	-0.847816	-0.632291	-0.842006	-0.966955	-0.144126	-0.773541	0.253617	-0.491085	-0.397612	-0.201523	0.930814	0.027072	0.241733	0.499705	0.588295	-0.094038	0.935707	-0.833148	0.277371	-0.356778	-0.825007	-0.4442	-0.38336	-0.676568	0.117336	-0.164494	-0.775734	
0.867521	0.214224	-0.77008	-0.077366	-0.494067	0.974133	-0.005552	0.218675	-0.09687	-0.328526	-0.529176	-0.122247	-0.944901	0.068093	-0.010926	-0.043007	0.486556	0.181102	0.456888	-0.470848	0.460658	-0.651982	-0.741162	-0.265254	-0.187318	-0.994234	-0.202103	-0.29462	0.003729	0.52835	0.715645	-0.921338	-0.891619	0.267526	0.363235	-0.627013	-0.192764	0.231258	0.226811	-0.68034	0.600518	-0.124237	0.681681	0.053123	0.606531	0.082364	0.838244	-0.744847	-0.434952	0.274191	
-0.696862	-0.31634	-0.988962	-0.252687	0.077508	-0.355426	-0.816252	-0.307218	0.734875	-0.75492	0.566413	0.40784	0.373185	0.824602	0.073924	-0.796745	-0.045557	0.103773	-0.469982	-0.734647	0.107419	-0.014768	0.3699	-0.961897	0.948696	-0.27354	-0.980989	-0.237609	-0.184156	-0.373007	-0.16962	-0.186315	0.78883	0.35559	0.349967	-0.954484	-0.70908	0.954241	0.904742	0.833454	0.335721	-0.025455	-0.080327	0.659963	-0.599286	-0.621424	0.686872	0.777366	-0.948065	-0.240291	
-0.655328	0.188584	-0.883046	-0.261735	0.88859	-0.856938	-0.51459	0.891031	0.302226	0.552314	0.452605	-0.967505	-0.804147	-0.34673	-0.394298	0.765478	-0.769318	0.893576	0.48207	0.417515	-0.604438	0.177547	-0.110015	0.259886	0.349623	0.03046	-0.340251	0.043388	-0.577872	0.57959	-0.499711	0.73009	-0.598462	-0.367616	-0.250879	0.51471	-0.267223	-0.102322	-0.287981	-0.416936	0.617801	-0.95787	0.989441	0.84525	0.083682	0.437269	0.461523	0.658818	0.170178	-0.914382	
-0.450043	0.428265	-0.44676	-0.717157	0.560889	-0.611997	0.556468	0.084922	0.945375	0.625084	-0.613667	-0.074649	0.333855	-0.55328	-0.728782	0.787948	-0.363914	-0.676068	-0.946525	0.197779	-0.793339	-0.316455	-0.052241	0.083711	-0.16272	0.442213	0.58573	0.610979	0.275216	0.315797	-0.911575	0.860784	0.12709	-0.685717	-0.879725	0.526739	0.482431	-0.141438	0.43246	0.854013	-0.949394	0.623973	-0.250821	0.165171	0.149245	-0.767064	-0.031817	-0.49934	-0.586711	-0.504539	
-0.277033	0.728982	0.438426	-0.766527	-0.559305	0.048098	-0.411734	0.039028	0.283783	-0.743861	-0.229763	0.086656	0.277171	-0.209658	0.777813	0.594959	0.809364	-0.210946	0.546434	0.645448	-0.790344	-0.770153	-0.210283	-0.862119	0.077646	0.683913	0.937885	-3.7e-05	0.000985	-0.615191	0.476921	-0.144197	-0.084918	0.722436	0.930589	-0.414422	0.057188	-0.522795	0.278886	-0.165397	-0.518471	-0.563704	0.847453	-0.811215	-0.177782	-0.733658	-0.524454	0.563037	0.408841	-0.639919	
-0.682992	0.836762	0.49214	-0.819251	-0.097333	0.216862	0.905122	-0.272391	0.584604	-0.850225	0.093421	-0.26738	-0.719068	-0.28201	0.632067	0.245525	-0.879398	-0.60715	0.025175	0.746317	0.962378	-0.354851	-0.018748	0.83403	0.508775	-0.772061	0.54122	-0.233114	-0.660418	-0.233023	-0.043199	0.773377	-0.625623	-0.006869	0.983455	0.723119	0.027701	-0.732936	0.876552	-0.325578	0.16407	-0.394569	0.055976	-0.655807	-0.751643	0.655415	-0.238017	0.148008	-0.472122	-0.465616	
-0.835003	0.117547	0.30428	0.784487	0.445232	-0.664572	0.017771	-0.660949	0.03958	0.155523	-0.230777	-0.409455	-0.724955	-0.111226	-0.387838	-0.456693	-0.334755	-0.739597	0.109879	-0.197696	-0.535165	-0.882286	-0.661958	0.113394	0.104578	0.346727	0.19779	0.980344	0.104457	0.107119	0.512009	-0.062645	0.288461	-0.02009	-0.72043	0.698307	-0.411255	0.808962	0.684184	0.76403	-0.297074	-0.649447	0.689111	0.323914	0.256554	0.153534	-0.117736	0.119158	-0.104698	-0.684408	
-0.833121	0.001212	0.6303	0.46738	-0.330048	0.420407	0.210831	0.774086	0.749903	0.031919	0.13179	0.733679	0.580625	-0.767175	0.445962	-0.247076	0.505494	-0.67798	0.092588	-0.525553	0.812384	-0.550418	-0.56526	-0.013023	-0.29856	0.240014	-0.4176	-0.608745	-0.572206	-0.68469	-0.567894	-0.255852	-0.135261	-0.694589	0.327745	-0.027389	-0.757242	-0.043969	0.67504	0.818911	0.013032	-0.532088	0.211411	0.873329	-0.614843	-0.268484	-0.169682	-0.439394	0.491385	0.92689	
-0.851652	-0.099197	0.350635	-0.925736	0.024431	-0.830513	0.500468	0.101975	0.129694	0.28444	-0.022484	0.074582	-0.188809	0.499461	-0.257279	0.640656	0.491259	0.074352	0.133141	-0.225538	-0.451105	0.576079	0.970217	0.070559	-0.181179	0.555864	-0.479276	-0.480278	-0.721321	0.70189	-0.243137	-0.378929	0.188239	-0.52045	0.532971	0.518987	0.714218	-0.944003	-0.876444	0.206455	0.092707	0.030018	-0.362449	-0.471428	-0.455795	0.098164	0.425321	0.981446	0.291256	0.127547	
-0.268407	-0.736828	0.471063	0.885661	-0.150344	-0.084726	0.925377	-0.573577	0.902038	-0.61622	0.671002	-0.756782	-0.822415	0.856829	-0.12455	-0.054829	0.077534	0.063427	-0.551098	0.061996	0.269477	-0.874735	-0.437742	-0.921882	-0.902906	-0.002152	0.17646	-0.660222	-0.124133	0.318089	0.983033	0.218518	-0.275459	-0.519181	-0.169718	-0.480508	-0.544046	-0.691143	-0.992071	0.659535	-0.04007	0.776265	0.9985	0.20914	0.665184	-0.175812	-0.425888	0.826674	-0.356902	0.85521	
0.306758	-0.819231	0.761816	0.310272	0.735417	0.446801	0.538977	0.173874	-0.658395	-0.679489	-0.994179	-0.907542	0.404807	-0.747297	-0.811472	0.316044	0.421744	-0.882073	-0.047846	-0.487134	-0.824219	-0.743936	0.304256	-0.933707	-0.988716	-0.995346	0.484633	0.966491	0.488859	0.119978	0.864008	0.439068	-0.4057	-0.93844	-0.213207	0.592674	0.901725	-0.049616	0.942525	-0.402136	-0.871085	0.390402	-0.613099	0.918091	-0.714839	0.834192	-0.271162	0.358939	-0.398975	-0.373149	
-0.439588	0.723886	0.398853	0.852999	0.253032	0.587141	0.337553	-0.706926	0.239918	-0.884603	0.037007	0.192941	0.363811	-0.662492	-0.98554	0.775167	-0.678799	-0.524172	-0.295794	0.263315	0.276587	-0.765	-0.720881	0.957932	-0.036635	0.762122	0.558893	0.27409	0.543393	-0.140599	0.079801	-0.09177	-0.129016	-0.023145	-0.336494	-0.754291	0.228066	-0.37671	-0.654484	0.316353	0.355612	-0.004801	-0.096345	0.495838	0.815476	-0.940868	0.148786	0.9969	0.773171	0.965577	
0.59199	-0.01326	-0.561414	0.516568	0.740657	0.467873	-0.096077	0.366928	-0.844082	-0.054022	-0.099794	0.281783	0.297797	-0.587769	-0.731634	-0.263921	0.914147	0.054192	0.335057	0.901581	-0.063718	0.596179	0.268077	-0.049289	-0.763754	0.906913	0.39614	-0.101927	-0.931419	0.40828	-0.605718	-0.888419	0.941524	-0.153869	0.407237	0.14238	-0.826906	0.714115	0.502138	-0.837583	-0.647187	0.660854	0.692033	-0.700789	-0.176906	-0.602561	-0.664069	0.313567	0.045222	0.151951	
0.677433	0.83112	-0.398893	0.510182	0.118959	-0.315155	0.286858	0.727768	-0.80365	-0.886606	-0.965969	0.472135	-0.703211	0.140435	0.055241	-0.394686	-0.972889	-0.001167	0.460214	0.445186	0.047683	-0.237983	0.483737	-0.555816	0.808549	0.622901	-0.501802	-0.064777	0.32616	0.25081	0.983759	0.410148	0.129036	0.444602	-0.347332	0.071063	0.992994	0.418988	-0.548482	0.542084	-0.409929	0.845693	0.180524	-0.608423	0.209417	0.651363	-0.500322	0.1459	-0.554021	0.057414	
-0.466858	0.266998	0.788547	0.91544	-0.698708	0.276537	0.562387	-0.760696	0.788541	-0.878777	0.76698	-0.330063	0.107099	-0.494147	0.014248	0.391267	-0.938051	-0.098019	-0.520582	0.272034	-0.509007	-0.692333	0.956423	0.62943	0.78257	-0.102658	-0.867982	0.972018	-0.549819	0.252504	-0.211491	0.623776	0.775819	0.641633	0.585663	0.957898	0.490386	0.258567	-0.264337	-0.423813	-0.172863	-0.085564	-0.437075	0.766954	-0.358189	0.045253	-0.064705	0.237003	0.003114	-0.121411	
0.511066	0.785201	0.205228	0.34999	-0.089478	0.264232	-0.143839	-0.973229	-0.824957	0.574801	-0.19668	-0.191536	0.270012	0.632261	0.445579	-0.416152	-0.059937	0.246702	0.587673	-0.269341	-0.248659	0.032639	0.038982	-0.767185	-0.68524	-0.834282	0.595653	0.160886	0.510874	0.904396	-0.796608	0.304459	0.183307	0.8674	0.344868	-0.521152	-0.082687	-0.480109	0.690766	-0.079592	0.75154	-0.244429	-0.298732	0.529574	-0.300311	-0.612047	-0.35074	0.972877	0.499377	-0.837245	
-0.445225	0.384247	-0.653831	0.769535	-0.737054	-0.216672	0.316067	-0.784338	-0.459632	0.968997	-0.428207	-0.986469	-0.467166	0.490207	-0.684266	0.813377	-0.612117	-0.115452	0.749465	0.424416	-0.901505	-0.841742	-0.584835	0.498855	0.41824	0.249001	-0.213448	0.856199	0.910808	0.712109	0.74644	0.803931	-0.601229	-0.280651	0.503266	-0.87726	-0.482492	-0.280488	0.618203	-0.751442	-0.399955	0.209224	0.80204	-0.843415	-0.514761	-0.660603	-0.980362	-0.539833	0.343006	-0.246693	
-0.881787	0.581664	0.397468	-0.64751	0.990167	-0.537426	-0.641829	0.888704	0.845755	0.046516	0.344342	0.378446	0.439149	0.134496	0.142075	0.027185	0.139942	0.09839	-0.587416	-0.905889	-0.167009	0.039558	0.531288	0.383751	-0.722602	-0.038736	-0.33737	-0.305849	-0.139227	-0.89227	-0.199112	-0.069292	-0.207025	-0.909771	0.429482	-0.827942	0.671593	0.240688	0.933273	-0.141288	-0.747786	0.409161	-0.90855	-0.51898	-0.757278	-0.029426	-0.776096	-0.404106	0.017843	-0.320616	
0.189589	0.567302	-0.870581	0.781481	0.010065	0.014508	0.227063	0.558804	-0.993557	-0.238045	0.771675	-0.514636	-0.847168	0.50141	0.436664	0.142393	-0.660797	-0.892176	-0.743784	0.750183	0.670623	-0.545817	0.377454	0.452049	0.665472	0.438632	-0.499688	0.496069	-0.975595	0.037201	-0.438925	-0.398284	-0.075733	0.375021	0.837131	0.799723	-0.340699	-0.90049	0.433103	-0.783227	0.455591	0.727609	0.591606	0.386349	0.659826	-0.246524	-0.335957	-0.874795	-0.735517	-0.467134	
-0.723367	-0.806838	-0.459081	-0.224251	0.686914	-0.175519	-0.334517	0.404961	-0.344403	-0.902648	-0.855495	0.817026	0.486421	0.770169	-0.36616	-0.880658	0.060732	-0.130417	-0.575017	-0.11877	0.456863	-0.60482	-0.824494	-0.807389	-0.04324	-0.683082	0.344634	-0.231057	0.993295	-0.86068	-0.394865	-0.638707	-0.183164	0.143646	-0.163453	-0.54204	0.831584	0.609905	0.15653	0.228076	-0.933299	0.440814	-0.403229	-0.95906	-0.319522	0.302287	0.153521	0.591321	-0.416378	0.024075	
-0.99094	-0.974466	0.074058	-0.615243	0.041814	0.680358	-0.18022	-0.47816	0.467305	0.455551	-0.979231	-0.026345	-0.048936	0.979292	0.816783	0.737539	0.32635	-0.882005	0.401023	-0.519819	0.893669	-0.080662	-0.272997	-0.348091	0.884979	-0.714384	-0.517443	0.756839	0.412517	-0.552421	0.378307	-0.467291	-0.023232	0.482854	-0.621744	-0.918797	-0.694284	-0.799307	-0.265146	0.266684	0.943848	-0.938514	0.259317	0.553193	-0.014407	0.538573	0.940667	0.040697	-0.641078	-0.053216	
0.261967	0.636523	-0.254124	-0.205328	0.639974	0.427479	-0.15757	-0.653293	-0.466741	0.300112	0.442275	-0.371863	-0.074953	0.41576	-0.144887	0.532189	0.083953	0.915559	-0.720106	0.239398	0.017374	0.754404	-0.039312	-0.440306	-0.984964	0.488882	-0.923704	0.441165	-0.074486	0.951327	0.126635	-0.464042	-0.613649	-0.198109	-0.744827	-0.152073	0.483157	-0.004442	-0.206564	-0.130332	-0.724837	-0.513464	-0.394519	0.796491	-0.333501	-0.735333	-0.473011	-0.288099	0.296157	-0.051055	
0.912465	-0.003782	-0.669358	0.229147	0.009203	0.732659	-0.204947	0.027329	-0.609906	0.598677	0.816391	0.098745	0.856433	-0.358167	-0.63113	-0.990741	-0.918723	-0.901806	0.20085	0.534499	-0.277321	-0.667073	-0.836101	-0.857352	0.593057	-0.09203	0.19694	0.339927	-0.148084	0.889335	0.448945	-0.096037	-0.995981	0.746735	0.057033	0.903698	0.289596	-0.044414	-0.62385	-0.650221	0.389694	0.991236	-0.07129	0.426358	0.198194	0.544769	0.791094	0.981456	-0.264518	0.529769	
-0.222033	0.623415	-0.985795	0.308265	0.527885	0.87121	0.482987	-0.039429	0.322695	0.235702	-0.915693	0.479299	0.298354	-0.440248	-0.041833	-0.208476	-0.67273	-0.169435	-0.26705	-0.710656	-0.882935	-0.290556	-0.238585	-0.558504	-0.414172	-0.110887	0.786396	-0.6422	-0.581977	-0.753147	-0.443514	-0.663419	0.209235	0.559587	0.294879	0.586926	0.380652	0.851781	0.133435	0.110843	0.344255	0.873729	0.945175	0.774057	-0.163838	0.008757	0.944807	-0.656877	0.297333	-0.064651	
-0.965366	0.150561	-0.850014	0.199199	-0.761381	0.365734	0.486067	-0.516925	0.087805	0.943494	-0.475418	0.261465	0.043901	0.007468	-0.628844	0.099649	-0.425383	0.190174	-0.577224	0.634302	0.515652	-0.70311	-0.168994	0.797288	-0.66177	0.495119	-0.987733	0.033677	-0.725946	-0.574303	0.853442	-0.973859	-0.987033	-0.96953	-0.435161	-0.952458	0.368828	-0.15522	-0.255378	0.693762	-0.822239	-0.234301	0.416219	-0.643573	0.287351	0.76107	-0.408715	0.393757	-0.826454	-0.732251	
0.799019	-0.309611	-0.250872	-0.008206	0.717294	-0.463339	-0.820257	-0.369607	0.98894	0.396458	-0.847073	0.436533	-0.41953	-0.412979	-0.653766	-0.983839	0.486634	0.62777	-0.989843	0.941374	-0.112469	0.188955	-0.010137	-0.490429	0.12185	0.967699	-0.298214	-0.957791	0.694674	-0.280991	-0.652893	0.625244	0.706357	0.735011	0.279692	-0.592886	0.302121	0.632948	-0.991158	-0.725299	-0.578011	0.426665	0.363097	0.592312	-0.43659	0.763953	0.945277	0.852261	-0.974999	-0.993578	
-0.479698	-0.149375	0.186145	0.245653	-0.466818	0.569786	0.344457	-0.758419	0.082246	0.641664	-0.382797	-0.846984	0.979577	0.978319	-0.1417	0.772842	0.638481	0.065587	-0.794869	0.385746	0.080369	-0.017383	0.338719	-0.987527	0.973119	-0.304489	0.919812	0.001633	0.229334	0.667466	-0.287315	0.437217	-0.178431	-0.379857	0.164594	0.087872	0.765483	0.352534	0.609364	-0.608068	-0.138633	0.377795	0.699549	0.981364	0.562812	0.375609	-0.043052	-0.843542	-0.19656	0.519271	
-0.726852	-0.630049	0.862029	-0.626546	0.942713	-0.440099	0.220937	0.185626	0.024696	0.34809	0.582037	0.764909	0.841768	0.928728	-0.034098	-0.627363	0.485276	-0.653338	0.562903	0.849301	-0.555425	0.262207	-0.409431	0.42234	0.416216	0.541894	0.388573	-0.148803	-0.416421	0.118095	-0.257589	-0.294733	-0.423363	-0.912056	-0.883705	-0.726226	-0.941477	-0.522591	0.42524	-0.686689	0.964438	0.175398	0.274194	-0.494115	0.169859	0.953665	-0.685606	0.605929	0.826436	0.847059	
-0.107549	0.767909	-0.244196	0.582997	-0.234268	0.849198	0.594093	0.192372	0.691645	0.001962	-0.119087	0.260484	0.149645	0.346228	0.495997	0.533864	0.953722	0.428858	-0.342052	-0.12095	-0.552933	-0.538385	-0.611717	0.659877	-0.03713	-0.839058	-0.220486	-0.140621	-0.919809	0.083982	-0.998029	-0.767123	-0.979975	0.565354	-0.69617	0.066279	-0.29322	-0.44472	0.010758	-0.209926	-0.510897	0.102661	-0.160266	-0.338926	-0.773814	0.370717	-0.365807	-0.357447	0.249613	0.427395	
0.093895	0.272642	0.182556	0.77894	-0.480761	0.519674	0.221731	0.791298	0.059105	0.697006	0.356185	0.61825	-0.510331	0.302162	-0.268216	0.936575	0.063958	0.7071	-0.578164	0.381895	0.271185	0.287889	-0.763579	0.690647	-0.654511	-0.115053	-0.204168	0.920432	0.499509	0.888777	0.44165	0.94846	-0.781064	0.394292	-0.41049	0.690781	0.768238	0.087229	-0.497747	0.610559	0.461333	-0.55551	0.187732	0.440082	0.243341	0.279371	0.78802	0.656434	-0.948074	0.276694	
-0.593144	0.213918	0.95753	-0.289591	0.140189	-0.147662	-0.933562	-0.172245	0.739917	-0.441752	-0.619846	0.804585	0.427738	-0.79085	-0.757527	0.584852	-0.302408	0.857955	-0.674823	0.717469	-0.244804	-0.593515	-0.642698	0.670078	0.206937	0.106665	0.566329	0.371354	-0.571599	-0.687067	0.077665	0.304687	0.479376	-0.701308	0.101234	0.800574	-0.631311	0.972362	-0.907764	-0.3793	0.782709	0.300569	-0.698341	-0.178323	0.8958	-0.810776	0.208999	-0.48769	-0.208956	-0.46761	
-0.394036	0.270501	-0.612372	0.908863	0.888574	0.254578	0.882804	-0.660897	0.113858	0.928349	-0.610523	-0.391961	0.093268	-0.501167	0.023777	-0.357401	-0.696337	0.317738	-0.999769	-0.411697	0.910534	0.856324	-0.989411	0.989323	0.076105	-0.269097	-0.06933	-0.343957	0.35579	-0.944193	-0.864992	0.833091	-0.264022	-0.039959	0.912637	-0.616325	-0.9938	-0.029954	-0.930061	-0.742776	-0.110563	-0.957922	-0.045485	-0.840122	-0.384721	-0.374118	0.420135	-0.123021	-0.715289	-0.827343	
-0.467052	-0.955409	0.125805	-0.020063	0.570552	-0.731509	-0.284194	-0.74477	0.015641	-0.240762	-0.796471	0.285878	0.894585	-0.694462	0.865429	0.67401	0.777557	0.25589	0.500272	0.098873	-0.691093	0.19367	-0.327946	0.878985	0.628849	0.331499	0.871799	-0.785107	0.067901	-0.805814	-0.575761	0.56353	0.666551	0.392176	-0.394519	-0.512721	0.338016	0.619292	-0.982719	-0.542822	0.465759	-0.821515	-0.977487	-0.853956	0.182318	-0.491648	0.167341	-0.495279	-0.33826	-0.607269	
0.904422	0.194378	0.179907	-0.505644	0.237609	0.717711	0.287864	-0.29184	-0.451467	-0.523902	0.390849	-0.138716	0.754469	0.116699	0.426587	-0.618236	-0.3222	0.234747	-0.831125	0.910947	-0.367221	-0.850947	0.812292	0.944803	0.354842	0.713712	-0.36896	0.390406	0.998444	-0.957573	0.230428	0.120551	-0.238293	0.146825	0.905601	-0.465682	0.002861	0.881537	0.623196	0.253491	0.18795	0.172328	0.356203	-0.233531	-0.084947	0.887737	0.063473	0.337051	-0.863968	0.626936	
0.944099	-0.146212	0.599694	-0.536684	0.018485	0.829753	0.519195	0.551158	-0.032518	-0.389859	0.867857	-0.199438	-0.258823	-0.861046	0.738014	0.82028	-0.552036	0.851612	0.574053	0.776909	0.836552	-0.733386	0.800588	0.930167	-0.686213	-0.774408	-0.580979	-0.034914	0.809306	-0.405145	-0.422485	0.534493	-0.168102	-0.504966	0.17892	0.339881	0.539937	0.650206	0.069762	-0.795095	0.720039	0.34288	0.767774	-0.299322	0.181523	0.893606	-0.17418	0.949896	-0.371408	-0.637913	
0.592125	-0.69929	-0.350407	-0.179502	-0.429062	0.257732	-0.730815	0.912325	-0.078801	-0.134413	-0.598535	0.901291	0.53461	-0.454195	-0.628423	0.738121	0.420686	-0.410454	0.828208	0.898743	0.123805	-0.762727	0.616084	-0.694073	0.059136	-0.125055	-0.527341	-0.869064	0.375076	0.862216	0.415414	-0.111857	-0.907082	0.783016	0.227401	0.812072	0.032038	-0.509866	0.047704	0.227021	0.230654	-0.16064	-0.620439	-0.756535	0.517273	0.363441	0.371031	-0.328718	-0.968912	0.930996	
-0.601154	-0.787642	-0.5435	-0.147864	-0.78232	0.454515	-0.012181	0.732506	-0.539038	0.715949	-0.216366	0.853669	0.607542	0.14234	-0.110858	0.88928	-0.490374	-0.129193	0.546349	-0.069021	-0.052218	-0.458661	0.232414	0.729088	0.117748	-0.199347	0.734532	-0.556338	-0.013977	0.232004	-0.81342	0.992603	-0.597238	0.756264	-0.413894	0.484008	0.729184	-0.786379	-0.670789	-0.073007	0.506524	-0.800174	-0.741182	0.587506	0.179592	0.930213	0.020755	-0.775046	-0.686528	0.808621	
-0.916495	0.820258	0.836754	-0.546547	0.068469	0.39586	-0.933701	-0.871726	-0.376493	0.25627	-0.086568	-0.59107	-0.408586	-0.628575	-0.348577	0.51098	0.835838	0.96415	-0.31438	0.54529	-0.480446	0.894517	0.195053	-0.882506	0.148101	-0.698474	0.511648	-0.211908	0.076324	-0.15262	0.284981	0.7243	-0.776366	0.967169	-0.800182	0.746446	-0.27775	-0.374399	0.702831	-0.906684	0.284075	-0.467187	0.603163	-0.922825	0.442539	-0.473305	-0.505404	-0.691788	0.155285	-0.923603	
-0.182398	0.943509	0.953025	-0.620553	-0.584431	0.495237	0.710902	0.443553	-0.461728	-0.726199	0.777569	-0.554063	-0.057195	-0.701826	0.294282	-0.04886	-0.714967	0.531887	-0.932343	0.808576	-0.184841	0.461816	-0.697249	-0.302167	-0.298083	0.760857	-0.085023	0.321051	0.83129	0.783412	0.71876	0.187237	-0.510181	0.226984	0.001453	0.563766	0.982691	-0.689745	0.065924	0.740844	-0.570017	0.626238	0.298438	-0.89565	-0.216417	-0.801327	0.522184	-0.094077	-0.275855	-0.097229	
-0.076082	0.740662	0.611343	0.136918	0.331983	-0.463634	0.060363	-0.059133	0.097369	-0.687595	0.639284	0.496947	0.165118	-0.54627	-0.455033	-0.533875	-0.374327	-0.774281	0.727068	-0.376547	0.964321	0.715756	0.878357	-0.665542	-0.714898	0.162535	-0.023948	0.679804	0.611373	-0.821998	-0.65301	0.910335	-0.890025	0.876598	0.407851	0.954482	-0.672321	0.935544	-0.51084	-0.104573	0.30012	-0.130683	0.036921	0.498035	-0.490242	0.67164	-0.20637	0.342024	0.517599	-0.042723	
-0.89321	0.486404	0.225255	-0.255459	0.179969	0.442906	-0.5138	0.368759	-0.043839	-0.592018	-0.82697	0.364682	0.298014	-0.246023	-0.029513	-0.090745	0.708313	0.344212	-0.116657	0.552208	0.386627	-0.921089	-0.635055	-0.001819	-0.455492	-0.917421	0.857027	0.3703	-0.17412	-0.067403	0.68816	-0.258817	0.11062	-0.590114	-0.95279	-0.070659	0.682943	-0.072275	-0.598721	0.677987	-0.966637	-0.762785	-0.227068	0.351321	0.635367	-0.432208	0.771485	-0.280771	0.215791	0.188553	
0.350678	0.691037	-0.580147	0.997079	-0.504689	0.704927	0.638732	0.958354	0.117482	0.213759	-0.263719	0.873432	0.727591	-0.001673	0.454604	-0.242851	0.422953	0.388504	-0.791007	-0.969621	-0.461745	0.165782	-0.668383	-0.561545	0.057971	-0.308026	0.187323	-0.152502	0.376247	0.906311	-0.971617	0.674544	-0.692172	0.145062	0.783608	0.931906	0.657949	0.154379	-0.202653	0.90659	0.945456	-0.523227	-0.51548	-0.219878	0.039367	0.417246	-0.155687	0.605536	-0.222334	0.952553	
0.633233	0.879075	-0.130359	-0.657596	0.39354	0.33631	0.734599	-0.951183	-0.999685	0.511827	-0.276268	-0.302242	0.733831	-0.020271	0.897492	-0.880095	0.136627	0.177456	-0.621692	-0.867236	0.305327	0.010302	0.219921	-0.050009	-0.508463	0.849852	0.047381	0.132774	0.731048	-0.938247	0.209639	-0.48773	-0.538012	-0.610715	0.242759	-0.998298	0.88615	0.828801	-0.455623	0.170878	-0.862495	-0.287867	0.346369	-0.758805	-0.150643	-0.230165	-0.463234	-0.159257	-0.631226	-0.198874	
0.777162	-0.021306	0.148332	-0.503487	-0.161875	0.780562	0.132604	0.10875	-0.898525	-0.34003	0.032403	-0.966692	0.437163	0.409507	0.472367	-0.848099	0.887683	-0.598782	-0.868157	0.668829	-0.89867	0.256774	0.026149	0.174323	0.013986	0.815804	0.475	0.366416	0.926207	0.179073	-0.623182	0.851467	-0.636391	0.595497	-0.953354	0.51186	0.240791	-0.010471	-0.004106	0.931475	0.717891	0.59718	0.951257	-0.220608	-0.637961	-0.541318	0.659222	-0.330231	-0.322944	-0.576567	
-0.525106	0.819983	-0.035379	-0.386506	-0.463881	0.72291	0.418802	-0.76594	0.215851	0.809871	0.995814	0.302302	0.10151	-0.478531	0.343247	-0.87964	-0.576418	0.54915	-0.560281	0.558025	0.104936	0.182775	-0.277096	0.256367	-0.997358	0.827664	-0.090693	-0.94474	-0.610184	-0.987137	-0.854322	0.988987	0.104922	0.928891	0.488604	0.521612	0.781366	0.866577	0.42083	0.2025	-0.660046	0.585804	0.938391	0.992866	-0.703275	0.716142	-0.73368	-0.15189	-0.13435	0.272002	
-0.82353	0.815459	-0.347329	0.10454	0.234798	0.22128	0.481095	0.626177	-0.437032	0.46351	-0.042601	-0.195926	0.082907	0.113389	0.946614	-0.268204	0.947941	-0.766046	-0.201816	-0.017732	0.754127	-0.920551	0.265986	-0.848024	-0.898339	-0.238871	0.764829	-0.847801	0.076165	0.667197	0.584266	-0.557385	-0.961148	-0.653844	0.777503	0.971655	0.080859	-0.503451	-0.484022	0.926648	0.14902	0.072787	0.845874	-0.857137	-0.412763	0.551138	-0.125619	0.540654	-0.718062	0.669983	
0.641261	-0.531803	-0.677854	0.639589	0.960798	0.31584	0.741782	-0.800316	0.579127	0.364769	0.703823	-0.508892	0.538717	-0.246553	-0.857362	-0.796425	0.932238	-0.986937	-0.438167	-0.877838	-0.941919	0.264733	-0.974604	0.210247	0.071231	0.090768	0.737967	-0.781333	0.50748	-0.245954	0.756023	-0.364206	0.872115	-0.078749	0.111122	-0.962718	-0.006173	0.839871	0.369492	-0.692157	-0.42036	-0.352424	0.034172	-0.755114	-0.400593	-0.594144	-0.739173	-0.198936	-0.548763	-0.093486	
0.183237	-0.571999	0.889174	-0.78767	0.556419	0.30951	0.196701	0.09845	-0.176001	-0.727699	0.46795	-0.655465	0.326397	0.282601	-0.496243	0.681209	-0.355718	-0.751785	0.75627	0.174615	-0.261674	0.893599	-0.303547	-0.705117	-0.265181	-0.591573	-0.300666	0.291566	-0.418196	0.97316	0.482162	-0.740959	-0.812196	0.826719	0.105962	0.703994	0.209334	0.365324	-0.181806	-0.409536	-0.415135	0.967191	0.654503	0.784964	0.626498	0.714558	-0.207813	-0.256159	0.022551	0.399898	
0.033229	0.000617	0.039813	0.013726	0.011847	0.035858	0.005529	0.008311	0.007904	0.005688	0.01225	0.037278	0.037195	0.04163	0.041182	0.02654	0.001298	0.000945	0.004138	0.018079	0.018546	0.039427	0.003009	0.01205	0.021789	0.019597	0.004262	0.024645	0.019344	0.017856	0.019364	0.032403	0.030972	0.014652	0.011137	0.018796	0.023459	0.011598	0.011226	0.028081	0.021775	0.044862	0.031648	0.044512	0.02393	0.006748	0.029641	0.002118	0.003272	0.026224	
0.005696	0.031587	0.004561	0.020788	0.029501	0.011074	0.026357	0.031204	0.011878	0.002332	0.000335	0.037769	0.022775	0.016468	0.034167	0.030539	0.010994	0.034249	0.032274	0.028999	0.030946	0.031996	0.015598	0.041032	0.041634	0.002656	0.007921	0.004616	0.007833	0.007711	0.01848	0.001661	0.008099	0.03097	0.015506	0.035582	0.001134	0.007508	0.028084	0.00012	0.033819	0.034966	0.031321	0.034993	0.003893	0.016959	0.008387	0.021607	0.033858	0.017563	
0.035782	0.031241	0.014074	0.031815	0.012053	0.033159	0.032825	0.011594	0.022638	0.031905	0.014886	0.004164	0.014479	0.023142	0.035582	0.020341	0.033064	0.010099	0.022324	0.008986	0.023742	0.030954	0.002399	0.0224	0.032935	0.002232	0.003345	0.002787	0.010741	0.01124	0.005757	0.031534	0.013913	0.01944	0.004879	0.011477	0.030484	0.032309	0.02802	0.029708	0.035775	0.017304	0.019084	0.004411	0.00285	0.020919	0.035864	0.01771	0.03029	0.021344	
0.033218	0.013633	0.018503	0.013016	0.032434	0.02333	0.029865	0.035024	0.032261	0.031562	0.020446	0.032815	0.005563	0.011049	0.03333	0.00989	0.027082	0.03453	0.012364	0.001085	0.009155	0.022787	0.014564	0.011996	0.019221	0.023287	0.012109	0.003479	0.007527	0.014274	0.024972	0.030737	0.001827	0.030732	0.030936	0.025935	0.035195	0.006075	0.023179	0.018972	0.028173	0.003884	0.004089	0.017291	0.027722	0.032032	0.017465	0.005654	0.033268	0.012463	
0.013024	0.017664	0.016431	0.037009	0.007873	0.00809	0.025419	0.009004	0.007102	0.019619	0.021783	0.001511	0.030749	0.030961	0.015937	0.038806	0.034749	0.035845	0.01323	0.014626	0.005865	0.002834	0.037141	0.021279	0.036095	0.012491	0.032621	0.039981	0.005712	0.034283	0.012066	0.003288	0.003152	0.011139	0.01047	0.018386	0.026127	0.023671	0.016	0.034685	0.035565	0.019513	0.013604	0.026816	0.01527	0.020019	0.031582	0.021184	0.024533	0.005196	
0.030291	0.017828	0.005224	0.00336	0.031267	0.017462	0.01972	0.01793	0.006422	0.03268	0.029496	0.013472	0.008746	0.006541	0.015789	0.026992	0.026586	0.026592	0.01272	0.020746	0.037207	0.034622	0.011867	0.013076	0.00428	0.008455	0.029719	0.014268	0.036671	0.006247	0.029966	0.030777	0.03623	0.021292	0.027907	0.005265	0.025902	0.014822	0.004863	0.015852	0.037239	0.032715	0.00462	0.002378	0.019726	0.024015	0.034124	0.036894	0.028619	0.000518	
0.008771	0.032936	0.027959	0.037646	0.016307	0.021363	0.02544	0.008108	0.027774	0.033863	0.027516	0.037393	0.004608	0.002512	0.033263	0.011157	0.039609	0.026204	0.032623	0.011628	0.026528	0.03178	0.008287	0.03521	0.030918	0.028505	0.009162	0.019044	0.017472	0.01023	0.023001	0.023409	0.005805	0.03033	0.018131	0.002579	0.021506	0.004253	0.007485	0.021704	0.006864	0.003755	0.004922	0.027527	0.02291	0.021512	0.027363	0.017288	0.017986	0.007854	
0.00597	0.034647	0.010249	0.020868	0.042984	0.020426	0.001696	0.001534	0.030976	0.035877	0.004682	0.023763	0.039386	0.042531	0.036364	0.008565	0.035605	0.027749	0.011802	0.005702	0.018573	0.008584	0.008847	0.007871	0.001545	0.003826	0.004179	0.01061	0.000243	0.008634	0.04223	0.019068	0.006006	0.039685	0.031088	0.025899	0.011432	0.014699	0.013911	0.012154	0.014364	0.036793	0.028505	0.039857	0.029926	0.005771	0.036586	0.039094	0.025621	0.013023	
0.032535	0.002754	0.022272	0.034956	0.010783	0.003661	0.037276	0.033491	0.004719	0.028487	0.020622	0.01346	0.031798	0.002706	0.014796	0.006726	0.031474	0.027535	0.02797	0.005262	0.023662	0.032867	0.007328	0.005146	0.034976	0.015688	0.032531	0.037048	0.019813	0.028727	0.027774	0.029081	0.03885	0.028853	0.010634	0.009403	0.003704	0.007537	0.025563	0.013844	0.026147	0.035124	0.000921	0.020006	0.001422	0.005832	0.027438	0.014647	0.035924	0.006227	
0.002685	0.036324	0.038245	0.00278	0.022232	0.006945	0.017705	0.039948	0.017777	0.004599	0.032256	0.025761	0.017912	0.017524	0.021654	0.02225	0.023588	0.010505	0.016458	0.006925	0.006358	0.014148	0.022492	0.033172	0.004694	0.041448	0.03919	0.009231	0.015426	0.034647	0.011623	0.000618	0.035362	0.002773	0.009256	0.012093	0.033761	0.01122	0.02419	0.038037	0.011144	0.021345	0.034682	0.029738	0.027319	0.008657	0.030534	0.014462	0.018681	0.019626	
0.003621	0.018015	0.009646	0.002087	0.014263	0.00221	0.005876	0.0047	0.016723	0.01137	0.032811	0.027607	0.021417	0.028716	0.044184	0.035265	0.022234	0.028301	0.001256	0.021137	0.008692	0.005023	0.044107	0.029149	0.030978	0.022083	0.019229	0.040813	0.033181	0.013197	0.01093	0.013356	0.003359	0.047297	0.006717	0.024493	0.009133	0.025321	0.006099	0.017278	0.006294	0.012089	0.011114	0.005094	0.024275	0.045185	0.039926	0.015254	0.033991	0.044904	
0.03469	0.023089	0.010596	0.021682	0.028018	0.020907	0.005439	0.01744	0.035057	0.007495	0.021504	0.008101	0.006411	0.028289	0.03202	0.004059	0.015734	0.021572	0.003212	0.02022	0.018377	0.009821	0.022623	0.022888	0.01472	0.007836	0.013825	0.001022	0.018968	0.026067	0.010929	0.034091	0.013089	0.029834	0.003177	0.032942	0.034246	0.007998	0.032128	0.015107	0.009253	0.028602	0.020036	0.031151	0.032137	0.032376	0.033195	0.02691	0.020783	0.030334	
0.030033	0.020219	0.000451	0.00962	0.022526	0.012605	0.015568	0.010856	0.036097	0.028123	0.028049	0.006958	0.029486	0.012319	0.034747	0.014343	0.03349	0.012598	0.031003	0.023294	0.032397	0.036084	0.034493	0.01505	0.010151	0.015471	0.031712	0.020919	0.017072	0.022059	0.030943	0.022247	0.000224	0.000456	0.003009	0.029938	0.031924	0.0286	0.006783	0.000509	0.018679	0.028643	0.029366	0.006505	0.00541	0.020931	0.019657	0.024267	0.014131	0.029985	
0.037409	0.035496	0.015352	0.032956	0.037647	0.035543	0.011105	0.013544	0.005966	0.027321	0.020877	0.00024	0.018083	0.001159	0.035266	0.015406	0.021186	0.018465	0.025176	0.02483	0.022292	0.02883	0.00993	0.021018	0.013301	0.019393	0.015567	0.011535	0.015496	0.026711	0.035471	0.017852	0.001535	0.009097	0.012577	0.025077	0.015203	0.01899	0.029565	0.004084	0.00712	0.015632	0.026661	0.026235	0.020956	0.024254	0.028768	0.007419	0.02008	0.036324	
0.010599	0.025639	0.026045	0.031293	0.022375	0.012052	0.014941	0.024778	0.030437	0.007282	0.029833	0.021374	0.011876	0.001656	0.036047	0.032778	0.004051	0.009492	0.000336	0.026314	0.03883	0.001513	0.015219	0.030025	0.038292	0.010612	0.014416	0.038436	0.02718	0.002276	0.016829	0.012398	0.006693	0.039215	0.01048	0.013417	0.008721	0.033982	0.011712	0.012546	0.035816	0.038963	0.028673	0.012051	0.038514	0.001412	0.030929	0.039232	0.003061	0.009359	
0.000576	0.018376	0.035435	0.033266	0.029901	0.012821	0.034746	0.023995	0.007167	0.011145	0.011206	0.039117	0.002316	0.019461	0.034977	0.028432	0.002578	0.034575	0.02423	0.007245	0.000964	0.00961	0.023865	0.004354	0.031824	0.023015	0.029923	0.037521	0.011612	0.035095	0.00579	0.008677	0.039035	0.01096	0.007158	0.038415	0.013276	0.02312	0.02917	0.018748	0.032677	0.026066	0.013941	0.012301	0.003263	0.025873	0.013555	0.012859	0.005861	0.039907	
0.012545	0.030077	0.008793	0.012869	0.026242	0.007049	0.036352	0.036133	0.002828	0.003801	0.010066	0.026154	0.034714	0.006442	0.034935	0.021023	0.03236	0.021712	0.033211	0.0225	0.004064	0.01564	0.031623	0.00414	0.039084	0.011854	0.005707	0.026879	0.009317	0.012899	0.028974	0.022968	0.038847	0.034808	0.037015	0.013995	0.036374	0.00133	0.005334	0.013555	0.02741	0.00841	0.029566	0.017953	0.026426	0.023413	0.017598	0.00045	0.001658	0.032903	
0.012447	0.02011	0.03545	0.015673	0.025744	0.02852	0.00913	0.027635	0.013446	0.018446	0.030037	0.009826	0.002713	0.030136	0.011931	0.023815	0.012619	0.004108	0.002211	0.000373	0.029021	0.03395	0.022644	0.014137	0.013186	0.0166	0.004328	0.008869	0.032957	0.007506	0.001541	0.033011	0.019923	0.029853	0.008333	0.030267	0.030536	0.033849	0.037125	0.033382	0.024315	0.029059	0.036186	0.021127	0.029497	0.018007	0.02501	0.02256	0.009791	0.00906	
0.017642	0.021502	0.014289	0.02164	0.032647	0.027496	0.026826	0.001327	0.007021	0.025519	0.028514	0.026337	0.021182	0.015899	0.034152	0.033878	0.002291	0.017027	0.016834	0.031184	0.015279	0.018012	0.016788	0.012019	0.015225	0.005903	0.029615	0.021427	0.015642	0.032649	0.021457	0.014458	0.025806	0.011071	0.022533	0.019753	0.020167	0.028329	0.030217	0.005012	0.031673	0.015031	0.00571	0.034849	0.027407	0.007049	0.014774	0.014315	0.025655	0.018968	
0.00071	0.023359	0.038218	0.029087	0.035129	0.031619	0.030925	0.035425	0.007104	0.030601	0.002108	0.003779	0.003806	0.001694	0.005842	9.8e-05	0.006382	0.007493	0.004996	0.020626	0.023562	0.03913	0.040034	0.021761	0.031997	0.015574	0.030229	0.023087	0.029263	0.02616	0.021752	0.011409	0.009197	0.011059	0.027353	0.025238	0.03086	0.038342	0.015326	0.036883	0.001192	0.009848	0.014554	0.021927	0.016844	0.021796	0.007248	0.0393	0.034024	0.00605	
0.024786	0.036594	0.003432	0.03512	0.028009	0.022323	0.008042	0.006716	0.004381	0.027665	0.019627	0.034981	0.001186	0.000598	0.006928	0.013609	0.01218	0.0047	0.01665	0.005241	0.029695	0.008452	0.020552	0.042011	0.015043	0.022661	0.027073	0.023384	0.038627	0.00258	0.030495	0.005854	0.042564	0.014939	0.023593	0.013084	0.008656	0.034052	0.004665	0.039568	0.014891	0.034499	0.016656	0.041666	0.029641	0.030595	0.035695	0.005283	0.002458	0.0283	
0.021118	0.025313	0.027515	0.021744	0.012933	0.046056	0.027744	0.016242	0.036496	0.035855	0.001403	0.019378	0.029674	0.030084	0.04542	0.023901	0.044844	0.004456	0.017955	0.005479	0.008371	0.019063	0.02499	0.025711	0.017799	0.043897	6.5e-05	0.006576	0.001332	0.0057	0.032772	0.036397	0.011614	0.027545	0.005743	0.020779	0.01201	0.044053	0.028337	0.012033	0.003438	0.018062	0.001813	0.027083	0.006288	0.013506	0.00737	0.001244	0.021272	0.021527	
0.03634	0.022124	0.030214	0.003692	0.028737	0.017062	0.030344	0.026228	0.028525	0.028045	0.031395	0.005317	0.002207	0.03163	0.001292	0.011574	0.014113	0.021522	0.024874	0.014575	0.002387	0.037964	0.038185	0.010849	0.015617	0.008421	0.012442	0.013067	0.031383	0.015667	0.029314	0.019147	0.027654	0.016035	0.004281	0.024387	0.027092	0.024422	0.020911	0.033202	0.034772	0.023551	0.009617	0.010782	0.024069	0.000569	0.005494	0.008515	0.038805	0.021589	
0.029161	0.03233	0.030764	0.01216	0.02811	0.002585	0.006455	0.029861	0.03447	0.009855	0.023912	0.011427	0.013539	0.009475	0.00976	0.007695	0.004699	0.001423	0.024616	0.025092	0.037622	0.013156	0.034397	0.030722	0.022289	0.015107	0.020201	0.034794	0.030012	0.033535	0.027253	0.008154	0.021719	0.031272	0.011328	0.023754	0.014395	0.027243	0.037471	0.032459	0.01939	0.025281	0.00332	0.016135	0.001252	0.018059	0.031391	0.008103	0.021176	0.001621	
0.033449	0.007583	0.013769	0.025553	0.000993	0.034341	0.020089	0.009311	0.008688	4.4e-05	0.034663	0.005406	0.024446	0.035042	0.031314	0.021867	0.03066	0.009001	0.014669	0.031181	0.026501	0.034831	0.008672	0.025149	0.01404	0.024773	0.014784	0.034057	0.029511	0.011327	0.00063	0.031455	0.001555	0.031266	0.021387	0.034536	0.011945	0.031102	0.015108	0.005884	0.014546	0.026567	0.001463	0.017423	0.023981	0.029178	0.017825	0.006612	0.033519	0.028304	
0.040139	0.008422	0.043371	0.011472	0.008256	0.019887	0.001061	0.016143	0.027269	0.03298	0.016069	0.010742	0.035277	0.021677	0.006875	0.041636	0.039075	0.007172	0.008885	0.018739	0.002396	0.013957	0.00948	0.014931	0.016299	0.019262	0.005542	0.017006	0.034176	0.044372	0.011589	0.002124	0.016751	0.009955	0.02619	0.024728	0.01498	0.041693	0.007931	0.013089	0.033312	0.016977	0.024438	0.013947	0.031006	0.028181	0.024966	0.043594	0.01813	0.003851	
0.021942	0.022618	0.006563	0.004989	0.027185	0.006526	0.006097	0.023163	0.001717	0.001089	0.039573	0.018284	0.011144	0.039242	0.031432	0.029735	0.006943	0.029795	0.007943	0.033062	0.019917	0.045496	0.006615	0.029878	0.001644	0.020169	0.016686	0.019686	0.036859	0.022213	0.035755	0.030316	0.01985	0.020252	0.022492	0.017251	0.004635	0.024651	0.017222	0.031491	0.02514	0.000606	0.037465	0.027593	0.045074	0.001992	0.002589	0.022535	0.012317	0.012569	
0.040787	0.012471	0.030559	0.01984	0.01379	0.025945	0.0025	0.040023	0.016443	0.028875	0.000597	0.040177	0.033378	0.02888	0.036706	0.008226	0.009235	0.02505	0.023195	0.017306	0.008319	0.009846	0.010658	0.003933	0.018536	0.031019	0.014238	0.01045	0.017426	0.010616	0.008509	0.002675	0.044274	0.011057	0.031941	0.008264	0.022574	0.044419	0.004827	0.019187	0.03041	0.006033	0.039824	0.042667	0.004822	0.021592	0.005684	0.024551	0.028448	0.009218	
0.03511	0.011873	0.028382	0.031306	0.01307	0.032818	0.031499	0.019833	0.023687	0.025555	0.019958	0.002985	0.024878	0.029691	0.025667	0.012193	0.018738	0.023009	0.023891	0.011997	0.019381	0.004882	0.023809	0.024066	0.013157	0.029094	0.011482	0.011825	0.00295	0.024521	0.015303	0.030427	0.034679	0.018045	0.031764	0.009884	0.034355	0.012654	0.03502	0.002476	0.035821	0.010042	0.002445	0.000636	0.031028	0.000385	0.025155	0.023579	0.025817	0.009178	
0.027694	0.000162	0.026991	0.036611	0.023804	0.0243	0.004676	0.021713	0.019741	0.010191	0.027951	0.03656	4.3e-05	0.015087	0.035371	0.032493	0.006126	0.015228	0.035214	0.014777	0.006756	0.016466	0.023701	0.025652	0.000379	0.017599	0.017589	0.026995	0.004586	0.035747	0.026352	0.014003	0.008991	0.026403	0.032501	0.02265	0.009302	0.008008	0.011904	0.030999	0.034078	0.019078	0.014429	0.024409	0.033349	0.004567	0.029307	0.035813	0.012002	0.011652	
0.036695	0.008028	0.009786	0.030328	0.004353	0.012015	0.014454	0.009122	0.033016	0.032271	0.03723	0.025628	0.004664	0.016858	0.0172	0.02468	0.002094	0.018109	0.022711	0.011286	0.024512	0.029243	0.036633	0.009942	0.031905	0.022554	0.017219	0.007418	0.010644	0.01093	0.037322	0.020282	0.035465	0.006218	0.037531	0.017096	0.018239	0.008725	0.037293	0.020486	0.00325	0.022779	0.014031	0.021076	0.01383	0.035132	0.011073	0.034585	0.017738	0.016321	
0.001478	0.018335	0.010664	0.006899	0.008139	0.0339	0.005095	0.034435	0.028136	0.034849	0.000994	0.025668	0.003361	0.004838	0.035702	0.009994	0.032099	0.01793	0.030627	0.015597	0.034183	0.024259	0.020464	0.013806	0.03525	0.028879	0.024684	0.015824	0.020209	0.018567	0.001351	0.019621	0.027346	0.029659	0.021006	0.007149	0.015506	0.032988	0.013982	0.021959	0.031787	0.009401	0.028897	0.009765	0.028784	0.008033	0.003846	0.03561	0.035989	0.022456	
0.026881	0.010497	0.018538	0.037628	0.023721	0.041942	0.017736	0.017054	0.007579	0.003025	0.029745	0.029466	0.007361	0.029199	0.02618	0.017432	0.022951	0.039633	0.019523	0.026648	0.039142	0.009001	0.002314	0.022134	0.012211	0.011844	0.030149	0.018403	0.016356	0.038862	0.018276	0.018054	0.021381	0.027844	0.018507	0.030889	0.006061	0.003166	0.014971	0.034562	0.015681	0.006032	0.008428	0.029718	0.000276	0.019283	0.030344	0.016563	0.000552	0.026257	
0.013083	0.016093	0.011862	0.001731	0.027407	0.011047	0.013169	0.01598	0.020341	0.03678	0.023765	0.014895	0.037051	0.007286	0.003229	0.038167	0.004072	0.033179	0.012696	0.023994	0.027246	0.016589	0.012157	0.017849	0.008782	0.005121	0.023432	0.031418	0.009662	0.032483	0.028294	0.012283	0.023637	0.023651	0.022934	0.003951	0.027089	0.021293	0.037476	0.036216	0.028202	0.015713	0.028192	0.008152	0.02602	0.0225	0.035222	0.020784	0.00879	0.019035	
0.014411	0.021737	0.011359	0.002167	0.025819	0.016109	0.011108	0.007902	0.008558	0.037468	0.002255	0.011925	0.032143	0.02999	0.01995	0.022412	0.029582	0.034312	0.015931	0.028567	0.028708	0.029421	0.022618	0.034996	3e-06	0.001294	0.002903	0.004643	0.028122	0.035325	0.024632	0.017973	0.019217	0.027826	0.017554	0.023002	0.001583	0.038019	0.03519	0.029496	0.007219	0.00227	0.034077	0.023146	0.020197	0.033206	0.031249	0.003177	0.005581	0.033648	
0.032055	0.001232	0.038673	0.030229	0.031191	0.002116	0.002782	0.021562	0.024361	0.014466	0.035756	0.004449	0.03013	0.02651	0.013551	0.006289	0.011758	0.042843	0.018466	0.026496	0.020202	0.002039	0.027018	0.037174	0.012494	0.037301	0.016187	0.003076	0.010555	0.000673	0.026055	0.038654	0.011641	0.008757	0.028254	0.013874	0.011668	0.026167	0.012511	0.039978	0.022195	0.017893	0.012162	0.001969	0.013911	0.040006	0.023714	0.025293	0.033084	0.01058	
0.005665	0.027729	0.009045	0.032551	0.013926	0.021125	0.028603	0.01846	0.005507	0.026921	0.032415	0.02731	0.024337	0.032959	0.031948	0.013254	0.031985	0.004861	0.005994	0.017492	0.013421	0.015164	0.025562	0.016977	0.009641	0.013955	0.016742	0.024657	0.01476	0.032409	0.028735	0.01027	0.020125	0.017305	0.032597	0.022664	0.035367	0.022734	0.010468	0.014609	0.003188	0.024442	0.033128	0.017568	0.03345	0.031112	0.013861	0.001318	0.025718	0.005966	
0.026408	0.015172	0.003154	0.032231	0.014227	0.008623	0.019513	0.000837	0.014838	0.024858	0.022257	0.003381	0.026306	0.002432	0.034187	0.002622	0.007963	0.034177	0.026632	0.011549	0.015564	0.013673	0.03118	0.027691	0.0339	0.001364	0.020597	0.008713	0.031892	0.028678	0.02798	0.03122	0.013169	0.030465	0.032795	0.027401	0.032337	0.031919	0.031244	0.029843	0.027482	0.020201	0.010222	0.03284	0.032457	0.000352	0.008757	0.009251	0.005114	0.020332	
0.037497	0.027237	0.0326	0.020715	0.00117	0.021121	0.015346	0.026455	0.014773	0.012837	0.024308	0.0048	0.016278	0.027534	0.0038	0.021774	0.003023	0.031591	0.018302	0.024629	0.037786	0.034254	0.013479	0.020192	0.028636	0.012933	0.029813	0.032968	0.004378	0.034823	0.014789	0.022774	0.031214	0.003699	0.021009	0.028161	0.004047	0.005253	0.032765	0.035551	0.031857	0.037545	0.006281	0.000405	0.000823	0.026805	0.013814	0.033696	0.003645	0.010815	
0.041093	0.040641	0.026752	0.014888	0.001373	0.00988	0.009087	0.017909	0.003229	0.013886	0.035838	0.035384	0.032717	0.025077	0.033144	0.009076	0.032083	0.025135	0.035817	0.028646	0.00054	0.003962	0.020521	0.0126	0.006145	0.006714	0.038481	0.000519	0.024719	0.021078	0.001992	0.021308	0.000249	0.016728	0.036314	0.046365	0.02409	0.012426	0.03763	0.022636	0.002078	0.011663	0.024222	0.035981	0.019074	0.027433	0.032296	0.004986	0.000342	0.015253	
0.007528	0.006422	0.036786	0.036814	0.014003	0.009499	0.002422	0.020839	0.031741	0.016489	0.037226	0.020949	0.013717	0.010894	0.029242	0.009575	0.025944	0.022885	0.026029	0.033424	0.010626	0.015504	0.001823	0.020941	0.036139	0.028585	0.026069	0.015575	0.002173	0.035428	0.021557	0.033166	0.036462	0.022385	0.014675	0.03404	0.001801	0.036481	0.015998	0.002047	0.035875	0.014017	0.009801	0.015681	0.021221	0.012585	0.020953	0.027454	0.010871	0.007639	
0.004124	0.014581	0.027441	0.034219	0.008333	0.033087	0.010859	0.020947	0.024179	0.025958	0.026319	0.023122	0.003694	0.022514	0.007997	0.004366	0.01159	0.041387	0.006127	0.036052	0.024509	0.017421	0.021282	0.010892	0.039249	0.009366	0.009072	0.023018	0.03935	0.008114	0.032585	0.004738	0.020186	0.035921	0.022616	0.001823	0.006958	0.003265	0.012175	0.02199	0.036121	0.02423	0.032918	0.036871	0.017029	0.0321	0.002504	0.027547	0.003153	0.036101	
0.026407	0.03409	0.011112	0.006426	0.002825	0.012817	0.007492	0.009727	0.015217	0.013861	0.031473	0.007146	0.029274	0.019291	0.040536	0.022173	0.029027	0.008415	0.015268	0.02269	0.024101	0.027073	0.027063	0.022129	0.034198	0.002192	0.019633	0.012845	0.027782	0.039651	0.029159	0.000712	0.001385	0.009029	0.012933	0.007982	0.007786	0.020976	0.034706	0.003118	0.007165	0.031361	0.035302	0.032952	0.039804	0.036424	0.01763	0.015201	0.021402	0.033039	
0.003903	0.001385	0.027432	0.006764	0.029183	0.025865	0.027684	0.015781	0.028632	0.021501	0.00462	0.013166	0.017523	0.036049	0.003963	0.017227	0.024463	0.025379	0.020473	0.033535	0.008125	0.003139	0.014233	0.023182	0.006426	0.025327	0.029533	0.040641	0.001854	0.007229	0.030733	0.023564	0.006315	0.027461	0.022198	0.00048	0.033499	0.038583	0.032088	0.010513	0.009099	0.035091	0.029814	0.013911	0.01883	0.021154	0.037015	0.037087	0.02576	0.002588	
0.021193	0.034082	0.035213	0.01632	0.00456	0.03375	0.018107	0.03056	0.026144	0.032467	0.013241	0.013215	0.0094	0.016068	0.002053	0.000911	0.020785	0.009913	0.022984	5.8e-05	0.032839	0.022799	0.026077	0.026611	0.030661	0.018719	0.018428	0.029827	0.021814	0.004607	0.030327	0.020428	0.034619	0.013938	0.032551	0.023613	0.013207	0.025815	0.017658	0.025835	0.019127	0.007843	0.006594	0.00546	0.002346	0.025213	0.023763	0.02574	0.019411	0.033106	
0.032357	0.009823	0.032395	0.017261	0.018231	0.017838	0.002761	0.023865	0.001973	0.028768	0.010141	0.001473	0.00398	0.034749	0.027397	0.00355	0.027882	0.01386	0.027208	0.009663	0.01693	0.02883	0.030751	0.003046	0.028697	0.031301	0.010319	0.027817	0.035132	0.033855	0.004663	0.001746	0.011745	0.010704	0.029122	0.023349	0.001641	0.007461	0.006835	0.007431	0.037439	0.03672	0.028931	0.034945	0.035923	0.024746	0.031057	0.011322	0.033944	0.028423	
0.026905	0.019408	0.00766	0.025374	0.040893	0.034242	0.036223	0.007798	0.042092	0.027643	0.02076	0.005066	0.010933	0.038117	0.018766	0.021171	0.006019	0.029403	0.025315	0.026154	0.001669	0.014929	0.009053	0.033373	0.028838	0.007402	0.008979	0.024448	0.000365	0.022203	0.007475	0.02974	0.00689	0.033575	0.007409	0.033804	0.000812	0.00369	0.013354	0.031689	0.029764	0.03722	0.022934	0.021934	0.029236	0.003094	0.017763	0.002365	0.006953	0.039098	
0.022034	0.00459	0.031153	0.008522	0.025181	0.017299	0.020914	0.027002	0.034187	0.03608	0.027027	0.011329	0.030771	0.024335	0.034994	0.004655	0.03515	0.008835	0.029472	0.000961	0.002414	0.020337	0.035051	0.00965	0.01319	0.034834	0.021807	0.034727	0.018477	0.007951	0.03115	0.00517	0.034886	0.020875	0.01588	0.019086	0.015235	0.016565	0.000932	0.019595	0.021651	0.033328	0.013183	0.036415	0.010896	0.010726	0.029503	0.004365	0.01874	0.00889	
0.011868	0.00671	0.006291	0.032221	0.042094	0.024739	0.026747	0.038011	0.028911	0.017221	0.019571	0.00327	0.011853	0.018427	0.015231	0.00759	0.009445	0.036224	0.022139	0.024275	0.015167	0.015673	0.040077	0.027079	0.0245	0.016024	0.023159	0.021793	0.023472	0.016256	0.037216	0.030792	0.030638	0.010262	0.028363	0.034358	0.007677	0.009157	0.000114	0.011431	0.039229	0.012235	0.006117	0.036374	0.027872	0.015787	0.001776	0.010332	0.023451	0.000781	
0.00521	0.018061	0.006792	0.027006	0.017262	0.007598	0.039499	0.023688	0.00897	0.021056	0.006264	0.027138	0.022306	0.03216	0.015369	0.022267	0.025482	0.039543	0.016342	0.014345	0.01112	0.028389	0.034195	0.00604	0.018332	0.001569	0.006376	0.017024	0.009458	0.014537	0.025413	0.020754	0.023572	0.0402	0.021887	0.013967	0.017855	0.00442	0.014255	0.004257	0.036142	0.028944	0.016615	0.014974	0.033246	0.029756	0.023095	0.026754	0.030001	0.030495	
0.012782	0.026894	0.007693	0.004054	0.006767	0.030269	0.030755	0.020508	0.02638	0.008057	0.03849	0.007853	0.018287	0.008018	0.024025	0.004011	0.037053	0.001735	0.015799	0.009959	0.036809	0.017868	0.017518	0.031924	0.015091	0.033719	0.019466	0.027625	0.035257	0.004162	0.024005	0.037356	0.008283	0.029342	0.01513	0.014935	0.030429	0.003835	0.011888	0.025615	0.013533	0.019122	0.004022	0.036176	0.023173	0.019751	0.03622	0.01629	0.036949	0.015118	
0.024294	0.013195	0.022178	0.021641	0.02521	0.020418	0.013998	0.01944	0.023225	0.013483	0.017304	0.009852	0.001064	0.026808	0.028468	0.011858	0.031108	0.009318	0.00096	0.026479	0.025113	0.028791	0.03086	0.019688	0.022634	0.021756	0.009741	0.028549	0.017638	0.031059	0.016759	0.025963	0.029717	0.000107	0.010479	0.028842	0.023331	0.026787	0.013695	0.023129	0.010505	0.025126	0.021668	0.013946	0.029696	0.014534	0.018123	0.023723	0.023106	0.024634	
0.027339	0.028839	0.028822	0.001239	0.01052	0.017241	0.014501	0.028749	0.003241	0.03367	0.006271	0.017773	0.031547	0.024561	0.004319	0.020868	0.013816	0.00793	0.016081	0.027942	0.005183	0.009081	0.027584	0.019026	0.025882	0.019267	0.024833	0.019432	0.016642	0.017974	0.03252	0.001946	0.020437	0.027617	0.023861	0.037939	0.020556	0.003568	0.031271	0.028361	0.030092	0.017278	0.015062	0.008795	0.020134	0.020484	0.027969	0.010176	0.034749	0.037012	
0.020245	0.026746	0.001586	0.01215	0.031289	0.00575	0.02677	0.031832	0.027085	0.023836	0.020477	0.001554	0.025944	0.028896	0.013522	0.030038	0.008257	0.012111	0.030959	0.039186	0.031954	0.00198	0.021642	0.017158	0.002331	0.00748	0.012486	0.028085	0.031338	0.002441	0.032878	0.036189	0.014273	0.020145	0.032088	0.007415	0.012026	0.037911	0.003388	0.027184	0.039536	0.00436	0.00603	0.00921	0.014717	0.02015	0.021216	0.038942	0.022973	0.024241	
0.036547	0.018988	0.003586	0.036675	0.028542	0.014246	0.014712	0.007878	0.005469	0.03407	0.037661	0.035569	0.000196	0.034611	0.009391	0.032728	0.013213	0.034377	0.034323	0.011425	0.003946	0.034052	0.035498	0.035844	0.02398	0.001638	0.014308	0.003073	0.015421	0.001812	0.033129	0.002131	0.00135	0.027108	0.036302	0.026684	0.009508	0.033121	0.003759	0.006828	0.023794	0.036218	0.000968	0.030417	0.027286	0.014031	0.009627	0.003738	0.035021	0.025201	
0.034427	0.008556	0.011784	0.039678	0.03029	0.021228	0.017986	0.017066	0.006472	0.032934	0.003005	0.013729	0.043721	0.012915	0.006413	0.033335	0.042151	0.005318	0.029741	0.010948	0.023371	0.006826	0.033539	0.043573	0.00611	0.038468	0.000876	0.016222	0.020566	0.004777	0.008044	0.036734	0.04191	0.006726	0.014171	0.00669	0.026344	0.04206	0.031352	0.017035	0.027039	0.016944	0.006054	0.003922	0.008641	0.000942	0.015512	0.006597	0.03331	0.033948	
0.02653	0.031338	0.028954	0.01411	0.002196	0.00151	0.02629	0.037281	0.019417	0.007669	0.002253	0.015224	0.027426	0.035907	0.000775	0.002895	0.013127	0.003398	0.030874	0.020383	0.020486	0.016859	0.036884	0.01479	0.031283	0.008915	0.037761	0.013625	0.038181	0.035826	0.026313	0.007994	0.021907	0.009945	0.022467	0.039092	0.003106	0.038911	0.030978	0.009539	0.015505	0.020926	0.000826	0.020302	0.011364	0.013921	0.033708	0.037013	0.011925	0.022091	
0.0186	0.011296	0.033776	0.026489	0.02317	0.017738	0.018544	0.028062	0.015189	0.009108	0.003779	0.02592	0.031582	0.032362	0.005516	0.021129	0.035913	0.004136	0.001501	0.023219	0.034826	0.020961	0.033411	0.006728	0.015891	0.022698	0.037316	0.01624	0.006136	0.01359	0.001238	0.037131	0.020454	0.027775	0.017251	0.028774	0.034461	0.021682	0.01811	0.034279	0.029795	0.013088	0.025588	0.00069	0.030557	0.009861	0.027764	0.004162	0.009723	0.012791	
0.017286	0.011954	0.012204	0.00692	0.021243	0.027041	0.035098	0.005183	0.023916	0.025918	0.033463	0.021491	0.011499	0.027703	0.028776	0.005166	0.000511	0.03859	0.015304	0.018065	0.003383	0.016205	0.006573	0.008131	0.002794	0.013622	0.022627	0.01878	0.020175	0.018799	0.035704	0.022189	0.021179	0.033473	0.036844	0.001648	0.038946	0.029215	0.01299	0.000673	0.0209	0.032695	0.026376	0.018965	0.026153	0.029449	0.033141	0.002855	0.037692	0.020493	
0.006272	0.008438	0.02907	0.008208	0.007204	0.005649	0.032953	0.036984	0.029788	0.0125	0.028302	0.028722	0.006344	0.001835	0.00608	0.016445	0.019812	0.037485	0.020717	0.005535	0.007831	0.023144	0.039302	0.003099	0.000284	0.035378	0.009571	0.011595	0.022353	0.043904	0.015937	0.010165	0.026968	0.004592	0.01189	0.009521	0.009968	0.044426	0.03328	0.006396	0.004297	0.011255	0.045388	0.004951	0.04465	0.030994	0.041499	0.04294	0.03476	0.021319	
0.00977	0.009855	0.028797	0.033911	0.021407	0.023444	0.00166	0.013282	0.008858	0.029479	0.002929	0.031379	0.011438	0.007164	0.006266	0.023469	0.019701	0.027513	0.038374	0.004716	0.023677	0.010222	0.003705	0.030089	0.028603	0.010074	0.031183	0.030028	0.038404	0.010615	0.016957	0.01927	0.036978	0.023631	0.007999	0.002812	0.036588	0.035579	0.016867	0.034109	0.022581	0.005406	0.035996	0.016798	0.016018	0.027496	0.004501	0.008467	0.038744	0.023191	
0.01626	0.017031	0.001538	0.031735	0.034255	0.035125	0.027405	0.025178	0.02395	0.015562	0.007708	0.029325	0.035103	0.010032	0.008955	0.014435	0.007896	0.021272	0.007308	0.000383	0.024842	0.032518	0.007535	0.008697	0.030039	0.024318	0.018749	0.031402	0.036917	0.016196	0.027607	0.035342	0.031147	0.016387	0.012096	0.011623	0.013929	0.028551	0.019826	0.032155	0.026324	0.019736	0.029947	0.028072	0.007416	0.011001	0.017891	0.020284	0.007199	0.001798	
0.024375	0.007649	0.036374	0.033378	0.004253	0.008904	0.028117	0.018321	0.018425	0.021981	0.017039	0.02318	0.002737	0.009898	0.037192	0.006465	0.037937	0.024606	0.019769	0.007401	0.001835	0.016413	0.003998	0.031469	0.021562	0.008493	0.000894	0.016481	0.001018	0.004673	0.044547	0.020761	0.0267	0.002745	0.008448	0.035121	0.026045	0.024265	0.037309	0.003254	0.015936	0.014957	0.044271	0.016735	0.031185	0.035071	0.01405	0.038569	0.039831	0.025363	
0.009258	0.024389	0.005474	0.02554	0.015517	0.028217	0.037743	0.032707	0.000881	0.004184	0.000645	0.032823	0.010773	0.024639	0.004815	0.035417	0.015843	0.005309	0.034669	0.004501	0.006878	0.011214	0.02257	0.031781	0.03601	0.001336	0.008771	0.040472	0.003203	0.021148	0.034069	0.034132	0.013721	0.01726	0.007244	0.002741	0.009422	0.02346	0.026182	0.019203	0.009156	0.024523	0.035238	0.03996	0.011037	0.037872	0.008512	0.032557	0.03908	0.037904	
0.008814	0.032438	0.007299	0.032433	0.029248	0.008663	0.016089	0.033006	0.00851	0.004639	0.015129	0.01552	0.018196	0.008138	0.005175	0.016496	0.024191	0.032959	0.013767	0.005566	0.014982	0.036082	0.025643	0.020703	0.008464	0.022877	0.026955	0.023771	0.028698	0.03519	0.02122	0.036	0.024677	0.023889	0.023556	0.029545	0.025885	0.012972	0.011067	0.015349	0.031115	0.013192	0.003092	0.026008	0.00782	0.029057	0.026414	0.029718	0.010398	0.019385	
0.015168	0.012547	0.021855	0.004853	0.039405	0.027582	0.029312	0.00478	0.028804	0.015764	0.039501	0.007637	0.009131	0.037901	0.032664	0.031697	0.014483	0.001628	0.015108	0.014938	0.038592	0.031363	0.026907	0.010774	0.016693	0.017457	0.0189	0.02664	0.014309	0.016784	0.01266	0.006019	0.031184	0.02409	0.00965	0.017568	0.040927	0.038133	0.00996	0.015703	0.02467	0.006267	0.028065	0.020765	0.026282	0.009392	0.003029	0.026748	0.015067	0.010644	
0.014451	0.034283	0.007417	0.00537	0.012113	0.003704	0.007311	0.018829	0.007824	0.014402	0.032293	0.008068	0.01075	0.032951	0.003027	0.034897	0.020728	0.034429	0.034091	0.004838	0.036012	0.022976	0.021524	0.03341	0.028491	0.029415	0.003917	0.00835	0.022283	0.016811	0.027788	0.017277	0.014059	0.033471	0.027076	0.017168	0.025183	0.014733	0.023298	0.029133	0.022761	0.027655	0.019085	0.023532	0.034534	0.009269	0.026624	0.002818	0.011895	0.027676	
0.0217	0.019241	0.026163	0.026383	0.006333	0.002709	0.001422	0.002505	0.025705	0.02963	0.023606	0.027782	0.021904	0.000519	0.023266	0.017723	0.037597	0.038157	0.042506	0.023653	0.015071	0.037298	0.012188	0.039788	0.01847	0.036575	0.036803	0.042273	0.001467	0.034535	0.002295	0.024528	0.006182	0.033188	0.033867	0.024563	0.010666	0.017653	0.002299	0.028416	0.008019	0.00886	0.012166	0.010425	0.040951	0.002131	0.015986	0.00674	0.012814	0.005279	
0.008082	0.00274	0.023738	0.003487	0.027369	0.014004	0.022439	0.030502	0.019802	0.012754	0.027444	0.006729	0.015072	0.001926	0.024033	0.02375	0.030171	0.012881	0.034426	0.014264	0.036205	0.031825	0.017529	0.021704	0.01148	0.036599	0.005671	0.001019	0.013186	0.036253	0.000887	0.024037	0.000453	0.029211	0.01515	0.014635	0.034312	0.034245	0.029815	0.019969	0.027064	0.033183	0.02918	0.036571	0.017165	0.01469	0.021436	0.024421	0.013403	0.013089	
0.030729	0.007129	0.03555	0.009763	0.018384	0.028585	0.007184	0.031348	0.028761	0.032898	0.035203	0.000503	0.004131	0.012991	0.013465	0.006432	0.029344	0.025799	0.009594	0.023149	0.018152	0.040067	0.030839	0.01539	0.006823	0.011999	0.002823	0.031999	0.034156	0.039519	0.030321	0.003854	0.015491	0.030504	0.038705	0.012548	0.006072	0.000979	0.014715	0.009329	0.035475	0.030132	0.034627	0.024612	0.01522	0.012743	0.008693	0.032294	0.010843	0.010134	
0.040035	0.01053	0.007745	0.040958	0.020719	0.036302	0.029298	0.025207	0.026065	0.025765	0.035562	0.008421	0.018339	0.001643	0.02586	0.025478	0.02596	0.019036	0.028139	0.03414	0.006875	0.011006	0.022301	0.004973	0.032169	0.019556	0.00155	0.033107	0.031489	0.009208	0.026386	0.012807	0.009031	0.00571	0.020258	0.004816	0.004415	0.005499	0.006742	0.017783	0.030891	0.035687	0.021743	0.027037	0.013083	0.029332	0.006758	0.019237	0.008728	0.036621	
0.020222	0.006062	0.025752	0.024409	0.020411	0.036855	0.012564	0.039396	0.024579	0.038322	0.028812	0.010008	0.027667	0.003541	0.034366	0.037584	0.037182	0.01788	0.011458	0.025407	0.027101	0.018503	0.024318	0.009078	0.01625	0.015253	0.004713	0.026428	0.02045	0.015993	0.019791	0.022037	0.035697	0.027316	0.03667	0.024952	0.027622	0.009629	0.025183	0.008053	0.021998	0.001183	0.002791	0.007995	0.000819	0.017251	0.004107	0.005366	0.005182	0.035794	
0.007065	7.6e-05	0.040941	0.017983	0.008152	0.035467	0.026372	0.0334	0.00424	0.012808	0.003958	0.017632	0.006875	0.002182	0.034198	0.018927	0.021344	0.032221	0.006627	0.04118	0.027043	0.032709	0.007912	0.017279	0.023145	0.045849	0.04475	0.039393	0.027337	0.01981	0.008127	0.018086	0.037062	0.032355	0.010158	0.005544	0.01741	0.025472	0.008443	0.021706	0.01214	0.003038	0.036976	0.006154	0.023359	0.006298	0.02979	0.004656	0.029367	0.006984	
0.024184	0.005676	0.026833	0.022428	0.032391	0.007743	0.025846	0.028048	0.00397	0.017498	0.024222	0.006832	0.008292	0.009435	0.025046	0.006048	0.006153	0.001939	0.013787	0.004068	0.024795	0.027361	0.02773	0.007519	0.016173	0.035838	0.005963	0.033757	0.030982	0.029339	0.019751	0.03081	0.002858	0.01197	0.031102	0.019966	0.034489	0.008002	0.027322	0.033141	0.017205	0.018127	0.026234	0.021723	0.018232	0.023659	0.033127	0.029409	0.028048	0.024929	
0.034844	0.033873	0.035786	0.019516	0.030188	0.034907	0.007697	0.001085	0.021533	0.003623	0.00515	0.012723	0.031574	0.028512	0.009585	0.011824	0.024171	0.022729	0.037965	0.03104	0.009197	0.029174	0.00845	0.001701	0.016324	0.038628	0.008786	0.038329	0.034858	0.018059	0.028022	0.033191	0.009298	0.007219	0.001395	0.023101	0.044391	0.034425	0.002079	0.012146	0.007521	0.043669	0.011798	0.01637	0.007115	0.00781	0.020564	0.036366	0.006435	0.005254	
0.007814	0.025878	0.031114	0.023387	0.000925	0.022079	0.017934	0.025883	0.011455	0.024282	0.000822	0.021602	0.013824	0.02417	0.016843	0.017106	0.034078	0.018586	0.036501	0.031538	0.021795	0.030139	0.008175	0.028129	0.029171	0.033919	0.003177	0.036671	0.012384	0.037184	0.011726	0.001223	0.034374	0.028641	0.036119	0.008446	0.003135	0.036804	0.02229	0.003355	0.029559	0.016424	0.02314	0.004374	0.001859	0.008169	0.031552	0.009852	0.02206	0.020333	
0.007359	0.015992	0.002524	0.005997	0.008455	0.028408	0.033069	0.021201	0.031634	0.027233	0.011485	0.037728	0.036145	0.008716	0.026021	0.010767	0.032192	0.013936	0.035251	0.001929	0.017444	0.028358	0.009009	0.028745	0.009175	0.029638	0.021249	0.019978	0.025748	0.016016	0.021123	0.021366	0.018016	0.038332	0.028063	0.012228	0.017997	0.0017	0.015207	0.014547	0.030556	0.014156	0.007821	0.019839	0.023871	0.023706	0.012893	0.021423	0.033663	0.022091	
0.031926	0.004341	0.003112	0.02282	0.024549	0.017187	0.023815	0.018469	0.009471	0.010228	0.009941	0.013315	0.016968	0.027695	0.023535	0.033604	0.025962	0.005996	0.005487	0.021887	0.011207	0.018248	0.029122	0.033049	0.026008	0.01043	0.016492	0.007582	0.020272	0.014882	0.024798	0.009127	0.01905	0.02681	0.030171	0.031214	0.005457	0.030986	0.02395	0.023661	0.019082	0.031331	0.021723	0.032502	0.000769	0.025994	0.007164	0.032572	0.033851	0.032188	
0.021827	0.013563	0.02861	0.031352	0.01014	0.004331	0.000416	0.014843	0.022909	0.002835	0.003937	0.032214	0.00193	0.005645	0.031825	0.027896	0.001977	0.013013	0.034057	0.030831	0.000136	0.025936	0.000498	0.006666	0.024851	0.035748	0.037118	0.001042	0.036245	0.021904	0.03463	0.030943	0.035051	0.031551	0.02594	0.022261	0.016957	0.036399	0.037102	0.015798	0.017012	0.011236	0.027187	0.022887	0.010503	0.010713	0.027349	0.013498	0.029729	0.018959	
0.029262	0.00552	0.02019	0.012102	0.010871	0.031456	0.004859	0.033383	0.009086	0.033785	0.009375	0.029401	0.013173	0.024923	0.007484	0.03709	0.01885	0.029824	0.003006	0.01395	0.033521	0.024253	0.001591	0.007931	0.004387	0.030492	0.030033	0.035053	0.019912	0.032726	0.027098	0.034015	0.033381	0.036661	0.035132	0.026029	0.031522	0.003731	0.006537	0.0126	0.019751	0.031327	0.029401	0.00556	0.015288	0.034825	0.005	0.001343	0.000957	0.012353	
0.00406	0.013019	0.021391	0.000633	0.006384	0.00468	0.016752	0.019646	0.032877	0.002664	0.000145	0.007916	0.013549	0.022962	0.023845	0.024419	0.028984	0.004539	0.009446	0.031695	0.011345	0.017183	0.012098	0.01862	0.030432	0.033656	0.015992	0.005601	0.027417	0.038594	0.028366	0.029445	0.027582	0.0344	0.028134	0.007553	0.02445	0.021406	0.033348	0.039465	0.0351	0.021604	0.008855	0.016653	0.004654	0.038146	0.020005	0.034899	0.011355	0.034036	
0.043554	0.040537	0.036735	0.02819	0.02809	0.029658	0.013467	0.004504	0.02652	0.0005	0.014934	0.018626	0.024142	0.015538	0.032218	0.003643	0.02082	0.01884	0.005736	0.024812	0.02162	0.037887	0.007143	0.010354	0.024831	0.014428	0.022421	0.012507	0.030573	0.022486	0.0253	0.001964	0.040925	0.011504	0.009746	0.011316	0.037026	0.017274	0.002974	0.003708	0.02673	0.025889	0.017847	0.033287	0.015282	0.012125	0.01074	0.008416	0.012189	0.040444	
0.026641	0.008599	0.000645	0.020997	0.006001	0.028236	0.043026	0.028442	0.009612	0.030602	0.001352	0.003709	0.008124	0.009097	0.027249	0.003556	0.03902	0.003807	0.013972	0.032395	0.03182	0.01764	0.007115	0.033496	0.010296	0.017241	0.01888	0.042752	0.037517	0.007134	0.038514	0.041597	0.017081	0.004502	0.021013	0.043224	0.007257	0.02645	0.026082	0.025168	0.004443	0.01235	0.004776	0.043263	0.023781	0.012655	0.021661	0.016241	0.000635	0.040334	
0.013507	0.021428	0.026618	0.0195	0.04293	0.013776	0.018806	0.016346	0.029935	0.007629	0.013351	0.000562	0.015297	0.03476	0.016251	0.000236	0.036833	0.003703	0.027399	0.019029	0.021317	0.03657	0.000506	0.040685	0.002975	0.007407	0.040339	0.03219	0.042223	0.023931	0.004589	0.035508	0.005517	0.02233	0.04235	0.029808	0.029181	0.00608	0.017083	0.012175	0.020692	0.023353	0.027646	0.01449	0.009034	0.003993	0.016553	0.029298	0.016849	0.007432	
0.024624	0.032169	0.029064	0.010656	0.012597	0.012519	0.015475	0.031844	0.029765	0.030964	0.023952	0.02689	0.034386	0.031783	0.01618	0.022728	0.009506	0.020446	0.006618	0.008195	0.035035	0.000403	0.031495	0.016195	0.010506	0.005517	0.022431	0.007779	0.013445	0.026106	0.034324	0.008156	0.024091	0.017827	0.013615	0.020545	0.016884	0.024202	0.002533	0.013377	0.025831	0.023094	0.001923	0.032573	0.026638	0.033782	0.011525	0.028009	0.021405	0.020393	
0.007402	0.026218	0.035262	0.034037	0.03975	0.005597	0.000489	0.009065	0.021764	0.006535	0.017135	0.021355	0.025755	0.016834	0.020054	0.014575	0.022852	0.017164	0.027145	0.025061	0.039254	0.025819	0.029583	0.007914	0.002017	0.011019	0.035151	0.020638	0.028841	0.005596	0.02404	0.010637	0.016399	0.025995	0.024903	0.013248	0.007278	0.020257	0.007984	0.026952	0.016975	0.031065	0.01965	0.015916	0.023287	0.040234	0.005545	0.013263	0.036885	0.019606	
0.014503	0.012089	0.038509	0.032638	0.037629	0.036598	0.020107	0.020864	0.040283	0.016829	0.040733	0.003884	0.02167	0.022121	0.015437	0.023098	0.02979	0.019102	0.004827	0.043022	0.020244	0.011703	0.017346	0.004927	0.012032	0.002902	0.008327	0.036761	0.029893	0.028272	0.006498	0.006615	0.015478	0.000334	0.027898	0.009952	0.006318	0.025266	0.008389	0.030614	0.032881	0.033254	0.001844	0.026582	0.027105	0.02805	0.016828	0.00985	0.011475	0.008629	
0.015303	0.037804	0.037598	0.011937	0.026205	0.005714	0.010874	0.012999	0.04202	0.025936	0.019477	0.003761	0.016529	0.024533	0.019792	0.005183	0.007407	0.011165	0.010261	0.038864	0.022746	0.014956	0.009246	0.001332	0.034179	0.017558	0.014373	0.026593	0.013848	0.015819	0.04156	0.039408	0.005281	0.016029	0.024803	0.011822	0.008289	0.012694	0.012478	0.017101	0.019497	0.037717	0.04146	0.020041	0.022243	0.041543	0.005354	0.021518	0.006249	0.040901	
0.027156	0.03696	0.004459	0.033688	0.005062	0.004904	0.003091	0.017389	0.023953	0.030489	0.011595	0.02629	0.02028	0.019265	0.028846	0.032073	0.026435	0.027044	0.010725	0.010436	0.033141	0.008418	0.011737	0.008189	0.017453	0.008151	0.016855	0.033468	0.01817	0.037091	0.027304	0.027814	0.015718	0.031161	0.004037	0.025832	0.01231	0.005128	0.026262	0.006925	0.028642	0.008397	0.034496	0.036862	0.028254	0.014716	0.029659	0.013758	0.008612	0.0213	
0.015686	0.016819	0.02804	0.002627	0.021542	0.006983	0.025422	0.02354	0.011288	0.021464	0.030335	0.022842	0.005071	0.021692	0.027041	0.029927	0.025529	0.032187	0.035129	0.006958	0.02769	0.022482	0.027648	0.029619	0.003552	0.034832	0.022672	0.012399	0.002951	0.033362	0.019958	0.008606	0.0015	0.032377	0.014995	0.018176	0.030931	0.031636	0.033426	0.025159	0.011369	0.022388	0.030995	0.017754	0.037702	0.004654	0.016605	0.002929	0.003129	0.008382	
0.017856	0.003751	0.032445	0.00199	0.008533	0.028009	0.02038	0.006408	0.027281	0.026296	0.005204	0.013139	0.001282	0.026325	0.002422	0.032701	0.021382	0.01379	0.03972	0.033532	0.032266	0.014002	0.001007	0.025784	0.035496	0.024287	0.00885	0.03035	0.037273	0.007365	0.027136	0.009405	0.027531	0.016313	0.039483	0.023456	0.035445	0.013191	0.033767	0.023249	0.004864	0.02181	0.027707	0.028904	0.001576	0.007798	0.019921	0.031749	0.015776	0.011793	
0.011619	0.033928	0.027521	0.008007	0.031422	0.026622	0.000791	0.009569	0.024433	0.015124	0.036067	0.01334	0.004626	0.033276	0.033257	0.035655	0.011874	0.015857	0.038474	0.035428	0.035406	0.025049	0.026145	0.036761	0.038778	0.01047	0.016248	0.001302	0.02008	0.018634	0.03582	0.026278	0.015283	0.000764	0.024692	0.014825	0.001033	0.031541	0.016314	0.02733	0.003498	0.023749	0.005502	0.018715	0.019281	0.003398	0.001564	0.010045	0.031217	0.013388	
0.018854	0.02002	0.000802	0.002346	0.018994	0.007954	0.023177	0.014892	0.034663	0.024194	0.029735	0.000478	0.01409	0.025848	0.009257	0.014074	0.028945	0.004794	0.02438	0.035854	0.033815	0.032252	0.001589	0.029878	0.024709	0.032215	0.03338	0.013437	0.022924	0.030525	0.008658	0.011758	0.029108	0.011329	0.019505	0.021898	0.037704	0.0076	0.010204	0.031542	0.000756	0.039335	0.011701	0.021135	0.004703	0.035685	0.017015	0.029156	0.024817	0.018316	
0.028767	0.035175	0.009704	0.0192	0.036896	0.000324	0.017017	0.03913	0.032572	0.017982	0.008232	0.026293	0.025831	0.024402	0.005322	0.034201	0.016745	0.008491	0.000735	0.017171	0.023346	0.004993	0.012406	0.036376	0.019017	0.00047	0.00143	0.00365	0.016008	0.035116	0.02888	0.017785	0.025265	0.022135	0.029743	0.003465	0.008331	0.032124	0.002624	0.032043	0.027912	0.008746	0.030803	0.036525	0.037841	0.016683	0.02213	0.012311	0.014302	0.03335	
0.041368	0.018321	0.022964	0.005625	0.012893	0.0186	0.0117	0.000322	0.016542	0.013255	0.041166	0.005123	0.01307	0.029038	0.007666	0.025817	0.013992	0.03103	0.036116	0.019398	0.016094	0.004725	0.023457	0.02403	0.008896	0.022029	0.019103	0.009504	0.020204	0.043045	0.032529	0.045285	0.021191	0.026883	0.00831	0.002325	0.029907	0.015145	0.010377	0.023537	0.003604	0.005504	0.017691	0.001419	0.020192	0.031174	0.027761	0.040838	0.031318	0.029917	
0.011131	0.011505	0.018406	0.037941	0.038392	0.014584	0.02647	0.026822	0.016021	0.006832	0.01123	0.011495	0.028673	0.026705	0.014122	0.002798	0.015854	0.022582	0.029763	0.009782	0.015356	0.007327	0.006415	0.01572	0.026258	0.032524	0.029185	0.019295	0.019282	0.036949	0.019978	0.01742	0.032887	0.011961	0.021187	0.018587	0.001203	0.031749	0.033483	0.012745	0.038043	0.023053	0.009034	0.006386	0.020207	0.025809	0.022215	0.003267	0.029161	0.032206	
0.018951	0.021734	0.003272	0.014605	0.023736	0.04142	0.018036	0.027752	0.006378	0.03875	0.022647	0.000783	0.008243	0.026391	0.025133	0.03615	0.028994	0.020743	0.030546	0.008884	0.003011	0.029123	0.015395	0.028695	0.016154	0.019244	0.015186	0.02906	0.00908	0.022407	0.028474	0.042949	0.019629	0.002985	0.039417	0.012189	0.008304	0.003347	0.009244	0.031433	0.02804	0.012854	0.021748	0.004085	0.038551	0.000621	0.011048	0.011783	0.031845	0.030951	
0.002936	0.011355	0.014404	0.039165	0.008897	0.02371	0.027874	0.001417	0.023047	0.015542	0.012815	0.007881	0.0116	0.034776	0.031196	0.025016	0.036753	0.008506	0.012876	0.020286	0.034069	0.008766	0.016845	0.005543	0.035147	0.031722	0.017522	0.032193	0.000704	0.018546	0.014867	0.023639	0.027298	0.023567	0.020423	0.006496	0.00205	0.033605	0.00964	0.032199	0.030276	0.027261	0.026645	0.005772	0.027848	0.039604	0.021453	0.015183	0.015133	0.025932	
0.002998	0.035934	0.023332	0.036698	0.012013	0.009094	0.03873	0.005396	0.034552	0.029762	0.014807	0.015393	0.030117	0.010889	0.035003	0.011398	0.011933	0.033501	0.004667	0.035385	0.001039	0.015253	0.024933	0.032654	0.015233	0.028998	0.000879	0.012518	0.032158	0.008911	0.032829	0.027457	0.000276	0.035754	0.0372	0.000411	0.011585	0.02889	0.039348	0.009174	0.039112	0.007184	0.012014	0.009535	0.037844	0.023131	0.007056	0.021334	0.006627	0.009061	
0.011881	0.026658	0.006212	0.03711	0.036306	0.00089	0.007708	0.033723	0.031617	0.000767	0.03317	0.031898	0.014799	0.022031	0.038093	0.004588	0.016449	0.038698	0.030791	0.017307	0.005977	0.010744	0.015921	0.016148	0.015892	0.013404	0.004123	0.005447	0.03273	0.019914	0.016625	0.011537	0.005492	0.034401	0.023711	0.034523	0.007432	0.036149	0.036254	0.009433	0.013757	0.028204	0.026844	0.037033	0.021094	0.001949	0.021045	0.017632	0.00649	0.029399	
0.26