50
2
-0.06533	0.449962	0.084336	0.44394	-0.303087	-0.162427	0.914362	0.199762	-0.530753	-0.792683	-0.055718	-0.980771	0.4704	-0.461599	-0.317748	0.315504	0.965635	0.038687	-0.039121	-0.482124	0.21269	0.515796	0.910817	0.430443	-0.494893	-0.049241	-0.923344	0.215971	-0.929976	0.24029	0.001492	0.534853	0.920713	-0.275169	-0.540232	0.267784	0.315776	0.205906	-0.564506	0.570715	-0.43509	-0.11553	-0.973816	0.059553	0.983147	-0.158177	0.267173	-0.270527	-0.894005	0.331025	
0.221597	-0.831539	0.7282	0.178795	-0.740666	0.201908	-0.653828	-0.236322	-0.949795	-0.331561	-0.416616	0.510156	-0.860545	-0.05548	0.489198	-0.964	-0.397445	-0.414325	-0.281011	-0.487067	-0.162931	-0.986643	-0.39567	-0.242292	0.45384	-0.197007	0.316342	-0.776861	-0.32048	0.003921	0.818338	0.774195	0.385817	-0.338196	0.273595	0.005893	0.106314	-0.702694	-0.100552	-0.869682	0.713202	0.879058	-0.049835	0.706437	-0.823742	0.204247	-0.052116	0.23265	-0.544248	-0.454017	
0.821484	0.466882	0.24212	0.135487	-0.841298	-0.673197	0.345418	-0.110744	0.631562	-0.404725	0.929567	-0.750779	0.647392	-0.391216	0.732572	-0.149733	0.120425	-0.191003	-0.281926	-0.629053	0.322286	-0.185086	0.016595	0.578492	0.362008	0.027162	-0.205226	-0.499885	-0.192658	-0.539381	-0.751856	0.452836	0.507652	-0.077142	0.127021	0.14583	-0.363529	-0.355702	-0.214125	0.950206	-0.779133	0.804605	0.189523	0.238233	-0.853175	-0.989951	0.798351	-0.94365	-0.069465	-0.229324	
0.085085	-0.574405	0.361378	-0.003957	0.740442	-0.37652	-0.051419	-0.169034	0.041529	-0.205218	-0.105779	0.418251	0.773216	0.814438	-0.022134	0.888311	-0.33863	0.333338	-0.41916	0.415236	-0.072381	-0.780171	-0.849936	-0.183788	0.948047	0.065413	0.637868	0.26458	-0.031975	-0.473792	-0.589979	0.987699	-0.289598	0.895351	-0.019618	-0.876026	-0.236637	-0.38268	0.518543	0.542436	0.727836	0.122679	0.075172	0.59266	0.305394	-0.85513	-0.663173	0.144807	-0.975588	-0.760666	
0.275225	-0.818381	-0.760519	0.877543	-0.30572	-0.309932	-0.88113	0.268008	-0.872328	-0.497769	-0.253274	-0.189351	-0.704639	-0.615005	-0.650425	-0.359796	0.624174	-0.634897	-0.496812	-0.746547	-0.707832	0.966735	-0.447905	-0.42802	0.69746	0.046582	-0.810264	-0.751889	0.172347	0.733585	0.653321	0.286234	0.181886	-0.909792	-0.764465	0.098759	-0.123482	0.779887	-0.765975	-0.789901	0.551337	-0.070931	0.269872	-0.350037	-0.032385	0.701242	-0.541188	0.40146	-0.800983	0.342471	
0.381073	0.251306	-0.130807	0.821094	0.073545	-0.483543	0.006294	0.222611	-0.36606	0.661563	-0.872418	-0.768451	-0.466087	-0.495925	0.225023	-0.363451	-0.360891	-0.756035	0.637794	-0.960247	0.960768	0.935466	0.355942	-0.097973	-0.311899	0.274574	-0.211116	-0.573872	-0.608821	0.594017	-0.486332	0.052708	0.146238	-0.57859	0.743037	0.833067	0.345966	-0.837498	-0.509928	0.223253	-0.307165	0.297656	-0.746189	0.292013	0.045722	-0.356561	0.511132	0.417595	0.866004	-0.307236	
0.883324	-0.108823	-0.730718	-0.477847	-0.494913	0.479832	0.878762	-0.138761	-0.045035	-0.919978	-0.198032	0.612202	-0.062221	-0.91363	-0.049517	0.901792	-0.427018	-0.616817	0.415097	0.831985	-0.584728	0.682773	-0.315942	0.840042	0.644175	0.735178	-0.136857	0.825007	0.399816	-0.884013	-0.229221	-0.860019	0.124192	-0.800699	-0.733448	0.589621	-0.954405	-0.356915	-0.131353	-0.599206	0.601092	0.128496	-0.388967	0.513559	0.03353	-0.003499	0.272644	-0.829086	-0.988381	-0.608501	
-0.389743	-0.958834	0.257068	0.385774	0.776278	-0.093669	0.295472	0.25047	0.52327	-0.030785	0.74075	-0.35773	0.585661	-0.052804	-0.488594	0.258295	0.52497	-0.308217	-0.551875	0.169295	0.988203	0.129676	0.307963	-0.933659	0.277692	0.359769	0.066778	0.424032	-0.763481	0.293856	0.692096	0.329742	-0.030304	-0.41725	0.560709	0.323444	-0.654411	-0.196409	0.920441	0.088491	0.425777	0.554539	-0.083534	-0.362232	0.462609	-0.010278	-0.553911	-0.920651	0.422148	-0.999439	
0.10355	-0.778006	0.383643	0.385003	0.372985	-0.341241	0.034073	-0.617283	0.196857	0.72452	0.888697	0.787566	-0.603311	-0.580074	-0.033152	-0.175911	-0.04122	-0.927481	0.664829	0.455808	-0.445181	-0.72824	0.90466	-0.367416	0.053432	-0.027521	0.194853	-0.267667	0.189201	-0.169011	-0.654971	-0.621737	-0.374795	0.018232	0.531423	0.952755	-0.198837	-0.893	0.275678	-0.174247	0.826118	-0.678265	-0.124575	-0.244781	-0.560702	-0.386997	0.188663	-0.471115	0.3676	-0.528668	
0.949679	-0.591878	-0.315331	0.123473	0.646908	0.903422	-0.036078	0.217538	-0.545349	0.017189	-0.611126	-0.25522	0.903785	0.513012	-0.571832	0.964382	0.707746	0.908232	0.275086	0.033005	0.681543	-0.706397	-0.165712	0.203846	-0.651243	-0.093381	0.989097	-0.152074	0.909888	0.415824	0.923873	0.536246	-0.51774	-0.370304	-0.723292	-0.748291	-0.990544	-0.355724	-0.23593	-0.18459	0.858639	0.988393	-0.448693	-0.223919	0.499852	-0.694774	-0.79898	0.273072	0.212727	0.800886	
-0.46367	0.646798	0.508336	-0.939563	-0.031182	0.590735	0.476405	-0.233804	0.231808	-0.979112	0.016164	0.32264	-0.437541	-0.187563	0.164458	0.775582	0.70244	0.349686	0.187062	0.304595	0.970231	-0.16613	-0.72694	-0.93026	0.619179	0.581409	0.938856	-0.511014	-0.389264	-0.858237	-0.385951	-0.694128	0.839286	0.100439	-0.558747	-0.399437	-0.662708	0.13151	0.145489	0.531406	0.400952	-0.78471	-0.293338	-0.529512	0.282674	0.513159	0.731496	0.566913	-0.364843	0.2515	
0.000118	0.456204	0.203167	0.910738	-0.188104	-0.687446	-0.091224	-0.027843	0.522619	-0.293328	0.223758	-0.793438	-0.861563	-0.30071	0.682696	-0.339837	-0.620207	-0.966087	0.778862	0.657069	0.531705	-0.143861	0.77896	-0.867611	-0.080979	0.808771	0.145167	0.665421	0.605375	0.244862	0.652598	0.511823	0.409051	0.433318	-0.429188	0.610185	0.172512	-0.878139	-0.193371	-0.295671	0.302753	0.926833	-0.753516	-0.845566	-0.307669	0.624762	0.975766	0.688114	0.390556	-0.737694	
-0.133054	-0.704897	0.074644	0.702859	-0.818965	0.551543	0.719825	-0.31948	-0.620114	0.566647	0.594299	-0.201578	0.798558	-0.956148	-0.708499	-0.523047	0.840827	0.693158	0.945734	-0.845908	-0.966235	0.9564	0.789254	0.926707	0.806646	0.92228	-0.633207	0.849961	0.557994	-0.091723	-0.195248	0.863491	-0.102807	-0.591519	-0.997273	-0.268536	-0.876003	-0.597168	-0.482473	-0.192869	0.39455	-0.614955	0.820303	-0.141608	-0.309474	-0.367071	0.268151	0.910268	-0.065605	-0.362794	
-0.360787	0.798687	0.440237	-0.402489	0.253362	-0.168519	0.744765	-0.860249	0.649078	0.19166	0.093795	0.930365	0.917165	-0.181675	0.110459	0.409323	0.221305	0.762386	0.175843	-0.977018	-0.175869	0.270897	0.388661	-0.347797	0.831537	-0.602859	-0.977435	-0.541266	0.775008	-0.059152	-0.625295	-0.19715	0.259065	0.588047	0.0149	-0.694237	0.528679	-0.179646	-0.652381	-0.41025	-0.280759	-0.034629	-0.326072	-0.625714	-0.067277	-0.132636	0.596608	-0.889009	-0.180023	-0.74858	
-0.38682	-0.404072	-0.441197	-0.793937	-0.917039	0.342331	0.562722	0.970084	-0.845411	-0.243016	-0.619977	-0.785745	0.241662	0.589255	0.81796	0.163084	-0.419327	-0.662667	0.622285	0.130342	-0.080485	-0.236746	-0.571395	-0.392347	0.079945	-0.339645	0.554904	-0.170397	0.934554	-0.963731	-0.10612	0.827158	-0.106966	-0.775071	-0.464197	-0.913582	0.21756	0.149164	0.210594	-0.555569	0.56074	0.002266	-0.813669	-0.570142	-0.746043	-0.374284	-0.915891	-0.657779	-0.735104	0.330952	
0.808377	-0.636209	-0.299201	-0.422764	0.200633	0.841103	-0.538665	-0.724184	0.219311	0.518175	0.06002	0.065597	-0.246509	0.896356	0.019701	-0.616289	0.880219	0.763592	0.101956	-0.374375	-0.230279	-0.905984	0.722162	0.252562	0.667783	-0.524125	-0.979147	-0.184613	0.338887	-0.122823	0.152581	-0.078955	-0.484884	-0.122883	0.140023	-0.978936	-0.233688	-0.426955	-0.548635	-0.655206	0.896511	-0.334793	-0.343234	0.956694	-0.67378	-0.124411	-0.178114	-0.186518	0.419924	0.63476	
0.798229	0.701189	-0.525786	0.652714	-0.684124	0.954052	-0.983798	0.361797	-0.244758	-0.665127	-0.11234	0.580865	-0.946965	0.031891	-0.493933	-0.877621	0.509286	0.400958	0.481955	-0.514029	0.468418	0.339395	-0.455076	0.814035	0.276587	-0.419478	-0.173087	-0.732268	-0.670351	0.466064	-0.782014	0.49494	-0.986471	-0.822505	0.578787	0.569584	-0.820041	0.35087	-0.85171	0.06837	-0.899658	-0.573223	0.153348	0.675805	0.481654	-0.522042	0.55626	-0.654946	0.29842	0.979038	
0.329232	0.565212	-0.506067	-0.19306	0.577807	0.945229	0.630338	0.36813	-0.484831	-0.745612	-0.986801	-0.441555	0.821514	-0.524463	0.187902	0.290519	0.134287	0.192556	0.435724	-0.94847	0.008717	-0.843159	0.762641	-0.209486	-0.664795	-0.33488	-0.10862	0.377495	0.384476	0.939427	-0.438125	0.915386	-0.937228	0.732325	-0.081609	0.755452	0.705305	-0.112558	-0.133681	-0.831672	-0.600229	-0.304665	0.396768	-0.271431	0.053826	0.757609	-0.833801	0.266665	-0.532078	0.65267	
0.813417	0.005349	-0.889591	-0.873716	-0.653684	-0.579111	0.923065	-0.952998	0.385338	0.596722	-0.174791	-0.244425	0.979321	0.598261	-0.725113	-0.067415	0.073637	-0.680982	0.795286	0.975559	0.869958	-0.905023	-0.394263	0.873049	0.702187	0.702234	-0.082928	0.848297	-0.057995	-0.480688	0.315114	0.065462	0.845404	-0.674283	-0.767319	-0.59515	0.959822	0.785138	-0.117093	0.429355	0.582874	-0.212131	0.479215	0.155242	0.87581	-0.429681	-0.32464	0.214899	0.297415	-0.446912	
-0.384194	0.697491	0.524708	-0.848762	-0.286186	-0.846705	-0.620046	-0.1195	0.504681	0.445198	-0.075584	0.858113	-0.120944	0.772905	-0.755384	-0.317268	-0.125499	0.699714	-0.270495	-0.789348	0.39063	0.130241	-0.283467	-0.998375	-0.60945	0.304493	0.514485	0.49314	0.0893	0.758473	0.856267	0.493233	-0.857324	0.210129	-0.429038	0.259788	0.405674	-0.389749	-0.684671	-0.267136	-0.01156	0.741533	0.943819	-0.247202	-0.227981	0.803869	-0.425435	0.187938	-0.952702	0.505756	
0.091456	0.379485	-0.223186	-0.804118	-0.633568	-0.603485	0.944927	-0.469332	0.899377	-0.343755	0.823603	-0.13656	0.265585	0.663309	-0.907445	-0.78265	-0.160019	-0.188927	0.822652	-0.559762	-0.073951	-0.161545	-0.723975	-0.494938	-0.549477	0.075677	-0.001997	0.921738	0.63566	0.179876	0.263522	-0.837024	-0.140991	0.962621	-0.810759	0.205132	0.634672	-0.946176	-0.347859	-0.54389	0.977792	-0.767849	-0.902546	0.731776	0.5014	0.32629	0.506281	-0.326872	-0.518091	0.262161	
-0.254159	0.570153	-0.999856	0.670823	0.67441	-0.504994	-0.750768	-0.13825	-0.106822	-0.850467	0.12887	0.5687	0.818036	0.996277	-0.530349	-0.321278	-0.337792	0.037812	-0.526641	0.037243	0.878352	-0.199926	-0.330876	0.029427	0.70293	0.016152	0.544339	-0.868437	0.181378	-0.130721	-0.920232	0.390375	0.001284	-0.904901	0.013177	-0.568328	-0.421056	0.643949	-0.018628	-0.659978	-0.956404	0.911421	-0.966738	-0.126792	0.867023	0.841117	-0.73778	-0.57993	-0.78718	-0.214563	
0.907724	-0.136109	-0.173767	-0.45989	0.092996	-0.92598	-0.389759	0.667714	-0.969184	0.686331	-0.095273	-0.723775	0.984235	-0.336762	-0.343413	-0.596868	-0.126864	0.839198	0.802792	-0.627282	0.347602	0.412559	-0.448868	0.135036	-0.16919	-0.763428	-0.731381	0.397357	0.597208	0.054955	0.816857	0.58089	-0.768082	-0.574802	-0.931481	-0.204443	0.234904	-0.358845	-0.012741	-0.754211	-0.95641	-0.699926	0.319152	0.741883	0.069669	-0.000773	-0.377991	-0.902583	-0.603841	0.545011	
0.453754	-0.737783	0.875583	0.588633	0.637398	-0.322648	-0.813946	-0.506358	-0.402254	-0.210041	0.861242	-0.52824	0.375526	0.228942	0.310159	-0.544308	0.442212	-0.622224	0.765567	0.008822	0.798654	0.310147	-0.144548	-0.820431	0.459744	0.68964	-0.153882	-0.7307	-0.859294	-0.463014	-0.091311	-0.26898	0.785786	0.705863	-0.846725	-0.51151	0.260102	0.74656	0.40733	0.752466	0.078752	-0.416406	-0.148844	0.252822	-0.852021	-0.979482	0.115199	-0.345717	-0.876917	0.381061	
-0.229878	0.697452	-0.352569	-0.02825	-0.224608	-0.324929	-0.438203	-0.914261	0.329164	0.684026	0.023378	0.278215	0.784428	-0.435061	0.298724	0.42236	-0.426609	0.440677	-0.682579	-0.985144	0.513401	-0.281292	0.768225	-0.226294	-0.065268	-0.58368	-0.41179	-0.968356	0.551567	-0.153756	0.266031	-0.008195	0.238883	-0.950138	-0.437031	0.814011	-0.792566	0.045271	-0.08067	-0.736899	0.577057	0.665756	0.381854	-0.11438	0.400688	-0.032422	0.675411	-0.806357	-0.415828	-0.502287	
0.67254	-0.850841	0.869113	-0.112312	0.486302	-0.452976	0.806592	-0.015459	-0.565857	-0.617962	-0.113289	-0.932844	-0.734027	-0.968631	-0.779955	-0.548883	0.789073	-0.39046	-0.462634	0.155156	-0.724469	-0.067505	0.844053	0.508032	0.91847	0.166229	-0.54435	0.121491	0.283041	0.113045	-0.250824	0.850026	-0.810804	-0.309088	0.136153	0.611289	-0.008537	0.461409	-0.199831	-0.947016	0.98979	-0.872863	0.400876	0.086231	0.264051	-0.565684	0.342459	-0.332083	0.530764	0.451911	
-0.800537	-0.685219	0.552092	-0.254576	0.289385	-0.416088	-0.048359	-0.615225	-0.129154	0.376958	0.053013	0.969991	0.365952	-0.976506	0.640441	0.202033	-0.097628	0.554716	0.415622	0.831619	0.894479	-0.822556	-0.607293	0.832397	-0.833647	-0.174268	-0.724496	0.774318	-0.977755	-0.996374	0.513238	-0.669561	0.378615	0.557457	-0.055299	0.949657	0.215066	-0.925532	0.366229	0.695289	0.110527	0.412283	0.320693	0.573958	-0.310955	-0.595836	0.075096	0.215404	-0.161221	-0.957734	
0.187448	0.734835	-0.278855	-0.376825	0.800196	-0.572318	-0.691344	-0.525241	0.522785	-0.012252	0.748679	-0.840847	0.597172	0.40443	0.240264	-0.044094	-0.206504	-0.769533	-0.879179	-0.012061	-0.149115	0.742713	0.980239	0.136566	0.102621	-0.048439	0.498996	-0.535516	-0.777785	0.247667	-0.654197	0.006518	0.715323	0.480508	-0.956462	0.080882	-0.055995	0.534646	0.550026	-0.172864	-0.270642	-0.14022	0.563004	0.741347	0.503737	-0.800528	0.170568	-0.439757	0.833808	-0.395839	
0.472225	-0.51349	0.014897	0.760286	0.242773	0.481348	-0.13515	0.51413	-0.786291	0.023701	0.263786	0.328908	-0.745612	0.169677	0.871359	0.066078	0.039532	-0.12679	0.270105	0.070494	0.221518	-0.626122	-0.969491	-0.063739	0.589022	-0.65059	0.846231	-0.075769	-0.755876	-0.780916	0.134048	-0.675766	-0.042741	0.574522	0.433009	-0.695538	0.957694	-0.479528	0.932222	-0.340695	0.168226	0.261022	0.34969	0.244029	0.290192	-0.321534	-0.807607	0.756106	-0.865842	-0.849461	
-0.091041	0.95447	-0.002479	-0.968778	-0.668939	0.040536	0.107014	0.00118	0.043452	-0.637154	-0.739425	-0.395466	-0.658244	0.555248	-0.430383	0.728496	-0.146815	0.749386	-0.569884	0.778339	0.39391	-0.443398	-0.204116	0.963573	0.796418	-0.830783	0.845066	0.453565	-0.742092	-0.539444	0.72813	0.506241	-0.094902	0.562495	0.311508	0.568976	0.788938	-0.739403	0.10193	-0.083727	0.55193	-0.281316	0.425046	0.704886	-0.913888	-0.08134	-0.777636	-0.641121	-0.561307	-0.511148	
0.782213	0.896774	0.586143	0.789525	-0.919956	0.466272	0.331908	0.433989	0.846474	-0.635198	-0.158419	-0.731715	-0.327142	-0.052239	0.334032	-0.984521	0.622883	0.737969	0.307599	-0.017755	-0.403513	0.228647	-0.831337	-0.372336	0.429349	0.36048	-0.758832	-0.737844	0.536606	-0.506542	-0.550681	0.735632	0.305793	-0.143652	-0.444366	-0.369371	-0.117754	0.187761	0.980022	0.165425	-0.545847	0.352128	-0.64726	0.791905	-0.719488	0.897434	-0.649388	-0.408823	-0.002706	-0.586052	
0.538538	-0.673572	0.578906	0.193616	0.050583	-0.89383	0.480048	0.91951	-0.717383	0.30413	0.601096	0.148868	0.092485	0.188832	0.620022	-0.24681	-0.029733	0.92418	0.465565	0.589108	0.160235	0.557538	0.523208	0.591562	0.61017	-0.133793	0.816092	-0.857631	-0.44269	-0.957635	0.891086	0.047937	0.802938	-0.00273	0.345326	0.491229	-0.596459	0.880082	-0.026995	0.476945	0.563066	-0.017295	0.889122	0.026776	-0.057889	-0.210554	0.462431	0.345247	-0.681336	0.153413	
-0.84828	-0.829587	-0.95203	0.770021	0.52132	0.083524	-0.573204	0.415686	-0.575971	0.803852	0.502469	0.042401	-0.729259	0.079159	0.253174	0.812923	0.389466	-0.107812	0.159469	-0.176805	0.633658	-0.109613	0.829388	0.592875	0.014705	0.148287	0.158233	-0.141345	0.969694	0.470029	0.020383	-0.132381	-0.19972	0.993637	0.775081	0.380489	-0.778762	0.951794	-0.529456	-0.741431	-0.851315	-0.480051	-0.47573	0.400012	-0.853367	0.474438	-0.135309	-0.215861	0.506894	0.381775	
0.185743	-0.203258	0.774446	-0.416704	0.927781	0.04671	0.322952	-0.379971	-0.269476	0.708411	0.166537	0.839745	0.069019	0.775976	-0.349822	-0.080308	-0.046893	-0.406306	-0.628535	-0.204164	0.619091	-0.604799	-0.292304	-0.437594	0.778335	-0.522516	0.764712	-0.639218	-0.163433	0.94848	0.583504	0.334868	0.819401	-0.647728	0.643773	-0.279101	0.219806	0.374607	0.130646	0.5228	-0.498376	-0.871936	0.969676	0.844099	-0.752338	-0.780628	-0.115973	-0.501056	-0.417895	-0.101868	
0.854988	0.62407	0.499502	-0.741241	0.227496	-0.967484	0.992856	-0.154767	0.045684	0.935289	0.063896	0.124639	0.290727	0.353724	-0.036563	0.59766	-0.895433	0.682344	0.351893	0.66091	0.081141	-0.594733	0.135935	0.384523	0.649649	-0.162574	0.09721	0.437921	-0.90929	-0.069808	-0.652627	0.236019	0.655135	0.965939	-0.538648	0.775322	0.722192	0.412341	0.07021	0.621166	0.655974	0.550068	-0.061548	0.681244	-0.824446	-0.968864	-0.263045	0.841809	-0.629661	-0.786231	
-0.247653	-0.374403	-0.007722	-0.790797	-0.277416	0.824864	-0.325131	0.135322	0.850505	-0.096242	0.750227	0.844249	-0.924575	0.05579	0.245695	0.75579	-0.727492	-0.749119	0.248466	-0.635598	-0.978759	-0.343986	-0.416734	0.450075	-0.777719	-0.958809	0.72364	-0.343674	-0.92255	-0.99799	0.25423	0.884712	0.969139	0.777244	-0.448734	0.208432	0.45866	0.654203	0.11532	-0.23971	-0.902498	0.799551	0.15348	0.136253	0.483533	0.186453	0.073446	0.91201	-0.529102	0.676149	
0.598665	-0.183678	-0.065322	0.466113	0.262493	0.129926	0.568266	0.625112	-0.397108	-0.226056	0.991584	-0.750615	0.384941	-0.328724	-0.841547	-0.816297	0.505127	0.632819	0.164784	-0.303762	-0.6149	-0.776426	0.610385	-0.282934	0.100551	-0.96532	-0.258752	-0.978712	0.324273	0.704934	0.562065	0.573122	-0.235252	-0.620725	-0.947794	-0.435272	-0.135988	-0.543377	0.493479	-0.778325	0.024456	0.400069	0.087402	-0.511585	0.167775	0.7682	0.704335	0.07324	0.327962	-0.013589	
0.667873	-0.084668	0.03729	-0.782803	0.43107	0.730083	0.105677	0.046614	-0.119855	0.335705	-0.556279	-0.717758	-0.589747	0.483198	-0.245064	0.177532	-0.221332	0.058391	0.762595	0.675514	0.23566	-0.122725	0.309179	0.639281	-0.707313	0.320463	-0.91537	0.853843	-0.549345	0.577577	-0.518946	0.578555	-0.827001	-0.586041	0.235132	-0.325055	0.267191	-0.541909	-0.153171	-0.96811	-0.769445	0.802688	-0.247324	-0.116455	-0.262265	0.847646	0.849115	-0.82432	0.039039	0.456271	
-0.433268	-0.392465	0.186595	-0.743131	-0.960474	-0.78453	0.473724	-0.358187	0.884241	-0.267012	0.419476	0.372483	-0.393253	0.10905	-0.458742	-0.119051	-0.888113	-0.512186	-0.073416	0.088256	0.159879	0.271692	-0.893139	-0.086669	-0.556179	0.740353	0.103763	0.243278	-0.000648	0.896637	0.831816	-0.681618	-0.625512	-0.063049	-0.551737	0.980179	0.98374	0.191433	-0.260884	-0.013799	-0.129493	-0.067384	-0.716344	-0.013764	-0.805619	-0.15841	0.383058	-0.475597	0.63222	0.754677	
-0.798971	0.278454	-0.992853	0.120841	0.222462	0.422819	0.265621	-0.737402	-0.205535	0.155777	0.385556	0.778331	0.685084	0.88311	0.803442	-0.368445	-0.655262	-0.633583	0.474642	-0.501142	0.398368	0.883244	0.937678	-0.449096	-0.964988	-0.833342	0.766919	0.611579	-0.725437	-0.727115	0.750143	-0.830839	-0.611543	-0.543247	0.433241	-0.466785	0.76522	0.45884	0.431259	-0.192975	0.374883	-0.412429	-0.519922	0.7006	0.170804	-0.994656	-0.605957	-0.06763	-0.502993	-0.855203	
0.217156	-0.585815	-0.011964	-0.142714	0.633179	0.434447	0.701476	0.595425	0.530064	0.910417	-0.943806	0.393753	0.903687	-0.003249	-0.796935	-0.284964	-0.632509	-0.396647	0.857769	-0.625126	0.717135	0.350379	-0.156822	0.693337	-0.272813	0.736394	0.1626	-0.670612	-0.079502	-0.13851	0.50284	0.346174	-0.211664	-0.232584	-0.00577	-0.935793	0.758333	0.012729	0.649945	-0.49011	0.519278	0.626569	0.322183	-0.180089	0.17368	-0.116327	-0.036794	-0.642717	-0.971817	-0.115723	
-0.118125	0.059877	0.93032	-0.211971	-0.218313	-0.415484	0.296086	0.511165	0.46584	-0.049442	-0.150544	0.702196	0.704321	-0.686562	0.428444	0.223584	-0.314062	-0.176278	0.881374	-0.195347	0.857171	0.79	0.918781	0.830592	-0.187512	-0.112697	0.20731	-0.206862	-0.072989	-0.528644	-0.171794	0.591725	0.273991	-0.352207	0.500793	0.165621	-0.417029	-0.986584	-0.132237	-0.806262	0.570132	0.687876	0.911534	-0.821537	0.392476	0.675914	0.166359	-0.806079	-0.087488	0.893566	
-0.798276	-0.490018	-0.517703	0.540462	-0.5564	0.918014	0.968231	-0.101018	-0.88943	0.903117	0.800864	0.671129	0.115362	-0.828299	-0.991285	0.32505	0.698592	-0.93529	0.932847	-0.209375	-0.830616	0.162397	-0.709193	0.636726	0.605378	-0.461239	0.638988	-0.999096	-0.081014	0.312384	-0.76041	0.365572	0.409045	-0.137863	0.43779	-0.053966	0.927617	0.542988	0.582301	-0.864324	0.45793	-0.736627	0.658885	-0.782647	0.79221	0.141184	0.835279	0.596477	-0.694459	-0.493337	
-0.941739	-0.905919	0.706813	-0.836625	-0.941596	0.772902	-0.689575	-0.825138	-0.665626	-0.190278	0.272883	0.255366	0.998922	-0.101176	0.429182	0.578318	-0.35362	0.780681	0.518557	0.826393	-0.715376	-0.896851	-0.28982	0.180113	-0.828034	-0.2553	0.403884	-0.238078	-0.369117	-0.522358	0.405139	0.262673	-0.3956	0.463332	0.039556	0.632454	-0.21982	0.089853	0.467099	-0.07005	-0.947434	0.696214	-0.968866	-0.881563	-0.498117	-0.553401	0.511196	0.130666	0.793712	-0.395894	
0.141996	-0.933389	-0.81268	-0.34677	-0.682329	0.412768	-0.412893	0.616602	-0.320467	0.898797	-0.855576	0.183073	-0.098731	-0.066524	-0.206057	-0.91619	0.124672	0.152145	-0.201372	-0.833349	0.985223	-0.258149	0.583876	-0.668854	0.829354	-0.781401	0.401201	0.111762	0.686684	-0.954151	0.859685	0.627571	-0.107972	0.606889	0.957784	-0.358034	0.077117	0.862146	0.01719	-0.26031	-0.595817	-0.220655	-0.539236	0.916615	0.611567	0.619008	-0.494071	0.72802	0.229422	-0.669795	
-0.345706	0.995222	0.241074	0.976935	-0.83754	-0.450154	0.16127	-0.335576	-0.638018	0.067252	-0.532655	0.717763	0.039724	0.310495	0.792235	-0.222792	-0.133669	0.716278	-0.583531	0.077312	-0.931535	-0.644077	-0.289472	-0.469215	0.950512	0.804724	0.691155	-0.173669	-0.702933	0.621989	-0.201578	-0.010102	0.942004	-0.390686	-0.135458	-0.171449	-0.474253	-0.381914	-0.760197	-0.415281	-0.773777	0.669229	-0.288583	-0.763768	-0.78717	-0.747265	0.629533	-0.442643	-0.798284	0.929894	
0.797695	-0.48291	0.233184	-0.757646	0.606646	-0.779096	0.990482	-0.579532	-0.222563	-0.047404	0.789922	-0.634608	0.021081	-0.733397	-0.975059	-0.945675	0.426995	-0.388118	-0.944529	-0.751811	-0.510999	-0.587904	0.689575	0.346095	0.490088	0.00761	-0.388486	0.257823	-0.472317	0.686498	-0.344976	-0.716228	-0.179245	-0.439799	0.437072	0.268577	-0.672332	-0.99251	0.859293	0.000952	0.052589	-0.363948	0.066171	-0.572642	-0.450873	-0.179911	-0.627177	0.528755	-0.911058	0.881588	
0.704288	0.254069	0.947166	-0.166892	0.035669	0.27352	0.657566	0.999914	-0.308843	-0.716253	0.323699	0.150334	-0.26887	-0.913783	0.80586	0.493883	0.958275	-0.864963	0.069359	-0.978751	0.005526	-0.10673	-0.088125	-0.278566	0.963851	-0.597395	0.631583	0.826462	-0.40151	-0.328631	0.951845	-0.994018	-0.990523	0.202074	-0.75256	-0.784691	0.063136	-0.086461	-0.081449	-0.716951	-0.104972	0.853252	0.67977	-0.992573	0.507258	-0.926204	0.497767	0.593485	-0.899846	0.550472	
-0.651702	-0.278608	-0.5023	-0.183076	0.687768	0.761699	0.559044	0.837201	0.883383	0.775041	0.223704	-0.407967	-0.880128	-0.311286	0.332937	0.85382	-0.033512	0.616839	-0.486854	-0.427589	0.424979	0.083735	0.768105	-0.208517	0.432647	0.119841	-0.975052	0.669716	-0.815814	-0.087976	-0.986491	0.193654	-0.47135	0.063176	-0.95619	-0.602133	0.184631	-0.441779	-0.749896	0.406188	0.799365	0.292944	0.53041	-0.935503	-0.623288	-0.86359	0.486665	-0.170912	-0.999536	-0.149604	
0.447532	0.189983	-0.900718	0.271346	-0.127714	-0.234614	0.613091	0.828319	-0.322327	-0.355955	0.888923	-0.545507	0.868917	-0.375104	-0.424654	0.688934	0.306709	-0.83623	0.008343	0.068253	-0.464145	0.087425	0.228793	0.399484	-0.089433	0.926774	0.492669	0.598161	0.963956	0.739204	0.002532	-0.321601	-0.723959	-0.92187	-0.708431	-0.301577	0.328582	-0.363402	0.948814	0.729248	-0.258579	-0.094957	-0.217978	0.480746	-0.783682	0.401074	0.865317	0.985844	-0.009915	-0.959548	
0.504899	0.025852	0.357924	-0.254701	-0.701601	-0.224213	-0.08708	-0.056469	-0.655395	0.13746	0.662959	-0.159312	-0.402073	0.034643	0.719879	0.996131	0.354948	-0.134105	-0.348961	0.834653	-0.732219	-0.633209	0.464506	-0.505787	-0.651914	-0.322806	0.236733	0.353914	-0.365728	0.82158	-0.166866	-0.610236	0.757508	-0.380243	0.241836	0.707918	0.753727	0.062914	0.057812	-0.492382	-0.032748	-0.603477	-0.56846	-0.652828	-0.591132	0.464299	0.448922	-0.128783	-0.342004	0.07038	
-0.619229	-0.369541	-0.670091	0.095224	0.564855	0.716046	0.825101	-0.158557	0.484993	0.171993	-0.485555	-0.266377	0.993533	0.71917	-0.741713	-0.362738	-0.324038	0.003837	-0.770334	0.588869	0.439541	-0.896648	-0.933513	-0.79803	0.327177	-0.14345	0.472859	-0.638282	-0.698666	-0.267326	-0.26761	0.595362	0.959813	0.387242	0.443801	0.777695	0.034641	-0.270538	0.942537	-0.748103	0.583518	-0.854904	0.987668	-0.040388	-0.806412	-0.027793	0.970207	-0.892237	0.65581	0.215514	
-0.245943	-0.307292	-0.864718	0.831827	-0.496294	-0.944734	0.318671	-0.371148	0.786221	0.645905	0.675332	-0.08589	-0.544088	-0.897333	-0.076678	0.799033	-0.962152	-0.536936	-0.870044	0.5537	0.258255	0.928708	-0.009163	0.709516	-0.03574	-0.623467	-0.923947	0.700832	0.072586	0.876045	0.787274	-0.097779	-0.722645	0.675277	-0.887031	0.207663	-0.359006	0.34399	-0.218148	-0.201628	-0.089854	0.908811	0.39856	-0.716439	-0.214869	-0.725096	0.376812	-0.565404	-0.860926	-0.496354	
-0.861565	0.616533	0.872404	0.712145	0.559919	0.789362	-0.457847	-0.869099	-0.562149	0.857817	-0.847221	0.323582	0.475415	0.35343	-0.820402	-0.679606	0.988094	0.116518	-0.86089	-0.683125	-0.569308	0.286021	-0.16548	0.711449	0.021877	-0.821524	0.815557	-0.964691	0.244955	-0.623518	-0.729656	0.514957	0.393758	0.179526	-0.415846	0.34401	-0.123859	0.922393	-0.926396	0.522875	0.675372	0.99601	-0.978295	-0.135672	-0.529516	0.373012	0.088186	-0.598518	-0.747413	0.228685	
0.247405	0.800448	0.42077	0.408429	-0.718504	0.574941	-0.702715	0.168481	-0.96587	0.400941	0.837041	-0.2787	-0.899286	0.771413	0.948477	-0.353741	0.660203	0.614226	-0.335069	-0.300763	-0.291538	0.186428	-0.047003	0.052702	0.515989	-0.366692	0.766046	0.867398	0.958074	-0.787684	-0.416138	-0.941628	0.587108	0.415355	0.799579	-0.878043	0.705323	0.228634	-0.110804	-0.059286	0.388846	-0.222379	-0.095685	0.093864	-0.976518	-0.010176	-0.364202	0.92811	-0.694854	0.977155	
0.851771	0.069014	-0.119269	-0.256469	-0.522638	-0.474773	-0.493982	-0.183062	0.878488	0.427112	0.345456	-0.588473	0.572021	0.13492	-0.030282	-0.633041	-0.432253	-0.586497	-0.020537	0.430146	-0.576932	-0.501123	-0.053319	-0.766841	-0.390178	0.618461	0.478757	0.160739	0.66614	-0.866218	-0.532407	0.514887	-0.996705	0.84887	-0.18527	-0.621317	-0.549575	0.37196	-0.318463	0.198261	0.59946	0.372907	-0.050115	0.885619	0.714938	-0.272227	-0.076528	0.700348	0.334483	-0.840691	
-0.288793	-0.695452	0.106019	0.820019	0.595234	0.884555	-0.906319	0.509178	-0.168422	0.432129	-0.326519	-0.94002	-0.980758	-0.291476	-0.685809	-0.724054	-0.092954	-0.596392	-0.170293	-0.788797	0.155613	0.633019	0.990103	-0.622551	0.916991	-0.319667	0.019673	0.475763	0.841583	-0.238557	0.330687	0.433424	0.170362	0.790933	-0.583318	-0.566621	-0.466861	-0.384246	0.852467	-0.176817	-0.706078	-0.384606	-0.760058	-0.343357	0.824338	0.211666	0.701862	0.364429	0.485808	-0.659052	
0.684707	0.143078	-0.771187	0.589316	0.984066	0.862013	0.874879	0.380457	0.232497	-0.162537	-0.176545	-0.133933	0.923101	0.257705	-0.829016	-0.669351	-0.418979	-0.953338	-0.46299	-0.094547	0.94418	-0.911987	0.943304	-0.200273	0.938887	0.903394	-0.231021	0.96018	0.294816	0.525023	-0.009718	-0.930624	-0.846367	-0.481837	0.88794	-0.802678	0.704648	-0.336398	0.453678	0.022006	0.82766	-0.12282	0.24556	0.234025	0.310927	-0.722438	-0.988283	0.406772	0.412545	-0.315293	
-0.845056	-0.324561	-0.401007	0.414127	-0.475628	-0.626504	0.857574	-0.725147	0.737736	0.109882	-0.767162	-0.799594	-0.482599	-0.672986	-0.074231	-0.662608	-0.531346	-0.698489	0.095203	-0.622978	0.188567	0.70102	0.195767	-0.630182	0.581742	0.273151	0.623147	0.443596	-0.887494	-0.349551	-0.886622	0.955404	0.404086	-0.854632	0.890093	0.427668	-0.93113	0.51445	0.489111	0.109136	0.956099	-0.994616	-0.896462	-0.639425	0.022333	0.729772	0.904551	-0.309053	-0.481902	-0.378224	
0.293333	0.376213	0.29474	0.381063	0.575829	-0.13774	-0.942512	0.72465	0.125051	-0.30903	-0.663346	0.418092	0.695998	0.037882	0.991393	0.645366	-0.837649	0.246631	-0.91652	0.918679	0.370308	-0.976184	0.650896	-0.381222	0.636401	0.363641	0.009603	-0.959248	0.906227	-0.993581	0.830602	0.669196	-0.819915	0.550503	0.62492	-0.997474	-0.341616	0.191449	0.943692	0.226909	-0.949973	-0.982321	-0.377121	-0.87984	0.486625	0.462056	-0.000191	0.667502	-0.816807	0.789651	
-0.865699	0.225603	0.122084	0.290213	0.242542	0.918211	-0.361507	-0.972274	-0.724392	-0.726303	0.754292	0.918022	-0.459549	0.384855	-0.835327	0.203593	-0.187964	0.770965	0.88023	-0.603982	0.860814	0.912694	0.942486	-0.909353	0.752927	-0.611579	-0.511594	0.189861	0.997675	0.77657	-0.99361	0.89705	-0.245938	0.778613	-0.248662	0.764693	0.846809	-0.509087	0.009449	0.376194	-0.762716	0.596267	-0.1657	0.003099	-0.809874	-0.517568	0.942004	0.352956	-0.35305	-0.115027	
-0.14535	-0.294758	-0.173317	0.926021	0.36463	0.901423	-0.839975	0.747715	-0.914519	0.633124	-0.26348	-0.521567	-0.840515	0.886947	-0.286825	-0.589653	0.936841	0.768572	0.605787	0.216898	-0.873476	-0.026349	0.739593	-0.979651	0.362612	-0.183524	0.412217	-0.867675	0.56064	-0.871437	-0.594319	0.039236	-0.99079	0.405053	-0.471562	-0.277375	0.727325	-0.847081	0.84862	-0.624318	0.364582	0.160414	0.457656	-0.251403	-0.248096	0.616533	0.09791	0.893233	-0.526606	-0.022968	
0.656233	0.206981	-0.725155	-0.749601	-0.262299	-0.036447	-0.217237	0.556701	0.503427	-0.371094	0.806383	0.411711	0.385539	0.15548	-0.183839	0.514269	0.313081	-0.917205	-0.098736	0.638784	-0.142551	-0.436085	-0.910176	0.689932	0.187335	0.97497	0.069006	-0.111257	0.693209	0.670304	0.510595	0.414437	-0.380746	-0.764575	-0.382428	-0.442811	-0.650834	0.365323	-0.331545	0.391004	0.270402	0.148094	-0.18495	0.129847	0.356058	-0.042091	-0.782811	0.43195	-0.213799	-0.896154	
0.357712	-0.429733	-0.768684	0.206925	0.021787	-0.046269	0.943904	0.860576	-0.080121	0.605179	0.318572	0.619858	0.781186	0.969824	-0.964492	0.51453	0.905849	0.533266	0.977184	0.549973	-0.338851	-0.089883	0.274084	0.750933	-0.279464	-0.383901	-0.964359	0.777394	0.196166	-0.866065	0.928397	0.747508	-0.229389	-0.020194	-0.211086	-0.362648	0.221381	0.430501	0.991065	0.767086	-0.567863	-0.671595	-0.734605	0.451543	-0.656387	0.683301	-0.291956	0.953966	0.656886	0.043103	
0.195656	-0.537592	0.424538	-0.591877	0.551652	-0.471445	-0.354031	-0.743216	0.738719	-0.371732	0.88063	0.202587	-0.357254	-0.296126	-0.163781	0.209858	0.479086	0.024511	0.555533	0.942552	-0.382607	-0.039048	0.652123	-0.23051	-0.361452	0.858471	0.765804	-0.03507	-0.75546	-0.112944	0.528343	-0.379262	0.969563	-0.806389	0.31673	0.079395	-0.172925	0.168906	0.112787	-0.484014	0.960032	-0.718831	-0.469045	0.29007	-0.135674	-0.5545	0.879609	0.077121	-0.484174	0.722709	
0.880314	0.536682	-0.336631	-0.14855	-0.094678	-0.438754	-0.431805	-0.486462	-0.299666	0.86794	-0.949475	-0.345141	-0.504788	0.549289	-0.62142	-0.178159	0.055655	0.214324	-0.03694	0.534367	0.629416	-0.078047	-0.152906	-0.588756	0.049716	-0.539605	-0.905451	-0.708138	0.438013	0.335626	-0.531548	-0.174308	-0.507721	0.915759	0.616358	0.806264	0.898283	0.639563	-0.716998	0.057611	0.11608	0.061492	-0.823691	0.769427	0.562809	0.017084	0.138516	0.51042	-0.639236	0.412152	
-0.876859	-0.027021	-0.927949	-0.727911	0.463148	-0.194585	-0.966272	0.697192	0.304605	0.934216	0.781692	0.226273	0.569937	0.775819	0.910307	0.822253	0.152663	-0.271877	0.504421	-0.615075	-0.947559	-0.379318	0.742284	-0.146367	0.364788	-0.371162	0.298212	-0.135024	-0.210462	-0.631519	-0.824105	0.554363	0.287004	-0.090626	0.461457	-0.449306	0.521718	0.699117	-0.459184	0.950642	0.666243	-0.830834	0.274352	0.148839	0.100435	-0.418996	-0.75129	0.626751	-0.227772	0.609737	
-0.101229	0.005966	0.898377	0.206687	-0.616883	-0.910355	0.124352	0.62086	-0.549175	0.946717	-0.837957	0.998631	0.186839	-0.413809	-0.521574	0.250829	-0.975345	-0.837175	0.185837	-0.44423	0.266703	0.827454	0.205137	-0.724121	0.034201	0.908951	-0.092099	-0.592288	0.638901	-0.865736	-0.156222	-0.278915	-0.798595	0.188878	-0.979454	-0.096109	-0.128069	0.832973	-0.789832	-0.038829	-0.025628	-0.963246	-0.028687	-0.654583	0.267289	0.50366	-0.243898	-0.896869	-0.128738	0.919085	
-0.698496	-0.034224	-0.588639	-0.717101	0.645509	-0.852417	-0.46509	0.029334	-0.912544	0.979965	0.126203	0.280974	0.151055	0.560821	0.333753	-0.412766	0.026321	-0.705535	-0.593817	-0.453096	-0.928321	-0.729767	0.708058	0.945608	-0.933169	0.86345	0.522071	0.658003	-0.284013	0.8093	0.832433	-0.136857	-0.372536	0.134195	-0.291943	0.552632	-0.173327	0.355193	-0.651643	-0.078444	-0.986431	0.224241	-0.734243	-0.291228	0.754245	0.828843	-0.420266	0.877952	-0.89998	0.65811	
-0.073225	-0.464416	-0.940235	-0.188566	-0.134267	-0.209173	0.331394	0.912613	0.009439	-0.402805	0.281946	0.637028	-0.484004	-0.975904	0.404133	0.119287	-0.840576	-0.417149	0.673432	-0.341211	-0.293654	-0.288396	-0.146837	0.230891	0.685579	-0.953645	-0.404231	-0.737738	-0.017968	-0.170516	-0.050736	0.47612	-0.511114	0.729747	-0.115849	-0.591489	0.738659	0.279232	0.155585	0.102726	0.698177	0.680527	-0.619294	-0.469378	-0.910122	0.620015	0.358541	-0.629116	-0.407819	0.884943	
-0.870476	0.215751	0.782966	-0.488616	0.738283	-0.840517	-0.286424	-0.407716	0.762851	0.020488	-0.180188	0.878963	-0.647132	0.53811	0.001434	0.170798	-0.966971	-0.292952	-0.372962	0.937396	0.188366	-0.907708	0.890818	0.558281	0.616581	-0.863457	-0.698308	-0.937945	-0.634166	-0.337026	0.414166	0.162757	0.314806	-0.938642	0.753277	0.910075	0.846644	-0.250674	-0.623534	-0.473795	0.356711	0.865787	-0.194628	-0.746775	0.995843	0.059239	-0.263416	-0.913602	0.186441	0.19933	
-0.657257	-0.915157	-0.723063	-0.286508	-0.288715	-0.66181	-0.523068	0.981567	-0.882163	0.597831	0.408544	-0.335954	-0.193651	-0.993446	-0.514007	0.053327	0.537351	-0.725343	0.575877	-0.067207	-0.92386	0.144709	-0.728133	-0.635664	0.182934	0.046042	-0.457677	0.962874	-0.438954	-0.882522	-0.394636	-0.7183	-0.123618	0.642916	-0.485431	0.005199	0.274111	-0.913552	-0.771794	-0.71662	-0.888536	0.015751	-0.461461	0.732501	0.834328	-0.539159	-0.654718	-0.189033	0.988202	0.738565	
0.033603	-0.63548	0.82166	0.720435	0.382067	0.865177	-0.85834	-0.319407	0.489534	-0.384605	-0.141441	0.912714	0.890185	0.621622	-0.827006	0.495309	0.265278	-0.441657	-0.074977	-0.016478	-0.307863	-0.534742	-0.218413	0.502258	0.185033	-0.747329	0.654196	-0.273312	-0.137424	0.595215	-0.448266	0.34312	-0.870145	-0.14872	0.504573	0.787456	-0.24193	-0.716414	0.297535	0.254262	0.899387	0.002453	0.949864	-0.632222	-0.546378	-0.343719	0.689195	-0.958567	-0.298273	-0.712796	
0.87669	-0.84924	-0.365951	-0.22116	0.02756	0.92522	-0.089381	0.560868	-0.670579	-0.177147	-0.157038	-0.539011	-0.938261	0.792003	-0.902601	-0.635692	-0.493235	-0.149047	-0.964277	-0.869243	0.403199	0.090694	-0.635587	0.367213	0.035422	-0.065992	0.736034	0.852873	0.010722	-0.881226	-0.30947	-0.790335	0.483426	-0.99149	-0.083857	0.517382	-0.822564	-0.577327	-0.596786	0.670733	-0.996715	-0.845121	0.218011	-0.715809	-0.223946	-0.27046	-0.212135	-0.724516	0.962315	-0.625725	
0.798601	0.895549	0.572224	0.080638	0.619266	-0.100342	-0.847474	0.531004	-0.07024	0.630327	-0.52989	-0.861574	-0.237578	-0.368752	-0.171673	0.506797	0.351862	-0.417598	0.239324	0.828212	-0.241648	-0.271918	0.15895	0.922536	-0.909307	0.563392	0.104815	0.622229	0.463243	-0.256304	0.683207	0.725634	0.222515	-0.155873	-0.622693	-0.850067	-0.95651	-0.374558	0.102406	-0.308706	-0.967579	-0.008585	-0.117275	0.005875	0.728673	-0.199927	0.001806	0.512121	-0.555471	0.12836	
0.917082	-0.462009	0.008643	-0.290708	0.501093	0.171309	0.990398	0.901834	0.664689	-0.883898	0.925859	0.575076	0.188278	-0.579124	-0.455199	-0.58655	-0.451244	-0.801002	0.150107	0.935065	-0.313938	0.530055	-0.459446	0.404304	-0.525294	0.655088	0.266114	0.396879	0.694815	-0.443	-0.529864	0.257271	0.595964	-0.669291	0.906167	-0.561321	-0.672285	0.096538	0.095169	0.805922	0.522039	-0.485669	-0.915613	-0.482258	-0.896483	0.940815	-0.261575	0.966376	-0.414332	0.444032	
0.863963	0.657561	-0.473461	-0.554627	-0.56092	-0.078008	-0.045148	-0.71124	0.343706	-0.579718	-0.052566	-0.112224	-0.536885	0.483979	-0.328598	0.837261	-0.70728	-0.948813	0.724457	0.39697	-0.98499	0.614575	-0.98721	-0.473383	-0.386696	0.355894	-0.828983	-0.845267	-0.104844	-0.140264	-0.029884	-0.48801	-0.096584	0.825273	-0.062678	0.250511	0.572747	0.213469	-0.285008	-0.538474	0.414135	0.192212	0.087751	-0.572707	-0.604401	-0.411252	0.796959	0.090794	-0.305677	0.423816	
0.91083	-0.432747	-0.240798	-0.715111	0.033131	0.759985	-0.040256	0.682927	-0.6415	-0.498665	0.127306	0.706272	-0.05705	0.908822	-0.133689	-0.135664	-0.382338	0.340379	-0.633804	-0.706427	0.25341	0.313251	-0.746599	0.231623	-0.747768	-0.291032	0.860419	-0.443154	0.37713	0.460719	-0.687074	0.462652	0.856611	0.124725	0.743806	0.699135	0.26099	0.118716	0.29786	0.08561	0.777685	0.651947	-0.760417	-0.859456	-0.508858	-0.680819	-0.44039	0.205546	-0.991617	0.997352	
0.073751	-0.723824	-0.81949	-0.086244	-0.1881	0.629228	0.295708	-0.690464	0.4379	-0.284288	-0.504705	-0.37867	0.239308	0.862456	0.361411	-0.757742	0.07881	-0.026736	-0.414872	0.20644	0.629058	0.514944	-0.810965	0.712896	-0.571483	0.45134	-0.206544	0.864221	0.35777	-0.89192	-0.794983	0.326046	-0.655766	0.058452	-0.654009	0.731984	0.846093	-0.339699	-0.261177	0.048622	0.674068	-0.080357	-0.885953	-0.712383	0.706242	-0.248358	0.370826	0.330745	-0.856195	0.542369	
0.986223	0.70356	-0.344077	-0.917547	0.091993	0.805023	-0.867633	0.835841	0.768518	0.77968	-0.443743	-0.507179	-0.534316	-0.598645	-0.765834	-0.949374	0.196915	-0.44816	0.737513	0.072715	0.93094	0.459822	0.086449	0.755327	0.853342	0.7748	0.008114	-0.430255	0.314548	0.222072	-0.39317	0.576566	0.394376	-0.974872	-0.853815	0.448352	-0.362261	-0.039675	-0.244424	0.328694	0.453366	-0.636614	-0.099276	-0.129973	-0.236806	0.172732	-0.705049	0.148123	0.190111	0.979366	
-0.967949	-0.680402	0.07532	0.164135	-0.692185	-0.752902	-0.832626	0.247552	0.587939	-0.978488	-0.982536	0.426526	0.460684	-0.768361	-0.305094	0.887936	0.910904	-0.91816	-0.748506	-0.820951	-0.470554	0.645943	-0.05702	0.903661	0.961228	-0.774081	-0.159855	-0.006853	0.000271	0.168402	0.505497	-0.495631	-0.817502	-0.846198	0.151514	-0.478337	0.260868	0.709578	0.564257	-0.533818	0.227748	-0.403373	-0.93329	-0.724086	-0.278943	-0.532558	-0.125834	-0.546259	0.176072	-0.110869	
0.644663	0.699346	-0.895895	-0.932413	0.462177	0.837311	-0.860646	0.282901	0.976308	-0.734805	0.794079	0.988913	0.432056	0.011595	-0.077775	-0.502028	0.276609	0.373269	-0.479622	0.285419	-0.047189	0.011107	0.246827	0.703421	0.420361	-0.842475	0.288477	0.794017	0.119441	0.327542	-0.899542	0.924804	-0.910167	0.468182	0.769995	0.202277	-0.733062	-0.944655	-0.48089	0.326907	0.031821	0.691617	0.442777	0.566492	0.041272	-0.460386	-0.887515	0.536344	0.429022	0.848278	
-0.943211	0.017505	0.861372	0.315258	0.547427	-0.803275	-0.685855	-0.238904	0.675779	0.56295	0.906978	-0.876245	-0.678111	0.838393	0.001454	-0.536803	0.088455	0.857107	-0.911932	-0.263777	0.48428	-0.72029	0.780965	0.809925	0.128697	0.311748	0.181462	-0.07897	0.725631	-0.306231	0.590019	0.422735	0.230127	0.053759	-0.680701	-0.112875	-0.448995	-0.235408	0.353912	0.804411	-0.34389	0.876735	0.449907	0.911316	-0.652498	0.230129	0.923433	-0.574942	-0.860936	-0.406222	
-0.865714	0.583876	0.681314	0.498362	-0.964762	0.691965	-0.265847	-0.434163	0.020251	-0.110949	-0.095983	-0.313097	-0.623696	0.780653	-0.295586	-0.247327	0.695109	0.033744	-0.399105	0.832966	0.226959	-0.329197	-0.074655	-0.319423	-0.289156	-0.48651	-0.729039	0.542283	0.42008	-0.46755	-0.35231	-0.44055	-0.608086	0.748024	-0.316233	0.964562	-0.035643	-0.417017	-0.857192	-0.847362	0.397861	-0.880183	-0.073826	0.189014	0.914404	0.035635	-0.068003	-0.835595	0.380337	-0.640125	
0.404878	0.796077	-0.419274	-0.42425	0.892599	0.683777	0.780038	0.53009	-0.494232	-0.182044	-0.846715	0.063819	0.758794	0.510842	-0.459079	0.659713	0.198777	-0.096555	5.8e-05	-0.543528	-0.616244	-0.726294	0.339182	0.580072	0.169069	-0.964855	-0.515688	0.902404	0.318303	0.976691	-0.08559	-0.803529	-0.36252	-0.818647	0.114973	-0.576833	0.110102	0.203219	0.789085	0.315524	-0.15114	-0.326212	0.101743	-0.1511	0.378523	-0.686984	-0.31885	-0.331927	-0.511451	-0.85989	
0.840796	-0.183743	-0.943789	-0.169566	-0.962114	0.361193	0.853623	-0.212933	0.320474	0.660428	-0.913575	-0.119436	-0.246333	0.384728	-0.875309	0.326381	-0.570098	0.196946	0.926063	-0.253815	0.946502	0.868207	-0.856919	0.831637	0.387699	-0.573752	-0.573262	0.500155	0.21341	-0.682348	-0.921851	0.7459	0.966413	-0.317085	0.565032	-0.854186	-0.057017	0.871638	0.744434	-0.237968	0.645642	0.412444	-0.61877	0.15318	-0.397375	-0.740166	-0.958999	0.738982	-0.61462	-0.261997	
-0.648629	-0.38509	0.759012	0.459621	0.762796	0.944007	-0.771068	-0.142265	0.556299	-0.259149	-0.192976	-0.797776	-0.975055	0.990963	0.74034	0.372551	0.541843	0.261059	0.434327	0.004983	-0.157405	-0.106879	-0.090675	-0.738876	0.923376	0.813982	-0.439288	0.622747	0.096592	0.200405	-0.692904	0.190027	-0.371462	-0.395301	0.80018	-0.18005	-0.793802	-0.23036	-0.264699	-0.804547	-0.053869	0.626202	-0.556949	0.467894	-0.712862	0.841986	-0.233812	-0.442353	-0.116125	-0.314876	
0.576024	-0.406437	0.378397	-0.256552	-0.439166	0.79357	0.159447	-0.711549	0.078257	0.534563	0.186571	-0.064996	-0.198896	0.441017	-0.865902	-0.293135	0.640452	0.150385	-0.969283	0.566056	-0.337844	-0.3884	0.531625	-0.044151	-0.091691	-0.066387	-0.228861	0.975052	0.579864	0.323879	-0.351098	0.849538	-0.745714	0.799423	0.852004	-0.920692	0.429521	0.839095	-0.685459	0.525611	0.199916	-0.915898	-0.280538	-0.944298	0.743434	-0.354785	0.703314	-0.565052	-0.020022	0.137848	
-0.798185	0.913261	-0.401287	-0.173613	-0.146341	-0.07583	0.525201	-0.984476	0.394548	-0.487539	0.411585	0.310011	0.302422	-0.09336	0.358901	0.369915	0.527583	-0.932664	-0.469945	0.668361	0.016496	-0.507126	-0.349823	-0.938815	0.804798	0.70567	-0.991366	-0.792393	0.848915	0.334211	0.654116	0.823512	-0.612365	0.311653	-0.988931	-0.627943	0.424565	-0.628859	-0.498623	0.989465	-0.257129	-0.307472	-0.917046	-0.285505	-0.988866	0.840566	-0.968921	0.701382	0.051746	0.095899	
-0.982271	-0.819665	0.269546	0.210195	-0.869043	-0.103629	0.012727	0.796749	-0.065106	-0.722967	-0.241335	-0.91028	0.936103	-0.578303	-0.568773	-0.398513	-0.619651	-0.621745	0.128886	-0.561771	0.986555	-0.840263	0.271393	-0.197559	0.255225	0.109172	-0.257691	-0.790215	0.612594	0.348455	0.195498	0.175965	-0.568046	-0.776212	-0.701246	-0.679967	0.631619	-0.356049	-0.717501	0.497267	0.969586	-0.932466	-0.667396	0.093837	0.624412	-0.943451	0.081444	-0.703911	-0.039953	0.205773	
-0.916045	-0.712044	-0.475696	-0.750207	0.916779	-0.172489	0.076227	0.330442	0.074812	0.031867	0.460616	0.670807	-0.133215	-0.732485	0.928904	0.513433	-0.181965	0.185367	0.118464	-0.55694	0.689787	-0.820437	-0.414028	0.241548	-0.751849	-0.630383	-0.802527	0.777896	0.889711	0.332123	-0.648239	0.787721	-0.05026	-0.010932	-0.495362	-0.058173	-0.240577	0.065538	-0.689813	-0.970994	-0.19962	0.871405	-0.047816	0.952458	0.606205	0.167481	0.630974	-0.623235	-0.860285	0.682308	
0.171808	-0.509816	0.189062	0.20794	-0.176583	-0.408162	-0.210208	-0.295693	0.214812	-0.41229	-0.548471	0.607304	0.978491	0.545546	0.095005	-0.410538	0.762889	0.618801	0.176491	-0.33735	0.717759	-0.302158	0.602713	-0.944203	0.803017	0.42616	-0.048469	-0.253399	0.93605	-0.329987	0.441223	0.723807	0.079003	0.08355	-0.193572	0.80084	0.912901	-0.603358	-0.650448	0.735144	-0.929016	-0.400699	-0.61477	0.021883	-0.082827	0.758241	0.846068	0.035725	-0.512082	-0.580573	
0.811881	-0.298564	0.091622	0.673644	-0.578382	0.079256	0.03125	0.994846	-0.943657	-0.00516	-0.672296	0.339503	-0.751183	0.003202	-0.340689	0.075884	0.091947	-0.079158	-0.116636	-0.508553	-0.583926	0.95918	0.39862	-0.048566	0.916686	-0.952179	0.763948	-0.878796	0.668068	0.249489	0.496133	0.264556	0.513822	-0.204218	0.683999	0.190703	0.419898	0.417988	-0.166849	0.863089	-0.719307	-0.399903	0.036297	-0.125431	-0.444162	0.00293	-0.913643	0.253255	-0.828021	-0.905344	
0.902819	0.624789	-0.414138	-0.412813	0.604429	-0.077496	-0.63253	0.138585	-0.833382	0.310966	0.191313	-0.571004	-0.843804	-0.572336	0.426483	-0.231265	0.082872	-0.46552	-0.195226	-0.064628	-0.623274	0.268566	-0.15972	-0.277904	-0.76728	-0.143502	-0.291605	-0.776068	0.768912	0.340528	-0.003332	-0.537771	-0.096643	-0.673425	-0.913526	0.089099	0.453226	-0.794411	-0.024146	-0.920373	-0.879242	-0.422622	0.694818	-0.56576	-0.164198	0.458026	-0.919066	-0.680725	-0.44251	-0.398562	
0.016106	-0.068888	0.976027	0.73834	0.240325	0.729645	0.036659	-0.392757	0.11423	0.780188	-0.363536	-0.862562	-0.680203	-0.231631	0.179708	0.5192	0.510302	0.029571	0.884575	-0.835574	-0.980695	0.668112	0.5558	0.196335	-0.780482	-0.979162	0.674789	0.953976	0.328154	0.288527	-0.955114	0.789626	-0.725638	0.40142	-0.839203	-0.799663	-0.953971	-0.760109	0.854482	0.348308	-0.359312	0.413291	0.304607	0.591219	0.438267	-0.451796	0.430455	-0.72669	-0.632836	-0.262454	
-0.474397	-0.413873	-0.608473	0.823716	0.517611	0.999821	0.206241	0.644531	-0.105112	0.176877	0.170644	0.367149	-0.097444	-0.007749	0.633879	0.324813	-0.89781	-0.180964	-0.769158	-0.624958	-0.901678	0.249774	0.343	-0.349596	0.551336	0.270852	0.451066	0.23146	0.460632	0.988085	-0.591448	0.039855	-0.191969	0.44299	0.312069	-0.024308	0.78175	-0.83033	-0.615305	0.101278	-0.631807	-0.120485	-0.283153	-0.131937	-0.489114	-0.126248	0.651194	-0.397773	0.298089	0.780533	
0.405552	0.467059	-0.25135	-0.662605	-0.465652	0.652457	-0.501313	0.896674	-0.075099	0.086345	0.046984	-0.432384	-0.141711	-0.835751	-0.254345	-0.812091	0.54442	-0.287041	-0.858299	-0.073254	-0.33073	-0.70146	0.879648	-0.372747	-0.166354	-0.717582	-0.204749	-0.653886	0.913576	0.798557	0.367304	0.680464	-0.190239	-0.115772	0.161583	-0.198886	0.648708	-0.267018	0.984882	-0.650465	0.998531	0.094438	-0.961164	0.207958	0.379073	-0.330054	-0.660781	0.876084	0.800317	-0.150082	
0.204905	0.227491	-0.559786	0.252854	0.617275	0.319082	0.465267	0.481685	0.548146	0.824962	-0.955408	-0.111539	0.697758	-0.984314	-0.718583	0.18858	-0.000574	0.478533	0.877279	-0.623964	-0.022673	-0.842016	0.869011	0.252991	-0.502697	-0.904614	0.016538	0.831928	-0.173476	-0.180649	0.393981	0.189658	0.315722	0.824614	0.285641	-0.149616	0.658764	-0.999881	-0.950371	-0.148738	-0.227675	-0.161428	-0.670404	0.610771	-0.73258	-0.044385	-0.362958	-0.329785	0.097041	0.582008	
-0.788982	0.615287	0.358938	0.924736	-0.270183	0.10089	0.33761	0.709933	-0.943839	0.994163	0.224594	0.862833	0.780426	0.586093	0.02925	-0.871892	-0.571909	-0.475271	0.158332	-0.827224	0.075622	-0.934257	0.251502	0.848124	0.920272	-0.739872	-0.548658	0.540882	0.883426	-0.663997	-0.311615	0.479556	0.165581	-0.527789	-0.186969	0.833812	0.752163	0.954478	-0.867946	-0.722913	-0.235149	0.569663	-0.701299	0.300134	-0.177623	-0.252195	-0.529187	0.865018	-0.974038	-0.791267	
-0.564483	0.560013	0.98801	-0.221289	0.298083	0.057398	-0.130281	0.120666	0.091573	-0.792698	0.127758	-0.899031	0.782217	-0.626849	0.814967	0.155771	-0.640539	0.859386	0.410934	0.099238	-0.543699	0.207064	-0.738937	0.53211	-0.506655	0.537019	-0.028161	0.379924	0.919392	0.747401	0.069206	0.481095	0.259035	-0.567855	-0.014621	0.011383	0.445318	0.585174	-0.717653	0.310885	0.030076	0.225182	-0.548259	0.570018	0.837735	-0.401209	0.974694	-0.777289	0.370251	0.14973	
0.033205	0.034718	0.003713	0.005035	0.030444	0.005553	0.017696	0.012285	0.028991	0.01258	0.006736	0.036532	0.03081	0.017607	0.007513	0.013672	0.011565	0.03543	0.001739	0.028895	0.011893	0.023845	0.035804	0.030083	0.028458	0.017737	0.013821	0.036436	0.02175	0.022825	0.03365	0.032345	0.001809	0.004798	0.008224	0.008821	0.023757	0.025654	0.011024	0.026535	0.011992	0.032192	0.015373	0.025236	0.003874	0.013716	0.023074	0.034992	0.035588	0.009975	
0.014874	0.003172	0.013458	0.009624	0.009928	0.003928	0.033327	0.018185	0.003851	0.038714	0.022207	0.01194	0.035385	0.010662	0.0074	0.010929	0.009886	0.038027	0.031838	0.017396	0.014099	0.021325	0.014312	0.014069	0.028473	0.037382	0.03466	0.023316	0.028044	0.024036	0.020583	0.028451	0.017563	0.020066	0.037832	0.019113	0.011621	0.013494	0.018498	0.031718	0.018869	0.016126	0.010467	0.03763	0.01764	0.013111	0.007253	0.031328	0.038637	0.005553	
0.004526	0.012967	0.033226	0.02167	0.009529	0.002391	0.029295	0.016123	0.032148	0.001227	0.03141	0.021138	0.011575	0.005713	0.013162	0.035708	0.032775	0.005036	0.020568	0.021258	0.005879	0.043701	0.022664	0.012303	0.04236	0.043338	0.023495	0.025427	0.002937	0.033478	0.04229	0.006879	0.008694	0.033643	0.044697	0.041617	0.013051	0.019653	0.040554	0.004084	0.004287	0.005921	0.018595	0.015091	0.000224	0.012939	0.024094	0.00749	0.022913	0.016257	
0.014133	0.035676	0.03414	0.007916	0.03624	0.038343	0.026105	0.003923	0.023727	0.013049	0.013594	0.012676	0.037975	0.000259	0.029191	0.006615	0.008943	0.003803	0.027255	0.035808	0.025127	0.017075	0.031793	0.001803	0.030551	0.012788	0.009872	0.018421	0.005486	0.016917	0.007232	0.029969	0.005708	0.03918	0.000768	0.022158	0.030731	0.01262	0.025146	0.020004	0.029458	0.038438	0.030625	0.008574	0.011442	0.016055	0.01925	0.03232	0.02314	0.017978	
0.014406	0.031187	0.010185	0.016974	0.022293	0.0154	0.014865	0.033136	0.040094	0.020454	0.011121	0.018624	0.036178	0.047656	0.024614	0.011079	0.002372	0.001564	0.021479	0.000485	0.030612	0.021676	0.021786	0.021713	0.014186	0.002654	0.030736	0.002639	0.015394	0.023849	2.1e-05	0.042225	0.017067	0.000824	0.03467	0.039748	0.009204	0.036634	0.011494	0.039565	0.018324	0.012963	0.007747	0.037378	0.007428	0.002423	0.031942	0.003916	0.043218	0.023798	
0.019963	0.019131	0.039341	0.013982	0.005833	0.004118	0.01957	0.000309	0.035341	0.037405	0.021329	0.015787	0.015308	0.040522	0.020581	0.019143	0.01984	0.011234	0.003295	0.030426	0.031686	0.024184	0.02395	0.010011	0.020877	0.013405	0.033746	0.035288	0.011313	0.015265	0.022059	0.032451	0.003201	0.002924	0.040852	0.022866	0.011381	0.018651	0.036824	0.0014	0.005773	0.036496	0.017238	0.016862	0.002203	0.000777	0.024201	0.033822	0.020787	0.037049	
0.00226	0.031018	0.014222	0.000645	0.038378	0.008934	0.020882	0.021661	0.017456	0.032226	0.015074	0.036175	0.007277	0.027537	0.028608	0.012201	0.016002	0.008169	0.01421	0.006563	0.017375	0.031479	0.001324	0.010344	0.029853	0.033918	0.02392	0.030959	0.029491	0.028674	0.014263	0.028283	0.02522	0.004653	0.007727	0.016769	0.008132	0.018381	0.003633	0.014264	0.031851	0.030681	0.011	0.035409	0.029714	0.035844	0.01462	0.004948	0.037056	0.030717	
0.035424	0.00405	0.006606	0.01591	0.014204	0.037366	0.023348	0.033351	0.033728	0.033732	0.019153	0.028956	0.020965	0.002843	0.010099	0.003479	0.021209	0.024485	0.030361	0.008206	0.007995	0.036431	0.034629	0.03464	0.00792	0.006155	0.026329	0.003901	0.030866	0.033396	0.001197	0.014864	0.027135	0.019989	0.033529	0.023122	0.027415	0.026554	0.009548	0.008631	0.012039	0.016135	0.024847	0.026143	0.006219	0.001891	0.032389	0.011706	0.012773	0.034137	
0.025728	0.042733	0.01074	0.010711	0.008542	0.03409	0.006523	0.01186	0.023713	0.029552	0.028172	0.029008	0.00248	0.019164	0.038455	0.008788	0.014333	0.025721	0.016616	0.003052	0.022717	0.020713	0.009187	0.028194	0.000728	0.00786	0.026331	0.014804	0.008188	0.008691	0.016368	0.030675	0.035012	0.043365	0.006105	0.023815	0.043922	0.019234	0.015382	0.008295	0.026378	0.034325	0.016854	0.018692	0.014179	0.009733	0.023651	0.036383	0.016921	0.023317	
0.033055	0.010822	0.015884	0.008578	0.025181	0.00671	0.003282	0.001498	0.036169	0.00369	0.035449	0.039333	0.008609	0.021933	0.036593	0.032185	0.015664	0.026461	0.019306	0.037478	0.018015	0.021285	0.025095	0.005578	0.031539	0.011387	0.006417	0.039742	0.00024	0.007892	0.038516	0.020928	0.002659	0.016898	0.009295	0.038222	0.003737	0.028718	0.006263	0.038692	0.022051	0.018345	0.017778	0.023202	0.013636	0.001771	0.037472	0.036375	0.036103	0.004269	
0.014114	0.03055	0.032464	0.019797	0.037087	0.008106	0.007587	0.00822	0.014829	0.01034	0.028013	0.030913	0.016248	0.033379	0.004569	0.025447	0.008807	0.002485	0.027877	0.027996	0.015181	0.030124	0.015996	0.031779	0.004927	0.008852	0.024153	0.03196	0.037176	0.013848	0.020036	0.004402	0.0208	0.010737	0.027532	0.010959	0.023669	0.032395	0.033345	0.017435	0.029051	0.030754	0.015725	0.029693	0.021142	0.024807	0.023159	0.016839	0.000931	0.003765	
0.029527	0.027541	0.014012	0.020198	0.013606	0.012912	0.011691	0.020158	0.017793	0.001661	0.021629	0.007214	0.036079	0.029617	0.034166	0.019895	0.035596	0.004465	0.028287	0.000437	0.012805	0.028112	0.035204	0.022379	0.025052	0.025861	0.004951	0.02511	0.017236	0.005882	0.023143	0.035414	0.030913	0.029662	0.022422	0.015887	0.026316	0.022426	0.025757	0.026215	0.005292	0.009149	0.00609	0.029818	0.006223	0.000552	0.031047	0.013727	0.03587	0.015001	
0.023161	0.002024	0.040235	0.007593	0.00595	0.03188	0.043438	0.009491	0.019027	0.025372	0.014127	0.033595	0.045056	0.004263	0.00431	0.019731	0.005213	0.001522	0.025208	0.021728	0.027076	0.016287	0.043437	0.006729	0.031094	0.033095	0.024811	0.03612	0.025365	0.030573	0.023967	0.00952	0.005679	0.013576	0.031005	0.02913	0.018918	0.028805	0.02653	0.000264	0.005274	0.019294	0.02866	0.011086	0.005977	0.01503	0.006756	0.022693	0.00288	0.037445	
0.006568	0.031463	0.006661	0.017509	0.012345	0.016665	0.025305	0.017804	0.023381	0.014931	0.020071	0.030338	0.005442	0.031408	0.0293	0.003811	0.035623	0.024885	0.031573	0.003457	0.018733	0.009432	0.02193	0.026222	0.035633	0.003331	0.033629	0.001616	0.03472	0.015367	3.8e-05	0.001519	0.014539	0.013746	0.0351	0.037094	0.032733	0.029272	0.008302	0.02637	0.007007	0.025664	0.002672	0.030729	0.026694	0.02248	0.022925	0.017875	0.033962	0.022126	
0.020289	0.007858	0.004362	0.031398	0.034187	0.0346	0.012834	0.00243	0.000636	0.016702	0.038817	0.010148	0.017045	0.03324	0.016523	0.004033	0.024129	0.033303	0.019263	0.014357	0.02249	0.008016	0.034313	0.031107	0.005233	0.008018	0.039934	0.029575	0.029103	0.003915	0.00834	0.028446	0.008224	0.020205	0.010138	0.011926	0.018218	0.035062	0.027365	0.034305	0.009455	0.004551	0.034782	0.002259	0.0368	0.03524	0.021002	0.020674	0.0071	0.03805	
0.018057	0.026405	0.024429	0.013811	0.03751	0.003286	0.023717	0.033472	0.013285	0.024001	0.026012	0.004516	0.005557	0.041903	0.013497	0.004871	0.004993	0.025977	0.02777	0.021431	0.046471	0.02301	0.015936	0.016733	0.022856	0.022799	0.008019	0.016174	0.031155	0.003925	0.016498	0.011158	0.027144	0.004606	0.033215	0.018896	0.000445	0.032268	0.015775	0.039841	0.002067	0.042632	0.015387	0.0273	0.006724	0.017005	0.015735	0.00093	0.031486	0.03931	
0.002477	0.024822	0.03668	0.022854	0.002817	0.020905	0.007244	0.041718	0.019557	0.038883	0.015375	0.022517	0.005505	0.012341	0.014189	0.027252	0.020036	0.019999	0.028888	0.00731	0.036944	0.003637	0.04099	0.00621	0.004262	0.033521	0.032629	0.021572	0.033464	0.013567	0.026067	0.015638	0.000136	0.017969	0.012117	0.009152	0.036354	0.044471	0.010107	0.009126	0.040368	0.004536	0.012182	0.00355	0.043826	0.003429	0.014569	0.010134	0.043431	0.024673	
0.035802	0.008471	0.00193	0.03117	0.017892	0.026329	0.02344	0.013582	0.032621	0.019101	0.012194	0.019655	0.004679	0.017293	0.029604	0.011661	0.036189	0.024107	0.005547	0.025136	0.014338	0.009809	0.021668	0.028006	0.024525	0.036841	0.035492	0.02402	0.028246	0.010849	0.032113	0.019343	0.002688	0.02109	0.010911	0.019999	0.028816	0.006775	0.031245	0.02387	0.030434	0.00444	0.002702	0.018762	0.024975	0.012407	0.03763	0.01137	0.02052	0.009713	
0.013807	0.030538	0.000489	0.000428	0.037171	0.030441	0.035082	0.002711	0.027828	0.031321	0.016017	0.023383	0.038343	0.018456	0.007978	0.004359	0.003352	0.037045	0.014648	0.031382	0.004267	0.027042	0.01476	0.002978	0.038464	0.03208	0.030441	0.035331	0.034922	0.003264	0.03605	0.016931	0.017908	0.006759	0.008061	0.031934	0.013745	0.006957	0.011281	0.02038	0.023445	0.027104	0.040612	0.02001	0.01249	0.020399	0.012423	0.006675	0.036552	0.001956	
0.03003	0.017795	0.026107	0.003646	0.015115	0.015114	0.042313	0.003423	0.00124	0.001033	0.030523	0.000818	0.031988	0.036459	0.02613	0.032934	0.001822	0.027825	0.040272	0.002717	0.01429	0.01567	0.002771	0.024363	0.038317	0.007636	0.041855	0.012469	0.020583	0.033661	0.005167	0.000563	0.012641	0.027861	0.006924	0.024467	0.031683	0.027734	0.025881	0.002321	0.02176	0.003147	0.002479	0.023609	0.041593	0.036987	0.015914	0.031501	0.026618	0.032231	
0.026036	0.0026	0.013596	0.000327	0.005105	0.024551	0.004691	0.002111	0.012156	0.029382	0.027165	0.04012	0.037716	0.033476	0.003741	0.021674	0.010485	0.042129	0.018147	0.013926	0.013463	0.007284	0.003236	0.037479	0.017041	0.019682	0.010786	0.0444	0.006977	0.03331	0.039877	0.024152	0.03084	0.006071	0.041394	0.009168	0.039506	0.016514	0.008289	0.025405	0.018787	0.002121	0.002115	0.039913	0.027483	0.02933	0.026125	0.007376	0.037758	0.004984	
0.004922	0.033685	0.023629	0.010256	0.028634	0.031555	0.012641	0.023257	0.026088	0.018577	0.01294	0.021972	0.00697	0.031583	0.019505	0.006072	0.012859	0.011443	0.006145	0.011953	0.00735	0.018754	0.028835	0.02878	0.018943	0.026767	0.027105	0.033611	0.022354	0.027351	0.019025	0.013849	0.027857	0.026221	0.029374	0.032033	0.0297	0.033682	0.006345	0.034883	0.014128	0.032138	0.025784	0.009002	0.012091	0.00865	0.022158	0.009034	0.01596	0.00355	
0.035703	0.015538	0.015787	0.000477	0.028953	0.029457	0.01083	0.036969	0.025367	0.012425	0.022675	0.006357	0.023378	0.005522	0.015428	0.034666	0.019659	0.02593	0.035389	0.041099	7e-06	0.011097	0.017307	0.005165	0.003365	0.010972	0.032657	0.00238	0.029423	0.033372	0.039069	0.033254	0.008312	0.027793	0.028914	0.019546	0.00304	0.01118	0.023911	0.00633	0.008302	0.015678	0.020984	0.013039	0.016155	0.018703	0.028754	0.022114	0.036522	0.031046	
0.024753	0.021755	0.001132	0.033993	0.020919	0.003831	0.035921	0.003878	0.012895	0.009806	0.022545	0.037411	0.036082	0.00107	0.041209	0.022486	0.034348	0.040951	0.018033	0.03526	0.014692	0.008691	0.029693	0.014871	0.003345	0.022266	0.009483	0.025849	0.000859	0.021987	0.00302	0.017734	0.022921	0.0081	0.036849	0.007359	0.021717	0.019498	0.014866	0.034923	0.02888	0.016725	0.020801	0.012793	0.025955	0.025758	0.031041	0.007893	0.004821	0.028332	
0.014213	0.003414	0.01563	0.012074	0.013153	0.032768	0.028893	0.013742	0.038042	0.034485	0.02336	0.026716	0.032903	0.022439	0.010545	0.03534	0.031952	0.037519	0.006369	0.029737	0.014848	0.035539	0.036724	0.00371	0.00489	0.009634	0.021661	0.001418	0.004113	0.029803	0.006301	0.03274	0.025738	0.015657	0.029192	0.013837	0.005824	0.038231	0.020467	0.016965	0.020887	0.006529	0.011035	0.005767	0.015499	0.006914	0.039871	0.024923	0.031108	0.006881	
0.006744	0.035014	0.031273	0.01685	0.036171	0.015525	0.024606	0.022943	0.008584	0.025775	0.009388	0.005007	0.001288	0.017265	0.027351	0.012953	0.019051	0.032052	0.026282	0.001982	0.027656	0.019257	0.015052	0.036224	0.00421	0.003801	0.002881	0.026417	0.029407	0.004386	0.001052	0.011777	0.037038	0.021396	0.030539	0.037841	0.017078	0.038429	0.013333	0.014081	0.033713	0.032964	0.027998	0.007123	0.02303	0.020843	0.013957	0.002169	0.039829	0.030415	
0.02933	0.026053	0.038505	0.035569	0.016849	0.02761	0.01832	0.002819	0.008163	0.032751	0.000193	0.012474	0.033919	0.009223	0.011925	0.024551	0.017539	0.013132	0.021905	0.018107	0.032679	0.015059	0.008351	0.001978	0.027057	0.016037	0.026069	0.025157	0.033902	0.01873	0.026705	0.007114	0.02554	0.031419	0.001289	0.008941	0.014447	0.007471	0.006538	0.014766	0.035329	0.037395	0.027888	0.032032	0.030124	0.035196	0.02083	0.003535	0.026842	0.002643	
0.025233	0.004369	0.031517	0.013002	0.011114	0.021363	0.00868	0.024324	0.031229	0.037711	0.010076	0.026265	0.016223	0.013866	0.023833	0.016314	0.018602	0.016663	0.029958	0.003048	0.017062	0.025547	0.010572	0.020324	0.026594	0.013453	0.008364	0.036088	0.019513	0.019253	0.031163	0.020923	0.013076	0.028115	0.032231	0.00332	0.029142	0.028584	0.02883	0.000299	0.004807	0.034902	0.03286	0.033222	0.012201	0.009371	0.009684	0.012667	0.035669	0.018774	
0.017009	0.011138	0.032845	0.003922	0.009192	0.0148	0.009344	0.007807	0.025212	0.033565	0.029735	0.009775	0.026221	0.006471	0.028594	0.025606	0.037845	0.025973	0.036315	0.002209	0.041352	0.015085	0.002826	0.031668	0.014142	0.007156	0.041262	0.02957	0.026965	0.005948	0.00209	0.00726	0.02265	0.039616	0.03494	0.010738	0.03315	0.015894	0.035338	0.019117	0.009888	0.029058	0.034967	0.028229	0.008456	0.006196	0.013304	0.005626	0.009202	0.024729	
0.017684	0.034947	0.028215	0.033417	0.024514	0.014651	0.003642	0.008046	0.024861	0.01923	0.001486	0.021212	0.009291	0.002437	0.032219	0.026952	0.019056	0.024701	0.031701	0.019691	0.014396	0.024893	0.013247	0.033797	0.014267	0.026309	0.024814	0.011654	0.001734	0.024737	0.013859	0.03521	0.023803	0.020949	0.000164	0.005506	0.006421	0.007853	0.024754	0.034801	0.030408	0.003447	0.021628	0.017847	0.01023	0.035991	0.0201	0.035111	0.035711	0.028406	
0.01323	0.025582	0.022455	0.025065	0.005286	0.01102	0.034389	0.030404	0.006786	0.007541	0.019469	0.004195	0.018219	0.035487	0.010879	0.02315	0.004127	0.00154	0.023151	0.008069	0.011368	0.022394	0.027654	0.00929	0.04128	0.01498	0.037044	0.01185	0.028765	0.037082	0.03651	0.02844	0.01895	0.021931	0.033147	0.026276	0.011429	0.020894	0.001018	0.023037	0.005623	0.028066	0.004067	0.039623	0.009244	0.017311	0.033739	0.040454	9.3e-05	0.028397	
0.016931	0.023258	0.011249	0.011637	0.025983	0.019924	0.002365	0.012147	0.031306	0.013092	0.03148	0.030836	0.00952	0.014981	0.003813	0.026547	0.032161	0.032878	0.031434	0.023497	0.022587	0.013245	0.022317	0.018729	0.003658	0.015132	0.017711	0.002235	0.003434	0.009018	0.029927	0.028226	0.032732	0.027042	0.030859	0.022581	0.033273	0.005214	0.018637	0.007262	0.009142	0.012209	0.025259	0.021918	0.0315	0.030291	0.011451	0.029764	0.033542	0.026066	
0.016352	0.00057	0.036069	0.022203	0.035282	0.025564	0.003088	0.018873	0.007677	0.026385	0.013275	0.033217	0.025169	0.033723	0.010411	0.01275	0.020731	0.023576	0.016772	0.009312	0.029569	0.002394	0.029378	0.027436	0.029266	0.019399	0.005046	0.032563	0.020402	0.000784	0.022624	0.017004	0.000838	0.014625	0.030575	0.028323	0.004845	0.017771	0.00987	0.009379	0.023413	0.036275	0.019652	0.015179	0.011476	0.03606	0.02473	0.020922	0.033515	0.035688	
0.006608	0.006456	0.03289	0.038677	0.035141	0.03017	0.014116	0.02191	0.006703	0.029725	0.010327	0.024466	0.02005	0.032519	0.019926	0.022671	0.001237	0.02273	0.006385	0.027148	0.007029	0.028255	0.024541	0.000631	0.036695	0.037369	0.03724	0.0159	0.013932	0.030846	0.003462	0.005171	0.033415	0.005131	0.005672	0.032583	0.010184	0.012686	0.016586	0.02123	0.036842	0.000628	0.009797	0.025709	0.015697	0.031418	0.015229	0.036155	0.006977	0.033135	
0.006102	0.03119	0.015735	0.02189	0.031234	0.003532	0.007005	0.031232	0.00747	0.025035	0.014893	0.022998	0.019854	0.003829	0.027845	0.017033	0.015156	0.010331	0.030673	0.02111	0.009102	0.031783	0.013594	0.029838	0.030273	0.011394	0.023771	0.022994	0.027757	0.032232	0.028514	0.001871	0.027348	0.028886	0.023001	0.021481	0.019222	0.004689	0.028748	0.009567	0.014424	0.027459	0.002005	0.031684	0.019761	0.012288	0.028005	0.029033	0.023517	0.021612	
0.022659	0.007273	0.024019	0.029442	0.016271	0.032715	0.015196	0.019017	0.011093	0.019116	0.003538	0.032063	0.030007	0.018702	0.029581	0.032938	0.007389	0.038212	0.01279	0.028741	0.022813	0.005097	0.025782	0.020947	0.02636	0.022893	0.023609	0.024361	0.023737	0.001702	0.013024	0.004792	0.010801	0.022442	0.012777	0.019965	0.028645	0.006297	0.00604	0.01415	0.009149	0.036676	0.009641	0.028144	0.031828	0.016174	0.032681	0.028275	0.017468	0.022968	
0.026433	0.029495	0.009218	0.023827	0.003204	0.017212	0.014119	0.01839	0.007328	0.014759	0.036302	0.009087	0.003562	0.036644	0.02671	0.009471	0.022604	0.020213	0.035306	0.033104	0.010918	0.007565	0.00548	0.038212	0.0121	0.025083	0.015963	0.021586	0.033937	0.030681	0.011529	0.023968	0.01315	0.036668	0.030433	0.026431	0.02148	0.002987	0.037068	0.038613	0.012486	0.007958	0.003423	0.019472	0.032358	0.015913	0.032182	0.016885	0.006016	0.012467	
0.04534	0.023015	0.012951	0.008594	0.008425	0.00027	0.04911	0.011388	0.025324	0.025401	0.006925	0.010674	0.018783	0.001529	0.027312	0.037908	0.000961	0.024317	0.022528	0.040553	0.013976	0.036353	0.039962	0.012092	0.02761	0.005334	0.033699	0.019364	0.007076	0.017179	0.013964	0.039202	0.015084	0.011258	0.0095	0.038846	0.019833	0.004029	0.010038	0.011204	0.015492	0.002023	0.028308	0.022097	0.043296	0.011549	0.00031	0.013265	0.04193	0.034819	
0.031393	0.018144	0.032928	0.006608	0.024855	0.003584	0.025728	0.028758	0.032324	0.010158	0.034889	0.02671	0.031197	0.015814	0.009568	0.017182	0.025586	0.002944	0.034754	0.018203	0.032007	0.034645	3.8e-05	0.012317	0.009131	0.022057	0.005889	0.023898	0.029695	0.031838	0.029123	0.024154	0.018911	0.025846	0.00066	0.008621	0.005749	0.019316	0.022182	0.033981	0.032689	0.005394	0.020569	0.023041	0.029756	0.034468	0.001844	0.013027	0.016039	0.001788	
0.025828	0.024617	0.002847	0.010302	0.013631	0.02703	0.03591	0.033731	0.010547	0.025732	0.030676	0.00829	0.002191	0.022731	0.019245	0.018989	0.031795	0.003704	0.029625	0.00106	0.009691	0.036146	0.014663	0.017835	0.032739	0.033759	0.010807	0.008987	0.029751	0.006484	0.005853	0.011185	0.033574	0.010904	0.03403	0.01347	0.012423	0.025009	0.008273	0.024399	0.02337	0.011509	0.000235	0.033165	0.029221	0.036416	0.011266	0.035278	0.035954	0.025123	
0.007802	0.033765	0.033168	0.015377	0.033259	0.010237	0.021745	0.011801	0.036522	0.031941	0.011814	0.005265	0.017262	0.014976	0.017185	0.019069	0.002217	0.026067	0.024932	0.025565	0.030663	0.007403	0.035249	0.014386	0.041467	0.030631	0.007049	0.010092	0.002818	0.020384	0.006018	0.013895	0.006406	0.016085	0.037163	0.024039	0.032698	0.032626	0.016299	0.024742	0.003378	0.034698	0.001771	0.00186	0.020472	0.014859	0.035065	0.031046	0.016748	0.030021	
0.032272	0.014623	0.000103	0.029207	0.015009	0.00439	0.023448	0.029674	0.012569	0.008817	0.031271	0.03175	0.024418	0.017377	0.002223	0.030089	0.006395	0.014493	0.031473	0.001862	0.02795	0.013972	0.012659	0.034747	0.01719	0.035247	0.033412	0.032407	0.010744	0.027347	0.026146	0.017019	0.033844	0.012233	0.01433	0.029459	0.032926	0.014194	0.001405	0.031934	0.026951	0.032581	0.006171	0.032122	0.020239	6.4e-05	0.032587	0.00538	0.0004	0.022877	
0.003837	0.036791	0.009766	0.040977	0.012513	0.004036	0.012471	0.006638	0.036465	0.003667	0.014059	0.03544	0.043754	0.012763	0.009758	0.011724	0.023486	0.019291	0.01132	0.025609	0.027439	0.040959	0.032964	0.002694	0.036019	0.028115	0.019567	0.022061	0.003685	0.017678	0.036644	0.009259	0.005168	0.026706	0.025372	0.007363	0.010998	0.038167	0.03734	0.023273	0.034948	0.008065	0.011869	0.005189	0.002656	0.02427	0.002192	0.00732	0.037295	0.04036	
0.02726	0.032647	0.018697	0.002859	0.013284	0.017737	0.039843	0.017862	0.032391	0.026286	0.008937	0.033592	0.026071	0.01618	0.017931	0.021806	0.031178	0.031531	0.029937	0.002333	0.017552	0.031032	0.018214	0.029089	0.021653	0.017536	0.007735	0.000302	0.008151	0.032212	0.03111	0.01895	0.038154	0.024991	0.012396	0.023536	0.016039	0.003482	0.00371	0.010792	0.03155	0.009306	0.002915	0.030703	0.025888	0.024172	0.00327	0.013274	0.004358	0.039566	
0.009866	0.00906	0.012417	0.015838	0.035908	0.033209	0.008596	0.032818	0.038174	0.009714	0.028428	0.005342	0.018684	0.038002	0.0077	0.017064	0.011088	0.036736	0.038356	0.019135	0.006199	0.03135	0.002774	0.00624	0.013572	0.006114	0.008049	0.004804	0.003835	0.03892	0.037914	0.023525	0.014909	0.033046	0.040359	0.02477	0.035507	0.015806	0.017235	0.000774	0.00619	0.015767	0.022044	0.004512	0.030201	0.027883	0.030101	0.028376	0.003216	0.039873	
0.0151	0.029761	0.027514	0.007207	0.013806	0.022722	0.012164	0.015805	0.023221	0.023701	0.017653	0.015008	0.038174	0.028585	0.019965	0.004358	0.011961	0.014851	0.036383	0.015872	0.030223	0.015442	0.025573	0.026161	0.030213	0.030848	0.035288	0.01241	0.012288	0.015187	0.016585	0.024781	0.03669	0.017932	0.015609	0.021469	0.001132	0.013296	0.036185	0.023312	0.014402	0.008062	0.018402	0.002585	0.020652	0.00154	0.023419	0.007192	0.032197	0.037114	
0.039641	0.006801	0.015995	0.008449	0.003244	0.024445	0.031689	0.037247	0.021009	0.041923	0.030417	0.027214	0.013676	0.042853	0.040094	0.032681	0.019097	0.010949	0.001594	0.041838	0.026255	0.00552	0.004259	0.031235	0.013366	0.015327	0.035753	0.007204	0.022796	0.012934	0.019839	0.024635	0.015451	0.001607	0.011828	0.035167	0.001804	0.016618	0.030449	0.020735	0.009501	0.006642	0.030016	0.039844	0.010395	0.000173	0.009263	0.000778	0.015641	0.034109	
0.015432	0.004226	0.013338	0.024765	0.026592	0.031638	0.028002	0.014914	0.004212	0.014994	0.034401	0.031726	0.003158	0.032224	0.020827	0.010378	0.024996	0.011344	0.03865	0.001073	0.005343	0.044223	0.040836	0.013623	0.010167	0.022801	0.012263	0.037149	0.003434	0.017789	0.037605	0.001771	0.031936	0.01764	0.041358	0.015437	0.034027	0.006751	0.04648	0.015953	0.035316	0.002076	0.001633	0.002706	0.015824	0.045866	0.025685	0.012119	0.006942	0.008357	
0.021099	0.002073	0.016324	0.001403	0.017219	0.012409	0.03497	0.026063	0.035695	0.031465	0.022314	0.012883	0.005154	0.02221	0.00895	0.032486	0.030061	0.020893	0.017611	0.027759	0.0066	0.010716	0.035659	0.022278	0.037866	0.016374	0.037403	0.022402	0.025569	0.0221	0.029153	0.015018	0.015631	0.027821	0.009383	0.0303	0.024265	0.018319	0.033474	0.010009	0.003151	0.012621	0.006825	0.007769	0.013447	0.001027	0.008419	0.037623	0.023044	0.036693	
0.015464	0.031322	0.031273	0.021217	0.004379	0.035054	0.02452	0.011142	0.01456	0.037588	0.022336	0.030896	0.032042	0.023892	0.014606	0.023872	0.019704	0.009423	0.022514	0.014508	0.032971	0.021688	0.027848	0.034869	0.023038	0.02298	0.027383	0.016088	0.008498	0.000648	0.016928	0.008914	0.017939	0.010435	0.02066	0.003691	0.010758	0.036165	0.028029	0.011213	0.009471	0.014404	0.00475	0.026676	0.01058	0.00986	0.017432	0.022794	0.031486	0.031492	
0.008711	0.020249	0.033464	0.029272	0.0391	0.03206	0.017952	0.005924	0.019418	0.030663	0.02449	0.03616	0.018608	0.034026	0.02219	0.005988	0.012695	0.035881	0.013182	0.015212	0.022403	0.004261	0.012697	0.029533	0.016033	0.024918	0.021666	0.035165	0.039258	0.002406	0.000661	0.00978	0.027699	0.007119	0.006465	0.001752	0.030619	0.021126	0.039375	0.027457	0.04244	0.005362	0.013872	0.0081	0.001266	0.011795	0.029551	0.011495	0.026241	0.01424	
0.001045	0.021702	0.021249	0.015408	0.032365	0.018967	0.007815	0.038536	0.026837	0.041918	0.003198	0.021107	0.000977	0.005092	0.030023	0.013487	0.011409	0.004058	0.025864	0.031641	0.003614	0.030866	0.038956	0.017117	0.032802	0.0057	0.030187	0.006526	0.040101	0.030279	0.032685	0.011158	0.003902	0.020961	0.038298	0.000774	0.020862	0.03463	0.029285	0.00136	0.022555	0.024918	0.034376	0.023069	0.02337	0.016907	0.004569	0.013502	0.009156	0.024817	
0.000702	0.028682	0.019355	0.013421	0.017726	0.021095	0.003901	0.031702	0.01098	0.015635	0.002351	0.025515	0.004473	0.013543	0.034121	0.018701	0.009031	0.001499	0.006677	0.018419	0.031727	0.038208	0.017849	0.012437	0.023342	0.008716	0.042636	0.010136	0.039517	0.009508	0.041785	0.018867	0.021992	0.005427	0.027055	0.042378	0.016386	0.019466	0.03859	0.037324	0.000864	0.037032	0.009135	0.023272	0.012224	0.021112	0.028146	0.026913	0.024758	0.015669	
0.007834	0.029184	0.018675	0.029042	0.022461	0.033179	0.007709	0.019966	0.008141	0.033986	0.000908	0.034296	0.028485	0.018783	0.028828	0.036244	0.026104	0.004523	0.015381	0.006373	0.007648	0.010783	0.034316	0.027645	0.030824	0.007623	0.008243	0.019614	0.019666	0.035617	0.013419	0.019236	0.027451	0.034145	0.010069	0.01218	0.018415	0.02237	0.02526	0.00159	0.01862	0.02086	0.017918	0.009506	0.01682	0.037881	0.008404	0.021686	0.035533	0.016556	
0.038611	0.014169	0.006229	0.016921	0.016546	0.006116	0.018784	0.038154	0.027045	0.017051	0.019846	0.021719	0.016248	0.037694	0.019708	0.001082	0.022275	0.002188	7.9e-05	0.019883	0.031465	0.008144	0.021855	0.00079	0.016473	0.015554	0.040183	0.033302	0.007777	0.02026	0.020061	0.010195	0.033673	0.00896	0.000236	0.023375	0.035894	0.024348	0.01397	0.026476	0.035183	0.023244	0.028305	0.030706	0.020573	0.030685	0.027389	0.028348	0.011888	0.01034	
0.037721	0.015904	3.2e-05	0.021514	0.008407	0.008839	0.022764	0.031499	0.028436	0.02011	0.016834	0.036306	0.038752	0.024047	0.014775	0.015487	0.003971	0.014642	0.001483	0.032807	0.03173	0.038143	0.003617	0.010853	0.001076	0.007981	0.028376	0.006956	0.039974	0.013003	0.025874	0.040869	0.013506	0.005392	0.021325	0.009872	0.027913	0.038411	0.002166	0.023534	0.004986	0.031535	0.008729	0.001177	0.024554	0.035418	0.004285	0.025365	0.036015	0.043035	
0.03405	0.033507	0.032984	0.011429	0.01428	0.019259	0.02413	0.02216	0.031419	0.025568	0.031755	0.029074	0.015424	0.00567	0.006801	0.008595	0.021322	0.020129	0.029631	0.004248	0.027156	0.008724	0.028325	0.026113	0.030013	0.005695	0.019016	0.007094	0.016418	0.0294	0.029666	0.025482	0.000117	0.004841	0.015259	0.034298	0.034977	0.023151	0.028482	0.028716	0.031343	0.01228	0.014765	0.001692	0.014048	0.004381	0.011549	0.001324	0.030237	0.034003	
0.024348	0.005874	0.012713	0.004462	0.002839	0.019078	0.024099	0.017431	0.032291	0.030593	0.017233	0.021674	0.037001	0.020275	0.000849	0.014274	0.01265	0.029365	0.025026	0.003831	0.031379	0.032754	0.02163	0.017393	0.02746	0.014819	0.031279	0.030751	0.025323	0.002839	0.029224	0.014136	0.015371	0.034547	0.020635	0.010784	0.029904	0.014985	0.021575	0.018625	0.014554	0.025975	0.034769	0.028495	0.017386	0.017424	0.010944	0.002809	0.026544	0.019781	
0.021885	0.016625	0.033761	0.036729	0.006993	0.039359	0.02651	0.012354	0.021361	0.009075	0.006883	0.004843	0.025576	0.016553	0.019206	0.037456	0.005293	0.035985	0.011441	0.031292	0.036913	0.01155	0.030488	0.009474	0.015582	0.028426	0.011827	0.01117	0.01939	0.000208	0.032261	0.013676	0.032878	0.010985	0.007514	0.01588	0.00232	0.014019	0.028785	0.013486	0.01212	0.009581	0.019283	0.03969	0.00803	0.036706	0.009471	0.036343	0.023201	0.039563	
0.029348	0.012197	0.007416	0.03674	0.019333	0.000357	0.032217	0.022132	0.025662	0.020343	0.024305	0.01758	0.004303	0.004232	0.038204	0.001903	0.014681	0.008344	0.025532	0.021294	0.01434	0.027775	0.021311	0.034594	0.03668	0.002058	0.002169	0.033511	0.026036	0.03066	0.019088	0.032484	0.012983	0.030625	0.028911	0.001238	0.025513	0.022768	0.036888	0.02508	0.010489	0.00406	0.039514	0.029298	0.010074	0.028861	0.015366	0.002157	0.013109	0.016237	
0.026188	0.043128	0.039607	0.008619	0.004205	0.009912	0.008873	0.033027	0.010998	0.035545	0.024189	0.020632	0.003032	0.039927	0.004241	0.015865	0.006029	0.003757	0.025263	0.005624	0.038509	0.007029	0.007163	0.010939	0.022231	0.025411	0.030318	0.012859	0.020756	0.031592	0.028263	0.044928	0.013987	0.029673	0.013987	0.005489	0.012939	0.005986	0.017501	0.010077	0.035114	0.027895	0.007338	0.003487	0.033848	0.038214	0.034519	0.037341	0.020263	0.003683	
0.037382	0.00299	0.032287	0.026309	0.037602	0.019831	0.008761	0.017542	0.038612	0.002561	0.001512	0.010031	0.007469	0.032606	0.03016	0.023381	0.012469	0.025259	0.014225	0.024736	0.01989	0.019847	0.031453	0.027137	0.002536	0.005432	0.010594	0.019232	0.036594	0.020333	0.005094	0.011849	0.02926	0.025482	0.030809	0.040451	0.035943	0.026724	0.027626	0.007402	0.002143	0.007764	0.02936	0.023884	0.028695	0.023825	0.003619	0.002349	0.036483	0.002465	
0.023315	0.035505	0.032256	0.036411	0.037186	0.006871	0.004785	0.006176	0.038987	0.018476	0.038828	0.0325	0.014762	0.00813	0.004909	0.009102	0.036282	0.02005	0.033378	0.013502	0.021103	0.020017	0.003373	0.001616	0.016473	0.007875	0.029358	0.034493	0.02016	0.001853	0.035363	0.009392	0.028707	0.018894	0.003872	0.034431	0.001227	0.015254	0.033939	0.027618	0.011415	0.01557	0.019849	0.016232	0.034274	0.028182	0.025583	0.003216	0.024175	0.005075	
0.019172	0.011232	0.028702	0.00139	0.025997	0.013241	0.016435	0.019634	0.007617	0.034662	0.012743	0.019127	0.02774	0.021359	0.038675	0.028725	0.037171	0.010269	0.007015	0.009696	0.019123	0.009837	0.003942	0.011875	0.033064	0.036861	0.005875	0.016579	0.035649	0.009341	0.029106	0.008186	0.034791	0.029553	0.026066	0.029529	0.030797	0.024317	0.031151	0.038816	0.017541	0.02382	0.001134	0.001939	0.021971	0.017325	0.030847	0.002922	0.011225	0.016216	
0.023574	0.005135	0.02189	0.002599	0.02822	0.030104	0.008437	0.033641	0.034842	0.018099	0.020365	0.019385	0.005245	0.031793	0.002736	0.032463	0.034462	0.018333	0.018255	0.011098	0.035558	0.001984	0.032835	0.018217	0.016105	0.013267	0.009664	0.02396	0.020221	0.023114	0.007634	0.021941	0.038401	0.019931	0.025575	0.034356	0.015258	0.013162	0.019719	0.023071	0.003672	0.032005	0.024495	0.007549	0.012956	0.035362	0.027537	0.000898	0.028988	0.011889	
0.007678	0.03678	0.002728	0.0057	0.00245	0.016765	0.042182	0.021385	0.011225	0.013905	0.011357	0.025488	0.038557	0.027416	0.027726	0.023187	0.013799	0.034717	0.033769	0.000931	0.010127	0.017346	0.035855	0.032607	0.037914	0.038552	0.037983	0.0154	0.010429	0.022841	0.001101	0.004894	0.036079	0.009747	0.006544	0.028597	0.028088	0.041442	0.025668	0.007567	0.021614	0.021127	0.017209	0.016031	5.3e-05	0.022311	0.025401	0.006515	0.000719	0.022494	
0.005614	0.005168	0.019393	0.024576	0.001495	0.035786	0.005148	0.002044	0.022946	0.026713	0.017988	0.019539	0.032906	0.017017	0.033227	0.0118	0.00784	0.025441	0.029855	0.019185	0.031966	0.013417	0.002248	0.019947	0.031643	0.014108	0.040429	0.031404	0.032396	0.027573	0.019823	0.016416	0.034297	7.5e-05	0.017392	0.036774	0.039605	0.002294	0.011666	0.036907	0.002325	0.029833	0.018772	0.002337	0.025529	0.006639	0.025838	0.017949	0.030694	0.016023	
0.002789	0.018822	0.002716	0.00409	0.008161	0.016957	0.023339	0.023952	0.0191	0.038737	0.011435	0.0383	0.024428	0.021799	0.003581	0.035883	0.022074	0.002727	0.008888	0.00587	0.036474	0.020303	0.004746	0.034867	0.024744	0.001985	0.015001	0.007689	0.003	0.039229	0.008107	0.013044	0.036749	0.031208	0.014431	0.03917	0.03833	0.027954	0.020213	0.036161	0.026996	0.014085	0.016282	0.023713	0.02914	0.030509	0.034355	0.018986	0.002916	0.015965	
0.00504	0.004026	0.016689	0.003315	0.017567	0.042928	0.039034	0.02498	0.044032	0.009114	0.002506	0.001743	0.036624	0.037208	0.024733	0.02711	0.014432	0.000944	0.000367	0.004424	0.018328	0.014892	0.022292	0.01996	0.025106	0.008285	0.006834	0.014558	0.008226	0.020298	0.013611	0.008585	0.043168	0.041348	0.009224	0.015518	0.022006	0.013384	0.013215	0.037239	0.031402	0.035188	0.028981	0.021975	0.040398	0.038686	0.033718	0.009779	0.004302	0.022678	
0.003383	0.018441	0.037751	0.023619	0.026683	0.023953	0.0309	0.002781	0.001123	0.01803	0.01448	0.001206	0.02305	0.014671	0.017291	0.040146	0.000989	0.033425	0.031203	0.028146	0.035098	0.008021	0.00862	0.025053	0.007566	0.019672	0.019106	0.017174	0.009637	0.037479	0.02709	0.016333	0.001045	0.013263	0.019163	0.036401	0.040465	0.021633	0.017914	0.010802	0.010723	0.042164	0.023291	0.015521	0.021329	0.021963	0.014735	0.029391	0.034012	0.004065	
0.031272	0.037088	0.027931	0.015112	0.025833	0.004788	0.041428	0.031693	0.011008	0.034192	0.006608	0.024752	0.014378	0.02734	0.018599	0.02366	0.04089	0.020122	0.01533	0.007803	0.004006	0.027558	0.008773	0.041662	0.019153	0.039253	0.011224	0.032492	0.007496	0.035399	0.004577	0.020458	0.009175	0.03923	0.032461	0.004846	0.008153	0.003468	0.006874	0.022021	0.021921	0.012277	0.005176	0.031945	0.005486	0.000494	0.002702	0.036096	0.018119	0.027678	
0.016193	0.007026	0.036841	0.008426	0.018781	0.041341	0.020179	0.017427	0.018915	0.030431	0.02423	0.023396	0.029736	0.008827	0.023914	0.01386	0.027835	0.000379	0.013496	0.019036	0.00015	0.022356	0.025093	0.011511	0.001522	0.024372	0.008585	0.031541	0.036695	0.02015	0.014207	0.013241	0.030215	0.032774	0.034128	0.011237	0.027606	0.031527	0.010909	0.025617	0.0121	0.039271	0.007801	0.026482	0.000969	0.00171	0.010016	0.017932	0.033782	0.036232	
0.011886	0.005203	5.5e-05	0.029283	0.03238	0.02626	0.031896	0.03326	0.012117	0.020159	0.028472	0.031028	0.012341	0.027206	0.010773	0.019273	0.024253	0.005	0.005717	0.019462	0.000596	0.014813	0.029503	0.024682	0.00627	0.01068	0.0103	0.002566	0.030241	0.026475	0.033838	0.024479	0.022588	0.033455	0.033672	0.029127	0.005139	0.032038	0.004247	0.036306	0.02204	0.028092	0.008482	0.027955	0.025335	0.029614	0.019953	0.007362	0.020896	0.013232	
0.013513	0.004216	0.018381	0.017409	0.02842	0.031264	0.008242	0.012157	0.014004	0.009089	0.042643	0.011893	0.000646	0.021207	0.008619	0.001169	0.024874	0.030605	0.003751	0.033115	0.028729	0.017234	0.025228	0.011358	0.008356	0.034443	0.011413	0.008359	0.020998	0.004203	0.023514	0.034967	0.036964	0.010618	0.022998	0.018344	0.005166	0.042991	0.026902	0.038973	0.005924	0.01192	0.020849	0.03764	0.025987	0.036329	0.003129	0.030931	0.042606	0.01771	
0.023043	0.017785	0.021868	0.00878	0.04211	0.027821	0.039822	0.019453	0.004076	0.013214	0.023913	0.006106	0.036805	0.016234	0.025615	0.000877	0.022174	0.030355	0.02852	0.020506	0.031209	0.0325	0.004033	0.010706	0.00437	0.009502	0.030577	0.028481	0.017208	0.033285	0.029943	0.032494	0.011542	0.026789	0.026102	0.021194	0.007698	0.00951	0.027	0.000462	0.016928	0.000973	0.027164	0.016692	0.025834	0.016813	0.012731	0.008881	0.022295	0.028007	
0.015994	0.031054	0.016784	0.016261	0.012146	0.011706	0.028003	0.008576	0.0326	0.01628	0.021468	0.008354	0.03761	0.032954	0.007746	0.012372	0.024882	0.031487	0.039581	0.012892	0.025583	0.009431	0.000304	0.008969	0.018056	0.014967	0.025876	0.009208	0.007369	0.012303	0.010536	0.028225	0.020534	0.003211	0.030696	0.034123	0.022817	0.035691	0.031548	0.005092	0.00474	0.014918	0.023542	0.00827	0.029856	0.034325	0.030881	0.040001	0.025597	0.014581	
0.018307	0.002817	0.015427	0.041777	0.024823	0.023013	0.022106	0.002578	0.015332	0.012068	0.023391	0.030344	0.008358	0.002038	0.015715	0.003682	0.001639	0.004012	0.005327	0.00644	0.039527	0.024042	0.011104	0.028069	0.005899	0.028548	0.021418	0.003487	0.013925	0.032763	0.017298	0.041031	0.012288	0.038153	0.002632	0.042536	0.043382	0.031525	0.000139	0.032734	0.038655	0.032417	0.027016	0.012022	0.00459	0.014025	0.03195	0.041738	0.034343	0.01355	
0.032518	0.013618	0.024847	0.018084	0.030035	0.011043	0.0303	0.016193	0.031969	0.014669	0.043802	0.003552	0.023575	0.024263	0.00368	0.034529	0.006349	0.017346	0.017854	0.005882	0.010363	0.011442	0.043764	0.007817	0.035789	0.024929	0.007835	0.004209	0.039493	0.034932	0.011341	0.002299	0.012355	0.042406	0.024739	0.016445	0.04186	0.002998	0.027417	0.024112	0.017636	0.011042	0.029721	0.014462	0.0363	0.00063	0.035266	0.005236	0.014681	0.004373	
0.033959	0.039899	0.006416	0.040404	0.039784	0.008139	0.034799	0.008084	0.009845	0.036782	0.023856	0.009274	0.023424	0.002738	0.016812	0.043236	0.005141	0.003487	0.008504	0.01597	0.02561	0.03265	0.032599	0.036503	0.01049	0.004587	0.043152	0.030931	0.036886	0.012214	0.029218	0.011235	0.013836	0.024662	0.016252	0.012991	0.008299	0.019719	0.027145	0.018772	0.036161	0.00775	0.018222	0.008424	0.011536	0.018768	0.006518	0.017462	0.007276	0.009579	
0.024545	0.032437	0.033315	0.010117	0.006917	0.015805	0.035064	0.024527	0.002729	0.005715	0.037721	0.0344	0.010108	0.005952	0.031613	0.035918	0.012791	0.002929	0.035965	0.030622	0.006349	0.037878	0.007231	0.000321	0.002422	0.00144	0.016683	0.037157	0.00011	0.016545	0.016837	0.018769	0.03609	0.022991	0.03794	0.00486	0.030175	0.028282	0.002546	0.021341	0.013163	0.013086	0.034291	0.034249	0.027786	0.009136	0.023527	0.034937	0.008533	0.026135	
0.008835	0.025195	0.011901	0.015234	0.015091	0.020698	0.032349	0.036027	0.006709	0.022706	0.027253	0.025898	0.029339	0.001721	0.021639	0.003064	0.006268	0.024601	0.022808	0.035947	0.032576	0.028041	0.003359	0.023104	0.007763	0.022605	0.007935	0.017667	0.036078	0.035809	0.029263	0.034249	0.026219	0.025893	0.00209	0.015823	0.023169	0.033	0.021264	0.035436	0.0186	0.016941	0.002148	0.022998	0.024462	0.005325	0.026545	0.002925	0.003215	0.022215	
0.0202	0.004832	0.016828	0.034937	0.035013	0.022438	0.002374	0.022421	0.0203	0.035135	0.017763	0.013915	0.003261	0.01927	0.036962	0.026933	0.035844	0.034589	0.019249	0.032683	0.031304	0.003539	0.009455	0.004518	0.027351	0.008749	0.01729	0.018752	0.012715	0.01914	0.037144	0.027649	0.037876	0.010915	0.003666	0.036361	0.028009	0.001992	0.023042	0.014063	0.005424	0.016263	0.014407	0.029372	0.013765	0.012925	0.036132	0.007436	0.001402	0.034397	
0.013089	0.026739	0.029638	0.012294	0.033774	0.023815	0.020231	0.034102	0.023231	0.005815	0.00041	0.038618	0.02767	0.031762	0.0012	0.017566	0.031472	0.021703	0.004434	0.028795	0.015277	0.015261	0.028353	0.019045	0.012359	0.010816	0.012368	0.015066	0.012781	0.036024	0.038214	0.027602	0.01915	0.03209	0.022491	0.006449	0.036072	0.007642	0.033581	0.030709	0.014073	0.008467	0.028725	0.010745	0.020162	0.010332	0.014167	0.008859	0.002275	0.024487	
0.023646	0.034479	0.018611	0.002413	0.010437	0.033762	0.035756	0.032027	0.009965	0.023489	0.000628	0.017111	0.009147	0.034546	0.037049	0.008869	0.006212	0.018773	0.033173	0.010838	0.016182	0.016083	0.024775	0.012358	0.036048	0.000833	0.019659	0.014339	0.003057	0.010114	0.0399	0.028555	0.015249	0.025735	0.035262	0.013545	0.007433	0.040619	0.000931	0.031383	0.018278	0.027271	0.024764	0.015099	0.033651	0.006446	0.022797	0.019469	0.015583	0.023651	
0.024771	0.007429	0.004795	0.00669	0.03062	0.02345	0.024027	0.003578	0.030734	0.008446	0.032085	0.001176	0.001832	0.013211	0.024006	0.01626	0.022249	0.034644	0.021282	0.029338	0.020182	0.017195	0.017144	0.027447	0.021708	0.018841	0.025224	0.009255	0.009088	0.034683	0.019519	0.036359	0.024505	0.01095	0.024576	0.032396	0.017414	0.019278	0.030708	0.013275	0.028765	0.002383	0.029188	0.034064	0.025559	0.007167	0.028872	0.026121	0.00116	0.026351	
0.026794	0.031559	0.005239	0.02648	0.014559	0.011663	0.024126	0.029057	0.034847	0.028949	0.036304	0.018068	0.022326	0.01782	0.029816	0.031886	0.025591	0.030832	0.021228	0.008519	0.017116	0.00844	0.024286	0.035253	0.000108	0.029019	0.028966	0.001225	0.026215	0.007441	0.002408	0.025602	0.006279	0.019572	0.033123	0.016222	0.013578	0.016647	0.034906	0.018358	0.011954	0.036581	0.00222	0.029803	0.030859	0.00196	0.00593	0.02088	0.008353	0.011033	
0.005657	0.028107	0.027098	0.029282	0.042314	0.020266	0.022669	0.019312	0.036939	0.005403	0.023093	0.005526	0.030544	0.007457	0.024878	0.040744	0.034132	0.008899	0.020216	0.027029	0.029264	0.002957	0.023776	0.023685	0.017281	0.022968	0.007832	0.024034	0.028538	0.011475	0.003047	0.005317	0.016255	0.021341	0.014323	0.027349	0.020358	0.039617	0.003428	0.003121	0.038568	0.017131	0.023337	0.03022	0.010614	0.003475	0.007236	0.024398	0.014387	0.025103	
0.015365	0.01123	0.036125	0.039045	0.018481	0.008211	0.017913	0.035772	0.01856	0.019492	0.034951	0.005402	0.015785	0.021882	0.038216	0.013329	0.019721	0.035779	0.008333	0.009655	0.029369	0.013744	0.009664	0.031917	0.030483	0.023419	0.036646	0.018629	0.037373	0.008651	0.018342	0.015733	0.002922	0.012845	0.012756	0.035077	0.032152	0.036309	0.038798	0.015496	0.000279	0.017043	0.021571	0.010363	0.011091	0.009027	0.021601	0.016992	0.003724	0.004737	
0.002334	0.011763	0.025879	0.023834	0.02716	0.000884	0.03081	0.008153	0.002409	0.036485	0.021047	0.011693	0.026654	0.032404	0.010415	0.039279	0.005185	0.003164	0.004917	0.021635	0.004655	0.040102	0.004485	0.008018	0.026203	0.015073	0.030729	0.018876	0.010664	0.017803	0.029254	0.02272	0.039962	0.011177	0.023664	0.021417	0.013424	0.028519	0.018784	0.00287	0.018744	0.029795	0.039989	0.03439	0.000511	0.018149	0.029871	0.041822	0.025501	0.026725	
0.021945	0.019364	0.025187	0.012858	0.032676	0.022218	0.014323	0.027747	0.008504	0.017928	0.030241	0.014755	0.017093	0.032663	0.016354	0.008967	0.000385	0.00469	0.013662	0.033847	0.033671	0.030273	0.02236	0.020175	0.03107	0.023821	0.021364	0.029548	0.020521	0.011219	0.02446	0.023113	0.005325	0.005944	0.010812	0.008689	0.030758	0.015327	0.031318	0.028249	0.019622	0.003846	0.028049	0.02989	0.000316	0.030295	0.023775	0.012559	0.018053	0.030171	
0.025946	0.031048	0.024995	0.034038	0.011034	0.000954	0.006556	0.018743	0.027695	0.008119	0.021678	0.013578	0.012239	0.00027	0.021535	0.036355	0.00769	0.005307	0.010926	0.026427	0.006568	0.02814	0.027106	0.014629	0.020225	0.037223	0.024092	0.004994	0.029591	0.01309	0.032495	0.018912	0.032666	0.004043	0.022563	0.036252	0.026029	0.024596	0.016679	0.014236	0.031377	0.024551	0.036331	0.022965	0.01964	0.01973	0.003404	0.016114	0.012537	0.034089	
0.023621	0.010444	0.005354	0.021763	0.021663	0.011542	0.022006	0.017906	0.019845	0.028933	0.013459	0.015767	0.027354	0.030995	0.037409	0.027449	0.019922	0.026267	0.000478	0.018074	0.032171	0.009694	0.028155	0.030902	0.013694	0.000203	0.036094	0.029263	0.024953	0.032746	0.012651	0.023579	0.012428	0.001954	0.030424	0.016821	0.036295	0.003374	0.03584	0.015272	0.025715	0.030035	0.01015	0.013643	0.015628	0.007635	0.012355	0.010658	0.016028	0.031389	
0.018842	0.03547	0.023765	0.02213	0.011886	0.002959	0.031192	0.021175	0.029289	0.02144	0.010089	0.014425	0.007916	0.028285	0.032114	0.0291	0.029493	0.0189	0.022715	0.022926	0.012916	0.035172	0.019406	0.015628	0.01078	0.023122	0.002153	0.038768	0.020672	0.015534	0.011528	0.01581	0.03137	0.030326	0.014802	0.012453	0.000962	0.022699	0.014685	0.028085	0.028986	0.027458	0.016938	0.034073	0.020036	0.018632	0.013006	0.00208	0.013486	0.014323	
0.03834	0.001033	0.006228	0.014669	0.019114	0.002088	0.007356	0.000231	0.004871	0.033932	0.006705	0.026345	0.02001	0.017362	0.013001	0.002122	0.019107	0.010398	0.028152	0.035832	0.037658	0.010336	0.036392	0.001453	0.024374	0.015079	0.032927	0.007974	0.025054	0.032256	0.028732	0.03749	0.004017	1.2e-05	0.019371	0.01575	0.001109	0.025843	0.021872	0.025256	0.005047	0.010126	0.03385	0.037032	0.038493	0.034429	0.033218	0.03889	0.032636	0.026428	
0.032644	0.022436	0.012484	0.022418	0.010423	0.003379	0.010127	0.010659	0.013354	0.024784	0.034934	0.007637	0.011658	0.004162	0.01156	0.036836	0.03314	0.020914	0.010536	0.021423	0.014438	0.007137	0.007848	0.013313	0.010259	0.039176	0.037439	0.02855	0.034146	0.035152	0.021361	0.023606	0.014879	0.0225	0.034596	0.018725	0.037214	0.024121	0.008068	0.012654	0.03136	0.016807	0.013523	0.003941	0.036781	0.028493	0.027804	0.0186	0.006978	0.015023	
0.019298	0.01303	0.010469	0.005583	0.002368	0.017087	0.011907	0.000844	0.024385	0.005132	0.016414	0.001732	0.013726	0.007347	0.024382	0.013442	0.038497	0.026846	0.038469	0.020299	0.008433	0.030939	0.034962	0.005887	0.017986	0.010737	0.027395	0.037809	0.015985	0.028816	0.028726	0.025367	0.006772	0.030669	0.034911	0.007578	0.024767	0.03266	0.038809	0.03554	0.023166	0.019409	0.027612	0.031714	0.017613	0.000345	0.036833	0.00754	0.026496	0.013267	
0.012304	0.027794	0.017765	0.006935	0.032151	0.029707	0.027584	0.017825	0.025822	0.020537	0.031749	0.026783	0.010176	0.017166	0.028099	0.018461	0.016174	0.035049	0.015477	0.023094	0.014969	0.007466	0.014335	0.031613	0.012308	0.006494	0.019215	0.013685	0.018277	0.019291	0.034386	0.029127	0.011335	0.007108	0.00721	0.029142	0.034316	0.013326	0.02065	0.021676	0.019411	0.032312	0.013654	0.003624	0.033001	0.003333	0.032037	0.031508	0.019029	0.00551	
0.0008	0.004502	0.027235	0.019249	0.00307	0.020642	0.008742	0.025346	0.037061	0.028174	0.026244	0.032272	0.006793	0.029558	0.019576	0.037842	0.017875	0.033573	0.017297	0.033654	0.02948	0.020551	0.016395	0.032366	0.017909	0.012497	0.002084	0.024343	0.013318	0.031663	0.023289	0.016841	0.03422	0.038103	0.011166	0.009392	0.008775	0.028476	0.000428	0.007128	0.024602	0.025956	0.033952	0.010076	0.028595	0.028537	0.028533	0.004272	0.005791	0.001757	
0.003718	0.027826	0.019496	0.040975	0.024856	0.000493	0.033971	0.022213	0.017716	0.017519	0.011885	0.042225	0.0256	0.023934	0.027322	7.5e-05	0.001581	0.030787	0.001004	0.01388	0.019458	0.028891	0.013512	0.036967	0.034236	0.03686	0.023209	0.000138	0.021078	0.027168	0.023006	0.003351	0.020698	0.005895	0.018845	0.012659	0.008908	0.03087	0.030862	0.004491	0.023465	0.019502	0.007733	0.034175	0.038866	0.002075	0.037084	0.013262	0.005783	0.029877	
0.020086	0.021268	0.004312	0.015528	0.010097	0.018861	0.014339	0.025439	0.02951	0.018477	0.015104	0.015706	0.004085	0.024403	0.016632	0.018515	0.007138	0.021611	0.03729	0.036442	0.004957	0.034382	0.027129	0.030526	0.016709	0.004449	0.023986	0.0197	0.024479	0.025426	0.034641	0.015166	0.013158	0.037389	0.003244	0.033656	0.006128	0.035004	0.024888	0.003291	0.033215	0.00228	0.035086	0.010524	0.006039	0.03825	0.031531	0.017697	0.016963	0.015264	
0.63