50
2
0.901258	-0.841401	0.592632	0.840607	-0.295066	0.61528	-0.874858	0.352817	0.747421	0.102572	-0.938851	0.211265	-0.052569	-0.998409	-0.492955	-0.820515	-0.022382	-0.153542	0.668961	-0.337808	-0.46781	0.792678	-0.345745	-0.996732	-0.665435	0.727163	-0.117637	-0.198011	-0.502566	0.378145	0.803772	0.402436	0.121986	-0.685361	-0.645987	0.26686	-0.255432	-0.660706	-0.888392	0.921133	-0.250874	-0.270838	0.891114	0.380659	-0.518301	-0.014648	0.900215	0.827435	-0.679601	0.065683	
-0.790295	-0.496652	0.268193	-0.958247	0.475963	0.896965	0.382754	-0.766891	0.399378	0.793233	-0.485005	-0.286037	-0.596701	-0.226942	0.47918	0.483196	-0.728383	0.0932	0.452875	-0.533068	0.496727	0.808713	-0.991759	-0.0393	-0.839782	0.323722	-0.478232	-0.496296	-0.520921	0.420024	-0.194399	-0.717337	0.617024	-0.592729	0.486315	0.740221	0.590208	0.320777	-0.799787	-0.287933	-0.443229	-0.047651	-0.096534	-0.484961	-0.44286	0.828298	0.402364	-0.000854	-0.669574	0.988719	
-0.85064	0.683754	0.292535	0.859089	0.056766	-0.580612	-0.685989	0.79663	0.482686	-0.043731	0.884278	-0.691089	0.095712	-0.947667	-0.235784	0.681764	-0.16502	0.083372	0.266327	-0.65295	0.250021	0.850751	0.461502	-0.272633	-0.13878	0.292194	-0.885859	0.587827	0.47614	0.785174	0.996803	-0.230317	0.233577	0.063406	-0.18006	-0.740191	-0.339556	-0.366289	-0.819711	0.956685	-0.660814	-0.079155	0.04992	0.582037	0.30105	-0.433162	0.9845	-0.991919	0.26581	-0.6991	
-0.497198	-0.277703	0.750827	0.79809	0.791191	0.193432	-0.210385	-0.385817	-0.842022	-0.980524	-0.211467	-0.599921	0.979453	-0.837792	0.752512	0.334074	0.626521	0.086742	-0.235183	0.211637	0.207917	-0.794554	-0.063871	0.58547	-0.74369	-0.82331	-0.972818	-0.751748	-0.382011	0.188875	0.633198	0.379732	-0.533758	0.072746	-0.959429	-0.548297	-0.71659	0.964609	0.787232	0.675234	0.084035	-0.032134	0.572638	-0.275983	-0.146212	0.465843	0.345351	0.299758	0.211411	0.988551	
0.050688	0.385252	-0.662559	-0.415302	0.81413	0.886016	-0.488779	-0.417744	0.652328	0.176408	-0.484677	-0.70506	0.745628	-0.916001	0.837248	-0.658137	-0.190426	0.278742	0.562985	-0.77528	-0.146992	-0.1479	-0.968946	-0.891905	-0.663604	-0.591638	0.696901	0.863153	0.913449	-0.168428	0.315056	-0.644808	-0.258137	-0.837626	0.986892	-0.086742	-0.980592	-0.997894	-0.333363	-0.142503	0.683851	-0.770906	-0.765673	0.900053	-0.941372	-0.763389	-0.604445	0.443386	-0.438107	-0.209766	
-0.684934	0.995271	0.293755	0.971277	0.998274	0.606434	-0.86673	0.654623	0.445441	-0.500659	0.988701	-0.401222	-0.837087	0.650838	0.684581	-0.126351	0.111972	-0.338577	0.891914	0.97836	-0.850883	0.834727	-0.9445	-0.732068	-0.171529	0.757026	0.549015	0.600779	0.268135	-0.460765	0.551158	-0.319362	0.176073	0.94299	0.819606	0.307342	-0.385709	0.985312	0.872853	-0.919736	0.828683	0.265991	0.165769	0.730171	0.395377	0.740677	0.088024	-0.700875	-0.268599	-0.531277	
-0.301664	-0.120179	-0.093765	-0.597438	-0.696981	0.961824	0.003735	0.334831	0.087723	-0.593164	-0.598633	0.720517	0.713201	0.140476	0.495724	0.630113	0.60384	-0.499124	0.656057	-0.624458	0.857381	0.592861	-0.68429	0.177715	-0.09803	-0.653979	-0.19642	0.019883	0.823394	0.621562	-0.642522	-0.676999	-0.326291	0.269547	0.299568	0.386217	-0.784803	-0.982204	-0.869483	0.534141	0.815433	-0.864882	0.078826	0.253839	0.198657	-0.967673	0.576318	-0.892381	-0.388496	0.682169	
0.149902	0.217601	-0.967707	0.229126	-0.66169	0.139148	0.738403	0.204736	-0.132043	-0.563094	0.107173	0.53808	-0.036001	-0.226883	0.993898	0.145518	-0.618501	-0.323099	-0.79571	0.123499	0.204689	-0.904938	-0.90493	0.704215	-0.099577	-0.407108	0.336134	0.47474	0.319068	0.407154	-0.426174	-0.247657	-0.174578	0.716787	0.030986	0.479462	0.432589	0.040151	-0.920522	-0.973673	-0.728514	0.500626	0.848061	-0.312607	0.017428	-0.98585	-0.861878	0.652431	-0.160998	0.079858	
-0.9895	-0.245139	-0.339667	0.724419	-0.929647	0.849494	0.580266	0.065742	-0.522555	0.528542	-0.571982	-0.865586	0.022518	-0.884027	0.685453	0.111791	0.849854	-0.948649	0.53999	-0.23804	-0.623586	-0.34169	-0.430106	0.456006	0.527419	-0.844353	0.679498	0.547517	-0.335541	0.186966	-0.198028	0.469061	0.499414	0.247728	-0.254882	-0.090591	0.414185	-0.746488	-0.949844	-0.452866	0.308767	0.507841	0.998701	0.291231	0.425851	0.505984	0.596461	0.243165	-0.110343	0.981897	
0.529175	0.085106	-0.588806	0.683691	0.266147	0.381953	0.113075	-0.277112	0.797019	0.767086	-0.632372	-0.327465	0.096344	0.425005	-0.02718	-0.085304	0.185411	-0.905359	-0.955765	0.308727	-0.032952	0.44031	-0.512722	0.184908	-0.320545	0.275738	-0.983811	-0.139362	-0.187715	-0.478399	0.398435	-0.405013	-0.984732	-0.470857	-0.898284	-0.610627	0.971742	-0.340302	0.638466	-0.009465	0.201534	-0.603321	0.724268	0.663212	0.988982	-0.197176	-0.82696	0.977747	-0.598048	0.239756	
-0.516639	0.932329	-0.407158	0.615071	-0.448355	0.399861	0.844748	-0.978801	-0.726564	-0.382912	-0.79962	-0.431556	0.904622	0.48591	-0.195652	-0.977397	-0.706913	-0.735554	-0.227468	-0.009999	-0.851263	0.240874	0.066842	-0.709627	-0.025214	-0.110182	-0.350566	-0.422182	-0.098077	0.233428	-0.427851	-0.729369	0.603431	-0.367662	-0.085823	0.08537	0.602987	-0.26979	0.737273	-0.939045	0.392524	0.683651	0.180362	-0.797419	0.353494	-0.144439	-0.652406	0.55968	0.487525	-0.803667	
-0.635015	-0.371799	-0.746613	-0.113142	0.782502	-0.363093	0.193339	0.864737	-0.240181	0.677424	-0.04234	0.52127	-0.975902	-0.941624	-0.10691	0.550221	0.254387	0.729934	-0.680339	0.608528	-0.396316	0.886687	-0.314489	-0.047891	-0.338758	-0.304416	-0.316227	-0.227332	0.263464	-0.019952	-0.707466	-0.230679	-0.212096	0.816958	0.904056	0.056586	-0.154802	0.180352	0.383064	-0.384248	-0.201258	0.330989	-0.406226	-0.197117	-0.36402	0.366762	0.728282	0.020798	-0.046123	0.231714	
0.792344	-0.297427	-0.375745	0.355389	-0.053295	-0.49867	0.661869	-0.531233	-0.329644	-0.494452	0.837165	-0.778218	-0.136771	0.280332	-0.015626	-0.37799	0.63167	0.535883	-0.280789	0.251922	-0.241418	0.449399	-0.930941	0.834031	0.386168	0.246522	0.111774	-0.670804	0.575315	-0.03058	-0.342194	0.544446	0.806081	-0.064547	0.869614	0.325579	-0.846286	0.577692	0.468767	0.524239	-0.433532	0.653087	0.296413	-0.705442	0.922082	-0.008754	0.026515	-0.408108	0.022751	-0.074454	
0.293466	-0.89644	-0.906247	-0.756185	-0.371089	-0.329739	0.963166	-0.893249	0.110344	0.344022	-0.856811	0.258321	0.604524	0.084931	0.070349	-0.81292	-0.233407	0.821631	0.402187	0.809254	0.974643	-0.360372	-0.69111	-0.474515	0.636388	0.719853	-0.840867	-0.428169	-0.667174	0.390476	-0.095513	0.227536	-0.002898	-0.772628	0.439916	-0.113752	-0.664707	0.577994	0.596601	-0.741394	-0.64362	0.879909	0.95401	0.126965	-0.363646	0.684795	-0.332505	-0.409975	0.499357	0.926041	
0.195932	-0.750127	-0.235798	0.855977	0.993837	0.688558	-0.121358	0.833558	0.175585	-0.219147	-0.088677	0.80735	0.068749	-0.754511	-0.772603	-0.764852	-0.770084	-0.214005	0.687619	-0.792494	-0.722699	-0.454184	0.813905	0.078715	-0.263415	0.282566	0.586263	0.606016	0.126377	0.216604	-0.906246	0.408212	0.444676	-0.277669	-0.017763	0.104904	-0.594533	0.006159	0.884308	0.745517	0.143009	0.89399	-0.32654	0.011702	0.792013	0.902182	-0.766789	-0.805434	-0.269121	-0.684479	
-0.612052	0.636069	0.114587	0.172365	-0.601887	-0.086249	-0.132395	0.775173	-0.094784	-0.486157	-0.375703	0.749569	0.588746	0.200987	0.215141	-0.146885	0.171154	0.924128	0.61974	-0.346628	-0.405203	0.350702	-0.914139	-0.730285	0.162157	-0.287314	0.596587	0.83049	0.880358	-0.477657	0.783632	-0.352157	0.820077	-0.948431	0.142045	-0.003561	-0.942651	-0.106763	0.390017	-0.371267	-0.110731	-0.570132	0.821786	-0.497729	0.166808	-0.204935	0.378491	-0.284464	-0.120248	-0.920444	
0.879072	-0.522793	0.946595	-0.748039	-0.549649	0.461879	-0.330762	-0.582042	-0.421133	0.605295	0.028934	-0.300982	0.876669	-0.210309	-0.933727	0.482374	-0.418358	0.922284	-0.919723	-0.51219	-0.536069	0.658381	-0.198446	-0.74205	-0.832436	0.095894	0.759357	0.352541	-0.345587	0.443439	0.130223	-0.69384	0.217562	0.423389	-0.121677	-0.821007	0.573334	0.00789	0.091406	0.192596	0.875925	-0.453918	0.590561	0.421169	-0.566105	-0.308428	-0.388417	0.526798	0.057831	0.373887	
0.840337	0.095934	0.100111	0.117833	-0.734356	-0.224966	0.515119	0.110881	0.984117	0.345627	0.782784	-0.906076	0.408267	-0.176774	-0.539199	0.689683	0.415155	-0.321426	0.952263	-0.298909	0.727258	-0.747583	0.474605	-0.038072	-0.742865	0.211126	-0.086739	-0.15281	-0.558522	-0.43953	0.95852	-0.490558	0.428283	-0.855961	-0.470073	0.611089	-0.041788	-0.813728	0.399462	0.815531	-0.988119	-0.756146	0.273746	0.36834	0.842564	0.039852	-0.102229	-0.881327	-0.682875	-0.926981	
0.587652	-0.820133	0.565492	-0.973911	0.17015	0.119744	-0.018894	0.109594	-0.800387	-0.954114	0.860751	-0.527377	0.907959	-0.832902	-0.833314	0.195137	-0.024903	0.931352	0.631097	0.563005	-0.63724	0.556598	-0.774974	-0.024071	0.030606	0.515782	-0.387429	0.511439	0.094801	-0.751799	-0.14737	-0.725103	0.119071	0.712616	-0.986883	-0.987521	0.854684	-0.929273	-0.071463	0.011558	-0.188513	-0.090647	-0.916941	-0.383041	0.096761	0.882161	0.329503	-0.714663	0.123639	0.981078	
0.810689	0.907392	-0.525603	-0.792267	0.080298	0.002016	0.326462	0.699784	0.419868	-0.438576	0.283675	-0.221573	0.837979	0.279128	-0.328847	-0.664766	-0.962606	-0.319216	-0.263744	-0.201552	0.252691	0.70405	-0.727849	0.011805	0.710263	0.085396	0.62122	0.605472	-0.063111	-0.81123	-0.780217	-0.36704	-0.333001	-0.995224	-0.896228	-0.094696	-0.695712	-0.298289	0.748859	-0.286017	-0.916033	0.541005	-0.591695	-0.950715	-0.268704	-0.768608	0.506902	-0.33161	0.170675	0.152916	
-0.077587	-0.055246	-0.764199	0.154776	0.781547	0.65327	-0.110717	-0.298982	-0.665701	-0.441682	-0.763461	-0.814212	0.187791	0.325746	0.775049	0.315445	0.542523	0.238662	-0.208953	-0.122739	0.604033	0.834608	0.008284	0.152937	-0.433503	0.819442	0.980574	-0.33495	0.051506	0.979869	0.334729	0.648692	-0.72134	-0.333465	-0.834009	0.461733	-0.692088	-0.12152	-0.683002	-0.154319	0.343875	-0.055125	0.319642	-0.421828	0.309694	-0.926656	0.820798	0.897093	0.652414	0.839059	
-0.917989	-0.272036	-0.75269	0.473222	0.717494	-0.295884	-0.381523	-0.490187	0.186767	0.581384	-0.882137	-0.81433	-0.417127	-0.948017	0.456885	0.660962	-0.737884	-0.491932	0.011955	0.785622	-0.071193	-0.720198	-0.486218	-0.406182	-0.111945	0.56371	-0.870995	-0.6453	-0.516797	0.185627	0.713634	-0.879454	0.323769	0.19177	0.521894	-0.146686	-0.274404	0.979045	-0.972195	-0.915351	0.484925	0.644917	-0.678842	-0.748331	0.863187	0.277727	0.952671	-0.340486	-0.674427	-0.980112	
0.906557	0.072474	0.789659	-0.463026	0.972181	-0.717977	0.145278	-0.966463	-0.556723	0.132946	0.285615	0.917521	-0.23267	0.969184	0.2787	-0.065198	0.937517	-0.794847	-0.833292	0.461488	-0.427227	0.736455	0.20516	0.445615	-0.521459	0.531339	-0.270515	-0.779784	-0.413691	0.25901	0.964177	-0.483585	-0.948209	0.45089	0.243648	-0.315261	0.408325	0.886755	0.921193	0.525704	-0.780887	-0.271531	-0.031107	0.315833	0.268233	-0.207605	-0.651967	-0.780639	0.149457	-0.805227	
-0.89807	0.572363	-0.068147	0.348796	0.028429	-0.607663	-0.234822	0.376197	0.445831	0.446262	-0.063192	-0.443179	0.503525	0.827866	-0.833171	0.911911	-0.273436	-0.373565	-0.197672	-0.199942	0.449214	-0.394622	-0.362028	-0.357212	-0.740102	-0.313898	0.677416	0.251676	0.863088	-0.588675	0.482641	-0.409288	-0.30309	-0.414092	-0.189392	0.148319	0.08991	0.094216	-0.061875	0.363801	0.769254	0.923698	0.077488	-0.249672	-0.283079	-0.998989	-0.50329	0.543504	-0.24768	-0.966157	
0.723654	0.043332	0.123826	-0.632969	0.844387	-0.68977	-0.107968	0.337471	-0.586576	-0.143243	0.319344	0.566301	0.850489	-0.752932	0.423606	-0.068236	-0.769862	0.174934	0.243841	-0.255186	0.125016	0.503626	0.240944	-0.440898	-0.845337	-0.594742	-0.465532	0.667476	-0.42662	0.481583	-0.53779	-0.964407	-0.39903	-0.483915	-0.429942	0.52349	0.041196	0.131214	0.923868	-0.604568	-0.008278	0.046548	-0.84242	-0.325781	0.385079	0.457985	0.305596	0.13267	0.979306	0.36799	
0.462584	-0.557449	0.4356	0.996408	0.23925	-0.778795	-0.022688	0.439531	-0.340139	-0.42504	-0.894426	0.5014	0.94231	0.306801	0.57917	0.345724	0.63832	-0.120811	0.221078	-0.449299	-0.920485	0.654655	-0.094511	-0.13304	0.129873	0.142954	-0.941507	-0.521657	-0.633327	-0.601386	0.839588	0.126242	0.932807	-0.062254	0.704149	0.511153	-0.915781	-0.239894	0.225333	0.872074	-0.301653	-0.946557	0.679169	0.150273	0.919938	-0.520486	0.784619	0.290224	-0.072638	0.123869	
0.770301	0.257695	-0.786413	-0.684444	0.902245	-0.649327	0.317208	-0.972664	0.547907	0.15383	0.283115	0.230252	-0.282773	-0.533456	-0.515408	0.357741	0.593689	0.435029	0.974354	-0.079851	0.432364	0.364328	0.332417	0.644894	0.998565	-0.85701	0.534102	0.733615	0.41261	0.132043	0.234962	-0.386796	0.652398	0.848316	-0.949481	0.115116	-0.004324	0.730197	0.491257	-0.678397	0.048048	-0.005267	0.817956	0.843557	-0.08028	-0.302982	0.57473	0.294958	0.201986	-0.216958	
-0.598139	-0.073682	-0.575892	-0.444121	-0.781119	0.454705	0.493767	-0.317934	0.987623	-0.635696	0.117995	0.036567	-0.514043	-0.642689	-0.129425	-0.488169	-0.611148	0.388068	-0.37757	-0.687804	0.613452	-0.946624	0.450507	-0.429051	-0.509843	0.142925	0.402319	-0.920225	0.122064	0.072278	0.628377	0.103655	0.716243	0.511506	0.983896	-0.099478	0.767697	-0.435603	0.703397	0.708231	0.973983	-0.966809	0.821734	-0.247273	0.108828	-0.8675	-0.781155	-0.320976	0.653585	0.194209	
0.54653	0.217949	0.972979	-0.510803	0.367382	-0.382443	0.741814	-0.43551	0.398372	0.396824	0.744259	-0.026351	-0.833399	-0.616855	0.04888	-0.717987	-0.339816	0.967828	-0.199065	0.603365	-0.301864	-0.8631	0.609017	-0.771411	0.423991	0.122412	-0.418232	-0.755196	0.3844	0.01663	0.892276	-0.002956	0.978831	-0.354422	0.231388	0.824533	0.821119	-0.933514	0.706194	0.538203	-0.190834	-0.617519	0.250651	-0.002793	-0.368023	0.858634	0.428331	0.605267	0.650248	0.940694	
-0.34359	-0.804885	0.721205	-0.744875	-0.458466	0.076248	0.352124	-0.538458	-0.733138	-0.411728	-0.162539	0.92428	-0.583696	-0.700599	0.69496	0.746091	-0.86007	-0.99335	-0.777843	-0.816116	0.519558	0.877136	-0.4158	0.105104	0.583997	-0.274548	0.72815	0.740425	0.234909	0.339487	-0.705384	0.835223	-0.053326	-0.595031	-0.264557	0.575005	0.12846	-0.69988	0.051896	-0.364638	-0.781437	-0.371783	-0.542937	-0.068812	-0.504873	0.611248	-0.803923	-0.059733	0.269842	-0.189919	
-0.189509	-0.483161	-0.347627	0.823829	0.168044	0.883176	-0.483196	0.80103	-0.87635	0.489258	-0.592217	-0.393598	0.118194	-0.562221	-0.692013	0.533199	0.610176	-0.394716	0.318655	-0.927706	-0.912791	0.501904	-0.451507	-0.205831	0.586829	0.302688	0.104159	0.276098	0.405093	-0.272264	0.219758	0.272026	-0.593775	0.972109	0.887075	-0.06211	-0.225821	-0.347923	0.73203	-0.928712	0.427672	-0.886652	-0.19938	0.542561	-0.192329	0.024835	-0.153291	-0.103914	0.57442	-0.457476	
0.155284	0.87599	0.53451	0.19913	-0.401542	-0.746531	-0.545375	0.329736	-0.864784	0.817383	-0.337448	0.260874	-0.143875	0.346888	-0.64701	0.46302	-0.217792	0.670368	-0.460049	0.521449	-0.285029	0.712312	0.201535	0.115272	0.637657	-0.363293	-0.14408	-0.935474	-0.24825	-0.936149	0.31511	-0.341375	0.860258	-0.31777	0.304213	0.248751	-0.077032	0.783322	-0.829515	-0.204819	-0.636903	-0.089976	0.085212	-0.993242	0.034329	-0.172166	0.370476	-0.104797	-0.731786	-0.619231	
0.319828	0.656202	-0.253074	0.186511	-0.386119	0.945009	0.888613	0.789131	0.291199	0.941231	-0.760449	0.429023	0.756035	0.257299	0.830785	0.865231	0.548476	0.98963	0.279821	0.917819	-0.866655	0.215185	-0.268371	-0.608392	-0.349908	-0.570237	-0.815399	-0.529566	0.453587	0.375178	-0.029403	-0.329928	0.428362	-0.702825	0.80442	-0.207434	0.623106	0.711439	-0.005236	0.766331	0.737161	0.37225	-0.507906	-0.045355	-0.002003	-0.646698	0.445993	0.586526	-0.828135	0.326519	
-0.637224	0.556036	-0.147779	0.944657	0.456885	-0.043062	0.212433	-0.05626	-0.409122	0.117797	-0.343803	-0.870148	0.515949	0.196623	0.484109	-0.993967	-0.830573	0.108223	0.75648	0.345373	-0.499783	0.935695	0.464758	0.523151	-0.765858	0.301558	0.101307	-0.471495	0.088406	-0.995823	0.837881	0.824513	-0.884395	-0.116185	-0.890768	0.767985	-0.225679	0.506799	-0.338762	0.148257	0.267235	0.787563	0.686522	0.813494	0.529608	-0.22479	-0.541503	-0.357874	-0.334572	-0.477963	
0.26451	-0.545129	-0.871729	-0.170281	0.291863	-0.107586	0.93494	0.131601	-0.667003	-0.523932	-0.909476	0.771474	-0.900821	0.659522	-0.989168	-0.062567	0.946216	-0.287988	-0.190832	0.25035	0.266277	0.394653	0.865871	-0.389258	-0.411396	-0.065906	-0.139426	0.624894	-0.082273	-0.085757	-0.207871	-0.626548	0.473431	-0.065773	0.359631	0.695649	-0.96644	-0.156351	0.718201	0.799099	0.59408	-0.892818	0.459884	0.648484	-0.822205	0.677591	-0.083661	0.258978	-0.391458	-0.682267	
-0.753157	-0.255354	0.008862	0.877533	0.005672	0.563945	0.69589	0.867551	0.715907	0.44715	-0.48787	0.368493	0.101911	0.352726	0.043785	0.292756	-0.683155	-0.779363	0.260799	0.418315	0.216121	0.851529	-0.607277	-0.356468	-0.305581	-0.46051	0.884973	-0.717665	-0.937574	-0.895088	0.851642	0.581112	-0.814392	0.266283	-0.662345	-0.297136	0.722569	0.845274	-0.422496	0.304107	0.946728	-0.699879	-0.033238	0.453108	-0.482249	0.88532	0.784049	-0.955057	-0.979915	0.630823	
-0.55304	-0.834567	-0.254089	-0.935948	0.562876	-0.882504	-0.986816	-0.751742	-0.58457	0.085914	-0.434499	0.163359	0.755747	0.809145	0.686305	0.685212	-0.105854	-0.282594	-0.491441	-0.928075	-0.482809	-0.322453	-0.868963	0.913047	-0.298349	0.972123	0.808612	-0.662889	0.66032	0.933553	0.94694	0.309168	0.93992	-0.863038	-0.483316	-0.183356	0.119127	-0.90935	-0.771145	0.407403	0.186979	0.98918	0.513859	0.981899	0.281106	-0.969017	-0.871481	-0.335998	0.092346	-0.005523	
0.624556	-0.014249	-0.489746	-0.209078	0.998821	-0.587101	0.742798	0.707925	-0.205853	0.418898	-0.887172	0.463782	0.926028	0.163422	-0.311812	-0.030395	0.428395	-0.58239	0.908691	0.818676	-0.701804	-0.828312	-0.432258	-0.749397	-0.404995	-0.771521	0.960771	-0.897154	0.376243	0.609584	-0.685864	0.618054	0.91353	0.889007	-0.007802	-0.126159	-0.502469	0.801338	-0.894769	-0.647913	-0.388012	0.993883	-0.409349	0.875214	0.923337	-0.305912	-0.27112	-0.704768	-0.303101	-0.40266	
0.109126	0.562746	-0.668084	-0.223922	-0.954088	-0.970212	-0.677375	0.995692	0.49806	0.493574	0.118584	-0.830996	0.48756	-0.587138	0.202462	0.31058	-0.576242	-0.526742	0.681393	-0.249005	-0.08253	0.736658	0.312724	-0.147976	0.460583	-0.807735	-0.843266	-0.931855	-0.056531	-0.389512	0.537358	-0.757641	-0.743318	-0.225811	-0.37029	-0.452066	0.686793	-0.130516	-0.32685	0.676908	0.511535	0.968243	-0.624631	-0.510274	-0.139964	-0.477304	0.965693	0.751978	0.292044	0.759218	
0.405835	0.043548	-0.891477	-0.871243	-0.183801	0.225885	-0.117247	0.402727	-0.507451	-0.889495	0.077454	-0.337649	0.083574	0.798212	0.596186	-0.498961	-0.180494	0.75902	-0.924931	-0.69778	0.0057	0.97328	0.75398	-0.645058	0.430208	0.575928	-0.241456	-0.96289	-0.138398	-0.26816	-0.495412	-0.517817	0.146574	0.540291	0.709243	0.610166	0.343108	-0.463374	0.986379	-0.928134	-0.724459	-0.625865	-0.296136	0.8292	0.043125	-0.923466	0.249625	0.399645	-0.265721	-0.0629	
0.815784	-0.006469	0.180928	0.571935	-0.004885	-0.963136	0.090013	0.986885	0.852304	-0.464033	-0.83931	0.557709	-0.567216	-0.293844	0.402554	0.646886	0.823295	-0.843989	0.004333	0.80882	-0.894864	-0.175794	-0.56131	0.461391	-0.952826	0.024864	-0.222655	0.647294	-0.546169	-0.283367	0.700873	0.516638	0.318046	-0.054338	0.715453	-0.68672	0.609416	0.045726	0.347986	0.007719	0.388837	-0.808801	0.149369	-0.018202	-0.001189	0.567773	0.142606	-0.212827	0.114583	0.727482	
0.1225	-0.622714	-0.380431	-0.364609	0.31917	-0.099772	0.793485	-0.547024	-0.515023	0.14667	0.631126	0.2649	0.576394	-0.304372	-0.47667	0.757979	0.697663	0.743845	0.047707	0.070566	-0.351015	0.827286	-0.61304	-0.918462	-0.771144	0.402623	0.640099	0.467715	0.638302	0.440123	-0.176918	-0.940864	0.948417	-0.625791	0.30522	-0.855947	-0.011728	0.869813	-0.702998	-0.117182	0.552961	0.652672	-0.290317	0.551463	-0.087582	0.537327	-0.524212	-0.363148	0.342776	-0.670479	
0.307476	-0.989331	-0.53085	-0.430358	-0.271892	0.693553	0.141901	-0.673041	-0.77672	0.137048	0.730725	0.289819	-0.188189	0.637483	0.621343	0.480714	0.248507	-0.396331	0.350243	0.173244	0.741286	0.450636	-0.088185	0.290263	0.905517	-0.496861	-0.65401	-0.181049	-0.137029	0.221457	-0.730315	-0.053825	0.103139	0.991109	-0.840469	-0.657893	-0.588398	-0.679023	-0.22541	0.838876	0.658009	0.697006	0.421164	-0.46202	-0.037415	-0.902853	0.134618	0.900751	0.645739	0.632662	
0.902549	0.392452	-0.320943	-0.944289	-0.423711	-0.872846	0.454066	-0.212198	0.042368	0.789429	-0.299468	-0.531986	0.761175	0.034933	-0.394455	0.775157	0.34038	-0.760186	0.603021	0.277155	-0.835808	0.082908	0.199908	0.354983	-0.045603	-0.027782	0.849511	-0.676335	-0.065409	-0.891774	0.041088	0.900763	0.107072	-0.561047	0.175492	-0.945896	-0.493876	-0.8998	-0.636232	0.073526	-0.838781	0.449524	-0.03074	0.217815	0.10438	0.05697	0.2855	0.793608	0.061656	0.726631	
0.633504	-0.232918	0.623887	0.351302	0.512811	0.586461	0.856804	-0.816343	0.162477	-0.080363	0.993394	0.720937	-0.92354	-0.857926	0.042004	-0.057553	-0.639041	0.260969	-0.065287	-0.54836	0.660314	-0.902019	0.739748	-0.460402	-0.426125	0.404417	-0.966246	-0.742649	0.768919	-0.688589	0.848051	0.24612	-0.847431	-0.717994	-0.674789	0.650053	-0.195006	-0.391977	0.003745	0.091744	-0.739256	0.065485	0.837278	0.414655	0.750528	0.328893	0.901092	0.68295	0.925659	-0.778878	
-0.773782	-0.199598	-0.595888	-0.464274	-0.881598	0.041982	0.393538	0.49333	-0.958368	-0.719483	0.850045	0.532737	0.27985	0.531207	-0.919051	-0.775855	-0.047005	0.085998	0.192415	0.773723	0.186416	-0.473446	0.093471	-0.160825	-0.920933	0.71834	-0.390428	-0.855463	-0.016125	0.13562	-0.326855	-0.599294	0.552343	0.743391	-0.792269	0.647467	0.218572	-0.717907	-0.223246	-0.076513	0.056227	-0.431923	0.674635	0.095856	-0.669493	0.224215	0.520398	-0.113664	0.337437	0.71562	
0.780928	-0.316825	-0.469392	-0.258611	-0.575255	0.635337	-0.713115	-0.900526	-0.066143	0.432741	-0.325563	0.168516	0.61562	-0.361503	-0.509327	0.734229	-0.726035	-0.470404	-0.261628	-0.956371	0.507469	0.855966	-0.918211	0.176909	-0.968047	-0.408701	-0.544027	0.893746	0.861026	0.596501	0.515318	-0.746421	0.493065	0.068889	-0.316447	0.615141	-0.188111	0.494188	-0.1128	0.734778	0.079302	0.194955	-0.503268	-0.098329	-0.975205	0.607754	0.131331	-0.921446	0.923866	0.183044	
0.640821	0.868262	-0.112764	-0.576158	0.230614	-0.4148	-0.091288	0.752653	-0.247868	0.009019	0.212923	0.434715	-0.473447	-0.493974	-0.219359	0.228935	-0.226035	-0.131802	0.118818	0.075608	-0.542441	0.421896	-0.521879	-0.176538	-0.239852	0.465729	-0.486299	-0.418976	0.014528	0.744807	-0.181186	0.596094	-0.145201	0.603046	-0.780514	0.433908	0.188945	-0.400927	0.423047	-0.852927	-0.283723	0.839508	-0.17212	-0.900784	-0.844038	0.706046	0.983636	-0.314124	-0.355193	-0.977689	
0.890358	-0.766218	-0.175162	0.111417	-0.762514	0.276855	0.620189	-0.839013	-0.910596	-0.252093	0.283488	-0.792968	0.713348	-0.123225	-0.777172	0.741149	0.456734	-0.414246	0.667978	-0.035673	-0.171435	0.318988	0.805164	0.200522	0.520471	0.498765	-0.382694	-0.623313	0.85712	-0.990879	0.388859	-0.747481	-0.823995	0.518505	-0.478099	-0.03409	-0.810588	0.117634	-0.991454	0.617043	-0.526603	0.732105	-0.961289	0.609315	0.969399	-0.514654	-0.976353	-0.547334	0.917297	0.66966	
-0.441183	-0.62938	-0.442852	0.478406	-0.507241	0.573699	-0.436229	-0.981637	0.084705	-0.980451	0.451474	0.008365	-0.897631	0.677179	0.016475	0.785856	-0.548727	-0.071454	0.652322	0.797682	0.80931	0.396313	0.855919	0.381553	-0.338095	-0.799786	0.238173	-0.48369	0.911441	0.76336	-0.109574	-0.43371	-0.875357	0.365333	-0.89794	0.379327	-0.789125	-0.630436	0.371747	-0.890947	-0.208727	-0.484485	-0.248535	0.5591	0.569383	-0.630781	0.612685	-0.888282	0.333693	-0.398947	
0.795736	0.666886	0.320211	-0.708832	0.243004	0.400493	0.628941	-0.59122	0.396467	-0.218635	0.250432	-0.97252	-0.415565	0.445056	-0.047035	0.387087	0.476368	-0.612247	-0.544173	0.445321	0.347584	0.713121	0.148558	0.360499	0.264209	0.347855	0.738528	-0.256428	-0.305252	0.883634	-0.648754	-0.662572	0.797269	-0.795461	0.701981	-0.788016	-0.69258	-0.201624	-0.120025	0.748813	-0.225351	0.063579	0.832255	0.43478	-0.459795	0.571986	-0.708637	-0.971599	0.534542	-0.135814	
-0.198986	-0.4116	0.589016	0.745763	-0.356353	-0.872513	0.635539	0.505423	-0.858638	-0.721241	-0.406985	-0.557165	-0.090607	0.526518	-0.74186	0.041875	0.615766	-0.387166	-0.99504	-0.371551	0.937398	0.638626	0.482328	0.26432	-0.595065	0.576772	-0.359047	0.905852	0.805202	0.85315	-0.511497	0.327887	-0.832281	-0.408763	0.494149	-0.041057	-0.067846	-0.068379	0.810957	-0.641504	-0.986784	-0.100147	-0.90454	-0.820604	-0.668396	-0.831222	0.987151	0.501546	0.761952	-0.208262	
0.21521	-0.503648	-0.193211	0.744083	0.289559	-0.688888	-0.455828	0.018206	0.235503	-0.247057	0.533504	0.864452	-0.31793	-0.704831	0.944119	-0.985343	-0.136792	-0.604641	-0.630085	-0.022465	-0.281778	-0.8101	-0.267261	-0.235259	-0.802604	-0.144594	-0.500653	-0.189234	-0.324379	0.176806	-0.675245	0.277551	0.509133	0.561479	0.223954	0.790775	0.22056	0.193562	-0.387586	0.784456	-0.13138	0.925553	0.398955	0.453889	-0.602925	0.989669	-0.805696	0.155266	0.838585	0.57929	
0.940637	-0.200983	-0.192097	0.167732	0.107541	0.786107	-0.830111	-0.547864	-0.354135	0.66145	0.137278	-0.244473	0.047621	0.170764	0.210302	0.795861	-0.08698	0.691711	-0.028354	0.722114	-0.449494	-0.946781	-0.61813	-0.404529	-0.232557	-0.392964	-0.660887	0.010501	0.616285	0.789268	0.569586	-0.723845	0.851628	0.078503	-0.879046	-0.517927	-0.47353	0.321347	-0.62291	0.263164	-0.89667	0.0553	0.100723	0.752726	0.460711	-0.767592	0.507747	0.733586	-0.511929	-0.868358	
-0.523559	0.429661	0.081654	0.056499	0.844228	-0.880543	-0.198208	-0.06187	-0.717371	-0.065501	-0.388854	-0.575523	-0.028291	-0.225178	-0.614473	-0.731965	0.770563	-0.521356	0.9049	-0.050928	-0.088357	-0.309642	-0.164292	0.12068	-0.881768	0.230565	-0.591977	-0.741335	0.448526	-0.753267	-0.580377	-0.863963	0.14064	-0.097236	-0.873647	-0.006108	0.516861	-0.004387	-0.5068	0.777846	-0.671243	0.732878	-0.098318	-0.664403	0.74637	-0.181227	-0.671135	-0.521086	-0.476598	0.059422	
-0.753983	-0.569984	0.897239	-0.817027	-0.558102	0.382396	-0.876438	-0.554875	0.387641	0.638433	0.942118	-0.628806	-0.411138	0.791856	-0.711101	0.06849	0.474396	-0.080116	-0.937328	0.164904	0.722922	0.68466	-0.376361	0.628898	-0.015188	0.638841	0.716649	-0.906669	-0.159291	0.163162	0.471108	0.233891	-0.789467	0.522356	0.430057	0.818239	-0.89173	0.666944	0.471661	0.928464	-0.213505	-0.34236	0.621835	-0.044104	0.865879	-0.402469	0.978276	0.21454	0.829981	0.28416	
-0.957727	0.661412	-0.21639	0.608962	-0.867179	-0.700474	0.393485	-0.628795	0.196277	0.364459	-0.805522	-0.691307	-0.380085	-0.333995	-0.68093	-0.50654	0.71724	0.852781	-2.3e-05	0.266288	0.846222	-0.835903	-0.65328	-0.152642	0.140993	-0.423977	0.268891	-0.558524	0.270128	-0.599	-0.411309	-0.786913	0.377139	-0.894368	0.120438	-0.454108	0.408428	0.757267	0.890832	0.437816	0.512577	-0.005809	0.700284	-0.217359	0.791778	0.432775	0.733929	0.250524	-0.284354	0.858475	
-0.98665	0.01398	0.573502	-0.289269	-0.372657	-0.35956	-0.614402	0.192869	0.710796	-0.459259	-0.251831	-0.292707	0.000694	0.183579	-0.381457	0.44305	0.043901	-0.675835	0.575944	-0.820885	0.391112	-0.800087	0.960216	0.533468	0.088626	-0.450237	0.089982	0.699223	0.655402	0.834164	0.556045	-0.152127	-0.578784	-0.567287	-0.618829	0.826587	-0.538393	-0.302657	-0.401086	0.509906	0.78777	0.554218	-0.845674	-0.413648	0.37249	0.219665	0.617871	-0.818691	0.670252	0.020011	
-0.913241	-0.974606	0.962827	0.45911	0.384846	-0.734861	-0.08952	-0.060295	0.119148	-0.286117	-0.715731	-0.172537	0.10107	0.371937	-0.441781	-0.988154	-0.277797	-0.429338	0.762622	0.78111	0.863055	-0.827424	-0.074858	0.21045	0.990348	0.900476	0.462227	0.283178	-0.792762	0.908147	0.812062	0.824183	-0.262039	-0.218709	-0.752401	0.999969	-0.812762	0.778073	-0.608482	0.204037	-0.003248	0.093228	-0.977272	-0.235288	0.610072	0.931369	0.24784	0.739313	0.166372	-0.970109	
-0.151173	0.576815	0.27317	-0.68642	-0.194071	-0.576916	-0.131845	-0.857824	0.005943	-0.72104	0.947717	-0.874424	-0.881192	-0.574947	0.002218	0.090721	0.313142	-0.338723	0.852763	-0.128998	-0.655295	-0.072053	-0.493272	0.039301	-0.650494	-0.880966	-0.955885	0.520866	-0.647714	-0.064983	0.461331	-0.235665	-0.906002	0.142777	0.496554	-0.955176	0.333495	0.149906	0.583345	-0.004531	0.638063	-0.479816	-0.171689	-0.283154	0.006226	0.144891	-0.713718	-0.9892	-0.320694	0.5053	
0.132372	0.572646	0.754112	-0.63454	-0.263695	-0.567702	-0.46969	-0.199433	0.025954	0.081649	-0.262295	0.54076	0.923259	-0.917987	-0.273663	0.709261	0.900005	-0.824772	0.98399	0.62982	-0.962862	-0.135811	0.961558	0.85172	-0.76392	-0.505778	0.017141	0.513792	0.132721	-0.92691	-0.373922	-0.019794	0.965078	0.487082	0.258477	0.588589	-0.225267	-0.473645	0.495958	-0.717882	0.018432	-0.732923	0.740753	0.674837	-0.753191	-0.223095	-0.122325	-0.916378	0.621435	0.294755	
-0.481562	0.588175	-0.158538	-0.659807	0.420046	-0.438744	0.71992	-0.257994	-0.316023	-0.918433	-0.561458	-0.585073	-0.946647	-0.779999	-0.323799	0.436754	-0.675294	0.080601	0.555119	-0.271248	0.214061	0.089809	-0.841689	0.529511	-0.879339	0.10329	0.165156	-0.713476	0.944103	0.452316	-0.238255	-0.160518	-0.315655	0.644562	-0.268532	0.622815	0.752538	-0.94572	0.777385	0.884987	0.933059	0.462945	0.722697	0.394662	0.400355	0.855888	0.811339	0.294064	-0.218604	0.143533	
-0.759102	-0.769304	0.670395	-0.930878	-0.755858	0.945823	0.819904	0.481125	0.878343	0.724203	-0.079442	0.30463	-0.722094	0.789964	-0.937551	0.182733	-0.217376	0.425492	0.849352	-0.922923	-0.610375	0.319	-0.499778	-0.651188	0.388545	-0.48386	-0.606542	-0.447118	-0.434261	0.238135	-0.868947	0.64815	0.03557	0.734573	-0.006654	0.2671	0.906512	-0.636618	0.400495	0.508893	-0.261643	-0.064969	0.965899	-0.088211	0.54842	0.832357	0.641635	-0.706311	-0.492941	-0.254345	
-0.249016	-0.77137	0.428639	0.113811	0.573093	-0.455835	0.342038	0.270501	0.599465	0.369402	-0.245488	0.409093	0.650486	0.267002	-0.364652	-0.809911	0.401975	0.416417	0.190508	-0.373283	-0.616991	-0.860274	0.118117	0.025371	0.89321	-0.550005	0.663575	0.766203	-0.845238	0.684325	-0.197623	0.079874	-0.450604	-0.883137	0.587841	-0.96315	0.478025	0.234176	-0.063691	0.777783	0.860889	-0.179072	-0.518843	-0.804227	-0.044017	-0.604337	-0.891311	-0.426303	-0.671004	0.492262	
0.983656	-0.960061	-0.698373	0.350797	0.353675	-0.238133	-0.369094	0.092358	0.914098	0.080935	0.314644	-0.175843	-0.152762	0.692448	-0.517754	-0.694544	0.903952	0.328274	0.873382	-0.361107	-0.360542	-0.390327	0.717175	0.717669	0.270158	-0.78339	-0.534339	-0.250482	0.851359	0.882858	0.164823	0.59069	0.688224	-0.263028	-0.356006	0.052466	-0.716246	0.675954	-0.598809	0.050465	0.348772	-0.064725	-0.217595	-0.140224	-0.512174	0.88096	0.431706	-0.630021	-0.873083	-0.245466	
-0.887982	0.093644	-0.282994	0.523537	0.354524	-0.164034	-0.857393	0.410417	0.274912	0.571508	0.875469	0.424329	-0.133374	-0.890281	0.877978	0.502784	-0.432084	0.801818	-0.410155	0.76998	0.322965	0.045768	0.900889	-0.575178	0.862443	-0.598228	0.343891	0.194722	-0.641038	0.661242	-0.467709	-0.066342	0.159015	0.345132	0.047682	-0.988051	0.428911	-0.453424	-0.978173	-0.435984	-0.485632	-0.653238	-0.514862	0.355786	0.749916	-0.341177	-0.094173	0.958723	0.785279	0.990515	
0.435791	0.314191	0.428352	0.810801	-0.529225	-0.894056	0.949682	0.803724	-0.419775	-0.835096	0.518216	-0.662412	-0.407188	-0.725802	0.668903	-0.141909	-0.719748	0.205383	-0.955436	-0.660834	-0.434016	-0.977105	0.245424	-0.367887	-0.706451	0.460621	-0.595087	-0.011454	-0.201508	0.357703	0.106633	0.557623	0.005694	0.012153	-0.954459	0.325552	0.843757	-0.994959	0.564161	-0.221641	-0.181764	-0.694284	-0.735454	0.095987	-0.19775	-0.940484	0.375016	0.2831	0.874701	0.063955	
0.644718	0.224353	-0.415894	-0.293072	-0.496676	-0.627712	-0.202502	-0.122009	-0.799064	0.568224	0.33785	0.76276	0.30475	-0.735403	0.6885	0.297713	0.022133	-0.324321	0.028102	-0.088526	0.015812	-0.52791	0.078274	-0.597177	0.489978	0.612467	-0.553788	-0.936153	0.566203	0.664828	-0.231671	0.292552	-0.489993	0.327102	0.822022	0.991873	-0.608184	-0.591677	0.360434	-0.495163	-0.869182	0.348063	0.126382	-0.558221	0.104448	-0.705478	-0.995487	-0.628872	0.607256	-0.793325	
0.385584	0.348304	0.859087	0.903588	-0.730819	-0.223291	-0.726778	-0.262969	-0.288622	0.203415	0.760762	0.610782	0.159222	-0.505876	-0.861169	-0.632631	-0.888316	-0.780235	-0.979985	-0.684247	-0.93456	0.16973	-0.15894	0.316578	-0.628428	-0.323681	0.392242	0.161697	-0.710866	0.321098	-0.046915	0.419437	-0.8284	0.960709	0.41654	-0.194271	0.804807	-0.986102	0.754742	-0.474215	-0.803216	-0.199565	-0.270735	-0.064011	0.122357	-0.660489	-0.802544	0.782809	-0.217046	0.220618	
0.114307	-0.900831	-0.735395	-0.869727	0.163233	-0.781801	-0.444042	0.717091	-0.206811	-0.354519	0.129432	0.167744	0.349339	-0.673642	-0.760262	0.154951	0.105082	-0.920012	-0.330649	0.611831	0.835886	-0.726559	0.77303	-0.965651	0.617684	-0.327563	0.525006	-0.296343	-0.077116	-0.04705	-0.04302	-0.648288	-0.357458	-0.457818	-0.56326	0.285062	0.453548	0.165469	-0.541294	-0.46133	0.406386	0.576666	-0.962056	-0.691547	0.380892	-0.893948	0.02582	-0.56893	0.821369	0.927611	
0.989965	-0.556399	-0.255535	0.860583	0.448767	0.448481	0.833369	-0.477805	-0.591027	0.338714	0.419868	-0.733411	0.314272	-0.117222	-0.149244	0.479413	0.98618	0.578904	0.54177	0.823191	0.925725	0.071064	0.426609	-0.239584	0.010855	-0.962309	-0.096335	0.945615	-0.258574	-0.060685	0.007507	0.775159	-0.981752	0.52659	0.240332	-0.786791	-0.62536	0.267376	-0.345367	-0.256628	0.317575	0.392011	-0.24235	0.273819	-0.584264	0.124983	0.431563	0.748114	0.59307	-0.275559	
0.262611	0.68146	0.167833	0.547233	-0.440175	0.509343	0.346448	0.825615	0.799524	-0.992364	-0.919664	-0.203986	-0.707301	0.258867	-0.76506	-0.019838	0.543713	-0.649437	0.292957	-0.304413	-0.965949	0.934375	-0.171687	-0.900125	-0.441516	0.330374	0.371825	-0.259333	-0.542869	0.126021	-0.948893	-0.564147	0.49787	-0.951741	0.417019	0.025747	-0.61758	-0.675159	-0.722312	0.636698	-0.070778	-0.584903	0.383008	0.056147	0.132176	-0.981606	0.861302	0.429278	-0.114536	-0.90693	
0.287231	-0.69051	0.636114	-0.314588	0.532323	0.012787	0.697446	0.501463	-0.146481	0.910978	-0.048093	-0.282237	-0.108758	-0.054043	0.550218	-0.038534	0.242666	0.590182	-0.536793	0.46681	0.486806	-0.618766	-0.33218	-0.933563	-0.039949	-0.974662	0.940771	0.778161	0.880685	-0.589663	0.805495	-0.865669	0.886003	0.778283	0.470317	-0.52293	-0.952424	0.869854	0.931199	-0.589994	-0.119978	-0.297434	-0.98357	0.223927	0.149899	-0.536635	0.639671	0.885294	0.324975	-0.420824	
-0.627847	-0.192448	-0.522139	-0.061147	0.543418	-0.613506	-0.601718	0.409726	0.159825	-0.381923	-0.109275	-0.337467	0.762344	-0.308801	-0.259438	-0.191617	0.960467	0.620654	-0.510764	0.563746	-0.247752	-0.068839	-0.42953	0.765155	-0.036118	0.118679	-0.960164	-0.390061	-0.911575	0.242596	0.648659	-0.310025	-0.656079	0.108434	0.257841	0.933604	-0.597741	-0.572329	0.392756	0.173783	-0.844738	-0.027292	0.126649	0.338466	0.831851	-0.270883	0.576047	-0.70175	0.580721	-0.761691	
0.062104	-0.605905	-0.036441	0.443249	0.932375	0.968712	-0.05969	0.45382	0.096055	-0.442906	-0.206777	0.32177	0.676216	0.73887	-0.649358	-0.191303	0.920991	-0.936242	0.950487	0.470416	0.83778	-0.179511	0.227468	0.068151	-0.191312	0.626903	0.193507	-0.418013	0.979984	0.97147	-0.505106	0.151874	0.968236	-0.580688	-0.283356	-0.073199	-0.890529	-0.599624	-0.146325	0.10769	0.328685	-0.260928	-0.500207	-0.668684	-0.07814	-0.881758	0.634465	-0.009957	0.12369	0.144591	
0.647385	-0.171995	0.222769	-0.12271	0.427629	0.428566	-0.128068	0.133933	-0.224547	0.667057	-0.728594	0.619024	-0.861368	-0.941904	-0.0215	0.775385	-0.140885	-0.766141	0.25178	-0.319621	0.615645	0.158132	0.373833	0.935004	0.805626	-0.375359	0.884249	0.547589	0.321726	-0.747632	-0.911113	0.908245	-0.166138	-0.109559	0.948232	-0.72802	-0.251344	0.0449	0.383943	-0.440338	0.129764	-0.889972	-0.339511	-0.20471	-0.568316	0.570542	-0.491465	-0.842501	0.478076	0.305588	
0.108923	-0.125858	0.32249	-0.119392	-0.386445	0.923416	-0.081928	0.452921	0.02587	-0.126924	-0.178952	-0.591887	-0.792556	-0.364097	0.881816	0.618465	-0.974899	-0.178993	-0.81656	-0.274416	-0.144567	-0.403253	0.716685	-0.812352	0.024396	-0.193304	-0.747963	-0.827619	-0.685746	-0.076082	0.77397	0.599019	0.971309	-0.207539	-0.494341	-0.717442	0.6705	0.132476	0.746097	0.213743	0.615716	0.618353	-0.381842	0.798417	-0.919891	0.611335	0.530778	-0.42885	0.509913	0.938363	
0.63369	0.549157	0.904401	0.972742	0.605918	0.410124	-0.991062	-0.821607	0.664833	-0.837123	0.339963	-0.018145	0.043075	0.694126	-0.67335	-0.722539	-0.838521	0.250732	-0.645793	-0.267974	0.156387	-0.269913	0.422226	-0.440286	-0.081169	0.144757	0.015162	0.612282	0.039204	-0.373414	0.813302	0.842803	-0.412034	-0.560046	0.352171	0.584543	0.57277	-0.291713	-0.684657	0.005467	0.88545	0.07859	0.909257	-0.284918	-0.384854	0.544738	-0.098485	0.407155	-0.232086	0.417301	
-0.668776	-0.887703	0.847306	-0.3702	-0.156032	-0.97723	0.111891	-0.21144	0.259998	0.63006	-0.448544	0.822226	0.219695	0.183453	-0.778495	-0.188542	-0.393793	0.336142	-0.835443	0.725398	-0.704464	0.341836	0.100587	0.769117	-0.877714	0.157883	0.467371	-0.882197	0.739414	0.057581	-0.148059	-0.628715	0.551826	0.91923	0.293727	0.272433	-0.311165	-0.697969	0.355365	-0.228574	0.672174	0.558517	-0.259711	0.955744	0.12237	0.43239	-0.484941	-0.876628	-0.919374	-0.774411	
-0.434403	0.762483	0.576799	0.798394	-0.622596	-0.043054	-0.41515	-0.918	0.530303	0.602203	0.52567	0.880361	-0.495324	-0.633252	-0.770524	-0.361975	0.775208	-0.18027	-0.666413	0.237767	-0.268845	0.860297	0.463151	0.220726	0.02371	0.954838	-0.857385	-0.270049	-0.127769	0.646581	-0.855809	0.271999	0.634559	-0.701583	-0.537704	-0.201558	0.097082	0.123152	-0.978649	0.087992	-0.511748	-0.368054	0.302202	0.38618	0.509854	-0.687422	-0.802206	0.198846	0.346914	-0.119248	
-0.174095	-0.585351	0.798144	0.40215	0.120941	0.860395	-0.754431	0.751313	0.926554	0.526125	-0.920211	0.894151	0.08604	-0.212561	0.535569	-0.590701	0.100768	-0.31494	-0.559195	-0.786284	-0.676658	-0.675276	-0.397159	0.522612	-0.948662	-0.952223	-0.415268	0.819599	0.841669	-0.921247	-0.113433	-0.602685	0.391218	0.372162	-0.309054	-0.478132	0.869042	-0.769827	-0.651566	0.679437	-0.616995	-0.708465	0.684859	0.8931	-0.376048	0.150625	-0.518498	0.646409	0.432502	-0.520332	
-0.761276	0.11099	0.288965	0.042644	-0.279531	0.822064	-0.522438	0.414207	-0.359235	-0.210304	-0.651823	-0.914155	-0.99772	0.952337	-0.716699	-0.57537	0.601965	-0.040018	0.928044	0.289413	0.405327	0.552996	0.5773	-0.299794	-0.212437	-0.244283	-0.035611	-0.034775	0.336622	-0.809924	0.207076	0.731001	-0.328183	-0.896631	-0.476938	-0.357383	-0.386781	0.852586	0.543701	-0.772751	-0.704831	0.870441	-0.729384	0.495315	-0.918212	-0.726072	-0.419001	0.259924	-0.086587	-0.750087	
0.195963	0.636755	0.111738	0.914498	-0.0175	0.974465	-0.188769	0.825638	-0.107232	-0.441184	-0.553919	-0.789674	0.574852	0.77504	0.819512	-0.087474	-0.80515	0.973602	-0.730703	-0.465417	-0.248763	0.594133	0.252224	0.516281	0.452083	-0.257899	-0.228974	-0.671912	-0.680235	0.848105	0.745198	-0.557893	0.137288	-0.995352	-0.428317	0.844117	0.490551	-0.774508	0.085424	-0.908894	0.29857	-0.594521	0.836761	-0.886402	-0.028314	-0.373905	-0.762347	0.750708	0.58619	0.580631	
0.890132	0.062788	-0.990189	-0.818294	0.134324	-0.952556	0.530895	-0.482501	0.283881	-0.763488	0.534708	-0.413055	0.509595	-0.46068	-0.850039	0.401884	0.726307	0.399413	0.351055	0.052131	-0.308826	0.868529	0.07043	0.382446	-0.635341	-0.620619	-0.264307	-0.167757	0.98167	-0.567804	0.512793	-0.857837	0.811792	-0.465573	0.487683	0.997237	-0.853822	-0.656517	-0.398006	-0.093005	-0.895131	-0.343998	0.572879	-0.196434	0.574742	0.520211	-0.138187	-0.477158	-0.289689	-0.891608	
0.420843	0.135322	0.071927	-0.982918	0.732962	-0.908337	-0.754234	0.845461	0.702627	0.57598	0.633146	-0.802244	-0.078237	0.116733	-0.671899	0.621991	0.771184	0.164105	0.219568	0.6039	-0.278241	-0.296725	-0.550417	0.018549	-0.553248	0.654866	0.74513	-0.314209	-0.104852	-0.920332	-0.834384	-0.461141	0.71663	-0.315292	-0.09465	0.27087	-0.792351	0.674225	-0.903384	-0.414807	-0.05303	-0.562318	-0.185184	0.962566	0.232167	-0.80258	-0.654606	0.103435	0.69699	-0.918359	
0.196648	-0.057885	0.085543	-0.154144	0.221982	-0.521352	0.021076	0.48322	-0.770712	-0.159922	-0.540307	-0.491513	-0.365346	0.903983	-0.40282	0.353237	0.973851	0.609994	-0.459841	-0.77469	0.628999	-0.726622	0.253944	0.197917	0.965597	0.120668	-0.845311	-0.620242	0.974071	0.592703	0.980458	0.7833	0.711897	-0.707541	0.301149	-0.197553	-0.812931	-0.09266	-0.595728	-0.183494	-0.840973	-0.779825	0.47314	0.750437	-0.353211	0.913138	0.638497	0.170473	-0.89082	0.282789	
-0.759328	-0.541156	-0.572401	0.369711	0.005731	0.830363	-0.094423	0.441331	-0.537083	-0.111174	-0.790571	-0.583828	-0.279758	-0.35156	-0.464599	-0.45251	0.81122	0.759389	-0.615408	-0.570126	0.10501	0.593482	-0.638447	-0.675006	-0.896996	-0.378689	-0.942835	-0.403145	-0.800449	0.777678	-0.633602	0.572548	0.712683	-0.837421	0.225135	-0.277527	0.963772	-0.31945	0.316371	0.918468	-0.305439	-0.931097	0.397192	0.488408	-0.834328	0.076631	-0.622667	0.229573	0.518503	0.088766	
0.213343	-0.530159	-0.596712	0.893644	-0.961885	0.392942	0.665443	0.294683	0.701578	0.691449	0.462879	0.407403	-0.862631	0.210852	-0.349363	-0.523922	0.204058	0.738256	-0.457013	0.11511	0.289328	-0.993531	0.087469	-0.630742	0.432058	0.785932	0.749126	-0.699447	0.398724	0.194725	-0.787315	-0.945077	-0.436379	-0.380168	0.577563	-0.316599	-0.169596	0.521828	0.534446	0.489086	-0.17203	0.72641	0.992257	0.235973	-0.316597	-0.342636	0.966061	0.387602	-0.073454	0.006252	
-0.341073	-0.091425	0.765514	0.523428	0.939958	-0.860997	0.688085	0.367585	-0.159585	0.71437	-0.225462	-0.101215	-0.613471	0.823246	-0.335619	-0.127822	0.146904	-0.820135	-0.5833	0.398748	0.095003	-0.42238	-0.607399	-0.185487	-0.022246	0.66157	0.562884	0.645372	0.962671	-0.157979	-0.134506	0.144693	0.9593	-0.046414	0.021997	0.377686	0.988166	-0.024999	-0.884782	0.246434	-0.68972	-0.74091	-0.692993	-0.528324	-0.69215	-0.890933	-0.469762	0.412901	0.941238	-0.35246	
0.907965	0.381243	-0.155742	-0.861868	0.908243	0.863058	-0.312263	-0.533753	0.810898	0.721548	-0.816035	0.737853	-0.829	0.629224	-0.359897	0.820946	-0.763978	-0.746787	-0.334255	-0.047615	-0.245111	0.371662	-0.03424	-0.926776	-0.995808	0.435362	-0.539678	-0.195602	0.153936	-0.427809	0.17564	0.730809	0.831314	-0.179007	-0.915726	0.972554	-0.223871	0.982571	-0.494137	0.746542	0.223535	0.222973	-0.249567	-0.734807	-0.392067	-0.214338	0.020705	0.615276	-0.599988	0.229211	
0.178178	-0.571056	0.234168	-0.920887	0.419033	-0.309449	-0.006797	0.379512	-0.089574	0.393684	0.398793	-0.924625	-0.342964	-0.385191	0.20898	0.399479	0.298577	-0.068491	0.952337	0.456036	-0.055348	-0.954247	-0.746174	-0.880919	0.796856	-0.111589	0.211135	0.473235	-0.245035	0.849762	-0.411906	0.136792	-0.758445	0.948168	-0.937475	-0.110774	-0.528647	0.91561	0.749049	-0.888079	-0.106518	-0.391952	-0.808417	-0.743021	0.90846	-0.769086	0.15214	0.538177	0.69919	0.75003	
-0.936954	0.14909	0.498134	0.314057	-0.103168	0.989329	0.295577	-0.486146	-0.84353	-0.126369	-0.19969	-0.590097	0.903178	-0.550118	-0.324409	0.322043	-0.492902	0.46214	0.187907	-0.399283	-0.631615	0.472143	0.296679	-0.692255	0.694272	-0.360441	0.299624	0.680914	0.966768	0.270374	0.029496	-0.852155	-0.243938	-0.735134	0.053812	-0.437212	-0.162386	0.736926	-0.843566	0.615102	0.017181	-0.529923	-0.001402	-0.677049	0.481491	0.059124	0.798318	0.789369	-0.979982	0.326069	
-0.641418	-0.973126	-0.681248	0.654812	0.093323	0.889136	0.15637	0.000873	0.415026	0.932222	-0.025737	0.939712	-0.336198	-0.622027	-0.835469	-0.869625	-0.280913	-0.1208	-0.552411	-0.322457	-0.891065	0.908285	-0.675386	-0.20964	-0.830662	-0.581791	0.368276	-0.139554	-0.613533	-0.135701	0.796333	0.107455	0.169112	-0.028748	0.085615	-0.519036	0.403032	-0.00615	-0.718021	0.954325	-0.870241	-0.714273	0.259731	0.061183	-0.821596	0.48654	0.521724	0.56953	-0.534796	-0.592714	
0.401418	-0.924814	-0.478202	0.089717	-0.266961	-0.595943	0.230246	0.880427	-0.206825	-0.612249	-0.412765	-0.617136	0.19769	0.213162	0.56539	0.912127	0.2285	-0.416964	0.897861	-0.880804	-0.729093	-0.03574	0.436072	0.567576	0.369477	-0.387499	-0.924107	-0.170638	0.091218	-0.561407	-0.26446	-0.01869	-0.018128	-0.66905	0.645446	-0.933052	-0.175498	0.403292	0.882467	0.001968	-0.349899	0.40613	-0.537818	-0.470135	0.149791	0.462957	-0.277127	0.916775	0.286066	0.857848	
-0.629647	0.023124	0.323577	0.428235	0.74839	-0.14053	-0.947799	-0.723792	-0.263424	-0.948548	0.748514	0.994171	-0.149834	0.081803	-0.922242	0.931584	-0.788284	0.741015	0.174138	0.431794	0.01187	-0.000783	0.800482	-0.878127	-0.908175	-0.044569	-0.644479	-0.022323	-0.253525	-0.377743	0.872659	-0.400328	0.737503	-0.5482	0.183272	-0.865901	-0.648039	-0.918865	0.996685	-0.321605	-0.429239	-0.520199	0.511993	-0.577865	-0.694488	0.534405	-0.96961	-0.311578	0.730487	-0.965435	
-0.106499	0.803929	0.025533	0.066423	-0.461237	-0.540199	0.381414	-0.763624	0.916783	-0.558653	-0.986876	-0.538619	0.286096	0.273225	0.319079	0.973617	-0.000247	-0.396653	0.279551	-0.216977	-0.037983	-0.865193	0.277846	0.882123	-0.911199	-0.243968	0.63198	0.691984	0.845853	-0.812624	0.127323	0.992472	0.272219	-0.723845	0.93389	-0.394005	0.917154	-0.069759	0.287596	-0.731848	-0.435332	0.089391	-0.160223	-0.482017	0.065254	0.934348	-0.970581	0.915161	0.302158	0.514162	
-0.525946	-0.141462	0.085935	0.520425	-0.79897	-0.889417	0.734673	0.207383	0.991507	0.317097	0.501593	0.409662	-0.19324	-0.94594	-0.871823	0.297865	0.74336	-0.584427	-0.596851	-0.385638	0.266877	-0.183209	0.403289	0.095834	0.656588	-0.782513	0.839655	0.358669	-0.73769	0.966016	0.070234	0.644803	-0.097324	0.009911	0.907108	0.493927	-0.990679	-0.880571	0.933365	-0.581935	-0.684635	0.043427	-0.223775	0.279932	0.88383	0.324832	-0.782177	-0.503585	0.912255	-0.501869	
0.425155	0.217878	0.949941	-0.431589	-0.110763	-0.318534	0.020495	0.900202	0.925101	0.452046	0.381241	-0.876246	0.520675	-0.085702	0.518139	0.32962	0.455064	-0.729773	0.921488	0.028689	0.927269	0.134381	-0.262578	0.869901	0.046365	-0.474739	-0.432419	0.635788	0.713067	-0.960758	-0.868326	-0.756326	0.178794	0.042755	-0.105845	0.84948	0.621553	0.768386	-0.064703	-0.770536	0.220868	0.588497	-0.292364	-0.718312	0.887108	-0.485599	-0.124321	-0.795871	0.119154	0.18728	
-0.341667	-0.051807	0.221022	0.486366	-0.536313	0.123422	0.381276	-0.007883	-0.865505	0.020125	0.896029	0.416281	0.657811	-0.555657	-0.3478	-0.169351	-0.484464	-0.232726	-0.468505	-0.968831	-0.87149	0.168096	-0.964666	-0.275236	0.57112	-0.179815	-0.729243	-0.332312	0.196118	0.621615	0.225113	-0.693973	0.116101	0.927226	-0.689978	0.253436	-0.107774	-0.446314	-0.193679	0.389413	-0.67854	0.836137	0.523549	0.873834	-0.579753	0.069585	0.196613	-0.419386	-0.749077	0.444425	
0.856369	-0.998357	0.689121	-0.310596	0.215985	0.738765	-0.678686	0.252323	-0.531746	-0.759933	0.921294	-0.079689	-0.320694	0.49729	0.583112	0.538878	0.654611	-0.509345	0.724045	0.497443	-0.112146	-0.019377	0.061897	-0.814392	0.623463	0.406736	-0.259543	0.348912	-0.423464	0.308896	-0.325992	-0.160866	0.288511	0.935013	-0.147708	0.210416	-0.62071	0.490843	0.750134	0.394493	0.720101	0.646751	0.834697	0.021324	0.172103	0.842392	0.122882	-0.606161	0.15196	-0.769512	
0.033762	0.034029	0.014869	0.0155	0.003679	0.012416	0.02776	0.016164	0.023255	0.036328	0.014335	0.010507	0.037112	0.036607	0.027899	0.029844	0.023564	0.006077	0.000945	0.007753	0.024515	0.030117	0.025026	0.020556	0.028879	0.022467	0.000706	0.036214	0.024177	0.03309	0.029855	0.028818	0.033191	0.026396	0.005424	0.017488	0.03092	0.000102	0.000284	0.000871	0.007053	0.009051	0.009318	0.018258	0.020545	0.022382	0.021922	0.017609	0.024639	0.017722	
0.021831	0.014446	0.011608	0.00569	0.032342	0.029554	0.032775	0.022903	0.003873	0.016428	0.027163	0.000927	0.02663	0.022637	0.002863	0.022581	0.037044	0.019923	0.036099	0.002077	0.013468	0.030188	0.028552	0.005438	0.025903	0.008153	0.034265	0.004062	0.027985	0.030857	0.021315	0.03808	0.037258	0.009399	0.018713	0.01935	0.014999	0.019214	0.022478	0.018253	0.001211	0.014157	0.026709	0.011724	0.025339	0.006166	0.023179	0.033418	0.026492	0.014281	
0.018134	0.032978	0.004729	0.015884	0.035665	0.00089	0.036601	0.00163	0.012872	0.029296	0.01711	0.001558	0.012019	0.018008	0.01731	0.023479	0.023399	0.034982	0.019515	0.036501	0.021906	0.029241	0.00608	0.016115	0.030642	0.023418	0.003453	0.037937	0.002167	0.015413	0.026764	0.033635	0.027479	0.03529	0.024742	0.01971	0.003322	0.025968	0.030841	0.007442	0.030138	0.011156	0.015048	0.0377	0.02589	0.018167	0.001386	0.008421	0.007218	0.030751	
0.000715	0.016394	0.001664	0.033924	0.040433	0.029359	0.026938	0.012386	0.026625	0.004965	0.040311	0.025357	0.009152	0.015612	0.038663	0.01817	0.009779	0.002386	0.046078	0.03439	0.00205	0.045583	0.033653	0.040145	0.03717	0.025672	0.014638	0.038226	0.007958	0.002154	0.033849	0.003015	0.01343	0.002296	0.039085	0.017687	0.013903	0.00023	0.000216	0.004247	0.02213	0.001308	0.011741	0.00824	0.016364	0.00458	0.01963	0.038428	0.024102	0.044969	
0.014684	0.034696	0.022409	0.006514	0.001568	0.033172	0.001662	0.003066	0.039213	0.002758	0.022268	0.03483	0.028089	0.031365	0.032059	0.022758	0.015298	0.020774	0.029969	0.005353	0.006428	0.018841	0.027301	0.020805	0.004006	0.0398	0.018291	0.033715	0.030907	0.016325	0.009388	0.003822	0.0119	0.037938	0.013991	0.009752	0.012603	0.036543	0.036234	0.003976	0.010914	0.035878	0.011792	0.00576	0.036093	0.01896	0.027497	0.021205	0.024584	0.012246	
0.013902	0.000673	0.038656	0.042358	0.016766	0.015791	0.006082	0.0053	0.007849	0.030518	0.016212	0.016932	0.024419	0.038214	0.007826	0.024239	0.040138	0.039458	0.033933	0.035422	0.02987	0.000224	0.007834	0.040153	0.038018	0.028804	0.003701	0.042704	0.035531	0.020979	0.007799	0.020432	0.010022	0.019439	0.002505	0.011357	0.025666	0.00542	0.001777	0.00337	0.004589	0.020616	0.022785	0.003015	0.032864	0.030014	0.039056	0.001727	0.028281	0.00676	
0.009598	0.001155	0.046257	0.025373	0.009313	0.031043	0.044865	0.02234	0.014237	0.007334	0.007707	0.010636	0.007016	0.00588	0.01169	0.031529	0.032038	0.003347	0.013902	0.014466	0.017785	0.006579	0.041542	0.016674	0.030869	0.009951	0.033986	0.021018	0.001148	0.007948	0.041113	0.025312	0.013074	0.018519	0.015608	0.010079	0.002901	0.0136	0.028465	0.029251	0.02426	0.04306	0.004307	0.001401	0.046304	0.013694	0.045431	0.043043	0.030512	0.01284	
0.001681	0.008317	0.028465	0.017398	0.016438	0.021219	0.029783	0.037358	0.029049	0.029118	0.024815	0.022339	0.009604	0.004822	0.032654	0.007238	0.032797	0.022397	0.000296	0.036488	0.007955	0.005581	0.027887	0.019055	0.016587	0.029433	0.018575	0.006073	0.014007	0.006422	0.013599	0.038481	0.022435	0.010783	0.022685	0.020006	0.025396	0.032042	0.036034	0.036447	0.022227	0.031662	0.021264	0.01556	0.010639	0.000891	0.016226	0.026465	0.011679	0.021628	
0.023917	0.003223	0.01823	0.023912	0.004357	0.025066	0.01678	0.004447	0.018477	0.030975	0.028959	0.038466	0.019683	0.028864	0.036214	0.017084	0.03947	0.019429	0.028516	0.019764	0.026946	0.00168	0.030985	0.010583	0.030225	0.011199	0.018081	0.011426	0.013226	0.015389	0.016107	0.017869	0.015827	0.015174	0.030841	0.020465	0.009134	0.017079	0.000631	0.030252	0.008684	0.034489	0.027813	0.02255	0.025026	0.019944	0.035673	0.011252	0.000405	0.025212	
0.023314	0.014197	0.032839	0.031071	0.002342	0.017559	0.011927	0.025365	0.018047	0.025913	0.028752	0.027225	0.0202	0.034327	0.026395	0.007487	0.008674	0.034047	0.035681	0.026064	0.011517	0.009603	0.018861	0.007204	0.022722	0.034335	0.023616	0.032978	0.019986	0.025751	0.030868	0.001656	0.005949	0.003956	0.000933	0.010485	0.01983	0.015167	0.016374	0.02844	0.018666	0.015318	0.027017	0.020582	0.036247	0.010538	0.029382	0.009458	0.034236	0.006899	
0.033267	0.012909	0.03615	0.010093	0.006184	0.006356	0.02215	0.022012	0.013119	0.002788	0.027341	0.019414	0.038259	0.023112	0.006383	0.023625	0.008371	0.012478	0.033883	0.033731	0.015602	0.011206	0.015201	0.030284	0.016844	0.026251	0.009447	0.026514	0.006793	0.027726	0.012133	0.004844	0.002391	0.001873	0.01704	0.028836	0.026113	0.025318	0.013255	0.027526	0.009557	0.026726	0.015917	0.024543	0.037262	0.030003	0.034256	0.037384	0.033087	0.014443	
0.039517	0.009481	0.004128	0.01784	0.00591	0.007468	0.017598	0.044575	0.025463	0.040005	0.002759	0.017096	0.001592	0.011565	0.037723	0.037926	0.015679	0.03781	0.014873	0.003731	0.002066	0.042035	0.012471	0.026605	0.023575	0.010492	0.018169	0.00224	0.028953	0.010451	0.047056	0.008576	0.01003	0.018823	0.039569	0.034253	0.017955	0.026343	0.00524	0.002177	0.029283	0.008296	0.040618	0.046764	0.005653	0.035612	0.008913	0.008761	0.006849	0.029433	
0.005035	0.011377	0.012783	0.011312	0.001687	0.026866	0.025917	0.014913	0.018233	0.01575	0.019458	0.008787	0.022418	0.020848	0.03605	0.028591	0.015087	0.02725	0.000561	0.025129	0.026837	0.020518	0.00534	0.038993	0.02634	0.024536	0.036615	0.036577	0.011051	0.011844	0.016281	0.012099	0.013019	0.035413	0.000483	0.022226	0.031128	0.018693	0.006138	0.007089	0.030871	0.02686	0.011689	0.020131	0.036475	0.026658	0.014621	0.026705	0.024912	0.031806	
0.016126	0.022609	0.022247	0.008844	0.029821	0.017399	0.014213	0.003551	0.025707	0.003538	0.011045	0.01969	0.025581	0.028405	0.021555	0.032601	0.010456	0.02324	0.032081	0.004438	0.025292	0.014383	0.028525	0.015047	0.013923	0.027002	0.023686	0.030352	0.018236	0.020331	0.014593	0.029542	0.025543	0.034018	0.013507	0.022172	0.032781	0.025709	0.02477	0.000279	0.017972	0.032691	0.028197	0.002402	0.029709	0.005397	0.025022	0.013421	0.006431	0.02592	
0.032859	0.028984	0.028777	0.017496	0.009969	0.010237	0.022341	0.013026	0.029423	0.006495	0.015478	0.018939	0.017854	0.036103	0.020889	0.004813	0.006525	0.027173	0.011671	0.034467	0.014469	0.000247	0.009123	0.023027	0.017877	0.015093	0.022764	0.013137	0.035567	0.020665	0.012002	0.018237	0.011863	0.033192	0.033292	0.035423	0.027287	0.017728	0.018609	0.03617	0.018873	0.017767	0.014058	0.032017	0.003406	0.019082	0.030075	0.019534	0.022718	0.013179	
0.02158	0.024551	0.040775	0.024591	0.02443	0.016371	0.020836	0.037444	0.019328	0.033435	0.014409	0.029311	0.014258	0.031227	0.016725	0.016224	0.020143	0.019183	0.036619	0.005412	0.015723	0.035755	0.00563	0.03413	0.038053	0.019354	0.006094	0.006331	0.022177	0.017744	0.007847	0.0084	0.012621	0.006158	0.009579	0.01243	0.011558	0.005123	0.017806	0.01378	0.040554	0.015175	0.012033	0.022301	0.036154	0.029772	0.002633	0.010894	0.019876	0.037463	
0.016735	0.013237	0.023799	0.020625	0.03376	0.001795	0.030876	0.031896	0.006569	0.009503	0.006173	0.017256	0.040106	0.034152	0.024965	0.002591	0.036856	0.017906	0.026012	0.024633	0.011746	0.021135	0.013253	0.028722	0.007702	0.027069	0.000717	0.032194	0.025254	0.018962	0.002212	0.012887	0.004431	0.007993	0.036804	0.040594	0.013305	0.037396	0.023459	0.042167	0.014073	0.010743	0.004249	0.019828	0.003482	0.014814	0.034259	0.042683	0.007485	0.020937	
0.006403	0.032008	0.024368	0.019792	0.031633	0.040202	0.010454	0.040698	0.032158	0.007219	0.051157	0.000582	0.003707	0.018905	0.029485	0.002877	0.019094	0.026409	0.007485	0.001671	0.03746	0.048536	0.026289	0.021286	0.011966	0.018942	0.044858	0.011663	0.008654	0.027802	0.013711	0.003501	0.023969	0.0109	0.045136	0.008722	0.001142	0.021603	0.021336	0.037323	0.02877	0.022623	0.00468	0.00771	0.002608	0.002208	0.006101	0.037776	0.015259	0.021159	
0.002397	0.003814	0.028736	0.012836	0.004169	0.025015	0.008716	0.009643	0.037937	0.008553	0.013037	0.024864	0.018562	0.020304	0.026682	0.025234	0.021292	0.032735	0.023333	0.004886	0.032553	0.013046	0.007865	0.018651	0.017555	0.033087	0.032125	0.00059	0.033962	0.023166	0.036278	0.01914	0.019788	0.027688	0.012558	0.000154	0.007043	0.027823	0.008431	0.02475	0.013296	0.009308	0.020581	0.036071	0.028608	0.026896	0.024786	0.029559	0.038169	0.023728	
0.024024	0.018766	0.039349	0.021094	0.027766	0.010786	0.015459	0.029387	0.034356	0.027249	0.011141	0.021846	0.004695	0.030129	0.007066	0.006499	0.036361	0.032284	0.037823	0.020223	0.033072	0.011383	0.015643	0.005352	0.039369	0.005164	0.03104	0.015971	0.008361	0.01297	0.035596	0.021832	0.003073	0.011323	0.040423	0.026611	0.005724	0.000111	0.017996	0.023554	0.036005	0.026017	0.000897	0.020847	0.01081	0.022013	0.019876	0.024568	0.01227	0.005826	
0.02253	0.008385	0.000921	0.003584	0.025777	0.029382	0.007326	0.00238	0.015345	0.029548	0.023378	0.010887	0.01276	0.039405	0.039117	0.018796	0.04091	0.014196	0.029612	0.028676	0.006811	0.029022	0.018313	0.039571	0.013636	0.041137	0.006653	0.042002	0.013086	0.034227	0.012369	0.006862	0.025129	0.007997	0.017489	0.003779	0.005668	0.020112	0.022183	0.00502	0.020992	0.0274	0.018283	0.022088	0.019778	0.001992	0.013797	0.031608	0.026639	0.043442	
0.023621	0.013721	0.017586	0.007498	0.032458	0.016512	0.039127	0.039308	0.011542	0.007919	0.000579	0.034448	0.017074	0.039337	0.007528	0.013023	0.025439	0.008556	0.029604	0.009377	0.034872	0.013336	0.006788	0.018586	0.020205	0.017816	0.030406	0.014049	0.003604	0.025024	0.021851	0.010633	0.007685	0.038117	0.02245	0.03191	0.019604	0.018283	0.023292	0.011327	0.022123	0.030047	0.018598	0.038777	0.018597	0.02667	0.009692	0.009853	0.019257	0.022291	
0.035436	0.011845	0.032115	0.028385	0.002375	0.025705	0.005606	0.029988	0.005379	0.013149	0.043078	0.022385	0.014563	0.035855	0.007248	0.022248	0.002298	0.042631	0.016615	0.002879	0.008749	0.024354	0.040285	0.026143	0.037802	0.004351	0.018423	0.022408	0.031775	0.013319	0.030012	0.01772	0.010332	0.003159	0.003827	0.033523	0.013673	0.029497	0.012072	0.025631	0.017322	0.002929	0.036571	0.032871	0.008024	0.016077	0.032798	0.000341	0.017111	0.029118	
0.019447	0.041946	0.005594	0.027212	0.040313	0.027417	0.013275	0.00539	0.013739	0.03129	0.039574	0.004119	0.028731	0.030673	0.019985	0.005488	0.01937	0.017376	0.026192	0.032596	0.013968	0.033714	0.016696	0.012682	0.037005	0.002459	0.027256	0.017081	0.008459	0.032919	0.023997	0.030845	0.030728	0.032566	0.011207	0.003375	0.039179	0.001937	0.003665	0.010394	0.008446	0.001905	0.02921	0.005852	0.008506	0.013387	0.042156	0.031158	0.017499	0.002022	
0.037843	0.026017	0.03212	0.016468	0.003155	0.015662	0.038437	0.04228	0.000117	0.009087	0.026713	0.019764	0.019334	0.038525	0.017001	0.006429	0.040664	0.020334	0.025213	0.024781	0.019735	0.00521	0.039369	0.021633	0.022204	0.006249	0.021804	0.005924	0.025525	0.022429	0.014783	0.001012	0.00912	0.008834	0.016314	0.00956	0.003174	0.044559	0.035824	0.041733	6.9e-05	0.027833	0.03907	0.037914	0.004771	0.006248	0.004897	0.023817	0.007054	0.013388	
0.035415	0.010106	0.001811	0.009335	0.001896	0.024561	0.025511	0.004678	0.012131	0.011895	0.000238	0.036466	0.001219	0.028377	0.032084	0.026304	0.024375	0.026448	0.007034	0.031434	0.039352	0.036481	0.021216	0.026016	0.036678	0.004707	0.008998	0.021204	0.022956	0.010298	0.020386	0.02403	0.038093	0.009526	0.032697	0.009851	0.01466	0.035286	0.009117	0.010298	0.010296	0.032178	0.018825	0.027905	0.039943	0.038084	0.019544	0.001515	0.01097	0.017572	
0.02288	0.017325	0.008765	0.02053	0.012166	0.036824	0.02384	0.026439	0.036451	0.02809	0.018926	0.029899	0.004295	0.010734	0.030782	0.005176	0.019732	0.011761	0.014759	0.035924	0.002875	0.028061	0.034281	0.031879	0.01188	0.029068	0.025047	0.001849	0.008092	0.008513	0.009426	0.018761	0.012291	0.014914	0.038899	0.026949	0.001593	0.023813	0.031757	0.006207	0.020316	0.004628	0.025397	0.021801	0.001691	0.008934	0.032266	0.034541	0.033947	0.035026	
0.002564	0.014903	0.011025	0.035327	0.015451	0.013235	0.0251	0.021838	0.025043	0.033848	0.019086	0.012802	0.03511	0.026443	0.035117	0.009373	0.027051	0.015042	0.025901	0.025958	5.6e-05	0.028121	0.033801	0.036115	0.002972	0.008183	0.029387	0.00637	0.024031	0.022054	0.030262	0.022646	0.019792	0.011717	0.018191	0.010511	0.033665	0.03082	0.01281	0.000552	0.034463	0.033869	0.016987	0.022795	0.00065	0.013894	0.024577	0.005874	0.033348	0.00127	
0.000424	0.000628	0.011352	0.032121	0.039516	0.004321	0.044401	0.025908	0.014057	0.011483	0.03418	0.021178	0.041509	0.026044	0.013369	0.009041	0.00619	0.043204	0.002986	0.042389	0.011959	0.016336	0.02927	0.00238	0.035103	0.017451	0.036958	0.039329	0.010291	0.023972	0.020147	0.025574	0.010569	0.034342	0.00379	0.011743	0.00289	0.032541	0.03183	0.042012	0.005569	0.003026	0.024837	0.007282	0.03067	0.006689	0.016442	0.001559	0.02221	0.018928	
0.032345	0.019949	0.031905	0.014837	0.026035	0.032281	0.033341	0.00353	0.033632	0.011307	0.010663	0.0195	0.022667	0.016277	0.026408	0.0333	0.017264	0.02994	0.031026	1.9e-05	0.025534	0.023033	0.025372	0.009955	0.026008	0.00133	0.006816	0.02778	0.018125	0.025528	0.008629	0.000912	0.027925	0.021415	0.007555	0.001162	0.003581	0.011987	0.015976	0.037668	0.004112	0.008524	0.03365	0.026795	0.013142	0.029517	0.030219	0.033619	0.01817	0.029735	
0.008208	0.031731	0.031112	0.00137	0.018861	0.017104	0.035899	0.006666	0.000393	0.008842	0.011844	0.006474	0.037053	0.022596	0.03002	0.034712	0.020119	0.030133	0.032336	0.019509	0.035247	0.008208	0.029612	0.03519	0.029657	0.000903	0.014171	0.022114	0.027286	0.024663	0.00972	0.014925	0.015224	0.031	0.00309	0.03609	0.015012	0.016056	0.023687	0.00914	0.01167	0.030867	0.00834	0.035158	0.008054	0.020723	0.027352	0.025298	0.022358	0.004203	
0.024692	0.02203	0.016643	0.009887	0.040618	0.026348	0.01171	0.025689	0.006231	0.011949	0.039717	0.024546	0.008946	0.038185	0.026715	0.019558	0.001036	0.031392	0.02083	0.029967	0.034886	0.001589	0.028626	0.035578	0.037462	0.003554	0.02383	0.022243	0.013581	3.5e-05	0.003047	0.018328	0.036761	0.006147	0.008589	0.02917	0.03617	0.011674	0.026902	0.038947	0.013804	0.002657	0.001681	0.030501	0.034979	0.007585	0.025298	0.020048	0.004681	0.004958	
0.03007	0.028852	0.025202	0.017232	0.00071	0.003868	0.035517	0.006285	0.031248	0.036818	0.015887	0.01314	0.007865	0.018215	0.01544	0.021127	0.024238	0.01982	0.002233	0.010524	0.025357	0.00733	0.002793	0.005225	0.019909	0.035494	0.017219	0.035948	0.001397	0.02954	0.016202	0.026923	0.034119	0.019786	0.025142	0.025604	0.019698	0.030072	0.021225	0.018319	0.013889	0.004756	0.000281	0.029316	0.035673	0.031701	0.035754	0.030529	0.033719	0.002789	
0.009807	0.009079	0.011325	0.016193	0.028793	0.007386	0.037053	0.029733	0.028244	0.027933	0.030644	0.014192	0.020212	0.008707	0.035178	0.002161	0.00126	0.000263	0.033617	0.026317	0.018434	0.027521	0.005626	0.012308	0.0391	0.02231	0.02141	0.0317	0.028582	0.032536	0.034629	0.023996	0.038676	0.035042	0.018089	0.010868	0.000249	0.003337	0.001604	0.031582	0.035919	0.02771	0.019305	0.017255	0.02133	0.007419	0.009173	0.023455	0.008663	0.014075	
0.015705	0.012116	0.008737	0.025284	0.001849	0.012392	0.002341	0.031817	0.045494	0.023344	0.01769	0.033377	0.002585	0.004298	0.003935	0.043498	0.033466	0.028423	0.008031	0.004773	0.031741	0.037239	0.034487	0.038591	0.001057	0.005629	0.003494	0.005014	0.037107	0.042269	0.043065	0.041332	0.029003	0.000365	0.019027	0.019795	0.027398	0.006669	0.027821	0.005992	0.020833	0.009081	0.016066	0.005305	0.016338	0.019792	0.022194	0.044077	0.001637	0.028427	
0.006909	0.025803	0.005852	0.007331	0.031558	0.031726	0.030287	0.011048	0.001393	0.030318	0.028364	0.036602	0.034376	0.018295	0.014324	0.000361	0.013923	0.02444	0.018643	0.00568	0.026436	0.014571	0.026866	0.013539	0.035393	0.019414	0.031277	0.03574	0.018777	0.009917	0.024273	0.020965	0.023636	0.001086	0.03583	0.000677	0.000726	0.026409	0.028778	0.02552	0.023165	0.03171	0.011519	0.030613	0.006969	0.021718	0.016335	0.03129	0.029122	0.000496	
0.038284	0.0032	0.026902	0.015618	0.031532	0.017082	0.031786	0.012737	0.010218	0.031584	0.010082	0.009233	0.025527	0.022401	0.026939	0.006626	0.003391	0.010422	0.018102	2.2e-05	0.04127	0.036266	0.033507	0.018301	0.011009	0.021776	0.003079	0.021668	0.022263	0.016358	0.00821	0.016758	0.008458	0.009876	0.033492	0.002808	0.013028	0.03334	0.028882	0.011869	0.033403	0.012033	0.0345	0.03035	0.030281	0.017554	0.040613	0.000741	0.030593	0.026026	
0.023636	0.005991	0.034128	0.024666	0.02721	0.01011	0.006445	0.000851	0.004496	0.021587	0.017124	0.035353	0.003368	0.029346	0.030432	0.034884	0.017423	0.016812	0.034005	0.031756	0.008954	0.007374	0.013172	0.014656	0.024896	0.01008	0.007605	0.024762	0.014391	0.022596	0.008411	0.019935	0.014098	0.030086	0.030763	0.03173	0.03545	0.00359	0.015053	0.021464	0.030754	0.011257	0.012012	0.019906	0.017332	0.027872	0.030023	0.030222	0.025363	0.02657	
0.031064	0.011164	0.023584	0.005081	0.021577	0.029134	0.010408	0.035207	0.021967	0.002825	0.003296	0.02725	0.008282	0.02547	0.024207	0.002555	0.006247	0.030839	0.025085	0.01877	0.026016	0.016743	0.033818	0.000852	0.015034	0.016782	0.000657	0.030989	0.008214	0.025598	0.036204	0.003882	0.035984	0.003193	0.011456	0.019176	0.018179	0.017136	0.029409	0.037192	0.022939	0.0318	0.021753	0.033409	0.022621	0.028902	0.032724	0.018554	0.026491	0.010281	
0.013575	0.008641	0.015905	0.010917	0.024211	0.014573	0.015753	0.031743	0.03122	0.031386	0.022106	0.003883	0.033124	0.002238	0.014896	0.027786	0.015244	0.009257	0.020528	0.026969	0.006382	0.008364	0.001736	0.011345	0.033733	0.032324	0.031098	0.004995	0.021786	0.033173	0.013314	0.014463	0.018513	0.01713	0.025948	0.026644	0.022621	0.033149	0.023235	0.008162	0.021112	0.028875	0.03257	0.028562	0.017674	0.02384	0.020411	0.018106	0.013889	0.032891	
0.014005	0.032263	0.031696	0.009965	0.005316	0.004962	0.006832	0.029263	0.019171	0.015176	0.012593	0.029903	0.029796	0.001452	0.022264	0.017142	0.036933	0.002197	0.026243	0.03066	0.020523	0.031878	0.007593	0.036279	0.030853	0.034888	0.032976	0.02368	0.016725	0.032804	0.006943	0.02058	0.027222	0.021239	0.00172	0.014501	0.033233	0.02777	0.022283	0.009797	0.017677	0.011679	0.030478	0.014746	0.020239	0.005404	0.02908	0.015124	0.000563	0.023691	
0.029107	0.007397	0.038491	0.013299	0.03743	0.005423	0.023928	0.009293	0.002484	0.027411	0.002663	0.015453	0.041636	0.010527	0.016365	0.03787	0.012652	0.021716	0.004608	0.018883	0.023036	0.000418	0.018315	0.029766	0.025861	0.032315	0.023347	0.013291	0.020952	0.015388	0.001189	0.026883	0.009389	0.016095	0.024084	0.036658	0.003327	0.007671	0.037188	0.021538	0.004487	0.03607	0.035901	0.013979	0.010579	0.026521	0.022189	0.032376	0.014468	0.040083	
0.010541	0.03644	0.009788	0.009045	0.038783	0.033225	0.004072	0.022015	0.00109	0.013548	0.023919	0.030678	0.006419	0.027878	0.01915	0.039725	0.003186	0.00831	0.018575	0.00165	0.029305	0.008414	0.025416	0.018537	0.00972	0.039098	0.027077	0.016245	0.013896	0.038755	0.028592	0.012969	0.029671	0.013917	0.024813	0.022027	0.016891	0.013575	0.015875	0.018468	0.03617	0.029804	0.011464	0.011679	0.011744	0.020254	0.020651	0.035214	0.031038	0.010684	
0.027233	0.0339	0.028597	0.020507	0.035987	0.026684	0.01384	0.011364	0.025066	0.037839	0.00691	0.026941	0.002309	0.003727	0.01968	0.028531	0.032172	0.009598	0.001249	0.021805	0.039484	0.009168	0.01372	0.024518	0.011629	0.029894	0.009247	0.008672	0.0384	0.032232	0.023622	0.002579	0.012958	0.015747	0.002342	0.03914	0.014264	0.003968	0.02985	0.001785	0.007823	0.035109	0.031379	0.004023	0.022091	0.028528	0.033317	0.022218	0.033812	0.004542	
0.027373	0.041472	0.006725	0.015238	0.021961	0.001828	0.038923	0.000696	0.018078	0.037692	0.022518	0.022388	0.007595	0.030122	0.034207	0.010399	0.014031	0.00354	0.023401	0.009394	0.018128	0.043427	0.002134	0.042066	0.042678	0.020567	0.000157	0.028327	0.037046	0.004692	0.024295	0.034476	0.008884	0.035537	0.016095	0.017866	0.00576	0.005388	0.007712	0.00306	0.045319	0.003832	0.035513	0.026199	0.034	0.019847	0.012055	0.000904	0.014201	0.022254	
0.034099	0.025304	0.029553	0.03797	0.036773	0.008104	0.003979	0.009731	0.037459	0.021712	0.001144	0.017855	0.037098	0.004113	0.022737	0.006372	0.017657	0.03718	0.020288	0.01651	0.017242	0.030651	0.020629	0.012979	0.021683	0.011162	0.007352	0.015034	0.016379	0.000555	0.011399	0.030865	0.004845	0.019437	0.031101	0.027239	0.004854	0.010198	0.031115	0.021023	0.025385	0.03666	0.024951	0.038951	0.038097	0.026119	0.023116	0.008149	0.000653	0.006539	
0.006901	0.010228	0.024283	0.027122	0.021379	0.025496	0.00436	0.033553	0.000515	0.03009	0.034974	0.0208	0.006957	0.0129	0.023963	0.01237	0.034078	0.015074	0.021351	0.030414	0.030136	0.013973	0.028446	0.006484	0.034869	0.027831	0.017764	0.003801	0.018988	0.034302	0.016368	0.001361	0.01642	0.027054	0.016812	0.028482	0.0342	0.016863	0.006456	0.017354	0.021636	0.031085	0.028687	0.009369	0.027755	0.025598	0.000762	0.025242	0.009896	0.025198	
0.023852	0.022621	0.018294	0.007874	0.031254	0.020678	0.033733	0.012603	0.032906	0.0223	0.007501	0.010521	0.024456	0.031897	0.002542	0.027998	0.029941	0.019654	0.000967	0.015729	0.000174	0.002138	0.028352	0.012354	0.013046	0.018737	0.031037	0.021359	0.027944	0.034634	0.028161	0.027137	0.015263	0.002264	0.020974	0.027898	0.011583	0.027322	0.005717	0.035515	0.017003	0.020142	0.031802	0.027042	0.034444	0.035703	0.005827	0.03195	0.004938	0.002219	
0.00842	0.012938	0.026419	0.022258	0.021708	0.008944	0.031479	0.028921	0.035628	0.014332	0.029773	0.001135	0.005655	0.006514	0.008979	0.027739	0.03164	0.029198	0.032448	0.027999	0.010215	0.028225	0.018598	0.034975	0.004151	0.023531	0.034973	0.032298	0.021211	0.025317	0.034252	0.022211	0.014561	0.016857	0.011372	0.033838	0.006643	0.021742	0.001741	0.010724	0.001568	0.012892	0.005614	0.021201	0.002695	0.034037	0.011249	0.023361	0.034454	0.033367	
0.023263	0.021327	0.013261	0.004535	0.040096	0.021318	0.039219	0.002892	0.005202	0.019333	0.015515	0.039347	0.03511	0.009151	0.031417	0.023601	0.021987	0.03352	0.007438	0.011908	0.026416	0.026603	0.006418	0.028379	0.035564	0.033791	0.00353	0.01	0.028893	0.024948	1.4e-05	0.036217	0.0129	0.002615	0.000255	0.008131	0.027149	0.003725	0.007251	0.038471	0.031306	0.030106	0.011389	0.000744	0.028779	0.032411	0.038787	0.023782	0.006624	0.015362	
0.006753	0.024875	0.012334	0.006208	0.00897	0.006432	0.029959	0.031198	0.026973	0.033201	0.031269	0.001751	0.01187	0.025256	0.014984	0.036343	0.028848	0.002076	0.007743	0.031766	0.036266	0.016897	0.034311	0.02045	0.025099	0.026641	0.026472	0.001812	0.030646	0.028572	0.029014	0.000829	0.001523	0.002584	0.020287	0.02861	0.030627	0.004805	0.014759	0.023949	0.036365	0.015268	0.012525	0.035534	0.018457	0.021733	0.013589	0.03076	0.030177	0.00263	
0.01515	0.018212	0.011959	0.002528	0.022934	0.033745	0.020864	0.022514	0.041242	0.008761	0.022386	0.038386	0.029061	0.009061	0.001389	0.025609	0.01139	0.007733	0.018996	0.009242	0.021074	0.034751	0.010182	0.002565	0.004537	0.02008	0.003814	0.01782	0.00994	0.040479	0.035001	0.005546	0.039383	0.016188	0.040423	0.035783	0.020252	0.008788	0.003063	0.035144	0.015546	0.026694	0.013026	0.041394	0.04011	0.007061	0.024984	0.026967	0.013271	0.014972	
0.001589	0.030721	0.037835	0.003476	0.032532	0.015748	0.028197	0.005623	0.008608	0.001457	0.004185	0.015723	0.003227	0.008438	0.012749	0.014406	0.021859	0.022305	0.006811	0.023756	0.038176	0.039153	0.021805	0.011313	0.026913	0.000538	0.014443	0.033704	0.021636	0.013187	0.023593	0.002069	0.037755	0.029522	0.037683	0.02577	0.030635	0.033866	0.014884	0.022125	0.024053	0.027464	0.015521	0.000764	0.02841	0.023054	0.016451	0.03642	0.024165	0.025683	
0.03678	0.03306	0.003851	0.031765	0.006426	0.030265	0.000722	0.025688	0.00478	0.022725	0.023766	0.028714	0.033126	0.033003	0.014674	0.015867	0.025187	0.005949	0.026262	0.005811	0.02516	0.026369	0.035953	0.002157	0.012109	0.010721	0.018866	0.014917	0.02936	0.003225	0.029899	0.031654	0.008348	0.00268	0.026509	0.017341	0.034556	0.013085	0.027029	0.006383	0.013132	0.035781	0.008885	0.01496	0.008774	0.031704	0.035336	0.030515	0.010543	0.025628	
0.027187	0.037318	0.026455	0.040556	0.006733	0.02971	0.017594	0.03304	0.002923	0.018357	0.030827	0.010528	0.018513	0.026744	0.005346	0.032064	0.031272	0.001878	0.004017	0.011486	0.040807	0.020331	0.009063	0.030636	0.018407	0.009818	0.008106	0.004685	0.033025	0.028877	0.007468	0.019272	0.040175	0.040938	0.011771	0.035453	0.001052	0.003216	0.009184	0.001793	0.034271	0.018786	0.037261	0.000718	0.036959	0.039272	0.020992	0.000592	0.012458	0.012066	
0.031463	0.020614	0.009928	0.038321	0.02506	0.024253	0.010776	0.034634	0.011391	0.035171	0.02119	0.011606	0.022193	0.02558	0.039715	0.001003	0.026772	0.032877	0.02855	0.012915	0.030162	0.001534	0.022048	0.016201	0.024947	0.005667	0.016586	0.003345	0.001394	0.026269	0.011877	0.003044	0.030645	0.019086	0.035169	0.017758	0.025117	0.015387	0.035198	0.012329	0.036164	0.008096	0.007715	0.038867	0.010479	0.021052	0.016174	0.000194	0.01209	0.031394	
0.014513	0.022564	0.014769	0.032322	0.012844	0.023871	0.012176	0.026988	0.008467	0.028297	0.021394	0.004259	0.001772	0.033429	0.032576	0.033209	0.003138	0.025487	0.041892	0.015548	0.03286	0.025567	0.021157	0.018251	0.000367	0.025116	0.040952	0.002172	0.011283	0.02132	0.024234	0.031903	0.035652	0.001115	0.03599	0.038909	0.019142	0.011551	0.002075	0.001911	0.014471	0.012282	0.01026	0.032722	0.037008	0.038071	0.004856	0.006886	0.012544	0.019858	
0.033188	0.014809	0.004531	0.00591	0.015468	0.012459	0.000382	0.006531	0.015267	0.031814	0.03124	0.029612	0.035143	0.035288	0.019228	0.013664	0.025213	0.001573	0.037313	0.013329	0.014513	0.005476	0.002797	0.026192	0.015983	0.038317	0.00545	0.027034	0.028718	0.038345	0.011319	0.036035	0.008473	0.011167	0.023894	0.004121	0.00833	0.032448	0.029494	0.006831	0.011243	0.038224	0.022139	0.026208	0.03351	0.016603	0.023881	0.003464	0.036629	0.0312	
0.03241	0.007461	0.015646	0.009124	0.00221	0.038346	0.019994	0.004752	0.017865	0.032701	0.025707	0.004975	0.018607	0.013224	0.023414	0.035831	0.031233	0.037637	0.036881	0.037256	0.005906	0.030807	0.034838	0.026946	0.018977	0.013074	0.035586	0.003154	0.00414	0.034679	0.001469	0.003287	0.017101	0.016698	0.031584	0.018303	0.021094	0.004346	0.007113	0.032354	0.015533	0.011945	0.029636	0.024011	0.011226	0.027793	0.004783	0.02946	0.016957	0.021926	
0.017417	0.024177	0.030476	0.026393	0.012419	0.025645	0.007356	0.032864	0.02595	0.014065	0.012557	0.005126	0.023815	0.020668	0.004064	0.010692	0.023572	0.022342	0.01675	0.034587	0.029515	0.018935	0.001779	0.024573	0.005151	0.009917	0.026448	0.023382	0.033928	0.001522	0.014432	0.029803	0.028736	0.016083	0.034863	0.01164	0.016859	0.030457	0.019811	0.012414	0.026848	0.023173	0.019811	0.026703	0.032452	0.019193	0.013766	0.029706	0.012627	0.014538	
0.030519	0.035189	0.031846	0.00372	0.018629	0.018299	0.014871	0.001218	0.036614	0.002194	0.012559	0.020465	0.004978	0.028939	0.025348	0.003202	0.038635	0.036856	0.021	0.034849	0.005941	0.014177	0.036619	0.004458	0.008706	0.010911	0.024207	0.002762	0.025964	0.029632	0.028345	0.010933	0.032447	0.036997	0.011717	0.016869	0.032219	0.008539	0.01558	0.038887	0.025189	0.035387	0.002251	0.012884	0.010887	0.031777	0.012423	0.038854	0.005446	0.009062	
0.025855	0.037463	0.020265	0.031217	0.005015	0.038569	0.002531	0.001533	0.029484	0.017401	0.007871	0.035464	0.032109	0.034764	0.019171	0.018717	0.011298	0.020498	0.03599	0.034942	0.028288	0.036874	0.020072	0.023569	0.002237	0.035743	0.013945	0.022452	0.037072	0.02602	0.021033	0.007286	0.002343	0.026396	0.007757	0.014548	0.007601	0.019989	0.029961	0.005932	0.019184	0.022237	0.004393	0.005037	0.00223	0.033186	0.004683	0.007469	0.013712	0.038594	
0.032396	0.027515	0.006711	0.022299	0.000321	0.00792	0.028195	0.042851	0.032847	0.019172	0.031167	0.022402	0.021253	0.041746	0.038425	0.024189	0.018144	0.033607	0.000795	0.026597	0.036069	0.01033	0.009679	0.022457	0.015581	0.044682	0.000596	0.007612	0.02771	0.006056	0.004646	0.007027	0.021315	0.025445	0.011595	0.035014	0.003895	0.035894	0.01065	0.019843	0.016524	0.00564	0.012798	0.015587	0.043822	0.044089	0.002718	0.008173	0.005299	0.010702	
0.04011	0.026214	0.003925	0.015938	0.028277	0.00755	0.032333	0.026403	0.003516	0.042634	0.042384	0.005771	0.035981	0.01691	0.000966	0.022336	0.001821	0.002884	0.0409	0.034476	0.025938	0.009408	0.008722	0.004602	0.004735	0.012075	0.025709	0.02343	0.01777	0.007854	0.025099	0.00457	0.031464	0.011946	0.040544	0.032518	0.029313	0.008352	0.033788	0.002617	0.015165	0.00385	0.039846	0.023533	0.039217	0.022074	0.000929	0.019347	0.035101	0.009155	
0.02455	0.02129	0.028111	0.029037	0.015052	0.030475	0.033258	0.02032	0.010429	0.026157	0.030623	0.002664	0.005446	0.00459	0.014753	0.009895	0.030022	0.004861	0.010362	0.042532	0.021074	0.034799	0.013197	0.005647	0.040525	0.019032	0.013886	0.025535	0.030954	0.001853	0.00506	0.028544	0.035217	0.023	0.008874	0.026075	0.040148	0.04267	0.017534	0.002246	0.0001	0.003647	0.004921	0.045625	0.013841	0.044359	0.031855	0.004557	0.016944	0.003854	
0.003979	0.013207	0.012814	0.019433	0.034707	0.012085	0.013083	0.012147	0.022544	0.036515	0.032606	0.024917	0.010676	0.033909	0.001077	0.030247	0.014127	0.040315	0.034701	0.014277	0.020956	0.028733	0.025042	0.031875	0.034423	0.00649	0.010229	0.01325	0.022942	0.036317	0.031392	0.03113	0.014521	0.02191	0.031507	0.001716	0.000747	0.021863	0.012922	0.035066	0.009117	0.013508	0.014012	0.021941	0.002334	0.009055	0.020378	0.008929	0.01467	0.035659	
0.012356	0.000461	0.034416	0.01336	0.017094	0.048094	0.021649	0.002991	0.006946	0.046	0.004282	0.004471	0.012426	0.015055	0.046853	0.017111	0.033617	0.024637	0.029627	0.008429	0.003128	0.004448	0.004113	0.016923	0.014808	0.003105	0.017763	0.038014	0.032751	0.009764	0.008111	0.032005	0.035497	0.034686	0.002204	0.026548	0.005584	0.017607	0.017844	0.021811	0.041785	0.029256	0.009769	0.016446	0.004697	0.020739	0.046407	0.019109	0.036667	0.028536	
0.014605	0.025722	0.011107	0.023675	0.009993	0.029503	0.00507	0.036664	0.000237	0.025741	0.008457	0.000322	0.020802	0.007355	0.026526	0.022866	0.030163	0.027778	0.034857	0.002022	0.03236	0.027362	0.007558	0.023578	0.020081	0.02368	0.017953	0.009183	0.035599	0.020695	0.010906	0.011886	0.03478	0.008183	0.038499	0.026248	0.020061	0.008248	0.001303	0.022659	0.002272	0.02024	0.035413	0.022719	0.038811	0.00795	0.038127	0.031598	0.033327	0.005256	
0.013698	0.016147	0.004157	0.001183	0.026931	0.036717	0.032813	0.019723	0.04138	0.024347	0.040088	0.022321	0.001661	0.01927	0.023725	0.012543	0.008127	0.004022	0.036733	0.00339	0.009461	0.030357	0.014347	0.041375	0.003648	0.031975	0.016581	0.027005	0.020884	0.033504	0.001754	0.017908	0.006277	0.0134	0.027365	0.014548	0.022648	0.025714	0.029566	0.000845	0.015898	0.015029	0.001446	0.024241	0.025236	0.038628	0.018313	0.041251	0.000709	0.041111	
0.020538	0.034218	0.040523	0.01454	0.026321	0.02372	0.009194	0.014643	0.034374	0.02643	0.040131	0.041425	0.001053	0.037807	0.021838	0.008453	0.035545	0.008082	0.006438	0.000456	0.005465	0.026396	0.037018	0.024678	0.028193	0.038956	0.00213	0.025489	0.028312	0.009999	0.041282	0.011854	0.024335	0.013278	0.011738	0.034276	0.024771	0.003784	0.014332	0.035064	0.023364	0.001354	0.007083	0.00594	0.000251	0.011106	0.041548	0.01398	0.000559	0.007736	
0.030188	0.019905	0.008099	0.035338	0.025683	0.020323	0.005957	0.020366	0.033289	0.036306	0.011847	0.025417	0.020573	0.019936	0.023723	0.026428	0.010036	0.025436	0.003121	0.026998	0.002155	0.034136	0.004959	0.008493	0.005994	0.006839	0.014639	0.026286	0.013915	0.036554	0.03192	0.026586	0.036915	0.034266	0.025468	0.0303	0.021435	0.030704	0.012536	0.000452	0.006195	0.029294	0.00982	0.015966	0.027244	0.021073	0.006595	0.017291	0.000843	0.032158	
0.003373	0.008667	0.037222	0.010734	0.015637	0.015057	0.014971	0.03447	0.032846	0.013006	0.016313	0.029203	0.027257	0.008035	0.033241	0.017604	0.036716	0.012548	0.037096	0.035624	0.030621	0.023804	0.025396	0.011688	0.024455	0.015934	0.028503	0.029566	0.019582	0.009154	0.038854	0.012582	0.012146	0.00508	0.009296	0.021843	0.007349	0.00169	0.005939	0.037668	0.009301	0.031471	0.037325	0.004089	0.010842	0.008948	0.017599	0.031557	0.002304	0.035794	
0.010325	0.007578	0.002433	0.001927	0.020893	0.0191	0.005668	0.031805	0.015296	0.023315	0.036761	0.024065	0.008306	0.037667	0.031751	0.026038	0.018071	0.003549	0.033416	0.009954	0.023493	0.017793	0.036365	0.017704	0.003688	0.03047	0.032099	0.007412	0.022738	0.027313	0.031729	0.025126	0.013726	0.014384	0.013328	0.006939	0.031875	0.013736	0.000544	0.036553	0.015182	0.023648	0.011572	0.036786	0.029374	0.008627	0.028845	0.033787	0.029003	0.008243	
0.008806	0.011597	0.00266	0.018032	0.01616	0.034524	0.006966	0.021964	0.010435	0.03084	0.034769	0.02191	0.0223	0.003555	0.024621	0.006556	0.026916	0.012656	0.01513	0.03966	0.031136	0.016025	0.016369	0.024229	0.032995	0.008423	0.003348	0.005668	0.040883	0.003593	0.032711	0.023816	0.039881	0.018592	0.001972	0.030424	0.026534	0.027806	0.012022	0.001988	0.030424	0.036325	0.00743	0.036432	0.039894	0.008795	0.040727	0.006319	0.009548	0.015634	
0.013295	0.018575	0.035056	0.028945	0.019147	0.018782	0.030917	0.01307	0.01786	0.01914	0.024963	0.032854	0.016499	0.026398	0.023722	0.007134	0.003655	0.02054	0.01444	0.030974	0.027447	0.025471	0.024164	0.007686	0.028715	0.034421	0.00388	0.011433	0.035001	0.013126	0.004792	0.026146	0.016594	0.007305	0.025491	0.011511	0.031895	0.033223	0.012762	0.014238	0.014715	0.002769	0.026588	0.029668	0.031003	0.014439	0.011149	0.003881	0.021073	0.033448	
0.000252	0.025646	0.025069	0.031085	0.034102	0.02366	0.034488	0.026313	0.012464	0.009389	0.027311	0.004067	0.015446	0.00161	0.012069	0.018539	0.027604	0.00395	0.029953	0.024083	0.018576	0.034195	0.01437	0.018316	0.033066	0.004116	0.007992	0.036787	0.020627	0.035733	0.036014	0.002213	0.022671	0.005967	0.038801	0.001161	0.016351	0.001459	0.03581	0.03746	0.007783	0.009865	0.025172	0.031077	0.00358	0.027514	0.032872	0.029115	0.012922	0.011315	
0.002063	0.02146	0.020744	0.018578	0.01137	0.025068	0.013091	0.003796	0.010147	0.035778	0.002595	0.020193	0.028214	0.0149	0.033782	0.017854	0.015468	0.009628	0.003178	0.004359	0.019561	0.007812	0.027279	0.012787	0.01659	0.011611	0.001566	0.033609	0.024167	0.038084	0.031299	0.012931	0.024302	0.022797	0.037962	0.017476	0.035341	0.034019	0.034567	0.018018	0.031392	0.035791	0.029971	0.023311	0.003575	0.026629	0.024819	0.009736	0.010717	0.030015	
0.027547	0.025054	0.032157	0.029688	0.02138	0.042053	0.025027	0.032902	0.004154	0.012465	0.030988	0.013505	0.011832	0.009197	0.009516	0.028128	0.019599	0.043914	0.018746	0.007016	0.042614	0.001957	0.014204	0.010052	0.018053	0.006902	0.00061	0.024929	0.023172	0.005993	0.023916	0.032427	0.026206	0.026552	0.025155	0.001042	0.038276	0.037785	0.034024	0.004789	0.012924	0.018931	0.010008	0.030193	0.023731	0.005842	0.008444	0.01689	0.006411	0.0231	
0.02994	0.030445	0.00638	0.026434	0.022085	0.025077	0.035741	0.035936	0.011567	0.025358	0.029595	0.036675	0.008185	0.003719	0.012358	0.035135	0.015118	0.034885	0.000753	0.004985	0.022441	0.018929	0.031722	0.001909	0.038644	0.002251	0.026669	0.000315	0.019041	0.036993	0.00387	0.013519	0.012946	0.036806	0.025457	0.015443	0.017452	0.026419	0.012155	0.037159	0.02763	0.023236	0.007587	0.033992	0.001912	0.019587	0.029419	0.00298	0.011719	0.011427	
0.034925	6.6e-05	0.040567	0.011233	0.038309	0.029183	0.012427	0.02334	0.004608	0.020428	0.009343	0.002	0.021525	0.009142	0.035964	0.027086	0.031279	0.021203	0.009812	0.020769	0.034529	0.016739	0.012891	0.041292	0.042665	0.009825	0.040646	0.008968	0.03171	0.039396	0.012619	0.016931	0.004079	0.033671	0.002186	0.005096	0.00159	0.011797	0.032713	0.001232	0.007442	0.006414	0.03527	0.005099	0.007541	0.031616	0.031564	0.034032	0.036636	0.000602	
0.02878	0.00541	0.008715	0.005423	0.031942	0.025306	0.042541	0.019021	0.027133	0.033062	0.026017	0.013558	0.005808	0.022451	0.037241	0.004974	0.034709	0.005664	0.026614	0.033556	0.008447	0.011606	0.018544	0.019113	0.022583	0.01145	0.008958	0.003403	0.023823	0.035607	0.008727	0.020919	0.030105	0.032389	0.02579	0.030787	0.030301	0.043421	0.000725	0.025579	0.030022	0.016556	0.021104	0.01091	0.00197	0.031626	0.004792	0.01755	0.00336	0.011908	
0.028885	0.004872	0.028953	0.000883	0.042671	0.046431	0.001439	0.010396	0.010205	0.041983	0.028754	0.01361	0.007703	0.027192	0.009722	0.012664	0.001035	0.029861	0.034308	0.013024	0.022871	0.001437	0.004582	0.008257	0.014005	0.038617	0.028279	0.041356	0.01335	0.00958	0.001465	0.02008	0.00618	0.015382	0.022198	0.014588	0.012571	0.032987	0.040896	0.003531	0.02775	0.026067	0.032466	0.036529	0.021985	0.014342	0.016916	0.016164	0.028346	0.032632	
0.009666	0.016296	0.003396	0.031203	0.022885	0.006991	0.020076	0.032194	0.026859	0.011634	0.026213	0.033203	0.009673	0.003991	0.0257	0.033987	0.01749	0.013048	0.027476	0.004327	0.01818	0.002695	0.024473	0.033577	0.033542	0.008406	0.015489	0.026439	0.014285	0.002852	0.001964	0.002541	0.039791	0.021009	0.006532	0.030432	0.014915	0.037536	0.025632	0.025173	0.035811	0.023681	0.035319	0.038589	0.012143	0.023019	0.022507	0.017753	0.004393	0.025014	
0.018352	0.004018	0.007539	0.032332	0.019497	0.007363	0.031477	0.02772	0.016776	0.033215	0.008143	0.026175	0.030188	0.015856	0.033175	0.029077	0.010317	0.01909	0.016852	0.012591	0.023559	0.028346	0.005204	0.000428	0.019431	0.030649	0.013695	0.030609	0.031392	0.030668	0.012009	0.019225	0.008138	0.025786	0.019325	0.018452	0.029722	0.010145	0.031256	0.006084	0.027846	0.028582	0.011146	0.024912	0.021113	0.024334	0.003928	0.019962	0.032795	0.011506	
0.022453	0.038465	0.029705	0.034319	0.013677	0.036375	0.002497	0.025443	0.036487	0.011249	0.002208	0.023447	0.020954	0.026942	0.02152	0.006844	0.021698	0.027415	0.020194	0.010703	0.011991	5.3e-05	0.034187	0.001086	0.001518	0.016023	0.030628	0.030428	0.004074	0.026641	0.026443	0.017182	0.015206	0.014515	0.006038	0.020699	0.014165	0.01829	0.035871	0.023037	0.032226	0.032648	0.031984	0.038973	0.024078	0.000951	0.005991	0.016446	0.010109	0.025924	
0.031198	0.016342	0.03324	0.005281	0.01757	0.00581	0.027351	0.013735	0.019993	0.022592	0.005613	0.002349	0.002934	0.017389	0.003284	0.034402	0.025207	0.018817	0.02679	0.033288	0.032586	0.031947	0.035447	0.024189	0.006115	0.027819	0.015481	0.000969	0.02364	0.027108	0.026217	0.02328	0.031816	0.021334	0.009133	0.008488	0.026401	0.000354	0.027853	0.026688	0.016301	0.021234	0.017606	0.027575	0.029608	0.024318	0.030906	0.008515	0.022051	0.011836	
0.009426	0.002281	0.024499	0.029632	0.029487	0.009508	0.00237	0.025422	0.036496	0.010959	0.013175	0.026678	0.001441	0.008433	0.019591	0.006954	0.035021	0.010705	0.032764	0.007355	0.000796	0.036185	0.019059	0.038048	0.020204	0.040752	0.011568	0.009717	0.015726	0.023455	0.028704	0.027581	0.021831	0.012422	0.034984	0.03971	0.037144	0.013945	0.009541	0.038683	0.02527	0.017617	0.007862	0.008348	0.028339	0.014799	0.030796	0.020806	0.01346	0.010451	
0.003317	0.00265	0.003511	0.033105	0.008838	0.008302	0.002406	0.033736	0.011073	0.009757	0.011588	0.012224	0.028731	0.034287	0.029484	0.029454	0.020892	0.007583	0.035603	0.027299	0.013103	0.027842	0.029287	0.036881	0.037454	0.000191	0.02499	0.006456	0.015244	0.006395	0.037084	0.00903	0.033091	0.0236	0.015896	0.033893	0.017461	0.029729	0.028109	0.030121	0.003206	0.037842	0.021451	0.026516	0.027471	0.033438	0.0001	0.000476	0.030098	0.009705	
0.022382	0.00914	0.034214	0.007708	0.036177	0.006177	0.037158	0.010928	0.015598	0.016744	0.036115	0.011111	0.005133	0.02671	0.026725	0.036199	0.009995	0.007046	0.027803	0.001175	0.028473	0.00226	0.01552	0.035039	0.024893	0.026312	0.009347	0.032703	0.025431	0.019059	0.019282	0.011455	0.005216	0.031722	0.020107	0.007793	0.032688	0.0067	0.008272	0.022464	0.017893	0.021942	0.034731	0.026572	0.037267	0.029523	0.011286	0.008063	0.026635	0.017114	
0.00919	0.002476	0.020487	0.029528	0.004391	0.034343	0.010604	0.021472	0.0379	0.037815	0.023922	0.030097	9.7e-05	0.029404	0.023517	0.022135	0.029943	0.023808	0.027878	0.029938	0.027028	0.020316	0.036656	0.009983	0.001268	0.005718	0.014509	0.022231	0.030876	0.009464	0.007901	0.031573	0.013466	0.015618	0.008652	0.039523	0.01741	0.030361	0.000327	0.004187	0.000149	0.023158	0.038445	0.022861	0.028047	0.005382	0.018279	0.021328	0.019232	0.027107	
0.024643	0.034421	0.003165	0.032471	0.019719	0.033068	0.020872	0.011649	0.006218	0.021072	0.03856	0.005869	0.017241	0.011124	0.036672	0.010083	0.000849	0.034262	0.014738	0.01971	0.016159	0.023062	0.035994	0.037377	0.005771	0.024446	0.001206	0.029449	0.013398	0.015812	0.044773	0.002437	0.004672	0.023726	0.010329	0.039764	0.02904	0.015419	0.013093	0.006937	0.02634	0.032165	0.003749	0.015089	0.009908	0.030273	0.022186	0.022604	0.040158	0.008258	
0.018865	0.033663	0.015294	0.025883	0.032109	0.02268	0.030093	0.022311	0.030237	0.019899	0.034785	0.033286	0.001504	0.002059	0.000158	0.016599	0.011141	0.007518	0.00798	0.02453	0.025869	0.008085	0.033745	0.034096	0.021531	0.024752	0.026095	0.029399	0.033578	0.032023	0.018697	1.4e-05	0.014373	0.025278	0.019863	0.008366	0.011301	0.019262	0.02462	0.029811	0.028852	0.034904	0.003734	0.007067	0.001732	0.030251	0.012534	0.00249	0.03378	0.013304	
0.005824	0.016321	0.01013	0.002828	0.004941	0.002053	0.041933	0.006202	0.010589	0.016247	0.010164	0.020066	0.028829	0.002438	0.039902	0.005986	0.032712	0.001863	0.00802	0.036196	0.021107	0.005114	0.004551	0.04299	0.022012	0.00718	0.002297	0.01211	0.03402	0.044283	0.042065	0.033524	0.010144	0.023557	0.040644	0.00475	0.005051	0.042037	0.022388	0.030264	0.025588	0.007229	0.007211	0.013205	0.042849	0.044476	0.026864	0.025414	0.018971	0.034861	
0.039665	0.013486	0.005025	0.020774	0.021326	0.022693	0.001071	0.002164	0.030134	0.006637	0.01127	0.02608	0.003546	0.01665	0.025122	0.020116	0.019703	0.033507	0.002912	0.000698	0.03995	0.002313	0.032624	0.039627	0.008389	0.018874	0.008142	0.032679	0.021192	0.039147	0.011332	0.019075	0.032974	0.011461	0.039111	0.015724	0.034194	0.008142	0.005257	0.010249	0.014898	0.00822	0.024647	0.035187	0.006822	0.036142	0.01778	0.040819	0.02578	0.03667	
0.003109	0.001328	0.011532	0.037266	0.00037	0.005352	0.005762	0.036347	0.018013	0.023149	0.009195	0.017258	0.040182	0.014319	0.032406	0.028574	0.031846	0.009608	0.026203	0.022734	0.015037	0.035828	0.032772	0.014924	0.039208	0.037052	0.022557	0.012788	0.012411	0.0059	0.03379	0.003142	0.007048	0.000647	0.025437	0.021053	0.016001	0.033578	0.007424	0.002278	0.022182	0.041154	0.039808	0.01986	0.023189	0.021222	0.025415	0.002775	0.039493	0.011474	
0.018171	0.024646	0.024127	0.000521	0.013469	0.010721	0.036627	0.022374	0.028802	0.029959	0.026357	0.000402	0.008582	0.041144	0.03936	0.009964	0.026379	0.001032	0.001678	0.010052	0.018897	0.02073	0.03712	0.01216	0.028052	0.019436	0.035806	0.016614	0.036058	0.023756	0.007211	0.000145	0.027112	0.027845	0.041333	0.042746	0.028386	0.009813	0.002808	0.030814	0.000658	0.01053	0.010427	0.016867	0.015886	0.016726	0.030858	0.006428	0.017263	0.033148	
0.02472	0.002448	0.022989	0.035795	0.011063	0.009295	0.033537	0.016813	0.027586	0.012138	0.023734	0.020352	0.035963	0.026179	0.011986	0.021918	0.011858	0.002472	0.035921	0.014873	0.030697	0.022191	0.005898	0.0314	0.007871	0.017521	0.00808	0.020705	0.005626	0.00808	0.023353	0.036502	0.035157	0.028065	0.012283	0.034994	0.019036	0.010926	0.037818	0.007591	0.021565	0.022101	0.026877	0.027126	0.008073	0.032491	0.022612	0.016793	0.009957	0.006971	
0.019944	0.001705	0.009224	0.003167	0.034102	0.004194	0.018533	0.029397	0.036066	0.024175	0.030396	0.00153	0.029206	0.028637	0.008802	0.011065	0.030694	0.014962	0.014547	0.009897	0.025364	0.018699	0.00249	0.006049	0.004004	0.014313	0.034984	0.001473	0.035201	0.027079	0.027297	0.038046	0.038599	0.009204	0.030265	0.002487	0.032226	0.007814	0.013684	0.013612	0.027475	0.008033	0.025438	0.025606	0.034026	0.00136	0.025652	0.037786	0.039453	0.032038	
0.03799	0.035928	0.038983	0.010488	0.038768	0.025267	0.005544	0.018422	0.03775	0.013864	0.029723	0.017853	0.011209	0.017966	0.010124	0.007744	0.014837	0.038481	0.012733	0.027311	0.006047	0.020429	0.029856	0.035044	0.005843	0.026043	0.012226	0.033911	0.012002	0.006713	0.028834	0.034092	0.006541	0.013347	0.009406	0.007039	0.010474	0.022056	0.023635	0.023612	0.024228	0.025973	0.008131	0.01641	0.0279	0.003881	0.001921	0.028626	0.019028	0.025767	
0.012635	0.011327	0.017655	0.010684	0.001287	0.031072	0.000945	0.039109	0.01229	0.00882	0.03286	0.005841	0.014481	0.009106	0.010598	0.021724	0.032614	0.004407	0.0301	0.019955	0.020176	0.015263	0.014173	0.021974	0.020136	0.038161	0.001034	0.020094	0.019595	0.002452	0.033346	0.032297	0.037071	0.030482	0.029634	0.012663	0.038168	0.025519	0.036544	0.005815	0.030725	0.03427	0.038479	0.022493	0.014924	0.006003	0.03587	0.003205	0.009144	0.02278	
0.29