50
2
0.299152	0.499601	-0.122079	-0.292977	-0.098603	-0.835523	-0.226786	-0.073319	-0.185074	-0.329684	0.286022	0.530694	-0.241942	0.039366	-0.132109	0.98571	-0.112215	-0.473765	0.58495	-0.692641	-0.097824	-0.917138	0.141758	-0.208156	0.133378	0.365067	-0.893349	0.437162	0.661497	0.459775	0.085227	-0.172323	0.949392	-0.703495	0.413056	-0.412693	0.616264	0.790085	0.551186	0.734498	-0.498397	-0.849776	0.467438	0.667188	-0.591496	-0.783184	0.635989	-0.470003	-0.356406	0.729753	
0.233889	-0.667776	0.902646	-0.872415	0.562394	-0.191641	-0.721767	-0.238833	0.214209	0.173161	0.559119	-0.417355	0.381506	-0.97506	0.235085	0.415119	0.2607	0.950777	0.3572	0.288221	0.468581	0.004279	0.686223	-0.538112	0.935337	-0.007457	0.908483	-0.301935	0.592765	0.429563	-0.027787	0.11383	-0.784258	-0.171431	0.363269	0.018545	-0.306427	-0.393401	0.104727	-0.779804	0.913572	0.667535	-0.988591	0.428085	-0.932645	0.279447	-0.846104	0.116094	-0.195217	-0.635601	
-0.43359	0.463906	-0.651056	0.581234	-0.990437	-0.420634	0.588491	0.648399	-0.515703	0.090606	-0.664441	0.903143	0.739332	-0.090909	0.021571	0.733066	0.895858	0.86761	-0.162692	0.815673	0.34419	0.740631	0.251673	-0.399778	0.212151	-0.635126	-0.722578	0.007659	-0.764645	-0.387241	0.047269	0.728794	-0.602366	0.993626	0.467302	-0.439817	-0.921856	0.623752	0.061917	0.166783	-0.039875	0.870013	0.906595	-0.789194	0.652205	0.915602	-0.087112	-0.014365	0.05012	-0.468562	
-0.061622	-0.53099	-0.873176	-0.664441	0.018306	-0.948619	0.858499	-0.970053	0.673709	-0.104173	0.364896	0.693148	-0.441945	-0.08403	-0.912329	0.560491	-0.990991	0.054081	0.241089	-0.658789	-0.825242	-0.125007	-0.734087	-0.189609	-0.046504	0.136992	-0.875586	-0.433805	-0.303434	0.934488	0.356421	0.818733	0.379486	0.032262	0.675822	0.685536	-0.852656	0.194819	-0.780524	-0.043205	0.288749	-0.367451	0.685608	-0.141595	-0.169592	0.483151	0.649038	0.22746	0.009095	-0.464327	
-0.819948	-0.359508	0.725621	-0.311145	-0.26045	0.374479	-0.634343	-0.27285	0.967585	0.087945	0.537429	-0.052383	-0.912933	0.579809	0.15482	0.042652	0.431714	-0.109038	-0.031803	0.050065	-0.852132	0.789475	0.023767	0.717793	-0.518627	-0.139533	-0.066518	-0.267869	-0.151727	-0.720589	0.032055	-0.327022	0.223919	-0.987435	-0.259805	-0.449785	0.779825	-0.733213	0.208997	-0.649704	-0.108606	0.321132	0.843552	0.688735	-6.2e-05	0.859621	0.550702	-0.123256	-0.352541	0.422505	
-0.490682	-0.566009	0.76421	-0.113833	-0.673484	-0.040291	0.127695	-0.253487	0.622324	-0.966122	-0.135695	-0.956952	-0.787526	-0.069882	0.686655	-0.383729	0.302231	-0.454281	-0.818995	-0.193157	-0.633907	-0.35164	0.941274	-0.003529	0.720019	-0.677578	0.516789	-0.271127	0.414249	-0.960182	-0.120156	-0.167381	-0.071178	-0.428275	0.948616	-0.375036	0.747162	-0.26796	-0.436715	0.779951	0.954049	0.052728	-0.837868	-0.722231	-0.729762	-0.251839	-0.631964	0.079326	0.805562	0.937842	
0.074598	0.212972	-0.864197	0.750069	0.051518	-0.708186	-0.077526	0.71727	-0.783444	0.654216	-0.828754	-0.960867	0.492246	0.574529	-0.150932	0.724324	0.695494	0.010686	0.088384	-0.460018	-0.119128	0.091782	0.543061	0.712888	-0.616541	-0.717803	0.700286	0.908691	-0.119727	0.60412	0.465301	0.589799	-0.893918	0.757719	-0.186841	0.377989	-0.143769	-0.907381	-0.646885	-0.378059	0.948582	-0.569459	-0.215212	0.190253	-0.389197	0.78038	0.436886	0.169792	-0.007417	0.062949	
0.886806	-0.200056	-0.341137	0.162669	-0.648808	0.177426	0.94376	-0.91602	-0.766748	0.585745	0.980568	-0.707954	-0.329639	-0.919123	0.5295	-0.933199	-0.23704	-0.962628	0.449066	0.107747	0.491068	0.564482	-0.207885	-0.7596	-0.869289	0.159206	0.250085	0.180768	-0.473749	-0.567445	-0.080915	0.713429	-0.912493	0.611588	-0.437509	-0.230395	0.131874	-0.070712	-0.363284	0.000504	-0.934643	0.426108	-0.307937	0.33935	-0.660083	-0.89814	0.8506	0.267291	-0.813836	-0.698676	
0.1397	-0.363887	-0.609381	0.661347	-0.457803	0.231699	-0.624305	0.824885	0.783933	-0.576107	0.298788	0.30001	0.923489	-0.96927	0.62812	0.153664	0.082279	0.539989	-0.903048	-0.157029	-0.728688	-0.905373	0.927352	-0.626928	0.993057	-0.441505	0.585393	-0.65023	0.243652	-0.313811	-0.725757	0.187236	0.42889	-0.41718	-0.895124	0.345455	-0.353551	-0.213518	-0.968086	0.525257	0.249957	0.379857	0.008276	-0.148964	0.287343	-0.947535	-0.57557	0.319131	0.428058	-0.721899	
0.856969	0.669091	-0.03643	0.287868	0.275155	0.016245	-0.896406	-0.786452	-0.226596	-0.382519	-0.63487	0.066485	0.779004	-0.999782	0.893121	-0.631537	-0.781151	-0.722942	0.270736	-0.931694	-0.289514	0.238869	-0.637199	-0.063127	0.002808	-0.332402	0.574506	-0.502476	-0.903437	-0.47042	0.426511	-0.071283	-0.212015	-0.397535	-0.407657	-0.165331	0.822755	0.401097	0.458452	0.834869	0.812391	-0.044369	0.27797	0.840549	-0.626928	-0.94084	-0.88722	0.169919	-0.722953	0.110006	
-0.278391	0.674812	-0.443492	-0.768487	-0.064266	0.3711	-0.876921	-0.174529	0.226114	0.702863	-0.311386	-0.549936	0.227267	-0.554504	0.846214	-0.201796	0.804961	0.40511	-0.411509	0.430185	-0.656112	0.56175	0.593682	-0.527457	0.257223	0.470471	0.154762	0.776929	-0.93118	-0.836171	0.31448	-0.498055	-0.264475	-0.401716	-0.723562	0.593784	0.594938	0.422511	0.98897	-0.435564	-0.166112	-0.31449	0.512289	-0.820558	-0.448384	0.627457	0.599636	-0.307642	-0.589582	-0.708892	
0.391097	-0.93177	0.185528	-0.857048	-0.799013	-0.049343	0.880863	-0.667378	-0.102443	0.564844	-0.389088	0.846695	-0.967623	0.727551	-0.49548	-0.085307	0.135874	0.887522	-0.190003	0.973736	0.803237	-0.571824	-0.223728	0.336216	-0.795886	-0.933708	-0.588492	0.389494	-0.530717	-0.368766	0.976109	-0.180338	-0.971648	-0.923755	-0.3868	0.563956	0.230386	-0.821984	0.949362	0.877999	0.409868	0.101931	-0.211204	-0.155327	0.755502	-0.601494	-0.835065	0.355333	-0.179798	0.79359	
0.709059	0.119824	-0.246	0.062496	0.1132	-0.252445	0.799109	0.473789	-0.52381	-0.418415	0.155108	-0.176582	0.386789	-0.753762	0.709978	-0.546815	-0.108624	0.775812	-0.25944	0.423314	0.800198	0.207517	-0.569936	0.262873	0.710662	0.994062	0.615541	0.39911	0.292287	-0.951021	0.84517	-0.088175	0.26242	-0.206815	0.725545	0.838501	0.357255	0.566288	0.455179	0.957612	0.820973	-0.563241	0.386488	0.73417	-0.071489	-0.821527	0.471214	0.246461	-0.762672	0.315655	
-0.405704	0.553981	-0.385179	0.09025	-0.326015	-0.746767	0.436556	-0.571956	-0.276265	0.47158	-0.53287	-0.657195	-0.417124	-0.502764	0.790173	-0.055674	0.596958	0.85005	0.024921	-0.254285	0.759348	0.91226	0.668791	0.616647	-0.923745	-0.15209	-0.127643	-0.653421	-0.92251	0.914588	0.768912	-0.152314	-0.258462	0.571332	0.600134	0.990877	0.636286	0.814306	-0.073124	-0.547999	-0.341083	0.749524	-0.694134	-0.159481	-0.923431	-0.239829	-0.901255	-0.610566	0.66866	-0.863377	
-0.001979	-0.131475	-0.894672	0.110954	-0.379537	-0.753327	0.398995	-0.925287	-0.318029	0.968256	0.381901	0.367933	-0.523883	0.253545	0.009622	-0.698675	0.117628	0.954306	0.405818	0.472158	0.791109	-0.084739	0.384234	-0.685194	-0.556891	0.589721	0.127086	0.409571	0.660333	-0.560141	0.163	0.208016	-0.301577	0.020716	0.397688	0.031557	-0.592038	0.698722	0.118118	0.709079	0.606325	0.202227	0.889626	-0.01055	0.068634	-0.693619	-0.26635	-0.596154	0.370132	0.759476	
-0.081592	-0.448233	-0.894832	-0.945201	-0.72501	0.846627	0.526458	-0.302026	0.944713	-0.290936	0.723492	0.458748	0.012515	-0.411521	-0.70181	-0.37772	0.384816	0.122978	-0.244124	0.6605	-0.871746	-0.486432	0.223675	0.794318	-0.504439	0.819111	0.593218	-0.543015	0.675179	0.579834	-0.523723	0.100206	-0.980982	0.107485	-0.194142	0.194896	0.711481	-0.495686	-0.132548	0.051042	-0.632397	0.337151	0.513052	0.074176	-0.837577	0.319481	-0.818176	0.837508	-0.257109	0.493322	
0.977654	0.495201	0.628555	0.518368	0.13323	0.356744	0.831901	0.754241	-0.356534	-0.357084	0.803257	-0.143662	-0.433743	0.885396	-0.221329	0.987581	0.271037	-0.077048	0.092397	-0.631434	0.556093	0.571336	-0.690065	0.610522	0.761916	0.319016	0.51925	-0.142327	-0.859743	0.080157	-0.930275	-0.935203	0.573658	0.624792	-0.019848	0.91223	0.119752	0.990414	0.948718	-0.67171	0.258065	-0.635945	0.489707	-0.322647	0.196691	0.382344	-0.355121	-0.30536	0.140878	0.397368	
-0.539509	-0.502796	-0.335129	-0.45051	-0.61951	0.561981	0.789489	-0.683243	-0.221123	0.49194	0.396268	-0.899617	-0.201256	0.937256	0.054355	0.193047	0.907596	-0.687097	-0.001758	0.686507	-0.882752	-0.719831	0.448102	0.077012	0.050889	-0.383892	-0.574828	0.135324	0.540863	0.42013	0.144155	-0.079836	-0.203853	-0.338911	-0.159666	0.167677	-0.642362	0.793549	-0.393221	0.655105	0.588127	-0.911168	-0.895169	0.482197	-0.717009	-0.208846	0.382329	-0.843795	0.259406	-0.231817	
0.346007	-0.818332	0.590845	-0.217436	-0.006626	0.150847	-0.396255	-0.81217	-0.153854	0.717891	-0.026252	-0.455781	0.262673	-0.236184	-0.97127	0.11967	-0.706076	-0.168267	-0.877329	-0.791612	0.526624	-0.342439	-0.034917	0.050319	0.850738	0.160929	0.268752	0.408525	0.59242	-0.174773	-0.913392	0.036763	0.634974	-0.966914	0.749568	0.69173	0.272051	-0.606534	-0.556801	-0.433769	-0.957396	0.870571	-0.551525	0.022581	-0.794772	-0.746562	-0.957086	0.034068	0.472119	0.188225	
-0.58255	0.398334	-0.138711	0.03305	0.697952	0.160228	-0.302782	0.564975	-0.057812	0.970268	-0.08168	-0.022129	-0.545986	0.47334	-0.986084	-0.435354	0.09504	-0.085616	0.237261	-0.760046	-0.928385	0.568958	-0.29577	-0.933034	0.513708	-0.50058	-0.673423	-0.554404	-0.719722	0.109638	0.931899	0.975805	0.721227	0.747541	0.633549	0.560266	0.060071	0.236061	0.201681	-0.367736	-0.528725	0.10379	0.82173	-0.757705	0.903779	0.633718	-0.323841	0.433998	-0.138468	-0.520643	
0.45786	-0.094123	-0.885628	-0.66722	0.744931	-0.10036	0.826752	0.132917	0.261249	-0.053849	0.647527	-0.565262	-0.257148	0.92687	0.437568	-0.436431	-0.120504	-0.904783	-0.379784	0.812782	0.304311	-0.830853	-0.878112	-0.703663	0.425024	0.437487	0.219817	0.617513	0.481716	0.515955	-0.850465	-0.118541	0.451006	-0.253665	0.02334	-0.254006	0.432856	-0.67575	0.840434	-0.915455	-0.846806	0.706646	-0.283427	0.570155	-0.204888	-0.318619	-0.726163	0.948391	-0.477576	0.272606	
-0.731974	0.474345	-0.008226	-0.404695	0.465189	-0.299946	-0.373244	-0.488377	0.090487	-0.677727	-0.954443	-0.80378	0.875979	-0.617878	0.922105	-0.171808	-0.194961	-0.364456	0.225425	0.855235	0.32018	-0.400835	0.906343	-0.537852	0.525253	0.25095	-0.811023	-0.292543	0.963207	0.949475	0.557387	-0.109326	0.173166	-0.060288	-0.769304	0.581659	-0.306862	-0.712848	0.821527	0.448543	0.170074	0.476305	-0.36317	0.522523	-0.430246	-0.525865	-0.052177	0.911911	-0.291987	-0.419081	
-0.347927	0.997913	-0.169266	0.035662	0.682091	-0.775476	0.563253	0.15507	-0.193614	0.659784	0.257896	0.670649	0.078675	0.281455	-0.284275	-0.015066	0.99308	-0.300154	-0.774735	0.787057	-0.610039	0.120734	-0.204866	-0.654819	-0.634558	-0.995293	-0.100882	-0.22225	-0.228838	-0.524935	0.201286	0.714029	-0.31732	0.590949	0.561829	0.070494	0.723381	0.831691	-0.397437	0.887991	0.532078	-0.783454	-0.747226	0.991023	0.620713	0.711746	-0.137064	0.182436	-0.271196	0.148275	
0.010744	0.473075	0.922669	0.010407	-0.306768	-0.833825	0.105836	0.562218	0.130713	0.526631	-0.94403	0.763265	-0.169838	0.209929	-0.648209	-0.22527	0.499797	-0.759541	0.144355	0.719018	-0.075873	-0.745917	-0.884136	-0.540375	-0.144291	-0.112586	-0.995977	-0.495731	-0.115076	-0.357552	0.899818	-0.854818	0.204696	-0.827006	-0.395302	0.119952	-0.444297	-0.253003	0.210685	0.102058	0.84406	-0.907789	-0.742123	0.389009	0.30722	0.096777	0.348119	-0.662903	0.780284	-0.455911	
-0.297741	0.844052	-0.76556	-0.451681	-0.251375	-0.239069	-0.802468	-0.592459	0.314752	0.831822	-0.368193	0.704738	-0.693011	0.729386	-0.786164	-0.654914	-0.63165	0.500666	-0.832999	0.87433	-0.141651	-0.788692	0.634178	-0.760934	0.723306	0.389712	0.310892	0.945944	0.545442	0.784636	0.287887	-0.582352	-0.590693	-0.153781	0.32335	-0.489182	-0.903366	-0.821871	0.481602	0.085323	-0.509463	-0.439478	-0.524635	0.011158	0.311853	-0.337735	0.33456	0.164943	-0.005394	-0.859268	
-0.054208	0.473717	-0.713119	0.498688	-0.590691	0.259244	0.902309	0.356299	0.179725	-0.168754	0.627734	-0.189052	0.520174	-0.162613	-0.226518	0.484498	0.149793	-0.114804	0.889691	0.335241	-0.906391	0.314094	0.796064	0.528323	0.330398	-0.601636	-0.808672	-0.933945	-0.762297	-0.950326	-0.205385	-0.012378	0.454515	0.136919	-0.639846	0.523695	-0.40137	-0.81912	-0.35575	0.84926	0.09812	0.623016	0.595846	-0.732467	0.624645	0.037372	0.941209	0.286135	0.996104	0.981881	
-0.43936	-0.935112	0.483943	-0.033171	0.6721	-0.787708	-0.043754	0.139456	-0.329473	-0.414504	-0.069201	-0.556691	0.194664	-0.683995	-0.367715	0.149467	-0.046991	0.050834	-0.648201	0.015804	0.89627	-0.213255	0.08866	-0.041966	0.282552	-0.021364	-0.146792	0.567724	0.441228	0.088289	0.825381	-0.651577	-0.051651	0.421401	0.539391	-0.035569	0.730103	-0.281532	0.866911	-0.250278	0.878434	0.191503	-0.345987	0.035061	0.574355	0.257374	0.735119	0.129807	0.361087	-0.514773	
0.858129	-0.37774	-0.245609	-0.899367	0.343695	0.187439	0.754398	-0.754233	0.645442	-0.381589	0.937152	0.022847	0.054512	0.06071	-0.108274	-0.086639	0.72791	-0.273415	-0.09714	-0.601016	0.548807	0.087343	0.141523	-0.264443	-0.148059	-0.008754	-0.288829	-0.615493	0.442382	-0.618536	0.070375	0.534786	-0.671918	-0.059215	-0.153644	-0.646366	-0.756322	0.771336	0.720866	-0.433906	-0.946978	0.007253	0.323928	0.544285	0.803347	0.128517	0.783311	0.561181	-0.070314	0.72824	
-0.062325	-0.210057	0.810096	0.07831	0.204988	-0.55224	-0.296482	0.027921	-0.839927	-0.394928	-0.348475	0.855119	0.748654	-0.457485	0.597902	0.518952	-0.826777	-0.622297	-0.936571	0.589568	-0.692683	-0.393545	0.149664	0.517985	0.400496	-0.306918	0.627035	-0.023206	-0.109979	-0.793289	-0.106691	0.230304	0.879228	0.368784	-0.229848	0.954554	-0.994561	0.318189	-0.066469	-0.304637	0.215173	-0.444319	-0.805845	0.865239	0.7209	-0.238443	-0.105475	-0.607576	-0.614003	0.350421	
0.407847	0.092482	-0.722335	0.704908	0.749974	-0.624158	-0.418439	0.144916	-0.221273	0.544373	0.484449	0.751975	-0.337099	-0.722035	-0.816438	0.919297	-0.389172	-0.642292	0.058676	-0.052168	0.444282	0.351085	-0.82042	-0.860645	-0.594553	0.494217	0.629349	0.236203	-0.492505	-0.151386	-0.264365	0.839341	-0.341082	0.943129	0.941939	-0.950216	-0.69007	-0.794587	0.415448	-0.034318	-0.746067	0.713281	0.874102	-0.787126	-0.403954	0.597721	-0.321442	-0.455839	-0.981432	0.079289	
-0.285187	0.067394	0.034562	0.779547	0.752624	-0.338721	-0.676283	0.070185	0.987346	0.583606	0.021279	0.194842	-0.090513	0.027809	-0.846253	-0.694358	0.157078	0.524853	0.953257	0.723446	-0.496257	-0.979592	0.078162	-0.177519	0.167065	0.527089	-0.942103	0.066476	-0.960192	0.583761	0.892213	-0.93703	-0.805442	-0.771553	0.549798	-0.694829	-0.14706	-0.022606	0.794365	0.112001	-0.407798	0.016829	0.01576	0.407473	-0.535426	0.04302	-0.990138	0.014681	-0.16947	0.269149	
0.982997	0.547025	-0.840585	-0.8143	-0.241304	-0.118753	-0.088206	0.288762	-0.80092	0.556758	0.902516	-0.991439	-0.554186	0.491204	0.948344	0.902985	-0.897925	-0.184324	-0.306672	0.546738	-0.038726	0.050289	0.471706	0.611545	0.278526	0.195617	-0.996641	0.637861	0.8184	-0.451966	-0.922645	-0.862352	-0.701715	0.139011	0.600084	-0.39284	-0.433079	-0.756351	-0.226478	0.703476	-0.670677	-0.819881	0.606255	0.428592	0.582282	0.39705	0.166675	0.732598	-0.037292	-0.042356	
-0.029434	0.948891	0.559118	-0.02843	-0.643881	0.213798	0.995398	0.952385	0.269357	-0.032681	-0.264598	0.05184	0.829304	0.463321	0.408725	-0.434588	0.684742	-0.038776	0.755158	0.582932	0.407226	0.494743	-0.973597	0.226059	-0.790389	-0.576238	-0.319421	-0.14646	0.429959	-0.38424	0.835216	-0.273267	-0.414567	-0.276049	0.552756	-0.231835	-0.451239	-0.149407	-0.212731	0.16384	0.550408	0.085421	0.346721	0.389578	0.28963	0.707705	0.450604	0.636882	-0.265994	-0.416484	
-0.337805	0.45057	-0.183776	-0.643962	0.49872	0.913025	0.105388	-0.930487	-0.041442	0.23738	0.923616	-0.012167	0.081299	-0.541608	0.164198	0.017577	0.244169	0.816377	-0.338823	0.756773	-0.271601	-0.886477	-0.794219	-0.588657	-0.528598	-0.424627	-0.695198	0.622668	-0.100269	-0.718659	0.50705	-0.503384	-0.820899	-0.547173	0.927824	-0.053411	0.825264	0.791446	0.728989	0.536557	0.515565	-0.400143	-0.194804	0.251199	0.899356	-0.514592	0.484484	-0.512762	0.144169	0.259311	
0.136649	-0.93136	-0.410309	-0.866061	-0.836925	-0.660049	-0.444392	-0.915693	-0.535682	0.535725	0.274412	0.164589	-0.581958	-0.359002	0.392691	-0.679086	-0.662256	-0.431843	-0.481386	-0.386828	-0.687498	0.477021	0.838929	0.983865	-0.404007	-0.147087	0.883676	0.094619	0.689846	0.075695	-0.540495	-0.931781	0.785317	0.321099	-0.995113	0.777009	-0.57637	0.173428	-0.348931	-0.391372	0.376316	0.973429	-0.490208	0.088825	0.233154	-0.451169	0.151925	-0.730094	0.068575	0.84441	
0.641995	-0.62773	-0.604076	0.212547	0.231791	-0.023951	-0.60118	0.912683	-0.881729	-0.02502	0.782004	0.529928	0.645999	-0.650325	0.95586	0.986362	-0.33019	0.814555	-0.929099	0.3352	-0.344559	0.292283	0.499612	0.065172	-0.431616	0.42114	-0.187581	0.797176	0.830023	0.262941	0.375429	-0.92477	0.349545	0.695468	-0.87166	-0.812642	0.793181	-0.797462	0.397932	-0.438637	0.66231	-0.196459	0.477026	-0.604691	0.475314	0.392013	-0.43936	-0.393929	0.154	0.569791	
0.451354	0.49732	0.860651	-0.090132	-0.641836	0.136422	0.355216	0.248263	-0.958057	-0.411273	-0.068235	0.964239	0.260232	0.347792	-0.467004	0.316886	0.148864	-0.322213	-0.55964	-0.687159	-0.571163	-0.03816	-0.681217	0.043472	-0.442206	-0.734901	-0.578054	-0.278432	0.087299	0.991593	-0.334992	-0.708367	-0.977974	0.063772	0.710158	-0.320904	-0.003977	-0.68991	-0.572526	0.016631	0.859543	0.329179	0.313624	-0.659999	-0.481881	-0.44593	-0.495036	0.335264	0.89611	0.256449	
-0.883986	-0.498701	0.309588	0.592592	0.864035	0.281019	0.609669	-0.50888	0.107475	-0.946769	-0.418637	0.26157	-0.618468	0.595507	0.975869	-0.257712	-0.946565	-0.911377	0.483447	-0.838392	-0.813828	0.741173	0.599609	0.231355	0.011273	-0.162933	-0.056299	0.37856	-0.061957	-0.665841	-0.11036	-0.34559	-0.391661	0.216391	0.219289	-0.741841	-0.383289	0.863795	0.222706	0.537883	0.412216	-0.739401	0.063992	0.013371	0.690433	-0.743435	-0.733734	0.93452	-0.165348	-0.39063	
0.403391	-0.001375	0.311077	-0.581467	-0.177608	0.88331	0.192177	-0.048674	-0.975293	0.759019	-0.207713	-0.289333	0.521716	0.950548	-0.671331	0.557373	-0.252779	0.332261	0.365658	0.819266	0.151184	-0.197954	0.384009	-0.319667	0.38773	0.864934	0.981392	0.610523	-0.117333	0.360633	0.944992	-0.073613	-0.253854	-0.904352	-0.464398	-0.802644	-0.748934	0.413652	0.326422	0.200394	-0.748037	-0.442545	0.650877	-0.107894	-0.878496	-0.856373	-0.845822	0.186923	-0.69989	0.638928	
-0.511478	0.576755	0.058177	-0.044933	-0.191703	0.853436	-0.290977	-0.119882	-0.904918	-0.901583	0.752317	-0.363467	0.633421	-0.303752	0.845206	-0.693588	0.477776	-0.869052	0.454574	0.099128	-0.654748	-0.175435	-0.647973	-0.733231	-0.194976	-0.667448	-0.890932	-0.90319	-0.037995	-0.570474	0.785275	-0.250587	0.498104	0.181177	0.405096	-0.336173	-0.673502	0.84647	-0.786603	-0.153865	0.873168	-0.594003	0.020628	0.808502	-0.435113	-0.144774	-0.471167	0.437786	0.677307	-0.053861	
0.804639	0.73	0.990656	-0.204444	-0.223512	0.16655	0.644065	-0.790545	0.323202	0.486042	0.285549	0.478402	0.672603	-0.948048	-0.2597	0.981618	-0.686479	0.487686	-0.264582	0.44709	-0.29054	-0.686238	-0.007205	0.282944	-0.73959	0.29816	0.230674	0.579345	0.598311	-0.596799	0.810177	0.485134	0.408118	-0.379318	-0.708519	0.183475	0.556026	-0.290054	0.912962	-0.259066	0.245865	-0.510387	-0.130662	0.05341	-0.267702	0.630206	-0.697674	-0.173514	-0.815157	0.727852	
0.803112	-0.464346	0.354122	0.31978	-0.980442	-0.302099	-0.577738	-0.86593	-0.50903	0.353963	0.112905	-0.921876	-0.858023	-0.980092	-0.986415	-0.57444	0.259419	0.06552	0.466583	-0.669365	-0.696799	-0.807827	-0.937847	-0.090038	-0.720898	0.233065	0.781055	0.384077	-0.3344	0.114186	0.848617	0.473996	0.095	-0.881949	-0.971954	-0.294588	0.155349	-0.277843	0.70588	0.323329	0.483745	0.823483	-0.519848	-0.823817	0.628506	0.079266	0.47511	-0.244704	0.106675	0.698762	
0.83882	-0.709153	-0.641652	-0.657862	-0.808656	0.449148	-0.58278	-0.346406	0.36204	0.685481	-0.549073	0.378784	-0.693509	-0.062924	-0.997785	-0.918955	-0.895424	0.501316	-0.288581	-0.334832	-0.632504	-0.263551	-0.764506	-0.918566	-0.860781	0.951074	-0.418471	-0.813811	-0.645741	-0.028516	0.860717	0.804744	0.948453	-0.318182	-0.937104	-0.532736	0.152703	-0.704854	-0.041598	0.666225	0.124055	-0.348736	-0.368473	0.561422	0.459135	-0.161766	-0.747542	0.972118	-0.096554	0.042396	
-0.956108	0.15868	-0.40671	-0.281841	-0.495404	0.870218	-0.81228	-0.350099	-0.525485	-0.255893	-0.393189	-0.702363	0.848642	0.840464	0.48643	0.879881	0.22523	-0.600073	0.353603	-0.247749	0.276908	-0.944189	-0.685291	-0.02463	-0.605444	0.547075	-0.700034	0.410629	-0.434378	0.416265	0.887318	0.195762	0.577036	0.752045	-0.440022	-0.935959	0.853956	-0.652304	0.882937	-0.533884	-0.376582	0.125911	0.575349	-0.311648	-0.661591	-0.542094	-0.093543	-0.239653	-0.877476	-0.287853	
0.269732	0.970905	-0.848572	0.172177	0.330373	-0.828891	-0.511353	0.500376	-0.959255	0.648275	0.787749	-0.795923	0.801299	0.051248	-0.966322	0.630046	0.504152	0.007687	-0.740027	-0.743899	0.902276	-0.574875	0.726799	-0.598173	-0.317325	0.759669	0.404858	-0.758801	0.818014	0.132052	-0.102412	-0.413575	-0.972246	0.712993	0.663725	0.828159	0.897074	-0.091189	0.918011	-0.14636	-0.812727	-0.473193	-0.562605	-0.079793	0.921995	0.013347	-0.567884	-0.89445	0.994808	-0.409456	
0.119809	-0.502971	0.298845	-0.762016	0.646174	0.653631	0.042869	0.83918	-0.110585	0.791878	0.158895	-0.651197	0.157066	0.359908	0.390097	0.034245	-0.842907	-0.228004	-0.636354	0.583542	-0.146208	0.365017	0.273504	0.855505	-0.320935	-0.441707	-0.802955	-0.056232	0.851298	-0.634011	0.118444	-0.502534	-0.856428	-0.321444	-0.739298	-0.948088	0.393726	0.739133	0.039122	0.785519	-0.782904	0.647408	-0.289123	0.958029	0.902146	0.72524	-0.631753	-0.331378	0.954831	0.998663	
0.884367	-0.41908	-0.564778	-0.742663	0.43325	-0.361418	0.442411	-0.170777	0.863205	0.320205	-0.92671	-0.023211	0.805554	-0.325184	-0.229814	0.560268	-0.406306	0.879266	-0.037379	-0.109792	-0.800733	-0.440909	0.86475	0.853419	-0.94213	-0.073526	-0.907591	-0.433673	0.100148	-0.328063	0.620605	0.055351	0.290391	-0.324536	0.834658	0.937647	0.126804	0.473694	-0.307993	0.294142	0.183326	0.731942	0.457985	0.0868	0.506368	0.987281	0.725793	-0.929343	0.737077	-0.372692	
-0.764446	0.414694	0.650666	0.866024	0.925366	-0.035056	0.774994	0.274321	0.826502	0.946246	-0.662454	0.256418	-0.18986	-0.064516	-0.804387	0.815504	0.391797	-0.077392	0.559311	0.193473	0.035176	-0.470182	0.370702	-0.098748	0.826826	-0.474666	-0.464382	-0.331284	0.254569	0.797573	-0.232205	-0.857592	-0.163538	-0.156531	-0.916357	-0.736092	-0.108659	-0.265958	-0.515093	-0.938739	0.1422	-0.935352	-0.700943	-0.311882	0.408274	0.833844	-0.635165	0.971156	-0.76461	0.869029	
0.467056	0.685209	0.236528	0.22216	0.345287	-0.357339	-0.033622	-0.588228	0.31265	-0.614273	-0.624739	0.623525	0.594497	-0.313759	-0.652638	-0.627717	0.86033	-0.173938	0.553118	-0.824465	-0.041023	-0.913456	0.554908	-0.293896	0.499938	-0.541127	-0.899495	-0.170825	-0.912917	-0.517097	0.589643	-0.068573	-0.264946	-0.101091	0.164918	0.737877	0.37535	-0.281834	0.868489	0.536854	0.601181	-0.371531	0.842278	-0.228022	0.949883	-0.859612	-0.546214	0.026989	-0.275112	-0.621909	
-0.533581	0.935902	-0.705985	-0.16473	-0.528107	0.54214	0.448759	0.716767	-0.522422	0.937484	-0.756897	0.110325	-0.09979	-0.098298	0.237907	-0.361701	-0.529614	0.682504	0.129158	-0.911998	0.194482	0.439706	0.323765	0.038096	0.036092	0.161991	-0.905403	-0.763588	-0.811267	-0.508911	0.982664	0.454518	-0.249662	0.677472	-0.278327	0.634038	-0.193717	0.424307	-0.376541	-0.435464	0.438972	0.450472	-0.262787	0.395116	0.374285	-0.045447	-0.927775	-0.99848	0.531811	0.103879	
0.883865	-0.751893	0.861005	0.721102	0.330236	-0.147881	-0.859349	-0.451615	0.518665	0.589469	0.643004	-0.847004	-0.15048	0.090221	-0.841826	0.146929	-0.216333	-0.723839	-0.849184	-0.987494	-0.25221	0.97753	0.69501	0.731196	0.015028	0.415604	-0.671697	0.405753	-0.552457	0.071646	-0.50326	0.704117	0.470269	-0.563402	-0.450465	0.940983	-0.816529	0.9656	0.503872	-0.867358	-0.861766	-0.25202	0.554802	0.596272	-0.297573	-0.806305	0.431585	-0.077041	-0.005917	-0.316858	
-0.456563	0.80168	0.152683	0.943662	0.323661	-0.589503	0.861907	0.566736	-0.682269	0.923444	-0.303118	-0.601702	0.237548	-0.065071	0.069589	-0.115744	-0.89232	-0.783918	0.628017	-0.429803	-0.188188	0.329701	-0.129285	0.711866	-0.39701	0.109904	-0.962102	-0.121858	0.03359	-0.233139	-0.809559	0.050683	-0.222721	-0.67581	0.027292	0.635609	-0.82186	-0.528287	-0.515797	0.47733	-0.604772	0.995704	0.346779	-0.794775	-0.636229	0.738807	0.52964	0.175764	-0.945884	0.166353	
0.134454	-0.769082	0.478338	-0.101805	-0.732854	0.03924	-0.186295	-0.99926	-0.640202	-0.32855	0.967947	-0.147533	-0.10569	0.366818	-0.785112	0.97612	-0.709716	-0.183175	-0.626175	-0.435996	-0.163989	-0.40667	-0.719992	0.784029	0.518247	0.2823	0.646247	0.745624	-0.362358	0.557378	-0.912903	0.46097	0.129456	0.035043	0.314036	-0.660067	-0.639562	-0.397604	0.456871	0.069709	0.05483	-0.961867	-0.666347	-0.090765	-0.551471	-0.620297	0.015105	0.776045	0.122495	0.776721	
0.797635	-0.820847	0.668884	-0.600978	0.50209	-0.054092	-0.066592	-0.079337	-0.974034	-0.427222	-0.419384	-0.554153	0.410608	0.920207	-0.571102	-0.620848	-0.51262	0.195894	-0.829452	0.762	-0.082592	-0.47839	-0.117426	-0.951609	0.73638	0.414134	-0.072481	0.504946	0.425889	-0.786067	-0.793893	-0.714363	0.17175	-0.26987	0.636785	0.78273	-0.860397	-0.771654	0.758608	-0.726252	0.844558	0.802356	0.936705	0.314917	0.578203	-0.119111	0.873822	-0.172309	-0.995144	-0.224964	
-0.825212	0.388273	0.197322	0.201265	0.817334	-0.293897	-0.266072	-0.697307	0.353649	-0.621702	0.12022	0.935712	-0.5841	0.256941	-0.747097	-0.523438	0.647349	-0.893863	0.862354	-0.427719	-0.386011	-0.933485	0.98576	-0.141571	0.137115	-0.646795	-0.089567	-0.379955	0.398894	-0.087257	-0.667915	-0.991027	0.356979	0.975954	-0.60339	0.460107	-0.508735	-0.127376	-0.316689	-0.393914	0.453287	-0.24853	-0.641887	-0.979761	-0.039058	0.201843	-0.71694	0.733941	0.368525	-0.31932	
0.403536	-0.550466	-0.267746	0.779412	-0.847984	0.788517	0.016565	0.375128	-0.547976	0.990224	-0.244454	-0.277485	0.891932	0.186237	-0.577009	-0.461209	-0.875921	0.02577	-0.630513	0.709005	0.853679	0.024616	0.952179	-0.844123	-0.580949	0.178192	0.97309	0.174152	-0.110166	-0.443971	0.181222	-0.044984	0.660337	0.164087	-0.489936	0.300944	0.789137	0.982608	-0.560798	-0.563848	0.656134	0.842763	0.334209	0.263899	-0.657206	0.052369	0.543609	0.511375	-0.602074	-0.211423	
-0.326382	-0.858557	0.703174	0.157417	0.989919	-0.002125	-0.393464	0.525979	0.620591	-0.540345	0.715291	-0.267578	0.951053	-0.456968	-0.51719	-0.381857	0.851375	-0.237035	0.707477	-0.296097	0.622717	-0.918284	-0.409203	-0.370232	0.455797	-0.123819	-0.885953	0.654461	-0.679373	0.575463	-0.24533	0.097854	-0.128332	0.191296	-0.557156	-0.296109	0.701207	-0.928292	0.295969	-0.720063	-0.741197	0.463476	-0.682589	0.61449	0.935565	-0.941945	-0.130713	0.245314	-0.247503	0.778495	
0.948614	-0.504183	-0.18691	-0.602452	-0.3414	-0.387644	-0.440739	0.8111	0.697086	-0.795208	0.952017	-0.245487	0.633829	0.173641	0.351355	0.865711	0.726339	0.734667	0.572843	0.568387	0.449177	-0.949911	0.851853	-0.575816	0.686998	0.436586	-0.927027	0.684542	0.057113	0.467273	-0.034633	0.777303	0.469238	0.50289	-0.068325	0.815788	-0.257665	0.134677	0.970266	-0.991027	0.792569	0.865262	-0.760929	-0.383929	-0.715156	0.832684	-0.109844	-0.645514	-0.887175	0.024953	
0.875291	-0.70017	-0.729679	-0.631539	0.981794	-0.349144	-0.530929	0.021535	-0.555687	0.019768	-0.980053	0.475464	0.766069	0.585994	0.571244	0.332209	0.059562	0.351962	-0.304433	-0.826318	0.399367	0.140714	-0.023387	-0.782945	0.347458	-0.119121	-0.396719	0.221617	-0.575208	-0.134939	0.878418	-0.957489	0.915433	0.100167	0.827692	-0.416155	-0.401687	-0.529451	-0.13611	-0.379771	0.687646	0.753106	0.847841	0.249152	-0.220223	-0.688294	0.222494	0.88306	0.856935	0.338972	
-0.080368	0.719407	0.383841	0.575878	-0.917018	-0.458994	0.292855	-0.618084	0.288576	-0.322004	0.739164	-0.525811	-0.154534	0.236814	0.678048	-0.42914	0.897782	0.358793	0.116066	0.65451	-0.187777	-0.200292	-0.096256	-0.818804	0.553595	-0.393344	-0.674702	0.700229	-0.076728	0.79062	-0.465054	-0.544309	-0.688771	-0.348281	-0.919472	0.904142	-0.969225	-0.714003	0.854909	0.028194	0.300929	-0.147856	0.992609	0.657	-0.345702	-0.491986	-0.16317	-0.426982	0.621698	-0.919678	
-0.415569	-0.66953	-0.07269	-0.674125	-0.410577	-0.758383	0.612537	-0.05812	-0.442487	0.911085	0.722217	0.714056	0.452731	-0.077744	-0.415005	0.966018	0.643394	-0.181044	0.842954	0.856949	0.991641	-0.681369	-0.049129	-0.715636	-0.407221	-0.507038	-0.937393	-0.203003	0.187195	0.276392	-0.915962	0.890503	-0.397219	-0.816281	-0.152999	-0.757531	0.199729	-0.341771	-0.591298	-0.289728	0.187858	0.056517	-0.541332	0.2414	-0.865809	0.930391	-0.617995	0.598063	-0.913967	0.653758	
0.956865	-0.385861	-0.823639	-0.497845	-0.277007	-0.08917	-0.098437	-0.018096	-0.114266	0.198659	-0.720376	-0.856378	0.892679	-0.966207	0.001904	0.313873	-0.407669	0.587224	-0.564054	-0.231053	0.473117	0.844613	0.462997	0.423084	-0.58397	0.489231	0.450314	-0.929936	0.200903	-0.207271	-0.205617	-0.881406	-0.786569	-0.93544	-0.834184	-0.622355	0.774173	-0.53158	-0.710302	0.494267	-0.426705	0.807974	-0.614307	0.106432	0.158578	-0.410803	-0.765516	-0.808891	0.12696	-0.640187	
-0.992087	0.276554	0.590936	0.54949	0.255889	0.336995	0.421473	-0.445301	-0.172681	-0.155439	-0.88621	0.138069	-0.224906	0.235013	0.03223	-0.685578	0.505514	0.242693	0.569118	0.519699	-0.225425	0.931318	-0.177141	-0.379983	0.176224	0.125891	-0.239624	0.986331	0.848862	0.704302	0.781031	0.505587	-0.982301	-0.201402	0.298263	-0.789685	0.522465	-0.258007	-0.509228	0.083115	0.008892	-0.899887	-0.058401	0.620385	-0.785528	0.990338	-0.223081	0.367584	0.221038	-0.184913	
0.426915	0.119211	-0.25424	0.553281	0.503062	0.413486	0.820347	-0.926971	-0.136804	0.171878	-0.588163	0.667059	-0.848223	0.913118	0.508038	-0.269018	0.374389	0.292735	0.200194	0.73983	-0.337627	0.096155	0.407609	0.582778	-0.145251	-0.181801	0.727161	0.434042	-0.583339	0.379474	0.082807	-0.369287	0.51973	0.097657	0.78511	-0.271092	0.337299	-0.944335	-0.262299	-0.434001	0.324395	0.397803	-0.670923	-0.264597	-0.117801	-0.518079	-0.407431	0.614448	-0.623366	-0.934652	
0.066197	-0.523334	0.533274	0.735363	-0.277228	0.676508	-0.183024	0.803648	-0.796945	0.925672	-0.871322	0.730245	0.806914	-0.675024	-0.526602	-0.661267	-0.532882	-0.413768	-0.028447	-0.441597	0.492539	-0.758231	-0.331625	0.906724	0.143864	0.668849	-0.12204	-0.609081	-0.499139	0.127217	0.514106	0.39324	-0.619595	-0.884852	-0.849292	0.257107	-0.766094	0.317965	0.85513	-0.725892	0.583181	0.897852	-0.437423	-0.576003	0.78952	-0.337614	-0.483787	-0.350646	-0.041048	-0.987925	
-0.263108	-0.523158	-0.46748	0.118401	-0.765255	-0.856605	0.801904	-0.118833	0.13326	-0.227377	0.016964	-0.056656	0.089053	-0.133072	0.492906	0.601203	-0.197165	0.469291	-0.318868	0.806785	-0.057831	0.988171	0.543342	0.979707	-0.769134	-0.177336	-0.00734	-0.524563	-0.979562	-0.811931	0.203551	0.473786	-0.49415	-0.722548	0.443202	-0.556852	-0.147841	0.528963	-0.35972	-0.224033	0.942733	0.236697	-0.89791	0.795751	-0.959973	0.51051	0.826083	-0.003781	-0.024982	-0.547074	
-0.093279	-0.190578	0.283278	0.487345	0.938485	-0.50506	-0.615415	-0.766012	0.908285	-0.643865	-0.77536	0.017853	-0.361889	-0.266742	-0.745429	-0.83098	0.92619	-0.685453	-0.266596	-0.19877	0.341	0.2942	0.924827	0.97862	-0.170824	-0.693062	0.886428	-0.282806	0.383819	0.849679	-0.791383	-0.719748	-0.277625	-0.356592	0.152882	0.371763	-0.220197	-0.874462	0.673481	-0.36267	-0.738999	0.530232	-0.895893	0.698524	0.712628	0.625629	-0.067719	0.998605	-0.988893	-0.852974	
-0.946045	-0.354573	-0.445833	0.105068	0.519122	-0.300175	0.837433	-0.012705	0.247723	-0.147025	-0.696986	-0.611948	0.608518	-0.714923	-0.341971	0.413814	0.816729	0.86548	-0.931917	0.883056	0.288909	0.946397	0.31842	-0.555989	-0.668362	-0.705427	0.150027	-0.512954	-0.771562	0.380113	0.775502	-0.843963	-0.137466	0.420016	-0.750065	0.987471	-0.666443	0.622857	0.388974	0.063056	0.149652	-0.561062	-0.148843	-0.520835	-0.467857	-0.078428	-0.67118	0.215882	0.097011	0.191507	
-0.321261	-0.185906	0.069206	0.604197	-0.099771	-0.062328	-0.906849	0.046959	0.529674	-0.43526	0.386902	0.826823	-0.192309	-0.774294	0.221187	0.000306	-0.834025	-0.883946	-0.180785	-0.222463	-0.35355	0.535922	-0.186004	0.596197	0.796871	-0.48459	0.512748	0.882632	0.808001	-0.739249	-0.513468	-0.903954	-0.520512	0.319891	0.104763	0.353822	-0.608693	0.221673	-0.721243	-0.994354	0.683329	0.71635	0.380866	0.654799	0.565643	0.400418	0.936159	0.652526	-0.390268	0.211729	
0.915078	-0.202186	-0.634506	0.182544	0.087558	0.387135	-0.281675	-0.050625	0.752486	-0.887472	0.24372	0.554224	0.740613	-0.504487	-0.467134	0.275149	0.700248	0.370968	0.179948	0.461612	-0.751134	0.321573	-0.397333	-0.7321	-0.134807	0.603839	-0.889311	0.775431	0.689823	0.172188	-0.355173	-0.883727	0.186184	0.06786	-0.948244	-0.723173	0.34147	0.855627	0.156097	0.275145	-0.04128	0.283522	-0.07204	0.162608	-0.914136	-0.679321	0.452333	0.428728	0.221962	0.11321	
-0.41563	0.162854	-0.105213	-0.067103	-0.6098	-0.911329	0.632283	-0.690305	0.905607	-0.980932	0.568275	-0.254399	-0.22122	-0.058169	0.59075	0.601874	0.917727	-0.680894	-0.255931	-0.445667	0.100549	0.427624	-0.71824	0.787833	-0.343698	0.030469	-0.123396	0.292527	0.50363	-0.734414	-0.427685	0.004192	0.541473	-0.708383	-0.933235	-0.775033	-0.679706	-0.290755	-0.323658	0.893027	-0.16363	0.552465	-0.782532	-0.733663	-0.094158	-0.015136	0.600449	0.763003	0.073324	0.746967	
0.539842	0.793104	0.287937	0.260906	0.901093	-0.476619	0.067463	0.506696	-0.807485	0.774643	0.798126	-0.907334	0.482147	0.673578	0.564139	-0.221369	-0.308195	0.892538	-0.118992	0.504178	-0.521879	0.334179	0.58977	0.125237	0.39298	-0.187231	-0.438684	-0.075093	-0.495126	-0.23758	0.623509	-0.107913	0.201014	0.333783	-0.618465	-0.896047	-0.757716	-0.994837	0.713627	0.77092	0.520002	-0.709372	-0.558454	0.744743	-0.768628	0.473793	0.691083	0.814916	0.253699	-0.727487	
-0.832663	0.734788	0.629965	-0.430329	0.998442	-0.899179	-0.808013	-0.227227	0.094401	-0.9149	-0.341855	0.611805	0.549348	-0.81875	0.440858	0.112459	-0.072901	0.162537	-0.822503	0.757729	-0.56334	0.885714	0.490693	-0.172297	-0.999961	-0.800806	-0.491853	-0.668053	0.221353	-0.823815	-0.583351	0.316694	0.189193	0.528919	-0.211708	-0.964242	0.355133	-0.299015	0.617495	-0.232038	0.636131	0.443938	-0.403924	-0.588586	0.695559	0.899411	-0.976598	-0.396437	-0.150859	0.760808	
0.352782	-0.2828	0.325979	0.25716	-0.116769	-0.989135	0.445304	-0.059827	0.733439	-0.810739	-0.549928	0.456905	-0.389504	-0.354777	-0.775413	-0.343112	0.427324	-0.386287	-0.60466	0.224956	0.309368	-0.67578	-0.807095	-0.956939	0.460645	0.076519	0.568995	-0.465722	0.640759	0.715626	-0.339457	0.737507	0.341775	-0.473674	-0.130523	-0.637122	-0.155156	0.300985	-0.203749	0.470213	0.67953	-0.682909	0.211431	0.895566	0.162064	0.841029	0.661918	0.176747	0.653733	-0.073217	
0.173159	-0.314997	-0.394776	0.373609	-0.40268	-0.245133	0.892611	0.060762	-0.89986	0.10425	0.796171	0.956	0.650237	-0.519653	0.791422	0.311973	0.930185	-0.240728	0.582985	0.196896	0.397998	-0.748632	-0.821216	-0.841043	0.776155	0.852778	-0.418047	-0.470229	-0.997056	-0.339064	-0.372704	-0.725122	0.896464	-0.64663	0.444975	-0.487776	-0.595789	-0.846594	0.000328	0.356304	0.701652	-0.217736	0.743337	-0.256053	0.489319	0.428341	0.917647	-0.87097	-0.946438	-0.414248	
-0.655309	-0.468248	0.685962	-0.249604	-0.782749	0.541735	0.92972	0.981091	0.917249	-0.099363	-0.029182	-0.222284	-0.28891	-0.503092	0.768486	0.682652	-0.83394	0.829365	0.197904	-0.990459	0.377114	-0.668944	0.980951	-0.181619	-0.809631	0.217162	0.471537	-0.283801	0.848058	0.4566	-0.142808	-0.893029	-0.686516	0.473213	-0.965101	0.700619	-0.29979	0.209616	-0.037496	0.519079	0.602061	0.8464	-0.416404	-0.244349	-0.415568	-0.135449	0.244056	0.027226	-0.891939	0.257079	
-0.048538	0.589086	0.210735	0.916649	-0.454771	-0.37869	0.717072	-0.506001	-0.834655	-0.08418	-0.630958	0.06847	0.521463	-0.105163	0.084079	-0.54752	-0.690299	-0.070415	-0.650409	0.957481	-0.793212	-0.80816	0.846824	0.710594	-0.720288	-0.088109	-0.329898	0.734309	-0.599761	0.491594	0.140942	0.383362	0.331996	-0.871631	0.785635	0.240683	0.547265	-0.934583	-0.979322	-0.076102	0.64143	0.337866	-0.026303	-0.988647	0.700885	-0.267214	-0.879925	0.891017	-0.511647	-0.3783	
0.967061	-0.313238	-0.770536	-0.534496	-0.942733	0.67927	-0.726426	-0.689504	0.712489	-0.387819	-0.4929	0.910978	-0.266997	-0.138891	0.770461	-0.902844	0.612634	0.118563	-0.106313	0.360772	0.520951	-0.108931	-0.271289	0.322431	-0.99902	0.849609	0.809855	0.628868	-0.19953	-0.221033	-0.180482	-0.181937	0.633748	-0.083507	0.070561	-0.989521	0.190897	0.771177	0.426212	0.728312	-0.281369	0.744841	0.279461	-0.501115	0.073062	0.991274	0.263711	0.971899	-0.782644	0.845793	
0.737766	0.432909	0.804562	-0.358154	0.623363	-0.199161	0.204438	-0.222937	0.008903	-0.259673	0.819614	-0.098893	-0.825479	0.58382	0.716536	0.978515	-0.662375	-0.22666	-0.529559	-0.945525	0.741675	0.352146	0.627961	-0.324034	0.940185	0.65905	-0.870374	0.193651	0.912708	-0.661675	0.432759	-0.90293	-0.813053	0.905628	0.811778	-0.882268	-0.078836	-0.26751	0.92816	0.996856	0.935446	-0.862193	-0.461017	-0.443313	0.462966	0.655121	0.0175	-0.916171	0.099939	0.167688	
-0.405809	-0.482001	0.180139	-0.533613	0.286862	-0.965353	0.73486	0.68491	-0.672621	0.258206	-0.403585	-0.278498	0.305365	-0.4732	-0.398652	-0.770668	0.568178	0.822554	-0.613135	0.267617	-0.028133	0.615299	0.141135	-0.278984	0.552855	-0.058184	0.479301	0.269581	0.793792	-0.515353	-0.112409	-0.628823	0.395645	0.91276	0.999225	-0.433861	0.242619	-0.763586	0.359457	-0.707986	0.901943	-0.80664	-0.51841	-0.426437	0.042322	0.664909	0.139834	-0.613452	0.982089	-0.308533	
0.085609	0.438006	-0.427859	0.470129	-0.8594	-0.625345	-0.812527	0.742748	0.119189	-0.072876	0.267722	0.901628	-0.794746	-0.524198	-0.113753	0.142151	-0.330726	0.859903	-0.178513	-0.212267	-0.508357	0.152045	0.445547	0.066134	-0.811856	-0.704902	-0.379949	0.759071	0.876419	-0.103145	0.647228	0.556892	-0.530943	-0.064281	-0.968801	-0.794621	0.838358	0.630062	-0.987357	-0.949597	0.202706	0.537189	0.521504	-0.666452	-0.282069	0.415691	-0.150037	-0.931255	0.927396	0.559276	
-0.08831	0.537919	0.966428	-0.429549	-0.017802	-0.965792	-0.09433	-0.213654	-0.051058	-0.440676	-0.427868	0.687902	-0.436329	0.912346	0.16642	-0.756789	-0.848235	-0.215854	-0.4473	0.11785	0.488572	-0.201947	0.525	0.351879	-0.677328	-0.173882	-0.003923	0.126692	0.870372	-0.135015	-0.226861	-0.941917	0.190553	0.885219	0.595073	0.045075	0.794461	0.557648	0.259155	0.626061	0.141268	0.65223	0.685758	-0.124389	0.733379	0.487892	-0.336744	-0.748533	0.686595	0.579273	
-0.905691	0.788466	0.38384	-0.425895	0.823613	0.324695	0.663787	0.85487	-0.359587	0.381346	-0.957406	0.595163	0.270909	0.027347	-0.780692	0.987573	-0.859339	-0.363831	0.728822	0.079162	0.142417	0.881862	0.725759	0.347494	-0.02719	-0.761388	0.436734	0.161422	-0.288527	-0.732751	-0.958355	0.24018	0.978299	-0.472964	0.886264	0.477606	0.449188	0.937939	-0.826426	-0.889002	0.130661	0.392055	0.586547	0.146958	0.271529	-0.512242	-0.331645	0.671624	-0.560954	-0.016487	
-0.509348	-0.516687	0.701031	0.563777	0.187023	0.033766	0.91632	0.403377	-0.378535	-0.573324	-0.313312	0.028443	0.77607	-0.237597	0.276917	-0.139712	-0.223671	-0.801891	0.659768	0.232578	0.069518	0.676563	0.793587	0.585381	-0.716983	-0.424294	-0.758029	0.094338	0.867139	-0.261047	-0.862219	0.943563	-0.043565	-0.11902	0.868833	0.646604	0.208643	0.564165	0.524255	-0.364667	-0.849095	-0.847869	-0.822257	-0.783143	0.984954	0.454888	0.634229	0.409433	0.217524	-0.405112	
-0.504368	0.580842	-0.288464	0.875279	0.445501	-0.251513	-0.610178	0.773915	0.037613	-0.112117	0.163728	-0.897394	-0.805625	-0.882529	-0.363051	-0.879312	-0.590566	-0.659857	0.499852	-0.401347	0.964843	0.267497	-0.694202	-0.65725	0.725911	0.659323	-0.567464	-0.313646	-0.329993	0.329865	-0.184065	0.262414	-0.014075	0.473925	0.962701	-0.39606	0.575074	0.459173	-0.969652	0.11775	0.340887	-0.342808	-0.617982	-0.100959	0.707225	0.924302	0.28535	0.376833	-0.031842	-0.597016	
0.919885	0.52964	0.182959	0.854653	-0.30057	-0.8475	-0.040394	-0.906265	-0.999729	-0.063237	-0.160453	0.272323	-0.18689	-0.407935	-0.052398	-0.350035	0.472235	-0.147769	0.561293	-0.954895	0.942937	-0.266882	0.918298	-0.60892	-0.625756	0.07013	0.582769	0.898445	-0.924418	0.96003	0.781359	0.950832	0.710789	-0.304524	-0.152043	0.265027	-0.230786	0.137143	0.38141	0.304846	-0.662585	-0.351897	0.678518	0.123418	-0.568072	0.144236	0.573797	-0.276697	-0.737243	0.320519	
-0.807578	-0.279919	0.578864	0.136045	0.193672	-0.881008	0.091721	0.089632	-0.276994	0.235989	-0.79685	0.828658	0.497192	-0.265352	0.137657	-0.206785	-0.59085	-0.217277	-0.761902	-0.633866	0.096934	0.420165	-0.062913	-0.472334	-0.602881	-0.068183	-0.667376	0.911296	-0.15676	0.288894	-0.48921	-0.183483	-0.040613	-0.957729	-0.34358	0.237329	0.641118	-0.306107	0.946068	-0.403104	0.53793	0.241741	0.459204	-0.529219	0.948295	-0.187532	0.644516	-0.280424	0.391287	-0.808278	
0.700761	0.982451	0.187829	0.885932	0.608831	0.729567	-0.533508	0.888124	-0.936768	0.030233	0.091056	-0.384373	0.983318	0.572226	-0.444898	0.323689	-0.031635	0.491086	-0.638251	-0.757758	-0.286531	-0.60304	-0.519297	-0.24365	-0.561066	-0.457714	-0.508167	0.5214	0.736004	0.474798	-0.241114	0.355378	-0.806966	0.872172	0.412975	-0.778275	-0.492777	-0.895049	-0.327859	0.692803	0.677879	-0.303688	0.177802	0.755903	-0.300484	0.921912	-0.767937	0.505474	-0.921858	0.207697	
0.653237	0.051113	0.231504	-0.418872	-0.196972	0.182312	0.90515	-0.077975	0.860794	-0.897142	-0.015943	0.432371	-0.289548	-0.840481	0.033818	0.161813	-0.487799	0.376749	0.740955	-0.39653	0.454225	0.566226	-0.750599	-0.984597	-0.990138	-0.60612	0.098398	0.184751	-0.096652	-0.942321	0.962105	-0.33119	-0.856198	0.182492	0.496895	-0.831217	-0.873134	0.122362	0.99973	-0.48499	-0.067064	0.483869	0.770386	-0.454649	0.420417	0.959129	0.504882	-0.075457	-0.746596	0.487035	
0.731016	0.987279	-0.441628	0.06848	0.789377	-0.385379	0.016825	0.681207	-0.789731	0.268588	0.256567	-0.33689	0.413143	0.815317	0.188193	0.376644	0.028569	0.003533	-0.511349	0.576788	0.979092	0.134034	0.956588	0.473739	0.251892	-0.220123	0.841534	0.896004	-0.984092	0.651364	0.684062	0.847791	0.009924	-0.852403	-0.986586	-0.276545	0.065827	-0.832213	0.289813	0.968449	-0.40699	-0.868803	0.96766	-0.632043	0.197362	0.404232	0.953509	0.36795	-0.743531	0.867363	
0.242994	0.270767	-0.225672	0.259622	0.230831	0.383726	0.862181	-0.234086	-0.75338	-0.242949	0.388863	-0.470289	-0.787277	0.681448	-0.777499	0.679714	0.487471	-0.406274	0.207587	0.876113	0.504941	-0.82615	0.407704	0.71163	0.900252	0.718216	0.599854	0.660984	0.972239	0.481426	-0.529186	-0.027065	0.284204	-0.598918	0.581094	0.100685	-0.079019	-0.148291	-0.718197	-0.039444	-0.184812	-0.056114	0.654602	0.172787	0.310728	0.671902	-0.594257	-0.58866	-0.305131	0.332494	
0.575974	-0.555156	-0.587988	0.379704	0.358006	-0.472726	-0.515717	0.839202	0.462305	-0.446027	0.766603	0.987481	-0.393981	-0.403366	-0.491904	-0.386083	-0.813614	-0.743024	0.375008	-0.753659	0.513499	-0.37333	0.881727	-0.295504	0.826829	0.804559	-0.072924	0.224011	-0.373373	0.90405	-0.352163	-0.418131	0.487192	-0.596476	0.730128	-0.388224	-0.622352	0.550638	0.738764	-0.385153	-0.90985	-0.327479	0.668312	-0.19458	-0.114019	0.452563	0.017552	0.896689	0.230595	0.106369	
0.987085	0.093536	-0.506402	0.814696	0.792458	-0.202202	0.052868	-0.562978	-0.934839	-0.339498	0.759506	0.548149	0.68112	0.294598	0.607839	-0.823399	0.017156	0.467629	-0.404016	0.616019	0.667945	-0.052185	-0.059724	-0.868046	-0.053067	-0.899285	-0.183534	-0.696604	-0.074376	-0.305206	-0.873294	-0.981338	-0.63386	0.993808	-0.652267	-0.107849	0.192185	0.587304	-0.031891	-0.623627	0.958223	-0.936903	0.075098	-0.585257	0.347164	-0.815849	-0.013135	-0.786777	-0.445334	0.865655	
0.683068	0.807425	-0.3704	0.216709	0.955894	0.36175	-0.380746	0.033828	-0.203288	-0.676556	0.271371	0.896867	-0.207104	-0.45717	-0.637472	-0.225288	0.50178	-0.946887	0.363843	-0.796921	0.91547	0.267985	-0.302424	0.152732	0.090276	0.462999	-0.654597	0.048539	-0.256869	-0.150413	-0.426151	-0.871298	0.086049	0.066059	0.427257	0.350682	0.080297	0.974789	-0.436915	0.4331	0.393135	0.712547	-0.48663	0.328265	0.280278	0.591844	0.161674	0.677384	0.532733	0.393339	
0.307188	0.665374	-0.478237	0.432325	-0.829266	0.839764	0.281496	0.382012	0.657981	-0.619449	0.92973	0.17995	-0.50005	0.202378	0.870145	0.466812	0.879719	-0.244351	0.503707	-0.283271	0.422814	0.464871	0.492463	-0.65774	0.109527	0.726361	0.933427	-0.534087	0.384355	-0.219054	-0.72844	0.899936	0.111065	0.54998	-0.388865	0.524935	-0.099393	-0.673891	-0.857614	-0.320294	-0.458031	-0.926766	0.767936	0.363626	-0.342274	-0.246021	0.895046	0.153228	-0.610152	-0.826457	
-0.448795	-0.84218	-0.375992	-0.658986	-0.939801	-0.186123	0.829676	0.335511	0.65644	0.688556	0.724335	-0.937048	-0.631491	0.060593	-0.356058	-0.724934	0.551064	-0.633466	0.202508	0.400644	-0.344044	0.387568	0.041611	-0.053319	-0.235511	0.288438	-0.100993	0.756203	-0.930688	0.762948	0.741809	0.311978	-0.585537	-0.805841	0.004561	-0.463548	0.268219	0.971017	-0.582783	0.876528	-0.422133	-0.049054	0.544287	0.249298	-0.646922	-0.448612	0.772288	0.823834	-0.082096	-0.800662	
0.236764	0.622394	0.669907	0.395682	0.394869	0.767044	-0.505861	-0.300509	-0.090634	-0.092375	-0.544308	0.440266	-0.526319	0.069414	0.771295	0.385493	-0.779552	0.106989	-0.342727	-0.822035	-0.674137	-0.480097	0.982461	0.826767	0.251991	0.03209	0.433395	0.505631	-0.799809	-0.257306	0.667367	-0.169089	0.231361	0.216659	-0.695517	0.237099	0.253386	0.056498	0.681033	-0.572361	-0.579629	-0.830643	-0.937745	-0.138741	-0.467262	0.505045	-0.08213	0.761644	-0.39942	0.67663	
0.650605	-0.109246	0.279315	-0.115827	-0.509109	0.222331	0.577042	0.624798	0.405422	-0.463487	-0.872377	-0.977932	-0.778205	0.721894	-0.921507	-0.685715	-0.712208	0.360582	-0.45511	0.397302	-0.012823	0.413175	0.129349	0.195544	-0.238679	0.43531	0.942125	0.111845	0.287803	0.781479	-0.05115	-0.614863	-0.49677	-0.703988	0.66822	-0.073775	-0.019518	0.848557	-0.648799	0.878079	-0.728451	0.397199	-0.361851	-0.343584	-0.371879	-0.253702	-0.287871	-0.6755	-0.407283	-0.924442	
-0.864712	-0.751688	0.323169	-0.57926	-0.143896	-0.845629	-0.397513	-0.088354	0.351522	0.864137	-0.116709	0.688296	-0.860022	-0.21185	0.204564	0.480321	-0.130281	0.439443	0.168208	-0.986456	-0.314518	-0.902923	-0.076835	-0.876798	-0.058234	0.001818	-0.580187	0.676602	-0.636984	-0.08451	-0.41069	-0.619183	-0.108957	0.265968	-0.317681	0.123981	0.956282	0.435623	-0.140215	0.853522	-0.370943	0.556248	-0.181073	0.049476	-0.064335	0.214377	0.842668	-0.335859	-0.470248	0.834947	
0.19021	0.178754	-0.773191	-0.796423	0.048891	0.720431	-0.875656	0.868742	0.869422	0.857334	0.582855	-0.708092	-0.827334	-0.111324	-0.063081	0.098558	-0.35354	0.257154	-0.654959	-0.653391	-0.517175	0.054971	0.706867	-0.20509	-0.777497	0.616206	-0.869097	0.597251	0.975885	0.471999	0.846464	-0.243197	-0.257608	0.890104	0.070051	-0.999313	0.694785	-0.888905	0.055064	0.678204	-0.923367	0.057439	0.408876	0.426109	-0.676256	-0.87924	0.12778	-0.649678	-0.03864	-0.600129	
0.010779	0.01071	0.015582	0.009448	0.033102	0.027956	0.023813	0.026877	0.019248	0.013811	0.01853	0.01969	0.026678	0.020096	0.024681	0.024396	0.033882	0.02026	9.6e-05	0.014821	0.013135	0.033374	0.027107	0.005081	0.021104	0.004905	0.015653	0.030116	0.010346	0.027863	0.022136	0.029918	0.003663	0.018282	0.011439	0.017191	0.024654	0.01946	0.030406	0.020666	0.003735	0.008584	0.034653	0.032474	0.024571	0.014188	0.012134	0.025438	0.034347	0.028921	
0.036694	0.026197	0.020501	0.03471	0.033547	0.030765	0.033588	0.02877	0.008251	0.015931	0.036334	0.018812	0.010161	0.036349	0.015773	0.00231	0.015743	0.015281	0.002088	0.018169	0.010882	0.025974	0.015473	0.036216	0.006476	0.024528	0.01683	0.017718	0.018102	0.02549	0.036191	0.021341	0.035986	0.010936	0.013435	0.00757	0.007015	0.020904	0.007166	0.023779	0.036152	0.003361	0.0038	0.027644	0.032656	0.028885	0.009767	0.015906	0.002977	0.016866	
0.036045	0.003688	0.028404	0.030575	0.032295	0.035383	0.033584	0.030839	0.023058	0.027856	7.3e-05	0.008131	0.012983	0.029837	0.028144	0.02091	0.004691	0.026058	0.020583	0.023279	0.01176	0.007404	0.006201	0.019895	0.006665	0.025017	0.031337	0.006511	0.017385	0.034754	0.028947	0.020849	0.02022	0.010209	0.024636	0.035867	0.013215	0.004044	0.007213	0.014546	0.016036	0.011283	0.024107	0.03097	0.018776	0.034738	0.034806	0.006878	0.005476	0.013839	
0.002885	0.020414	0.021864	0.03991	0.005171	0.003035	0.02227	0.01954	0.005438	0.017778	0.043996	0.014915	0.041021	0.003535	0.032365	0.032998	0.028828	0.016986	0.005771	0.01328	0.027086	0.041838	0.030587	0.016715	0.009313	0.021222	0.01516	0.043646	0.001895	0.024952	0.012899	0.008553	0.003446	0.035511	0.006782	0.024193	0.004119	0.039494	0.007737	0.037327	0.016688	0.023871	0.005996	0.021803	0.047074	0.009484	0.03161	0.012134	0.016427	0.010438	
0.036163	0.00027	0.024602	0.023129	0.030174	0.031094	0.005256	0.017361	0.038143	0.000628	0.018312	0.02573	0.032725	0.034394	0.025172	0.020914	0.028985	0.016223	0.00987	0.002324	0.011055	0.018976	0.014284	0.027436	0.028555	0.036754	0.02585	0.03592	0.035781	0.007157	0.029965	0.011072	0.001637	0.020295	0.021465	0.021535	0.00878	0.014633	0.014698	0.026912	0.033281	0.007067	0.002695	0.021732	0.008889	0.001935	0.017115	0.031712	0.008271	0.033074	
0.011749	0.009592	0.035234	0.026856	0.023387	0.015911	0.001765	0.018546	0.006384	0.007719	0.010315	0.013222	0.000445	0.027717	0.029266	0.026929	0.039899	0.005906	0.020229	0.020657	0.001894	0.00071	0.03675	0.026157	0.02708	0.035604	0.025719	0.018956	0.035814	0.029556	0.019376	0.003567	0.025676	0.026616	0.025141	0.029227	0.023991	0.021858	0.013342	0.020998	0.004868	0.00227	0.009289	0.034066	0.002745	0.02756	0.006996	0.032825	0.038559	0.041062	
0.033193	0.030237	0.009492	0.034005	0.032207	0.016966	0.033132	0.032158	0.030051	0.028316	0.004653	0.020473	0.02285	0.023256	0.022099	0.026861	0.014286	0.026272	0.034119	0.011856	0.014998	0.009712	0.032362	0.005319	0.031097	0.027164	0.003241	0.002084	0.008179	0.027378	0.011162	0.02843	0.019377	0.021248	0.01032	0.005129	0.033037	0.008482	0.020457	0.000126	0.02608	0.000849	0.018554	0.013567	0.034531	0.009453	0.018928	0.023558	0.014807	0.033889	
0.028274	0.040332	0.022442	0.005169	0.01178	0.001835	0.003845	0.005883	0.017138	0.024889	0.018529	0.018601	0.023245	0.032802	0.032574	0.006532	0.042216	0.013463	0.002266	0.029029	0.006226	0.025162	0.038912	0.006073	0.044599	0.013341	2e-05	0.035497	0.038384	0.002599	0.013056	0.029471	0.011477	0.022819	0.029195	0.002195	0.039603	0.005037	0.020762	0.026473	0.012454	0.001261	0.045944	0.015072	0.009321	0.045065	0.019225	0.037159	0.006171	0.016583	
0.017246	0.003701	0.008102	0.003679	0.006267	0.013054	0.021848	0.023895	0.022017	0.000441	0.027966	0.012402	0.02982	0.021945	0.030038	0.006717	0.035957	0.040743	0.023462	0.007308	0.033364	0.011524	0.014735	0.033463	0.021255	0.029196	0.037629	0.033139	0.017717	0.030879	0.028407	0.000994	0.006773	0.007983	0.03143	0.006304	0.007541	0.002862	0.027058	0.039608	0.025406	0.016695	0.010389	0.012313	0.034981	0.027663	0.000721	0.035191	0.03552	0.022652	
0.009684	0.000545	0.02146	0.013194	0.005904	0.007823	0.035585	0.019018	0.029869	0.032882	0.027696	0.033303	0.004506	0.027845	0.027955	0.012762	0.018062	0.005247	0.033045	0.027373	0.021183	0.036312	0.013957	0.009596	0.032817	0.028382	0.027378	0.007069	0.012871	0.029275	0.032297	0.023877	0.002463	0.023642	0.007563	0.035423	0.024723	0.03064	0.011159	0.02618	0.028928	0.0165	0.013102	0.035885	0.015022	0.005675	0.00541	0.003371	0.022712	0.02283	
0.038848	0.007454	0.029939	0.038554	0.002926	0.000551	0.037713	0.039896	0.02287	0.038706	0.023105	0.017639	0.000148	0.013772	0.029879	0.010303	0.04071	0.020496	0.002595	0.005231	0.023073	0.018462	0.035484	0.01236	0.000172	0.005361	0.018151	0.022982	0.019534	0.006859	0.038956	0.015386	0.002673	0.00391	0.039239	0.012554	0.020551	0.018881	0.020514	0.025672	0.016193	0.015099	0.006152	0.0216	0.038337	0.021008	0.019069	0.041132	0.000355	0.038946	
0.029003	0.01015	0.020344	0.025574	0.002467	0.019974	0.024731	0.035747	0.010034	0.01552	0.006439	0.031989	0.009003	0.013325	0.008109	0.035937	0.029539	0.030782	0.031033	0.010083	0.035163	0.034703	0.020474	0.021672	0.028832	0.036574	0.027652	0.008792	0.012327	0.01698	0.029917	0.011291	0.035681	0.011543	0.029423	0.01778	0.036938	0.014986	0.003541	0.006932	0.000786	0.031282	0.006042	0.021573	0.016144	0.001798	0.036032	0.024937	0.01317	0.007252	
0.02428	0.016279	0.029017	0.01126	0.025828	0.004706	0.023475	0.032523	0.034865	0.016412	0.022819	0.016359	0.023167	0.026294	0.018148	0.0064	0.009471	0.005147	0.020721	0.023478	0.027909	0.032653	0.014236	0.032348	0.017244	0.0195	0.010253	0.016578	0.007116	0.010627	0.022555	0.019568	0.005521	0.024025	0.032555	0.014105	0.016046	0.032369	0.033226	0.006963	0.027587	0.006548	0.035602	0.025066	0.029697	0.011706	0.021629	0.002593	0.023665	0.029861	
0.021454	0.012304	0.015747	0.038008	0.002681	0.000995	0.037427	0.006054	0.02375	0.01804	0.019177	0.024238	0.032767	0.034474	0.012687	0.015209	0.02381	0.015481	0.012749	0.001203	0.008942	0.003501	0.021317	0.038682	0.036681	0.029961	0.012924	0.003978	0.031133	0.007207	0.030457	0.001768	0.029009	0.018161	0.035422	0.016382	0.00012	0.020947	0.033699	0.025282	0.025725	0.022576	0.015326	0.013942	0.021799	0.015146	0.039153	0.035466	0.025075	0.011964	
0.021744	0.034043	0.031559	0.008877	0.019047	0.034758	0.019554	0.008106	0.021226	0.017536	0.026213	0.028663	0.020924	0.000334	0.042654	0.004636	0.013188	0.02756	0.022279	0.0066	0.027821	0.03527	0.009329	0.005645	0.027235	0.006437	0.02833	0.002984	0.036483	0.020458	0.012484	0.020048	0.017733	0.03587	0.026788	0.008258	0.020471	0.017171	0.007995	0.03117	0.003055	0.0173	0.025638	0.031515	0.018737	0.037033	0.004644	0.019306	0.012467	0.022824	
0.029135	0.030752	0.031261	0.007291	0.032129	0.015975	0.001354	0.015104	0.024537	0.013059	0.034697	0.032771	0.005936	0.019068	0.026411	0.006469	0.020461	0.032531	0.007052	0.020858	0.019315	0.013323	0.011693	0.01353	0.014702	0.011361	0.000501	0.013402	0.007634	0.028967	0.001608	0.034953	0.034667	0.027614	0.001318	0.031325	0.026862	0.016417	0.023505	0.030105	0.028036	0.015973	0.031508	0.009146	0.025814	0.024555	0.019215	0.022083	0.023214	0.030803	
0.025738	0.023655	0.024908	0.020618	0.019979	0.038354	0.010618	0.032968	0.030723	0.010233	0.018539	0.041914	0.026354	0.022998	0.007355	0.028861	0.013158	0.024481	0.026035	0.003416	0.014664	0.027824	0.033957	0.007528	0.033919	0.018513	0.022251	0.008064	0.007253	0.01314	0.006741	0.009007	0.027497	0.022531	0.009068	0.005301	0.021974	0.010345	0.018919	0.039208	0.001265	0.025454	0.023401	0.029194	0.005763	0.03969	0.01736	0.010192	0.027328	0.011744	
0.030251	0.035141	0.01421	0.026802	0.031755	0.025394	0.002307	0.004671	0.027538	0.008178	0.033479	0.019557	0.03505	0.006803	0.036811	0.025338	0.007216	0.021054	0.010863	0.012459	0.021456	0.035691	0.037778	0.017465	0.017054	0.035543	0.017537	0.017754	0.024523	0.004056	0.006157	0.031468	0.002945	0.030463	0.019685	0.0145	0.005497	0.014279	0.039733	0.004096	0.004221	0.032991	0.034859	0.006373	0.008253	0.006985	0.035741	0.033227	0.005075	0.019718	
0.024704	0.002093	0.035155	0.001606	0.03305	0.025791	0.012542	0.023385	0.022987	0.005265	0.011798	0.003153	0.006654	0.035417	0.030364	0.011874	0.005646	0.002114	0.014497	0.010507	0.023026	0.026424	0.035075	0.014963	0.033489	0.006288	0.016881	0.006987	0.019768	0.034484	0.030518	0.026741	0.020539	0.037965	0.000867	0.003566	0.031077	0.037444	0.014187	0.01776	0.033023	0.004186	0.03791	0.027068	0.006551	0.017654	0.039442	0.02043	0.031908	0.025177	
0.017752	0.018579	0.010692	0.032336	0.019128	0.021462	0.021604	0.036312	0.017386	0.010885	0.002701	0.030982	0.035855	0.018831	0.011097	0.034693	0.01773	0.03579	0.021451	0.027514	0.035803	0.022416	0.002665	0.008541	0.00271	0.033398	0.006101	0.020905	0.00115	0.029419	0.009256	0.034018	0.009104	0.025149	0.01058	0.006793	0.020529	0.028986	0.021377	0.031903	0.024298	0.000285	0.010178	0.035148	0.034672	0.010019	0.014343	0.033629	0.008236	0.025609	
0.026519	0.022633	0.037318	0.003052	0.021623	0.025798	0.005409	0.017038	0.006813	0.033574	0.009762	0.031739	0.029361	0.015775	0.01728	0.024639	0.02507	0.031187	0.00918	0.027185	0.029316	0.024909	0.019161	0.019733	0.000405	0.004344	0.021138	0.037444	0.035671	0.030113	0.007073	0.023049	0.003038	0.036498	0.012709	0.01	0.034629	0.025247	0.030687	0.014782	0.012369	0.036264	0.027954	0.005626	0.003963	0.010804	0.021509	0.015612	0.008991	0.016007	
0.010302	0.030471	0.031333	0.030627	0.014582	0.02996	0.026656	0.009947	0.00952	0.029889	0.029829	0.034148	0.002532	0.008177	0.01934	0.034744	0.032549	0.018311	0.002053	0.029471	0.035075	0.000237	0.025052	0.034676	0.011918	0.018831	5.1e-05	0.020305	0.031043	0.025258	0.035806	0.02785	0.016038	0.019528	0.031917	0.005415	0.00868	0.014325	0.004074	0.006162	0.01336	0.033641	0.027375	0.012686	0.007294	0.001911	0.026062	0.025444	0.037075	0.00847	
0.0164	0.025184	0.018201	0.005616	0.030245	0.000858	0.033021	0.000781	0.024508	0.021652	0.027813	0.035644	0.033523	0.009608	0.025574	0.022355	0.000204	0.033625	0.001043	0.024367	0.018311	0.03168	0.018681	0.030972	0.02859	0.008065	0.03052	0.034108	0.020224	0.032387	0.016123	0.009467	0.028426	0.028489	0.0027	0.019173	0.015191	0.004566	0.017051	0.005322	0.027505	0.02941	0.000495	0.024601	0.024833	0.021539	0.020847	0.029116	0.009265	0.022121	
0.020931	0.032222	0.023619	0.015702	0.017171	0.016298	0.019035	0.015694	0.009242	0.020518	0.006722	0.006584	0.029414	0.034029	0.030486	0.001097	0.014902	0.017508	0.033619	0.03299	0.030546	0.010367	0.030654	0.001908	0.01621	0.018377	0.031533	0.010248	0.032653	0.0297	0.023013	0.023048	0.028314	0.011379	0.031228	0.02253	0.002033	0.006631	0.019364	0.004879	0.034316	0.01413	0.031336	0.033728	0.005265	0.018958	0.010153	0.025206	0.02359	0.02092	
0.02537	0.01781	0.016671	0.003877	0.016997	0.02466	0.020645	0.010549	0.025496	0.007147	0.037057	0.037765	0.031456	0.024222	0.002151	0.023521	0.033845	0.012368	0.029937	0.027237	0.021387	0.000114	0.002306	0.034935	0.01182	0.017498	0.033813	0.028962	0.012552	0.010759	0.002727	0.02348	0.005678	0.019971	0.010191	0.02642	0.012088	0.035642	0.038358	0.037942	0.011341	0.037463	0.010297	0.026023	0.018579	0.02267	0.012312	0.029614	0.011546	0.004731	
0.025983	0.014374	0.000616	0.019577	0.002633	0.001906	0.035771	0.033497	0.009464	0.007981	0.034289	0.026399	0.028978	0.019635	0.002394	0.012485	0.038207	0.016317	0.022644	0.014899	0.019874	0.026782	0.013634	0.007602	0.013914	0.02192	0.032688	0.000341	0.00797	0.022913	0.03389	0.037919	0.032049	0.012258	0.016852	0.030267	0.03697	0.018254	0.021971	0.002493	0.03764	0.027476	0.032853	9.8e-05	0.01995	0.032597	0.019518	0.007606	0.036824	0.006828	
0.033576	0.021975	0.017527	0.021824	0.011735	0.018945	8e-05	0.03807	0.042231	0.028157	0.011512	0.027905	0.009778	0.043492	0.001974	0.011354	0.011893	0.029739	0.041791	0.000437	0.012134	0.00922	0.010592	0.002769	0.024595	0.003352	0.019306	0.042713	0.013239	0.011828	0.030986	0.002204	0.033077	0.033566	0.035341	0.000811	0.024515	0.021457	0.0042	0.014969	0.028627	0.014097	0.005288	0.042686	0.035098	0.037917	0.018936	0.007541	0.018795	0.016146	
0.016929	0.035761	0.027516	0.015061	0.004485	0.02875	0.02353	0.001798	0.01588	0.014915	0.003501	0.023784	0.012502	0.034168	0.034158	0.01324	0.011132	0.028858	0.024426	0.036572	0.00019	0.032745	0.010516	0.021673	0.023981	0.008599	0.010635	0.027546	0.008511	0.017235	0.038047	0.016334	0.030308	0.009275	0.029048	0.015947	0.017422	0.001509	0.034128	0.000971	0.006853	0.022439	0.023111	0.029941	0.040791	0.000279	0.038324	0.030165	0.028762	0.017749	
0.014767	0.033467	0.021546	0.021834	0.027318	0.031611	0.007484	0.012759	0.018081	0.006624	0.021035	0.026322	0.014722	0.035007	0.032075	0.001011	0.037445	0.030136	0.03486	0.016805	0.027523	0.011862	0.026514	0.022436	0.023864	0.02475	0.032625	0.024139	0.013081	0.01213	0.036874	0.005149	0.025629	0.031303	0.013167	0.010866	0.031705	0.000628	0.00631	0.022105	0.026261	0.009756	0.011441	0.025826	0.020982	0.025951	0.004565	0.014558	0.006227	0.006864	
0.011956	0.014021	0.008535	0.033241	0.025972	0.003443	0.015176	0.003873	0.012983	0.030164	0.025557	0.015213	0.025942	0.002838	0.019506	0.037805	0.015065	0.035092	0.008547	0.015058	0.027433	0.028611	0.027539	0.027175	0.034772	0.019901	0.027665	0.039776	0.016386	0.006046	0.015075	0.006876	0.005345	0.032283	0.034044	0.029585	0.025861	0.007034	0.007789	0.030592	0.037247	0.033099	0.012013	0.025782	0.002613	0.000649	0.022387	0.02149	0.005809	0.029136	
0.007353	0.021436	0.03575	0.027068	0.039002	0.027028	0.004894	0.009336	0.01368	0.031958	0.02306	0.018262	0.034261	0.014723	0.042056	0.010032	0.002941	0.043973	0.021368	0.004868	0.029257	0.041248	0.040015	0.025126	0.008875	0.009807	0.01128	0.0162	0.038143	0.003222	0.042625	0.02027	0.010564	0.002131	0.014035	0.018194	0.004516	0.044658	0.015991	0.02163	0.00582	0.0211	0.010827	0.013179	0.008046	0.007592	0.031564	0.010206	0.034139	0.006691	
0.022984	0.00171	0.003568	0.026778	0.028912	0.029901	0.032202	0.032882	0.002427	0.026089	0.031496	0.009346	0.018407	0.027278	0.02245	0.024611	0.030793	0.024004	0.013893	0.021	0.029414	0.024046	0.029229	0.005936	0.010485	0.034396	0.013776	0.000797	0.033854	0.011939	0.028687	0.031663	0.005224	0.031622	0.026502	0.015376	0.004563	0.00037	0.023439	0.023133	0.014491	0.025954	0.031029	0.003528	0.029841	0.016581	0.032837	0.00164	0.025414	0.003503	
0.017588	0.00125	0.009079	0.005643	0.016319	0.021777	0.013076	0.039427	0.019739	0.040952	0.011386	0.027894	0.016612	0.000886	0.030265	0.023236	0.014506	0.027036	0.013149	0.011693	0.026892	0.020632	0.029405	0.04217	0.02199	0.006017	0.039197	0.029044	0.009303	0.003536	0.026534	0.032305	0.012271	0.01191	0.016736	0.03167	0.040645	0.020071	0.007843	0.019258	0.005957	0.003814	0.006564	0.03138	0.039683	0.02395	0.011255	0.019455	0.029413	0.019587	
0.025326	0.01268	0.033418	0.031674	0.029915	0.001018	0.036384	0.015095	0.01241	0.000848	0.029092	0.016452	0.010935	0.003104	0.004595	0.030389	0.011881	0.028553	0.004717	0.038253	0.016823	0.009204	0.01989	0.004677	0.037387	0.004912	0.031793	0.020942	0.02977	0.008539	0.037403	0.013999	0.009189	0.005457	0.036779	0.028836	0.038189	0.037317	0.028265	0.016034	0.03775	0.010063	0.001445	0.021376	0.011676	0.019164	0.034906	0.031737	0.004132	0.015607	
0.029682	0.016703	0.035316	0.007217	0.038284	0.019834	0.016589	0.007756	0.028829	0.032435	0.033606	0.007453	0.008959	0.004584	0.037377	0.028157	0.007218	0.01355	0.030851	0.005977	0.023437	0.032207	0.023717	0.023693	0.014872	0.015166	0.017241	0.011894	0.036894	0.015992	0.011539	0.010021	0.023227	0.01776	0.023796	0.03672	0.022106	0.007334	0.024947	0.010334	0.018036	0.027104	0.02785	0.023756	0.022334	0.010949	0.012515	0.012122	0.027022	0.005038	
0.038689	0.038994	0.028987	0.035149	0.007849	0.020267	0.015811	0.009015	0.029881	0.033224	0.014793	0.036891	0.013316	0.036546	0.008836	0.000713	0.034939	0.029071	0.019821	0.018826	0.006248	0.022836	0.028288	0.031828	0.018599	0.005275	0.028949	0.037969	0.000386	0.005182	0.000622	0.027601	0.028142	0.006775	0.035795	0.020984	0.000723	0.020273	0.023273	0.003336	0.000631	0.035045	0.015924	0.01257	0.003455	0.016084	0.01449	0.017531	0.039701	0.019867	
0.033805	0.009882	0.011748	0.017777	0.028992	0.02871	0.024885	0.020858	0.02596	0.024791	0.03267	0.001363	0.033313	0.033681	0.014336	0.029687	0.008014	0.03412	0.031417	0.005844	0.000834	0.016	0.006426	0.020302	0.017564	0.029171	0.003669	0.007626	0.028326	0.021665	0.012494	0.035151	0.027369	0.030321	0.021316	0.017975	0.027487	0.024948	0.010289	0.012752	0.025506	0.001892	0.012258	0.010094	0.017947	0.032987	0.011538	0.02132	0.019953	0.022967	
0.008638	0.011389	0.021843	0.03845	0.00275	0.013489	0.019326	0.006032	0.000769	0.000582	0.013984	0.026596	0.002678	0.024302	0.036301	0.007258	0.011085	0.03069	0.02994	0.016816	0.00588	0.027846	0.034235	0.02146	0.010238	0.009249	0.035505	0.030312	0.037644	0.000433	0.023652	0.031017	0.025554	0.032126	0.038731	0.019479	0.013045	0.024761	0.008272	0.009161	0.006786	0.026234	0.014956	0.035153	0.011671	0.031624	0.038359	0.024337	0.019545	0.029817	
0.006524	0.015288	0.022009	0.03077	0.00054	0.006424	0.018444	0.034273	0.038586	0.028584	0.019148	0.00914	0.02684	0.013191	0.023146	0.037237	0.040106	0.032139	0.022466	0.018165	0.009781	0.029989	0.026113	0.014975	0.024027	0.021383	0.022591	0.027745	0.030112	0.017485	0.007093	0.033736	0.016094	0.033385	0.017672	0.000786	0.021531	0.005374	0.008051	0.036971	0.008182	0.007484	0.014315	0.019002	0.000189	0.031753	0.018931	0.015429	0.002589	0.034212	
0.011775	0.003059	0.022495	0.031617	0.01758	0.032653	0.03047	0.03128	0.00435	0.031753	0.014712	0.025168	0.006765	0.000569	0.034923	0.003698	0.025534	0.022243	0.00258	0.023865	0.014186	0.021571	0.018728	0.017808	0.021144	0.011897	0.007924	0.01295	0.01123	0.023665	0.036356	0.018203	0.014679	0.02771	0.011068	0.034785	0.002672	0.006714	0.014973	0.017031	0.04032	0.0202	0.024469	0.02915	0.034536	0.007464	0.024992	0.033033	0.027007	0.036446	
0.025229	0.029988	0.035028	0.009717	0.008158	0.013558	0.040812	0.032462	0.005194	0.020863	0.031545	0.024237	0.025533	0.020318	0.00103	0.008759	0.00315	0.007048	0.000782	0.033968	0.016829	0.019159	0.013684	0.029837	0.030459	0.007564	0.008155	0.014873	0.025902	0.025297	0.024086	0.014785	0.00836	0.038628	0.038893	0.006807	0.040006	0.007786	0.018034	0.030888	0.016777	0.013978	0.030856	0.00363	0.021279	0.020225	0.012733	0.034291	0.034154	0.014666	
0.007695	0.02287	0.001084	0.006885	0.026032	0.018618	0.001252	0.022919	0.023204	0.035283	0.010689	0.012224	0.016546	0.017505	0.012646	0.034146	0.036355	0.005208	0.007192	0.029745	0.03264	0.022133	0.006102	0.015636	0.019291	0.01576	0.013314	0.030858	0.033	0.029646	0.009842	0.034409	0.016739	0.029761	0.002357	0.017931	0.0257	0.024085	0.035597	0.005661	0.033286	0.028439	0.023483	0.030659	0.027945	0.001235	0.022254	0.017619	0.024282	0.022238	
0.030738	0.020671	0.010701	0.008558	0.021616	0.007902	0.016144	0.028805	0.03195	0.030863	0.024477	0.011547	0.029965	0.013048	0.011018	0.007089	0.000601	0.039236	0.03407	0.032684	0.025689	0.001103	0.01138	0.021519	0.017077	0.011249	0.028199	0.02457	0.035982	0.001891	0.034039	0.025621	0.031592	0.005851	0.036846	0.017584	0.001434	0.032795	0.006099	0.029925	0.007505	0.020734	0.031578	0.035102	0.000215	0.003564	0.032207	0.004243	0.013317	0.039407	
0.014058	0.008727	0.00308	0.03671	0.000771	0.028279	0.014667	0.006676	0.02978	0.013303	0.037169	0.027063	0.034487	0.023085	0.027093	0.03217	0.005153	0.028629	0.029877	0.010897	0.011202	0.010737	0.009144	0.027243	0.008275	0.014202	0.028381	0.028239	0.037556	0.031589	0.013276	0.012634	0.030154	0.012231	0.030049	0.030434	0.029458	0.013009	0.028879	0.013457	0.001381	0.013277	0.006092	0.019616	0.0353	0.014643	0.00883	0.009227	0.024724	0.035087	
0.004514	0.015217	0.016867	0.017013	0.035762	0.03412	0.007548	0.036778	0.036707	0.038125	0.002778	0.012834	0.0319	0.030496	0.002647	0.011161	0.018428	0.036947	0.027216	0.039189	0.010662	0.005706	0.037926	0.020279	0.036491	0.022013	0.021572	0.01658	0.023813	0.011665	0.005805	0.011047	0.036523	0.032209	0.011629	0.019564	0.01304	0.036044	0.015554	0.027296	0.002242	0.003161	0.002743	0.037941	0.001936	0.008136	0.000472	0.036774	0.008325	0.026605	
0.027778	0.008208	0.046702	0.003294	0.027856	0.040627	0.008482	0.006447	0.013535	0.000474	0.00208	9.6e-05	0.044291	0.001595	0.006069	0.024835	0.006421	0.013568	0.031921	0.044666	0.029347	0.00282	0.024772	0.021622	0.012754	0.024129	0.026127	0.021305	0.006081	0.035969	0.027266	0.02189	0.015114	0.040277	0.024635	0.016269	0.021302	0.008213	0.026792	0.008452	0.032216	0.036707	0.009585	0.008606	0.008509	0.037387	0.000531	0.025334	0.040869	0.026175	
0.0149	0.008879	0.035371	0.037251	0.014783	0.023655	0.006962	0.031458	0.004914	0.018931	0.00085	0.006689	0.010282	0.034711	0.028499	0.026019	0.015768	0.002376	0.02584	0.020225	0.029314	0.024032	0.001532	0.027196	0.036695	0.034867	0.02561	0.009813	0.031928	0.037005	0.006643	0.023685	0.012508	0.021085	0.011722	0.007005	0.023586	0.016344	0.01615	0.025861	0.028691	0.020092	0.033881	0.006612	0.012794	0.01328	0.034385	0.02622	0.00707	0.026031	
0.016314	0.008512	0.021105	0.017497	0.035241	0.013655	0.017108	0.020476	0.028417	0.009049	0.035016	0.016934	0.039361	0.013434	0.001408	0.018859	0.036005	0.038997	0.004022	0.010087	0.013515	0.014689	0.024886	0.010452	0.000147	0.016955	0.030619	0.012232	0.024525	0.026558	2.2e-05	0.030091	0.035294	0.005224	0.024192	0.023603	0.028449	0.001711	0.002087	0.019732	0.039116	0.025547	0.035377	0.018257	0.023663	0.031644	0.016229	0.025103	0.015092	0.023492	
0.035201	0.010252	0.006977	0.031527	0.005124	0.017481	0.003269	0.012847	0.020807	0.018019	0.032991	0.010506	0.026534	0.040045	0.000473	0.002218	0.026222	0.027618	0.016824	0.021109	0.018527	0.005293	0.041671	0.031166	0.039831	0.038884	0.008317	0.001498	0.008405	0.00832	0.013822	0.014624	0.020726	0.031945	0.013244	0.04356	0.000588	0.033244	0.032483	0.007633	0.042467	0.012412	0.00022	0.000494	0.040055	0.010053	0.038099	0.035367	0.04074	0.000268	
0.005938	0.004806	0.025581	0.007641	0.004399	0.028619	0.016569	0.004924	0.020382	0.029694	0.014286	0.00336	0.033017	0.033611	0.027571	0.006477	0.003036	0.022628	0.034597	0.018261	0.010797	0.030252	0.004202	0.034739	0.024895	0.007679	0.00628	0.032178	0.034131	0.012526	0.02835	0.018437	0.017785	0.013921	0.034968	0.0085	0.002998	0.031211	0.025199	0.025176	0.029115	0.023084	0.008283	0.03123	0.020079	0.032048	0.028479	0.014923	0.03474	0.028398	
0.037025	0.039594	0.01832	0.011747	0.023924	0.006828	0.009047	0.003419	0.005308	0.020159	0.038087	0.016889	0.031754	0.002197	0.024822	0.035591	0.006807	0.022878	0.001717	0.004362	0.01516	0.017638	0.016266	0.020175	0.022614	0.007276	0.023982	0.040816	0.013787	0.017854	0.028699	0.023022	0.024235	0.018048	0.003573	0.011972	0.022367	0.037866	0.029784	0.016457	0.020269	0.030977	0.029166	0.037438	0.011039	0.00533	0.022868	0.033291	0.034252	0.003304	
0.004137	0.001382	0.019284	0.006694	0.006806	0.030478	0.021608	0.035582	0.031721	0.01153	0.000457	0.018437	0.031901	0.019379	0.026759	0.010016	0.03171	0.032033	0.004301	0.034433	0.028443	0.032279	0.025704	0.012436	0.02812	0.015034	0.023301	0.033535	0.019671	0.022495	0.019924	0.024957	0.018383	0.029109	0.023249	0.012584	0.002283	0.015128	0.026313	0.001941	0.031034	0.027892	0.033679	0.030016	0.011976	0.022203	0.009721	0.002679	0.013702	0.023561	
0.032797	0.007162	0.025241	0.009169	0.008897	0.001223	0.038689	0.004351	0.021676	0.024716	0.029798	0.018225	0.011869	0.016905	0.030892	0.004779	0.032552	0.030664	0.012564	0.034427	0.007749	0.010592	0.032839	0.017214	0.019122	0.031213	0.034517	0.025617	0.032541	0.017207	0.035772	0.019589	0.009412	0.037525	0.013012	0.018428	0.006148	0.008819	0.010971	0.024379	0.003738	0.005634	0.030722	0.02191	0.023503	0.011444	0.018289	0.009863	0.034571	0.031064	
0.025046	0.027898	0.02249	0.002398	0.026224	0.008141	0.010437	0.025229	0.011367	0.008048	0.012183	0.033891	0.034399	0.00428	0.025586	0.02335	0.033676	0.006476	0.001514	0.030219	0.032128	0.027227	0.027921	0.022478	0.002774	0.022571	0.030406	0.032335	0.02762	0.028407	0.014618	0.017242	0.01123	0.015809	0.02704	0.011106	0.011315	0.018805	0.02204	0.034133	0.025786	0.022379	0.009342	0.025879	0.000689	0.029451	0.024011	0.017331	0.0343	0.000775	
0.032001	0.024592	0.002198	0.030589	0.015152	0.010248	0.021537	0.036913	0.00696	0.018067	0.024416	0.026439	0.025722	0.023326	0.018882	0.018407	0.007468	0.007271	0.006079	0.037877	0.034261	0.000457	0.036801	0.001578	0.027651	0.021424	0.019638	0.01773	0.024924	0.032999	0.003298	0.027641	0.014952	0.009011	0.006913	0.007527	0.031289	0.029314	0.023393	0.033505	0.022819	0.033672	0.035512	0.016937	0.005994	0.037099	0.006422	0.011237	0.026492	0.005366	
0.04056	0.034004	0.01432	0.038568	0.003131	0.031698	0.036818	0.017879	0.016149	0.00287	0.02019	0.029928	0.030648	0.033829	0.015345	0.01343	0.026656	0.001341	0.023616	0.027084	0.032849	0.014538	0.012434	0.010319	0.009855	0.002686	0.018817	0.015859	0.026342	0.020295	0.026152	0.025657	0.0019	0.00456	0.005786	0.03814	0.027354	0.027549	0.008387	0.014715	0.016656	0.034458	0.003821	0.006114	0.014548	0.023869	0.022556	0.03145	0.007171	0.037099	
0.024407	0.034013	0.033306	0.020994	0.029797	0.026854	0.02981	0.032057	0.012753	0.002599	0.033661	0.010775	0.017779	0.031506	0.025669	0.019391	0.011495	0.005863	0.033303	0.015558	0.020631	0.030475	0.03081	0.009508	0.023391	0.010546	0.013863	0.018647	0.012321	0.027449	0.010789	0.021151	0.015364	0.001283	0.026826	0.003718	0.014876	0.03438	0.018311	0.031039	0.022429	0.001345	0.030928	0.027156	0.020696	0.018537	0.005622	0.027345	0.011717	0.007257	
0.015337	0.009841	0.03606	0.032587	0.017972	0.018253	0.017717	0.012945	0.002427	0.022928	0.037049	0.004456	0.021675	0.001907	0.013903	0.029129	0.03806	0.004914	0.035348	0.010927	0.032631	0.006428	0.014879	0.017142	0.00921	0.016648	0.035818	0.022548	0.004003	0.031106	0.012279	0.018529	0.003766	0.03617	0.040781	0.042644	0.031101	0.036232	0.006865	0.030361	0.010122	0.035962	0.013632	0.005236	0.019218	0.042924	0.010183	0.001037	0.018743	0.010367	
0.006342	0.000347	0.008504	0.044626	0.022482	0.019414	0.005548	0.013565	0.01365	0.024837	0.0369	0.000225	0.028694	0.014883	0.005643	0.01754	0.020236	0.001801	0.001652	0.028582	0.036402	0.018141	0.00538	0.031067	0.004192	0.01865	0.020623	0.041824	0.017095	0.00356	0.044327	0.028209	0.029789	0.020983	0.007522	0.030607	0.013516	0.005092	0.021196	0.013876	0.026659	0.033658	0.015296	0.011387	0.036476	0.037157	0.011707	0.017676	0.042216	0.040246	
0.023295	0.010687	0.024087	0.023481	0.027722	0.005077	0.000251	0.006131	0.038296	0.040792	0.042459	0.022691	0.019918	0.029325	0.032354	0.036896	0.003501	0.006614	0.03084	0.014665	0.006661	0.007049	0.000228	0.00448	0.031942	0.005386	0.034934	0.038046	0.03632	0.025442	0.034202	0.001116	0.027961	0.002412	0.010507	0.016419	0.035113	0.017665	0.022785	0.003699	0.028962	0.008232	0.021498	0.044355	0.014086	0.014483	0.000603	0.044404	0.005983	0.015945	
0.021017	0.015088	0.003702	0.014882	0.012134	0.012355	0.037181	0.007588	0.00261	0.006245	0.013387	0.021214	0.015128	0.038381	0.036889	0.011258	0.026712	0.012898	0.024468	0.016663	0.014486	0.038557	0.039005	0.002812	0.02685	0.008023	0.015387	0.007918	0.039009	0.015592	0.037317	0.021827	0.01481	0.00363	0.018494	0.004943	0.015134	0.037489	0.035574	0.022577	0.007916	0.017093	0.014799	0.008768	0.034852	0.030152	0.037741	0.029734	0.034229	0.015482	
0.012619	0.008187	0.017757	0.022401	0.010935	0.041891	0.011767	0.004631	0.014491	0.005648	0.005712	0.03284	0.006142	0.012283	0.00381	0.023079	0.030139	0.009238	0.013521	0.006088	0.016526	0.001332	0.024377	0.036831	0.029306	0.013512	0.025874	0.010557	0.033487	0.027653	0.045287	0.031657	0.029544	0.013211	0.042651	0.002114	0.009783	0.022835	0.003149	0.02709	0.03359	0.017358	0.005214	0.026591	0.042507	0.035866	0.013113	0.027875	0.039499	0.018432	
0.001002	0.023554	0.013058	0.006264	0.00072	0.022938	0.008346	0.033888	0.029935	0.02725	0.033592	0.027572	0.009747	0.0189	0.009079	0.006461	0.008903	0.036371	0.001155	0.011094	0.037062	0.023114	0.037417	0.037209	0.037718	0.034532	0.020067	0.029811	0.016285	0.000872	0.008236	0.033708	0.008452	0.013572	0.014074	0.004649	0.00977	0.003232	0.037552	0.032452	0.033978	0.034113	0.036878	0.020665	0.026629	0.028624	0.021038	0.013314	0.008158	0.00699	
0.012728	0.025575	0.000702	0.033699	0.03351	0.016894	0.001845	0.024292	0.000686	0.035812	0.037619	0.014069	0.024017	0.033969	0.007042	0.018519	0.030158	0.037787	0.023081	0.034234	0.017142	0.005069	0.028513	0.029254	0.031385	0.024287	0.018175	0.029273	0.018875	0.010408	0.040553	0.001288	0.000928	0.01706	0.026373	0.005262	0.040643	0.010114	0.007825	0.003839	0.005823	0.027946	0.03942	0.015868	0.003471	0.017527	0.035405	0.010124	0.020768	0.011144	
0.010093	0.034898	0.020795	0.006316	0.0054	0.033575	0.02189	0.016999	0.003242	0.028715	0.03617	0.005486	0.005222	0.02195	0.000209	0.037735	0.02281	0.03372	0.003434	0.012261	0.022236	0.022807	0.034306	0.001259	0.016792	0.037616	0.015211	0.003764	0.028963	0.003361	0.031041	0.029987	0.007728	0.020557	0.037748	0.028173	0.0139	0.026817	0.00634	0.025165	0.01786	0.022508	0.02288	0.017823	0.036176	0.03673	0.016411	0.001679	0.023163	0.030079	
0.016556	0.011177	0.034611	0.011209	0.035259	0.034669	0.030515	0.018036	0.003723	0.016329	0.007149	0.001315	0.001553	0.013223	0.020097	0.036602	0.012133	0.005949	0.027075	0.032919	0.034622	0.013137	0.013975	0.028042	0.01014	0.002475	0.009278	0.025733	0.030996	0.005069	0.035032	0.032247	0.020965	0.03562	0.010181	0.015985	0.005301	0.036241	0.021179	0.011984	0.025369	0.012266	0.012023	0.036263	0.026252	0.028009	0.00617	0.027628	0.027726	0.029993	
0.020748	0.028013	0.0008	0.002792	0.007563	0.03297	0.021836	0.017311	0.01227	0.029907	0.032031	0.033438	0.023304	0.020399	0.027879	0.020816	0.012578	0.035671	0.033403	0.008563	0.004525	0.021987	0.032392	0.024442	0.011322	0.022684	0.033069	0.001037	0.027481	0.004431	0.023132	0.014103	0.035601	0.00125	0.003754	0.033089	0.026462	0.000702	0.019855	0.00131	0.029059	0.02092	0.023564	0.03536	0.02094	0.016668	0.017713	0.024742	0.026825	0.019289	
0.028118	0.005523	0.005185	0.032675	0.001443	0.039922	0.003343	0.010261	0.016836	0.03491	0.006261	0.040276	0.011955	0.023853	0.017229	0.042032	0.016576	0.027555	0.003731	0.027511	0.006079	0.028524	0.000592	0.027025	0.019043	0.042371	0.039443	0.011074	0.029032	0.034321	0.002876	0.025328	0.016712	0.019515	0.008352	0.038978	0.013301	0.000799	0.00568	0.004709	0.030903	0.014523	0.005782	0.037065	0.011099	0.015464	0.026894	0.039856	0.022158	0.027307	
0.012517	0.011755	0.001959	0.002123	0.033307	0.036326	0.033195	0.012802	0.024664	0.006329	0.017118	0.016868	0.022494	0.020228	0.016155	0.0252	0.036283	0.013498	0.005183	0.018367	0.001487	0.025155	0.010239	0.022604	0.020181	0.014551	0.016872	0.030151	0.010419	0.035835	0.024474	0.009305	0.035277	0.03903	0.002716	0.029984	0.030566	0.028255	0.024725	0.012126	0.007982	0.027063	0.005305	0.031229	0.022171	0.033902	0.018924	0.023317	0.030738	0.009046	
0.030559	0.016867	0.032396	0.003133	0.012601	0.005592	0.025294	0.035433	0.037405	0.001053	0.028058	0.031129	0.036333	0.018933	0.009925	0.032847	0.036218	0.022101	0.035584	0.026722	0.009635	0.02347	0.026519	0.028033	0.020533	0.003847	0.035602	0.020719	0.018878	0.012317	0.031975	0.020477	8.3e-05	0.014391	0.018402	0.021275	0.013157	0.013822	0.00423	0.017577	0.004708	0.032743	0.023807	0.024949	0.000376	0.01676	0.01356	0.031884	0.008155	0.009933	
0.032841	0.018988	0.030685	0.036666	0.028784	0.037896	0.017834	0.016404	0.014802	0.014361	0.036814	0.023117	0.006657	0.023859	0.025383	0.013137	0.003013	0.020373	0.013711	0.006481	0.027778	0.007666	0.037088	0.004705	0.010703	0.028431	0.009281	0.008353	0.036631	0.016915	0.027481	0.020027	0.022307	0.004283	0.036021	0.025093	0.006521	0.003536	0.036551	0.007713	0.027274	0.020395	0.002133	0.007826	0.003276	0.039412	0.017003	0.032534	0.022622	0.028635	
0.001949	0.008422	0.026535	0.040336	0.029105	0.004243	0.018141	0.016258	0.009228	0.031411	0.008057	0.008038	0.003179	0.003349	0.014206	0.025207	0.025923	0.004829	0.01392	0.020674	0.030606	0.033645	0.009161	1.2e-05	0.035338	0.038794	0.005503	0.016638	0.025238	0.032166	0.010047	0.02931	0.021801	0.014608	0.039974	0.034596	0.038259	0.026049	0.018448	0.006023	0.036984	0.022579	0.037373	0.027919	0.028742	0.021204	0.004989	0.023535	0.012117	0.005332	
0.011483	0.031191	0.025896	0.022352	0.024804	0.008452	0.034228	0.040001	0.001603	0.025261	0.015715	0.038304	0.004737	0.005491	0.02903	0.026813	0.010522	0.028858	0.026312	0.006948	0.004064	0.032428	0.02605	0.009034	0.011957	0.016544	0.033141	0.014481	0.034273	0.006904	0.035695	0.017148	0.020834	0.0048	0.022677	0.009123	0.0036	0.030275	0.014929	0.031441	0.000104	0.020001	0.02946	0.023534	0.035197	0.013556	0.006096	0.027339	0.029081	0.018233	
0.027525	0.011739	0.024335	0.013738	0.032741	0.033026	0.024854	0.014835	0.024174	0.009259	0.032748	0.018872	0.010322	0.01114	0.013704	0.027759	0.002465	0.007529	0.027438	0.025009	0.03991	0.02532	0.021363	0.022415	0.020109	0.006822	0.031068	0.032285	0.010438	0.005752	0.014503	0.039356	0.004408	0.019096	0.014916	0.019312	0.032604	0.009883	0.015653	0.024627	0.02375	0.012791	0.023794	0.02832	0.010794	0.011289	0.01492	0.037521	0.011933	0.021836	
0.029804	0.02508	0.028184	0.037188	0.000442	0.012168	0.017628	0.002674	0.021224	0.002551	0.031963	0.025054	0.026699	0.010417	0.037367	0.015738	0.035591	0.003574	0.037401	0.00214	0.011522	0.017398	0.017583	0.008555	0.026517	0.028487	0.030037	0.025376	0.029892	0.033253	0.00203	0.018548	0.005056	0.032308	0.006447	0.018868	0.013231	0.001023	0.012812	0.037589	0.030553	0.005639	0.00311	0.022337	0.010486	0.037904	0.035028	0.037046	0.016854	0.021624	
0.011275	0.031687	0.025631	0.033766	0.013958	0.017442	0.029415	0.031141	0.007334	0.024805	0.024333	0.020562	0.036433	0.004416	0.03636	0.016678	0.034439	0.010461	0.000618	0.006081	0.008529	0.013575	0.033349	0.028428	0.00678	0.010775	0.001634	0.032936	0.022914	0.016018	0.00506	0.035868	0.021185	0.01622	0.002998	0.035906	0.02808	0.017815	0.020013	0.022058	0.037305	0.012459	0.008123	0.022375	0.024238	0.008322	0.001589	0.036617	0.037354	0.014642	
0.007227	0.008639	0.015356	0.012089	0.006119	0.028453	0.035302	0.007625	0.009505	0.022545	0.010472	0.032311	0.037197	0.026573	0.01447	0.004791	0.000149	0.025259	0.024112	0.007224	0.028041	0.005132	0.033147	0.017221	0.026979	0.017233	0.032792	0.006832	0.026113	0.025071	0.025806	0.036792	0.009909	0.027391	0.032283	0.008193	0.026344	0.01159	0.015806	0.026162	0.030214	0.01492	0.024468	0.029761	0.02501	0.029279	0.01598	0.030114	0.020275	0.005724	
0.00178	0.040023	0.034458	0.01353	0.019331	0.037967	0.023891	0.034265	0.030182	0.028299	0.00458	0.029934	0.002681	0.001261	0.03835	0.02095	0.025073	0.000489	0.005744	0.006468	0.001711	0.020065	0.010461	0.01839	0.017108	0.00799	0.030284	0.021629	0.023123	0.034382	0.005742	0.021223	0.002272	0.024929	0.014336	0.036396	0.007697	0.027657	0.03137	0.033151	0.01693	0.034396	0.015039	0.019749	0.016402	0.024626	0.03501	0.031888	0.005339	0.011449	
0.015654	0.016427	0.01945	0.004051	0.033169	0.023638	0.011184	0.018875	0.014783	0.003896	0.030191	0.03037	0.036179	0.013952	0.016386	0.006752	0.025137	0.037078	0.000396	0.025033	0.013967	0.024554	0.022458	0.006975	0.031613	0.032995	9.9e-05	0.019095	0.022694	0.004272	0.031192	0.035791	0.026926	0.039196	0.002227	0.01661	0.01496	0.009753	0.027285	0.0245	0.039999	0.015002	0.006091	0.026758	0.029989	0.03547	0.002691	0.032044	0.00062	0.021573	
0.002125	0.016446	0.004204	0.004655	0.031765	0.042663	0.040084	0.019401	0.044306	0.040207	0.017695	0.022559	0.023695	0.002515	0.043856	0.036521	0.019327	0.043506	0.000489	0.042489	0.011802	0.009035	0.028779	0.008677	0.014202	0.002579	0.00088	0.018269	0.018805	0.032064	0.024686	0.041411	0.011534	0.014757	0.013485	0.010596	0.041647	0.002325	0.013366	0.041314	0.007459	0.033065	0.021267	0.029474	0.002575	0.000428	0.022273	0.009246	0.007787	0.007705	
0.036111	0.029983	0.002798	0.007774	0.012628	0.034956	0.0179	0.013854	0.022023	0.015237	0.03728	0.004364	0.023813	0.005	0.037122	0.019828	0.01227	0.020196	0.007459	0.028714	0.012342	0.014938	0.026242	0.037649	0.043444	0.045456	0.020898	0.022047	0.005886	0.025782	0.011764	0.008073	0.00341	0.003848	0.018657	0.012819	0.010896	0.004095	0.037649	0.037869	0.001402	0.022914	0.0103	0.005719	0.038164	0.03257	0.028699	0.015286	0.023035	0.028837	
0.022851	0.001865	0.011958	0.014744	0.010526	0.008694	0.024403	0.040812	0.037307	0.030859	0.034223	0.01574	0.036844	0.001593	0.040544	0.009762	0.013584	0.028188	0.013654	0.029589	0.006295	0.003195	0.035038	0.01627	0.037362	0.00794	0.023501	0.040365	0.027512	0.03621	0.001302	0.008536	0.028634	0.039191	0.013704	0.021531	0.012848	0.011783	0.007929	0.036408	0.0222	0.011486	0.005827	0.019767	0.010848	0.024182	0.008995	0.011255	0.004348	0.037798	
0.025885	0.031754	0.022616	0.001897	0.032154	0.024681	0.005715	0.027079	0.040247	0.010041	0.009618	0.023448	0.023418	0.026547	0.019897	0.006463	0.02687	0.014297	0.001525	0.008496	0.021513	0.006178	0.014228	0.034722	0.025107	0.005722	0.029117	0.039334	0.018258	0.014956	0.005144	0.00954	0.02401	0.040066	0.015551	0.035082	0.0088	0.014759	0.011648	0.035435	0.022365	0.006848	0.000149	0.022841	0.03528	0.028845	0.038923	0.001772	0.032672	0.018487	
0.014355	0.012589	0.019881	0.016278	0.021535	0.00721	0.009929	0.025021	0.023479	0.002102	0.013886	0.035232	0.029712	0.007515	0.012437	0.038638	0.001972	0.019928	0.003116	0.028675	0.011727	0.00023	0.033942	0.002234	0.005402	0.034406	0.039159	0.032172	0.008107	0.000307	0.011414	0.036504	0.039595	0.005487	0.040291	0.01628	0.002666	0.026826	0.027022	0.016679	0.034083	0.031326	0.031005	0.026403	0.001008	0.035735	0.04025	0.027827	0.029253	0.00917	
0.039126	0.035146	0.015232	0.006118	0.040117	0.038702	0.001963	0.030223	0.017839	0.018392	0.016276	0.037314	0.005689	0.002926	0.033228	0.009713	0.038171	0.021747	0.028312	0.017019	0.006012	0.020202	0.00735	0.002283	0.011159	0.020954	0.021164	0.032442	0.011312	0.02081	0.024559	0.011582	0.005927	0.038566	0.020979	0.024004	0.018016	0.029535	0.001925	0.024675	0.026325	0.009031	0.003677	0.028191	0.015272	0.037911	0.033765	0.017282	0.016017	0.00582	
0.037039	0.02029	0.020762	0.017731	0.002375	0.011776	0.025347	0.002113	0.027549	0.033293	0.006929	0.005361	0.002823	0.005434	0.040533	0.007524	0.01603	0.011824	0.031117	0.030829	0.044039	0.017769	0.041886	0.016492	0.036046	0.022115	0.045137	0.022894	0.015294	0.020105	0.002287	0.040514	0.036968	0.017751	0.020128	0.043378	0.029811	0.001527	0.010527	0.022239	0.009343	0.001856	0.03693	0.012409	0.00039	0.020428	0.002005	0.021397	0.010604	0.021052	
0.033193	0.009768	0.03431	0.01272	0.011854	0.033701	0.013399	0.033705	0.037898	0.011362	0.007987	0.006918	0.004814	0.028979	0.025114	0.001141	0.009917	0.030002	0.005046	0.014036	0.039511	0.018663	0.004867	0.011244	0.009271	0.003411	0.028754	0.024881	0.035299	0.039013	0.026086	0.025202	0.028606	0.034549	0.030465	0.015112	0.029615	0.006776	0.007284	0.015164	0.013992	0.007767	0.005053	0.019545	0.030298	0.032303	0.004158	0.012153	0.038011	0.037083	
0.004529	0.024187	0.026979	0.002299	0.027748	0.037396	0.004221	0.036447	0.03619	0.00382	0.037266	0.029619	0.030906	0.012716	0.010852	0.001459	0.009536	0.038368	0.010041	0.019249	0.015998	0.010638	0.031469	0.017261	0.025643	0.010056	0.022952	0.023356	0.013375	0.005775	0.029181	0.005937	0.023448	0.016958	0.027418	0.025676	0.018513	0.010849	0.026979	0.031364	0.032176	0.025272	0.016495	0.00875	0.028094	0.023513	0.009531	0.02543	0.018997	0.015068	
0.015505	0.006368	0.006208	0.025683	0.002695	0.013438	0.035476	0.022052	0.004582	0.005054	0.006466	0.041062	0.02919	0.008762	0.030365	0.022543	0.018442	0.005135	0.02334	0.007091	0.028314	0.03844	0.018723	0.02641	0.004621	0.026215	0.030614	0.02875	0.03657	0.004513	0.006146	0.007108	0.025903	0.013125	0.0252	0.020972	0.027912	0.018821	0.033858	0.02153	0.025837	0.018456	0.036787	0.005188	0.037615	0.010819	0.018625	0.019683	0.039701	0.014087	
0.001204	0.008677	0.009611	0.02472	0.026966	0.00998	0.002294	0.039116	0.025716	0.011084	0.03046	0.008716	0.009877	0.007984	0.002609	0.026153	0.025646	0.029769	0.015226	0.037723	0.033805	0.00857	0.006425	0.021822	0.013975	0.006002	0.03009	0.003184	0.001366	0.014936	0.013673	0.035737	0.037811	0.011804	0.032792	0.02288	0.010274	0.024483	0.01851	0.023833	0.037713	0.017864	0.022588	0.024987	0.035153	0.038012	0.024047	0.038384	0.014577	0.021172	
0.026306	0.033056	0.019717	0.003393	0.026875	0.024857	0.037328	0.013301	0.022444	0.00384	0.02839	0.001075	0.0024	0.005006	0.03445	3.6e-05	0.006813	0.029946	0.007564	0.013317	0.030491	0.021924	0.023464	0.027441	0.027689	0.024566	0.039526	0.000985	0.03622	0.03655	0.011885	0.028867	0.008052	0.024332	0.012786	0.017699	0.012781	0.007406	0.039457	0.02358	0.016848	0.026535	0.029352	0.023539	0.008181	0.032424	0.005931	0.011102	0.026603	0.02367	
0.013572	0.014748	0.000126	0.020027	0.036566	0.024353	0.027401	0.003764	0.008365	0.0223	0.001039	0.032305	0.011305	0.01319	0.004617	0.017465	0.013289	0.034796	0.007385	0.026922	0.031512	0.034088	0.034182	0.011185	0.018735	0.027636	0.027614	0.031283	0.02684	0.022498	0.004617	0.023996	0.001499	0.023228	0.008411	0.026014	0.032423	0.011451	0.012266	0.029702	0.033769	0.01669	0.031972	0.018157	0.030081	0.018499	0.023523	0.02719	0.018511	0.008893	
0.005738	0.020538	0.037562	0.013448	0.012537	0.009175	0.001973	0.02078	0.029189	0.036075	0.024583	0.03055	0.012958	0.034636	0.006556	0.007914	0.024478	0.029896	0.02578	0.032519	0.027814	0.009389	0.008893	0.019862	0.001834	0.016655	0.016397	0.034973	0.001787	0.038086	0.024057	0.011437	0.012691	0.017539	0.032301	0.002066	0.00522	0.038765	0.024636	0.005527	0.016525	0.030146	0.029417	0.016573	0.030724	0.036059	0.01452	0.00131	0.037465	0.020447	
0.023635	0.01996	0.005943	0.030809	0.039987	0.001298	0.021741	0.043045	0.043034	0.017528	0.005498	0.012846	0.007966	0.027022	0.022672	0.010336	0.017025	0.013934	0.008207	0.017073	0.032977	0.023514	0.007902	0.000164	0.035626	0.012592	0.034494	0.004057	0.027348	0.030455	0.017336	0.007705	0.028401	0.014174	0.019453	0.005123	0.002326	0.03056	0.028619	0.010092	0.00511	0.01806	0.035116	0.040419	0.039368	0.028872	0.001239	0.035695	0.015536	0.018108	
0.018828	0.021209	0.010293	0.033712	0.014696	0.002846	0.009212	0.005627	0.034692	0.03307	0.025208	0.025026	0.034755	0.030461	0.020243	0.018987	0.027153	0.030822	0.024692	0.001378	0.024791	0.028489	0.021868	0.019804	0.005817	0.004772	0.023358	0.032814	0.017463	0.012314	0.010385	0.032116	0.029487	0.011202	0.018388	0.005462	0.004939	0.027657	0.014344	0.026648	0.002499	0.004188	0.013804	0.017239	0.033235	0.013821	0.031451	0.025606	0.034322	0.028807	
0.020199	0.02438	0.018858	0.036183	0.00927	0.013284	0.035644	0.031909	0.025291	0.027043	0.003397	0.0346	0.02432	0.036275	0.034841	0.008947	0.024683	0.032764	0.034845	0.020397	0.024055	0.013019	0.005548	0.022792	0.004565	0.01493	0.020398	0.025271	0.018479	0.018771	0.001427	0.034757	0.022755	0.013442	0.030922	0.022206	0.000967	0.005043	0.030742	0.022685	0.00948	0.021504	0.035796	0.035854	0.002995	0.00217	0.029962	0.00018	0.004636	0.007519	
0.03051	0.016705	0.003529	0.015702	0.034681	0.019758	0.014764	0.017038	0.036029	0.031509	0.018064	0.034833	0.010248	0.037763	0.038399	0.021351	0.034925	0.003023	0.035248	0.031298	0.015696	0.024025	0.000168	0.011741	0.011968	0.006381	0.036963	0.010879	0.031761	0.021105	0.024055	0.023255	0.00529	0.012213	0.01376	0.007995	0.013396	0.018849	0.021307	0.008389	0.038779	0.025474	0.014407	0.00477	0.020228	0.021669	0.000256	0.011758	0.030267	0.027819	
0.024042	0.007624	0.014271	0.029461	0.008964	0.024118	0.009728	0.039916	0.016972	0.034548	0.023098	0.003809	0.002793	0.029691	0.035528	0.008323	0.015749	0.023987	0.008147	0.015259	0.00191	0.015027	0.035627	0.026182	0.039276	0.029761	0.017117	0.000923	0.03252	0.022116	0.005591	0.01433	0.029623	0.03905	0.037493	0.038657	0.002367	0.022909	0.003047	0.030213	0.023968	0.004731	0.012002	0.006947	0.028626	0.009818	0.007312	0.035398	0.037076	0.014355	
0.038977	0.02889	0.004627	0.030978	0.035499	0.016925	0.036911	0.000968	0.017003	0.025298	0.032566	0.012067	0.000961	0.030852	0.021269	0.02115	0.038295	0.038493	0.024372	0.023594	0.013252	0.015882	0.00979	0.025929	0.013031	0.034117	0.027554	0.005016	0.001588	0.028484	0.012306	0.028284	0.021684	0.026343	0.007194	0.014325	0.021999	0.008898	0.034346	0.03471	0.008278	0.016809	0.002315	0.029607	0.007151	0.02926	0.028661	0.001553	0.011912	2.7e-05	
0.001305	0.030093	0.009065	0.020347	0.031321	0.002434	0.020743	0.030672	0.019139	0.007475	0.03457	0.02131	0.002561	0.019806	0.002757	0.00579	0.033191	0.000828	0.032829	0.026178	0.01674	0.036217	0.015256	0.008259	0.001002	0.002753	0.014208	0.029117	0.009954	0.025456	0.031862	0.037959	0.012776	0.033046	0.041781	0.031905	0.03963	0.037994	0.022555	0.002288	0.041757	0.012916	0.005952	0.0377	0.015177	0.015691	0.022197	0.024706	0.012365	0.008367	
0.87