50
2
0.365461	-0.562227	0.599603	-0.588543	-0.807705	0.689342	0.530974	-0.945945	-0.439263	0.290707	0.44349	-0.700403	-0.188772	-0.287104	-0.752788	0.847954	0.913848	0.041868	-0.107803	-0.95283	-0.158994	-0.631301	0.696599	-0.701239	-0.532141	-0.757418	-0.067088	0.165473	0.660094	-0.00021	0.596442	0.270404	-0.477413	-0.215723	0.597072	0.937419	-0.015488	0.415125	0.57549	-0.354512	-0.424594	-0.407394	-0.210566	0.516967	0.591141	0.874235	-0.260662	-0.47627	0.494104	-0.841729	
-0.581604	0.016929	-0.033014	-0.738955	0.524288	0.091239	0.702433	-0.722043	0.101204	-0.342142	-0.493604	-0.513113	-0.069343	0.536384	-0.512201	0.775304	0.318983	-0.23179	0.469396	0.292643	-0.406002	-0.704526	-0.269057	-0.097435	0.710998	-0.097405	0.013162	-0.179409	0.608407	0.297398	-0.393457	0.543744	0.494892	0.372727	0.40559	-0.266542	-0.522921	-0.84069	0.272073	0.904348	-0.221915	0.935694	-0.549557	-0.593219	-0.485607	0.490008	0.569344	-0.148742	-0.307463	-0.853044	
0.365328	0.830876	-0.506196	0.75178	-0.177865	-0.959107	-0.765713	-0.676177	-0.62377	-0.477413	0.072654	0.530356	-0.330719	-0.62869	-0.198215	-0.649134	0.226684	-0.480088	-0.312721	-0.555985	0.599421	-0.310909	-0.939305	-0.877658	-0.049665	-0.243495	0.907172	-0.672032	0.954248	-0.30413	0.257761	-0.161171	0.869894	0.076304	0.392917	-0.051205	-0.4665	-0.070224	0.556498	-0.695149	-0.769852	0.079675	-0.897666	-0.881656	0.805464	0.056053	-0.029247	0.80483	-0.600399	-0.697462	
0.615725	-0.977597	0.078197	-0.917374	-0.502938	-0.831134	-0.203584	0.294082	-0.146772	-0.360645	-0.550006	0.764673	-0.765599	-0.33215	0.027101	0.195096	0.493735	0.014748	0.796533	-0.114307	-0.679386	0.044055	0.997737	0.91059	0.204478	-0.351719	-0.81079	0.150827	-0.675713	-0.16966	0.117773	0.16934	0.152584	0.143042	0.049161	-0.155507	0.113758	-0.447063	-0.659357	0.797876	-0.996843	0.852069	0.232793	-0.306605	-0.783773	-0.671496	0.694645	-0.486713	-0.478415	-0.921956	
-0.95357	0.371281	0.624062	0.823536	0.151785	-0.482187	-0.576476	-0.229718	0.31894	-0.364644	0.475387	-0.390881	-0.13977	0.934896	-0.390512	0.79375	0.359101	-0.409061	-0.127791	-0.346999	-0.654263	-0.560031	-0.180755	0.64015	0.279692	0.009989	0.269831	0.577182	-0.471896	0.576559	0.895773	-0.508786	0.070276	-0.948086	0.986896	-0.963447	-0.685952	-0.609909	-0.536036	0.758029	-0.441412	0.101658	0.320129	0.756481	-0.826054	0.762857	0.544626	-0.16682	0.552334	-0.393266	
0.830169	0.974492	-0.844891	0.138359	0.338196	-0.017802	-0.340651	0.752574	0.46051	0.710273	0.247636	-0.689459	-0.741113	-0.357165	-0.941081	-0.112092	0.5655	-0.56215	0.137567	-0.025142	-0.843067	-0.823703	-0.554927	-0.541633	0.711661	0.133937	-0.49488	-0.26754	0.788519	-0.500638	0.3888	0.734284	-0.901367	0.79914	0.196024	0.92674	-0.431603	0.97838	-0.643321	0.782006	0.196795	-0.704632	0.044907	-0.288544	0.739748	-0.756007	-0.31422	-0.568759	0.671607	0.789816	
0.682002	0.640661	-0.799028	0.599	0.584172	-0.201021	-0.420241	0.533612	0.108293	0.692415	-0.196098	-0.921492	0.026211	0.02714	-0.397576	0.523779	0.419162	0.544999	0.080377	0.382705	0.538931	-0.641893	-0.293823	-0.985316	0.15154	-0.144871	0.606783	0.263121	-0.910016	0.239117	0.74684	-0.733966	-0.439539	-0.615294	-0.489267	0.3574	-0.724598	-0.406608	-0.611455	-0.977028	0.855842	-0.285438	0.944887	-0.00156	0.913779	-0.377296	-0.451709	0.699056	0.955585	-0.172436	
-0.347018	-0.19355	0.809929	0.493572	-0.261151	0.352861	-0.37579	0.293014	0.581916	0.061706	-0.089225	-0.996189	-0.075711	-0.009053	0.58052	-0.899656	-0.345403	0.461646	-0.500827	0.478478	-0.682179	0.524982	0.509226	-0.235612	-0.131843	0.814583	0.629656	0.875594	0.244695	0.003035	-0.250414	0.245382	-0.411436	-0.842489	-0.668522	-0.333125	-0.091636	0.801642	-0.23608	0.976021	0.416173	-0.866766	-0.986702	0.422999	0.07787	-0.244904	0.820625	0.740924	0.661782	-0.469807	
0.446515	-0.975878	0.147934	0.930933	-0.812769	-0.735808	-0.095564	-0.298403	0.852902	-0.014732	-0.091948	0.361186	0.120749	0.577588	-0.637231	-0.046357	0.996913	0.492536	0.46273	-0.82673	0.676208	0.579725	0.702691	-0.592652	-0.976955	-0.986005	-0.242811	0.306618	-0.300696	-0.0074	-0.715191	0.159776	0.607501	0.215083	0.663874	0.749851	-0.157041	0.881165	-0.019858	-0.690021	0.242009	0.907016	0.957593	0.073066	0.148966	0.056402	-0.069911	-0.327935	0.332494	-0.0712	
0.404197	-0.529518	0.739497	0.308059	-0.617098	-0.74784	0.951348	-0.879735	-0.966191	0.726835	-0.926037	0.771865	0.743923	-0.79079	-0.535372	-0.118956	0.511516	0.626169	0.366413	-0.041376	-0.067996	0.310743	0.094419	-0.773753	0.141621	0.289653	0.429919	-0.969968	0.67295	-0.767406	-0.830036	-0.901094	0.690377	0.044846	0.381038	0.30072	0.999244	-0.924224	0.510242	0.715187	0.848732	-0.685244	-0.805247	-0.467371	0.773999	-0.114215	0.742996	0.881806	-0.427923	0.974484	
0.562476	0.279808	-0.688616	-0.907064	0.073764	-0.469798	0.025134	-0.45895	-0.28945	0.03532	-0.039655	0.542692	0.307076	0.892563	0.976097	0.591752	0.271347	0.459954	-0.852078	-0.478427	-0.367277	-0.909066	0.743948	-0.166958	-0.568088	-0.124793	0.262245	0.02144	0.762586	0.543998	-0.332576	0.626635	-0.991701	0.463877	-0.847051	-0.902242	0.99589	0.191864	-0.009794	-0.79168	0.299449	0.220215	-0.264907	-0.362381	0.911093	-0.21782	0.239489	-0.842551	0.781809	-0.525288	
0.618817	-0.518536	0.182774	0.526088	0.998025	-0.671	0.697748	0.211215	-0.1611	-0.455728	0.936615	0.811007	0.585073	-0.293229	0.781156	0.942524	-0.876326	0.275507	0.92253	0.65986	0.671413	0.839056	0.699703	-0.131507	0.499302	-0.407499	-0.228381	-0.025917	0.164839	-0.948133	0.025159	0.185607	0.753505	0.006038	0.16201	0.094652	0.642014	0.809774	-0.619398	0.162601	0.319696	0.835337	-0.779968	-0.09797	0.461452	-0.857374	0.120294	0.935478	-0.398282	0.213436	
0.380502	-0.85548	0.075562	0.461056	0.436237	-0.309146	-0.794938	-0.155894	-0.699474	0.542845	0.18194	-0.816197	-0.825818	-0.915906	0.154762	0.090922	0.278384	-0.16237	-0.275042	-0.269655	-0.26634	-0.941481	0.234642	-0.341429	0.957053	0.402022	0.029635	-0.717246	0.195461	0.382999	-0.066292	0.38765	-0.250155	-0.999419	0.298096	-0.694939	0.103506	-0.287789	-0.7683	0.861582	-0.6736	-0.53523	-0.477261	-0.739412	-0.217333	-0.568045	0.749297	-0.39419	0.573953	0.084066	
-0.547089	0.552252	0.881476	0.555136	0.952084	-0.0028	0.726256	-0.897014	-0.115962	-0.597615	-0.479033	0.292813	-0.636883	0.086419	-0.091782	0.452391	-0.969367	-0.870013	0.364829	0.904664	0.33275	0.716789	0.459005	0.599069	0.83065	0.043121	-0.05059	-0.396996	0.536581	0.545831	0.612501	0.998025	0.359956	0.939926	0.382301	0.934991	-0.423461	-0.951359	-0.734724	0.827593	0.656486	-0.562145	0.905913	-0.355576	0.178619	-0.995405	-0.579563	0.119063	0.22295	-0.307678	
-0.46905	-0.309973	-0.590625	-0.141884	-0.813656	0.606632	0.212508	-0.617647	0.956359	0.367666	-0.978745	-0.774097	-0.191226	0.265828	-0.462152	-0.519372	0.074025	-0.986504	-0.720457	0.005548	0.358546	-0.260574	-0.014148	0.472701	-0.537469	-0.744501	-0.258414	0.704814	-0.911786	0.458169	0.985091	-0.796535	-0.922624	0.497099	0.442058	0.522521	0.154283	0.335717	-0.712423	0.665265	0.029015	0.300892	0.273287	-0.943831	-0.764848	0.365749	0.250023	0.038424	-0.277664	0.309422	
-0.93838	0.881833	-0.462721	-0.660526	-0.306889	0.782435	-0.092657	-0.860765	-0.841593	0.761962	-0.146773	-0.875907	0.354017	0.665461	-0.192475	-0.914486	0.179556	0.625314	-0.659413	-0.990451	-0.880115	-0.679165	-0.094312	0.115487	0.791427	0.799707	0.469146	-0.171601	0.54749	-0.286129	0.073846	0.165785	0.406283	0.338395	-0.689412	0.971775	-0.817051	-0.54345	0.023468	0.679987	0.345657	-0.792446	-0.179746	-0.930347	0.051115	0.080691	-0.459536	0.360627	-0.142167	-0.812075	
-0.387403	0.303993	-0.674753	0.666208	-0.007569	0.02134	0.526374	0.108742	0.5892	0.562102	0.10028	-0.631999	0.81938	0.888851	-0.546862	-0.821602	0.830393	-0.374505	-0.211604	0.074576	-0.38949	0.230006	0.701866	0.588098	0.765982	-0.407928	0.187438	-0.181425	-0.620149	-0.000408	0.454958	0.888117	-0.080461	-0.289026	-0.255583	0.200798	-0.47121	0.737133	-0.228669	-0.092185	-0.224634	0.661906	0.383695	0.123179	0.623379	-0.004305	0.135128	-0.180109	-0.040701	-0.343445	
-0.934715	-0.134323	0.53107	-0.596695	0.572881	0.509481	0.75013	0.756558	0.187522	-0.804211	0.103177	0.063953	-0.027998	0.518946	0.288774	0.876437	0.743144	-0.509352	0.546803	-0.357229	-0.928054	0.566082	0.818898	-0.944186	-0.325977	-0.368041	0.094102	0.75574	-0.170236	0.590275	0.836043	0.666675	0.711936	0.513711	-0.073141	-0.963319	0.918203	-0.261898	0.804184	0.107301	0.027414	-0.467301	-0.815061	-0.547095	0.844482	0.415531	-0.498112	-0.272618	-0.6448	0.109498	
0.143199	-0.77114	0.230864	0.349151	0.289752	0.023925	-0.559915	-0.729697	0.616547	0.354393	-0.673198	0.264202	0.193678	0.20633	0.952131	-0.164041	-0.090116	0.45493	0.38247	-0.220978	-0.978172	-0.476731	-0.236824	-0.622253	-0.49407	-0.435164	0.52184	0.387254	-0.024394	0.960835	0.564395	0.457398	-0.851001	0.259306	-0.956487	0.418689	-0.037702	0.823688	0.302272	0.011629	-0.015131	-0.596777	0.49093	-0.532533	-0.290139	-0.38095	-0.803482	0.514411	-0.654542	0.34726	
0.823801	-0.273549	-0.449274	-0.793676	0.664995	0.817778	-0.721299	0.996766	0.789399	0.509812	-0.711355	0.103598	0.931641	0.810976	-0.433096	-0.173544	-0.324518	-0.270742	-0.773825	0.138284	0.238344	0.505666	-0.471761	0.168056	0.606475	-0.343955	0.123952	0.00634	0.61098	-0.361066	0.742449	-0.0278	-0.061981	-0.10884	-0.269431	-0.183581	-0.751602	-0.700162	-0.390395	0.85621	-0.671791	-0.52774	-0.937874	0.97031	0.688054	0.333981	-0.899859	-0.104001	-0.274169	-0.971559	
0.745927	-0.981321	0.641482	0.592817	0.912842	0.854878	0.460154	-0.609733	-0.28613	-0.348718	-0.204317	0.480887	-0.43393	-0.533815	0.784649	0.313091	-0.059485	-0.94302	-0.494247	0.13536	0.70052	0.928184	-0.27254	0.926515	0.064829	0.317409	-0.960685	-0.800482	-0.203199	-0.22051	0.137869	-0.336433	0.0691	0.505432	-0.584566	-0.61332	0.013212	0.364425	0.176595	0.677867	0.222095	-0.921269	0.225627	-0.907215	-0.863291	0.768719	-0.074184	0.671566	-0.540357	-0.925494	
0.63978	0.773889	0.465601	0.263012	-0.072639	0.593932	-0.335798	0.844487	-0.22423	-0.380084	0.528473	0.605055	0.848026	0.970509	0.220181	0.65446	-0.30329	-0.641498	-0.370532	0.206703	-0.619556	0.954006	-0.251507	0.309233	0.855557	-0.157868	0.93749	0.944667	-0.269788	0.722197	0.152231	0.148616	-0.631802	0.625236	-0.31922	0.961024	0.636352	0.108781	-0.728027	-0.719169	-0.836869	-0.990021	0.485401	0.563735	0.281446	-0.091042	-0.106166	-0.793001	-0.512581	0.620196	
0.794162	0.322001	0.669955	0.222154	-0.953178	-0.764689	-0.738401	-0.465746	0.017697	0.795286	0.821231	-0.118783	0.459155	-0.60886	-0.51651	0.247952	-0.587405	-0.907809	-0.34701	0.608365	0.68221	-0.776414	-0.667461	0.529995	0.756386	-0.607692	-0.198625	-0.229846	-0.524013	0.176708	0.304061	0.591975	0.803962	0.482467	0.870319	-0.683917	0.743207	-0.987662	0.529136	0.763812	0.017989	-0.053839	-0.302564	-0.928578	-0.02192	0.982673	0.330593	0.111466	0.52062	-0.438631	
-0.562915	0.866567	0.558312	-0.610853	0.062544	-0.099729	0.139289	0.846426	-0.039912	0.770859	-0.304491	-0.913419	-0.943452	-0.385152	-0.323617	-0.550352	0.8167	-0.886612	0.5839	0.425032	-0.418367	0.480751	-0.835407	0.590821	0.111873	0.533249	0.931038	0.69675	-0.073296	0.150351	-0.401228	-0.181986	0.252924	-0.362422	0.963051	0.952774	-0.256044	0.224327	-0.717325	0.064016	-0.597885	-0.928634	-0.496192	0.781196	0.050346	0.330956	-0.167183	-0.330066	-0.102866	-0.092573	
-0.541607	0.738593	0.655886	-0.083761	0.762903	0.729712	0.820986	-0.073301	-0.943277	-0.392063	-0.481142	-0.882137	-0.794711	-0.706568	-0.462186	0.724684	-0.618542	0.886985	-0.322115	-0.473892	0.038049	0.087608	0.304696	-0.579348	0.503564	0.342033	-0.883506	-0.027044	0.451907	0.052712	0.165118	-0.210453	-0.936425	0.951551	0.094798	-0.383692	0.146071	-0.216302	0.688865	0.893519	-0.613251	-0.772948	0.285308	0.012546	0.494136	0.277232	0.486745	0.657442	0.778271	-0.932626	
-0.151635	-0.201651	0.070056	0.793785	-0.714478	0.86356	-0.890768	-0.752707	0.399391	-0.371832	0.684083	0.500483	-0.371782	-0.111142	-0.926209	-0.442778	0.876569	0.084902	-0.994488	-0.900055	-0.661122	-0.224872	0.31801	-0.274304	-0.834298	0.52979	0.279959	0.977697	-0.174485	0.488822	0.310584	0.160272	0.188086	0.003987	-0.635715	0.748151	-0.804907	-0.281903	-0.288593	0.995389	-0.489977	-0.603428	-0.889306	-0.619965	-0.928304	-0.583525	-0.962552	-0.20571	-0.6868	0.489201	
-0.588307	-0.355694	-0.48474	-0.589285	-0.113068	-0.699705	-0.348884	0.513873	-0.086178	0.436297	0.518555	0.666978	0.276677	0.319596	0.646598	0.151122	0.563743	0.186562	-0.120622	0.328696	0.041824	-0.434741	0.84199	0.254281	-0.898741	0.83953	-0.333806	0.761127	0.215532	0.195118	-0.297178	-0.529679	-0.849767	0.531987	0.077013	-0.798738	-0.437883	-0.753999	0.932351	0.284973	-0.076551	0.180145	0.438074	0.951536	-0.056318	-0.848217	-0.155806	0.159292	-0.352976	0.552906	
-0.39417	-0.016569	-0.950892	-0.446818	0.726008	-0.550416	-0.100186	0.810507	-0.230658	0.860276	0.481158	-0.978029	-0.507089	-0.227022	0.879372	-0.850371	-0.857139	0.224471	0.992313	0.940117	-0.061461	0.177942	0.112301	0.353222	-0.781303	-0.472513	0.330663	-0.107618	0.120996	0.929791	-0.56091	0.103817	-0.800096	0.934863	-0.394004	0.293205	-0.45175	0.326809	0.702771	-0.401989	0.382931	-0.40352	-0.962068	0.509374	-0.56816	0.08536	-0.350278	0.150918	-0.319203	0.532251	
0.370071	-0.201846	-0.331935	-0.666415	-0.863657	0.196124	0.823184	0.036169	0.367418	-0.528006	-0.896691	0.341824	0.044292	-0.75733	0.199107	0.570697	0.648679	-0.152888	-0.138221	-0.982782	0.434888	0.940017	0.519651	-0.95676	0.783937	0.540498	0.128255	0.794946	0.319509	-0.429627	0.286588	0.475468	-0.7705	0.322776	-0.758136	-0.501854	0.786734	0.204211	0.910437	0.743129	-0.800835	-0.984181	0.125597	0.167677	-0.140078	0.460463	0.510631	0.550992	0.563208	-0.656623	
-0.500314	-0.4568	-0.873888	0.661382	0.30221	-0.006457	0.860393	0.729197	0.504287	-0.896073	0.269431	0.024884	0.92609	-0.783414	-0.681344	-0.038478	-0.744515	0.630299	0.997233	-0.030627	-0.592647	-0.583422	-0.921724	0.716819	0.754847	0.323684	-0.047538	-0.395006	-0.479631	-0.10589	-0.082023	0.30384	0.387625	-0.57767	0.81575	0.505226	-0.646563	-0.421302	-0.262521	-0.299066	0.415774	0.982221	-0.401357	0.742435	0.591539	0.174884	-0.089046	-0.689466	-0.887363	0.548901	
0.4095	-0.645988	-0.055249	0.438076	0.912859	-0.017133	-0.507018	0.127594	0.480283	-0.427364	0.502262	0.617881	-0.577573	0.46768	0.686118	-0.955254	-0.922974	0.718862	-0.940698	-0.119191	0.802183	0.112235	0.301808	-0.913337	-0.604231	-0.553053	-0.502832	0.463473	0.712218	0.588792	-0.977248	-0.172985	-0.932627	0.386788	-0.273159	0.196457	-0.118173	0.530107	-0.237121	-0.34812	0.123848	-0.103014	0.246651	0.343871	0.983982	0.040771	0.991537	-0.227676	0.507071	0.339866	
0.683235	-0.469194	0.57162	0.54414	-0.45511	-0.390636	0.585121	0.356158	0.680229	-0.527658	-0.384919	-0.561355	-0.296854	0.755074	-0.662902	-0.169929	-0.71827	0.274255	0.325806	0.217697	0.920712	0.648576	0.44253	0.259007	-0.341597	-0.577494	-0.563232	0.642276	0.796008	0.67749	-0.715219	-0.024806	0.362371	-0.433594	-0.739633	0.936536	0.179277	0.228081	-0.282014	-0.794071	-0.707034	0.416256	-0.822845	0.76297	-0.263103	-0.713257	0.481261	0.91102	0.789119	-0.111864	
-0.510938	0.54802	0.666458	-0.91325	-0.92916	-0.547777	0.899409	0.347472	0.13978	-0.401579	-0.652872	-0.99115	0.089175	-0.004565	0.212188	0.977168	-0.790143	-0.15866	-0.948323	-0.00851	0.023483	-0.775817	0.298344	-0.916444	0.276156	-0.524725	0.617115	0.983589	-0.490325	0.354654	0.187541	-0.776141	0.97636	-0.406103	0.81379	-0.372449	-0.292131	-0.337189	0.461777	0.370389	0.199676	-0.333868	0.666597	0.648737	0.067251	-0.164818	0.113016	0.278402	0.323693	0.370114	
-0.013013	-0.557936	-0.482662	-0.261934	-0.227506	-0.937256	-0.680546	0.656954	0.359499	0.558463	-0.698514	0.400753	-0.59006	-0.139374	-0.444402	0.112905	-0.502938	0.079756	0.04585	0.12066	0.682519	-0.145481	-0.196988	0.929233	-0.785088	0.216257	-0.275161	0.511472	-0.206597	-0.290411	0.392483	0.481896	0.299538	0.523265	0.398828	-0.426451	-0.813087	0.096912	0.829002	-0.441343	0.207226	0.909006	0.097299	0.589641	-0.22285	-0.055653	-0.099743	-0.463124	-0.231209	0.116806	
0.618091	0.971892	-0.847163	-0.573484	-0.130896	-0.948868	-0.013547	-0.301838	-0.490319	-0.99158	0.156685	-0.306907	0.046434	-0.296212	-0.983243	0.761878	0.319192	0.600573	0.057453	-0.209653	-0.4848	-0.34879	-0.381858	-0.114099	-0.249548	0.662623	-0.578113	0.293416	-0.783563	-0.505903	-0.307014	0.484455	0.096569	0.477787	0.909593	-0.177484	-0.577704	-0.725608	-0.243912	0.811724	-0.982034	-0.477859	-0.131833	-0.325894	0.934555	0.351172	0.15414	-0.622162	0.68145	-0.154822	
-0.057285	0.403211	-0.626005	-0.483361	0.568311	-0.379026	0.980914	0.638483	-0.366227	0.43819	0.703783	-0.020092	-0.156708	-0.018551	-0.055859	0.803745	0.724766	0.294828	-0.334923	0.78195	-0.749163	-0.871884	-0.826371	0.914205	-0.869983	0.815272	-0.489213	-0.78694	-0.14651	0.938745	-0.231769	-0.971223	0.980933	-0.584187	0.203639	-0.87664	0.809807	-0.829611	0.573857	0.560691	0.60408	-0.194725	0.786056	0.189084	0.302028	-0.18102	-0.104447	-0.763239	0.437994	0.85331	
0.448974	-0.786849	0.687933	0.413156	-0.749588	0.647084	-0.782785	0.20679	-0.935184	0.051578	0.076647	0.843725	-0.462779	-0.705074	0.672224	0.033927	-0.686441	-0.686469	-0.531828	0.528901	0.269562	-0.356652	-0.876175	-0.936145	0.239481	-0.248688	-0.6737	0.688889	0.46538	-0.826339	0.363468	-0.088755	-0.809089	0.584355	-0.444851	-0.863781	-0.356695	0.556552	0.280529	-0.051144	-0.589553	0.016587	0.497692	-0.326905	-0.623925	0.524679	-0.180091	0.092622	0.054332	0.566541	
-0.863517	0.768917	0.36884	-0.533278	0.995771	-0.00283	-0.190088	-0.017533	-0.210122	-0.021755	0.675269	-0.558362	-0.022861	0.079559	0.367381	-0.4305	-0.708403	0.942871	-0.3168	-0.636777	-0.518907	0.876586	0.866281	0.197526	-0.679417	-0.239418	-0.214175	-0.721063	-0.776966	0.1786	0.068971	0.313736	-0.120356	0.408894	0.477003	0.858584	0.359951	-0.794512	0.941259	-0.968506	0.683106	0.940766	0.100126	0.897188	0.53124	0.520914	0.538266	-0.921874	-0.607489	0.6802	
0.645534	-0.520715	-0.144828	-0.070005	-0.652843	-0.781724	-0.13103	-0.158588	-0.610828	0.352002	0.06226	-0.320885	0.10038	0.476406	-0.821951	0.078628	-0.448268	-0.465207	-0.063103	0.570137	-0.580485	0.505369	-0.196783	0.735152	-0.987558	-0.248608	-0.13767	-0.739317	-0.521734	-0.509383	0.156986	-0.82272	0.43228	-0.784703	0.433782	-0.088534	-0.248715	0.627253	0.685769	0.340955	-0.157359	0.61064	0.649256	-0.980089	-0.894997	0.254237	-0.783193	-0.528287	-0.647906	-0.419123	
-0.813864	0.427979	0.770375	-0.647608	0.014623	0.196034	-0.02068	-0.136858	-0.209284	-0.517014	-0.583267	0.835184	0.57314	-0.401956	-0.34408	-0.242454	0.371253	0.224996	-0.632783	-0.404748	-0.741936	-0.439761	-0.221429	0.674719	-0.926262	0.749158	0.16182	-0.559299	-0.786409	-0.283094	-0.733793	-0.713197	0.494357	-0.611211	-0.53765	0.079594	0.570692	0.957172	0.223019	-0.292107	-0.03888	-0.743536	0.443539	-0.726231	0.749138	0.054082	0.839513	-0.887271	0.168955	0.256256	
0.402164	0.772886	-0.788752	0.850864	-0.412889	-0.757258	-0.796064	-0.823297	-0.787985	0.417655	0.491779	0.203838	0.614292	-0.339331	-0.743855	-0.141732	0.490896	-0.291514	-0.827152	0.931158	0.686797	0.765819	-0.278367	-0.16585	-0.665463	0.397757	-0.690864	-0.468471	-0.619441	-0.226256	0.877969	-0.666803	-0.790098	0.139177	-0.65028	0.961061	0.87576	-0.467903	0.439119	-0.179123	-0.14131	-0.759728	-0.366521	-0.385195	-0.060614	-0.149902	0.641568	-0.090298	-0.022981	0.319279	
-0.161229	0.568001	-0.827667	-0.580945	0.240929	0.504337	0.04925	-0.601906	-0.547839	-0.510828	-0.744578	-0.183545	0.522568	0.650319	-0.426508	-0.148772	0.1239	0.275118	0.223549	-0.137952	-0.494026	-0.293992	0.37594	0.961121	0.324919	0.89719	-0.958053	0.838436	-0.159724	-0.971112	-0.746914	-0.701941	-0.165717	-0.040924	-0.472894	-0.590477	-0.433649	-0.696353	0.612859	-0.782926	0.349008	0.125992	-0.80704	0.178738	0.346736	-0.368456	-0.925037	-0.707336	-0.733937	0.21925	
0.435344	-0.395453	0.250448	-0.404443	0.144777	-0.87195	0.454794	-0.287039	-0.851956	0.74508	-0.298472	-0.437869	0.248057	0.167752	0.319894	-0.624656	-0.850115	0.10684	0.49417	-0.666655	-0.789357	-0.685061	-0.744074	-0.887389	0.810856	0.50039	-0.255027	-0.668469	0.80928	0.995123	0.524433	-0.682936	-0.033632	-0.983265	-0.832808	-0.331743	0.770539	0.851601	0.239885	-0.721596	0.349382	0.61898	0.106916	-0.837486	-0.387361	0.660148	-0.124661	0.710569	0.043519	-0.619215	
-0.652343	0.369437	-0.101177	-0.212183	-0.375293	0.569916	-0.897766	0.028857	-0.62747	0.499972	-0.638445	-0.516586	-0.388816	0.455986	-0.708092	0.395939	0.255106	-0.446367	-0.283983	0.655423	0.320714	0.969703	0.08139	-0.826452	-0.294478	-0.698226	0.201905	0.498422	-0.256949	-0.387639	0.068793	0.252749	0.162721	-0.961662	-0.909687	-0.645041	-0.588169	-0.910532	0.911513	-0.099619	0.91149	0.645909	-0.526993	-0.347283	-0.366494	0.564055	0.846955	0.047879	0.709707	0.979791	
0.337919	-0.963129	-0.303624	0.328877	-0.067003	-0.894457	-0.273184	0.265726	-0.17779	-0.238667	-0.726494	0.014345	-0.737949	0.481304	0.963589	0.594145	-0.089171	0.682503	-0.380915	0.576006	0.214909	-0.152623	0.53514	-0.910851	0.190709	0.69192	-0.258118	0.568398	-0.283751	-0.163422	0.858138	0.134439	0.883022	0.509569	0.874366	-0.749403	0.876318	-0.474563	0.451591	0.787659	-0.283371	-0.134277	-0.178692	-0.145542	-0.290666	0.92523	0.520359	0.029959	0.086402	-0.908323	
0.833728	-0.039337	0.508779	-0.086209	-0.368913	0.322052	-0.617862	-0.657975	0.032788	-0.120052	-0.632469	0.182669	-0.367758	-0.050418	-0.990315	0.583603	0.320986	0.018471	-0.308864	-0.979513	0.824492	-0.145043	0.123687	-0.641031	0.644031	-0.057184	0.591718	0.693821	-0.768836	0.554575	-0.299125	0.489398	-0.059575	-0.557605	-0.566389	-0.964469	0.15322	0.056593	-0.028313	-0.159917	-0.897451	0.235445	-0.188983	0.557695	0.765846	0.599969	-0.507787	-0.820053	0.57909	-0.220954	
-0.377616	-0.102928	0.700322	-0.767856	0.22765	-0.858132	-0.823719	0.76031	0.449751	-0.344865	-0.312419	0.57376	-0.539301	0.143557	-0.338616	0.07093	-0.826475	-0.067985	-0.240413	-0.541951	-0.758262	-0.750326	0.878703	0.694988	-0.250268	-0.105427	0.417542	-0.102132	0.229916	0.78472	-0.203815	-0.068986	0.397903	0.762799	0.916526	0.014247	-0.877005	0.087328	-0.253238	0.88321	0.599694	-0.233968	-0.063796	-0.336482	0.459405	0.607725	0.696051	-0.482669	0.546699	-0.195597	
-0.877039	-0.738081	0.309438	0.265855	0.366891	0.401121	-0.450834	0.459304	0.025366	0.179245	-0.408868	0.791868	-0.771147	-0.553082	0.794828	0.43213	0.754989	0.051393	-0.043477	-0.845827	0.762252	-0.046447	0.481308	-0.853754	-0.093062	-0.84743	0.56683	-0.963919	0.999221	-0.006566	0.51158	-0.493655	-0.443814	0.722283	-0.833624	-0.654687	-0.706539	0.590353	0.025526	-0.99268	0.357767	-0.76426	-0.381576	0.529092	-0.268452	0.085024	-0.252757	0.413932	0.281808	0.022384	
0.762239	-0.396605	0.620294	-0.521401	-0.002502	0.935309	0.275626	0.740587	0.389505	0.827994	0.948137	0.181454	0.570313	-0.599956	-0.161632	0.914695	-0.962103	-0.780832	-0.613698	0.965541	-0.915368	-0.389697	0.611495	0.511822	-0.329653	0.378255	-0.996805	0.542122	0.17452	0.882792	0.580756	0.144696	-0.779077	-0.172648	0.501621	0.284513	0.94682	-0.283258	0.440909	-0.779905	-0.053695	-0.059501	-0.67533	-0.869709	0.172552	-0.320921	-0.704682	-0.733777	0.491494	0.96668	
-0.944692	0.34642	-0.515968	0.337384	-0.232221	0.187409	-0.023533	-0.658605	-0.777853	0.215757	-0.475605	0.818135	0.007946	0.079491	-0.269839	0.231964	-0.446548	-0.016584	-0.15565	0.031424	0.74587	-0.89341	-0.384144	0.076549	-0.130883	-0.490743	0.329578	0.728525	-0.371502	0.637031	-0.88719	-0.811444	-0.677698	0.097338	0.872932	0.690278	0.286616	0.026448	-0.248587	0.582372	0.869684	-0.679558	-0.499346	0.27633	0.555921	-0.539811	-0.029133	0.835892	-0.984244	0.534143	
0.08642	-0.403452	-0.107653	0.555912	-0.972417	0.991408	0.76503	-0.207129	0.909235	-0.194523	0.797762	0.313637	0.376437	-0.020057	0.794949	-0.236548	0.876159	-0.106715	-0.272164	0.983184	0.236223	0.515338	-0.227811	0.337893	0.262663	0.793665	0.019009	0.114826	-0.237647	-0.480216	0.410776	0.498708	0.604698	-0.03001	-0.586184	-0.595669	0.97646	0.499294	-0.504325	0.684672	-0.38785	0.562457	0.883793	-0.976222	0.966669	-0.945022	0.007513	-0.855202	-0.733643	-0.583839	
0.209219	-0.37693	-0.912965	-0.695794	0.065252	0.18577	0.509647	-0.163911	-0.088119	-0.078595	-0.42416	0.103642	-0.81332	0.774318	-0.279947	0.213414	0.720674	0.799773	-0.1325	-0.046498	0.677547	-0.789353	0.054542	0.678176	0.737275	-0.427874	-0.136925	0.295322	-0.596566	-0.977062	-0.187213	0.454149	0.336667	-0.217033	-0.761792	-0.178574	-0.024157	0.722988	-0.292052	-0.152618	-0.768571	0.020884	0.4396	-0.60691	0.26463	-0.50044	-0.008548	0.375875	0.242598	-0.43206	
0.034445	-0.204355	0.835529	-0.310903	0.027476	-0.058668	-0.077905	-0.455634	0.61095	0.570607	0.224089	0.169206	0.268624	-0.998929	0.011455	0.442858	0.498377	-0.968793	0.176286	-0.380322	-0.264267	0.281237	0.420311	0.220614	-0.169298	-0.541569	-0.151618	-0.902123	0.121747	0.354627	-0.85064	0.914946	-0.933017	0.411129	-0.507532	-0.437669	-0.997607	-0.888232	-0.857005	0.911146	-0.767387	0.596038	-0.8366	-0.394106	0.148655	0.378547	0.215829	0.253709	0.289763	-0.637711	
0.681119	-0.851634	-0.443417	-0.409792	0.890154	0.20155	0.253521	-0.654048	-0.274075	0.762029	0.412047	0.545031	-0.573726	0.818568	-0.427873	-0.013231	-0.70414	-0.678111	-0.881236	0.674724	0.368235	-0.231296	-0.106687	0.281151	0.693448	0.65416	-0.838916	0.272455	0.820892	0.468637	0.023851	-0.195477	-0.82574	-0.653284	-0.190913	0.172495	-0.674953	-0.919711	0.431309	-0.009186	0.447212	-0.993782	0.538759	-0.868487	0.721915	0.154288	0.420753	0.108628	-0.511147	-0.750023	
-0.690315	0.437271	0.765123	-0.422059	0.031575	0.07213	0.486744	0.507276	-0.921264	-0.861788	-0.071485	-0.916043	-0.051927	-0.687187	-0.200114	-0.453769	-0.634552	-0.784955	-0.327263	-0.016467	0.192926	0.296514	0.720872	-0.806674	0.601536	0.450518	0.911897	-0.724772	0.348364	-0.563423	0.346319	0.880065	0.325426	0.730227	-0.31106	0.362854	0.640157	0.792125	0.733091	-0.655497	0.872218	-0.878518	-0.475445	-0.814284	-0.25099	0.168139	-0.482991	-0.459322	0.139433	-0.427642	
-0.544349	0.903639	-0.298204	0.073876	-0.471746	0.753352	-0.305967	-0.610533	0.102422	-0.32679	-0.427216	-0.269277	0.087222	-0.979709	0.257536	-0.776577	0.953775	0.04132	0.120155	0.295653	-0.775549	0.734362	0.191425	-0.071042	-0.893551	-0.437993	-0.951385	0.509566	-0.880749	-0.621332	0.38078	-0.219069	-0.20846	0.170075	-0.090338	-0.550519	0.835878	-0.956285	-0.368061	-0.345827	0.420846	-0.656747	-0.595681	0.181626	-0.263936	0.706244	0.188906	0.567776	0.019447	0.999319	
0.906196	-0.079616	-0.859977	-0.948015	-0.889537	0.889748	0.531676	0.075349	-0.581894	0.773157	-0.792649	-0.495277	-0.833653	0.502082	-0.839091	-0.166854	-0.711738	-0.368872	0.793119	-0.496782	0.832468	0.288849	-0.706239	0.14085	0.189663	-0.967014	-0.179652	0.019165	0.758706	0.495017	0.095844	0.526011	0.246544	-0.961367	-0.210583	0.054617	-0.60828	-0.984871	-0.105351	-0.301346	0.020011	0.600917	-0.667768	0.211923	0.829653	0.20218	-0.690976	-0.503682	-0.718817	-0.615059	
-0.648491	-0.497987	0.338738	-0.65707	0.01365	0.30717	-0.873453	-0.830699	0.989161	-0.354731	0.212272	0.682091	-0.750194	-0.626989	0.719241	0.256759	0.198548	-0.646095	0.324898	0.994856	-0.482908	0.557674	-0.430371	-0.672119	0.075107	0.494158	0.712381	-0.662488	0.865784	0.101505	-0.336619	0.245235	-0.143963	-0.018896	0.842238	0.308278	-0.377778	-0.688725	0.998006	-0.007862	0.412004	0.574869	0.624133	0.829617	-0.921678	-0.80708	-0.709844	0.83222	0.278064	-0.635427	
-0.269256	0.141117	0.303676	-0.654948	-0.930028	0.299574	-0.694759	-0.917837	0.04369	0.889097	-0.845156	-0.036211	-0.734242	-0.952759	0.599756	-0.800847	0.673873	0.897004	0.771504	0.297337	-0.013214	-0.7258	-0.768795	-0.111646	-0.041345	-0.277713	0.072974	0.82869	-0.277074	0.682093	-0.72202	0.77011	-0.622981	-0.144222	0.231234	0.090223	-0.01027	0.01934	-0.699042	-0.270609	0.173944	-0.959301	-0.068536	0.971018	-0.030255	0.283447	-0.459323	-0.834766	-0.768751	-0.758867	
-0.540836	0.512958	-0.297859	0.383843	-0.694078	-0.098935	0.513465	-0.031983	0.58378	0.69276	-0.241895	0.684391	-0.785867	-0.518168	0.435457	-0.416963	-0.940179	0.989026	-0.521162	-0.442237	0.662158	0.086591	0.926511	-0.238096	-0.956013	0.340661	-0.174899	0.885502	0.003518	-0.084575	-0.95048	-0.562461	0.267939	0.179198	0.693979	0.497764	-0.671742	-0.18879	0.13915	-0.649682	0.385448	0.694135	0.859971	-0.682567	0.553245	-0.97803	-0.653197	0.195446	0.119859	-0.88436	
-0.547231	-0.853201	-0.863673	-0.315604	0.901164	-0.350735	-0.244399	-0.803597	0.497045	0.268694	0.711639	0.19299	-0.821566	0.187662	-0.518111	-0.929978	0.230561	-0.061403	0.416561	-0.802861	0.302883	0.081517	-0.246428	0.295952	0.291984	0.962062	-0.932923	0.167015	0.563739	-0.448334	-0.771942	-0.463739	0.836058	-0.200615	0.967842	0.423327	0.128188	0.907591	0.828653	0.383287	0.01574	-0.399834	-0.069909	0.57572	-0.610152	-0.231017	-0.317094	0.12946	-0.864187	0.919791	
-0.335874	-0.044498	0.788507	-0.7896	-0.546475	-0.396173	0.668755	-0.129676	0.881093	-0.351376	-0.877771	-0.765267	0.143406	0.346119	0.159153	0.565601	-0.41086	-0.283447	-0.281945	-0.003197	0.203972	0.912715	0.695864	0.300018	-0.246753	-0.133134	0.221155	0.312193	-0.768603	-0.273167	-0.902574	-0.454304	0.548772	-0.545464	0.381666	0.590487	-0.53513	-0.313699	0.014117	0.028745	-0.32555	-0.871504	-0.341211	0.485623	-0.913857	0.7688	0.887769	-0.298888	0.328759	0.744837	
-0.118984	0.799	-0.638262	-0.337402	-0.362255	0.148224	0.608375	-0.686075	0.171856	-0.284114	0.460733	-0.667433	0.384628	-0.879979	-0.174877	0.509114	-0.769493	0.693681	-0.552547	-0.509898	0.449656	-0.633402	0.637851	-0.476337	-0.629739	-0.751201	-0.161742	-0.605469	-0.845322	-0.540188	-0.572057	0.720726	0.117166	-0.003337	-0.640934	0.309667	0.789865	0.529494	-0.871472	0.139498	0.71232	0.609741	-0.85254	0.142704	-0.342826	0.071331	0.903998	-0.616989	-0.65244	0.773556	
0.346925	-0.924782	-0.720482	0.42754	0.080536	0.823556	-0.691704	0.955652	-0.399504	0.706318	0.869755	0.164814	-0.822401	0.865323	-0.466241	0.089345	-0.06409	0.32662	0.212004	0.914643	0.732709	-0.845661	-0.177577	0.550572	-0.085591	0.596407	-0.69384	-0.838135	0.574207	0.569938	0.453442	-0.023154	-0.556902	0.612609	-0.56572	0.266808	0.390044	0.716449	-0.093894	-0.560107	-0.066954	-0.952775	-0.368759	-0.664364	0.735906	-0.816872	-0.098583	0.3164	-0.030575	0.485107	
0.048711	0.718104	0.584518	-0.342187	-0.275805	0.486975	0.648255	-0.402945	0.451157	0.596178	0.46676	0.653473	0.168652	-0.129515	0.502442	-0.287807	0.404789	-0.267953	-0.443394	0.034126	0.389797	0.50552	0.513108	0.222115	-0.807891	-0.152195	0.065855	-0.800789	-0.122537	0.751183	-0.694591	-0.882766	0.948488	-0.162065	-0.918751	-0.268376	-0.820145	0.994857	-0.359628	-0.83589	-0.312888	0.256794	0.050031	-0.873327	0.663131	0.560874	0.215774	0.148091	0.829843	-0.018566	
0.898446	-0.981519	-0.757952	0.496949	0.45054	-0.106511	-0.11032	0.466178	0.918246	0.096123	-0.227572	-0.359499	-0.287011	0.814388	-0.411516	-0.730334	0.186981	0.320291	0.005534	-0.611077	-0.715204	0.212084	-0.267402	0.371963	0.31743	-0.069235	-0.634593	-0.369258	-0.035678	0.670777	0.229289	0.135527	-0.473259	0.913327	0.447716	-0.545768	-0.128487	0.206393	0.649784	0.175952	-0.722279	0.071478	-0.323452	0.340366	0.894488	0.16826	0.084287	-0.699175	0.753843	-0.98601	
-0.568788	-0.1898	-0.936104	-0.205543	0.918274	0.545221	-0.6388	0.332468	-0.05035	0.547972	-0.506597	0.692078	0.90303	0.209928	-0.122487	0.602466	-0.081975	0.134611	0.994448	-0.425019	-0.773087	0.845433	-0.594514	0.526909	0.519135	0.967985	0.612921	0.589646	-0.487177	-0.584882	-0.657874	-0.420091	0.922537	0.794773	-0.410775	-0.314263	0.373843	0.956335	-0.236041	-0.354358	0.801159	0.969372	-0.334454	-0.123368	-0.432824	0.23465	0.426878	0.673427	-0.577879	0.645479	
-0.123456	-0.773675	0.182594	-0.219479	-0.386016	-0.644309	-0.73327	0.603344	0.174082	0.383987	-0.949556	0.105289	0.51928	0.548268	0.028344	-0.771351	-0.187338	0.113667	0.226587	-0.275377	0.003041	-0.140412	-0.613377	0.416416	-0.280802	0.923947	0.106135	-0.44648	0.069034	-0.898621	-0.212805	-0.737759	0.266486	-0.009535	0.012161	-0.101499	-0.2557	0.032038	0.881595	-0.378959	-0.435517	0.535882	0.844469	-0.824835	0.772396	0.636454	0.773675	-0.879712	0.74681	0.547564	
-0.633354	-0.050043	-0.640328	-0.175937	-0.726492	-0.64637	-0.560018	-0.665132	0.402726	0.991313	0.903885	0.275217	-0.669393	-0.285817	-0.905937	-0.225116	0.437956	-0.175978	-0.625474	0.30787	-0.120667	-0.115119	-0.527826	0.129483	0.685365	-0.994795	0.298901	-0.423686	0.42608	0.408321	-0.853547	-0.425296	-0.175456	0.894222	-0.747232	0.441911	0.583275	-0.601431	0.135702	-0.457592	0.099878	-0.865116	-0.26455	-0.396924	-0.780962	-0.855445	0.662636	-0.364128	-0.779054	-0.668741	
0.518315	-0.641186	-0.875445	-0.259644	-0.340588	0.45828	-0.41055	0.709747	0.496318	0.015019	-0.459297	-0.228082	0.571685	-0.585613	-0.987827	-0.367729	0.185882	-0.791023	0.357506	0.451184	-0.308922	0.581134	0.963939	0.703503	-0.293672	-0.777305	-0.709148	-0.765001	0.081046	0.104161	-0.440343	-0.393919	-0.879421	0.212595	0.124353	-0.963783	-0.738888	-0.407938	0.581012	0.15683	0.791009	0.780167	0.559227	-0.557699	-0.170324	-0.481642	-0.194794	-0.812312	-0.341436	-0.792769	
0.39531	-0.915294	-0.826932	0.565781	-0.813718	-0.121054	-0.728383	0.986779	-0.022906	0.698239	0.635269	-0.71851	-0.410285	0.956776	0.791667	-0.521833	0.715019	0.972525	-0.388635	-0.786254	0.802414	-0.794943	0.679362	0.05537	0.246995	0.928209	-0.052656	-0.576275	0.529497	0.108093	0.765159	-0.547917	0.76351	-0.608033	-0.013088	-0.111994	-0.83105	-0.456208	0.695985	-0.435385	-0.77618	-0.586565	-0.435535	0.076438	-0.670368	0.112567	-0.057533	0.667133	0.723398	-0.364841	
0.444829	-0.251598	0.493462	-0.135292	-0.039847	0.238366	0.172705	-0.787816	-0.135796	0.29904	-0.406751	-0.545134	-0.381284	-0.891952	-0.865284	0.136507	-0.640603	0.49709	0.782816	-0.920611	-0.085427	0.002079	0.347813	0.66672	-0.671591	0.318865	0.329648	-0.251362	-0.675754	-0.311216	0.641407	-0.510215	-0.518324	-0.502638	-0.386153	-0.307638	-0.822543	-0.656261	0.625281	0.872453	-0.433469	-0.484411	0.914054	0.335308	-0.917753	-0.870718	-0.987903	-0.755104	-0.017827	-0.532388	
-0.19365	-0.644367	0.701501	-0.541358	0.063247	-0.496184	-0.86424	-0.15952	-0.874971	-0.3533	0.715729	0.536443	0.041754	-0.825853	-0.825288	0.003088	0.312585	0.071709	0.352896	-0.377575	-0.61797	0.470763	0.295648	-0.58133	0.02313	-0.617972	-0.912636	-0.695196	0.725237	0.813414	0.962584	0.52336	-0.199858	0.876405	-0.156416	0.134238	-0.062198	0.556817	0.682145	0.361852	-0.493952	0.58069	0.730314	0.606163	0.780425	0.404154	0.992466	0.42455	0.729943	0.545332	
0.568476	-0.564703	-0.284615	-0.825048	-0.606683	0.693596	0.15594	-0.405686	-0.547299	0.182392	0.784283	-0.751268	0.470107	0.057562	-0.240974	-0.704032	-0.850398	-0.813428	0.880657	-0.544917	-0.378987	-0.905007	-0.964882	0.938704	0.409788	-0.402693	-0.665794	-0.251417	0.789869	-0.336685	0.241941	-0.987779	-0.076408	-0.12287	0.819299	0.847971	0.656749	-0.562856	-0.702725	-0.100818	-0.311917	-0.878039	0.257589	0.404689	0.657832	0.342919	0.633175	0.285941	-0.959902	-0.541617	
-0.662257	0.161042	0.84975	0.781174	0.708955	0.150855	-0.485395	-0.095906	-0.888066	0.237254	-0.363142	-0.294485	0.007936	-0.944308	-0.514325	-0.094629	0.88874	-0.410741	-0.918069	-0.388933	-0.625007	0.10875	-0.123308	-0.204996	-0.456593	0.05431	-0.547477	0.382794	0.659234	0.241706	-0.182055	0.904014	0.800811	0.813492	0.360266	-0.767311	0.330804	-0.948181	-0.356074	-0.716391	0.706949	-0.90838	0.310183	0.079978	0.944802	-0.144501	-0.827695	0.283317	-0.839587	0.615077	
-0.536311	0.182002	0.766297	0.653344	0.319492	0.512131	-0.005424	-0.767885	0.142563	0.035362	-0.362155	0.860175	-0.08452	0.359064	-0.583318	0.243016	0.593076	-0.763343	-0.105127	-0.16447	0.661314	-0.82063	-0.910573	-0.757872	0.695312	0.295597	-0.981673	0.084626	-0.451003	0.390641	-0.541327	0.510679	0.60558	0.208548	-0.187151	0.611885	0.236797	-0.988721	0.829013	0.44839	0.231753	-0.71208	-0.298122	0.49328	0.46629	-0.511743	0.76838	0.480423	-0.681652	0.282577	
-0.046699	0.111483	0.293188	-0.644516	0.974942	-0.381852	-0.60194	-0.434578	-0.596727	0.777522	-0.144207	-0.767468	-0.885617	-0.009072	-0.902637	-0.968709	-0.136086	0.421836	0.981853	-0.461472	0.057661	0.507993	0.974933	0.284183	0.550224	-0.523832	0.93573	-0.851008	-0.762966	-0.674387	0.083687	0.499411	-0.592119	-0.210299	-0.640676	0.705988	-0.547467	0.617699	-0.270605	0.112815	0.103323	0.989483	0.533263	0.572837	-0.29388	0.069391	-0.641476	0.197233	-0.862061	0.577468	
0.469801	-0.654536	0.182298	0.480282	-0.1309	0.11262	-0.111488	-0.086692	-0.239359	0.399609	-0.842021	-0.978212	0.897837	-0.000743	0.885465	-0.834422	0.783274	0.659607	0.236313	0.681944	-0.877386	0.110784	0.673835	0.392745	-0.157159	0.512635	0.095998	-0.82016	0.573803	0.607576	0.697612	-0.473278	-0.152286	-0.85523	0.018568	-0.971549	-0.017766	0.147872	-0.471108	0.857666	-0.849517	-0.583875	0.60067	0.040957	-0.484027	-0.843098	0.324997	-0.496362	0.957782	0.289488	
-0.06675	-0.8398	-0.051162	0.445642	-0.196239	0.029242	-0.246224	-0.593239	0.954776	-0.263727	0.569862	-0.949001	0.868308	0.624872	0.817603	0.991865	0.478243	0.991325	0.30799	0.937607	-0.098887	0.238172	-0.914636	0.769285	-0.901704	-0.979046	-0.97416	-0.354494	0.812284	-0.488098	0.298081	0.471864	0.688355	0.955821	-0.20636	-0.27217	-0.421093	-0.202467	0.514436	-0.135489	0.616002	0.61089	0.332954	-0.835791	-0.908659	0.402923	0.152501	0.397781	0.543989	-0.453522	
0.737083	-0.243919	0.804805	0.132861	0.195609	0.90579	-0.695433	0.190306	-0.50443	-0.386311	-0.913387	0.869366	-0.036096	-0.025978	-0.879591	-0.649816	0.042753	0.773668	0.983356	0.19299	0.09061	-0.449953	0.291826	-0.524965	-0.081662	-0.451104	0.884486	0.682648	0.309083	-0.504028	-0.253343	0.629482	-0.103974	0.677341	-0.622629	0.861726	-0.627312	0.05484	-0.083578	-0.513193	-0.715566	0.176479	0.695899	0.656937	-0.472597	-0.146446	-0.082438	-0.738123	-0.498567	-0.845377	
0.023692	0.220524	-0.062239	0.511734	0.062051	-0.911977	-0.350981	0.060755	-0.925216	0.732832	0.939295	-0.618946	-0.318906	-0.108823	-0.242542	-0.094101	-0.715009	-0.537137	-0.967032	-0.481802	-0.257606	0.148976	-0.889729	0.952708	0.899333	0.875833	0.715129	-0.921194	0.823974	0.404203	0.270968	-0.55009	-0.538852	0.035607	0.573443	-0.088593	-0.273468	0.797777	-0.784536	0.853281	-0.414969	-0.650187	-0.912025	0.478843	-0.03937	-0.730387	-0.030424	-0.521567	-0.295189	0.035531	
-0.862798	0.314833	0.584216	-0.690243	0.145062	-0.435463	0.55895	0.876711	0.242143	0.384419	-0.279344	-0.070206	-0.427228	-0.994333	-0.05184	-0.684018	-0.072008	0.422207	0.924799	-0.371815	-0.724469	-0.787719	-0.065052	0.90217	-0.275378	0.173838	0.96814	0.926561	-0.909971	-0.061145	-0.859894	0.645372	-0.478756	-0.157045	-0.322629	-0.66976	-0.25779	0.619423	0.341623	-0.737866	-0.854581	-0.452029	0.991168	0.233033	0.668037	0.029005	-0.850532	-0.395748	-0.942502	-0.680276	
0.349125	-0.298529	-0.069385	-0.107844	-0.711635	-0.083515	0.075359	0.597982	0.802136	-0.073922	0.94429	-0.131168	0.647902	0.584215	-0.220736	-0.848904	-0.909592	-0.207156	-0.712457	0.386194	-0.369332	0.618995	-0.840262	-0.09396	-0.341213	-0.032436	0.122671	-0.038656	-0.37791	-0.16848	-0.205809	-0.728609	0.012552	0.397411	0.280354	-0.975164	0.093871	-0.81684	-0.100804	0.782206	0.21196	0.685254	-0.023765	-0.990636	0.9071	-0.821966	0.823711	-0.988469	-0.190563	0.107184	
-0.981949	-0.547132	0.872847	0.743359	-0.558805	0.313251	0.088931	0.732875	-0.347168	0.602412	-0.422134	-0.746135	-0.305371	-0.814061	-0.44389	0.12887	0.169734	0.789677	0.343278	0.749362	0.973552	0.329808	-0.923417	0.180517	-0.182055	0.720852	-0.617072	-0.699707	-0.837687	-0.015712	-0.463791	0.586896	0.90533	0.994424	0.087066	-0.340887	0.223705	0.946278	-0.840985	-0.760977	-0.76702	0.131102	-0.893781	0.052178	-0.752146	-0.413901	-0.358242	0.614581	-0.570388	-0.377119	
-0.261308	-0.03283	-0.866915	0.620498	-0.173778	-0.402701	0.631423	-0.617049	-0.006456	-0.527317	-0.205687	-0.962413	0.912467	-0.531732	0.109179	0.470752	0.259784	-0.047035	-0.287041	0.604993	0.039024	0.113622	-0.774698	-0.569092	0.970157	-0.423336	-0.961973	0.416484	0.954971	-0.432267	0.743346	0.569396	-0.837074	-0.032216	-0.699807	-0.646763	0.670843	0.043377	-0.732271	0.22269	0.61072	-0.287229	-0.160678	-0.182058	0.276307	-0.144656	-0.383114	0.295718	-0.544361	-0.570176	
0.892538	0.792739	-0.654569	0.777608	-0.677854	0.38767	0.573202	0.265525	0.974371	-0.445152	0.244077	-0.742255	-0.659806	-0.433633	-0.815807	0.034197	0.764051	-0.926143	0.418194	-0.915289	-0.391687	0.168181	-0.746813	-0.196268	0.991556	0.877379	0.208952	-0.958113	0.482593	0.234837	0.842345	0.963394	0.740518	0.948364	0.224703	-0.474824	-0.154103	0.216972	-0.336275	0.77745	-0.089139	-0.5687	-0.241452	-0.833665	0.421327	-0.434462	0.343061	0.635461	-0.550293	0.048763	
-0.378624	-0.227267	0.67884	0.770507	0.730685	0.945968	-0.452101	0.955487	0.51468	0.165628	-0.802982	0.838857	-0.916059	0.528827	-0.254806	0.321334	-0.914882	0.016435	-0.480834	-0.482231	-0.091879	0.507088	0.715603	0.104718	0.508274	-0.734972	-0.61418	0.308647	-0.128812	0.646377	-0.691219	-0.528554	0.68905	-0.774353	0.344191	-0.260106	-0.077756	-0.487678	0.223717	-0.995153	-0.782208	0.025261	0.717962	-0.26361	0.767323	-0.448701	-0.324537	0.697649	0.661164	-0.330696	
-0.801877	-0.539704	-0.642654	-0.912757	-0.59253	-0.88314	-0.624882	0.388381	-0.116324	-0.130218	0.703208	-0.927245	0.948332	0.209342	0.706366	-0.602437	-0.840192	-0.323859	0.910539	-0.427093	-0.932872	0.336373	-0.540406	0.524524	-0.355838	-0.815181	0.182941	0.320702	-0.53251	-0.770476	0.087892	-0.45213	0.242177	0.410079	0.290508	-0.616305	-0.791692	0.75258	0.957337	0.209018	-0.25503	0.70606	-0.824789	0.167763	0.520273	-0.231075	-0.932335	-0.226234	-0.121277	-0.129875	
0.191436	-0.189353	-0.351417	-0.429567	0.094735	-0.904354	-0.26872	-0.793935	0.682677	0.982181	0.915686	0.227524	0.234239	-0.139284	0.105906	-0.267211	0.502757	0.609381	-0.871098	-0.367476	0.042732	0.463231	0.931754	-0.405268	-0.702228	-0.775753	0.230877	0.979238	-0.48179	-0.272453	0.150231	-0.607255	-0.772144	-0.11407	-0.089516	-0.650364	0.87398	-0.842459	0.892823	0.124367	0.214246	-0.332217	-0.923557	-0.139759	0.121837	-0.236168	0.757612	-0.980676	-0.564132	0.36847	
-0.326725	-0.309428	-0.385455	-0.920829	-0.160993	0.611458	-0.012846	0.818137	-0.355647	0.95199	0.029215	-0.855049	0.528758	-0.110538	-0.14735	-0.731297	-0.607696	0.446564	-0.537483	-0.058649	-0.731021	0.772153	-0.348161	0.458232	0.730255	-0.122813	-0.486806	0.228473	0.580123	-0.984813	0.806325	0.29259	0.005278	-0.833909	-0.276879	0.283932	-0.203304	-0.182359	-0.252567	0.294145	0.046221	0.989343	-0.947211	-0.978236	-0.727167	0.475457	0.723961	-0.05423	-0.651624	-0.7901	
0.395996	0.48465	-0.791416	0.501357	-0.216988	0.692282	-0.799602	-0.385069	-0.664075	-0.361829	0.917968	-0.958121	-0.347263	-0.061523	-0.244899	0.523993	-0.005134	-0.785827	-0.672598	-0.012025	-0.910607	-0.928564	-0.379251	0.361323	0.787057	0.643659	0.951687	-0.333797	-0.981141	-0.10682	-0.141994	0.910439	0.862106	0.113224	-0.499229	-0.133643	0.419644	-0.803637	0.014356	0.929654	0.206718	0.860349	-0.708856	0.346585	0.393526	0.574331	0.628671	0.414742	-0.463513	-0.420213	
-0.282854	0.137457	-0.171878	-0.002719	0.430241	0.765265	-0.425153	-0.274932	-0.620669	0.15762	0.989884	-0.555524	-0.185422	0.391646	0.418659	-0.577836	0.823482	0.167898	0.07986	-0.106674	-0.854169	0.930311	-0.052342	0.004663	0.748033	0.944532	-0.78145	0.792122	0.854102	-0.045518	0.15485	0.172398	0.535248	0.281621	-0.622716	0.526372	0.151322	-0.460315	0.165027	-0.174678	-0.261775	0.491076	-0.722477	0.336216	0.55701	0.475906	0.396134	0.543459	-0.789918	-0.434224	
-0.135034	-0.854324	-0.344869	-0.475343	0.845138	0.476598	0.145041	-0.115896	-0.11662	0.632621	0.492326	-0.948473	-0.504262	0.163137	-0.904134	-0.3882	-0.972668	-0.258245	0.207013	-0.366235	0.756339	0.229871	-0.981002	-0.447747	0.94409	0.444138	0.334092	-0.791861	0.167196	-0.757054	-0.325339	0.856618	0.862899	0.379877	-0.514805	0.841643	0.043719	0.924008	0.355568	0.939613	-0.084718	-0.317782	-0.613478	-0.213209	-0.16083	0.964958	0.936826	-0.18186	0.043967	-0.440085	
-0.105892	0.763785	0.903224	0.00397	-0.688638	0.051855	0.904191	0.668522	0.455548	0.796562	-0.60259	-0.586795	0.417214	0.156284	0.968219	0.55699	-0.35736	-0.764741	-0.637877	-0.30893	-0.97111	0.455948	0.908215	0.905215	0.76308	0.315324	0.776683	-0.759782	-0.406042	-0.710316	0.944204	-0.707054	0.751292	0.916462	0.291585	-0.200476	0.757903	0.690354	0.379643	0.807366	0.099585	0.967624	-0.941899	-0.502113	0.905221	0.606464	0.190675	0.81717	-0.011443	0.470034	
0.956946	-0.791314	0.250542	0.838068	0.017644	0.626676	0.18404	0.512655	-0.220376	0.601448	0.380901	0.843583	-0.402637	0.115459	0.765472	-0.102416	-0.180857	-0.348605	0.725084	0.599552	0.770603	-0.77476	-0.717198	0.034194	0.118544	-0.056629	-0.366561	-0.529991	0.436837	-0.811913	-0.499827	-0.575847	-0.313661	0.897796	0.240395	0.9746	-0.118661	-0.475556	-0.732574	0.513018	0.829669	-0.87407	-0.271568	-0.577059	0.429563	0.325232	0.459164	-0.039316	0.372619	-0.923972	
-0.46518	-0.504569	0.291508	0.687791	0.632444	0.3387	0.722186	-0.970716	0.089558	-0.963481	-0.440249	0.367997	-0.8541	-0.690856	0.864678	0.119682	-0.398418	0.591152	0.385788	-0.52785	-0.109047	0.160597	-0.620269	0.484589	0.407318	-0.009452	0.836671	-0.926157	0.165375	-0.541993	0.755749	-0.945673	-0.744251	0.068337	0.083725	-0.672338	-0.212861	-0.399741	0.6755	0.496194	0.077217	0.205663	0.702883	-0.999866	0.189277	-0.11805	-0.978545	0.185272	-0.929316	-0.357119	
0.357988	0.672139	0.726216	-0.462713	-0.473505	0.204483	0.544086	-0.778182	0.126681	-0.886779	0.724643	0.370926	-0.963531	-0.392427	-0.867591	-0.600723	-0.197613	-0.195098	-0.291186	-0.647913	-0.200273	-0.29444	0.962113	0.872073	0.430893	0.507652	-0.533094	-0.80061	-0.477058	-0.577475	0.771306	-0.182883	-0.567882	-0.482968	-0.371958	0.429062	-0.30708	0.975081	0.803747	-0.895402	-0.557161	-0.972723	0.91991	-0.075524	0.683049	0.653618	0.767874	0.491629	-0.952526	0.928054	
-0.572998	-0.617498	0.233165	-0.240554	-0.286892	-0.911602	-0.320645	0.499888	-0.232913	-0.771689	-0.200341	-0.285873	-0.852485	0.722664	0.837767	-0.918181	-0.161544	0.22181	-0.278327	0.236791	0.027481	-0.540292	-0.999518	0.753444	0.438934	0.277334	0.127856	0.666446	0.551472	0.078467	0.896414	0.572168	0.023773	0.168937	0.849169	0.036596	-0.803239	-0.520481	-0.12515	0.77498	0.455706	0.578875	0.92518	0.314018	-0.201061	-0.237387	-0.028853	0.387195	-0.813553	0.828012	
-0.278088	0.523247	-0.533464	0.378433	-0.26719	-0.541509	0.492883	0.72067	-0.81745	0.535014	-0.337444	0.706292	0.16747	-0.861602	-0.398121	-0.273542	0.655153	-0.566475	-0.165143	-0.569517	-0.140019	-0.203993	0.602703	0.413026	0.593796	-0.834363	0.485211	0.505254	-0.546426	0.568638	0.707604	-0.048863	0.894398	0.44304	0.668192	0.820205	-0.090666	0.10223	-0.07931	0.370676	0.152181	0.602651	-0.696896	-0.826495	0.143703	-0.086234	-0.212596	-0.772578	-0.455393	-0.77968	
-0.495171	-0.858151	0.273052	0.371915	-0.156515	0.295348	0.467427	-0.129595	0.988211	0.919238	-0.382968	-0.833068	0.535343	0.502159	-0.12181	0.543632	-0.139679	0.595923	-0.935087	0.43385	0.237072	0.996129	-0.080209	0.243272	-0.962233	-0.400022	0.31921	-0.274512	-0.488624	-0.593355	-0.861233	0.896734	0.601962	-0.873694	0.804403	-0.627801	-0.778327	0.649575	0.552659	-0.88982	-0.158021	0.982124	-0.402417	-0.572743	-0.189232	-0.743474	-0.783819	0.190128	0.775481	-0.446535	
0.030196	0.017842	0.024754	0.003343	0.000493	0.014924	0.036572	0.017449	0.036027	0.015181	0.012815	0.032587	0.034711	0.018354	0.037167	0.012155	0.024766	0.033149	0.03695	0.008679	0.031181	0.01828	0.027504	0.031312	0.021356	0.00283	0.007423	0.036003	0.016314	0.003326	0.004989	0.022076	0.028797	0.023783	0.031199	0.018029	0.021158	0.037621	0.023055	0.007654	0.021877	0.010096	0.000505	0.027434	0.004107	0.030241	0.015913	0.000891	0.00924	0.017692	
0.012831	0.003353	0.01757	0.031183	0.001832	0.003497	0.041865	0.02517	0.006856	0.010139	0.020999	0.001231	0.037026	0.039458	0.024311	0.018401	0.021426	0.023806	0.023419	0.005256	0.004689	0.037162	0.0233	0.024029	0.012552	0.013673	0.035315	0.006105	0.034543	0.033746	0.009628	0.008516	0.012529	0.013114	0.041559	0.014344	0.028879	0.025604	0.039244	0.008829	0.037956	0.016709	0.029384	0.009725	0.004558	0.006258	0.022573	0.040497	0.021623	0.013728	
0.031555	0.001536	0.018357	0.040629	0.010054	0.003566	0.040258	0.011904	0.013929	0.003043	0.003131	0.009151	0.040138	0.01171	0.013961	0.027927	0.001438	0.015387	0.016267	0.017343	0.040416	0.014196	0.030114	0.032575	0.027222	0.027455	0.040288	0.004002	0.021085	0.018031	0.001918	0.004822	0.019684	0.032678	0.01581	0.011383	0.027389	0.035938	0.010925	0.006961	0.03078	0.039205	0.038771	0.017033	0.010305	0.023211	0.029698	0.021327	0.031978	0.003516	
0.014474	0.003832	0.00038	0.040405	0.010625	0.007764	0.002142	0.013252	0.011744	0.010338	0.02527	0.000401	0.027529	0.019949	0.015953	0.008582	0.004147	0.038195	0.004126	0.031575	0.025383	0.02341	0.019053	0.030708	0.022073	0.014431	0.011161	0.034916	0.000556	0.016074	0.028357	0.026242	0.042178	0.02356	0.012493	0.003352	0.038544	0.014109	0.005576	0.027869	0.02065	0.013435	0.015015	0.036882	0.041234	0.036769	0.038764	0.036611	0.019794	0.030118	
0.001355	0.024997	0.011403	0.028057	0.008171	0.026797	0.027031	0.010229	0.021007	0.029225	0.003485	0.004622	0.040543	0.033144	0.008294	0.015486	0.015763	0.023296	0.037896	0.035438	0.031245	0.015336	0.002265	0.040209	0.023849	0.008998	0.009711	0.000295	0.027681	0.017252	0.04054	0.011014	0.031975	0.018534	0.024131	0.012532	0.002126	0.008219	0.017413	0.024503	0.019014	0.025748	0.015798	0.038149	0.014152	0.024317	0.035302	0.03161	0.001334	0.020509	
0.041754	0.0129	0.007574	0.019259	0.00603	0.003284	0.001443	0.002145	0.015583	0.015671	0.026672	0.009392	0.005677	0.022273	0.019742	0.034625	0.039633	0.005174	0.005195	0.040703	0.040001	0.024072	0.021335	0.038277	0.04063	0.017291	0.00626	0.033006	0.029601	0.037416	0.037127	0.030179	0.02165	0.034744	0.007706	0.013237	0.010511	0.019785	0.004431	0.014424	0.006034	0.001903	0.017268	0.001958	0.020477	0.013137	0.040627	0.018773	0.021237	0.042174	
0.029854	0.019957	0.019648	0.033492	0.011797	0.031453	0.001225	0.011853	0.010124	0.032959	0.033032	0.032518	0.013629	0.026134	0.003645	0.013663	0.033337	0.018433	0.02252	0.021439	0.031937	0.024651	0.010128	0.010491	0.022787	0.03267	0.010729	0.02652	0.028205	0.029194	0.006604	0.023832	0.004508	0.020478	0.03094	0.0198	0.028766	0.030119	0.011656	0.017884	0.028331	0.018637	0.011989	0.005874	0.018248	0.023636	0.019926	0.024484	0.001473	0.004791	
0.019756	0.008465	0.038105	0.002644	0.011125	0.013607	0.037941	0.018182	0.021278	0.015041	0.017409	0.023236	0.007036	0.034989	0.014693	0.036857	0.032358	0.023979	0.032788	0.011438	0.033544	0.029916	0.001907	0.013655	0.0039	0.024635	0.014668	0.008729	0.013054	0.003824	0.029443	0.006505	0.030239	0.036959	0.016802	0.009084	0.027804	0.025036	0.037298	0.029619	0.016401	0.031874	0.032488	0.031302	0.005396	0.022109	0.013141	0.01365	0.009654	0.006437	
0.02297	0.028733	0.015608	0.021823	0.034463	0.029097	0.033436	0.029731	6.2e-05	0.01409	0.015167	0.01679	0.031188	0.004176	0.013098	0.005954	0.026084	0.02813	0.020397	0.012916	0.012747	0.00698	0.023265	0.035602	0.034079	0.008633	0.02382	0.008189	0.011804	0.00183	0.017533	0.002569	0.022223	0.016298	0.029547	0.037214	0.011929	0.030541	6e-06	0.028857	0.007545	0.039281	0.030528	0.016321	0.036966	0.024238	0.01035	0.028888	0.032935	0.005369	
0.000111	0.020241	0.034097	0.015033	0.029666	0.033887	0.030052	0.02104	0.012685	0.034523	0.035482	0.013929	0.018184	0.03507	0.034057	0.009656	0.014073	0.013148	0.025264	0.012967	0.025556	0.033583	0.028751	0.004922	0.012677	0.027064	0.023614	0.016895	0.002129	0.032221	0.010719	0.00414	0.005765	0.029252	0.011641	0.027349	0.004661	0.017623	0.028302	0.006548	0.004388	0.019733	0.00845	0.016688	0.021019	0.036152	0.014987	0.014515	0.035218	0.032273	
0.002988	0.03058	0.002923	0.025509	0.01837	0.038293	0.00471	0.022516	0.018873	0.021734	0.026109	0.016739	0.030759	0.009714	0.001976	0.039254	0.031169	0.015466	0.020357	0.033182	0.022125	0.001916	0.030338	0.002641	0.003517	0.025136	0.005406	0.00014	0.035425	0.004339	0.013577	0.016582	0.036069	0.028079	0.030241	0.019737	0.002411	0.014949	0.030217	0.032514	0.026244	0.012603	0.038037	0.015391	0.008539	0.025136	0.038464	0.028118	0.022891	0.017997	
0.021304	0.029176	0.009624	0.004658	0.022053	0.026407	0.020406	0.015833	0.025863	0.024905	0.03706	0.018996	0.007045	0.034977	0.0187	0.029336	0.001949	0.008124	0.045248	0.004089	0.033211	0.033313	0.003115	0.037795	0.033544	0.010208	0.003392	0.026018	0.031573	0.047072	0.020047	0.01125	0.041022	0.022897	0.019356	0.04459	0.039844	0.002979	0.019591	0.006865	0.016782	0.005847	0.000654	0.026946	0.002082	0.015377	0.003853	0.007341	0.020784	0.006899	
0.003686	0.010744	0.035135	0.021138	0.017611	0.012091	0.028496	0.019646	0.033272	0.010348	0.033202	0.0256	0.036114	0.011823	0.007663	0.025971	0.023128	0.005512	0.019877	0.018394	0.016464	0.031311	0.00954	0.007081	0.038254	0.036233	0.037067	0.003729	0.030035	0.002611	0.016013	0.012866	0.017475	0.038607	0.036444	0.008889	0.006706	0.003461	0.006563	0.006636	0.036772	0.01249	0.036861	0.023615	0.034776	0.039311	0.015539	0.004607	0.020477	0.010116	
0.03564	0.0202	0.027648	0.015603	0.019857	0.021438	0.024532	0.000541	0.016884	0.011995	0.03044	0.028497	0.029717	0.01678	0.012378	0.02614	0.011014	0.020005	0.008773	0.022078	0.019622	0.009941	0.008749	0.03335	0.014775	0.013126	0.018808	0.032803	0.008782	0.028132	0.02883	0.03074	0.025212	0.025711	0.02043	0.035611	0.021612	0.022724	0.013851	0.017672	0.014511	0.023764	0.031572	0.028643	0.003215	0.007044	0.010196	0.022355	0.007708	0.020351	
0.019475	0.00222	0.008101	0.001833	0.004101	0.0081	0.025759	0.027194	0.037054	0.025358	0.014973	0.035858	0.037896	0.034964	0.027366	0.003942	0.027064	0.010376	0.033716	0.016218	0.000194	0.03094	0.009459	0.031749	0.020874	0.008359	0.023796	0.003683	0.027919	0.018565	0.03454	0.013834	0.000853	0.001795	0.031827	0.003803	0.020744	0.027741	0.038703	0.018478	0.032219	0.026604	0.032241	0.025979	0.018104	0.010544	0.024821	0.028001	0.023072	0.008991	
0.02013	0.033501	0.02883	0.025405	0.011984	0.012809	0.031982	0.009152	0.001829	0.014908	0.000642	0.033354	0.03436	0.008212	0.029684	0.006346	0.011752	0.030394	0.015727	0.031288	0.013631	0.03174	0.002119	0.021369	0.022281	0.00127	0.005892	0.01932	0.033984	0.038617	0.010914	0.007323	0.02716	0.016281	0.016262	0.026506	0.017198	0.025958	0.013191	0.019935	0.02677	0.002313	0.026211	0.030823	0.02349	0.002601	0.027896	0.034416	0.026937	0.035303	
0.032793	0.029361	0.012667	0.005532	0.032245	0.03136	0.01851	0.007924	0.030122	0.027568	0.026093	0.001705	0.027159	0.001549	0.018128	0.015571	0.025462	0.018092	0.029475	0.033559	0.027428	0.021755	0.005029	0.005759	0.004772	0.029534	0.005526	0.028093	0.028369	0.001153	0.02789	0.020398	0.016309	0.031576	0.000487	0.030732	0.01508	0.026926	0.030424	0.009938	0.032001	0.027019	0.021217	0.00415	0.014613	0.027084	0.015858	0.019294	0.025553	0.021158	
0.027164	0.033522	0.005243	0.023425	0.001787	0.026006	0.024017	0.015815	0.031624	0.029168	0.034218	0.028242	0.025916	0.033215	0.025341	0.014768	0.005961	0.004166	0.013619	0.00308	0.034048	0.001673	0.035102	0.0285	0.004222	0.019921	0.015804	0.01444	0.01025	0.029887	0.016228	0.010311	0.03627	0.022312	0.028267	0.003177	0.028319	0.009607	0.010184	0.000686	0.027671	0.031415	0.035125	0.033878	0.011354	0.031921	0.013332	0.013362	0.017913	0.018524	
0.002004	0.015641	0.025778	0.015308	0.028614	0.033204	0.02887	0.002593	0.024376	0.034456	0.034072	0.010135	0.035046	0.001315	0.034043	0.021023	0.01891	0.002173	0.022654	0.008561	0.027337	0.023156	0.008578	0.030096	0.031087	0.009265	0.017635	0.019516	0.031756	0.001666	0.010526	0.007908	0.001514	0.030307	0.016279	0.027983	0.0111	0.000434	0.032752	0.024383	0.03639	0.02728	0.034018	0.02738	0.031464	0.004512	0.021005	0.02481	0.009876	0.021211	
0.034346	0.006365	0.0388	0.004562	0.035914	0.020561	0.024738	0.031938	0.021644	0.026149	0.010542	0.033803	0.024829	0.013667	0.004208	0.016097	0.033718	0.001961	0.019505	0.038185	0.008172	0.033082	0.01231	0.034882	0.027494	0.006735	0.008481	0.006322	0.012147	0.033993	0.025361	0.024152	0.038081	0.033509	0.015603	0.000378	0.013283	0.017114	0.016111	0.020712	0.025476	0.037277	5.9e-05	0.02189	0.005082	0.020289	0.004436	0.031475	0.001985	0.022577	
0.016603	0.030921	0.018018	0.012396	0.019191	0.018608	0.009509	0.036462	0.011629	0.025089	0.028112	0.017067	0.013619	0.010077	0.032294	0.030607	0.016208	0.017349	0.014448	0.017695	0.025083	0.019947	0.023803	0.012908	0.026568	0.033578	0.03807	0.01335	0.024787	0.036099	0.036806	0.001312	0.033838	0.001981	0.016738	0.039342	0.004231	0.016446	0.040845	0.027619	0.000562	0.034604	0.007223	0.01067	0.01009	0.003279	0.004338	0.029095	0.019277	0.011609	
0.027874	0.028953	0.008812	0.014764	0.009429	0.023301	0.013933	0.021393	0.023195	0.042051	0.009897	0.023315	0.040175	0.014663	0.00919	0.034992	0.014554	0.03545	0.035245	0.020215	0.001335	0.034642	0.005883	0.034681	0.017135	0.01717	0.003657	0.019223	0.007982	0.014546	0.016044	0.012822	0.011608	0.02615	0.004604	0.037356	0.017241	0.021019	0.008344	0.00387	0.028281	0.042157	0.031669	0.039517	0.014059	0.013766	0.013077	0.009234	0.022599	0.018928	
0.032894	0.024436	0.01788	0.035519	0.000779	0.017079	0.021452	0.011104	0.028496	0.021775	0.016401	0.025938	0.034858	0.033679	0.007148	0.002441	0.011063	0.038006	0.000361	0.023424	0.009762	0.006794	0.010571	0.025651	0.019162	0.001539	0.031016	0.00298	0.016449	0.035416	0.033062	0.019828	0.033572	0.034066	0.026279	0.038338	0.015005	0.020883	0.011046	0.004466	0.033375	0.02325	0.020604	0.014503	0.009376	0.026003	0.024295	0.014715	0.003484	0.029777	
0.025679	0.023515	0.02448	0.03374	0.020124	0.020119	0.030098	0.038394	0.034379	0.004338	0.039646	0.027972	0.034489	0.006099	0.023156	0.013172	0.012138	0.02186	0.0281	0.001201	0.015253	0.014125	0.001574	0.026569	0.036794	0.007418	0.016509	0.026464	0.029735	0.001227	0.015697	0.032547	0.034744	0.023608	0.030427	0.003315	0.001159	0.036276	0.00737	0.000688	0.0028	0.003791	0.038836	0.003347	0.014751	0.018867	0.032503	0.018652	0.016525	0.02573	
0.017251	0.000564	0.0194	0.021138	0.016973	0.013908	0.010503	0.034747	0.039054	0.004806	0.007908	0.033015	0.026548	0.031197	0.032155	0.02072	0.026707	0.016251	0.038527	0.006986	0.036143	0.006669	0.029993	0.004271	0.023906	0.02687	0.02289	0.006069	0.03895	0.022867	0.020034	0.012177	0.010773	0.036009	0.024414	0.039378	0.016951	0.014556	0.013731	0.031406	0.016356	0.002718	0.002068	0.033231	0.007314	0.020898	0.004811	0.024251	0.021277	0.010661	
0.003444	0.0036	0.014819	0.000427	0.041822	0.02171	0.040733	0.009741	0.001777	0.005049	0.015611	0.020391	0.034197	0.012603	0.003634	0.013098	0.030137	0.023985	0.007597	0.030643	0.017022	0.025257	0.001644	0.029468	0.033703	0.030973	0.029415	0.024821	0.027081	0.0241	0.030042	0.029544	0.020095	0.038486	0.043503	0.037313	0.00709	0.018598	0.021852	0.04165	0.004112	0.002218	0.038568	0.003995	0.041406	0.010535	0.008223	0.010105	0.004686	0.009477	
0.02831	0.025359	1.5e-05	0.019514	0.003367	0.033775	0.028027	0.001157	0.0216	0.023946	0.032425	0.033279	0.003581	0.038807	0.028275	0.012598	0.030467	0.001514	0.000269	0.034816	0.001338	0.02596	0.033006	0.005599	0.01591	0.038236	0.026864	0.007813	0.038062	0.026882	0.012007	0.039594	0.012463	0.004382	0.0084	0.003366	0.030548	0.025105	0.018693	0.006833	0.039543	0.03489	0.014824	0.027838	0.001516	0.011247	0.007352	0.038547	0.010434	0.031647	
0.012779	0.026308	0.030971	0.016462	0.037294	0.01872	0.019665	0.02384	0.03661	0.023781	0.031131	0.022067	0.010446	0.025438	0.001654	0.005657	0.036992	0.032512	0.024054	0.007768	0.018043	0.022803	0.020045	0.02098	0.003196	0.033811	0.025027	0.002694	0.018021	0.031879	0.0103	0.022571	0.015055	0.01873	0.025773	0.029866	0.008112	0.035381	0.002935	0.029512	0.029168	0.020232	0.011873	0.007077	0.011099	0.003285	0.021995	0.006723	0.028482	0.021183	
0.011004	0.019765	0.013809	0.007901	0.023242	0.030096	0.01251	0.011284	0.007028	0.01556	0.019777	0.006303	0.035471	0.034993	0.026503	0.02356	0.007372	0.003397	0.02413	0.021371	0.007655	0.00631	0.024205	0.02833	0.03087	0.009504	0.036064	0.030576	0.012826	0.029339	0.001699	0.033727	0.028021	0.032056	0.010862	0.002079	0.011211	0.020619	0.029636	0.027935	0.017278	0.010864	0.035435	0.035721	0.031867	0.001199	0.021902	0.034581	0.018399	0.024154	
0.012523	0.010034	0.025772	0.032414	0.023185	0.024692	0.037275	0.023264	0.032395	0.020295	0.0173	0.02222	0.003021	0.007671	0.002056	0.007195	0.015552	0.01705	0.037387	0.015548	0.026821	0.008515	0.035573	0.014841	0.019356	0.038865	0.017625	0.03365	0.024095	0.007692	0.017049	0.018193	0.013576	0.027176	0.017233	0.038235	0.005693	0.014886	0.001152	0.002557	0.031855	0.023069	0.032505	0.009443	0.013886	0.023859	0.027546	0.010162	0.029306	0.028737	
0.034371	0.030998	0.015208	0.030451	0.008403	0.03903	0.028739	0.003221	0.022861	0.040713	0.016611	0.014117	0.0079	0.005992	0.029462	0.027312	0.011006	0.021142	0.023796	0.017636	0.019898	0.017864	0.01842	0.032489	0.003712	0.011281	0.020288	0.023433	0.012943	0.033962	0.007808	0.011578	0.034693	0.039907	0.004714	0.011238	0.030483	0.037283	0.012816	0.004774	0.039294	0.02124	0.032418	0.017285	0.000621	0.00389	0.010434	0.02341	0.031324	0.001531	
0.004699	0.017181	0.022409	0.022793	0.002778	0.029145	0.008996	0.031261	0.023529	0.018077	0.002097	0.003806	0.030207	0.023104	0.024646	0.035355	0.030646	0.032336	0.014277	0.00879	0.011138	0.030276	0.025603	0.0154	0.019642	0.011739	0.032854	0.02716	0.004768	0.034358	0.024368	0.019387	0.020536	0.035817	0.014837	0.036813	0.026447	0.002337	0.019161	0.029877	0.011652	0.025303	0.01555	0.021585	0.01889	0.012469	0.029269	0.010393	0.000494	0.025745	
0.005648	0.003511	0.043373	0.019363	0.000289	0.000467	0.043211	0.010132	0.027714	0.017588	0.017275	0.023682	0.035069	0.042914	0.024124	0.018499	0.016023	0.011345	0.018979	0.017177	0.012336	0.033549	0.030272	0.03113	0.027338	0.026187	0.023905	0.027293	0.018629	0.039676	0.008715	0.012598	0.000512	0.018018	0.002953	0.035263	0.001286	0.006368	0.008698	0.037137	0.022012	0.028623	0.019972	0.012798	0.001703	0.027633	0.006043	0.040136	0.022603	0.020231	
0.016853	0.028784	0.026758	0.037198	0.00362	0.005267	0.038253	0.016138	0.012003	0.035766	0.004656	0.016235	0.005725	0.040532	0.026654	0.040551	0.027075	0.020805	0.025385	0.010629	0.038241	0.029838	0.00902	0.005442	0.032831	0.004029	0.021991	0.012569	0.025892	0.026209	0.034639	0.018492	0.002369	0.035504	0.03332	0.009012	0.025475	0.005342	0.036037	0.009672	0.001779	0.014045	0.006195	0.008874	0.025866	0.023143	0.019134	0.003207	0.009459	0.033487	
0.014116	0.011107	0.023984	0.024351	0.029187	0.012476	0.026928	0.030579	0.033892	0.029745	0.037942	0.033817	0.022667	0.018889	0.032602	0.029875	0.008737	0.029987	0.02574	0.005648	0.013755	0.032054	0.022069	0.026694	0.011653	0.029821	0.015222	0.01947	0.00664	0.016397	0.036645	0.030556	0.026134	0.020689	0.007285	0.020473	0.027924	0.003027	0.015586	4.9e-05	0.002848	0.029453	0.000828	0.000206	0.007942	0.013022	0.006264	0.020467	0.035126	0.019432	
0.010528	0.027485	0.015785	0.008409	0.009604	0.013592	0.010197	0.030952	0.033959	0.027589	0.017315	0.014976	0.029156	0.023181	0.018197	0.034227	0.015895	0.015847	0.019316	0.020091	0.025936	0.026061	0.007352	0.018012	0.00023	0.021618	0.028522	0.012753	0.008165	0.020104	0.030009	0.023951	0.006574	0.023602	0.02225	0.020692	0.011639	0.019899	0.029373	0.028745	0.020831	0.008184	0.033485	0.035502	0.007358	0.017543	0.020094	0.002178	0.036513	0.036524	
0.012566	0.017588	0.017756	0.011215	0.026733	0.026583	0.040522	0.035237	0.027467	0.009188	0.018547	0.037962	0.021252	0.019043	0.038262	0.0355	0.029294	0.002599	0.023875	0.008871	0.033989	0.006999	0.003202	0.031484	0.011002	0.020766	0.028785	0.012604	0.027153	0.024028	0.010452	0.02239	0.021324	0.037006	0.002883	0.001401	0.008128	0.037149	0.005276	0.029159	0.018847	0.027194	0.020214	0.008941	0.001687	0.031305	0.015851	0.004671	0.028723	0.007327	
0.025865	0.025646	0.032805	0.031508	0.02942	0.016139	0.02757	0.026801	0.021861	0.029032	0.007969	0.013302	0.029685	0.005632	0.017924	0.030567	0.029754	0.019765	0.024699	0.033136	0.018658	0.010239	0.029941	0.020115	0.00399	0.023392	0.018716	0.010767	0.019249	0.02754	0.008087	0.023568	0.027196	0.004698	0.030993	0.005364	0.02397	0.02723	0.002113	0.00101	0.0177	0.015127	0.015097	0.026841	0.028305	0.007403	0.028975	0.011781	0.01819	0.014665	
0.003647	0.016091	0.003591	0.030112	0.020639	0.015239	0.025375	0.033335	0.036916	0.000381	0.00905	0.00336	1.1e-05	0.011451	0.03624	0.037613	0.011439	0.010093	0.03994	0.035189	0.001683	0.003036	0.031215	0.04322	0.040044	0.007714	0.022023	0.002403	0.043739	0.026207	0.000377	0.030166	0.040385	0.006627	0.019017	0.042844	0.018362	0.001788	0.014536	0.010416	0.020517	0.030415	0.009471	0.007051	0.023399	0.012456	0.0303	0.029113	0.036146	0.015618	
0.035206	0.020358	0.024852	0.01551	0.02528	0.009215	0.011156	0.023464	0.018311	0.035974	0.006021	0.036934	0.002653	0.001885	0.021474	0.02599	0.008441	0.002817	0.002102	0.034387	0.016702	0.028303	0.003391	0.03952	0.026584	0.032409	0.001697	0.037365	0.005472	0.011561	0.013275	0.038712	0.024802	0.020277	0.031475	0.034547	0.020272	0.01096	0.025618	0.003843	0.026629	0.023047	0.010532	0.027557	0.015882	0.031813	0.034132	0.012834	0.002255	0.026504	
0.012255	0.032317	0.007591	0.029933	0.010876	0.010851	0.002282	0.001582	0.018311	0.040155	0.016788	0.026599	0.015874	0.043965	0.021182	0.013743	0.000182	0.00799	0.039116	0.005608	0.046611	0.008437	0.043798	0.041466	0.023994	0.034426	0.028807	0.011377	0.00357	0.020895	0.038234	0.035462	0.001807	0.009492	0.004903	0.015711	0.031864	0.011424	0.00779	0.03415	0.038359	0.011963	0.01055	0.008253	0.027164	0.010122	0.009723	0.028332	0.004357	0.039759	
0.00818	0.022534	0.020938	0.01185	0.016597	0.003265	0.04074	0.002172	0.004433	0.021669	0.023469	0.022601	0.000792	0.007562	0.027534	0.039888	0.023596	0.016344	0.036017	0.018494	0.023507	0.007624	0.017714	0.043366	0.022231	0.023649	0.008446	0.03538	0.026339	0.022511	0.00594	0.000564	0.024504	0.029238	0.025448	0.02856	0.002971	0.01941	0.025079	0.007655	0.022864	0.005061	0.009784	0.031457	0.033701	0.040465	0.033258	0.007084	0.005848	0.041667	
0.018339	0.023461	0.021276	0.01221	0.032316	0.019289	0.028125	0.03837	0.003966	0.007984	0.00137	0.011015	0.026266	0.011289	0.02633	0.023132	0.007864	0.018311	0.035527	0.018722	0.037785	0.028418	0.021723	0.016003	0.038749	0.0352	0.014118	0.011472	0.016448	0.01249	0.023567	0.011998	0.009749	0.022612	0.037665	0.005824	0.004345	0.000468	0.024237	0.028231	0.000623	0.034439	0.035917	0.002725	0.022198	0.019478	0.015708	0.032808	0.033301	0.016539	
0.005959	0.025923	0.019903	0.017134	0.001717	0.033511	0.009806	0.019759	0.040499	0.035584	0.038695	0.016006	0.02413	0.017528	0.018723	0.024527	0.006664	0.026642	0.03922	0.004224	0.039405	0.025421	0.032079	0.039727	0.033408	0.034447	0.002015	0.02087	0.029076	0.014964	0.00475	0.006729	0.037349	0.030411	0.017809	0.001639	0.000922	0.018407	0.009799	0.013395	0.030222	0.002101	0.018996	0.028612	0.035566	0.002883	0.01226	0.008956	0.001211	0.020417	
0.042697	0.037603	0.029484	0.021945	0.037243	0.042738	0.011167	0.007815	0.005898	0.016614	0.016926	0.019867	0.023395	0.013424	0.000656	0.002756	0.034486	0.005031	0.024569	0.009219	0.021472	0.038642	0.011837	0.003088	0.014419	0.019046	0.030355	0.014351	0.001592	0.037204	0.007654	0.03441	0.020822	0.017254	0.019543	0.037211	0.022167	0.043524	0.021948	0.024199	0.020446	0.020404	0.009847	0.035065	0.004603	0.002488	0.010431	0.027444	0.008347	0.016654	
0.007175	0.00184	0.007702	0.003773	0.001793	0.000925	0.025865	0.000526	0.036396	0.03054	0.011235	0.019194	0.00828	0.022444	0.007222	0.030297	0.034967	0.005969	0.019105	0.024937	0.010319	0.019061	0.021865	0.031365	0.031395	0.028387	0.009976	0.035367	0.011769	0.022194	0.029367	0.015394	0.03077	0.022732	0.000268	0.038826	0.033124	0.021849	0.036982	0.03519	0.037503	0.016381	0.019398	0.016722	0.004249	0.029377	0.022869	0.02968	0.001607	0.035829	
0.015626	0.028434	0.008399	0.036343	0.035949	0.024733	0.029364	0.028163	0.041197	0.013222	0.006205	0.004241	0.006629	0.000209	0.020258	0.005058	0.010133	0.021052	0.001422	0.002976	0.032003	0.043034	0.02871	0.00603	0.027214	0.011656	0.028508	0.018752	0.001411	0.027782	0.017335	0.044435	0.046496	0.005206	0.045282	0.025973	0.033485	0.01758	0.029652	0.037857	0.003431	0.000326	0.00349	0.012267	0.003746	0.00422	0.021824	0.038301	0.039499	0.004882	
0.015945	0.018673	0.037323	0.032487	0.010132	0.01358	0.008944	0.035178	0.007754	0.012613	0.005806	0.037407	0.001128	0.003942	0.027163	0.009563	0.031365	0.018417	0.033984	6.5e-05	0.038431	0.005713	0.039426	0.033323	0.017654	0.000659	0.018853	0.013842	0.010176	0.030172	0.01022	0.03734	0.028315	0.005806	0.015571	0.026735	0.006124	0.035675	0.031122	0.024243	0.037876	0.005748	0.007776	0.037802	0.003194	0.036605	0.035581	0.032929	0.011078	0.000542	
0.03793	0.017297	0.032929	0.034205	0.020777	0.00543	0.000138	0.021164	0.034432	0.034227	0.01406	0.036749	0.033857	0.001379	0.021518	0.031095	0.027747	0.005119	0.006216	0.018949	0.008196	0.006128	0.029928	0.016332	0.006289	0.024693	0.020445	0.006296	0.029465	0.029781	0.005931	0.020336	0.001449	0.017301	0.029045	0.021531	0.033169	0.002369	0.033091	0.032569	0.022441	0.019576	0.015759	0.025019	0.022468	0.029043	0.030224	0.021411	0.001202	0.003295	
0.013725	0.034761	0.011561	0.024724	0.029333	0.008283	0.007878	0.001874	0.037926	0.011472	0.005241	0.017984	0.013163	0.022112	0.025806	0.00823	0.014302	0.029603	0.031521	0.012109	0.023129	0.004154	0.00122	0.023951	0.029635	0.016309	0.016624	0.013973	0.033449	0.000968	0.001886	0.026097	0.016384	0.023553	0.020061	0.030091	0.00062	0.035053	0.031224	0.025478	0.038019	0.030859	0.037653	0.021757	0.004266	0.02788	0.031277	0.016102	0.035484	0.021236	
0.035904	0.040236	0.022667	0.04088	0.019624	0.014583	0.023211	0.023648	0.02824	0.017427	0.007802	0.024904	0.032242	0.018013	0.029062	0.014002	0.011494	0.005267	0.027336	0.015029	0.007917	0.000352	0.03359	0.030719	0.016051	0.019752	0.001819	0.037844	0.036664	0.038384	0.025934	0.02957	0.010272	0.005395	0.006997	0.016093	0.02517	0.00174	0.037092	0.036872	0.033307	0.01468	0.024703	0.003702	0.001393	0.002675	0.008261	0.013003	0.017491	0.010987	
0.035007	0.003294	0.017885	0.003322	0.027078	0.00025	0.021129	0.037703	0.018355	0.013663	0.036315	0.026687	0.035825	0.020847	0.027544	0.028249	0.023177	0.032207	0.029874	0.001786	0.020055	0.036649	0.017652	0.001019	0.035708	0.019375	0.034954	0.027527	0.017772	0.028808	0.00911	0.021053	0.012226	0.010516	0.034542	0.004886	0.030668	0.015617	0.037767	0.007037	0.000117	0.012556	0.020956	0.037585	0.007839	0.007769	0.023131	0.008617	0.010114	0.008178	
0.024971	0.014872	0.014535	0.033414	0.032545	0.025685	0.02673	0.027506	0.019897	0.026421	0.012987	0.000228	0.020939	0.0121	0.00997	0.015551	0.004313	0.031632	0.020974	0.021035	0.025945	0.017592	0.028787	0.031015	0.017783	0.031007	0.033984	0.027412	0.014028	0.022613	0.029623	0.024394	0.019122	0.023398	0.004795	0.009341	0.020321	0.015698	0.028997	0.00858	0.01523	0.024003	0.005208	0.034719	0.015955	0.012298	0.025018	0.012008	0.020306	0.004515	
0.013817	0.031961	0.021835	0.02729	0.028723	0.016611	0.031304	0.03321	0.028983	0.035047	0.031081	0.004242	0.022567	0.017349	0.020247	0.019379	0.017273	0.006795	0.016916	0.010828	0.011477	0.001741	0.024374	0.035734	0.030563	0.03097	0.010619	0.031876	0.029763	0.024384	0.011607	0.029593	0.000387	0.011972	0.005106	0.017074	0.013582	0.005724	0.033891	0.018197	0.022911	0.00859	0.008726	0.018753	0.032465	0.012933	0.012132	0.036034	0.00594	0.027424	
0.022299	0.024152	0.028034	0.038943	0.025857	0.026221	0.023997	0.001573	0.025248	0.026968	0.006351	0.014318	0.002977	0.011546	0.036697	0.011039	0.008504	0.011443	0.035634	0.022364	0.021676	0.002629	0.033163	0.029744	0.014952	0.022075	0.003457	0.038761	0.019904	0.034422	0.021312	0.019174	0.02443	0.008526	0.038222	0.017861	0.020081	0.034631	0.03073	0.000789	0.01917	0.016662	0.019199	0.008883	0.025539	0.006021	0.025044	0.003238	0.017758	0.017782	
0.004398	0.015192	0.002581	0.020992	0.03036	0.005618	0.032623	0.016584	0.008754	0.02178	0.029008	0.030808	0.02895	0.032137	0.033593	0.01029	0.011744	0.017619	0.00309	0.004645	0.005513	0.03828	0.017429	0.036352	0.013068	0.037248	0.027379	0.011207	0.02836	0.010993	0.00985	0.010138	0.029288	0.029248	0.033866	0.031415	0.028813	0.006668	0.024501	0.022735	0.037276	0.001946	0.012537	0.011685	0.035559	0.016719	0.013661	0.014701	0.032206	0.010593	
0.000977	0.032928	0.020563	0.006109	0.013463	0.007462	0.020459	0.021761	0.035087	3e-05	0.004866	0.028504	0.000555	0.001296	0.01494	0.012737	0.034466	0.020327	0.033696	0.00542	0.04331	0.010623	0.008951	0.03487	0.039706	0.01915	0.031861	0.017023	0.043983	0.000256	0.027338	0.028493	0.018604	0.019986	0.007492	0.038418	0.019724	0.004658	0.021648	0.015914	0.044306	0.035792	0.012118	0.001279	0.010854	0.035427	0.013198	0.024201	0.023804	0.031367	
0.039732	0.028698	0.014867	0.014875	0.010829	0.030877	0.010485	0.040078	0.021606	0.010954	0.029796	0.037006	0.037303	0.017058	0.009783	0.034677	0.013281	0.024657	0.036726	0.003214	0.022208	0.008976	0.017364	0.030827	0.002069	0.035598	0.023743	0.012072	0.016182	0.009467	0.025297	0.006304	0.027248	0.010685	0.013946	0.028388	0.023779	0.021591	0.003189	0.037433	0.000961	0.033057	0.006043	0.013215	0.028733	0.004748	0.039358	0.008921	0.011452	0.010644	
0.032857	0.005422	0.028509	0.008426	0.032528	0.034143	0.012869	0.024254	0.021552	0.030198	0.027463	0.021546	0.005949	0.034092	0.009284	0.014203	0.013337	0.027808	0.025223	0.032988	0.016936	0.030322	0.025093	0.01402	6.7e-05	0.018496	0.031232	0.008667	0.023169	0.031973	0.030507	0.004553	0.030199	0.004182	0.027639	0.001477	0.01478	0.014467	0.014288	0.00714	0.0247	0.032986	0.014214	0.002208	0.011653	0.032413	0.034779	0.023313	0.010036	0.02184	
0.000925	0.033445	0.035784	0.017251	0.033622	0.033536	0.02344	0.017564	0.039893	0.021402	0.015118	0.022701	0.005914	0.010902	0.027573	0.002077	0.008851	0.019622	0.008931	0.03381	0.01937	0.014106	0.020972	0.012235	0.002283	0.015178	0.031274	0.008037	0.014899	0.01563	0.036914	0.01417	0.037105	0.005336	0.000664	0.026271	0.020663	0.012144	0.030364	0.038454	0.02012	0.030178	0.038515	0.023564	0.023657	0.01005	0.007995	0.021008	0.01984	0.016643	
0.036954	0.033528	0.032466	0.016453	0.007154	0.005029	0.004858	0.025651	0.028711	0.040575	0.007548	0.013057	0.014974	0.027871	0.016171	0.025551	0.012653	0.019263	0.025524	0.003946	0.003707	0.001157	0.030235	0.023253	0.014208	0.009628	0.022991	0.021189	0.027288	0.01976	0.028232	0.0356	0.01978	0.013949	0.041497	0.033244	0.022688	0.006584	0.029189	0.004499	0.025521	0.040271	0.016617	0.039113	0.009809	0.0175	0.018455	0.005556	0.016864	0.003679	
0.018594	0.021377	0.021492	0.031674	0.010203	0.020268	0.002081	0.029414	0.035352	0.022961	0.030029	0.022987	0.028519	0.025778	0.001787	0.032582	0.010755	0.014265	0.004536	0.023742	0.004913	0.021466	0.003671	0.018418	0.00989	0.016976	0.013577	0.030455	0.035959	0.007201	0.012872	0.003342	0.021844	0.01548	0.032985	0.02091	0.016294	0.026802	0.027215	0.028497	0.010837	0.022859	0.035824	0.016314	0.031948	0.009586	0.031119	0.022103	0.014753	0.027494	
0.00751	0.032794	0.035357	0.013051	0.015402	0.001519	0.004304	0.015732	0.018664	0.003287	0.037528	0.040009	0.018696	0.037366	0.03244	0.01189	0.009727	0.001345	0.010135	0.015275	0.022003	0.000106	0.005143	0.019426	0.021788	0.032487	0.035186	0.014463	0.015961	0.03801	0.01868	0.005159	0.031202	0.032794	0.037202	0.031495	0.027734	0.040337	0.019466	0.026116	0.005354	0.015032	0.008674	0.00413	0.010042	0.037209	0.004098	0.033583	0.037693	0.007396	
0.022707	0.010819	0.016601	0.013058	0.022537	0.004305	0.031232	0.028324	0.017791	0.01595	0.02928	0.017919	0.031547	0.004642	0.026659	0.029672	0.029834	0.024496	0.005957	0.024629	0.006568	0.017729	0.017906	0.019898	0.015745	0.011916	0.028839	0.028053	0.023724	0.025362	0.028369	0.031443	0.028881	0.009634	0.013756	0.023946	0.016779	0.023771	0.022062	0.004186	0.02147	0.017897	0.026601	0.029153	0.015638	0.00098	0.030721	0.014744	0.007241	0.029029	
0.016714	0.019774	0.02168	0.010014	0.024067	0.015846	0.018998	0.03362	0.010552	0.01978	0.013112	0.02961	0.035881	0.035416	0.032062	0.038029	0.015615	0.021163	0.03365	0.018576	0.018698	0.033563	0.007823	0.021899	0.014809	0.020899	0.00667	0.008912	0.014587	0.014276	0.019625	0.015879	0.021259	0.021077	0.029242	0.02008	0.000864	0.027153	0.000611	0.01623	0.002911	0.031425	0.020962	0.02502	0.032447	0.017323	0.031254	0.009619	0.005453	0.025271	
0.03816	0.023781	0.02683	0.007009	0.02272	0.008857	0.012489	0.016621	0.01869	0.026288	0.015597	0.031751	0.016279	0.036329	0.020902	0.031318	0.018161	0.023063	0.009333	0.008148	0.021929	0.029814	0.011669	0.002205	0.015064	0.02166	0.023127	0.038468	0.019282	0.004877	0.016158	0.016082	0.02202	0.014465	0.037863	0.022675	0.036732	0.026319	0.014519	0.01008	0.007036	0.029356	0.003117	0.031258	0.021945	0.014291	0.03446	0.005538	0.023018	0.012647	
0.023022	0.042794	0.031017	0.043689	0.01105	0.003223	0.029811	0.04697	0.030241	0.027652	0.00026	0.007507	0.01537	0.000523	0.002352	0.009081	0.018733	0.0036	0.03963	0.009012	0.038961	0.045434	0.007716	0.002649	0.012441	0.008021	0.017697	0.02449	0.025281	0.00914	0.030554	0.045649	0.013044	0.014925	0.010411	0.019293	0.041288	0.040738	0.017823	0.011169	0.004344	0.015177	0.019887	0.013235	0.029318	0.042967	0.00188	0.011675	0.00063	0.028626	
0.018018	0.014582	0.019434	0.002154	0.035172	0.025737	0.010583	0.032411	0.03035	0.02281	0.013214	0.014276	0.030058	0.010058	0.019103	0.035243	0.030002	0.02372	0.011467	0.03007	0.010165	0.019394	0.007436	0.033623	0.023153	0.021642	0.00955	0.024248	0.027309	0.027767	0.00927	0.016295	0.003614	0.035363	0.023531	0.019877	0.03056	0.032392	0.004012	0.019296	0.026979	0.00433	0.031177	0.029965	0.009002	0.022218	0.009341	0.01016	0.003194	0.026675	
0.005623	0.038157	0.034869	0.015529	0.019948	0.004146	0.029761	0.042906	0.010704	0.040069	0.042385	0.012849	0.026827	0.007705	0.010259	0.037505	0.010922	0.038094	0.013407	0.028283	0.000715	0.005913	0.01836	0.029106	0.002158	0.004413	0.031601	0.001892	0.038085	0.010464	0.011344	0.042209	0.024723	0.012512	0.015727	0.015182	0.040509	0.00089	0.02121	0.019368	0.003746	0.031246	0.019513	0.009126	0.010279	0.027212	0.035233	0.00691	0.009988	0.030418	
0.024714	0.025505	0.029193	0.030617	0.019812	0.008011	0.010645	0.014649	0.018557	0.028245	0.008612	0.011166	0.023286	0.021292	0.016263	0.027182	0.006291	0.025481	0.030177	0.025551	0.007885	0.011513	0.026815	0.024	0.020096	0.011629	0.012244	0.026045	0.016095	0.012827	0.024354	0.029704	0.020887	0.027512	0.023777	0.01353	0.015812	0.012929	0.01062	0.029023	0.028442	0.026965	0.002961	0.005437	0.025845	0.025906	0.031373	0.019989	0.029512	0.021024	
0.01588	0.036494	0.036576	0.031631	0.023585	0.023037	0.029231	0.036735	0.007552	0.020626	0.009191	0.017181	0.026807	0.002124	0.008949	0.00893	0.014768	0.016344	0.022215	0.025351	0.03233	0.013971	0.021218	0.010229	0.036062	0.010963	0.009504	0.002432	0.025969	0.013688	0.016817	0.035574	0.007245	0.011029	0.009751	0.022899	0.032964	0.003796	0.033248	0.009321	0.023554	0.02446	0.03218	0.015726	0.031499	0.024053	0.02891	0.026725	0.009869	0.010807	
0.007901	0.03718	0.017221	0.01666	0.026958	0.006605	0.032819	0.036347	0.019166	0.034931	0.030521	0.011945	0.007188	0.03085	0.025284	0.001259	0.001237	0.028934	0.024468	0.022162	0.030248	0.011007	0.025868	0.037892	0.013027	0.017223	0.023165	0.011176	0.031498	0.022685	0.031604	0.030743	0.022379	0.031045	0.035205	0.001981	0.023681	0.00089	0.010344	0.00404	0.012837	0.012427	0.015953	0.026642	0.016974	0.00173	0.013295	0.016948	0.021022	0.026835	
0.02029	0.023692	0.001892	0.019982	0.010368	0.012964	0.025504	0.011346	0.029985	0.021113	0.02311	0.038788	0.039664	0.021572	0.034248	0.013412	0.040031	0.013331	0.032801	0.016934	0.027284	0.000666	0.014922	0.008406	0.027265	0.03993	0.010732	0.018177	0.039359	0.017213	0.008599	0.000963	0.027559	0.011224	0.006598	0.003974	0.01088	0.025854	0.025785	0.00718	0.000655	0.006638	0.037616	0.025722	0.029698	0.033636	0.026736	0.018171	0.033054	0.004477	
0.037299	0.012896	0.037008	0.016675	0.028662	0.008459	0.004385	0.037973	0.037873	0.02643	0.003538	0.013043	0.017521	0.045517	0.030745	0.018078	0.001019	0.042516	0.004699	0.017096	0.031838	0.039323	0.022241	0.022701	0.022655	0.01247	0.016503	0.012162	0.013543	0.041542	0.008803	0.001389	0.003024	0.018517	0.024118	0.042502	0.017587	0.023937	0.031392	0.007046	0.005335	0.017037	5.5e-05	0.044754	0.000671	0.019661	0.011582	0.010085	0.015116	0.020979	
0.024429	0.025042	0.017418	0.038979	0.02731	0.007781	0.028016	0.005754	0.007744	0.008609	0.039038	0.040835	0.023813	0.011213	0.035048	0.020176	0.036504	0.016367	0.037973	0.00399	0.004322	0.02642	0.019838	0.013106	0.01062	0.016107	0.001889	0.002303	0.046071	0.005965	0.00707	0.027258	0.02211	0.002702	0.021367	0.012644	0.011386	0.011004	0.004438	0.033201	0.024843	0.041734	0.00584	0.037467	0.042185	0.000133	0.009038	0.034923	0.015314	0.032663	
0.017842	0.009226	0.001321	0.009284	0.016542	0.003256	0.033953	0.030833	0.033675	0.006401	0.023501	0.018268	0.034455	0.019325	0.022422	0.027452	0.019844	0.016643	0.034032	0.019604	0.006205	0.019051	0.022671	0.008725	0.034275	0.02241	0.030424	0.014312	0.010944	0.036202	0.025001	0.022975	0.009157	0.014725	0.035205	0.019179	0.034923	0.006976	0.023105	0.036999	0.014514	0.000834	0.03331	0.008602	0.034567	0.015785	0.012163	0.013855	0.03408	0.000947	
0.012134	0.02311	0.028014	0.000907	0.017123	0.040433	0.007627	0.036121	0.010285	0.00591	0.017121	0.037583	0.009247	0.032718	0.000867	0.040573	0.008698	0.032688	0.040756	0.001364	0.003844	0.010043	0.006153	0.012777	0.029181	0.000604	0.035033	0.037627	0.02831	0.004265	0.035724	0.002849	0.020295	0.035118	0.023747	0.024083	0.016864	0.034618	0.009512	0.012396	0.013846	0.013307	0.002598	0.025448	0.030725	0.038624	0.0151	0.01999	0.025058	0.028982	
0.013238	0.02268	0.004098	0.037037	0.035453	0.034853	0.01888	0.027943	0.016714	0.024026	0.01881	0.026624	0.016838	0.016458	0.007783	0.0236	0.003394	0.036315	0.027264	0.010439	0.014238	0.031472	0.008687	0.033607	0.020559	0.020367	0.015301	0.034308	0.008965	0.022016	0.003308	0.017754	0.002135	0.006535	0.034602	0.034078	0.003923	0.036437	0.025962	0.0272	0.028398	0.002124	0.028288	0.02727	0.01819	0.02565	0.000712	0.006726	0.00456	0.034181	
0.03701	0.01694	0.032704	0.035348	0.02814	0.032608	0.003746	0.027917	0.014026	0.037576	0.032481	0.025694	0.001332	0.009506	0.016898	0.010286	0.031188	0.028774	0.008265	0.003881	0.000797	0.008482	0.01856	0.030045	0.021781	0.019156	0.019603	0.004334	0.014537	0.018416	0.008779	0.039774	0.009558	0.022568	0.031127	0.040171	0.005667	0.000977	0.006133	0.008301	0.02845	0.010644	0.020981	0.037023	0.022144	0.014294	0.026051	0.02636	0.020965	0.030002	
0.023745	0.041473	0.039445	0.043068	0.022274	0.031719	0.012335	0.020115	0.012867	0.003831	0.03719	0.037358	0.015233	0.005966	0.024014	0.030425	0.035463	0.014212	0.037797	0.039044	0.001013	0.015707	0.01697	0.011927	0.011043	0.023999	0.002595	0.037192	0.014558	0.010844	0.002271	0.017732	0.018291	0.012752	0.043249	0.023455	0.020216	0.000219	0.011841	0.000262	0.028642	0.006306	0.03049	0.005053	0.010446	0.020703	0.025718	0.021525	0.000177	0.02723	
0.031148	0.042769	0.028577	0.000777	0.013295	0.004873	0.041408	0.000694	0.00607	0.036728	0.028144	0.023511	0.008462	0.006162	0.000119	0.043429	0.002597	0.014255	0.031477	0.030355	0.023805	0.040082	0.030148	0.009004	0.035088	0.029805	0.012082	0.000145	0.041466	0.011399	0.025203	0.017256	0.005626	0.019008	0.015145	0.036901	0.020487	0.008465	0.010369	0.0332	0.03339	0.028068	0.001258	0.015606	0.008572	0.006571	0.001693	0.021875	0.027992	0.035441	
0.00991	0.027924	0.028493	0.009168	0.010377	0.014497	0.026323	0.000817	0.024455	0.037337	0.023304	0.008683	0.02346	0.007893	0.007789	0.018804	0.028749	0.024762	0.014686	0.039535	0.021334	0.002617	0.019234	0.019375	0.024149	0.011651	0.000547	0.024918	0.002785	0.00337	0.040658	0.029299	0.028045	0.028118	0.023203	0.036055	0.034452	0.016224	0.005504	0.015935	0.013018	0.034592	0.002582	0.016653	0.032551	0.0343	0.022555	0.024589	0.006511	0.03821	
0.036793	0.005987	0.019939	0.018047	0.024871	0.011482	0.00201	0.029568	0.015301	0.007741	0.024296	0.032722	0.014961	0.000982	0.039567	0.001218	0.023301	0.038655	0.020992	0.019489	0.018408	0.031452	0.030467	0.014229	0.039384	0.040078	0.010175	0.037971	0.010953	0.009374	0.008959	0.002906	0.010555	0.027627	0.034468	0.009659	0.00434	0.017196	0.036571	0.022238	0.00865	0.029976	0.035574	0.023836	0.031828	0.012794	0.031669	0.000747	0.013185	0.006809	
0.003444	0.015638	0.027497	0.034149	0.025646	0.032726	0.026209	0.022781	0.021203	0.012737	0.024428	0.031234	0.022643	0.02617	0.026557	0.008214	0.013313	0.028187	0.033151	0.027917	0.030989	0.010712	0.008409	0.014296	0.017823	0.022299	0.022678	0.003415	0.029825	0.023347	0.009828	0.000839	0.021508	0.033001	0.022469	0.008635	0.015847	0.002269	0.030036	0.032593	0.000646	0.028965	0.032426	0.014888	0.017966	0.019508	0.011589	0.015762	0.023731	0.009857	
0.023305	0.010038	0.027503	0.016723	0.032838	0.007613	0.024413	0.004786	0.011515	0.006571	0.006543	0.016754	0.032767	0.026048	0.003669	0.016466	0.031171	0.013103	0.004578	0.012796	0.036471	0.027124	0.028292	0.014468	0.028712	0.001981	0.001324	0.01342	0.022882	0.012128	0.016993	0.015748	0.024177	0.035036	0.035252	0.02493	0.035435	0.022326	0.027469	0.031807	0.010053	0.037848	0.033517	0.025249	0.018643	0.011813	0.006739	0.028735	0.018316	0.023912	
0.004421	0.023411	0.030084	0.03383	0.007638	0.01158	0.015222	0.017736	0.01411	0.025371	0.01327	0.017365	0.015682	0.018467	0.029045	0.036477	0.025532	0.022072	0.002728	0.013532	0.022717	0.037892	0.004291	0.024469	0.01353	0.030765	0.026782	0.027398	0.024844	0.022353	0.007811	0.034207	0.022782	0.035882	0.030473	0.01184	0.022158	0.029681	0.001737	0.024129	0.008211	0.035752	0.028597	0.011411	0.031988	0.011669	0.012134	0.000763	1.2e-05	0.026149	
0.022494	0.021323	0.001362	0.001737	0.004406	0.03104	0.00741	0.019036	0.010489	0.02132	0.025493	0.033372	0.000502	0.036538	0.013727	0.000649	0.016778	0.007731	0.02941	0.025419	0.032772	0.01957	0.032748	0.017345	0.01458	0.02977	0.034598	0.036497	0.00682	0.009776	0.006037	0.019337	0.033384	0.026585	0.011641	0.015067	0.031775	0.036261	0.035566	0.013701	0.026139	0.027165	0.031592	0.019111	0.011491	0.024739	0.027569	0.003603	0.020943	0.013582	
0.030619	0.031096	0.028168	0.012506	0.000743	0.016565	0.011577	0.036952	0.004656	0.008332	0.020826	0.024147	0.030527	0.016337	0.027209	0.036868	0.022473	0.008093	0.024432	0.019326	0.00706	0.004456	0.004732	0.039909	0.035997	0.027188	0.024637	0.008603	0.003334	0.037129	0.016927	0.023026	0.029282	0.007544	0.000922	0.037691	0.001831	0.031095	0.037648	0.019571	0.028302	0.03127	0.016479	0.023731	0.011145	0.007057	0.006231	0.037429	0.026778	0.001544	
0.002961	0.004616	0.019718	0.006589	0.012246	0.032046	0.019455	0.026303	0.033484	0.033501	0.011485	0.024608	0.026724	0.019928	0.019231	0.028178	0.026982	0.026896	0.028924	0.032714	0.024885	0.018799	0.017764	0.014211	0.032785	0.001484	0.024097	0.015108	0.013322	0.009625	0.030271	0.021991	0.015444	0.027474	0.028685	0.007995	0.002664	0.019879	0.034538	0.009539	0.023673	0.010283	0.033509	0.019846	0.006748	0.013624	0.033781	0.01598	5.4e-05	0.035353	
0.00853	0.027106	0.015925	0.023566	0.030014	0.017261	0.024637	0.024584	0.0286	0.034022	0.037918	0.007738	0.036924	0.009462	0.014068	0.02987	0.008099	0.034951	0.033637	0.009863	0.031624	0.036106	0.024008	0.033943	0.013135	0.006199	0.017715	0.01271	0.019236	0.011182	0.004249	0.02896	0.026589	0.037844	0.013413	0.014258	0.013484	0.029007	0.028164	0.022316	0.006161	0.006218	0.036	0.000614	0.011458	0.000841	0.017752	0.014832	0.015646	0.009561	
0.001111	0.008118	0.040823	0.025981	0.024639	0.024346	0.017146	0.005772	0.014752	0.003989	0.03791	0.011116	0.023851	0.031417	0.013125	0.026503	0.022905	0.005507	0.013454	0.037306	0.000336	0.009887	0.006188	0.031317	0.034086	0.017128	0.023904	0.037162	0.033994	0.016041	0.017102	0.020388	0.033963	0.012578	0.031842	0.018728	0.008897	0.017899	0.014692	0.010134	0.011089	0.035437	0.0135	0.009287	0.031774	0.040375	0.003568	0.021999	0.008714	0.03822	
0.018334	0.028824	0.016678	0.008088	0.019172	0.006522	0.023278	0.033844	0.004144	0.01935	0.029691	0.006355	0.030818	0.005432	0.00798	0.016715	0.005569	0.012422	0.027682	0.005531	0.020896	0.009867	0.026732	0.019919	0.008123	0.033029	0.002983	0.013863	0.020099	0.035823	0.031955	0.017294	2.7e-05	0.020844	0.03372	0.037444	0.028427	0.022806	0.035696	0.039614	0.038068	0.030755	0.000325	0.002757	0.037263	0.000959	0.034308	0.039	0.017724	0.013251	
0.030308	0.027439	0.028199	0.017041	0.014788	0.034162	0.005247	0.030176	0.001554	0.014634	0.001799	0.026488	0.024793	0.009809	0.008966	0.019764	0.014798	0.031964	0.017441	0.020055	0.025249	0.017918	0.024202	0.02791	0.026909	0.022548	0.014804	0.034551	0.033241	0.011838	0.019242	0.013182	0.014087	0.017941	0.016563	0.001647	0.013225	0.030733	0.012079	0.001034	0.031152	0.024432	0.025831	0.004545	0.029752	0.034062	0.024957	0.030124	0.012083	0.024734	
0.031808	0.004332	0.012325	0.001674	0.0115	0.005199	0.016827	0.00843	0.007419	0.015885	0.00298	0.021402	0.016113	0.031753	0.019155	0.026877	0.006509	0.02877	0.008237	0.024046	0.023424	0.034548	0.012966	0.035122	0.012599	0.027776	0.024974	0.024375	0.02412	0.014091	0.01242	0.033672	0.033974	0.012163	0.022604	0.02597	0.033544	0.018983	0.001321	0.02326	0.020354	0.034547	0.024957	0.024561	0.034354	0.027134	0.01349	0.025633	0.019279	0.022544	
0.037694	0.002355	0.020776	0.009728	0.003034	0.038277	0.016243	0.040702	0.011101	0.029423	0.003197	0.025984	0.028105	0.022176	0.023224	0.036043	0.005931	0.024322	0.00631	0.000743	0.008392	0.014525	0.036192	0.015062	0.038702	0.017956	0.034958	0.009072	0.001262	0.012646	0.018474	0.003458	0.016432	0.01367	0.039554	0.008433	0.026258	0.029443	0.027303	0.005199	0.035316	0.009114	0.02308	0.010717	0.033798	0.011279	0.019769	0.036748	0.019754	0.038066	
0.019856	0.007086	0.025595	0.037523	0.029196	0.012535	0.019711	0.022147	0.005311	0.027384	0.011007	0.026308	0.015665	0.026882	0.008693	0.018249	0.029906	0.041028	0.01868	0.031922	0.014226	0.030089	0.004115	0.011218	0.012532	0.03791	0.037297	0.003119	0.00021	0.034581	0.039256	0.036704	0.002185	0.032483	0.001624	0.038326	0.018434	0.039942	0.014608	0.024318	0.017279	0.00164	0.030705	0.0045	0.005299	0.019231	0.017707	0.016235	0.015457	0.004086	
0.030664	0.009397	0.008956	0.010842	0.017382	0.031981	0.034977	0.029174	0.030823	0.024903	0.023132	0.000277	0.038174	0.024015	0.009014	0.037913	0.040577	0.020852	0.016584	0.009153	0.0094	0.003583	0.021956	0.004315	0.009529	0.006789	0.020956	0.038948	0.030574	2.8e-05	0.026398	0.018736	0.02295	0.008986	0.038396	0.025725	0.039169	0.028093	0.026502	0.012721	0.015762	0.010836	0.030916	0.01377	0.003752	0.002776	0.036897	0.027644	0.001402	0.013701	
0.030749	0.011043	0.025181	0.025759	0.003264	0.011299	0.009054	0.010874	0.02249	0.011629	0.019616	0.026749	0.019884	0.011495	0.002469	0.010528	0.009861	0.015448	0.027894	0.030292	0.026656	0.027312	0.019524	0.00232	0.020764	0.029257	0.030626	0.02647	0.022232	0.018557	0.011813	0.012071	0.030973	0.021753	0.028181	0.030538	0.020999	0.023674	0.023655	0.030313	0.029919	0.028737	0.02506	0.02312	0.005799	0.022853	0.001249	0.025795	0.018368	0.025834	
0.027905	0.006963	0.019433	0.015046	0.034758	0.027906	0.011052	0.035473	0.007196	0.004493	0.029079	0.035459	0.01059	0.029841	0.011769	0.033198	0.032211	0.031155	0.001831	0.026088	0.003726	0.021927	0.001053	0.003436	0.01743	0.018935	0.027653	0.020457	0.015573	0.021346	0.005713	0.011374	0.022902	0.030747	0.0171	0.017602	0.010168	0.001181	0.02294	0.030962	0.018649	0.036464	0.0359	0.028758	0.004718	0.031087	0.03046	0.025789	0.033617	0.000887	
0.018812	0.024064	0.024173	0.034341	0.020122	0.00463	0.030416	0.003116	0.004708	0.017367	0.037632	0.008609	0.011125	0.004923	0.037229	0.033275	0.030056	0.037219	0.012729	0.000907	0.030752	0.012925	0.034219	0.036809	0.014882	0.01782	0.01855	0.001547	0.02357	0.018455	0.01654	0.026382	0.026544	0.016584	0.001521	0.011128	0.024741	0.001199	0.015117	0.036839	0.016579	0.010096	0.035711	0.020153	0.035703	0.032205	0.009463	0.029891	0.010721	0.017901	
0.64