50
2
-0.136139	0.06182	-0.549286	-0.56836	0.659785	0.073809	0.552375	-0.520968	-0.297117	0.817631	-0.778023	-0.17722	0.978575	0.094842	-0.681075	-0.570038	0.62906	0.802113	-0.216178	-0.881766	0.331903	-0.684378	0.114924	-0.994959	0.025249	-0.709834	0.59273	0.708372	-0.675272	-0.860197	0.837622	-0.774563	-0.040919	0.503062	0.695483	-0.127324	0.426015	0.204517	-0.303805	0.922782	-0.391976	-0.142407	0.324388	-0.31213	-0.91472	0.043941	0.675692	0.225682	0.102712	-0.693957	
-0.621559	0.678407	-0.127501	0.506267	-0.796758	-0.330795	0.170773	-0.458388	-0.034181	0.756103	-0.655461	0.887202	-0.404417	-0.903304	0.735469	-0.689962	0.150316	0.367917	-0.795207	-0.577481	0.116269	0.236288	-0.162762	0.864094	0.12824	-0.917215	-0.380417	0.698685	-0.673283	0.847046	0.511787	0.093031	-0.380277	-0.590904	-0.648003	-0.053397	-0.546851	-0.647302	0.391395	-0.398416	-0.040147	0.666701	0.522915	0.679887	-0.027117	0.074847	0.916935	0.493886	-0.024941	0.262136	
-0.732079	0.546332	0.496946	-0.469794	0.778085	-0.428642	-0.123293	0.863259	0.391634	-0.442546	-0.761271	-0.043628	0.175855	-0.78804	0.469708	0.344873	-0.241974	0.933755	-0.038851	-0.777021	0.801172	0.972665	-0.226456	-0.063722	-0.93555	-0.931175	-0.394881	0.245594	-0.964971	-0.186595	0.840069	-0.119006	0.92799	0.465008	0.452346	0.815606	-0.885448	0.864438	-0.986002	-0.264835	0.457499	0.702461	0.234827	0.404728	0.476982	0.435735	0.218191	-0.396501	-0.928149	0.663866	
0.54283	0.257251	-0.648049	0.281997	-0.189818	-0.27267	0.017935	0.925614	-0.428231	-0.682639	0.538121	0.521766	-0.424542	-0.313119	0.657959	0.380621	0.715107	-0.54226	-0.029914	0.808643	0.195541	0.579218	-0.110752	-0.75887	0.683895	-0.985326	0.653816	0.64806	0.172967	-0.535485	-0.483045	-0.850802	0.044581	0.048746	0.742172	0.837134	-0.927174	0.639437	0.693069	-0.808033	0.733787	-0.091039	-0.129983	0.190063	-0.79849	0.493099	0.132782	0.70765	0.766963	-0.870868	
-0.404913	0.552122	-0.055971	0.075889	0.105966	-0.849943	0.32804	0.775249	0.489192	-0.410149	0.650113	0.863771	-0.583342	0.567585	0.574566	0.173125	0.660363	-0.540147	-0.38464	-0.019876	0.662303	-0.495813	0.023027	-0.916253	-0.626846	0.032285	0.854856	0.987567	0.322197	-0.883621	-0.32668	0.248396	0.892305	0.964009	0.074944	0.22813	0.904906	-0.394106	0.403612	0.010862	0.884732	0.356807	0.235622	-0.710026	-0.88419	-0.707601	0.756358	-0.797377	-0.274712	-0.146708	
0.878214	0.858758	0.338465	-0.326876	0.519945	0.9905	-0.924497	-0.957782	0.965536	-0.056597	-0.836644	0.070167	0.321748	0.718797	-0.534009	0.660565	-0.083518	0.930565	-0.309424	-0.862307	0.743245	-0.566779	-0.602269	0.486836	0.443901	0.105271	-0.759131	0.438895	-0.068037	0.997	0.144105	0.774052	0.63354	0.943642	0.018828	0.780239	0.110387	-0.902662	-0.081756	0.031019	0.438976	0.607044	-0.257877	-0.54328	0.649342	-0.748941	-0.035868	-0.981445	-0.214675	-0.062751	
0.799723	-0.88331	0.044738	0.536909	0.147657	0.180344	0.054404	0.225608	0.857241	0.325216	0.626632	0.620576	-0.190984	-0.542631	0.326074	0.94586	0.892047	-0.180554	-0.859808	-0.222675	0.272515	0.939906	0.032804	0.941758	0.315987	-0.172847	-0.144025	0.332555	-0.51604	0.809026	0.385699	0.615948	0.510414	-0.281608	0.341605	-0.47907	0.6586	-0.63253	0.058464	0.609433	0.506353	0.751244	0.135054	0.826316	-0.603456	-0.079082	0.971114	-0.051158	-0.078455	0.771097	
0.716681	0.223262	-0.044482	-0.670922	-0.784265	-0.410094	0.457868	0.901006	0.117467	-0.004716	0.201517	-0.421389	-0.14043	-0.75413	-0.474636	0.672937	0.570743	0.694636	0.927855	-0.25235	-0.163792	-0.470956	-0.818566	-0.936802	-0.148284	-0.152725	-0.530826	0.296449	0.65671	-0.338637	0.091695	-0.823973	0.17016	-0.454651	0.481171	0.667085	-0.266487	-0.583524	-0.82307	0.620954	-0.296447	-0.518818	0.68638	-0.456368	0.617399	-0.488112	-0.022884	0.696402	0.47826	0.361006	
-0.303412	-0.112676	0.910578	0.088739	0.526773	0.867653	0.842011	0.58999	-0.375599	0.656027	-0.02825	-0.452651	-0.905698	-0.434761	0.888345	-0.302233	-0.605793	-0.198845	0.666129	0.946231	0.560394	0.526644	0.701778	-0.746955	0.682462	0.212559	0.680057	-0.705582	-0.399112	0.300537	0.604455	0.124464	-0.493786	-0.48308	-0.006251	0.310508	-0.164079	-0.645048	-0.942963	-0.559136	-0.673529	0.275141	-0.030391	-0.67378	0.931035	-0.001365	0.272945	-0.829619	-0.245539	-0.967942	
-0.339685	0.68995	0.798149	0.981372	-0.533098	-0.820427	0.743591	0.464765	0.335895	0.689783	0.014303	-0.51141	0.001895	0.178326	0.861317	-0.669811	0.69433	-0.141179	0.022678	-0.064178	0.580445	-0.532612	-0.513805	0.073531	0.827498	0.053931	0.932893	-0.051337	-0.686187	-0.67822	-0.388815	0.580755	-0.563969	-0.429148	-0.396204	0.593997	-0.814942	0.709824	0.230701	-0.21244	0.179524	0.938055	-0.056003	-0.691885	-0.147683	0.169326	0.102851	-0.035161	-0.176992	0.820328	
-0.061911	-0.181055	0.517573	-0.498661	0.848566	-0.486656	0.134011	0.658518	0.203437	-0.965089	-0.053626	0.829163	0.960927	0.323127	0.000551	0.468751	-0.86766	-0.732989	-0.688158	-0.171599	-0.115022	0.894065	-0.481848	-0.535963	0.384162	0.613298	-0.048839	0.149532	0.516628	-0.370388	0.466706	0.903611	-0.125437	-0.54633	0.522052	-0.920692	-0.778566	-0.079232	-0.850617	-0.12889	0.231505	-0.331475	0.538027	0.601067	0.533742	-0.056682	-0.486241	0.650853	-0.97605	0.743019	
-0.394696	0.21774	-0.641537	0.907966	0.220789	0.392079	0.369632	-0.306452	-0.198557	-0.089606	-0.554134	0.606617	0.053835	-0.206354	-0.987537	-0.261901	0.644149	-0.543655	-0.455983	0.134714	0.361332	-0.881399	0.860554	0.958118	-0.867873	-0.697445	-0.982116	-0.08206	-0.365627	0.159245	0.814222	0.165809	0.193098	-0.464571	0.723252	0.112924	0.139299	-0.526893	-0.169524	0.954742	0.861525	-0.592973	0.016238	-0.638013	-0.294831	0.157527	-0.848103	0.671856	-0.48669	0.00784	
0.745317	-0.847934	-0.394887	-0.832538	0.865722	-0.894655	0.726621	0.974669	0.312891	-0.843056	0.852521	-0.023611	0.193593	0.719782	0.490466	0.009607	0.498788	0.907938	0.012747	0.150113	-0.265011	0.698087	-0.730377	-0.106799	-0.972086	-0.56142	-0.900017	0.658771	-0.906824	0.702777	0.138371	-0.534289	-0.518723	0.789602	0.307118	0.323138	0.168465	-0.251162	-0.338109	0.302236	0.317578	-0.442996	-0.619098	0.607031	-0.820434	-0.704998	-0.338769	-0.231536	-0.326442	0.072163	
-0.802927	-0.627231	0.424199	0.874117	0.147745	0.285241	-0.45353	-0.943023	-0.431893	0.554297	-0.694105	0.253165	-0.841754	-0.629889	-0.551937	0.365572	-0.337009	-0.143165	0.977584	0.273804	-0.095039	0.496896	0.243354	-0.63433	-0.620755	-0.444103	-0.879624	0.44132	0.432752	0.643779	0.280302	-0.50102	0.363232	-0.25699	0.187609	0.520633	0.802619	0.646274	0.432752	-0.304282	-0.071115	-0.448029	-0.377054	0.922225	-0.505854	0.814941	0.635308	-0.698578	0.181679	-0.867747	
-0.117325	-0.349331	-0.341176	0.594265	0.217846	-0.300359	-0.374312	-0.036109	-0.363685	-0.23656	-0.661019	-0.275597	0.60952	0.081064	-0.477154	0.686209	-0.223366	0.654701	-0.793406	0.874369	0.79442	0.312445	-0.169589	-0.034308	-0.133047	-0.035723	0.376769	0.06945	-0.548114	-0.702148	-0.493405	0.947579	0.525377	-0.173065	0.942507	-0.483703	0.101066	-0.388784	0.060621	0.001872	-0.999259	0.932021	0.618604	-0.232256	0.927696	0.177505	0.585566	-0.764958	0.657086	0.762247	
0.973741	-0.01378	0.59728	0.038944	-0.143488	0.059405	-0.767626	0.187851	0.606688	0.354124	0.544549	0.270507	0.089113	-0.426684	-0.489658	0.968861	-0.890898	0.561855	0.857234	-0.877621	-0.527011	0.219747	-0.203864	0.689068	-0.266245	-0.984285	-0.962014	0.881558	0.321996	0.914697	0.445887	0.450413	0.308296	-0.740962	-0.832141	-0.086035	-0.005266	0.783277	-0.598252	-0.41346	0.78141	0.326704	0.937669	0.333159	0.263561	0.305253	0.372279	0.257548	-0.710999	0.723859	
0.433227	-0.108919	0.713777	-0.421245	-0.87565	0.711028	0.025639	0.603133	0.536475	-0.743033	0.414118	-0.358331	0.992015	0.456153	-0.371949	-0.773918	-0.991959	0.896359	-0.386876	-0.390259	-0.586667	-0.001073	0.164445	0.173771	-0.341208	-0.948163	0.257196	0.448655	0.787996	0.226002	0.398996	0.567192	-0.194283	0.834367	0.735954	0.914294	0.99049	-0.716407	0.004139	0.194504	-0.568004	0.013552	0.820805	-0.837719	-0.457033	-0.366807	0.766326	0.371439	0.905609	0.546479	
0.104077	-0.55293	-0.084976	0.334284	0.553689	0.965616	0.747343	0.97374	-0.603411	0.345131	0.752877	-0.187862	-0.69319	-0.416145	0.368267	-0.800714	-0.667705	0.46239	-0.310373	-0.16183	-0.936022	-0.003522	0.420546	-0.896036	0.211534	0.760128	0.203928	-0.775466	-0.226658	0.003193	-0.847848	-0.141377	0.667779	0.837895	0.004126	0.61175	0.629716	0.67567	0.05399	0.852845	0.717922	0.705824	0.298481	-0.664975	-0.473604	0.966426	0.434369	-0.604418	-0.723533	0.77218	
0.841653	0.226045	0.540648	0.361719	-0.414739	-0.631999	0.727922	-0.333605	0.304466	0.547316	0.815053	-0.477503	0.258165	0.545935	0.503813	-0.234988	0.314339	0.711798	0.423543	0.736648	0.660582	-0.924094	-0.800102	0.70878	0.86366	-0.447263	-0.490876	0.298616	-0.320981	0.010728	-0.985206	0.671064	-0.950755	-0.575309	-0.554512	-0.013063	-0.958879	0.430138	0.680584	-0.832926	-0.85643	0.968503	0.158454	0.327308	0.295594	-0.853361	0.444959	-0.052301	-0.396535	-0.532401	
-0.307616	-0.015555	0.12717	-0.38025	-0.238476	0.793022	0.642049	0.625069	0.421673	0.310291	-0.781751	0.907081	-0.785761	-0.887344	-0.871119	0.889051	-0.054191	0.515064	-0.282938	0.209539	-0.618527	0.056115	-0.252263	-0.392909	0.677867	-0.955009	-0.957988	-0.325427	-0.170037	0.254613	0.893054	0.608789	0.300204	-0.157495	0.344761	0.176175	0.921367	-0.294659	0.526004	0.870241	0.852972	-0.45387	-0.534125	0.06547	0.388861	-0.635155	0.086182	0.532427	0.394038	-0.245433	
-0.540824	0.377681	0.469252	-0.768355	-0.959256	0.821953	0.873352	0.615458	-0.357846	-0.976741	0.225985	-0.553451	0.196583	0.95283	-0.105834	-0.744645	-0.838855	-0.42513	-0.213525	0.277706	0.337388	0.978079	0.482126	0.121511	-0.888944	-0.236273	0.747112	0.843054	0.472965	-0.293504	0.946202	-0.320323	0.637271	0.498473	-0.080864	-0.490188	-0.8838	-0.447351	-0.983284	0.888484	-0.111846	0.990147	0.481667	-0.115994	-0.086173	-0.649697	0.852422	-0.666185	0.667227	-0.151422	
0.770588	0.228938	0.664662	0.806761	0.259583	-0.455389	-0.731567	0.014786	0.956267	0.958362	-0.435916	0.03955	-0.101955	-0.176069	-0.093187	0.598071	0.034232	-0.448281	-0.301042	-0.268267	-0.620859	-0.674112	0.375452	-0.6697	0.857461	0.119488	0.499823	0.778297	-0.750028	0.690806	0.524682	-0.693114	-0.889844	-0.361689	0.276407	0.324756	-0.836027	0.471663	0.245777	0.112911	0.404167	0.573376	-0.469523	-0.236726	-0.035442	-0.28543	0.699375	-0.129695	-0.092925	0.213722	
-0.38191	-0.105904	-0.124425	0.182122	0.050787	-0.663395	-0.771556	0.638352	-0.459288	-0.231816	-0.80053	0.365159	0.641697	-0.582128	-0.682917	-0.891428	-0.402376	-0.7292	0.798072	-0.767218	0.876238	0.444605	0.641165	0.684607	-0.254764	0.834923	-0.489685	0.457228	0.95456	-0.843017	-0.181291	-0.536743	0.906668	-0.682722	0.581241	-0.977307	-0.576178	0.740775	0.526301	-0.535367	0.333137	0.188316	-0.466799	-0.47595	-0.69537	-0.867303	0.231392	0.63922	0.42206	0.869625	
-0.74477	0.157822	-0.250983	-0.210099	0.182783	-0.810259	-0.441292	0.827739	0.601123	0.303091	-0.034312	0.386484	0.864571	-0.759075	-0.69717	0.70419	-0.090542	0.546259	-0.582047	0.586716	0.022099	0.047406	-0.640929	0.911174	0.182203	0.692602	0.713063	-0.303256	0.94207	0.28287	0.81196	-0.573846	-0.008644	0.835348	0.168066	-0.425573	0.121691	0.298414	-0.474777	-0.265155	0.176836	-0.223657	0.597204	-0.208364	0.05212	-0.01505	-0.207325	0.00545	-0.917565	-0.449169	
-0.222857	-0.544931	-0.779678	0.454424	0.181362	-0.737246	-0.375688	0.509841	0.357714	-0.786346	-0.033964	0.37175	0.886714	0.704219	0.76497	-0.471947	0.890989	-0.412029	-0.465334	0.536962	-0.114708	0.920994	0.222555	-0.432541	-0.274777	0.288141	-0.966134	-0.760239	-0.606452	0.579758	-0.999743	0.10911	-0.217521	-0.917437	-0.774418	-0.314607	0.476857	-0.623588	-0.023075	0.740982	0.55624	-0.904818	-0.648533	0.379977	-0.274712	0.380586	-0.953456	-0.14331	0.551574	0.940407	
-0.120586	-0.930897	-0.475368	-0.193569	0.640876	-0.879276	0.356116	-0.411113	0.817914	0.349687	-0.827248	-0.839401	-0.019463	-0.201386	-0.247481	-0.950221	0.005474	0.225385	-0.334191	-0.062791	0.990529	-0.478733	-0.063428	0.821068	-0.900099	0.522346	0.90208	0.392885	0.19815	-0.678467	-0.550078	-0.200247	-0.754486	-0.193865	-0.776295	-0.654197	-0.110321	-0.410702	-0.903976	-0.231511	0.128534	0.100389	0.233112	0.985622	-0.324871	-0.331798	0.273472	-0.572465	0.907514	-0.61213	
0.844243	0.984058	-0.273091	0.612361	-0.838739	0.584418	-0.466132	0.423229	0.579642	-0.037931	0.033074	-0.458338	0.18676	-0.733241	0.605349	-0.098291	-0.518525	-0.517962	-0.107204	0.546308	-0.026547	0.766773	-0.876275	-0.457567	0.92731	0.633504	-0.356257	-0.857947	-0.439543	-0.999314	-0.194783	0.549243	-0.364605	-0.284994	-0.617302	0.365251	0.059104	0.558576	-0.292305	0.460055	-0.467053	0.739035	-0.264931	-0.317694	-0.255645	-0.897173	0.43944	0.252512	0.416248	0.860054	
0.498599	0.767984	-0.641536	-0.297406	-0.830574	-0.000615	0.884803	-0.528628	0.817746	-0.995105	-0.57977	0.998344	0.940978	-0.985616	0.261594	0.829377	-0.294699	-0.873651	-0.905384	-0.438733	0.731767	0.168658	-0.918374	0.645268	0.522468	-0.361858	0.05735	0.985463	-0.045714	-0.875449	-0.961422	0.778673	-0.807636	-0.452822	-0.662884	0.757935	0.901792	0.78845	-0.500242	0.971006	0.479424	-0.418671	-0.151212	-0.919796	-0.224378	-0.302855	-0.089465	0.706209	-0.156167	0.142672	
-0.533096	0.966497	-0.9919	-0.457987	0.35631	0.719132	-0.163377	0.87304	0.628622	0.996663	0.684644	0.016484	-0.575616	-0.558122	0.195869	-0.679926	-0.6827	0.678682	-0.766738	-0.395043	0.056768	-0.778035	0.345305	0.837867	-0.184018	-0.823581	-0.257898	-0.10192	0.450879	0.350279	0.900034	0.01549	0.552614	0.985203	0.230147	-0.393915	-0.654165	-0.601665	-0.81905	0.731768	-0.494137	0.346457	-0.903181	-0.023163	-0.301213	-0.400517	-0.884741	0.28104	0.524667	-0.34675	
0.100351	-0.63333	0.32771	-0.555916	-0.464638	0.143991	-0.925338	0.608091	-0.947394	-0.679206	-0.591084	0.361288	-0.48544	0.951801	0.090694	0.699923	-0.923036	-0.272361	-0.359805	0.100587	0.856722	-0.567768	0.42569	0.975635	-0.765712	-0.371623	0.659756	-0.419489	0.079252	0.560666	-0.464683	-0.518224	0.815575	-0.110372	0.584855	0.445461	-0.481619	0.907229	-0.91632	-0.967572	0.984007	-0.787868	-0.323832	-0.852595	0.49431	-0.19507	0.406165	-0.637383	0.125207	0.025748	
-0.611975	0.416382	-0.473896	0.899136	-0.243631	-0.95077	0.504175	-0.504364	-0.301499	0.200342	0.698993	-0.901089	-0.085492	-0.968264	0.480686	0.668422	0.324742	0.504516	0.619567	0.146196	0.116731	0.199373	-0.228826	0.544504	0.879791	0.990787	0.604819	-0.213845	-0.760701	-0.902025	0.237398	-0.28281	-0.201544	-0.075823	-0.40071	0.899263	0.174453	0.51638	0.324096	-0.454181	0.283502	0.061375	-0.744104	0.794851	0.752024	-0.536385	0.979141	-0.220199	0.762971	0.970542	
-0.505581	0.272243	0.443454	-0.141662	-0.368985	-0.742509	-0.183023	-0.957545	0.583142	0.308368	-0.471253	-0.897226	-0.731931	-0.1578	-0.378971	0.71479	0.078668	0.702894	0.271733	0.762339	-0.734312	-0.820541	-0.446971	-0.362076	0.3919	-0.984254	0.300176	0.419868	0.187955	0.625877	0.163662	0.825527	-0.740222	0.158357	-0.347161	-0.754494	-0.998816	0.011854	-0.133235	-0.176506	-0.417672	-0.546489	-0.778216	-0.756102	-0.769834	0.4814	0.562078	0.719103	0.967896	-0.277694	
0.788809	0.043584	0.575202	-0.026546	0.525921	-0.515991	0.654998	0.249915	-0.927969	0.671797	0.108199	0.375836	-0.769303	-0.442793	-0.497643	0.819544	0.337143	0.685365	0.711893	-0.925352	-0.546642	-0.338085	-0.512432	-0.00187	-0.059928	-0.028458	0.612868	-0.957448	-0.773334	0.270167	-0.407625	-0.414384	-0.388292	-0.547854	0.536872	0.255715	0.194715	0.41966	0.197852	0.016132	-0.742427	0.162092	0.630538	-0.481591	0.666053	-0.777134	0.262503	-0.206932	-0.072098	-0.58669	
-0.435547	0.673613	0.29372	-0.020097	-0.272287	0.616125	0.083154	0.967662	-0.282026	-0.162626	-0.525566	-0.647768	0.280828	-0.583928	-0.246944	-0.851035	-0.899608	0.481549	-0.632395	0.030361	0.407698	-0.73308	-0.245191	-0.973183	0.96397	0.150715	-0.164129	-0.168796	-0.321305	0.298787	-0.076123	-0.743602	0.037068	-0.207363	-0.750011	-0.59467	-0.789211	0.399739	-0.987795	-0.105622	-0.124982	0.268735	0.835724	-0.794799	-0.832973	0.759977	0.245617	0.105365	0.563731	-0.70087	
-0.406337	0.996753	-0.829034	0.558397	0.217766	-0.904095	0.518887	0.001943	0.817201	-0.960306	0.841711	-0.688346	-0.905927	-0.789263	0.826059	0.760087	-0.216029	-0.725663	-0.509294	0.615793	-0.714625	0.754059	0.038219	-0.464028	0.802199	-0.67661	0.599488	-0.447842	0.195716	-0.893286	-0.895296	-0.871468	0.885357	-0.094431	0.700268	-0.996301	0.955799	-0.790544	0.065853	0.238772	-0.657148	0.193987	0.697827	0.992486	-0.458619	0.263551	0.964007	-0.462508	0.863262	-0.80358	
-0.43818	0.372875	-0.538104	0.635909	-0.476869	-0.469675	0.705038	-0.178264	-0.900254	-0.5479	-0.504322	0.761109	0.488788	-0.965512	-0.625667	-0.496845	-0.355927	-0.514331	0.827398	0.288477	-0.094735	-0.223733	-0.513463	-0.437484	0.171589	-0.226217	-0.282781	0.814767	-0.543871	-0.966009	-0.38863	-0.262178	0.16943	0.785993	0.044849	0.10224	0.520269	-0.071773	-0.378798	-0.878958	0.449272	-0.218232	0.174187	-0.600245	0.518996	0.718952	-0.585895	-0.658621	-0.926518	0.550252	
-0.987114	-0.88754	-0.404047	-0.047484	0.334908	-0.565403	-0.651789	-0.310484	-0.725701	-0.805828	0.911814	-0.913869	0.934324	-0.150677	-0.084044	-0.196825	0.726546	0.183234	-0.318114	0.299066	0.918247	0.962456	0.267942	-0.270978	0.299094	-0.984595	-0.685299	0.380624	-0.028703	-0.681228	-0.259257	0.123937	0.526625	-0.30896	-0.935299	-0.296702	0.032023	-0.615594	-0.481925	0.177925	-0.968972	0.260228	0.907062	0.802885	-0.073731	-0.894613	0.952584	-0.179656	-0.020621	-0.482886	
-0.183206	-0.581073	0.577763	0.577087	-0.933226	-0.789261	-0.08597	0.848265	-0.8151	-0.797096	0.137545	0.917069	0.127647	-0.370401	-0.999369	0.961	-0.971353	0.545604	0.667454	-0.259365	0.051804	-0.292093	-0.037497	0.572924	-0.546331	-0.849223	-0.2358	-0.780066	0.049675	0.120708	-0.12306	-0.759067	-0.485551	-0.599731	-0.926008	-0.013004	0.592507	-0.72401	0.403344	-0.056545	0.741827	0.131084	0.115155	0.808136	0.983614	0.902443	0.294833	-0.982278	0.178957	0.757239	
0.891397	-0.097689	-0.465296	0.656782	0.577714	-0.391299	0.58644	0.904463	0.662148	-0.869086	-0.216022	0.618675	0.102936	-0.761077	0.039102	0.662161	0.074783	0.364992	-0.632836	0.021066	-0.034535	0.558527	-0.39528	-0.093858	0.626889	0.285646	-0.064323	-0.122623	-0.673829	-0.111119	-0.371752	0.065412	-0.516816	0.534259	0.681471	-0.146559	0.8976	0.197874	0.289611	0.125229	0.948487	-0.274362	0.653599	0.429032	0.943015	-0.322655	-0.994128	-0.054352	0.579985	0.063189	
-0.39233	0.670089	-0.725727	-0.798525	0.392878	-0.514567	-0.963079	-0.556802	-0.449002	0.740497	-0.117076	-0.148213	0.378406	-0.452739	0.622456	0.4476	-0.518751	0.400932	-0.443009	0.166629	0.773537	0.199401	-0.101114	-0.720515	0.548817	-0.959044	0.255686	-0.011738	0.434303	0.583992	-0.89522	-0.168332	0.32706	0.273001	0.860966	-0.857399	0.494645	-0.409668	0.744331	0.551003	0.037114	0.655955	0.073986	0.500846	0.075436	0.286798	-0.4172	-0.904101	0.289053	0.696766	
0.680009	0.611934	-0.294249	-0.578222	-0.990803	-0.177593	-0.200402	0.269862	0.327501	0.415894	-0.11088	-0.24984	0.437434	0.499513	-0.043829	-0.09522	0.011112	-0.536303	0.622431	-0.895441	-0.587525	0.469225	-0.957359	0.398078	-0.348959	-0.731727	-0.573883	0.063768	-0.858751	-0.395876	-0.017908	-0.840654	-0.373113	0.036219	0.565765	0.358149	0.604901	0.882425	0.157371	-0.663274	-0.600139	0.742503	0.157502	-0.542157	0.736633	0.96142	-0.079471	0.731578	0.586742	-0.521803	
0.240346	0.494521	-0.646959	-0.180779	0.830512	0.170397	0.465758	0.293252	-0.085676	-0.036995	-0.305519	-0.075429	-0.088185	-0.794541	-0.512176	-0.415933	-0.410698	-0.358497	-0.0532	-0.85008	0.754758	-0.155703	-0.458764	0.084466	0.43076	-0.876584	-0.063034	0.508573	0.895036	-0.661537	0.410205	0.174668	0.178688	-0.884102	-0.937808	-0.385237	-0.242388	0.481596	-0.164522	-0.613463	0.289659	0.190441	-0.615679	0.335953	0.0159	0.439658	0.445169	0.104157	0.817242	-0.806934	
-0.023637	-0.583886	0.38303	-0.423757	-0.075939	0.745648	-0.002841	0.514323	-0.593184	0.902317	-0.729361	-0.362118	0.353076	-0.002532	-0.571506	-0.018889	0.446639	-0.489258	-0.373228	0.942565	-0.624542	-0.831305	0.454729	0.49678	0.805619	0.211533	0.823709	0.852363	0.857424	0.797376	0.201133	-0.082741	0.270376	0.355342	-0.059721	0.069548	-0.218613	-0.252949	0.430726	0.041268	0.60412	0.518904	-0.070962	-0.897574	0.097453	0.726743	-0.476686	0.674422	0.758083	-0.3102	
0.493832	0.228872	-0.394321	-0.274616	0.636197	-0.309216	0.823391	0.402718	0.844237	0.279749	-0.138106	-0.045053	0.683822	-0.428663	-0.616812	-0.512091	0.596175	-0.555964	0.573188	-0.465099	-0.436377	0.252675	-0.379318	-0.791794	0.739218	-0.187721	0.443477	-0.75153	-0.528975	0.553026	0.035874	0.279734	-0.386769	-0.992501	0.827857	0.592962	0.818133	0.553906	-0.127462	-0.958563	-0.447801	-0.586867	0.445181	-0.502776	0.166956	-0.036373	0.504488	0.205566	-0.400325	-0.288857	
-0.195635	-0.107782	0.761361	-0.572631	0.248513	0.837462	0.893105	0.679461	-0.733072	-0.03433	-0.574361	-0.716933	0.437285	0.430813	0.253217	0.032037	0.479333	0.123883	0.214476	-0.343734	0.553223	0.081908	0.191731	-0.438896	-0.55163	0.448272	0.770673	-0.519806	-0.050654	0.702053	-0.11843	-0.888999	0.329311	0.959001	0.788882	-0.356492	-0.419827	0.430775	-0.83624	-0.51378	0.4478	-0.408951	0.894729	-0.578492	0.16445	-0.422871	-0.757171	-0.387325	0.469599	-0.065823	
-0.950224	-0.33985	0.351276	0.040455	-0.934107	0.238644	-0.247131	-0.891986	0.102967	-0.326545	-0.647068	0.952368	0.118964	-0.368843	-0.374072	0.207915	-0.072239	-0.098512	-0.033942	0.433416	-0.283774	0.407468	-0.043206	-0.23357	0.459248	-0.178563	0.43636	-0.357567	-0.56741	0.008841	0.164775	0.220789	-0.46586	0.018469	-0.311141	-0.263615	-0.19037	0.748669	-0.490475	0.623171	-0.490749	0.576372	0.099044	-0.046066	-0.841385	-0.864455	-0.766588	-0.827139	-0.496994	-0.560536	
0.85597	-0.250244	-0.42583	0.844152	0.419946	0.751852	0.135323	-0.833539	0.622861	-0.71485	-0.102562	-0.261428	-0.44482	0.102499	-0.284411	-0.09618	-0.599982	-0.9956	-0.733895	0.282831	0.340003	-0.208809	-0.411425	0.8183	0.252899	0.175041	0.428166	-0.285339	-0.732358	0.84431	0.628589	0.345797	-0.732174	-0.178751	0.459513	-0.413675	0.968752	0.167693	-0.442513	0.922837	0.622847	-0.003236	0.202787	0.349533	0.183794	-0.315564	-0.136476	0.304356	0.650438	-0.395944	
-0.732284	0.798638	-0.413496	-0.023017	-0.198229	-0.713756	-0.694948	0.516669	-0.703936	0.441395	0.284281	0.095615	0.180259	-0.05728	0.96835	0.74592	0.754782	-0.502438	-0.691587	-0.1853	0.384906	-0.076411	-0.649108	-0.957189	-0.580757	-0.39821	-0.758536	-0.693064	0.672395	0.849805	0.604557	-0.947781	0.468435	0.948949	0.743345	-0.365106	-0.020837	-0.336325	0.483209	-0.541148	-0.26579	-0.985426	0.273371	0.249965	0.975933	-0.522388	0.331359	0.839312	-0.749882	0.434723	
0.382105	-0.945531	0.77813	0.036851	-0.415629	-0.58696	0.987346	-0.421505	-0.00222	0.579968	0.059055	-0.83973	0.700246	-0.126692	0.017525	-0.958339	0.393094	-0.406441	-0.067997	-0.728939	-0.725439	-0.120566	0.834656	-0.675388	-0.357551	-0.085284	-0.432117	0.939029	0.922873	0.327088	-0.496472	0.780437	-0.044062	-0.345501	-0.42656	0.665015	-0.256762	0.115819	-0.508804	-0.797508	0.343421	0.345679	-0.626043	-0.024005	-0.751498	-0.341122	0.129061	0.528706	-0.888102	-0.868659	
0.873619	-0.589571	0.620072	0.224291	-0.490726	0.56882	-0.775653	-0.285917	0.452966	-0.761429	-0.046229	0.347873	-0.580437	-0.675775	0.69047	0.466754	-0.195471	-0.709988	0.445525	-0.641478	0.323785	-0.374174	-0.757988	-0.360688	-0.206712	-0.917368	0.068591	-0.946762	0.180661	0.905874	-0.644227	0.364708	-0.631581	-0.594739	0.561263	0.069776	0.889621	-0.382612	-0.66551	-0.421214	-0.036398	-0.024347	-0.269581	0.182765	-0.961782	-0.529547	-0.405924	0.42422	0.602181	-0.420808	
0.923611	0.834392	0.538878	0.039407	-0.009749	0.075544	0.366638	-0.942754	0.131042	0.737656	-0.904384	0.158463	0.536506	-0.163248	0.117846	-0.016251	-0.235303	-0.750515	0.442248	-0.970632	-0.448948	0.487157	0.003049	-0.397509	0.922375	-0.849561	-0.633605	0.544085	0.924805	0.160373	-0.165449	-0.707956	0.313616	-0.415155	-0.867754	0.318006	-0.138304	-0.920742	0.293804	0.912859	-0.883649	0.300523	-0.674615	0.200833	-0.754483	-0.696865	0.589526	-0.914791	0.568605	0.802379	
-0.112539	-0.934718	-0.774303	0.593551	-0.810903	0.785692	0.228185	-0.168781	0.791343	-0.245237	0.545401	-0.152036	-0.470932	0.468264	0.086121	0.250703	0.98599	0.866505	0.89291	0.369879	-0.650339	-0.163344	0.234485	-0.28901	-0.323325	0.937126	0.606427	-0.071359	-0.323812	-0.313975	-0.608354	0.638773	-0.120908	-0.252654	-0.825513	0.68022	0.020963	0.748991	-0.904873	0.343402	0.533311	0.576873	-0.679005	-0.443259	0.099476	-0.111855	0.136817	0.716771	0.265503	-0.555851	
0.460921	-0.437422	-0.868303	-0.072522	0.25835	-0.560601	-0.930756	-0.215471	0.923007	-0.800316	-0.05217	0.302693	-0.988999	0.553981	0.757788	-0.735858	0.636114	-0.745934	-0.485345	-0.875528	0.63032	-0.487084	-0.004843	0.191501	0.861807	-0.454853	-0.097075	-0.678173	0.487239	-0.640857	-0.486289	0.554968	-0.166248	-0.05603	0.233108	0.431198	-0.039967	-0.382697	-0.384634	0.593977	0.442298	-0.994369	0.823365	0.464562	0.809407	-0.072777	0.505017	0.133254	-0.786568	-0.226949	
0.444569	0.795424	-0.440915	-0.784075	0.616952	-0.790498	-0.829923	0.061204	0.977873	-0.9452	0.981599	0.712172	0.82576	-0.211898	-0.904629	0.269819	0.551829	0.295136	-0.36335	0.152209	-0.720935	-0.176704	0.679152	0.326757	0.824353	-0.394274	0.882529	0.525108	0.341726	0.537994	0.412026	-0.838888	0.091536	0.697174	0.179947	0.868347	0.98378	-0.41193	-0.140342	0.250888	0.297589	-0.529564	0.057012	0.106415	0.424111	0.138531	-0.82724	-0.058421	-0.294577	-0.152856	
0.575604	-0.143316	-0.710988	0.102393	-0.574275	-0.339179	0.910066	-0.32839	0.223946	-0.567311	0.697169	0.757014	0.271819	-0.257016	0.481689	0.592987	0.575573	-0.31423	0.123823	0.257736	-0.762833	0.73065	-0.781263	-0.477299	-0.187638	-0.029825	0.204555	0.628413	0.882455	0.270013	0.931651	0.570025	-0.211858	0.831878	0.970192	0.408158	0.242768	0.127904	0.947544	0.395193	-0.072044	0.68101	0.638926	0.46986	0.944639	0.248257	0.492415	-0.687154	0.385996	0.327627	
0.481798	0.416362	-0.304504	-0.343781	0.6334	0.189793	-0.63153	-0.179662	-0.824813	-0.694904	0.180767	-0.728706	-0.957783	0.27322	0.943488	-0.888899	0.993196	-0.233419	0.793842	0.659798	0.297932	0.041291	0.218462	0.470733	0.724966	0.421608	-0.425416	0.874476	-0.361158	-0.000997	0.810462	-0.467255	0.701873	-0.710445	-0.281432	0.697255	-0.650301	-0.288969	0.923892	0.047827	-0.053463	0.883616	-0.039051	0.900842	0.942936	-0.412542	-0.869788	0.372189	0.409722	0.335537	
-0.057333	0.139084	0.769185	-0.719279	-0.717401	-0.377217	0.845563	0.571445	-0.020593	-0.754755	-0.114736	0.829971	-0.146126	0.677925	-0.202233	0.445963	0.364412	-0.696166	0.317746	-0.677211	0.518945	-0.515817	0.277753	-0.889395	-0.312338	-0.868034	-0.268171	0.566313	0.702022	-0.067255	-0.414706	0.048041	0.196307	-0.653856	0.496123	-0.155097	0.475166	0.067796	-0.282167	-0.775342	0.438455	0.108478	-0.72225	0.339462	0.651474	-0.714592	0.121133	-0.084336	0.917623	0.587514	
-0.333763	0.573797	0.189394	0.436927	0.294932	0.162061	-0.030143	-0.21128	0.35922	-0.77975	0.122371	-0.536244	0.172186	0.247903	-0.171511	-0.825834	-0.933724	-0.305041	-0.379599	-0.945391	-0.697045	0.248881	0.815704	-0.29994	-0.890125	-0.011259	-0.096734	0.911711	0.663903	-0.039489	-0.792551	0.209872	0.06059	-0.803501	0.479136	0.230536	0.263073	0.321405	0.768267	-0.817421	0.192398	-0.479501	0.781792	0.949161	-0.295859	0.771829	0.000102	0.30966	0.692121	-0.939463	
-0.570165	0.18459	-0.450332	0.135742	0.715304	-0.270646	-0.890226	0.997351	0.555361	-0.88048	0.619009	0.134208	-0.896104	-0.063851	0.203252	-0.348052	0.180908	-0.230746	-0.394809	-5.3e-05	-0.48523	-0.707526	0.030485	0.019564	0.060205	-0.695562	0.281374	0.793025	-0.345669	-0.644445	0.344445	-0.923766	0.374826	0.03451	0.150051	0.597064	-0.322085	-0.31998	-0.30752	0.873339	-0.728359	-0.118091	0.107242	0.974529	-0.404199	-0.410221	0.248983	-0.260587	-0.673395	-0.476902	
0.443248	-0.794308	-0.278621	-0.832274	-0.665779	0.704683	0.698592	0.085274	0.292294	-0.225697	-0.003044	0.182352	-0.614821	0.32882	-0.677753	0.187324	-0.077894	-0.792132	-0.447994	0.501777	-0.776656	0.937912	0.529971	0.699947	-0.403461	0.079672	-0.395792	0.617717	-0.211995	0.165156	-0.140368	-0.063248	-0.027392	0.926161	0.429442	-0.117915	-0.534769	-0.672651	-0.90806	-0.301521	-0.53624	-0.573117	-0.890442	-0.635084	-0.740034	0.930898	-0.762333	0.363291	0.683634	0.12076	
-0.356944	-0.442512	-0.029509	0.53785	0.352869	-0.28178	0.060499	-0.294624	-0.997074	-0.555654	0.373064	0.117288	-0.44175	0.066833	-0.812837	-0.708396	0.934313	0.717552	-0.689136	0.281464	-0.411026	0.525194	-0.849852	-0.595722	0.549553	0.713413	-0.9209	-0.106815	-0.977573	-0.322974	0.769702	-0.377581	0.864231	-0.832814	-0.614538	-0.771766	-0.569899	-0.250515	0.611991	0.024886	-0.31824	-0.626989	-0.40488	-0.138891	-0.174605	-0.906346	-0.89421	0.474125	-0.864381	0.688077	
0.010931	0.618821	-0.275307	0.56557	0.514571	0.930505	-0.304961	0.668596	-0.650456	0.975869	0.564547	0.402393	-0.571568	0.131589	0.10541	0.837454	-0.817028	-0.753242	-0.574494	-0.146618	0.05282	0.31905	0.40239	0.843702	0.041104	0.995324	-0.472268	-0.004075	0.00692	-0.410204	0.893872	0.355757	0.857558	-0.367811	0.391798	0.220038	0.455272	-0.3884	-0.136341	0.38167	-0.025973	0.971516	-0.617202	0.645026	-0.526516	0.269508	0.176384	-0.763377	0.194974	-0.432372	
0.932651	-0.33746	-0.84035	0.239759	-0.055827	-0.377384	0.738733	0.754739	-0.65446	0.566779	0.880858	0.041702	0.731905	0.718101	-0.744898	0.153977	-0.856677	0.627697	0.236973	0.686433	0.79364	0.339307	0.742026	0.550596	-0.401892	-0.97034	0.958467	-0.817696	0.324864	-0.826854	0.337182	-0.824385	-0.628187	-0.666959	0.207245	0.877695	0.526632	0.129054	-0.065761	0.8551	0.656237	0.050224	-0.598973	0.37485	-0.602212	0.658569	-0.332611	-0.579516	0.124963	0.837127	
0.719335	0.732934	-0.875861	0.645141	-0.686185	0.342155	-0.193756	-0.020624	-0.588757	-0.323696	-0.281353	-0.71277	-0.922939	-0.547246	0.364326	-0.238003	-0.576361	0.758002	-0.969124	0.210776	0.876454	0.366524	-0.428341	-0.180226	0.504659	0.355658	-0.103558	-0.06805	-0.84033	-0.964624	-0.959861	0.105191	0.788052	0.899126	0.648438	-0.856004	0.034332	-0.213663	0.279557	-0.604889	0.481841	0.437873	-0.668349	0.257417	0.913909	0.034531	-0.342003	0.60224	-0.139851	0.751917	
0.875898	0.599199	-0.28737	0.168742	-0.518702	-0.950719	-0.654337	-0.388327	0.194837	-0.734915	-0.157303	-0.682523	0.479734	0.828206	-0.5909	-0.548197	-0.100603	0.638882	-0.226945	0.011503	0.478413	0.480688	0.745578	-0.853456	-0.374136	-0.059731	-0.972976	-0.202473	-0.292074	-0.536394	-0.624947	0.899577	-0.329463	-0.552945	0.915412	-0.893436	0.421724	-0.324067	-0.647783	0.334381	0.962692	-0.222683	0.640259	0.2494	-0.679042	-0.946611	0.45264	0.607372	-0.22764	-0.721242	
-0.826077	-0.73528	0.588032	-0.395531	0.140528	0.718653	0.909964	0.094592	-0.769556	0.65038	0.372719	-0.101011	-0.07125	0.507535	-0.163875	0.117538	0.615696	-0.132383	0.687604	0.130692	-0.609037	-0.816859	0.796692	0.660218	-0.46407	-0.571743	-0.271527	0.74278	0.897925	0.039873	-0.888485	-0.128344	-0.520111	0.327336	0.555179	-0.722794	0.103078	0.948708	-0.132324	0.909039	0.508086	0.69989	0.555077	-0.541565	0.257747	-0.292566	-0.519155	-0.012216	0.219544	0.516362	
0.381031	0.434185	0.427731	-0.099625	-0.62366	0.261982	0.453873	0.87825	-0.698829	0.374836	-0.396958	0.337302	-0.875402	0.238955	0.185837	0.686442	-0.984827	0.000208	-0.657554	-0.312836	0.866699	-0.799136	0.772612	-0.725775	-0.100524	0.158041	-0.173522	0.895333	0.284508	-0.744591	-0.555746	-0.327714	0.523311	0.132543	-0.019002	0.140204	0.260474	-0.189426	0.072541	-0.03483	0.863545	-0.10418	-0.444056	0.972132	-0.538969	-0.523484	0.966962	-0.349126	-0.539246	-0.871624	
-0.727664	0.86483	-0.812111	0.794193	0.887357	0.805598	-0.237631	0.553125	0.321177	0.848591	-0.237388	0.118653	-0.001119	-0.855901	0.653428	0.728837	0.195424	0.217331	-0.407568	0.203015	0.35379	-0.962345	-0.382633	-0.571627	0.217477	-0.279573	-0.198404	0.525398	0.974137	0.895004	0.551934	0.751834	0.406416	-0.478857	-0.198284	-0.356079	0.745947	-0.734741	0.329917	0.483588	-0.658004	0.676095	0.732288	-0.739139	-0.717574	0.038998	0.519351	0.593446	-0.069191	-0.576294	
-0.473178	0.938479	-0.436871	-0.048286	0.066925	-0.89912	0.887576	0.401387	0.985262	-0.464359	0.40683	0.359621	0.891788	0.493522	-0.317658	0.755425	-0.727462	-0.434995	0.131351	-0.753969	-0.468419	0.524729	0.145161	0.863238	-0.132915	-0.696522	0.563299	0.727216	-0.340488	-0.054627	-0.609507	-0.073693	-0.347623	-0.004702	0.098526	-0.244485	0.82005	0.73386	0.089744	-0.709479	0.608335	-0.663245	0.165674	-0.360624	-0.150169	0.667092	-0.602979	0.249671	0.583434	0.84603	
-0.860281	0.244494	-0.437287	-0.778026	0.308402	-0.414065	-0.114337	0.225874	0.5009	-0.095248	-0.432107	0.256006	0.001814	0.046275	-0.994717	0.428614	-0.349551	-0.889052	-0.219438	-0.629642	0.813295	0.041706	0.023001	0.418193	0.052097	-0.184129	-0.351683	-0.720976	-0.995724	0.659475	0.121268	0.370781	-0.766963	0.338054	0.051714	0.228112	0.288762	0.931233	0.057364	-0.567369	0.760672	-0.147433	-0.322639	0.108394	0.711049	-0.37814	-0.729656	0.792189	0.122775	0.691374	
0.775368	-0.853632	-0.739076	0.221339	0.382872	0.04707	-0.404792	0.604446	-0.043163	-0.554846	0.715401	-0.66811	-0.851676	0.87922	-0.325248	0.442892	0.32597	0.137885	-0.143408	-0.606072	-0.104347	0.050355	0.961957	0.869991	-0.64443	-0.313154	-0.471704	0.63134	0.681199	-0.514646	0.919922	0.125352	-0.319943	0.80314	0.844364	0.33167	0.348989	-0.111911	0.818847	0.212856	0.3177	0.120864	-0.365725	0.309225	0.193847	-0.467411	0.901118	0.427243	0.409965	-0.250898	
-0.862986	-0.851394	0.03422	-0.574214	0.182421	0.170657	-0.753727	-0.733172	-0.889137	0.321462	0.743394	-0.026708	-0.857056	0.022726	0.32367	-0.506534	-0.161157	0.018249	-0.418334	-0.883147	0.7315	-0.34351	-0.393582	-0.173233	0.78954	0.305697	-0.888916	-0.115157	0.977271	0.486534	-0.929773	-0.721621	-0.215404	-0.267644	0.298969	-0.148055	-0.079491	0.807035	0.854195	-0.8735	0.586033	-0.651385	-0.37433	-0.61818	-0.464951	-0.96182	0.706585	-0.54371	-0.135565	-0.641388	
0.765405	-0.450539	-0.270613	-0.960795	-0.460269	0.794856	0.87135	0.925596	0.26482	-0.941766	0.84531	-0.139321	0.927774	0.062283	-0.434937	0.333724	0.398865	-0.778568	-0.456504	-0.700096	0.142343	0.635061	-0.629865	-0.010541	0.367704	0.687692	0.918475	-0.206524	-0.667557	0.617719	-0.94974	-0.834529	-0.864891	0.385131	-0.668317	0.30001	-0.018023	0.676658	-0.286257	-0.582173	-0.427354	0.271584	0.615023	0.063378	0.661371	-0.433137	-0.569385	0.542374	-0.569834	-0.25084	
0.784942	-0.745726	0.076445	0.851968	0.940184	-0.317766	-0.503816	0.758163	0.125523	-0.977556	-0.536906	0.814065	0.420556	0.344552	0.856033	-0.596529	0.16479	0.490244	-0.70582	0.403294	-0.024535	0.25948	-0.773643	-0.504783	-0.25621	0.836037	0.565735	-0.958005	0.527624	0.902331	0.007713	-0.339486	0.802333	0.758708	-0.993134	-0.508036	-0.849211	0.032663	0.398968	-0.272289	-0.68285	-0.590327	-0.8784	-0.01215	0.967018	0.928466	0.243096	0.75227	-0.233185	0.010362	
-0.496356	0.578893	-0.077362	0.624702	-0.736264	0.181304	0.738816	-0.218342	-0.438985	0.236545	0.871558	-0.666276	-0.090917	-0.886834	-0.361934	-0.375048	-0.853121	-0.523808	0.278497	-0.357539	-0.788452	0.51829	-0.813168	-0.449743	0.177978	-0.233203	-0.510871	-0.137003	-0.57923	0.490065	-0.706522	-0.362773	0.659238	-0.621585	-0.623692	-0.569231	0.213715	0.027843	0.283624	-0.75344	0.916383	-0.118542	-0.001203	0.497271	-0.960083	-0.475877	0.01093	-0.104239	0.797614	0.089451	
0.647879	0.215368	-0.371066	-0.056652	0.976537	0.561736	0.605306	-0.215401	0.275292	-0.882234	0.738164	-0.278017	-0.557375	-0.929477	-0.932784	0.008057	-0.282901	-0.360177	-0.824136	0.265062	0.185987	0.390543	-0.454345	0.301462	0.539209	0.866341	0.960269	0.057534	-0.045573	0.759761	-0.065746	-0.191901	0.838998	0.831255	-0.639463	0.554762	0.880906	0.839808	-0.541517	-0.715194	0.116277	-0.739735	0.543614	-0.000793	-0.260105	-0.472479	-0.472723	0.116276	0.181189	-0.153316	
0.290916	0.891743	-0.132067	-0.330903	-0.064058	0.48064	0.778451	0.383211	0.718608	0.429991	0.242313	-0.481931	-0.542277	0.899663	0.182408	0.937162	0.921021	-0.102228	0.225401	-0.162759	-0.201363	-0.317139	0.542742	0.804674	-0.816633	-0.747305	0.030051	0.199077	-0.580085	0.035022	0.71181	-0.400353	0.360155	-0.143673	0.231977	0.397963	-0.260977	-0.663774	0.214407	-0.348101	0.960246	0.79652	-0.471553	0.320508	-0.226947	-0.964346	-0.784242	-0.339945	-0.162072	0.467159	
0.926102	-0.464689	-0.142771	0.830808	-0.129362	-0.539883	0.432265	-0.110484	0.508123	0.244432	-0.536425	-0.894278	-0.878706	0.387469	-0.825987	0.296945	-0.283925	-0.873888	-0.795276	-0.901089	-0.821862	0.563788	0.675892	0.901208	0.124406	0.732374	-0.403155	0.739305	-0.552081	0.90169	0.821571	0.817344	0.616559	-0.824181	-0.482854	0.367757	-0.038718	0.493989	0.439432	-0.001466	0.02507	0.957686	-0.903769	0.550851	0.194422	-0.508491	-0.24349	-0.933814	0.781378	0.403618	
0.518246	0.824428	-0.536048	0.050517	-0.736691	-0.974097	0.377176	0.658804	-0.604975	-0.564503	-0.194888	-0.115506	-0.119341	0.555879	-0.067907	0.384371	-0.37002	0.578564	-0.447642	0.884375	-0.885692	0.815689	-0.313628	0.143201	-0.362652	-0.946693	-0.338434	-0.966733	-0.691766	-0.970263	-0.928679	-0.416519	0.297037	-0.464448	0.840317	-0.696198	0.565599	0.289591	-0.949182	-0.471014	-0.016823	0.702485	-0.89875	0.437546	-0.522554	0.370192	0.416083	0.948729	-0.716872	-0.486716	
0.853787	-0.966982	-0.924708	-0.280851	-0.134096	-0.207353	-0.392821	0.567027	0.924676	-0.363598	0.476987	0.472363	0.709989	0.280904	0.554813	-0.40152	0.401581	-0.7474	0.599317	-0.025207	0.131779	0.392609	0.330505	-0.330246	0.118408	0.026094	-0.849065	-0.08021	-0.426471	0.609688	0.373683	0.289686	0.937158	0.320624	-0.831553	0.611093	0.299313	0.872742	0.112646	0.138213	-0.941582	-0.391918	0.842484	-0.600175	-0.865111	0.58679	0.414944	0.85807	0.1069	0.914462	
-0.667514	-0.109739	0.05015	-0.905852	0.625018	-0.670237	-0.701337	-0.55763	-0.580008	0.376824	-0.198201	0.678979	0.973685	-0.058218	-0.198144	-0.433206	0.254166	-0.07786	0.345004	-0.009529	-0.526869	0.941675	0.440836	-0.750759	0.885848	-0.021134	-0.278511	-0.698726	0.73881	-0.84485	0.650916	-0.915935	-0.672567	0.18432	-0.867363	-0.011232	-0.668694	-0.290997	0.46767	0.531133	-0.288261	0.237334	0.284784	-0.423987	0.063195	-0.963451	-0.946189	0.666228	0.462206	-0.024906	
0.38158	-0.629853	-0.048113	-0.992005	0.920711	-0.410039	0.407636	0.887913	0.951833	-0.731652	0.334905	0.838761	-0.947092	-0.595696	0.744758	-0.322931	-0.541848	0.335711	-0.007579	0.388433	-0.018227	-0.260335	0.986964	0.661614	-0.637349	0.865682	-0.530881	0.796581	-0.536518	-0.441628	-0.594388	0.943138	-0.813967	-0.224765	0.6043	-0.718694	0.897165	0.640886	-0.73488	-0.938814	-0.367613	-0.29775	-0.162924	0.656303	-0.819898	-0.04691	0.628114	0.029512	0.943892	-0.457851	
-0.611109	-0.496232	0.09366	0.195403	-0.386823	-0.804011	-0.411775	0.000878	0.399682	-0.375129	0.301731	-0.231616	-0.913876	-0.924844	0.854835	-0.848364	-0.92265	-0.941458	-0.991749	0.112314	0.246545	-0.134524	0.93889	-0.336447	-0.049939	-0.755473	0.743705	0.723389	-0.889423	0.032847	0.10689	0.592347	0.668046	0.475573	0.393866	-0.507608	-0.000136	-0.69497	-0.895539	-0.935924	-0.206591	0.137478	0.067324	-0.717162	0.033837	-0.37259	0.554063	-0.280541	0.00478	-0.199331	
0.364647	0.976946	-0.580985	0.033046	-0.318995	0.254657	0.636522	0.029463	0.733919	-0.89804	0.62583	0.763091	-0.878126	-0.165102	-0.812966	-0.511952	0.80974	0.250232	0.160824	-0.112634	0.711804	-0.102875	-0.545658	-0.049854	-0.298641	0.882367	-0.669005	-0.390269	-0.879402	0.437147	-0.318204	-0.719702	-0.36386	-0.930126	-0.152313	-0.83152	0.510521	-0.291503	-0.827296	-0.099271	0.812625	0.635203	-0.247767	0.681052	-0.575385	0.560943	0.317179	-0.645754	0.031907	-0.653925	
-0.089827	-0.763916	0.38034	0.777008	-0.64848	0.18495	-0.724921	-0.951321	0.651805	-0.17598	-0.835786	-0.462161	0.901498	0.729443	0.603641	-0.736695	0.631224	-0.818652	-0.615151	0.250107	-0.938924	0.700264	-0.246526	0.520661	-0.224572	-0.985352	-0.787383	0.191604	-0.42293	0.452204	0.325066	-0.919575	-0.49406	-0.550015	-0.731464	0.593833	0.347829	0.587497	0.567492	0.670982	-0.584278	0.645602	-0.333514	0.890092	-0.154431	0.050032	-0.477505	-0.988085	0.098919	-0.917082	
-0.718687	-0.468133	0.083393	0.438052	0.997524	0.017916	-0.621678	-0.637192	0.02188	-0.085622	0.233839	0.650886	-0.147632	-0.772051	-0.283439	0.643022	0.687905	-0.049991	0.953516	-0.144593	-0.985912	-0.067863	-0.750374	0.738497	-0.296765	0.895225	-0.532405	0.13416	-0.271263	0.97969	0.744181	0.845178	0.507665	-0.641581	-0.626755	0.824588	0.197121	-0.513563	-0.236502	-0.901655	0.634476	-0.847878	-0.468241	-0.398531	-0.624275	0.812655	0.864797	0.467023	0.457737	-0.156695	
-0.125199	-0.984425	-0.400737	0.545869	-0.482817	0.540891	0.25229	0.350482	-0.88177	-0.32026	-0.359812	0.748174	0.203738	0.930164	-0.292529	-0.066045	-0.37001	0.265057	-0.718493	0.071697	-0.824316	0.071564	0.907299	-0.024661	0.240107	-0.493203	0.182743	0.384348	-0.105597	-0.492035	-0.013945	0.83949	0.8231	-0.572841	0.065347	0.800376	0.45362	-0.846909	-0.015406	0.207062	0.463894	-0.394626	0.648857	0.783729	-0.878559	0.551189	0.872494	-0.363629	-0.76665	0.963713	
0.956356	0.670625	-0.174927	-0.155879	-0.186551	-0.268141	0.548994	0.819958	-0.773075	0.348238	0.731243	0.376923	0.080452	0.070661	-0.23184	-0.784995	0.418944	-0.809724	-0.293824	0.546365	-0.267966	-0.21744	0.272913	-0.421955	0.162394	0.288614	0.086657	-0.176883	0.558456	-0.381152	-0.405279	0.450316	-0.891127	0.725604	-0.273759	0.209029	-0.969936	0.68628	0.560612	0.809769	-0.800978	0.568396	-0.430222	0.574013	0.283165	-0.62431	0.439134	-0.125146	0.072857	0.91906	
-0.111902	0.480435	-0.670184	0.785714	-0.622037	0.808627	0.157403	-0.061316	0.237067	0.170451	-0.872342	0.485025	-0.558666	0.684489	-0.79659	0.154087	-0.406117	-0.390448	-0.295363	-0.191899	-0.21851	-0.670643	0.43849	-0.216131	-0.867203	0.999554	-0.409039	0.670559	0.095786	0.119544	0.931989	-0.656683	0.771263	0.003446	0.516507	0.65705	-0.276139	-0.063082	0.579915	-0.187746	0.023069	0.221999	0.024421	0.122256	-0.210408	-0.996618	0.687873	-0.052439	0.490114	0.687806	
0.845498	-0.523962	-0.473739	-0.295358	-0.518133	-0.897162	0.079989	0.551234	0.054046	-0.373682	-0.372168	-0.089871	0.659863	-0.096564	-0.734698	0.554331	0.977789	0.462841	0.268983	0.848516	0.8021	0.827308	0.444695	0.508525	-0.405351	0.473569	-0.394105	0.794797	-0.628374	0.702744	0.66674	0.84971	0.669081	0.046485	0.817261	-0.533504	0.807528	0.36073	-0.200955	-0.995621	-0.103954	0.352285	-0.65478	0.93747	-0.572755	-0.779958	0.989653	-0.823163	-0.38755	-0.078927	
0.38053	-0.205945	-0.783319	-0.887538	0.860834	0.578143	0.371382	0.910048	-0.88615	-0.055782	0.750993	-0.912394	-0.098377	0.540319	-0.254013	-0.134421	0.801895	-0.079205	-0.218747	-0.031397	-0.915336	0.221541	0.531483	0.968432	0.875406	-0.687778	-0.211573	0.115488	-0.700634	0.375971	0.51936	-0.311881	0.284398	-0.681404	-0.711338	0.899737	0.505891	-0.97543	0.756062	-0.219279	-0.038507	0.025082	0.644513	0.399531	0.897403	-0.830683	-0.336268	0.441887	-0.406872	-0.621052	
-0.506906	-0.116661	-0.574494	-0.07509	0.246463	0.334678	0.072031	-0.463929	0.903956	0.726399	-0.374187	0.771958	-0.419444	0.831462	-0.665609	0.383751	-0.623867	-0.397759	0.042801	0.900067	0.180703	0.533311	0.164115	-0.969471	-0.058235	-0.263718	-0.996893	-0.362011	0.920382	-0.909395	-0.677346	-0.075541	0.532792	0.504558	0.995297	-0.273223	0.188947	0.120043	-0.158825	0.197193	-0.423985	0.028279	-0.539451	0.337401	0.257623	-0.156361	0.661585	0.333759	0.71078	0.605354	
-0.009288	0.347169	-0.690591	-0.686354	-0.565804	0.329829	-0.81451	0.711779	-0.41751	-0.85023	-0.746822	0.738259	-0.332192	0.800721	-0.346761	-0.43317	0.051514	-0.514921	-0.677562	0.054043	0.459139	-0.99146	-0.134237	-0.358534	-0.77691	0.53066	-0.946129	0.604033	-0.944613	-0.932148	0.869732	0.477574	-0.626944	-0.577441	-0.568469	-0.51562	-0.266849	0.104284	0.535435	-0.411742	0.602284	-0.435636	0.500034	-0.738817	-0.928714	-0.535923	-0.069915	0.376846	-0.7561	-0.657191	
0.540212	-0.442405	-0.243812	-0.594235	-0.625684	-0.311665	-0.697693	0.389936	0.619354	-0.730243	-0.828141	0.145844	0.987411	-0.156963	0.871663	-0.817446	-0.363449	-0.546596	-0.321687	-0.992072	-0.838163	0.404368	0.929247	0.051758	0.336697	0.104638	-0.973675	0.098639	0.524133	0.255927	-0.00271	0.62482	0.112861	0.912036	0.146466	-0.635209	0.40974	-0.745405	0.721745	-0.981431	-0.209315	0.06725	-0.786454	-0.715699	0.92801	-0.581106	-0.447885	0.847791	-0.02566	-0.564034	
-0.843552	0.597077	0.93597	0.775795	0.817066	0.307624	-0.493322	0.449489	-0.0238	-0.633772	-0.824313	0.064861	-0.990911	-0.019143	0.282124	-0.234631	0.047049	-0.240522	0.341959	-0.186822	0.47301	-0.670593	0.888272	-0.746696	-0.8291	-0.50675	0.678136	0.35754	-0.314108	0.893033	-0.589057	-0.11695	0.255606	-0.789123	-0.047161	0.083608	-0.778535	-0.452447	0.42507	-0.480175	0.754951	-0.913498	0.918881	-0.333917	-0.700137	0.48662	-0.249774	0.783968	0.733043	-0.433605	
-0.223488	-0.733913	-0.948428	-0.292348	-0.289736	0.708395	-0.384939	0.103401	-0.884323	-0.563677	-0.900711	0.163924	-0.094266	0.116486	0.172914	0.244132	0.465229	0.083523	0.284786	-0.062458	0.882157	0.220901	-0.761521	0.888884	-0.300214	-0.971196	-0.450729	0.004113	0.328893	-0.510673	-0.829797	-0.10164	0.996739	0.074047	-0.080022	0.58511	0.552508	0.228711	0.666849	0.759909	-0.374654	-0.456269	-0.483999	-0.243713	0.853732	0.295231	0.001439	0.886056	-0.711137	0.181615	
0.090794	-0.8311	0.187523	0.118965	-0.913736	0.874736	-0.525502	-0.494911	-0.56472	-0.875686	-0.504663	-0.705373	0.804846	0.884184	-0.270907	-0.224608	-0.25605	0.94771	0.281121	-0.272054	0.760195	-0.7556	0.53806	-0.063574	-0.671245	-0.379684	0.572337	0.840581	0.056892	-0.146819	0.475006	0.129817	-0.314685	-0.51245	0.441953	-0.704016	-0.931642	0.754328	0.015349	-0.032981	-0.222978	-0.791018	0.929846	0.7054	0.719534	0.084928	-0.028767	0.984225	0.598894	-0.933921	
-0.48473	-0.457474	0.089135	0.806503	0.799955	0.471699	-0.999008	-0.686324	-0.510554	0.717486	0.505436	-0.8627	0.630559	-0.751551	0.495056	0.259991	0.962403	0.254594	0.833004	0.843672	-0.69038	0.798893	-0.421841	0.591826	-0.777326	0.42393	0.252345	0.19083	-0.010723	-0.078379	-0.814107	0.55952	0.360455	-0.462313	-0.892958	-0.086696	-0.540413	0.409172	-0.807052	0.385686	-0.307087	0.370592	0.288168	-0.607506	0.848595	-0.708257	-0.590743	0.851588	-0.958403	-0.637109	
-0.391666	-0.843556	-0.127228	-0.389282	-0.10309	0.745408	-0.28399	-0.679055	-0.388298	0.257179	-0.805913	0.34847	-0.881133	-0.033996	0.110384	-0.169879	0.793195	0.725296	-0.713217	-0.391126	-0.477861	-0.201478	-0.650526	0.413575	0.326628	0.908233	0.31099	-0.602297	-0.837087	0.530048	0.958212	-0.402675	0.5758	0.696596	-0.849938	0.025449	0.828905	-0.938892	-0.057913	0.78422	-0.133837	-0.319022	-0.847122	0.078836	-0.078519	-0.809053	-0.375786	0.896069	-0.228659	0.15988	
-0.010427	-0.150026	0.514226	-0.679442	0.678948	-0.672727	-0.469098	-0.06548	-0.478732	-0.1377	-0.412271	0.814773	0.660543	0.016141	-0.599652	-0.49689	-0.776185	0.175146	0.57794	0.916421	0.392965	-0.28419	0.943959	-0.296627	0.910852	-0.914604	-0.522278	0.175747	-0.326681	0.812836	-0.761535	-0.63638	0.300244	0.489072	-0.539738	0.402085	-0.070793	-0.931593	0.016373	0.34991	-0.180281	-0.188468	-0.188186	-0.23968	-0.594202	0.671134	-0.381364	0.458644	-0.304191	0.10276	
0.035573	0.028916	0.030448	0.021285	0.037537	0.023028	0.029555	0.020369	0.037642	0.014282	0.000303	0.001502	0.031966	0.037517	0.037608	0.004072	0.024775	0.027124	0.009314	0.005617	0.027101	0.033767	0.026633	0.025041	0.027637	0.00639	0.013407	0.022592	0.019294	0.007526	0.036967	0.024184	0.015281	0.007598	0.02947	0.005848	0.033495	0.002573	0.037311	0.004888	0.009526	0.016716	0.02415	0.024295	0.000869	0.013115	0.009112	0.030343	0.001392	0.005046	
0.022489	0.00101	0.025946	0.003186	0.035018	0.014787	0.037413	0.035343	0.010968	0.01664	0.033978	0.047555	0.012108	0.014317	0.005794	0.047008	0.001624	0.033884	0.001416	0.021704	0.020283	0.029324	0.016948	0.004786	0.025971	0.001797	0.00771	0.002238	0.006507	0.039563	0.026238	0.020713	0.013599	0.014078	0.030618	0.030958	0.001332	0.03237	0.03038	0.011476	0.00513	0.025081	0.005048	0.018662	0.035929	0.039744	0.022357	0.02093	0.02319	0.014852	
0.004382	0.031129	0.022003	0.010871	0.042807	0.019485	0.026141	0.009469	0.012167	0.035959	0.043925	0.028817	0.014342	0.002586	0.001035	0.022435	0.014062	0.004816	0.018405	0.013738	0.018727	0.024411	0.042623	0.041279	0.023301	0.031787	0.008412	0.041963	0.023913	0.003974	0.020647	0.006975	0.038038	0.030234	0.005939	0.004826	0.00927	0.007843	0.001514	0.003476	0.00379	0.040659	0.012825	0.007514	0.02006	0.029106	0.022996	0.031655	0.037648	0.026021	
0.0033	0.033122	0.011972	0.01254	0.028766	0.025015	0.009171	0.026415	0.018551	0.023359	0.006959	0.011178	0.014977	0.018791	0.020539	0.023362	0.025093	0.01535	0.008883	0.011261	0.002926	0.022531	0.029899	0.023984	0.01276	0.009948	0.027041	0.031674	0.020228	0.032159	0.029502	0.013677	0.006031	0.027052	0.029272	0.018386	0.024698	0.014977	0.02564	0.015598	0.019097	0.030104	0.019856	0.037075	0.014547	0.027855	0.022131	0.01997	0.021179	0.021599	
0.014966	0.019679	0.030008	0.006	0.03014	0.011085	0.016569	0.005914	0.006138	0.033994	0.02956	0.023238	0.000999	0.02813	0.028702	0.011151	0.002936	0.039661	0.043136	0.04024	0.028712	0.019801	0.018818	0.004046	0.036956	0.04231	0.030104	0.006725	0.006037	0.005682	0.008164	0.041326	0.01554	0.019915	0.008447	0.012403	0.004578	0.024529	0.001701	0.011002	0.00267	0.043177	0.03015	0.021532	0.011884	0.023091	0.000188	0.025889	0.03305	0.039327	
0.029043	0.035439	0.026753	0.030007	0.003616	0.017483	0.030297	0.008128	0.001675	0.011984	0.033435	0.010308	0.009948	0.038919	0.01993	0.009042	0.000116	0.011766	0.02213	0.009308	0.033379	0.027824	0.012118	0.036174	0.007254	0.0396	0.019524	0.025658	0.036774	0.030516	0.004996	0.005012	0.013208	0.024887	0.037985	0.006398	0.030783	0.030621	0.005041	0.014762	0.036502	0.01019	0.03662	0.023978	0.014412	0.013319	0.015966	0.036381	0.007831	0.00296	
0.002025	0.004704	0.003087	0.037555	0.033178	0.029363	0.000723	0.016073	0.040502	0.019458	0.013666	0.037605	0.028205	0.008182	0.027394	0.020296	0.024958	0.011875	0.015114	0.036758	0.02708	0.014198	0.031452	0.017493	0.02692	0.027062	0.017348	0.03937	0.024826	0.002923	0.016552	0.013806	0.018602	0.002656	0.022125	0.015652	0.022129	0.028829	0.026936	0.037079	0.022333	0.035478	0.023571	0.022672	0.005668	0.002137	0.013513	0.01892	1.9e-05	0.01193	
0.000425	0.013044	0.024034	0.001626	0.034991	0.026319	0.036872	0.004095	0.01871	0.025195	0.030392	0.00444	0.020666	0.000661	0.017633	0.038132	0.017243	0.009112	0.027098	0.007323	0.030458	0.020572	0.03113	0.025567	0.016429	0.02392	0.038772	0.005739	0.026766	0.005821	0.026467	0.00256	0.03176	0.035571	0.003446	0.008815	0.010186	0.011843	0.031564	0.03861	0.027304	0.022009	0.024126	0.022084	0.007423	0.038777	0.002776	0.008533	0.033466	0.029495	
0.010781	0.016122	0.011754	0.027181	0.00027	0.032964	0.005049	0.0207	0.020726	0.023222	0.015308	0.021094	0.028993	0.033889	0.002346	0.015405	0.006539	0.013419	0.023531	0.036504	0.026925	0.012072	0.036444	0.005205	0.027244	0.033775	0.019302	0.003548	0.007609	0.028739	0.032995	0.031359	0.022787	0.036553	0.031291	0.019797	0.018121	0.020563	0.025492	0.002187	0.009954	0.032925	0.004043	0.019317	0.008526	0.025872	0.016157	0.023527	0.024377	0.027497	
0.034652	0.009224	0.017946	0.033613	0.001731	0.025563	0.027952	0.005119	0.018482	0.016248	0.020151	0.006693	0.029825	0.03025	0.011286	0.033775	0.003824	0.021561	0.018983	0.008077	0.010825	0.013469	0.023944	0.023153	0.022695	0.032792	0.008407	0.034607	0.022567	0.024839	0.020453	0.032363	0.03017	0.034912	0.034718	0.014264	0.00504	0.034791	0.013875	0.001935	0.0117	0.026344	0.028431	0.030283	0.001883	0.001132	0.023201	0.014672	0.022151	0.025429	
0.005532	0.015363	0.028401	0.047258	0.017659	0.012592	0.012656	0.039497	0.005918	0.028491	0.024431	0.013195	0.025599	0.013432	0.046865	0.018336	0.044697	0.037428	0.019438	0.005946	0.011059	0.019904	0.001945	0.04112	0.00402	0.013453	0.018115	0.009579	0.016155	0.038612	0.034918	0.012304	0.000287	0.021626	0.002154	0.002629	0.040596	0.030452	0.009178	0.028569	0.013169	0.00507	0.027725	0.003734	0.024027	0.01548	0.033301	0.03027	0.003987	0.023828	
0.0218	0.003879	0.011006	0.002761	0.034718	0.029456	0.037425	0.029795	0.035718	0.02777	0.002855	0.025872	7.4e-05	0.014794	0.034155	0.00025	0.024749	0.028073	0.02906	0.01228	0.030887	0.034209	0.003183	0.005161	0.012876	0.034872	0.006858	0.037402	0.012566	0.017941	0.014154	0.017107	0.027358	0.001168	0.033443	0.016561	0.002055	0.020569	0.037989	0.037368	0.019699	0.037965	0.022835	0.031788	0.015305	0.017702	0.006859	0.025798	0.003636	0.008196	
0.031509	0.018904	0.011462	0.03571	0.006779	0.013595	0.02347	0.019962	0.012645	0.029291	0.03003	0.00628	0.024378	0.024452	0.008528	0.033678	0.033639	0.027829	0.014994	0.028938	0.013142	0.035137	0.024931	0.004834	0.016962	0.001287	0.030003	0.004938	0.001686	0.0042	0.029196	0.018255	0.016497	0.007509	0.033683	0.006104	0.038799	0.004173	0.011304	0.034093	0.024819	0.02294	0.036887	0.012664	0.019948	0.0363	0.013076	0.004259	0.037569	0.018732	
0.005466	0.033442	0.032326	0.030183	0.024464	0.022285	0.019218	0.035008	0.012273	0.014869	0.011583	0.018716	0.021091	0.026371	0.012992	0.032645	0.017969	0.013112	0.017712	0.012614	0.01356	0.037511	0.003172	0.019608	0.035959	0.010254	0.005346	0.027775	0.013829	0.032761	0.022874	0.009136	0.034968	0.030549	0.014003	0.030299	0.023868	0.03528	0.001584	0.023049	0.012937	0.015692	0.010153	0.012957	0.030695	0.014152	0.005141	0.026305	0.030486	0.001758	
0.03187	0.025781	0.033515	0.032698	0.042376	0.015182	0.007996	0.021605	0.01422	0.03341	0.006015	0.034471	0.027402	0.013172	0.007308	0.024228	0.029192	0.027093	0.004858	0.010613	0.003241	0.013277	0.03636	0.038614	0.025912	0.005878	0.01748	0.014589	0.022202	0.006051	0.008107	0.02168	0.027871	0.02509	0.007779	0.014554	0.038844	0.002022	0.018189	0.019262	0.009737	0.0085	0.002856	0.031055	0.012444	0.015167	0.031076	0.042573	0.02534	0.011245	
0.034201	0.032329	0.038343	0.039557	0.007715	0.030449	0.032072	0.030662	0.03185	0.010677	0.008882	0.013647	0.004425	0.030108	0.029156	0.040399	0.004961	0.042233	0.005394	0.000228	0.008028	0.004248	0.005771	0.019706	8.2e-05	0.004545	0.022686	0.00517	0.008987	0.024705	0.03459	0.012531	0.009302	0.035349	0.001095	0.03198	0.013166	0.036795	0.001423	0.024307	0.028429	0.002653	0.02198	0.041617	0.035484	0.000317	0.022883	0.031073	0.036139	0.007671	
0.00999	0.032385	0.010495	0.008951	0.035793	0.01069	0.000559	0.009172	0.031147	0.012428	0.010424	0.040812	0.000858	0.038098	0.027049	0.002838	0.033607	0.003137	0.015793	0.015404	0.029699	0.000435	0.039355	0.030845	0.022229	0.005209	0.029344	0.018344	0.03999	0.028229	0.033102	0.029946	0.035362	0.035006	0.004835	0.007316	0.034026	0.00883	0.013975	0.026129	0.013693	0.013769	0.029777	0.023857	0.013564	0.004096	0.033833	0.020924	0.011165	0.013486	
0.021554	0.031635	0.02746	0.020129	0.029128	0.012891	0.005986	0.029936	0.023717	0.028255	0.020844	0.017992	0.009571	0.016036	0.02268	0.018405	0.008547	0.011347	0.015248	0.030792	0.013018	0.005585	0.025635	0.008415	0.024363	0.021509	0.017008	0.012373	0.026378	0.022295	0.009197	0.028241	0.029889	0.024848	0.003868	0.026558	0.029283	0.002593	0.030005	0.02377	0.025192	0.021618	0.024673	0.029409	0.02702	0.009304	0.019586	0.019842	0.031573	0.004799	
0.034512	0.023214	0.028214	0.021167	0.000307	0.034768	0.016861	0.021039	0.03313	0.015841	0.018826	0.000967	0.023642	0.028474	0.035697	0.01631	0.033947	0.00343	0.01269	0.009954	0.035948	0.040587	0.001124	0.031594	0.033666	0.00729	0.012079	0.016976	0.011699	0.038237	0.028044	0.025861	0.02548	0.015324	0.021286	0.020101	0.000423	0.024587	0.011601	0.002016	0.010296	0.0288	0.01608	0.025022	0.003184	0.018297	0.040735	0.001824	0.010324	0.028525	
0.008556	0.03425	0.013917	0.024794	0.000131	0.035563	0.010859	0.024886	0.021528	0.015302	0.019545	0.010793	0.019069	0.028207	0.033491	0.034173	0.02447	0.010846	0.007689	0.017961	0.024651	0.012594	0.012822	0.019669	0.007567	0.023291	0.030443	0.008708	0.001441	0.035978	0.010114	0.024651	0.029145	0.031911	0.036594	0.032779	0.033018	0.026194	0.025466	0.030291	0.001808	0.003084	0.006056	0.019916	0.021717	0.006859	0.004685	0.033236	0.02695	0.022332	
0.00667	0.019514	0.035465	0.00796	0.006838	0.026887	0.031386	0.024405	0.024205	0.009711	0.033165	0.023696	0.02913	0.010633	0.017892	0.034432	0.019184	0.006773	0.012346	0.013303	0.02598	0.026084	0.021821	0.010651	0.005949	0.02622	0.011668	0.024949	0.021074	0.015114	0.018621	0.014257	0.031163	0.024546	0.013396	0.017227	0.017763	0.015165	0.026971	0.027697	0.026319	0.017143	0.031478	0.024595	0.024005	0.032005	0.014334	4.5e-05	0.008185	0.03198	
0.032193	0.035016	0.024107	0.024378	0.026075	0.027893	0.018505	0.018623	0.010594	0.018273	0.017031	0.019821	0.020541	0.007954	0.004002	0.036518	0.028456	0.005096	0.033208	0.006951	0.007103	0.032108	0.014094	6.2e-05	0.002705	0.031388	0.01678	0.004956	0.031091	0.000701	0.036118	0.017548	0.006209	0.031455	0.001234	0.038229	0.001519	0.031744	0.006253	0.020393	0.010357	0.037679	0.030804	0.027147	0.020175	0.035859	0.02805	0.016296	0.035509	0.011199	
0.001383	0.011984	0.023785	0.014588	0.002584	0.018356	0.022594	0.031837	0.001926	0.030865	0.031709	0.038319	0.009762	0.013909	0.037911	0.033318	0.026816	0.022256	0.033105	0.019458	0.003109	0.025357	0.014609	0.015333	0.013612	0.020455	0.000807	0.036044	0.035697	0.023491	0.018099	0.028893	0.005422	0.01373	0.000332	0.032859	0.034796	0.003184	0.034487	0.020173	0.003805	0.015263	0.035774	0.020909	0.016833	0.010946	0.001069	0.033267	0.017892	0.037288	
0.037307	0.006682	0.002691	0.027435	0.009561	0.019433	0.033769	0.025122	0.008328	0.013964	0.014362	0.035567	0.008212	0.034616	0.022312	0.001583	0.015866	0.032494	0.024088	0.013532	0.034476	0.032447	0.011788	0.019998	0.024905	0.036682	0.02911	0.026123	0.031195	0.0116	0.031315	0.01503	0.006607	0.004807	0.019809	0.014897	0.017893	0.024199	0.025392	0.004652	0.015121	0.000195	0.006418	0.034864	0.03102	0.023848	0.033419	0.001897	0.021074	0.022295	
0.026761	0.024016	0.037785	0.024593	0.020875	0.009903	0.003546	0.014013	0.024183	0.014583	0.036914	0.005706	0.039129	0.010187	0.002828	0.03268	0.035655	0.022275	0.012207	0.004725	0.027964	0.004803	0.001934	0.02524	0.00707	0.03036	0.019632	0.0285	0.014516	0.014609	0.038378	0.026035	0.00088	0.015196	0.034404	0.021926	0.010275	0.007672	0.015895	0.017115	0.00333	0.038153	0.032856	0.01634	0.001714	0.040037	0.025531	0.030443	0.016416	0.030212	
0.009307	0.025047	0.018637	0.025485	0.035642	0.028853	0.01684	0.036063	0.003291	0.026151	0.020606	0.027793	0.020176	0.026984	0.031092	0.005267	0.010145	0.029618	0.032269	0.000577	0.031544	0.009995	0.006871	0.021617	0.029231	0.030178	0.018123	0.019148	0.034629	0.00058	0.018336	0.007653	0.001457	0.021648	0.001538	0.034318	0.01876	0.009658	0.034034	0.00558	0.003963	0.014957	0.030323	0.029886	0.029544	0.02687	0.029866	0.030712	0.018593	0.000545	
0.024793	0.035236	0.03817	0.037736	0.031324	0.005178	0.023892	0.027112	0.035954	0.031954	0.002049	0.035657	0.003135	0.030646	0.02524	0.038618	0.005104	0.032679	0.015185	0.01233	0.033705	0.009943	0.00683	0.011426	0.030984	0.007789	0.01231	0.029141	0.038379	0.00538	0.001227	0.0196	0.003154	0.001372	0.029825	0.018203	0.013503	0.017378	0.001461	0.005684	0.018813	0.025856	0.018659	0.002723	0.022102	0.033394	0.037838	0.004252	0.025246	0.021831	
0.040481	0.018515	0.032217	0.013754	0.003215	0.010827	0.014449	0.016281	0.031947	0.03531	0.025381	0.023666	0.011596	0.023164	0.004833	0.022727	0.017247	0.012694	0.030299	0.029659	0.038502	0.014592	0.027903	0.032873	0.00118	0.030806	0.009396	0.031812	0.005325	0.017404	0.02008	0.025601	0.002857	0.011504	0.03114	0.015465	0.019159	0.005416	0.003967	0.004359	0.003343	0.017564	0.017932	0.040137	0.006179	0.033181	0.021945	0.037331	0.015652	0.039133	
0.02896	0.009306	0.002032	0.033246	0.001498	0.038659	0.007572	0.021658	0.019399	0.015217	0.038822	0.017683	0.013234	0.037573	0.038225	0.003435	0.017848	0.015771	0.024288	0.031981	0.023229	0.005373	0.000411	0.010365	0.009777	0.011279	0.010216	0.027124	0.028584	0.009767	0.006323	0.02318	0.026689	0.018392	0.03836	0.006315	0.033068	0.014433	0.016459	0.005308	0.013199	0.035023	0.031081	0.026429	0.029559	0.017769	0.03324	0.023637	0.030181	0.018823	
0.012823	0.036866	0.011244	0.039076	0.016427	0.02807	0.006354	0.036162	0.023222	0.020036	0.039794	0.011622	0.039269	0.020333	0.026774	0.020457	0.022647	0.032402	0.025666	0.012017	0.043275	0.018673	0.033748	0.006271	0.013737	0.003695	0.008117	0.01389	0.002855	0.035856	0.008743	0.003032	0.018308	0.020251	0.020276	0.002047	0.007289	0.012972	0.028783	0.030115	0.008742	0.025825	0.004839	0.021826	0.02271	0.008934	0.025637	0.027774	0.027555	0.012964	
0.006972	0.021441	0.032119	0.008084	0.002277	0.032086	0.003295	0.033044	0.033976	0.032459	0.021024	0.004089	0.004414	0.023576	0.013667	0.028535	0.018566	0.024074	0.027245	0.011627	0.021483	0.025058	0.032742	0.023928	0.032248	0.025013	0.01282	0.018006	0.02672	0.010989	0.029779	0.01306	0.02696	0.002303	0.004128	0.029562	0.027753	0.033709	0.009585	0.029775	0.012106	0.000791	0.0337	0.020251	0.00562	0.025515	0.01457	0.025117	0.017371	0.026768	
0.024237	0.029764	0.020951	0.00444	0.008151	0.012267	0.008652	0.013603	0.004059	0.023283	0.027993	0.012761	0.036285	0.020904	0.010649	0.031121	0.005855	0.035202	0.030828	0.037693	0.008521	0.023838	0.024192	0.037801	0.002219	0.022259	0.016307	0.022457	0.021107	0.034673	0.004618	0.005474	0.034188	0.015977	0.022674	0.008742	0.036776	0.034563	0.031448	0.029582	0.026579	0.019535	0.034797	0.032819	0.032821	0.001133	0.005358	0.004409	0.002666	0.003769	
0.029771	0.021919	0.033483	0.034083	0.015819	0.033669	0.015448	0.007665	0.033114	0.003542	0.009154	0.030409	0.018679	0.015983	0.036569	0.009428	0.024351	0.003813	0.031154	0.00727	4.2e-05	0.010997	0.02527	0.016415	0.000203	0.00081	0.038756	0.013185	0.01409	0.016425	0.0379	0.037207	0.012775	0.011821	0.003348	0.008841	0.002906	0.039339	0.032114	0.026572	0.00179	0.030898	0.010147	0.023187	0.012785	0.037624	0.031311	0.036288	0.014377	0.037254	
0.008961	0.010933	0.014245	0.03343	0.02731	0.012486	0.041303	0.036084	0.012565	0.005541	0.031249	0.013296	0.008556	0.014316	0.026551	0.02977	0.021429	0.036233	0.010359	0.021114	0.021645	0.017358	0.04025	0.032188	0.042284	0.013878	0.016978	0.020811	0.033709	0.003684	0.004935	0.009875	0.017931	0.018583	0.039802	0.037098	0.007556	0.012105	0.021498	0.001104	0.024309	0.039207	0.022371	0.004259	0.001606	0.019729	0.021795	0.017315	0.012961	0.007445	
0.009177	0.022461	0.043233	0.01355	0.01296	0.006238	0.035039	0.012611	0.001083	0.006534	0.008959	0.00813	0.011018	0.006695	0.029669	0.015796	0.004052	0.003511	0.035813	0.021265	0.030383	0.038866	0.022397	0.023568	0.009073	0.039653	0.028025	0.022519	0.043001	0.033474	0.002782	0.020948	0.035022	0.026177	0.024416	0.004605	0.018706	0.003411	0.021297	0.010628	0.029094	0.041026	0.011089	0.025962	0.031207	0.001476	0.006992	0.043802	0.016007	0.0266	
0.029111	0.017902	0.014606	0.009152	0.015009	0.000212	0.019075	0.002782	0.038119	0.011158	0.019496	0.007027	0.039472	0.038203	0.016353	0.031341	0.005328	0.024503	0.021137	0.003604	0.034751	0.016973	0.024653	0.021068	0.007573	0.025788	0.00761	0.033937	0.031635	0.000934	0.041666	0.01388	0.005888	0.022387	0.000901	0.017701	0.009871	0.035999	0.012997	0.018111	0.007499	0.040791	0.008989	0.012895	0.023704	0.026116	0.036867	0.027641	0.038712	0.028873	
0.00658	0.039373	0.005381	0.042524	0.012348	0.003151	0.032648	0.015021	0.040587	0.02943	0.016545	0.002509	0.024361	0.011193	0.018166	0.037258	0.000925	0.036509	0.01173	0.029771	0.000332	0.031319	0.013468	0.033193	0.031825	0.026555	0.035035	0.015882	0.04125	0.013372	0.032344	0.007344	0.040228	0.019659	0.040111	0.010122	0.010823	0.002077	0.020852	0.012445	0.008627	0.006675	0.007682	0.016329	0.017268	0.011143	0.000537	0.035277	0.020479	0.021737	
0.000125	0.034406	0.007898	0.031966	0.02809	0.0121	0.025207	0.030944	0.031778	0.020767	0.003765	0.012657	0.03171	0.03388	0.032018	0.001069	0.004123	0.022264	0.002463	0.023782	0.02769	0.031652	0.012629	0.023237	0.013253	0.032554	0.036447	0.035262	0.026952	0.01857	0.024433	0.017466	0.031256	0.015825	0.032333	0.022832	0.010377	0.005901	0.020278	0.003565	0.029688	0.022666	0.003239	0.031116	0.007703	0.001951	0.019783	0.036174	0.001506	0.01265	
0.004211	0.000748	0.027486	0.036496	0.032847	0.031918	0.011509	0.031738	0.005011	0.022086	0.018486	0.013577	0.037685	0.008513	0.00084	0.005238	0.029955	0.018944	0.005035	0.016212	0.022385	0.000209	0.015215	0.006719	0.033396	0.030941	0.000263	0.020204	0.010527	0.004263	0.033399	0.012377	0.012263	0.034185	0.015395	0.034071	0.014075	0.012002	0.037867	0.03252	0.036419	0.025644	0.029892	0.015032	0.033232	0.017354	0.026343	0.03745	0.017076	0.020747	
0.026245	0.02356	0.005813	0.026484	0.036122	0.018877	0.025835	0.004023	0.013108	0.026246	0.030738	0.040026	0.001231	0.003535	0.002132	0.009225	0.004897	0.020636	0.039817	0.03657	0.001306	0.038327	0.03775	0.013438	0.024042	0.010911	0.012026	0.035547	0.032402	0.024032	0.016818	0.02174	0.027568	0.022942	0.013341	0.016842	0.008469	0.014415	0.025499	0.006102	0.020573	0.020002	0.014508	0.029211	0.008317	0.007366	0.025495	0.039966	0.033476	0.002449	
0.011223	0.009269	0.02435	0.026286	0.017908	0.039828	0.035641	0.003166	0.034506	0.03545	0.016716	0.013959	0.016528	0.003101	0.004667	0.040446	0.011155	0.017045	0.011164	0.016058	0.036216	0.01792	0.026655	0.002596	0.011916	0.039304	0.002693	0.014164	0.032199	0.026642	0.013537	0.011623	0.022253	0.000639	0.030968	0.021711	0.019893	0.001893	0.030832	0.005019	0.035472	0.024066	0.036318	0.037854	0.036006	0.014627	0.004005	6.8e-05	0.019802	0.034643	
0.035175	0.018806	0.010272	0.008127	0.02213	0.039159	0.016363	0.001653	0.006599	0.041641	0.019693	0.018175	0.036068	0.010012	0.006118	0.00886	0.010641	0.013551	0.00036	0.035022	0.017543	0.030196	0.033644	0.041607	0.001542	0.019473	0.013944	0.019806	0.04131	0.026519	0.00352	0.013486	0.014942	0.002825	0.04192	0.000634	0.030801	0.029603	0.001729	0.003044	0.029595	0.019667	0.035505	0.01312	0.018307	0.013639	0.034718	0.03987	0.016485	0.032581	
0.023524	0.035185	0.021553	0.021439	0.000869	0.024068	0.004025	0.017512	0.01394	0.014808	0.032736	0.029583	0.031291	0.005084	0.019962	0.011913	0.007037	0.037148	0.023992	0.039799	0.005833	0.000205	0.021649	0.006544	0.026574	0.022184	0.00413	0.034159	0.034207	0.003818	0.004104	0.039284	0.033425	0.038713	0.036108	0.029855	0.031499	0.0318	0.025422	0.011011	0.018647	0.012759	0.003145	0.013738	0.01679	0.008033	0.000698	0.006749	0.035618	0.027831	
0.008884	0.022892	0.000943	0.007402	0.019583	0.01886	0.036159	0.019961	0.012231	0.023792	0.005967	0.011592	0.035698	0.019599	0.019188	0.013577	0.022092	0.027174	0.017466	0.029271	0.035786	0.033839	0.00873	0.035292	0.026366	0.025631	0.030588	0.02706	0.007508	0.021188	0.008296	0.036214	0.015574	0.011185	0.021788	0.032365	0.008437	0.026812	0.005203	0.010485	0.010086	0.012517	0.000774	0.018866	0.007013	0.012638	0.03486	0.033133	0.035456	0.033979	
0.014974	0.007592	0.0385	0.004915	0.025674	0.004718	0.033038	0.025771	0.001371	0.007128	0.010872	0.024387	0.012711	0.010199	0.00294	0.003332	0.018696	0.007456	0.028829	0.00785	0.021701	0.023467	0.011642	0.029591	0.014981	0.030616	0.035432	0.039038	0.035164	0.037681	0.031182	0.006032	0.015611	0.005963	0.020414	0.005937	0.025674	0.0057	0.000202	0.039039	0.029866	0.037782	0.008486	0.037528	0.038296	0.030491	0.013816	0.035604	0.012806	0.029305	
0.032831	0.002357	0.005807	0.020964	0.026922	0.02838	0.025616	0.014122	0.031226	0.013404	0.024386	0.028764	0.027391	0.015565	0.016236	0.028724	0.022358	0.034404	0.029018	0.020038	0.030999	0.010828	0.007084	0.000531	0.006833	0.01525	0.004492	0.019755	0.03255	0.007932	0.006507	0.004827	0.015796	0.009044	0.03307	0.034615	0.01495	0.032703	0.029929	0.032247	0.03119	0.02769	0.014838	0.020716	0.008226	0.001949	0.021614	0.024453	0.017009	0.03386	
0.01388	0.023481	0.027295	0.034653	0.026704	0.013088	0.024017	0.031947	0.024974	0.013865	0.027667	0.004197	0.00315	0.035863	0.00243	0.035841	0.029121	0.003941	0.007131	0.035721	0.028295	0.035001	0.002097	0.033546	0.019184	0.020414	0.003051	0.017239	0.017785	0.033588	0.009818	0.004585	0.024624	0.024951	0.032094	0.019645	0.006001	0.034123	0.007024	0.027205	0.036426	0.033374	0.022604	0.022732	0.001023	0.010104	0.021851	0.003929	0.018007	0.010714	
0.004039	0.006256	0.030936	0.033853	0.032022	0.031215	0.017577	0.01724	0.027194	0.027784	0.012869	0.025017	0.011444	0.023317	0.009624	0.032735	0.023214	0.007416	0.029271	0.031111	0.023898	0.029504	0.003371	0.027427	0.027329	0.011402	0.013762	0.022507	0.01229	0.016376	0.025393	0.011287	0.026997	0.020521	0.032504	0.002336	0.030167	0.01495	0.020045	0.031655	0.033146	0.000352	0.017486	0.029951	0.000117	0.000511	0.030109	0.004623	0.015083	0.030767	
0.004433	0.011196	0.029393	0.025651	0.042355	0.003026	0.023033	0.018183	0.002404	0.043769	0.031369	0.041909	0.0022	0.018385	0.028317	0.013043	0.004523	0.012741	0.036778	0.018224	0.036774	0.011299	0.018183	0.001357	0.003072	0.000718	0.014943	0.012722	0.03075	0.01209	0.004863	0.033283	0.015956	0.040006	0.026891	0.043325	0.011958	0.00784	0.003746	0.026732	0.027012	0.006848	0.003729	0.038719	0.037713	0.028753	0.030953	0.00728	0.037517	0.014036	
0.027354	0.019741	0.016372	0.03504	0.03312	0.024577	0.000364	0.034115	0.032954	0.00983	0.033749	0.029334	0.013354	0.018597	0.01621	0.001165	0.024218	0.031341	0.003819	0.005517	0.020263	0.031884	0.005063	0.032058	0.010262	0.021536	0.033285	0.032447	0.024907	0.027267	0.021771	0.013495	0.009213	0.034407	0.001441	0.024724	0.021863	0.016489	0.021412	0.008611	0.016741	0.031418	0.034778	0.032127	0.004931	0.010881	0.014545	0.000201	0.015292	0.015917	
0.035717	0.031284	0.014843	0.013103	0.032193	0.007852	0.009855	0.013109	0.034905	0.02104	0.032773	0.004814	0.027176	0.009739	0.008141	0.006052	0.001996	0.037608	0.035464	0.009511	0.037853	0.037467	0.009164	0.001991	0.030861	0.017648	0.027572	0.037666	0.020764	0.005797	0.02849	0.002138	0.034761	0.003992	0.014483	0.009022	0.007522	0.038304	0.017806	0.035149	0.014807	0.026112	0.018621	0.016656	0.022074	0.015026	0.030649	0.008848	0.038143	0.003439	
0.000458	0.027159	0.019846	0.018347	0.009905	0.024684	0.033961	0.005642	0.018776	0.002477	0.024053	0.021553	0.023887	0.013023	0.024057	0.031493	0.034083	0.00105	0.024487	0.010084	0.025323	0.036169	0.030705	0.017343	0.037944	0.017383	0.011501	0.031966	0.011793	0.03654	0.026659	0.008253	0.024158	0.005553	0.007649	0.004871	0.023786	0.020188	0.031204	0.037351	0.016051	0.030159	0.027979	0.001897	0.009712	0.025932	0.00614	0.000325	0.033263	0.033178	
0.028303	0.013651	0.01432	0.023592	0.016624	0.005815	0.031372	0.029054	0.00896	0.010481	0.013478	0.029964	0.021254	0.028404	0.000875	0.018602	0.013896	0.00579	0.027738	0.027091	0.028749	0.032858	0.021573	0.001127	0.0193	0.033904	0.021327	0.022459	0.03153	0.022106	0.03296	0.02142	0.010513	0.004294	0.030637	0.030776	0.003788	0.031218	0.033807	0.008066	0.001577	0.023284	0.006163	0.014182	0.033302	0.008009	0.030035	0.03248	0.012066	0.027226	
0.034044	0.03257	0.021483	0.025603	0.02064	0.017492	0.020462	0.004137	0.042741	0.015074	0.019299	0.034909	0.004667	0.040985	0.0378	0.018986	0.001101	0.029488	0.00622	0.011289	0.012386	0.013694	0.031487	0.012714	0.008756	0.009588	0.036949	0.014708	0.020626	0.038019	0.006393	0.015177	0.028547	0.019614	0.007004	0.03794	0.039672	0.011523	0.017375	0.001541	0.032514	0.003376	0.0025	0.027399	0.001023	0.018217	0.015421	0.002794	0.041008	0.033045	
0.022159	0.033073	0.018595	0.027946	0.011101	0.013951	0.000267	0.001665	0.038303	0.032127	0.012706	0.007428	0.020069	0.032047	0.026689	0.010024	0.033208	0.037283	0.018787	0.000466	0.008997	0.02316	0.011565	0.031105	0.027139	0.001166	0.009818	0.013443	0.037077	0.015789	0.034932	0.032256	0.026211	0.038155	0.004256	0.023238	0.001965	0.019725	0.015983	0.01241	0.015667	0.0228	0.037776	0.020734	0.012344	0.033829	0.007716	0.034027	0.021737	0.007086	
0.016445	0.008672	0.007159	0.031231	0.025118	0.029313	0.009809	0.030559	0.018216	0.028575	0.030332	0.020683	0.038562	0.036106	0.002929	0.022036	0.008828	0.01509	0.008068	0.034882	0.034767	0.006438	0.028635	0.022224	0.011902	0.026965	0.021641	0.016889	0.011824	0.030912	0.003027	0.014949	0.026669	0.006122	0.020929	0.030757	0.029239	0.000372	0.018613	0.01964	0.013568	0.025785	0.020535	0.02129	0.017415	0.015568	0.035601	0.007124	0.00215	0.035837	
0.025895	0.03338	0.009908	0.020091	0.02862	0.013	0.016185	0.014938	0.025486	0.010006	0.024253	0.013733	0.031785	0.003303	0.009073	0.016457	0.013979	0.034009	0.008998	0.010529	0.01529	0.032037	0.028694	0.00936	0.023636	0.012339	0.000891	0.027696	0.019898	0.018327	0.032177	0.016489	0.008237	0.025913	0.005497	0.01639	0.023475	0.027269	0.01904	0.030987	0.028101	0.025862	0.022681	0.014086	0.017978	0.032059	0.032899	0.003854	0.034047	0.031163	
0.009195	0.013531	0.012659	0.035365	0.012631	0.032363	0.010936	0.004767	0.004739	0.006082	0.029185	0.011139	0.01231	0.001088	0.017883	0.004642	0.036659	0.005931	0.025749	0.023654	0.013391	0.026154	0.031285	0.016232	0.018764	0.006284	0.010117	0.033108	0.034968	0.00883	0.036851	0.040793	0.010458	0.019455	0.039401	0.024738	0.00547	0.040159	0.010255	0.038814	0.032821	0.018191	0.023876	0.000341	0.029074	0.028105	0.015852	0.019376	0.04095	0.015379	
0.004844	0.027378	0.021733	0.020127	0.044211	0.010287	0.024658	0.014434	0.034342	0.006824	0.007203	0.012221	0.024163	0.026451	0.014166	0.0029	0.013462	0.000607	0.012568	0.027947	0.021217	0.036338	0.005241	0.014227	0.006822	0.023258	0.030081	0.033482	0.005112	0.030231	0.008318	0.006105	0.024422	0.030952	0.032114	0.023035	0.017491	0.00734	0.002225	0.035623	0.03917	0.024556	0.02509	6e-05	0.035457	0.018857	0.027461	0.008732	0.041857	0.0346	
0.003215	0.020526	0.03412	0.005921	0.004753	0.002087	0.029404	0.027927	0.031933	0.011171	0.029783	0.007417	0.032106	0.01098	0.019817	0.020088	0.02324	0.007403	0.02977	0.029102	0.034467	0.015395	0.014179	0.010824	0.009294	0.025422	0.008121	0.032721	0.019032	0.013764	0.014065	0.027619	0.005994	0.034642	0.018488	0.02792	0.012805	0.022542	0.029027	0.020894	0.031731	0.012739	0.014474	0.027969	0.032311	0.018621	0.013976	0.026862	0.01275	0.030589	
0.018268	0.015549	0.015351	0.033466	0.006364	0.029608	0.036244	0.031698	0.03334	0.030127	0.019681	0.03015	0.017782	0.000477	0.001407	0.036982	0.001957	0.036254	0.007937	0.030537	0.024176	0.008579	0.037862	0.004165	0.020977	0.007701	0.034553	0.000229	0.01897	0.009009	0.023113	0.035922	0.023509	0.027282	0.021668	0.0132	0.034654	0.019558	0.006767	0.021828	0.023954	0.003756	0.001741	0.027044	0.006196	0.011471	0.032315	0.034655	0.024225	0.007742	
0.029479	0.017622	0.021124	0.016508	0.013662	0.018691	0.033511	0.019509	0.026112	0.013742	0.026442	0.000755	0.033612	0.028037	0.032912	0.019379	0.022557	0.030969	0.018316	0.034321	0.018715	0.028975	0.024337	0.008746	0.003895	0.029903	0.031257	0.000759	0.014364	0.029176	0.012406	0.018365	0.006221	0.004521	0.002426	0.032127	0.028034	0.02568	0.020241	0.021018	0.005351	0.030883	0.027813	0.002801	0.011338	0.014156	0.024475	0.031346	0.017932	0.015479	
0.016362	0.01512	0.019603	0.031438	0.005913	0.031972	0.009021	0.014091	0.002966	0.033143	0.018467	0.034713	0.02753	0.016535	0.030196	0.016027	0.022979	0.036739	0.03627	0.025054	0.018057	0.034294	0.029677	0.033158	0.002377	0.003727	0.017956	0.034606	0.006432	0.03163	0.008088	0.019178	0.012167	0.0267	0.000607	0.002196	0.033622	0.029776	0.002574	0.031256	0.025209	0.010549	0.036236	0.009814	0.010371	0.01787	0.014004	0.026796	0.008342	0.018592	
0.013371	0.016296	0.001732	0.00186	0.001955	0.016067	0.01571	0.019685	0.038485	0.016376	0.029407	0.01217	0.038734	0.022922	0.02116	0.026831	0.031043	0.018731	0.015339	0.01348	0.012139	0.019811	0.029825	0.010445	0.033777	0.007284	0.003368	0.003578	0.015591	0.027437	0.034803	0.032486	0.000339	0.000217	0.016152	0.014846	0.03705	0.02601	0.014997	0.019978	0.01796	0.031955	0.035875	0.032743	0.01851	0.027196	0.030514	0.028399	0.010772	0.034589	
0.041715	0.040381	0.035465	0.010712	0.025947	0.020818	0.000209	0.028966	0.027001	0.028166	0.001009	0.008085	0.031929	0.018079	0.018304	0.026367	0.031545	0.007071	0.02321	0.021814	0.011029	0.007196	0.032025	0.038774	0.014187	0.006357	0.025626	0.026009	0.016429	0.008911	0.004242	0.02	0.022414	0.021158	0.007272	0.007487	0.00989	0.034328	0.011478	0.034193	0.000424	0.017107	0.002547	0.034595	0.029255	0.030299	0.028828	0.00713	0.018302	0.025715	
0.033224	0.018486	0.006877	0.020622	0.000668	0.00357	0.005613	0.005718	0.005972	0.012892	0.016793	0.022263	0.03403	0.015228	0.00897	0.006946	0.036937	0.01595	0.036811	0.042543	0.019607	0.009783	0.031855	0.02699	0.002257	0.039123	0.026694	0.029659	0.040526	0.011776	0.024949	0.036795	0.019622	0.020921	0.000625	0.041702	0.022899	0.026011	0.024343	0.025559	0.017392	0.015908	0.036122	0.007298	0.014699	0.031625	0.009672	0.020471	0.000776	0.014228	
0.035818	0.016671	0.00186	0.019006	0.03538	0.0309	0.019045	0.009645	0.01025	0.014247	0.00812	0.034454	0.033182	0.034737	0.020208	8.3e-05	0.002672	0.039543	0.032271	0.011957	0.030396	0.025297	0.005111	0.024091	0.038424	0.008068	0.033629	0.002271	0.033343	0.01646	0.010526	0.000287	0.001245	0.001792	0.035799	0.017447	0.008016	0.026313	0.028278	0.009218	0.037702	0.036421	0.014913	0.007409	0.031126	0.022194	0.034917	0.031	0.018021	0.000237	
0.01355	0.002977	0.000215	0.006616	0.001974	0.00758	0.018499	0.02371	0.007045	0.033869	0.00048	0.029258	0.038472	0.031874	0.004532	0.033717	0.032981	0.023467	0.013614	0.019196	0.021287	0.034983	0.025205	0.032926	0.035082	0.040453	0.039478	0.016357	0.01095	0.007298	0.010168	0.014117	0.039018	0.00964	0.004349	0.03935	0.008944	0.004738	0.011074	0.015147	0.007007	0.028369	0.019513	0.016153	0.0371	0.008778	0.040813	0.025236	0.024934	0.027907	
0.016074	0.031535	0.020319	0.01657	0.025375	0.000475	0.020509	0.02727	0.031556	0.02392	0.018947	0.016809	0.010679	0.030679	0.017705	0.029534	0.012356	0.025842	0.015052	0.014194	0.023678	0.02537	0.026368	0.011855	0.025016	0.031768	0.008928	0.032323	0.01864	0.004295	0.02002	0.028389	0.031565	0.018054	0.032044	0.011752	0.002002	0.011452	0.016555	0.028234	0.004612	0.019747	0.005773	0.022631	0.031029	0.02017	0.030665	0.008513	0.026831	0.016321	
0.018889	0.010165	0.020208	0.019031	0.01971	0.003176	0.034618	0.006136	0.015653	0.035545	0.016007	0.027103	0.02615	0.015628	0.009461	0.015366	0.025728	0.027508	0.020865	0.01051	0.03273	0.023131	0.018246	0.032149	0.026273	0.026707	0.020745	0.031895	0.013885	0.028173	0.025147	0.014119	0.007389	0.006335	0.00733	0.026937	0.029128	0.014316	0.021902	0.009993	0.025736	0.014287	0.024218	0.026586	0.021389	0.026951	0.013171	0.026234	0.004827	0.022614	
0.030519	0.034541	0.023483	0.024437	0.010404	0.017533	0.023314	0.02353	0.005571	0.02773	0.033869	0.025707	0.008521	0.007636	0.004264	0.025928	0.010447	0.027963	0.010022	0.030673	0.006807	0.007063	0.011838	0.002746	0.025783	0.033011	0.023815	0.019082	0.021116	0.011811	0.033302	0.03531	0.000693	0.02858	0.019468	0.027434	0.033261	0.010704	0.033775	0.034602	0.034789	0.023833	0.028872	0.007201	0.0108	0.000864	0.011608	0.022395	0.005752	0.027593	
0.020384	0.024398	0.033835	0.035256	0.012694	0.035744	0.023441	0.003027	0.006671	0.005262	0.008166	0.031232	0.00291	0.003789	0.017405	0.01116	0.035593	0.026693	0.011153	0.019134	0.01237	0.008098	0.018121	0.008547	0.02597	0.021578	0.010993	0.03524	0.022865	0.034846	0.016432	0.02583	0.019887	0.019528	0.002332	0.014323	0.009094	0.011071	0.03548	0.023137	0.032098	0.032909	0.026511	0.024042	0.024758	0.030432	0.029234	0.017322	0.027346	0.011659	
0.034801	0.004931	0.005819	0.033723	0.016887	0.023401	0.012291	0.03301	0.022476	0.023533	0.033767	0.02758	0.019559	0.013301	0.020208	0.026133	0.029908	0.004288	0.004435	0.032289	0.004794	0.004753	0.029395	0.022449	0.008538	0.021408	0.018536	0.028026	0.031613	0.009468	0.014664	0.000222	0.006844	0.032147	0.029662	0.032571	0.033182	0.024336	0.001361	0.024411	0.004169	0.037188	0.021485	0.019041	0.01333	0.010724	0.036351	0.020476	0.011418	0.025098	
0.037919	0.038478	0.009777	0.001191	0.005486	0.002141	0.027999	0.023943	0.025713	0.029573	0.039449	0.003278	0.003625	0.029275	0.026939	0.00294	0.004306	0.034239	7.1e-05	0.036576	0.039357	0.008451	0.016839	0.040145	0.024964	0.023745	0.039063	0.006366	0.040156	0.003414	0.030796	0.01926	0.004654	0.014303	0.00486	0.003514	0.01595	0.037459	0.035361	0.007926	0.019559	0.004203	0.01661	0.015112	0.005098	0.038024	0.030613	0.003978	0.039824	0.027478	
0.036074	0.004394	0.012218	0.012612	0.026806	0.027863	0.003912	0.01809	0.011578	0.018966	0.038142	0.006593	0.020163	0.017802	0.028936	0.000757	0.026863	0.033336	0.005665	0.003967	0.013295	0.019695	0.035827	0.025741	0.038201	0.037957	0.01677	0.028775	0.019763	0.024812	0.027672	0.024933	0.004603	0.034026	0.015874	0.01465	0.03251	0.036633	0.025632	0.002338	0.019158	0.028082	0.00833	0.024737	0.005207	0.012305	0.019409	0.018338	0.024172	0.005818	
0.030589	0.029556	0.013606	0.014198	0.028432	0.008477	0.017511	0.027596	5.9e-05	0.021513	0.007934	0.031476	0.015432	0.008622	0.003526	0.015833	0.019978	0.031843	0.020594	0.0315	0.022754	0.0225	0.032434	0.034996	0.001934	0.034128	0.010565	0.01882	0.02396	0.020987	0.030805	0.004804	0.01289	0.035752	0.006733	0.015588	0.021725	0.028542	0.028567	0.026254	0.018696	0.016411	0.016299	0.03207	0.008753	0.020157	0.007334	0.020879	0.020876	0.025512	
0.022626	0.034927	0.006436	0.025871	0.035412	0.032506	0.00222	0.036827	0.021824	0.020401	0.018704	0.029763	0.008299	0.034746	0.006538	0.021418	0.009813	0.00912	0.030843	0.029282	0.015416	0.004036	0.015495	0.030418	0.027385	0.023457	0.037472	0.028523	0.025387	0.004027	0.011304	0.030619	0.001171	0.027457	0.015134	0.022087	0.028688	0.036367	0.030462	0.013137	0.001622	0.001804	0.003114	0.016898	0.007144	0.016223	0.026221	0.036289	0.018134	0.006933	
0.034008	0.041836	0.026564	0.012102	0.022879	0.009061	0.005042	0.006301	0.022031	0.034616	0.020019	0.016388	0.014131	0.010273	0.01432	0.031892	0.037548	0.030906	0.029383	0.032037	0.019509	0.01696	0.010936	0.02274	0.03005	0.045181	0.001047	0.041524	0.000202	0.043904	0.034099	0.018975	0.02963	0.000326	0.003932	0.002243	0.00696	0.007508	0.018354	0.015171	0.034219	0.016233	0.002509	0.005241	0.014264	0.027635	0.044105	0.023809	0.004775	0.006622	
0.001258	0.035357	0.012374	0.023093	0.022402	0.009541	0.036561	0.010969	0.020863	0.014338	0.021501	0.036944	0.011998	0.024345	0.024824	0.015552	0.025547	0.010516	0.013322	0.014628	0.013922	0.001137	0.037634	0.008807	0.036172	0.002965	0.004495	0.026796	0.019452	0.014573	0.004231	0.00911	0.010852	0.028013	0.033809	0.023382	0.030917	0.030816	0.01886	0.0161	0.026668	0.037302	0.032623	0.00047	0.023989	0.019398	0.037656	0.037536	0.003785	0.022597	
0.000799	0.015084	0.000717	0.032968	0.02329	0.038139	0.029983	0.019199	0.038517	0.032484	0.030835	0.022478	0.012462	0.031089	0.015959	0.035234	0.013566	0.00997	0.026231	0.00537	0.011183	0.037023	0.013977	0.016059	0.009457	0.020225	0.003206	0.024937	0.028336	0.030124	0.024704	0.037661	0.009968	0.022169	0.013499	0.023038	0.02967	0.0273	0.001382	0.003426	0.036141	0.021136	0.007534	0.00082	0.036129	0.011315	0.01459	0.00841	0.011966	0.030241	
0.023246	0.012175	0.017465	0.033439	0.008386	0.01545	0.015495	0.009186	0.019882	0.000565	0.027071	0.039176	0.039127	0.010237	0.011162	0.000131	0.018424	0.011189	0.00491	0.029757	0.02756	0.004977	0.016188	0.028741	0.029782	0.033502	0.038108	0.034617	0.027198	0.011297	0.016165	0.010612	0.015694	0.016041	0.037066	0.02485	0.006186	0.017996	0.025991	0.027299	0.011961	0.009429	0.016138	0.001862	0.015389	0.036293	0.036632	0.033513	0.028471	0.013969	
0.012357	0.038231	0.026706	0.000338	0.021029	0.03927	0.004606	0.028116	0.012018	0.013886	0.000633	0.012452	0.016981	0.033467	0.00496	0.023007	0.030581	0.024187	0.00204	0.016892	0.031128	0.01042	0.020266	0.037934	0.025625	0.033562	0.018318	0.031129	0.03918	0.010071	0.009227	0.035782	0.007539	0.01836	0.021591	0.018497	0.02978	0.019598	0.004913	0.025445	0.033617	0.029795	0.002723	0.024374	0.016168	0.010405	0.03113	0.026415	0.000955	0.014296	
0.018545	0.033397	0.014379	0.022945	0.031011	0.014736	0.031075	0.0046	0.029584	0.029001	0.032275	0.015741	0.007532	0.032774	0.024456	0.020027	0.020714	0.031397	0.011753	0.014837	0.032343	0.027635	0.008337	0.009206	0.003768	0.004939	0.030254	0.00865	0.010799	0.032501	0.028161	0.006543	0.010845	0.003267	0.030419	0.001713	0.033718	0.025078	0.02638	0.025117	0.013548	0.025166	0.013757	0.020125	0.02923	0.003747	0.02959	0.008244	0.025022	0.031119	
0.018595	0.038047	0.019316	0.013022	0.00619	0.034653	0.009866	0.023046	0.015466	0.006921	0.007517	0.035587	0.000605	0.007006	0.015519	0.016961	0.027042	0.033282	0.022002	0.02945	0.034714	0.023224	0.005915	0.037042	0.019198	0.038266	0.010648	0.033805	0.012267	0.015798	0.018938	0.017439	0.033448	0.038632	0.023266	0.023744	0.007718	0.009783	0.034598	0.033153	0.005486	0.003569	0.014083	0.032877	0.032854	0.022568	0.009992	0.000707	0.024763	0.001412	
0.037549	0.012708	0.032886	0.025899	0.018432	0.032409	0.012015	0.009673	0.031704	0.005949	0.005236	0.035793	0.006524	0.035609	0.036121	0.03494	0.012623	0.037016	0.010521	0.017572	0.003021	0.03946	0.028119	0.00027	0.021922	0.024559	0.007196	0.012291	0.039584	0.006722	0.013384	0.014843	0.027237	0.004403	0.013134	0.019172	0.000668	0.037697	0.014816	0.006307	0.015994	0.027714	0.018468	0.038999	0.012847	0.01447	0.009072	0.034469	0.008379	0.033604	
0.014243	0.034834	0.037943	0.013508	0.016489	0.016198	0.033567	0.013564	0.025962	0.036515	0.029951	0.025006	0.010412	0.037485	0.032908	0.004237	0.01675	0.039332	0.011152	0.003258	0.013029	0.005297	0.001731	0.027747	0.006934	0.012381	0.016006	0.032805	0.029717	0.036419	0.00796	0.000683	0.009768	0.024138	0.039782	0.033072	0.013016	0.003399	0.012321	0.008757	0.011597	0.001988	0.004047	0.028037	0.038784	0.035008	0.011195	0.014462	0.025021	0.041585	
0.015208	0.006379	0.025121	0.00178	0.004513	0.035263	0.028737	0.018043	0.002158	0.015874	0.021906	0.034962	0.008372	0.040495	0.019166	0.03926	0.000279	0.025905	0.005921	0.007616	0.019426	0.002297	0.022581	0.030443	0.012493	0.034174	0.026515	0.033709	0.037969	0.007229	0.0059	0.021087	0.006742	0.010959	0.04007	0.011611	0.019992	0.039848	0.032886	0.000679	0.025254	0.025487	0.036665	0.026655	0.020146	0.013988	0.022383	0.024734	0.004577	0.026543	
0.004737	0.0352	0.005078	0.02906	0.023053	0.009481	0.02583	0.029228	0.021581	0.030262	0.019986	0.030224	0.02146	0.036166	0.025721	0.020111	0.008167	0.031322	0.008089	0.011668	0.026722	0.014062	0.013361	0.004967	0.029687	0.02298	0.003593	0.03577	0.007179	0.022706	0.008121	0.005361	0.034061	0.025632	0.003078	0.017811	0.029491	0.004911	0.024577	0.007521	0.002427	0.034587	0.034877	0.018255	0.022554	0.034871	0.02556	0.011912	0.031182	0.01576	
0.022397	0.017507	0.000584	0.020376	0.031276	0.026544	0.029618	0.006112	0.008858	0.031098	0.032067	0.02533	0.012042	0.033855	0.003014	0.024868	0.012	0.007864	0.03397	0.014023	0.016597	0.026596	0.022626	0.001688	0.006751	0.02733	0.031457	0.033202	0.015376	0.030601	0.015178	0.000452	0.026335	0.012095	0.022286	0.022596	0.026519	0.020627	0.010913	0.023901	0.033654	0.025952	0.019904	0.012773	0.027579	0.033676	0.004669	0.029755	0.015507	0.010002	
0.013552	0.002312	0.005582	0.034433	0.012174	0.026424	0.038112	0.030126	0.013273	0.029665	0.016856	0.034371	0.022876	0.028963	0.010955	0.00934	0.037063	0.030984	0.032562	0.029843	0.023627	0.003745	0.034227	0.001189	0.000797	0.027511	0.026067	0.025569	0.039054	0.030069	0.005452	0.021106	0.023555	0.013619	0.018734	0.006083	0.010513	0.005052	0.014484	0.01685	0.037942	0.022418	0.017627	0.023048	0.031936	0.011828	0.002561	0.037725	0.004134	0.004012	
0.022683	0.017125	0.006279	0.026554	0.023463	0.002098	0.016478	0.017963	0.037926	0.036501	0.035116	0.036003	0.039714	0.035775	0.031103	0.007559	0.02839	0.032766	0.018626	0.035429	0.018576	0.005605	0.014464	0.020612	0.012931	0.008505	0.033687	0.015709	0.011127	0.013353	0.018426	0.024632	0.011633	0.023077	0.024439	0.009384	0.024192	0.020506	0.039158	0.005323	0.002972	0.000117	0.007773	0.011945	0.008671	0.010564	0.031791	0.027886	0.029497	0.005894	
0.024483	0.007869	0.021978	0.012128	0.035233	0.024284	0.015311	0.03211	0.001434	0.027542	0.005772	0.005949	0.010743	0.020008	0.007435	0.013314	0.014295	0.010069	0.025241	0.012812	0.034884	0.005266	0.015899	0.045218	0.00385	0.0015	0.014224	0.008876	0.006945	0.03896	0.023213	0.044329	0.016834	0.04042	0.027618	0.031883	0.032454	0.025311	0.018217	0.040076	0.015878	0.001399	0.003897	0.021166	0.037147	0.02587	0.028766	0.015054	0.045117	0.001719	
0.014078	0.023905	0.027297	0.041802	0.04472	0.020089	0.002933	0.037843	0.020142	0.006939	0.014737	0.005371	0.040025	0.014855	0.019369	0.016084	0.019957	0.039579	0.015237	0.025326	0.021405	0.004224	0.027328	0.015323	0.035233	0.008005	0.014761	0.004667	0.038335	0.005298	0.016989	0.043174	0.016762	0.015415	0.033593	0.002253	0.00073	0.032082	0.004395	0.002631	0.004238	0.018724	0.020135	0.02832	0.01644	0.002859	0.027374	0.01253	0.040675	0.035814	
0.014725	0.028919	0.033003	0.028243	0.019216	0.01865	0.004043	0.026832	0.01868	0.014714	0.024325	0.029938	0.025022	0.03492	0.030254	0.024358	0.00507	0.030267	0.002935	0.019833	0.015777	0.005821	0.031514	0.015701	0.002224	0.032826	0.004129	0.009644	0.006153	0.00456	0.029006	0.033723	0.02874	0.038095	0.01917	0.034802	0.020356	0.007584	0.028015	0.007893	0.002961	0.034511	0.019761	0.011862	0.03436	0.0043	0.02711	0.009078	0.01194	0.034437	
0.02417	0.008109	0.000184	0.038565	0.041508	0.003634	0.008288	0.011559	0.009078	0.002544	0.006373	0.006718	0.02491	0.026968	0.031812	0.014515	0.021367	0.039725	0.025287	0.021301	0.00245	0.002024	0.041919	0.029974	0.024098	0.008061	0.007054	0.006161	0.031146	0.018021	0.03475	0.005596	0.031325	0.040671	0.034169	0.023089	0.030306	0.029956	0.000738	0.02689	0.001061	0.028206	0.013474	0.018492	0.013849	0.014192	0.013841	0.039515	0.019369	0.042988	
0.042166	0.022907	0.012358	0.037716	0.024192	0.004666	0.021822	0.04103	0.038615	0.003031	0.000229	0.042391	0.016166	0.03976	0.010148	0.000916	0.03593	0.029296	0.018605	0.003245	0.018829	0.01093	0.039889	0.024173	0.036761	0.009398	0.035704	0.03617	0.006303	0.000915	0.023037	0.003659	0.028376	0.037181	0.010483	0.021374	0.000327	0.002119	9.4e-05	0.01482	0.02854	0.006109	0.009472	0.021457	0.037819	0.029809	0.004076	0.009085	0.029691	0.018211	
0.034495	0.001749	0.012866	0.001739	0.003283	0.017959	0.02631	0.033958	0.020992	0.031302	0.024368	0.013386	0.01322	0.010986	0.023659	0.026609	0.034049	0.014868	0.030888	0.034224	0.035542	0.017939	0.0349	0.028039	0.026715	0.008075	0.013493	0.027695	0.014281	0.009651	0.022661	0.033739	0.02125	0.011753	0.035523	0.012076	0.007354	0.008455	0.011457	0.018091	0.001311	0.035485	0.03282	0.01204	0.010385	0.016431	0.035763	0.013311	0.021973	0.010882	
0.005772	0.00772	0.008702	0.015936	0.0119	0.006054	0.037973	0.006506	0.001757	0.021687	0.010097	0.01347	0.026781	0.042592	0.01521	0.013173	0.024248	0.019814	0.005303	0.023663	0.028007	0.037106	0.01319	0.025195	0.001572	0.04413	0.025837	0.010168	0.027113	0.017533	0.003221	0.029953	0.044111	0.013125	0.042406	0.032804	0.011119	0.038977	0.000517	0.004509	0.039428	0.00539	0.023151	0.026936	0.011413	0.034019	0.024917	0.007299	0.043102	0.015394	
0.027417	0.03732	0.02406	0.00609	0.009702	0.000721	0.03995	0.00953	0.023786	0.022303	0.026786	0.013444	0.035557	0.033042	0.019249	0.011358	0.035489	0.02836	0.009571	0.020856	0.006701	0.0365	0.030735	0.019911	0.012328	0.005231	0.027456	0.031474	0.025911	0.001271	0.007189	0.036695	0.007368	0.004676	0.018104	0.035683	0.031835	0.032056	0.00999	0.008497	0.039745	0.031916	6.7e-05	0.004155	0.004126	0.025554	0.005087	0.039876	0.004701	0.020571	
0.006368	0.001873	0.037131	0.042374	0.002652	0.042206	0.015738	0.002815	0.010713	0.009128	0.00649	0.006319	0.012669	0.002506	0.024309	0.025201	0.031176	0.030044	0.018399	0.022717	0.044275	0.016189	0.012111	0.030826	0.034506	0.03422	0.003274	0.000458	0.014263	0.019974	0.033859	0.00122	0.030669	0.010278	0.022615	0.039398	0.030036	0.012867	0.000507	0.020809	0.032131	0.015213	0.032926	0.03436	0.015715	0.03396	0.041284	0.003031	0.010214	0.017984	
0.26