50
2
0.886121	0.758235	-0.323812	0.360837	0.696177	0.843751	0.787771	0.487028	-0.435377	0.377732	0.122371	-0.933311	0.397499	0.289017	0.417156	0.67588	0.106922	-0.549563	0.210747	0.340213	0.281968	0.622275	0.929694	-0.092956	-0.604147	-0.980318	0.625	0.263939	0.841718	0.951114	0.12525	0.215086	-0.528565	0.578995	-0.494277	-0.743876	-0.362512	0.218857	0.313807	-0.88614	-0.165828	0.542225	0.521604	-0.602367	0.046667	0.880389	-0.000717	0.444489	-0.696215	-0.53735	
0.236283	0.447264	0.931781	-0.272554	0.765834	0.369806	-0.810587	-0.175626	-0.912551	0.153653	-0.6055	0.252339	0.183303	-0.129892	-0.237139	-0.501733	-0.582777	0.319846	-0.892019	0.101756	0.185231	-0.592903	-0.291086	0.074162	-0.268832	-0.150567	-0.059595	0.952187	-0.372464	0.279517	-0.124484	0.529995	0.579371	-0.438189	0.698137	-0.940779	-0.849259	-0.67828	-0.304096	-0.028007	0.352882	0.429701	-0.193811	0.31707	0.460915	0.303801	0.181166	-0.617172	-0.865581	0.67101	
0.603581	-0.460198	-0.967211	0.345452	0.85513	-0.334418	0.353566	0.56547	-0.761138	-0.542625	-0.776952	0.051915	0.417973	0.322741	0.772135	0.568406	-0.873804	0.568355	0.212467	0.311585	-0.328545	0.425375	-0.005928	-0.828736	0.972846	-0.787524	0.681385	-0.066622	0.234745	0.01237	-0.049659	0.41089	0.623438	0.38728	-0.780352	0.956781	0.148289	-0.493143	0.431495	-0.677267	0.140016	-0.239298	-0.880269	0.098579	0.609766	-0.75398	-0.392411	-0.894366	-0.175957	0.151294	
0.025608	0.844508	0.397576	0.27934	0.143029	-0.930145	-0.638798	-0.330861	0.194999	0.112907	-0.412031	-0.211888	-0.228134	0.522894	0.190732	0.944322	-0.912267	-0.071306	0.199279	-0.668262	-0.511117	-0.700734	-0.713741	0.770169	-0.741969	-0.481847	0.52349	0.129301	-0.017721	0.637158	-0.430716	-0.232291	0.006114	0.996905	0.125025	0.330829	-0.707556	-0.56896	-0.558728	-0.686549	-0.475823	-0.87997	-0.635097	-0.798698	-0.692521	-0.761158	-0.486219	-0.876607	0.474182	-0.602245	
-0.627642	-0.597026	0.380004	0.584711	-0.411526	0.065578	0.110986	0.59737	0.30963	-0.659564	-0.107888	0.639057	0.651116	-0.623486	0.829862	0.274397	0.550995	-0.580132	0.05191	-0.438942	0.065106	0.393144	-0.096565	-0.5083	0.100492	0.637774	0.30283	-0.75997	-0.071053	0.469557	-0.808567	0.366787	0.536553	0.250594	0.254877	0.141866	0.59706	0.477604	-0.623118	0.806578	0.493304	0.130273	-0.855354	0.913124	-0.09642	0.464258	0.869908	0.584646	-0.960067	0.523676	
-0.955356	-0.709152	-0.812764	-0.093804	-0.496344	-0.282398	-0.973378	0.969276	0.258396	-0.649924	-0.253299	0.636518	0.989323	-0.931497	-0.824316	-0.963287	0.515128	-0.576865	0.174142	-0.234355	0.539866	-0.199898	-0.3951	0.818417	-0.120192	0.310614	-0.44418	-0.818613	-0.162695	0.577737	0.925773	0.902711	-0.14777	-0.501544	0.111902	0.307424	0.780134	0.538931	-0.856365	0.506755	0.179977	0.105628	-0.074668	0.584245	-0.067031	0.545208	0.062166	-0.346074	0.544359	-0.171044	
0.092709	-0.351795	0.966586	0.751535	0.726503	-0.591073	0.234204	-0.39388	0.955678	0.584611	-0.140997	-0.721305	-0.064214	-0.980479	0.245496	-0.972999	-0.932196	0.88825	-0.515965	0.573903	-0.328816	0.643292	0.544262	-0.250091	0.691281	-0.803071	-0.948676	-0.10573	-0.035617	-0.681902	-0.404276	-0.335336	0.812146	-0.778802	-0.032774	-0.605357	0.080577	-0.252986	-0.134369	-0.280057	0.907097	-0.070423	-0.728202	0.970271	-0.499674	0.19529	0.068384	0.268104	0.58325	-0.602229	
-0.632238	0.188272	0.308484	-0.528799	-0.832398	-0.814367	-0.998792	0.127188	-0.524336	-0.213225	-0.116892	-0.210077	0.895384	0.221752	0.726979	-0.399304	-0.125476	0.480114	-0.66289	-0.443335	0.830118	-0.236188	0.348796	-0.66813	-0.279754	0.450224	-0.5011	-0.071742	-0.371844	-0.123225	-0.929941	0.730573	0.386506	0.399655	0.340864	0.622499	-0.118486	0.378024	0.691537	0.766665	0.306773	-0.448937	-0.995923	0.683658	-0.084645	-0.506347	0.941328	-0.751534	0.528113	-0.303788	
0.42686	-0.080885	0.742652	-0.91618	0.178488	0.568191	0.389924	0.133289	0.029122	0.831638	-0.143013	-0.288999	0.653641	0.653297	0.201642	0.799311	-0.776922	0.84122	-0.394172	0.324872	-0.390076	-0.0217	0.405246	0.926871	-0.509172	0.646875	0.131107	0.963688	-0.619611	0.873975	-0.640113	0.3229	0.207373	-0.842386	0.626212	0.478514	-0.498096	-0.727451	-0.067568	-0.886404	0.041771	-0.219688	0.533159	0.330411	-0.850678	0.892501	0.772741	-0.810118	0.133261	0.850564	
-0.305398	-0.084685	-0.704288	-0.698263	0.86029	-0.83628	0.753468	-0.7997	-0.337922	-0.02869	0.661516	0.440376	0.206932	0.211738	0.792189	-0.802985	-0.035718	0.732028	-0.163468	0.277599	-0.492324	-0.656132	-0.911148	0.042176	-0.6454	0.912818	0.978522	-0.011637	0.116252	0.482741	0.326721	-0.220981	0.606439	0.421025	0.66975	-0.016992	0.058313	-0.911215	-0.704191	-0.803274	0.784421	-0.807727	0.10173	0.894743	0.465766	-0.909655	-0.235954	0.540624	-0.129469	0.123237	
0.271066	-0.425252	-0.469436	-0.101379	-0.557211	-0.639102	-0.520814	-0.557236	-0.778406	-0.861202	0.162205	0.804821	0.446064	0.295396	0.112766	0.889236	0.492533	-0.070462	0.643103	-0.202212	-0.400916	-0.57152	0.445992	-0.587712	0.455056	0.343492	0.694775	-0.166237	0.620888	0.401059	-0.202993	-0.548608	0.238547	-0.988967	0.295395	-0.140809	-0.514441	-0.522492	0.289376	0.492875	-0.633207	0.258164	0.091458	0.606485	-0.05337	0.345479	0.976703	0.065148	-0.007235	0.976561	
-0.54736	0.907312	-0.603604	0.397766	0.915111	-0.907	0.266367	0.846519	0.634372	-0.463376	-0.854195	0.530053	0.865404	0.738868	-0.153484	0.080762	0.03104	-0.814832	-0.165897	0.13947	-0.953514	-0.028586	0.237364	0.696702	-0.723717	-0.383286	-0.723598	0.993491	0.696788	0.160937	-0.022397	-0.837482	-0.89523	-0.093707	-0.204536	0.892078	0.258871	-0.349925	-0.118145	-0.65622	-0.141074	0.163234	0.632247	-0.547401	0.679957	0.098159	-0.366648	-0.32473	-0.318903	0.98901	
-0.000188	0.063953	-0.766336	0.331026	0.888004	-0.425732	0.173312	0.087084	-0.439084	-0.938913	0.416635	-0.19953	-0.692525	0.413662	-0.643535	-0.265074	-0.882512	0.201121	-0.305655	0.483338	-0.521714	0.821359	0.189293	0.067662	-0.954809	0.705222	-0.669813	0.490884	-0.63246	0.550861	-0.358707	-0.649151	0.210323	-0.970281	-0.678117	-0.387979	-0.366531	0.415876	0.926498	0.316213	0.087688	0.160976	0.331081	0.204057	-0.17275	-0.377082	-0.735708	0.667912	-0.532538	-0.064694	
-0.36552	0.264445	-0.773372	0.233341	0.472592	0.149872	-0.048127	-0.573082	-0.055182	-0.369237	-0.136962	-0.67087	0.383196	0.013048	0.097618	-0.959295	-0.739129	0.293834	0.602569	-0.443969	0.440083	0.169321	0.579069	-0.916393	-0.65166	-0.735515	0.929891	0.304748	-0.010422	0.499466	0.346571	0.308816	-0.309197	0.755892	-0.415122	-0.052331	-0.024016	0.664865	-0.419626	-0.530788	-0.010493	0.878196	-0.54929	0.660722	0.79968	0.950825	0.899553	0.835947	0.728263	0.289827	
-0.697503	0.516179	0.269673	0.110918	0.681242	-0.222168	0.425361	0.960829	-0.023061	0.560761	-0.43608	0.82951	0.697437	-0.930017	-0.72682	0.831572	-0.590702	0.646361	-0.05165	0.15132	0.148432	0.762867	0.186873	0.201666	-0.596074	-0.326643	0.272776	0.205879	0.043092	0.603672	0.257818	0.113492	0.564613	-0.661414	0.705393	0.584086	-0.104612	0.941655	-0.852138	-0.423144	0.018996	-0.132561	-0.496838	-0.795769	0.893054	0.168293	0.36723	-0.123892	-0.142114	-0.795202	
-0.783168	-0.300166	0.114999	0.868661	0.733528	0.489225	0.353172	0.905669	-0.096639	-0.612563	0.996905	0.337029	-0.991265	-0.414924	0.35954	0.540422	0.382068	-0.542999	-0.788373	0.731184	-0.098896	-0.672113	-0.190118	0.495218	-0.563537	0.863646	-0.118469	-0.736321	-0.250158	0.000291	-0.643673	-0.329901	0.958433	-0.783126	0.4276	-0.724295	0.06761	0.377326	0.618664	-0.637228	0.771979	-0.424155	0.441724	0.958914	-0.462567	-0.007287	-0.690254	0.808624	-0.728051	0.218118	
-0.010558	-0.300243	-0.05295	-0.785545	-0.007026	-0.085831	-0.751302	0.889481	0.330129	0.414195	0.914607	-0.17582	0.050661	-0.515646	-0.460986	0.043863	-0.852032	0.148069	0.259874	0.180009	-0.239691	-0.379455	0.541856	-0.442911	0.844978	0.571768	-0.985906	0.230129	0.590117	0.541806	-0.302784	0.1382	0.319325	0.160863	-0.654051	-0.596355	0.006285	-0.352086	-0.006949	-0.08714	0.454097	-0.239405	-0.146647	0.407852	-0.92961	-0.711467	-0.819598	0.67494	-0.315513	-0.607895	
-0.915943	0.569606	-0.363235	0.803354	-0.110417	-0.015293	-0.139269	0.049156	0.434103	0.517504	-0.526288	-0.692847	0.818557	-0.010211	0.084054	-0.067393	-0.65309	-0.34116	-0.157239	-0.873562	-0.929045	-0.902286	-0.219249	-0.864313	0.168213	0.681883	-0.203977	-0.192871	0.960153	-0.941804	-0.079585	-0.208419	0.610742	-0.24503	0.157402	-0.000371	-0.493357	-0.946137	-0.546688	-0.153355	-0.325264	-0.018704	0.302933	0.791385	0.594672	-0.013351	0.714152	-0.82927	-0.342842	-0.263883	
0.542015	-0.607884	0.658823	-0.111461	0.69733	0.803206	0.304801	-0.845591	0.207045	0.135897	-0.939291	-0.827981	-0.057214	0.23464	0.774959	-0.922853	-0.448661	-0.377028	0.481994	0.100324	0.058287	0.118609	0.518087	-0.745682	0.240396	-0.446645	0.819154	-0.8027	0.348491	-0.151839	0.203896	-0.226357	-0.348763	0.874873	0.330191	-0.488855	-0.460738	-0.433485	-0.9983	-0.608426	-0.830514	-0.55485	-0.896592	0.907242	-0.561314	-0.511353	-0.13362	0.346989	-0.059796	-0.516626	
-0.210949	0.143884	-0.952034	0.731343	-0.575732	0.321536	-0.166987	0.731727	-0.278477	-0.123232	0.090545	0.442278	0.666788	0.061588	-0.50514	-0.648187	-0.979757	0.90043	0.855738	-0.97822	-0.213497	-0.563283	-0.960421	-0.406298	-0.577887	0.510876	-0.738533	0.162749	0.80026	-0.911229	0.156492	0.341575	-0.086334	0.618496	-0.060383	-0.81215	0.148045	-0.902631	-0.957517	-0.886821	-0.220604	0.874961	0.583892	-0.586018	-0.356686	0.562093	0.554598	-0.614442	0.011299	-0.163824	
-0.332012	0.212186	-0.712859	0.909922	-0.540048	0.159795	-0.456328	-0.193707	-0.632115	-0.48425	-0.439375	0.076359	-0.151878	-0.092535	-0.305082	-0.700104	-0.632377	0.109053	-0.099668	-0.5956	0.819111	-0.301924	0.66341	-0.379505	0.333284	-0.834649	0.666525	-0.963091	0.143602	0.526157	0.945081	0.676877	-0.610485	0.821641	0.350754	0.797564	0.737275	0.655939	-0.373374	0.916638	0.124419	-0.986485	0.594561	-0.086382	0.956788	0.487712	-0.476989	0.090725	-0.445489	0.833309	
-0.28609	-0.606234	0.574065	-0.436059	0.906085	-0.579184	0.389422	0.248849	0.046223	0.672093	0.959696	0.03924	0.158417	0.908344	0.05818	0.677827	-0.747606	-0.230413	0.384873	-0.638377	0.188865	0.959117	-0.786889	0.722035	-0.837904	-0.36107	0.475488	-0.475349	-0.94869	0.040012	-0.50487	-0.152108	-0.945912	0.262441	0.882605	-0.774057	-0.262278	-0.039114	-0.301585	-0.23608	-0.096598	-0.66032	-0.820284	-0.467258	0.579053	0.041074	-0.903681	0.566409	0.705789	0.658128	
-0.121022	-0.070144	-0.312415	-0.681531	0.011196	-0.688824	-0.908204	-0.503777	-0.384878	0.660955	0.827757	0.399202	-0.296315	-0.48914	0.952791	-0.278917	0.731598	-0.703072	-0.076719	0.351906	-0.093394	0.949374	0.40898	-0.878045	0.708429	-0.830474	-0.496381	-0.812748	0.649524	0.919167	-0.522783	-0.006804	0.718474	-0.626036	0.665566	-0.650867	0.958066	0.675224	0.03303	0.236888	-0.520569	-0.26941	0.680496	-0.338977	-0.883711	-0.290976	0.642487	-0.670399	-0.790471	0.492299	
-0.490237	-0.007769	0.069056	0.93043	0.307061	0.694899	0.147708	-0.252548	0.456266	-0.471478	-0.180189	0.414374	0.725822	0.211318	-0.70605	-0.968162	0.647155	0.736276	0.857879	0.021025	-0.593451	-0.618928	0.941324	-0.544003	-0.334748	-0.188908	-0.577536	0.071197	-0.611069	-0.261588	-0.883584	0.40739	-0.448299	-0.248297	0.940575	0.918936	0.668755	-0.062823	-0.415507	0.269089	-0.716597	-0.454141	0.035929	0.866691	-0.669602	0.646169	0.462865	-0.720866	0.898857	-0.809665	
0.723639	0.498922	0.086578	0.36132	0.383736	0.856046	-0.21112	0.054248	-0.089166	0.307804	-0.167768	-0.026743	-0.153775	0.278729	-0.677995	0.355559	0.602865	0.750269	0.422225	0.299204	0.823708	-0.843061	0.327639	0.305007	0.442463	-0.813723	-0.306134	-0.110544	0.937845	0.948804	0.578261	0.790354	-0.018472	-0.997931	-0.992044	0.606612	0.289674	-0.560085	0.380823	-0.849077	0.257011	0.533378	-0.568766	0.399711	0.842223	0.998407	-0.815022	-0.845471	0.352287	-0.976812	
-0.910509	-0.375096	-0.750203	-0.353533	-0.485961	0.808082	-0.232502	0.709083	0.45312	0.352644	0.029557	-0.487801	-0.210804	-0.111916	-0.900006	-0.485062	-0.30436	-0.208976	-0.478618	-0.905132	0.02727	0.16664	0.476487	0.184557	-0.836136	0.308328	-0.666706	-0.302815	0.657541	0.127902	-0.993998	0.920959	0.30172	-0.848352	0.327154	-0.124423	-0.345416	-0.12297	0.948134	-0.371249	0.036806	0.828485	0.907334	-0.700599	0.449735	0.30093	-0.349964	0.862973	0.123913	0.19489	
0.756077	0.043403	-0.076622	0.968204	0.38251	0.504439	-0.223435	0.30439	0.798977	-0.271178	-0.88629	-0.652275	0.684847	0.850306	0.917954	-0.931991	-0.243115	-0.470875	-0.968779	-0.74427	0.915211	-0.498989	-0.21807	-0.241632	0.290696	0.712905	-0.519116	-0.974452	0.440787	0.303113	0.394857	-0.375567	0.099821	0.362815	-0.351296	-0.794068	0.051391	0.967158	0.994124	-0.449466	0.567307	0.952499	0.314576	-0.623275	-0.914738	-0.873564	-0.61052	0.066771	0.123412	-0.450085	
0.622562	-0.882562	-0.947269	-0.93102	-0.253641	-0.44008	0.256592	0.434755	-0.04965	-0.499145	0.527905	0.353929	0.866909	0.571355	-0.078452	-0.37667	-0.093455	-0.106478	0.447623	-0.488227	0.51601	-0.828793	0.570597	0.402835	-0.484267	0.530517	0.745664	0.606682	-0.844527	-0.938613	0.585585	0.20821	-0.334175	-0.567734	0.267077	0.157858	0.198985	-0.568243	0.605226	0.999674	0.291207	0.563194	-0.170559	-0.2116	-0.903086	-0.053046	0.382321	0.463163	-0.627462	-0.362474	
0.527991	0.767645	-0.407207	0.395804	-0.99496	0.838295	0.838372	0.796996	-0.105874	0.684444	0.083602	0.987718	-0.371863	0.307018	0.312951	-0.644436	0.28813	-0.712748	0.498591	-0.351315	-0.271935	-0.02569	0.070633	-0.47203	0.455382	0.399942	0.487025	0.718584	-0.838195	0.565076	0.366435	-0.587519	-0.499081	0.98627	0.241766	-0.041652	0.805339	0.250546	0.149485	0.294167	-0.086793	0.387656	0.429567	-0.366701	-0.619661	0.09444	-0.094366	-0.021753	0.672832	-0.345365	
-0.628031	0.352745	-0.424322	-0.161208	0.741469	-0.951729	0.644917	0.296963	0.443648	-0.351882	-0.567162	0.263582	0.131143	0.758214	0.712473	0.952909	-0.626221	0.661195	0.559472	0.271228	0.406628	-0.184506	-0.382989	0.591787	-0.334582	-0.133107	0.4587	0.524048	-0.838983	-0.79447	-0.358573	0.424618	-0.76961	-0.591745	-0.072229	0.00348	-0.752355	0.929804	0.387318	-0.180293	0.150822	0.176759	0.963792	0.370486	0.849161	-0.90052	-0.385697	0.811406	0.07529	0.971811	
0.012727	0.394873	0.237716	0.021623	0.215137	-0.007969	-0.133153	-0.820053	-0.108699	-0.795889	0.427831	-0.215802	0.330863	-0.546286	-0.382497	-0.240611	0.569825	-0.877574	-0.452971	0.423227	0.355613	0.200935	-0.644575	0.324403	-0.177284	-0.4781	0.939554	-0.497055	0.326283	0.520956	0.14446	-0.043695	-0.762273	0.616142	-0.590072	0.030037	-0.729677	0.810657	-0.449568	0.815142	-0.106186	0.55779	0.314198	-0.380234	-0.974002	-0.053263	0.631206	-0.367982	-0.188213	-0.772694	
0.91849	-0.784237	0.027462	-0.779914	0.105801	0.705483	0.034862	0.507693	0.382691	0.430521	-0.488953	-0.32669	-0.875818	0.421657	-0.20597	0.402554	0.807098	-0.68353	0.750411	-0.141677	0.134138	-0.611881	-0.461362	-0.45497	-0.202572	0.852952	-0.119709	0.465214	-0.668185	0.880935	-0.973608	0.930592	-0.468169	-0.185154	-0.723706	-0.590093	0.069685	-0.109109	-0.111217	0.290253	0.610976	0.814264	0.086299	-0.900974	0.299837	0.092814	-0.019661	-0.033109	0.449781	0.897528	
0.820572	0.654201	-0.083962	-0.873759	-0.328781	-0.678586	0.350984	-0.569395	0.436143	0.682499	-0.546868	-0.614138	-0.223879	0.362734	-0.661028	-0.690085	0.721009	0.508241	0.267002	-0.456351	-0.151223	0.002887	0.878725	0.606013	0.667672	-0.974584	0.014994	0.223171	-0.373939	-0.802575	-0.259606	0.95732	-0.026975	0.946485	0.526776	0.442048	0.121849	0.286315	-0.725394	0.545623	0.962869	0.211702	0.017991	0.84614	-0.608025	0.968413	0.811889	-0.499423	-0.714358	-0.787942	
-0.585997	-0.028222	0.063891	0.729838	0.649734	0.838756	0.296603	-0.680815	0.737434	-0.636367	0.669988	0.662238	-0.673233	-0.09969	-0.000741	0.065991	-0.195444	-0.701479	-0.130988	0.034791	-0.537549	0.25313	0.137281	-0.303115	0.84409	0.658963	0.150501	-0.49622	0.282281	-0.729233	0.740765	0.24038	0.399832	-0.581076	-0.216793	0.285858	0.642809	-0.071061	-0.751514	0.199389	-0.627665	-0.736441	-0.672379	-0.359175	-0.562328	-0.103524	-0.609639	0.878335	0.850064	-0.474951	
0.953959	0.819153	-0.960653	0.275947	0.727106	-0.296722	0.709589	-0.201858	-0.70439	0.153747	0.467782	-0.29409	-0.037538	-0.095161	0.141586	-0.249445	0.051474	0.175985	0.472564	-0.005069	0.247478	-0.470507	-0.383144	-0.630946	-0.15823	0.393398	0.33097	-0.833556	-0.713198	-0.184192	0.211284	0.388527	0.681119	-0.501483	0.930295	-0.459078	0.641588	-0.739468	-0.89649	0.959952	0.520416	-0.494855	-0.723298	0.167769	0.104266	0.8112	-0.251369	0.583126	0.19691	0.265993	
-0.363379	-0.499313	-0.692779	-0.839464	-0.925385	-0.618425	-0.176543	0.163894	0.031658	0.07393	-0.770955	-0.926506	0.393526	0.65539	-0.388733	0.766433	0.137165	0.052766	0.483296	-0.568144	-0.045726	-0.359862	-0.137824	0.22556	0.692811	0.801002	0.60661	-0.489227	0.488831	0.112802	-0.115235	0.399468	-0.329436	-0.741879	-0.4742	-0.068671	-0.789836	-0.077378	-0.345333	0.072433	-0.98736	-0.860614	-0.384789	-0.055439	0.96872	-0.001729	-0.201329	0.880029	-0.722845	0.752407	
-0.846581	0.802837	0.736421	0.656606	-0.975396	-0.070285	0.379487	-0.058245	-0.903687	-0.120416	0.846342	0.115497	-0.59446	0.579629	-0.893605	0.411553	0.741699	0.792896	0.273895	0.245813	-0.845563	0.665581	-0.756476	0.336584	0.934611	-0.970338	-0.227648	0.406478	-0.821263	0.043535	-0.245025	-0.59519	0.423911	-0.206847	0.999964	-0.712518	0.346599	-0.817004	-0.615347	0.34496	0.276647	-0.085617	0.446316	-0.458911	0.896505	0.53315	-0.325721	-0.162338	0.96916	0.550345	
-0.045432	-0.547342	0.604521	0.441064	0.917499	-0.189873	-0.383549	-0.412985	-0.47673	0.576833	0.315312	0.498279	-0.01284	-0.753848	0.928971	0.341996	-0.974521	-0.393315	-0.153257	0.537403	0.811408	0.526928	0.584603	-0.804884	0.387579	0.994759	-0.185082	-0.955227	0.129952	-0.523842	-0.219964	-0.925462	-0.910843	-0.579139	-0.027499	-0.010068	0.082833	-0.90728	-0.255119	0.015785	0.249677	-0.936064	0.158434	0.711369	-0.332253	0.403094	-0.782721	-0.713603	-0.547375	-0.104369	
0.500159	-0.360425	-0.569358	0.84945	-0.242783	-0.327305	0.209634	-0.069687	-0.916486	-0.145528	-0.986987	-0.797609	0.861727	-0.318162	-0.157819	-0.03051	0.119878	0.489754	-0.473505	0.85489	-0.802529	-0.680452	-0.422648	-0.803725	0.18114	0.832929	0.071241	0.044685	-0.36033	0.447494	0.140975	-0.316845	-0.436237	0.7018	0.177679	-0.365521	-0.739482	-0.268917	0.683948	0.209425	-0.126529	-0.486638	0.360885	-0.626162	-0.115126	-0.578549	-0.441446	0.451764	0.284379	-0.650929	
-0.757265	0.564757	0.538525	-0.147457	-0.002164	-0.676581	-0.080612	0.219038	-0.60475	-0.600215	-0.351177	0.684606	-0.166938	-0.088284	0.357262	-0.276882	0.866616	-0.654836	-0.0661	0.470896	-0.961396	-0.884862	-0.91494	0.411495	-0.14158	-0.257102	0.249598	-0.41272	0.884436	-0.989071	0.070674	0.361865	0.778863	-0.569448	-0.289072	0.278165	0.631892	0.985571	-0.276075	0.189994	0.706306	0.311517	0.782016	-0.967504	-0.972407	0.727452	0.89993	-0.951184	0.468851	-0.732377	
-0.5012	0.787674	-0.270892	-0.11457	-0.732951	-0.342451	0.848097	-0.474462	0.814016	-0.700459	-0.273013	0.581926	0.206571	0.271944	0.68147	0.523375	-0.530593	0.283009	0.899777	-0.087309	0.58184	0.662982	0.53681	0.418859	-0.391139	-0.325236	-0.108865	0.22023	-0.456315	-0.433012	-0.512668	0.814849	0.256162	0.90095	-0.336906	0.572034	0.919992	-0.010401	-0.294344	-0.786907	0.249144	-0.43538	0.202073	0.717169	0.943304	-0.94496	-0.713727	0.498482	0.135139	-0.101359	
0.726374	-0.167299	0.007058	0.50042	0.745528	0.310795	0.678796	0.278686	0.671043	0.507483	0.648433	-0.271655	0.100002	-0.847038	0.233489	-0.010825	0.967988	-0.548442	-0.196919	0.108208	0.742236	-0.467396	0.852647	0.667778	-0.914995	0.164859	-0.630328	0.329121	0.850248	-0.064822	-0.805556	0.495052	-0.556379	0.595219	0.46951	0.787106	-0.034818	0.853276	0.631924	-0.882659	-0.628642	-0.714736	-0.055945	-0.957203	-0.076826	-0.217231	-0.840788	0.034093	-0.377206	0.862646	
0.274683	-0.925544	-0.114156	-0.602837	0.988144	0.79105	0.116674	-0.575099	0.460315	0.711308	-0.536319	0.950268	0.018143	0.727211	0.32409	-0.448321	-0.06963	-0.647025	-0.634567	-0.532268	-0.430778	-0.84515	-0.154391	0.26522	-0.098085	0.203373	-0.077073	0.922204	0.749942	-0.727181	0.049079	0.216241	0.269348	-0.638606	-0.070041	-0.711374	-0.28217	0.172113	-0.816083	0.731659	0.298338	0.614424	-0.05143	-0.656978	-0.689201	0.983809	0.223437	0.357374	0.936194	0.510996	
-0.437992	-0.986724	0.634264	-0.724308	0.916474	0.966535	0.108523	0.269051	0.348075	0.782463	0.606679	0.032847	-0.139757	0.076034	-0.522492	-0.679502	0.538741	0.410879	-0.883151	0.695946	0.471504	0.208384	0.1154	0.676821	-0.448063	-0.670156	0.104685	0.848221	-0.979725	0.94812	-0.369479	-0.929313	0.083546	0.525757	-0.653938	-0.813778	0.381446	-0.102855	0.919496	0.32972	-0.69618	-0.967907	0.035486	-0.061043	0.045991	-0.085897	-0.823461	-0.207963	-0.292665	0.02668	
-0.895442	-0.950895	-0.474914	-0.222572	-0.001365	0.068822	0.630739	0.018857	-0.947483	0.891206	0.194309	0.650321	-0.90341	0.635026	-0.585512	0.124101	-0.132004	0.82472	-0.72179	-0.758071	0.880393	-0.206355	0.064605	-0.418027	-0.646333	-0.156536	0.748722	-0.246717	0.676038	0.416886	0.661506	0.716001	-0.714765	-0.941937	-0.375756	0.264223	-0.060592	0.226297	0.113664	-0.677221	-0.067996	0.887083	0.205197	-0.003663	-0.686425	0.257513	0.239487	-0.948203	0.826306	-0.081334	
0.788906	-0.961029	-0.367611	0.870356	0.192722	-0.506037	-0.80238	0.870516	-0.088683	0.149547	-0.99893	-0.359777	0.853403	-0.128795	0.342936	0.235883	-0.500085	-0.241156	-0.459644	-0.840911	-0.669618	-0.557399	-0.298044	-0.865569	-0.361078	-0.875421	-0.935778	-0.565272	-0.548792	0.741633	-0.08346	-0.970733	-0.197628	-0.442986	-0.484268	-0.837996	0.278542	0.073804	-0.866723	-0.427893	-0.944154	-0.793062	-0.885114	-0.722555	0.503354	0.252311	-0.605132	0.619121	0.542427	-0.31883	
-0.544539	0.162136	0.793276	-0.565133	0.369288	-0.470964	-0.575947	0.226096	0.61721	0.909838	0.283989	0.805121	0.879723	0.156367	0.298398	-0.102934	0.054675	-0.43199	0.687348	0.429662	-0.093662	-0.596698	0.176637	0.149086	-0.475522	0.103318	0.391927	-0.380163	0.746478	-0.077999	-0.370992	0.429249	-0.57392	-0.525695	-0.086855	0.74017	0.953004	0.462664	0.513808	0.051363	0.316129	0.049697	-0.3106	-0.665745	0.861631	-0.300706	0.286011	-0.55734	-0.422965	0.797372	
-0.764366	-0.931036	-0.340677	0.679034	0.276957	0.803978	0.68146	0.980694	-0.579543	-0.720078	-0.831928	0.377081	0.516102	0.766142	0.748969	0.044574	0.495242	-0.211658	-0.594648	0.136695	-0.825393	0.583847	0.839506	0.813443	-0.479334	0.864136	-0.854396	-0.063973	0.112173	-0.853776	-0.954021	-0.744669	-0.573915	-0.472706	-0.82445	-0.45496	-0.446221	0.878492	-0.1121	-0.457806	0.52383	-0.146346	-0.87901	0.07027	0.899368	0.552283	-0.895957	0.948751	-0.202967	0.194427	
-0.723475	-0.052587	-0.291098	0.331654	0.928309	-0.932418	0.954199	0.043457	0.727304	-0.898706	0.162821	-0.330459	-0.693426	-0.340965	-0.640438	-0.912096	-0.97107	-0.424498	0.840583	-0.922744	-0.905499	-0.918737	0.221909	-0.398147	0.806214	-0.927301	0.48808	0.392116	0.097825	0.022901	-0.362586	0.492015	0.1311	-0.506879	-0.828829	-0.345276	0.288582	0.447024	0.674106	0.716547	-0.889326	-0.029929	-0.827377	-0.203102	-0.981248	-0.156021	0.566624	-0.936703	0.236381	0.024846	
0.31475	0.489622	-0.945931	-0.747237	-0.283197	0.663941	0.916352	0.415554	0.756092	-0.541531	0.822005	0.353069	0.990799	-0.582037	0.550722	0.110862	0.498	0.719205	0.362953	-0.81666	-0.359365	-0.960671	-0.930491	-0.335915	-0.712283	0.865313	0.111864	0.809722	-0.612959	-0.604499	-0.55063	0.765394	0.710517	0.213545	-0.810872	-0.904087	-0.015797	-0.408013	0.229294	0.100287	-0.170453	0.855083	-0.30083	0.891381	-0.767989	0.943281	-0.307505	0.941973	0.117775	0.763515	
0.611334	0.366909	-0.921757	0.224757	-0.086604	0.839877	0.666082	0.217732	0.046879	-0.602793	-0.436829	-0.278493	-0.126907	-0.223411	0.010864	0.776502	-0.299939	0.033597	-0.659138	0.670344	-0.399318	0.239648	-0.095024	-0.173339	-0.533622	0.059242	-0.610207	-0.916259	0.176211	-0.648593	0.444725	-0.49728	-0.682825	-0.260125	0.06625	-0.532269	0.863526	0.509188	-0.867606	0.985743	-0.011371	0.193366	0.476401	-0.934569	-0.745357	-0.277846	0.11538	0.447838	0.77959	-0.800531	
0.312154	-0.047251	0.749077	0.452017	-0.487918	0.924424	0.750228	0.149574	-0.521469	-0.279178	0.234959	-0.832816	-0.299902	-0.504613	-0.970456	-0.64935	-0.387901	-0.216271	0.313117	-0.028535	-0.027693	0.889902	-0.892587	0.461187	-0.833179	0.532622	-0.043283	-0.432789	-0.106586	0.876854	-0.440044	-0.308736	-0.422621	0.138372	0.701548	0.230113	-0.165256	0.560155	0.455039	0.308554	-0.564961	-0.470856	0.37697	-0.087178	-0.5689	-0.663161	-0.720431	0.267008	-0.521881	0.477457	
-0.238223	0.181345	-0.435836	0.076139	-0.335058	0.329561	-0.47346	0.303878	0.70845	-0.408217	-0.834757	-0.935544	0.192942	-0.504884	0.717767	0.037866	0.190148	0.895726	0.596992	0.071426	0.074103	-0.355359	0.40646	-0.527239	-0.771483	0.482331	0.688151	-0.345154	-0.668696	-0.727865	0.717477	0.419057	0.695157	0.351022	-0.712226	-0.948002	0.360505	0.67344	-0.88836	-0.733095	-0.789142	-0.329635	0.551065	0.871205	-0.761644	0.131888	0.021863	-0.189002	-0.51054	-0.667113	
0.058528	-0.406769	0.382602	0.810342	0.306882	-0.375165	0.827483	0.096112	0.803912	-0.629806	0.521001	0.075689	-0.254982	0.985488	0.586643	-0.339825	-0.752108	0.760132	-0.973824	0.478424	-0.01744	-0.075052	0.674289	-0.053332	0.464145	0.345123	-0.141894	-0.071746	-0.556836	0.158544	0.647912	-0.683148	0.529109	-0.366966	-0.612667	-0.838449	0.801375	0.591334	0.690668	0.993191	-0.993683	-0.350536	-0.311624	-0.106179	0.801551	0.805597	-0.475797	0.664412	0.517717	-0.672959	
-0.114365	0.702048	0.646848	0.870895	0.326234	0.825656	-0.508322	0.031331	0.547357	0.689909	-0.301719	0.425989	0.319396	-0.735651	0.607	0.751836	-0.813398	-0.290063	-0.490285	-0.558826	-0.969126	-0.314081	-0.588292	0.054717	-0.348554	-0.789751	0.010849	0.348245	-0.169693	-0.252522	0.925807	0.663877	-0.640374	-0.529116	-0.438605	-0.44686	-0.633531	-0.171524	0.116888	-0.050237	-0.802344	0.491301	-0.85943	0.118994	0.093451	-0.374727	0.531041	0.62727	-0.008699	0.598617	
-0.4525	-0.896545	0.012725	-0.300065	-0.607147	-0.613324	-0.18735	0.44234	0.546189	0.656629	0.016981	-0.906447	0.412512	0.904622	0.84729	-0.124673	-0.633134	0.745059	0.09927	0.584848	0.79721	-0.286609	0.213186	0.427548	-0.236182	0.813245	0.944898	0.172116	-0.484759	0.995469	-0.883735	0.136466	-0.900642	-0.898562	-0.395735	-0.417169	0.365373	-0.854686	-0.479695	0.917012	-0.427782	0.852365	-0.732492	-0.217796	0.415743	0.438467	-0.30382	0.708947	-0.197625	0.811029	
-0.404455	0.295648	0.765436	-0.00684	-0.066296	0.718876	-0.332252	-0.290722	-0.094487	-0.02358	-0.190148	-0.457911	-0.054331	0.187925	-0.099079	0.751254	-0.620662	-0.041455	-0.491729	-0.725249	-0.251029	-0.29597	0.661488	0.890633	-0.791156	-0.696835	0.091252	-0.383326	0.937838	-0.288129	0.959893	-0.434488	0.90738	-0.81067	0.834665	0.645301	0.203859	0.353638	-0.005443	-0.45649	-0.284028	-0.648983	0.410896	0.350811	-0.996175	-0.21229	0.0171	-0.657963	-0.971757	0.076894	
0.378042	0.736358	0.834967	-0.682054	-0.217828	0.388816	0.76836	-0.345393	0.01551	-0.881418	-0.444537	-0.747269	0.676392	0.884849	0.506193	-0.698355	0.570601	-0.032046	-0.325515	-0.875022	0.067754	-0.496599	0.854913	0.383714	-0.985059	0.456478	-0.484401	-0.991258	-0.241785	0.434392	-0.572175	-0.254684	-0.863248	0.248184	-0.93863	-0.713	-0.763032	0.810728	0.980282	0.731915	0.604029	0.019883	-0.852438	0.907926	0.303489	0.956343	-0.028664	0.709067	-0.757142	-0.039322	
-0.084687	0.56927	-0.33301	-0.368462	0.648229	0.615309	0.130284	0.045202	-0.502719	0.091342	0.259176	0.338273	0.37541	0.472132	0.260793	0.24449	0.628959	0.456892	-0.963195	-0.666649	-0.976206	0.752928	-0.051741	-0.309816	-0.988833	-0.833038	-0.645247	-0.538514	0.392025	0.81007	0.197237	-0.234496	-0.113013	-0.984065	-0.209249	-0.177548	0.130771	0.684688	-0.774097	-0.283053	0.386519	0.036293	-0.504246	0.86436	-0.764162	-0.417533	-0.359215	0.580509	-0.656722	-0.689159	
-0.633058	-0.012116	0.459902	-0.026842	0.241391	-0.12093	-0.050003	0.399955	0.200411	-0.411363	0.243694	-0.26435	0.121063	0.27877	0.485662	0.802902	-0.05337	-0.955607	-0.723919	-0.315043	0.601882	-0.641072	-0.649326	-0.021384	0.885021	-0.947468	0.179178	-0.545283	-0.701358	-0.76759	0.738541	0.941549	-0.49194	-0.619522	0.092087	0.183712	0.963031	0.809965	-0.559587	-0.547668	0.293752	0.91763	-0.719452	-0.628226	-0.794061	0.980775	0.693533	-0.735999	0.635731	0.352592	
0.511181	0.622669	0.010169	0.488008	0.756374	0.30297	0.534096	0.627645	0.494286	0.790128	-0.313661	0.664689	-0.407643	0.733669	0.825025	0.585062	0.02444	0.586075	-0.891648	-0.738756	-0.625469	-0.554042	-0.798099	-0.413867	-0.939863	-0.141314	0.687069	-0.158165	-0.427398	0.473467	-0.32765	0.568016	0.586179	-0.709326	-0.010391	-0.337265	-0.704602	-0.631533	-0.328945	-0.636585	-0.241246	0.460589	0.714543	0.703124	-0.056825	0.733013	0.352219	-0.200469	0.157471	-0.981458	
-0.785972	-0.2125	-0.658392	-0.978562	-0.216402	0.969121	-0.761406	0.22322	-0.960026	-0.852731	0.043711	0.049175	-0.563716	-0.601302	0.98335	-0.524297	0.753189	0.049654	0.956709	-0.618192	-0.181395	-0.343096	0.182327	0.366835	0.621762	0.349057	-0.141495	-0.040364	0.52908	0.41912	0.335334	0.801993	-0.596005	-0.844713	0.782221	0.171239	0.898886	-0.111589	-0.312818	-0.252299	0.405747	0.353872	0.502819	-0.165676	0.328458	-0.597023	-0.287433	0.257144	0.671408	-0.501553	
-0.075988	0.085411	-0.737234	-0.805989	0.898608	-0.82088	0.728874	0.681749	-0.842088	-0.803626	0.149319	-0.967124	-0.681398	0.510284	-0.179496	0.300259	0.618966	-0.594486	-0.526972	-0.14885	-0.423083	-0.068709	0.446145	0.131868	0.527353	0.460654	0.171147	-0.900255	-0.339289	-0.672572	0.852705	-0.777899	0.20665	-0.639008	0.156432	-0.334747	0.715228	0.400858	-0.068886	0.585864	0.041861	-0.136551	-0.781037	-0.619863	-0.288315	0.2601	-0.398652	0.267336	0.017324	-0.394801	
0.607027	0.715542	-0.063413	-0.798028	0.977502	0.456099	0.482648	0.81102	-0.146509	-0.762356	0.25114	0.624143	0.442078	-0.011066	0.519847	0.620697	-0.524294	0.872923	-0.648586	-0.278351	0.152396	-0.450171	0.266159	0.614728	0.913182	-0.659623	-0.849745	-0.94991	0.534904	-0.947641	0.656276	-0.133864	-0.18165	-0.05899	-0.448324	-0.310232	0.336142	0.303778	0.299253	-0.301839	-0.478729	0.202978	-0.543543	0.015709	-0.961252	-0.0132	-0.451386	-0.412938	0.643055	0.621643	
0.946556	-0.795566	-0.035356	0.926243	0.400528	0.446606	0.587416	0.282105	-0.484501	-0.95804	0.363369	0.732388	-0.703218	-0.154596	-0.717648	-0.831343	0.697844	0.879979	-0.285617	0.456066	-0.355604	0.828591	-0.621974	0.868997	0.717322	0.727908	-0.533916	0.994056	0.687951	0.769641	0.119507	0.913791	-0.925782	0.627798	-0.464306	0.648097	-0.622196	-0.253492	-0.078404	0.723244	0.84947	-0.13282	0.31117	0.778565	-0.678518	0.109787	-0.751956	-0.415103	0.623463	0.401703	
0.715885	-0.143994	-0.472513	0.91484	-0.528622	0.732637	0.075572	-0.953241	-0.9116	-0.386128	0.870488	0.193713	-0.051787	0.192213	0.473011	0.915362	0.993134	0.874038	0.77642	0.996975	-0.951342	-0.409093	-0.912056	-0.647528	0.835964	-0.565814	-0.997672	-0.441057	0.226236	-0.572733	-0.879533	0.794876	0.548898	0.173701	0.457801	0.109849	0.570299	-0.187562	-0.828101	0.426335	-0.690698	0.645823	0.769813	0.860667	0.070876	0.123784	0.186787	-0.684631	0.577002	-0.750229	
0.825375	-0.417545	-0.686108	0.862539	0.016388	0.832233	-0.318329	-0.164482	-0.990801	0.676849	-0.919348	0.635427	-0.218995	-0.629932	0.333081	-0.568691	-0.268545	0.048702	0.617793	0.213312	-0.508305	0.118464	0.362931	-0.522229	-0.661215	0.229791	-0.535352	0.820389	-0.133891	0.460049	0.52372	-0.205594	0.701168	-0.668874	0.888427	0.582748	0.59259	0.629727	0.407307	-0.886626	0.308296	0.606886	0.316617	-0.902577	0.027516	-0.050957	0.278432	-0.342704	-0.925634	-0.972524	
0.062427	0.438761	0.279653	0.054284	-0.119406	-0.595582	0.923985	0.226969	0.237432	-0.561296	-0.478788	-0.383224	0.882363	0.961295	0.145095	0.712451	-0.694927	0.887603	0.050296	0.005855	0.445037	0.122123	-0.984937	0.016976	0.091866	0.218247	0.42908	-0.418904	-0.806623	0.433314	0.151091	0.695057	0.668829	-0.666746	0.476472	-0.594111	-0.678081	0.217164	-0.245941	0.343202	-0.667995	-0.627155	0.857147	0.627219	0.4521	0.251058	0.3886	0.201578	0.297466	-0.270901	
0.105823	-0.337462	-0.454396	-0.6589	0.245729	0.331363	0.602034	-0.676983	0.992718	0.296532	-0.109866	-0.256659	-0.858339	-0.04081	-0.641469	-0.042481	0.614399	-0.115163	-0.032818	-0.319787	0.521883	-0.060983	-0.602147	-0.758567	0.644609	0.499319	0.483491	-0.627414	0.995233	0.627371	0.564402	-0.923475	0.310017	-0.337194	-0.179505	0.965745	0.978773	-0.689135	0.887451	0.11966	-0.514174	0.071157	-0.601141	0.012145	-0.515114	-0.536603	0.407239	0.581144	-0.631244	-0.928958	
-0.123955	-0.958218	0.211128	-0.965337	0.456949	0.448952	-0.513927	-0.072048	-0.286058	0.912217	-0.525621	0.552812	0.498349	0.809378	0.315078	-0.259878	-0.473056	-0.140098	0.152878	-0.648359	0.646275	-0.612576	-0.322421	-0.080526	0.010764	0.681956	0.115328	-0.935718	0.640161	0.640538	-0.37583	-0.525831	-0.57257	0.229724	0.281526	-0.63914	-0.900218	-0.823404	0.05198	-0.767743	0.846919	0.959444	-0.174828	-0.356377	0.374221	0.159915	-0.984712	-0.294483	0.508166	0.887316	
0.949728	0.219592	-0.855988	-0.652324	0.706875	-0.343369	-0.374446	-0.900245	0.884184	-0.215498	-0.921376	-0.140572	0.132563	0.885807	-0.509742	-0.396657	-0.410511	-0.771758	-0.272235	0.749172	0.076568	-0.141779	0.115425	-0.357554	0.872567	-0.606973	-0.769617	0.801575	-0.852885	-0.959334	0.399319	-0.848189	-0.374177	0.380847	-0.084276	-0.606586	0.907213	-0.011699	0.940643	0.98387	-0.32941	-0.748283	0.487191	-0.485736	0.769904	0.976788	0.492263	0.138649	-0.023153	0.949392	
0.446269	0.29932	0.957841	0.471251	-0.224266	-0.119565	-0.27979	-0.414585	-0.606771	0.74494	0.429246	-0.555608	0.945016	-0.987465	-0.228756	0.489739	-0.528609	0.373278	-0.682357	-0.979636	0.489898	0.497294	-0.902994	0.493463	-0.029984	0.668326	-0.393354	-0.598806	0.961871	0.072626	-0.22736	-0.599807	-0.782457	-0.02838	0.262692	-0.211229	-0.346677	0.05287	0.771255	0.430667	-0.997463	0.272843	-0.666165	-0.17622	-0.360144	-0.230398	-0.127956	0.016578	-0.174628	0.512883	
0.864718	-0.653463	-0.062377	-0.783285	0.17994	0.580404	0.717754	-0.790988	-0.734158	-0.270913	0.490077	-0.954127	0.009972	0.744476	-0.540402	-0.125876	-0.328091	0.591601	0.599059	0.626315	-0.951373	-0.52662	-0.358637	0.981672	-0.125631	0.514394	0.193526	-0.762084	-0.551539	0.764454	0.8795	0.197684	-0.954984	0.674753	0.805713	0.301022	-0.696642	0.423808	-0.086209	0.934828	-0.460214	-0.331227	-0.849443	0.391879	0.469123	-0.024054	-0.253738	-0.27735	0.059398	-0.871698	
-0.765784	-0.239086	-0.239915	-0.996581	0.620956	0.83892	-0.742373	-0.31364	0.105888	-0.520311	-0.26201	-0.862513	0.749376	0.531365	-0.435522	0.67942	0.137906	-0.391793	0.088393	0.487664	0.595038	-0.61774	0.825723	0.315175	0.27351	-0.508537	-0.413493	0.856643	-0.216443	-0.484695	0.344253	0.097288	-0.015996	-0.565291	-0.787578	-0.967462	0.161886	0.331079	-0.480826	0.007842	-0.665867	-0.455245	-0.519408	-0.683	-0.231283	-0.013549	-0.849186	-0.745438	-0.891748	-0.176151	
0.092665	-0.199069	-0.598884	-0.794998	0.37312	0.117005	0.185208	0.839753	-0.73238	-0.354279	-0.023782	0.935806	0.927136	0.605321	0.794386	-0.778537	0.578335	-0.51009	-0.735974	-0.972376	0.607654	0.491639	0.838825	-0.102413	0.582186	0.358811	0.379876	0.266445	0.11912	-0.815306	-0.68756	-0.3021	-0.686696	-0.491634	0.805548	-0.575367	0.517733	0.011419	0.145689	0.928432	0.530245	-0.769941	0.961272	-0.636971	0.485581	-0.618671	-0.927293	-0.267202	-0.003872	0.237365	
-0.737734	0.864189	-0.432313	0.043757	-0.565791	0.603825	0.941286	-0.124262	0.86186	0.705475	0.257288	0.916397	-0.117445	-0.905156	0.828047	-0.305191	-0.586606	0.288669	-0.888811	0.738052	0.324181	0.451861	0.972799	0.026318	-0.984489	-0.648498	0.450353	-0.124097	-0.8771	-0.743534	-0.764241	-0.14041	-0.929212	-0.926077	0.327284	-0.011861	0.505752	-0.317568	-0.481851	-0.816733	-0.436975	0.204847	0.276868	-0.733904	-0.410995	0.669225	-0.305458	0.351041	0.560953	-0.378616	
0.54948	-0.674781	0.56428	0.627694	0.711694	0.698455	0.900394	0.306654	-0.584083	-0.11833	-0.038083	0.321093	-0.839077	-0.573736	-0.043065	0.411542	-0.471222	-0.418907	-0.894396	-0.992868	-0.970243	-0.641727	0.896553	-0.504681	0.103969	-0.059614	-0.574271	0.692265	-0.563488	0.108414	0.231735	-0.279609	-0.902858	0.862541	0.528067	0.404058	-0.686204	0.032116	0.738448	0.571248	0.329594	-0.074113	-0.887854	-0.328865	0.20347	-0.597471	-0.196422	-0.668476	0.95959	-0.279462	
-0.195065	0.820336	0.478219	-0.166655	-0.533805	0.619175	0.60846	0.172648	-0.955455	0.03798	-0.823439	-0.260389	0.712849	-0.014689	0.928884	0.675941	0.116589	0.697076	-0.464248	-0.505317	-0.889828	0.933205	-0.342687	0.675372	-0.891159	-0.31384	0.928635	-0.698432	-0.753145	0.643846	-0.278159	0.155716	-0.853874	0.805164	0.286076	0.393714	-0.511713	0.532042	0.327712	-0.005862	-0.001473	0.043114	-0.794193	0.386169	-0.181074	0.361291	-0.519043	-0.737168	0.532968	-0.124011	
-0.361854	-0.392702	0.351083	0.077813	0.28144	-0.813164	-0.630685	0.038969	-0.31068	0.510027	0.319757	0.825817	0.515298	-0.993039	0.658969	-0.828955	0.114713	-0.737548	-0.851768	0.0478	-0.144183	0.817229	-0.280136	0.769463	-0.450599	-0.180638	0.996162	0.196919	0.603985	-0.867445	-0.910089	0.519337	0.582542	0.85387	-0.320203	0.184228	-0.024135	-0.617417	0.672696	0.559729	0.959475	0.831752	0.272497	-0.692231	0.534402	0.284717	0.14909	0.416026	0.064719	0.906226	
-0.413699	0.767942	-0.731428	0.918893	-0.241825	-0.842581	0.031202	0.207849	-0.737242	-0.80883	-0.98254	0.022478	0.939515	0.440721	-0.667654	-0.658928	-0.142541	0.563496	-0.359618	-0.247584	-0.657229	-0.283042	0.416155	-0.291563	0.155708	-0.462566	-0.1492	-0.120774	-0.69454	0.982316	0.417704	-0.032	0.991735	-0.507896	0.161939	-0.860617	-0.572123	0.20862	-0.092553	-0.810616	0.658244	0.223486	0.110403	0.994281	0.286857	-0.796126	-0.869649	-0.610018	0.112898	0.170364	
-0.905858	-0.712253	-0.591836	-0.326546	0.9049	-0.409601	0.342576	-0.053113	0.089651	0.18924	-0.072804	-0.014704	0.736546	-0.070044	0.638719	0.854359	-0.56543	0.954171	0.461121	-0.552219	0.202088	0.889885	-0.039473	-0.899119	0.824531	-0.298165	0.336819	-0.402223	0.43002	-0.666115	0.260214	-0.053386	-0.506105	0.829353	-0.799067	-0.735558	0.231981	-0.629104	-0.314924	-0.083067	0.469138	0.986627	-0.269035	-0.489804	-0.721377	-0.642035	0.472599	-0.65047	0.855636	0.46799	
-0.512131	-0.69422	-0.882152	-0.425351	0.375163	-0.761088	-0.024356	-0.417147	0.405793	-0.353119	-0.374633	-0.977348	0.376837	-0.04595	0.669828	0.193185	-0.994805	0.985813	0.867545	-0.543738	-0.12894	-0.368051	-0.738175	-0.354999	-0.261355	0.878327	0.495072	0.295758	0.432871	0.046569	-0.008221	-0.677725	-0.922159	-0.904398	-0.520233	0.696249	0.014128	0.682898	-0.149368	0.217319	-0.954355	0.395512	0.076601	0.904272	0.787761	0.199565	-0.287033	0.261819	-0.006771	0.235341	
0.182146	0.846144	-0.926498	-0.629584	0.049194	-0.423668	-0.790146	-0.745894	-0.084121	0.177727	0.628026	-0.937407	-0.185733	0.794049	0.727209	-0.311086	-0.91315	-0.704034	-0.229319	-0.647497	0.743901	-0.085827	-0.488662	-0.329216	0.265896	-0.646438	-0.201621	0.158397	-0.154511	0.042354	-0.871601	0.595707	-0.452546	-0.682466	-0.288323	-0.796882	-0.426295	0.438345	-0.733358	0.67342	-0.91528	0.090303	0.390063	0.332477	-0.534332	-0.602827	0.562872	0.111835	-0.472125	0.261442	
-0.251966	-0.154061	-0.311417	0.337831	0.124635	-0.263324	0.20286	-0.838632	-0.384863	-0.162645	0.043019	0.135562	0.055047	0.457158	0.260025	0.510243	0.133026	0.325449	-0.155192	-0.613477	0.138865	0.23147	0.120984	0.984129	0.136651	0.085549	0.048333	0.398898	0.477574	0.362009	0.473839	-0.816461	0.626057	0.445048	0.679619	-0.051308	-0.961517	0.00114	0.696548	-0.016013	0.751286	0.236856	-0.921847	-0.470472	-0.818189	0.671801	-0.259284	0.774187	-0.524011	0.272536	
0.404662	-0.93259	0.489766	0.275862	0.759291	0.380722	0.463983	-0.277364	0.259922	0.326757	-0.813007	0.61675	0.346304	0.043223	-0.593063	0.457391	0.23756	0.571082	-0.412823	-0.303876	-0.951295	-0.975367	-0.086728	0.824238	-0.640353	-0.005772	-0.010113	-0.401122	0.99629	0.046649	0.592802	-0.402368	0.949035	-0.694481	-0.740019	0.348299	0.842352	-0.053655	0.837129	-0.248412	-0.898921	-0.469344	0.557012	-0.246447	-0.614769	-0.953339	-0.838213	-0.003444	-0.096569	0.658255	
0.161111	0.186926	0.767324	0.586408	0.057607	0.116078	0.599229	0.055642	-0.012702	-0.81373	-0.101209	-0.31138	-0.993836	-0.484373	-0.017959	0.854834	-0.647925	0.945029	0.577665	0.488949	0.256204	0.554744	-0.344358	-0.345265	0.105947	-0.058888	0.360749	-0.982402	-0.916544	-0.82842	-0.030779	-0.639845	-0.101791	0.828455	0.019608	0.756642	-0.337827	0.143051	-0.08075	-0.011345	0.478191	0.574295	-0.356877	0.211465	0.261925	-0.751143	0.256287	0.386287	0.971749	-0.025764	
-0.608597	-0.348532	0.858922	0.228518	-0.711237	-0.022285	-0.184748	-0.434786	0.602012	-0.356216	0.424595	0.079376	-0.473437	0.484468	0.926134	0.773612	-0.954196	-0.659244	-0.179376	0.231788	-0.800109	-0.275025	-0.190969	-0.984503	0.048756	0.358373	0.197964	0.368899	0.526302	0.630403	0.354178	-0.335405	0.186299	-0.815539	0.365644	0.300886	-0.52795	0.404858	0.167955	-0.075034	0.703275	-0.743311	-0.57373	0.225484	-0.348016	-0.609711	0.068617	-0.973594	0.701361	-0.213746	
0.341611	0.684608	0.701574	0.791266	0.518048	-0.896044	0.26758	-0.755841	0.528805	-0.103944	0.364383	0.163464	0.431338	-0.624155	0.882096	0.274941	0.898701	-0.654941	-0.440326	0.119075	0.097131	0.852965	-0.315897	0.344422	-0.576321	-0.512601	-0.843005	0.294845	0.997216	-0.483307	0.186504	-0.624405	-0.338202	0.436239	-0.565769	-0.124458	-0.743445	0.50253	-0.240464	0.901063	-0.885113	-0.72162	0.415198	0.592204	0.031493	-0.502052	0.437139	0.195817	0.135775	0.079468	
-0.558115	-0.886399	-0.157081	0.926859	0.483536	0.648418	0.055147	-0.628911	0.704729	-0.291213	-0.239012	-0.434092	-0.908911	0.921033	-0.044933	0.628262	0.025303	0.639942	0.167359	-0.340841	-0.352045	0.197028	-0.327337	-0.991352	0.048872	-0.74264	0.527687	0.398767	-0.423482	0.793821	-0.430632	-0.785515	0.832704	0.909516	0.557375	0.455782	0.333078	-0.115264	-0.338881	0.712865	0.696979	0.982579	0.945479	-0.020438	0.144305	0.02976	0.811266	0.704283	0.389235	0.259504	
-0.545707	0.114247	-0.477758	-0.5286	0.093173	-0.613508	-0.059043	-0.291553	-0.632379	-0.409789	0.569664	-0.260022	-0.106398	0.6184	-0.182898	0.517164	0.281086	0.543367	-0.966102	0.655993	-0.462862	-0.421748	-0.11663	-0.580066	-0.795277	-0.476694	-0.519294	0.770615	0.796354	-0.023971	0.796507	0.159943	-0.066982	-0.790304	-0.820646	-0.565104	0.499693	-0.637536	0.886638	-0.273706	-0.988061	0.54799	-0.934757	-0.11189	-0.045478	0.572002	0.102504	0.271907	0.925991	0.220895	
-0.019481	-0.165704	-0.247798	0.199314	-0.505302	-0.530221	0.727516	0.503328	0.085998	-0.184656	-0.539982	-0.923783	0.770968	0.404237	-0.52288	-0.110191	-0.60038	-0.087316	0.535403	0.589615	-0.696375	-0.634895	-0.987737	0.297302	0.575279	-0.645807	-0.218643	-0.795069	0.842345	0.945695	0.822684	0.609534	-0.097827	0.590209	-0.606669	-0.426511	-0.763045	-0.978667	0.337162	0.944105	0.373828	-0.009219	0.075187	-0.629207	0.996208	0.502661	-0.994853	-0.026682	0.09451	-0.405247	
0.861743	0.225035	-0.929718	0.477513	0.142674	-0.132769	-0.948981	-0.00628	-0.940842	-0.983383	0.715349	0.720707	0.781317	-0.79201	-0.489816	-0.22839	-0.716807	0.175758	-0.242995	-0.141171	0.604862	0.182272	0.260076	0.982613	0.682376	0.263116	-0.910747	-0.574219	0.271781	-0.225913	-0.90729	-0.997219	0.723773	-0.194267	0.273239	-0.12424	0.069317	-0.390901	-0.695508	0.353356	-0.787918	-0.759171	-0.554986	-0.0572	-0.49451	-0.292608	0.603297	-0.557413	0.330127	-0.646947	
-0.69443	-0.716428	-0.028734	-0.205765	0.375074	-0.517594	0.406046	0.444469	0.391589	-0.172899	0.125752	0.320091	0.060376	0.700261	-0.801398	0.945639	0.209876	-0.92666	-0.175131	-0.932851	-0.149678	0.382055	0.130872	0.016236	0.205327	-0.063903	-0.553529	0.847486	0.508425	-0.828838	0.498214	-0.810392	-0.928279	0.159769	-0.86631	0.945286	0.570788	0.290255	0.832677	0.537128	-0.090255	0.375733	0.542644	0.721037	-0.294812	-0.730534	-0.102983	0.103364	0.61712	0.841525	
0.087909	0.80555	0.4213	0.312165	-0.973652	-0.510049	0.495701	-0.797522	-0.752513	-0.342407	-0.223043	-0.798588	-0.171824	0.54598	-0.116	-0.385321	-0.194106	-0.071774	0.158228	0.139097	0.041213	0.673137	-0.745543	-0.011721	0.258867	-0.66884	-0.369381	-0.859373	0.987094	0.673053	0.605373	0.402764	0.67564	-0.188178	0.2298	-0.014132	0.588559	-0.501825	-0.75897	0.151397	-0.800209	0.123437	-0.361156	-0.373961	-0.271839	1.9e-05	-0.925424	-0.120955	0.066101	-0.666247	
-0.203264	0.983885	-0.179633	0.310809	0.466295	0.725442	0.735583	0.289411	-0.775189	-0.180869	-0.203972	-0.777491	-0.976457	0.599503	-0.590679	-0.879465	0.908937	-0.428538	-0.136805	-0.857358	-0.844899	0.167477	0.287224	-0.405683	-0.898401	0.452779	0.253272	0.607761	0.593201	-0.521644	-0.86211	-0.38547	-0.499051	-0.237117	-0.704659	-0.45398	0.476931	0.064605	-0.509479	0.382261	0.141953	0.271106	0.966301	0.684971	0.163239	0.527676	0.490041	-0.183631	-0.567737	0.428784	
-0.30783	0.724392	0.511038	0.24794	0.235927	0.979052	0.354299	-0.285	0.514329	-0.484505	-0.419274	0.496865	-0.671731	0.427853	-0.796537	0.866195	-0.655048	0.038929	-0.469969	0.79041	0.434965	-0.537643	0.227474	0.632171	0.05264	0.70797	0.656439	0.571657	-0.703482	0.914506	-0.988925	-0.307092	-0.60525	-0.151429	0.95018	-0.199311	0.148192	0.253484	0.698547	-0.404329	-0.759499	0.862486	0.391591	-0.155876	0.888489	0.675291	0.059624	-0.82922	-0.311385	-0.247707	
-0.939019	0.036387	-0.153824	-0.854353	-0.789956	-0.53438	0.628989	0.4093	-0.167047	0.111537	-0.475214	-0.76037	0.282296	0.664014	0.52739	0.974786	0.621703	0.613345	0.916373	0.375135	-0.423863	0.198878	0.671133	0.915717	-0.251577	0.265721	0.841987	-0.069957	-0.482769	0.71307	0.127985	-0.405044	-0.160808	-0.184198	0.688774	0.034567	0.98607	0.381221	-0.502837	-0.44377	0.651337	0.021205	-0.569583	-0.281597	-0.734843	-0.97953	0.334445	0.764483	0.355859	0.02906	
0.844859	0.883862	0.210117	0.750541	-0.431028	0.280692	0.17769	-0.952147	-0.574894	0.508167	-0.653373	0.779722	0.228624	-0.857784	-0.689437	0.015745	0.471986	-0.255231	0.993276	-0.764284	-0.407684	0.393039	-0.489466	0.523424	0.084734	-0.977987	-0.998871	-0.230604	0.170606	0.587779	-0.64209	0.656382	-0.180702	0.335979	-0.316446	-0.625853	0.82672	0.619019	-0.423321	-0.068878	-0.758357	0.137031	0.854416	-0.912017	0.343921	-0.406687	0.628989	0.670176	-0.236453	0.081755	
-0.044044	-0.362876	0.899402	0.854443	0.475717	0.032921	-0.400017	0.73097	-0.02635	-0.662723	0.396655	-0.261832	0.719935	0.480817	-0.289042	-0.32193	0.391661	0.048488	-0.695617	-0.765237	-0.691889	0.66165	0.887223	-0.235268	0.774893	-0.778168	0.942217	0.274584	-0.970485	0.19223	-0.266807	0.987616	0.001118	0.725527	-0.781351	0.939762	0.045803	0.884607	-0.017256	-0.039466	0.433539	-0.774263	0.249255	0.741557	-0.171788	-0.190629	0.621911	-0.420489	-0.964032	0.66546	
0.867545	0.258468	-0.351318	-0.913944	-0.426355	0.090324	0.753212	0.676712	0.346239	0.155476	-0.647059	-0.370025	0.104572	-0.557478	0.930739	-0.383005	0.225579	0.998661	0.196902	0.28579	0.363798	0.775475	0.613419	-0.62437	0.120084	0.413874	0.748229	0.4233	-0.455659	0.14833	-0.680708	0.802884	-0.515289	-0.250592	-0.206517	0.762889	0.083813	-0.633573	0.5533	0.350386	-0.32528	-0.525092	-0.66932	-0.20908	-0.906453	-0.926485	-0.462347	0.192436	0.912299	-0.292238	
0.029889	0.027798	0.013917	0.016955	0.001974	0.017042	0.019367	0.016808	0.006786	0.039177	0.036148	0.022899	0.015612	0.020233	0.038299	0.012474	0.036761	0.001742	0.004727	0.012966	0.036967	0.034813	0.029975	0.02951	0.004563	0.030669	0.008756	0.032373	0.010761	0.000717	0.005552	0.004194	0.032861	0.004678	0.031036	0.030554	0.031814	0.022223	0.025727	0.011784	0.009921	0.027933	0.030004	0.034898	0.003777	0.036364	0.009302	0.019255	0.007002	0.010443	
0.023509	0.015906	0.02707	0.005173	0.036163	0.014763	0.018399	0.010267	0.016978	0.004519	0.034533	0.031183	0.004631	0.023578	0.033496	0.030083	0.029592	0.01341	0.028568	0.007697	0.028718	0.018012	0.025419	0.033861	0.025848	0.002755	0.032199	0.024779	0.021927	0.019604	0.035182	0.036202	0.027608	0.025215	0.008277	0.029664	0.012588	0.004047	0.026293	0.001903	0.000781	0.021015	0.011494	0.010938	0.036426	0.009296	0.024619	0.00224	0.03173	0.001842	
0.019574	0.00116	0.001601	0.016263	0.00879	0.035613	0.006834	0.031394	0.022499	0.001465	0.026965	0.034678	0.036333	0.020321	0.023743	0.008562	0.018189	0.036418	0.012034	0.018382	0.008799	0.024582	0.008255	0.02686	0.029535	0.022182	0.009507	0.02997	0.026615	0.013972	0.033192	0.030554	0.00162	0.033272	0.014507	0.016849	0.018373	0.036553	0.029085	0.002162	0.023064	0.008916	0.007	0.029102	0.018452	0.018023	0.036252	0.010465	0.028202	0.023262	
0.014393	0.019595	0.002724	0.019304	0.031533	0.024281	0.011985	0.027677	0.010243	0.02178	0.00739	0.012776	0.002872	0.029367	0.030948	0.036401	0.027288	0.016804	0.00524	0.017434	0.033413	0.034896	0.013075	0.005877	0.027345	0.012879	0.017178	6.7e-05	0.023744	0.036177	0.030819	0.003638	0.019589	0.027406	0.031703	0.031516	0.016142	0.014818	0.036075	0.029118	0.026178	0.01324	0.006198	0.023236	0.029263	0.006845	0.031185	0.02579	0.013345	0.00921	
0.017619	0.008253	0.031247	0.003861	0.019408	0.032344	0.011171	0.015007	0.020533	0.007569	0.032139	0.017764	0.007415	0.030217	0.037693	0.025561	0.035084	0.013975	0.013915	0.00765	0.015714	0.008266	0.035942	0.031329	0.008994	0.025945	0.005306	0.027032	0.019264	0.013123	0.024142	0.010201	0.031577	0.001716	0.01532	0.030096	0.003103	0.017937	0.030703	0.013547	0.025945	0.006745	0.034353	0.002442	0.028286	0.0333	0.025285	0.035815	0.037872	0.012275	
0.018475	0.036226	0.000424	0.002557	0.021232	0.001008	0.01117	0.00439	0.008663	0.021631	0.023763	0.037734	0.027652	0.002314	0.027908	0.001621	0.026762	0.000453	0.002195	0.001115	0.018389	0.037078	0.017518	0.01015	0.006089	0.032687	0.032023	0.01816	0.016842	0.034997	0.039199	0.017721	0.020696	0.035837	0.017468	0.00381	0.038833	0.023489	0.009597	0.037869	0.010796	0.026462	0.034041	0.039332	0.032027	0.035191	0.018111	0.006268	0.020092	0.031935	
0.015903	0.031817	0.02782	0.030659	0.016591	0.015624	0.003329	0.012273	0.012472	0.028531	0.020789	0.018018	0.024346	0.007076	0.025037	0.040224	0.002462	0.018054	0.002791	0.028532	0.034706	0.014469	0.025927	0.016726	0.01438	0.009078	0.022169	0.005154	0.004132	0.018359	0.041936	0.010247	0.013435	0.032995	0.00763	0.042676	0.01618	0.026028	0.025191	0.030451	0.035052	0.00651	0.010867	0.008763	0.001821	0.021282	0.023887	0.023302	0.03331	0.040989	
0.035444	0.023765	0.029289	0.007502	0.00745	0.036054	0.026867	0.032903	0.006327	0.018961	0.023478	0.017903	0.018158	0.030462	0.018798	0.003976	0.023831	0.009041	0.019052	0.008581	0.007135	0.002728	0.03768	0.000791	0.018583	0.014458	0.027583	0.028077	0.032192	0.012561	0.029401	0.005317	0.0265	0.036796	0.023062	0.032855	0.002403	0.006651	0.027014	0.001743	0.021667	0.025775	0.032334	0.000376	0.024749	0.016009	0.035669	0.019557	0.037041	0.015451	
0.001688	0.023811	0.038759	0.022586	0.039493	0.014145	0.04249	0.012702	0.000726	0.006897	0.019244	0.015813	0.023902	0.003142	0.023364	0.030369	0.037174	0.039751	0.009631	0.003362	0.008942	0.004223	0.010403	0.010296	0.01648	0.042301	0.022893	0.024213	0.021738	0.032657	0.03365	0.004825	0.018517	0.020667	0.035339	0.043287	0.010187	0.039421	0.006077	0.015171	0.023805	0.003546	0.001623	0.025471	0.02818	0.036586	0.005147	0.017076	0.005895	0.022335	
0.031538	0.004552	0.011988	0.027512	0.033201	0.013556	0.024234	0.021164	0.022076	0.022786	0.02397	0.027958	0.003596	0.011243	0.021513	0.021869	0.009096	0.006974	0.008756	0.0342	0.002494	0.026828	0.002139	0.032551	0.021369	0.032479	0.011005	0.030921	0.017187	0.010837	0.006755	0.0288	0.02185	0.033936	0.030691	0.013141	0.005746	0.018374	0.024081	0.022762	0.021653	0.031604	0.015921	0.0275	0.006721	0.017977	0.029044	0.015244	0.033071	0.025537	
0.032116	0.020042	0.007005	0.033596	0.025477	0.031251	0.028318	0.00146	0.006516	0.032773	0.026555	0.04064	0.014542	0.004218	0.000923	0.00628	0.029619	0.039959	0.015388	0.026983	0.039455	0.005162	0.012606	0.033578	0.000463	0.036784	0.008423	0.018391	0.035184	0.011314	0.029647	0.003358	0.020409	0.039376	0.00757	0.034427	0.00995	0.039393	0.013625	0.001302	0.010854	0.021528	0.0134	0.017044	0.026659	0.00116	0.013941	0.017931	0.034301	0.019104	
0.008801	0.000426	0.018624	0.017044	0.013755	0.035765	0.022516	0.031157	0.021852	0.020895	0.00144	0.034824	0.012924	0.032695	0.028067	0.009841	0.029199	0.024508	0.021378	0.034624	0.009699	0.038199	0.018267	0.007862	0.029559	0.01685	0.002959	0.016246	0.008217	0.012226	0.014165	0.016556	0.000844	0.016677	0.023239	0.006518	0.026907	0.020595	0.028611	0.031678	0.030733	0.011563	0.035555	0.004567	0.036187	0.032392	0.024149	0.010516	0.010462	0.037667	
0.012179	0.017323	0.012333	0.005445	0.027196	0.022304	0.01467	0.033628	0.023803	0.035227	0.026746	0.038966	0.012015	0.01277	0.009439	0.00164	0.021899	0.005225	0.015228	0.003598	0.000662	0.033403	0.024217	0.040985	0.02533	0.036522	0.005972	0.02308	0.020159	0.009628	0.03563	0.013199	0.013584	0.003292	0.023729	0.032985	0.009081	0.039209	0.031066	0.023526	0.037258	0.00587	0.016302	0.019849	0.004877	0.038447	0.006852	0.021146	0.031705	0.020801	
0.014664	0.013019	0.002749	0.03594	0.037593	0.010289	0.033139	0.031143	0.020034	0.020635	0.021983	0.024536	0.024224	0.002645	0.029444	0.018324	0.007939	0.026459	0.009778	0.035583	0.030428	0.012428	0.030556	0.009688	0.032507	0.013635	0.019948	0.030729	0.012373	0.022437	0.034211	0.013802	0.022709	0.033825	0.007482	0.013772	0.004971	0.011526	0.036096	0.012057	0.009615	0.002335	0.009262	0.036984	0.017473	0.028332	0.010034	0.004139	0.031151	0.025375	
0.034575	0.027933	0.00137	0.00862	0.03194	0.035875	0.020704	0.036758	0.031971	0.007628	0.026414	0.011632	0.020894	0.001141	0.004395	0.018003	0.022242	0.036035	0.033615	0.030481	0.031302	0.036207	0.032855	0.024517	0.006835	0.031452	0.010172	0.010638	0.005929	0.002555	0.00192	0.031259	0.015954	0.016123	0.01813	0.038557	0.020764	0.03994	0.000967	0.014333	0.004713	0.020403	0.014606	0.009017	0.04028	0.024518	0.004578	0.018589	0.012638	0.018023	
0.023068	0.030703	0.029213	0.027053	0.032184	0.001566	0.000152	0.037368	0.008071	0.024715	0.01667	0.014549	0.029666	0.023428	0.006843	0.035197	0.037174	0.032431	0.031531	0.015219	0.003153	0.018926	0.034704	0.024679	0.005168	0.011376	0.00983	0.029838	0.010984	0.016481	0.018327	0.012634	0.034774	0.020282	0.038257	0.011688	0.008388	0.028012	0.014886	0.005342	0.029917	0.003253	0.02586	0.031071	0.032777	0.007531	0.009235	0.008436	0.024305	0.013085	
0.002171	0.00835	0.001588	0.006904	0.028093	0.010896	0.027927	0.0297	0.010948	0.000496	0.008891	0.00321	0.03183	0.00979	0.032858	0.039836	0.019895	0.002046	0.013358	0.01817	0.028082	0.002122	0.003789	0.024291	0.036264	0.019385	0.007769	0.031167	0.039077	0.026349	0.018625	0.012961	0.03467	0.02181	0.039104	0.03518	0.009038	0.038034	0.007218	0.001314	0.033972	0.002945	0.040147	0.009418	0.03454	0.027155	0.039599	0.028288	0.007153	0.033577	
0.033018	0.010176	0.032868	0.031436	0.026479	0.004235	0.00811	0.008828	0.016291	0.024634	0.024921	0.03399	0.033783	0.022569	0.031885	0.008588	0.030296	0.006152	0.001157	0.013848	0.021765	0.028538	0.018517	0.013578	0.030696	0.028031	0.01234	0.018347	0.032197	0.023032	0.013194	0.030573	0.033796	0.029467	0.032619	0.02855	0.006882	0.004249	0.028492	0.009464	0.023031	0.027108	0.005141	0.006452	0.033837	0.015772	0.020869	0.003308	0.000479	0.016412	
0.026339	0.012288	0.001752	0.009467	0.030103	0.038171	0.007904	0.02241	0.033587	0.00826	0.012348	0.021088	0.002873	0.038021	0.015797	0.023731	0.029961	0.01606	0.01218	0.001135	0.017541	0.02757	0.014247	0.033951	0.017531	0.035012	0.016883	0.001396	0.017151	0.04052	0.032212	0.000164	0.018471	0.019914	0.018503	0.003315	0.001393	0.004533	0.016067	0.017737	0.021605	0.033855	0.030339	0.01159	0.038264	0.031644	0.036131	0.027866	0.010483	0.040637	
0.015114	0.015235	0.033652	0.036259	0.027915	0.036346	0.019508	0.035744	0.003094	0.005099	0.032914	0.001586	0.010052	0.032846	0.018852	0.032496	0.009501	0.007981	0.016994	0.018079	0.000703	0.020624	0.009039	0.019164	0.035537	0.008751	0.026658	0.010858	0.015708	0.021961	0.021795	0.028401	0.028744	0.005049	0.02783	0.010066	0.019969	0.030323	0.010399	0.002379	0.026063	0.021648	0.021484	0.03407	0.02737	0.019992	0.03531	0.008709	0.025498	0.016631	
0.034934	0.030376	0.009409	0.028301	0.031047	0.021007	0.02686	0.036132	0.007492	0.012772	0.008418	0.022932	0.00373	0.005008	0.032072	0.017021	0.025477	0.034945	0.036754	0.0023	0.022897	0.014996	0.019753	0.021872	0.033375	0.020618	0.032503	0.022634	0.004746	0.03057	0.005488	0.029848	0.012467	0.022077	0.020179	0.028779	0.025788	0.007365	0.01423	0.011029	0.034002	0.001064	0.020644	0.016654	0.026243	0.007762	0.036462	0.006598	0.000472	0.021898	
0.037809	0.026912	0.014195	0.00287	0.039119	0.023599	0.019783	0.014581	0.001618	0.018689	0.003444	0.011896	0.040915	0.037583	0.00082	0.025728	0.00529	0.000616	0.031334	0.036872	0.005161	0.024146	0.025862	0.026717	0.000722	0.012358	0.01314	0.037076	0.034525	0.0025	0.00678	0.038479	0.023007	0.018026	0.017044	0.030875	0.014588	0.014083	0.032037	0.014454	0.041856	0.011798	0.038139	0.019574	0.02788	0.007895	0.007699	0.01755	0.013982	0.028374	
0.024185	0.021852	0.040218	0.007815	0.007817	0.003347	0.010035	0.024525	0.035271	0.000996	0.032744	0.00891	0.005199	0.012895	0.011559	0.040246	0.038538	0.018942	0.020961	0.012568	0.001976	0.006944	0.021549	0.004281	0.027439	0.016746	0.038987	0.025872	0.032044	0.025479	0.004164	0.01633	0.004773	0.036485	0.033745	0.00082	0.025009	0.006784	0.02743	0.008718	0.029373	0.013495	0.033244	0.038203	0.029225	0.02135	0.014776	0.013047	0.035212	0.027877	
0.036439	0.016353	0.030505	0.020469	0.035417	0.018996	0.004575	0.012775	0.024744	0.02751	0.034139	0.018188	0.020641	0.016798	0.011261	0.036436	0.006264	0.004192	0.013096	0.014988	0.035769	0.017443	0.023482	0.035911	0.007268	0.031606	0.0097	0.002112	0.020969	0.007206	0.025388	0.022258	0.035203	0.008475	0.017695	0.017111	0.013733	0.018854	0.029492	0.036813	0.021559	0.035094	0.005297	0.027973	0.025173	0.01225	0.022321	0.017107	0.012497	0.000455	
0.016345	0.0078	0.039797	0.005072	0.013941	0.037713	0.005489	0.039492	0.034312	0.017039	0.013361	0.022943	0.031904	0.010575	0.018545	0.003692	0.022008	0.039865	0.037409	0.013342	0.009807	0.011739	0.009098	0.025994	0.010818	0.005117	0.036259	0.025743	0.023522	0.000125	0.011804	0.029069	0.034622	0.000641	0.012005	0.021888	0.033168	0.026278	0.026494	0.016619	0.031544	0.000444	0.034697	0.022337	0.006497	0.018166	0.017977	0.025003	0.001587	0.040294	
0.0276	0.013827	0.019489	0.025905	0.01859	0.011014	0.0043	0.029533	0.01556	0.04253	0.020362	0.00629	0.006852	0.001895	0.042159	0.004943	0.041725	0.009505	0.037992	0.027435	0.022797	0.01851	0.017993	0.028866	0.040691	0.018191	0.007615	0.015517	0.037616	0.003796	0.006358	0.030553	0.028858	0.033677	0.028105	0.024309	0.005397	0.00715	0.010881	0.025684	0.004207	0.02564	0.033286	0.032132	0.018698	0.009188	0.014558	0.029384	0.004687	0.00815	
0.021791	0.014444	0.034433	0.033457	0.022403	0.030233	0.007201	0.026493	0.037918	0.015634	0.003506	0.013235	0.031978	0.016765	0.022481	0.037649	0.025988	0.011775	0.012902	0.02214	0.013973	0.005656	0.025185	0.02434	0.008637	0.014433	0.015048	0.037529	0.01046	0.018198	0.003845	0.014821	0.001321	0.016155	0.022266	0.017536	0.013905	0.022459	0.035865	0.026941	0.036401	0.000453	0.032901	0.033908	0.027944	0.025467	0.012287	0.015594	0.002142	0.021904	
0.01939	0.031092	0.025907	0.013584	0.034461	0.028447	0.014304	0.000928	0.010109	0.035051	0.037947	0.014923	0.017603	0.00566	0.02727	0.013621	0.014331	0.018327	0.029353	0.017586	0.030088	0.030026	0.001957	0.02833	0.037167	0.031895	0.012831	0.012119	0.024154	0.006641	0.027763	0.0184	0.004096	0.011337	0.030046	0.022842	0.026977	0.017473	0.00869	0.034824	0.023298	0.004938	0.01694	0.012251	0.014718	0.012989	0.020355	0.020667	0.031838	0.014456	
0.010143	0.019262	0.019087	0.031844	0.028207	0.023578	0.038837	0.025045	0.004648	0.020027	0.016411	0.024234	0.004742	0.005979	0.009675	0.033743	0.014448	0.026306	0.01556	0.012762	0.003368	0.011442	0.013715	0.035975	0.022052	0.012894	0.033963	0.009286	0.009281	0.023436	0.037291	0.038143	0.017784	0.037514	0.015818	0.023335	0.019353	0.028563	0.00228	0.017613	0.015824	0.037371	0.033202	0.003692	0.019432	0.016333	0.01302	0.01299	0.040215	0.010277	
0.026919	0.040205	0.008006	0.001614	0.007952	0.030232	0.019684	0.004208	0.004332	0.02015	0.009839	0.016582	0.029519	0.012701	0.024098	0.00915	0.030883	0.035524	0.035814	0.017698	0.017322	0.004742	0.021235	0.027724	0.038268	0.005261	0.014842	0.028579	0.0096	0.033973	0.011598	0.040401	0.022396	0.034998	0.012248	0.0179	0.001884	0.008136	0.00334	0.015114	0.007483	0.004762	0.0365	0.032167	0.026927	0.017296	0.039355	0.008199	0.035699	0.036941	
0.01474	0.005871	0.01231	0.030346	0.004529	0.036443	0.040507	0.014838	0.010106	0.042815	0.020717	0.031646	0.013457	0.043815	0.011893	0.000229	0.006701	0.007402	0.024719	0.001264	0.006517	0.016215	0.01203	0.043847	0.039524	0.002884	0.023859	0.01329	0.027292	0.023547	0.014403	0.025266	0.026681	0.023495	0.031009	0.024318	0.01501	0.023327	0.024703	0.008648	0.010532	0.034171	0.022353	0.00851	0.004922	0.036068	0.035787	0.012461	0.003682	0.031301	
0.015457	0.024423	0.002026	0.02067	0.01195	0.029445	0.024143	0.024246	0.038173	0.030609	0.02453	0.016936	0.028591	0.025992	0.000511	0.005791	0.036074	0.011098	0.021252	0.036213	0.004065	0.025666	0.035134	0.016909	0.024463	0.024908	0.011978	0.009362	0.009005	0.017458	0.015126	0.001047	0.008071	0.027122	0.009309	0.031578	0.024044	0.030775	0.003726	0.031222	0.017824	0.027812	0.004752	0.010392	0.034246	0.025136	0.012968	0.022609	0.037916	0.017247	
0.028157	0.002207	0.028056	0.012356	0.01619	0.020298	0.016873	0.003225	0.024211	0.038739	0.02279	0.033206	0.014054	0.015468	0.016024	0.037212	0.022732	0.015389	0.016828	0.023528	0.006871	0.028442	0.015815	0.022777	0.010368	0.033803	0.002464	0.03148	0.004296	0.014815	0.019337	0.032643	0.029175	0.036702	0.03031	0.032736	0.013512	0.000553	0.015554	0.013269	0.036982	0.014179	0.033753	0.004026	0.025466	0.007928	0.021404	0.035821	0.001911	0.016065	
0.021108	0.014299	0.020799	0.001958	0.017286	0.027661	0.039329	0.033236	0.01038	0.009103	0.020845	0.01662	0.031562	0.035341	0.01685	0.004927	0.040647	0.018748	0.012222	0.02733	0.027066	0.020499	0.004644	0.024031	0.03183	0.021277	0.019716	0.030241	0.035666	0.000225	0.019067	0.033192	0.009019	0.003799	0.022584	0.011687	0.000835	0.012861	0.017804	0.034318	0.020032	0.001541	0.025516	0.009939	0.034662	0.027464	0.026583	0.022532	0.017832	0.013287	
0.028003	0.023947	0.000326	0.020814	0.032713	0.031337	0.001542	0.010899	0.028259	0.012629	0.010875	0.035532	0.006935	0.019305	0.027087	0.027378	0.020479	0.014861	0.035517	0.027975	0.016654	0.002012	0.019925	0.032606	0.024271	0.017132	0.035574	0.016198	0.001824	0.034165	0.014698	0.010827	0.034052	0.001388	0.012612	0.033026	0.032849	0.035056	0.006625	0.009756	0.010296	0.019162	0.010736	0.01204	0.026166	0.03165	0.00723	0.016772	0.034503	0.023782	
0.013206	0.000121	0.032533	0.025987	0.038552	0.002185	0.009868	0.02143	0.002192	0.018987	0.002984	0.032154	0.022832	0.033759	0.026281	0.025817	0.012412	0.021118	0.040625	0.025873	0.012938	0.033704	0.029259	0.016234	0.01148	0.034468	0.020198	0.028081	0.018846	0.039141	0.038055	0.028712	0.001072	0.002401	0.02287	0.009613	0.040162	0.001838	0.028895	0.02478	0.026189	0.001133	0.002105	0.034768	0.010075	0.01074	0.013694	0.000861	0.02114	0.027632	
0.003134	0.030656	0.017063	0.029379	0.039832	0.00516	0.036841	0.038297	0.027424	0.022675	0.029842	0.007402	0.023095	0.023274	0.037681	0.020247	0.01615	0.003476	0.035913	0.004632	0.004919	0.014484	0.020598	0.008542	0.007654	0.029517	0.003967	0.007312	0.021764	0.032259	0.033891	0.012112	0.020169	0.020604	0.017929	0.011386	0.01037	0.027572	0.025968	0.025031	0.035003	0.027719	0.008655	0.012194	0.017486	0.019474	0.00689	0.009221	0.039656	0.015481	
0.025735	0.028081	0.021976	0.01213	0.034995	0.008145	0.02532	0.010566	0.028976	0.030259	0.034181	0.013181	0.017109	0.035425	0.014071	0.027707	0.013518	0.020383	0.02577	0.038174	0.001606	0.001543	0.002952	0.014028	0.010462	0.014342	0.013129	0.007271	0.030663	0.026109	0.027346	0.003247	0.039097	0.019694	0.023772	0.035412	0.007879	0.034305	0.001737	0.011997	0.011688	0.034489	0.001749	0.008754	0.007662	0.036561	0.014721	0.031945	0.021163	0.038975	
0.03049	0.018247	0.021348	0.022793	0.037998	0.019414	0.013739	0.011156	0.021091	0.034957	0.02895	0.01422	0.006438	0.024723	0.027136	0.033879	0.027239	0.012775	0.019768	0.002686	0.01603	0.025883	0.009662	0.034814	0.027952	0.031937	0.000651	0.014505	0.028569	0.002503	0.010736	0.03755	0.002687	0.014415	0.038896	0.003351	0.03561	0.01353	0.007493	0.003231	0.032426	0.031942	0.000442	0.022546	0.003833	0.00622	0.015311	0.033152	0.038282	0.026794	
0.00568	0.024133	0.005641	0.010304	0.003577	0.019148	0.001883	0.015141	0.028244	0.026062	0.032171	0.028013	0.0101	0.026626	0.018333	0.026873	0.032854	0.044027	0.020673	0.038756	0.031172	0.000484	0.020633	0.02365	0.020462	0.007661	0.008571	0.016693	0.024022	0.040268	0.043675	0.032091	0.027955	0.00992	0.003326	0.002768	0.024253	0.012534	0.03489	0.01405	0.029336	0.028215	0.01805	0.004957	0.012498	0.012432	0.033756	0.008761	0.025971	0.008707	
0.027915	8.7e-05	0.000569	0.031427	0.009243	0.034175	0.019426	0.019217	0.028151	0.018721	0.009678	0.028412	0.003604	0.014825	0.02507	0.017021	0.033194	0.029929	0.028816	0.001265	0.002165	0.027216	0.034521	0.020087	0.015497	0.034479	0.021833	0.017096	0.013039	0.012968	0.01623	0.025376	0.028711	0.013456	0.026404	0.030679	0.033228	0.030978	0.015977	0.001617	0.013214	0.021588	0.028976	0.000171	0.034196	0.021415	0.022402	0.01928	0.002273	0.034183	
0.037253	0.000963	0.015163	0.013479	0.003647	0.005094	0.021188	0.002951	0.00387	0.019188	0.01151	0.042304	0.043489	0.004787	0.03403	0.043129	0.007667	0.009294	0.00884	0.005302	0.043834	0.035175	0.040412	0.028221	0.017528	0.006193	0.022829	0.002417	0.042938	0.007261	0.034826	0.004743	0.00767	0.007695	0.025816	0.04341	0.01552	0.033239	0.02008	0.020919	0.012869	0.028387	0.023851	0.01929	0.022001	0.014464	0.011176	0.028538	0.026608	0.018942	
0.033194	0.00608	0.004002	0.015239	0.015651	0.021605	0.03057	0.023171	0.011844	0.016379	0.001289	0.017284	0.0261	0.026181	0.039036	0.028384	0.036817	0.008902	0.009732	0.024336	0.020178	0.024508	0.0113	0.013802	0.002881	0.031629	0.00147	0.016733	0.012343	0.036466	0.003924	0.036528	0.041997	0.001755	0.004855	0.006251	0.016899	0.027529	0.025773	0.036546	0.002864	0.030803	0.003554	0.0307	0.014542	0.026954	0.038085	0.038273	0.029504	0.015558	
0.030772	0.030861	0.003907	0.000595	0.036676	0.015485	0.024959	0.025339	0.026019	0.035284	0.031056	0.00392	0.031635	0.007138	0.034632	0.027138	0.004403	0.011873	0.014568	0.000475	0.025912	0.037222	0.024929	0.024874	0.012359	0.028882	0.005171	0.026642	0.009289	0.021375	0.024254	0.004863	0.024856	0.008604	0.003708	0.033839	0.0031	0.015517	0.034482	0.017371	0.023365	0.014739	0.027908	0.022708	0.00149	0.024248	0.034708	0.002886	0.027919	0.036045	
0.024416	0.031276	0.037535	0.013544	0.033853	0.041156	0.008047	0.038835	0.000425	0.016266	0.009299	0.035714	0.037897	0.007403	0.015755	0.02657	0.0126	0.036388	0.040572	0.01909	0.042411	0.001847	0.00641	0.006338	0.004594	0.008507	0.012629	0.00607	0.037624	0.006676	0.019697	0.02022	0.030048	0.034532	0.024586	0.030838	0.014552	0.009614	0.001111	0.000944	0.021331	0.020696	0.039032	0.029641	0.035642	0.015416	0.012105	0.001227	0.006161	0.01286	
0.031001	0.01967	0.028773	0.004495	0.00233	0.015171	0.003817	0.009736	0.013484	0.016197	0.035849	0.038329	0.003798	0.03699	0.00362	0.018979	0.03416	0.027646	0.018986	0.021839	0.031474	0.014575	0.019623	0.015958	0.036638	0.020447	0.008476	0.026767	0.036304	0.009155	0.027612	0.02772	0.032488	0.011596	0.004847	0.022711	0.029561	0.034985	0.03414	0.00963	0.022829	0.012254	0.000609	0.032293	0.029419	0.007143	0.018763	0.013342	0.006116	0.017655	
0.024434	0.02573	0.014607	0.00856	0.000176	0.028321	0.031885	0.037348	0.024332	0.000296	0.031534	0.001516	0.000757	0.011197	0.016874	0.033839	0.03829	0.032427	0.036186	0.029499	0.006439	0.004	0.017652	0.006929	0.02365	0.008299	0.006001	0.021986	0.010965	0.023186	0.031607	0.014075	0.025477	0.01844	0.016337	0.021523	0.003522	0.024406	0.024721	0.01302	0.005218	0.028194	0.032093	0.03589	0.019971	0.037087	0.036632	0.024714	0.005596	0.024562	
0.006821	0.018763	0.035522	0.033888	0.021346	0.008335	0.001069	0.002633	0.033341	0.019834	0.037318	0.008635	0.024468	0.02484	0.031563	0.024293	0.01896	0.013155	0.023496	0.001401	0.035006	0.006423	0.033147	0.004831	0.003444	0.025883	0.000188	0.029273	0.014354	0.02444	0.001532	0.020573	0.010648	0.037489	0.006805	0.034295	0.016342	0.034363	0.023754	0.027476	0.005415	0.010072	0.033456	0.012826	0.037638	0.035702	0.028303	0.017649	0.011348	0.027644	
0.002542	0.01573	0.016982	0.04611	0.029379	0.042175	0.006479	0.000905	0.00422	0.031775	0.047361	0.037341	0.00518	0.015341	0.045666	0.002774	0.033981	0.009656	0.030087	0.022903	0.020807	0.011075	0.034372	0.010787	0.006898	0.035706	0.047588	0.037279	0.03435	0.018127	0.00155	0.013179	0.006751	0.035536	0.002181	0.017934	0.0024	0.011177	0.004122	0.004637	0.022014	0.036137	0.024836	0.004085	0.031293	0.006613	0.018582	0.007414	0.04328	0.002703	
0.033875	0.017637	0.005839	0.024787	0.004972	0.020805	0.037381	0.003252	0.030262	0.02777	0.028796	0.018259	0.014871	0.024984	0.018361	0.011091	0.031936	0.03301	0.005531	0.01989	0.023585	0.000364	0.014279	0.022947	0.009906	0.036935	0.020278	0.013901	0.019097	0.011231	0.005153	0.032357	0.030293	0.008956	0.008637	0.001372	0.023395	0.011266	0.018121	0.017348	0.010867	0.022979	0.025335	0.033037	0.033897	0.021343	0.032558	0.011907	0.031201	0.034146	
0.040834	0.00818	0.010231	0.032995	0.006866	0.045333	0.025853	0.006337	0.040172	0.02311	0.003759	0.033603	0.038032	0.040632	0.000672	0.012189	0.019188	0.01973	0.030883	0.0093	0.00648	0.021367	0.028424	0.001937	0.026667	0.008026	0.015205	0.04485	0.005514	0.018026	0.01895	0.015627	0.012933	0.031383	0.024322	0.005326	0.024599	0.015963	0.009198	0.000175	0.027794	0.028467	0.019001	0.017849	0.013091	0.010374	0.034885	0.022616	0.031968	0.011084	
0.022092	0.003307	0.023435	0.015968	0.040641	0.010793	0.040725	0.027377	0.022839	0.010774	0.029454	0.001972	0.023969	0.037491	0.00918	0.027099	0.008831	0.034955	0.014	0.00178	0.027841	0.00321	0.039869	0.031531	0.001946	0.020778	0.002106	0.007368	0.028748	0.005034	0.011621	0.014805	0.025718	0.041644	0.003343	0.018385	0.00056	0.033409	0.021665	0.022813	0.034208	0.00138	0.034468	0.032877	0.031768	0.023106	0.02526	0.006694	0.010867	0.030296	
0.000413	0.033215	0.035953	0.017265	0.035834	0.016226	0.03186	0.011528	0.016045	0.023968	0.017202	0.018479	0.031599	0.009217	0.021769	0.017506	0.034485	0.018441	0.025639	0.018459	0.011465	0.035854	0.009296	0.011475	0.033918	0.003409	0.014361	0.026841	0.019902	0.034747	0.000673	0.031838	0.006935	0.017348	0.028851	0.01481	0.022083	0.029058	0.019044	0.01359	0.009137	0.006803	0.021161	0.035356	0.000817	0.019044	0.035631	0.028618	0.018743	0.004089	
0.006639	0.031447	0.009994	0.021055	0.012217	0.01444	0.016797	0.01278	0.033712	0.025678	0.011478	0.010968	0.031839	0.008526	0.033003	0.025641	0.02066	0.028219	0.026834	0.024111	0.02021	0.021953	0.020372	0.018906	0.004275	0.033414	0.023567	0.013685	0.032697	0.010284	0.033064	0.013118	0.009091	0.032192	0.022115	0.029158	0.010538	0.006154	0.004907	0.029345	0.007511	0.033469	0.032386	0.005789	0.011224	0.001142	0.030782	0.023147	0.03232	0.027147	
0.014723	0.003932	0.022821	0.037342	0.012556	0.017494	0.02052	0.028703	0.040403	0.038277	0.032194	0.013082	0.03501	0.024845	0.014618	0.021069	0.025194	0.00595	0.002367	0.029184	0.018477	0.001471	0.012682	0.014065	0.024691	0.025745	0.002874	0.026376	0.00718	0.027239	0.020938	0.020198	0.012125	0.034807	0.007513	0.030245	0.007852	0.016851	0.014618	0.012508	0.006228	0.028833	0.028887	0.011805	0.004281	0.02746	0.010508	0.032443	0.038428	0.032388	
0.017677	0.016792	0.023624	0.010983	0.012719	0.021338	0.036591	0.007116	0.019814	0.039281	0.007034	0.039482	0.017596	0.023657	0.021896	0.025418	0.011316	0.03647	0.008545	0.018817	0.034751	0.038175	0.0262	0.021021	0.01129	0.004942	0.035315	0.035008	0.024942	0.010921	0.023017	0.021311	0.018409	0.000261	0.014291	0.029779	0.025126	0.005585	0.000768	0.028879	0.018453	0.002532	0.001032	0.033142	0.012022	0.007605	0.037421	0.012848	0.009275	0.039513	
0.033602	0.036455	0.030874	0.033458	0.003424	0.024533	0.026639	0.010004	0.004591	0.032784	0.007999	0.02282	0.033954	0.038395	0.028723	0.008338	0.024746	0.005445	0.014315	0.031551	0.009247	0.032138	0.005948	0.036297	0.00212	0.032922	0.010934	0.017685	0.014594	0.011338	0.000309	0.021293	0.033441	0.027263	0.018846	0.011235	0.007882	0.008135	0.030191	0.007217	0.028411	0.031886	0.010647	0.017585	0.021857	0.035407	0.005055	0.005544	0.014074	0.037849	
0.007279	0.009807	0.010102	0.011834	0.024794	0.013802	0.005589	0.003841	0.031	0.006526	0.012391	0.008956	0.012052	0.024092	0.026948	0.030488	0.033742	0.031255	0.028746	0.011913	0.017536	0.013516	2.4e-05	0.027891	0.02019	0.038568	0.006759	0.036274	0.011861	0.019051	0.015003	0.003678	0.029608	0.035721	0.00486	0.008498	0.015004	0.004752	0.019884	0.037621	0.030542	0.020708	0.035086	0.030331	0.013305	0.021897	0.038271	0.038634	0.031006	0.028764	
0.015037	0.034331	0.013554	0.040544	0.010358	0.028181	0.042882	0.010349	0.026934	0.042912	0.01605	0.000608	0.035353	0.018855	0.017503	0.009793	0.042529	0.01536	0.015363	0.010512	0.008692	0.00941	0.002934	0.01605	0.008334	0.020757	0.021188	0.01295	0.004493	0.024276	0.041898	0.014046	0.003667	0.00974	0.015616	0.038172	0.030729	0.000207	0.043361	0.024971	0.012728	0.019908	0.025424	0.020503	0.008154	0.024475	0.010165	0.030544	0.006514	0.043086	
0.003127	0.027536	0.00692	0.027358	0.007663	0.029162	0.029887	0.019149	0.019112	0.001086	0.034963	0.037271	0.036064	0.042135	0.002063	0.009699	0.007603	0.028181	0.013884	0.027293	0.02287	0.033473	0.0203	0.033831	0.033862	0.025397	0.014033	0.016201	0.017326	0.031919	0.034674	0.001448	0.009005	0.003287	0.031149	0.033833	0.011742	0.009587	0.020262	0.007573	0.018611	0.007876	0.032042	0.026586	0.028662	0.012812	0.008565	0.017201	0.023624	0.002093	
0.013273	0.020301	0.0387	0.00358	0.018424	0.006796	0.024793	0.021925	0.020644	0.028944	0.016112	0.021741	0.039513	0.02353	0.030992	0.011889	0.02698	0.016093	0.02059	0.031104	0.007336	0.020773	0.035896	0.031755	0.028257	0.028222	0.001711	0.020471	0.024053	0.025297	0.000727	0.004095	0.037649	0.004626	0.014402	0.011635	0.030489	0.018675	0.011134	0.001232	0.037534	0.035716	0.004302	0.002685	0.038949	0.008962	0.017645	0.017189	0.026624	0.016035	
0.001228	0.028375	0.017804	0.002023	0.00801	0.037539	0.020766	0.004261	0.016337	0.025616	0.018333	0.006102	0.017802	0.039135	0.015656	0.000226	0.0031	0.002708	0.03668	0.041863	0.005678	0.028293	0.035926	0.006047	0.015063	0.004914	0.009513	0.034003	0.023064	0.029578	0.020465	0.007555	0.013224	0.019479	0.016563	0.030114	0.0326	0.022907	0.04265	0.034979	0.041256	0.017929	0.020772	0.001699	0.006145	0.015919	0.042622	0.012629	0.026241	0.038609	
0.012411	0.025577	0.014909	0.001981	0.024154	0.01053	0.016545	0.015326	0.009042	0.006104	0.004238	0.039483	0.039782	0.016815	0.015486	0.011436	0.014361	0.015433	0.005701	0.022314	0.022053	0.023309	0.03277	0.006077	0.01844	0.040963	0.040526	0.002351	0.032484	0.021198	0.02826	0.02273	0.003184	0.007275	0.002399	0.031902	0.034546	0.034808	0.02155	0.034404	0.03984	0.019372	0.01249	0.008898	0.0282	0.024079	0.040786	0.021156	0.000416	0.021906	
0.026389	0.031504	0.000238	0.021613	0.012409	0.010423	0.014308	0.0278	0.01653	0.024459	0.010753	0.03205	0.027561	0.022456	0.02826	0.007535	0.028523	0.007411	0.023785	0.014694	0.022478	0.004953	0.031408	0.02298	0.033922	0.015251	0.006285	0.034572	0.003342	0.019851	0.014795	0.027738	0.023727	0.00293	0.033075	0.032094	0.033917	0.034052	0.013651	0.030487	0.005524	0.004563	0.011343	0.017684	0.034047	0.004648	0.027213	0.025744	0.028342	0.010683	
0.006204	0.003146	0.030126	0.018181	0.032044	0.014827	0.028649	0.03799	0.010627	0.011461	0.009828	0.009269	0.038021	0.012697	0.030079	0.015526	0.00506	0.035563	0.020272	0.018425	0.028987	0.01904	0.038061	0.0141	0.038024	0.011927	0.023578	0.014405	0.006302	0.027094	0.030104	0.01929	0.032848	0.006615	0.028952	0.009525	0.028272	0.022764	0.004127	0.012839	0.035358	0.033368	0.023082	0.019794	0.022159	0.011737	0.018356	0.024944	0.002454	0.003899	
0.031937	0.023772	0.030274	0.027657	0.023486	0.004584	0.035716	0.024	0.008815	0.02098	0.02988	0.016579	0.02059	0.015985	0.029988	0.006915	0.017715	0.018372	0.028744	0.025078	0.024965	0.032367	0.01311	0.026385	0.017512	0.03194	0.005657	0.004307	0.021196	0.003173	0.016465	0.024682	0.011517	0.020724	0.001624	0.019821	0.014826	0.000971	0.036098	0.007746	0.026419	0.024998	0.003742	0.019834	0.020852	0.013725	0.026294	0.036385	0.027625	0.023973	
0.014114	0.012529	0.028228	0.017283	0.016816	0.022351	0.010119	0.030138	0.03329	0.013398	0.027178	0.027191	0.021221	0.01527	0.033841	0.007024	0.018849	0.028733	0.022285	0.031821	0.014995	0.000278	0.005434	0.012238	0.006687	0.019692	0.018175	0.002069	0.012441	0.033078	0.029926	0.023414	0.001491	0.006737	0.003258	0.028044	0.025576	0.026744	0.01969	0.024694	0.028297	0.010173	0.03038	0.021554	0.033912	0.022101	0.031557	0.027745	0.021956	0.025985	
0.014983	0.027095	0.020747	0.017321	0.01863	0.003366	0.015998	0.021172	0.023136	0.003512	0.02599	0.016746	0.030196	0.021028	0.029122	0.00594	0.030651	0.026274	0.019062	0.025224	0.011109	0.021829	0.008087	0.008158	0.029538	0.030656	0.026838	0.030076	0.029515	0.010972	0.030192	0.008501	0.028293	0.002465	0.031406	0.008542	0.030514	0.027833	0.024109	0.021013	0.015075	0.0311	0.001514	0.026117	0.022154	0.016438	0.007411	0.024817	0.024425	0.01511	
0.010386	0.00438	0.012957	0.02652	0.017697	0.011005	0.036676	0.003594	0.012341	0.013712	0.022513	0.008111	0.008141	0.010418	0.025117	0.002686	0.037066	0.028463	0.042403	0.039486	0.026429	0.029678	0.027869	0.037269	0.010014	0.010566	0.004483	0.021324	0.022851	0.012024	0.039415	0.011198	0.041702	0.002057	0.013173	0.035114	0.008038	0.03547	0.028705	0.010038	0.041545	0.027927	0.016353	0.006674	0.010856	0.028893	0.02688	0.027587	0.003136	0.00906	
0.000497	0.008217	0.006816	0.003568	0.019163	0.001163	0.013289	0.018618	0.02392	0.028379	0.036654	0.004324	0.009751	0.038651	0.017454	0.010367	0.023673	0.03197	0.014411	0.006778	0.009877	0.007339	0.020578	0.027651	0.009681	0.015803	0.004284	0.015601	0.018934	0.037284	0.044475	0.007385	0.014615	0.017561	0.003855	0.003178	0.01043	0.025654	0.014435	0.03993	0.030304	0.039203	0.040725	0.023776	0.036927	0.029562	0.036598	0.042116	0.024289	0.030287	
0.002696	0.030095	0.004632	0.012325	0.019805	0.004562	0.039225	0.035987	0.038287	0.037191	0.008215	0.000494	0.0221	0.025795	0.004708	0.02871	0.014342	0.023055	0.034447	0.034266	0.034106	0.035479	0.026652	0.016429	0.032028	0.001919	0.007933	0.019125	0.000949	0.00323	0.032834	0.016031	0.010232	0.030535	0.024121	0.003843	0.02543	0.026959	0.031084	0.023887	0.01511	0.02557	0.002964	0.031261	0.013839	0.016299	0.006839	0.021275	0.033445	0.009655	
0.036306	0.010215	0.027695	0.025459	0.033372	0.012906	0.024428	0.022954	0.028492	0.011583	0.031584	0.010037	0.015203	0.017462	0.000211	0.032821	0.011046	0.033277	0.039205	0.007737	0.022372	0.038135	0.008029	0.00204	0.024564	0.01082	0.015284	0.016631	0.008398	0.032351	0.009286	0.004991	0.025444	0.030527	0.016801	0.034619	0.016518	0.008297	0.014151	0.028922	0.00115	0.034684	0.023084	0.016995	0.027573	0.038254	0.027168	0.000822	0.007019	0.023078	
0.020913	0.025603	0.014123	0.029301	0.022763	0.02322	0.034002	0.030926	0.032152	0.012769	0.026404	0.00017	0.005358	0.03678	0.028915	0.00492	0.013623	0.029569	0.006105	0.009755	0.030145	0.023401	0.004602	0.002673	0.032418	0.016846	0.035291	0.032848	0.034348	0.027984	0.021149	0.009418	0.020644	0.03683	0.024137	0.03588	0.034656	0.024817	0.029784	0.013601	0.006991	0.030148	0.005762	0.011026	0.003358	0.015709	0.016263	0.002729	0.005304	0.003867	
0.006867	0.013561	0.019356	0.028652	0.027112	0.024221	0.014851	0.010927	0.013324	0.014892	0.004274	0.03424	0.032507	0.036453	0.032739	0.006266	0.003861	0.006988	0.030083	0.006334	0.022115	0.02771	0.001968	0.038527	0.038679	0.028728	0.031546	0.01827	0.029567	0.007792	0.029464	0.024434	0.021375	0.006241	0.020121	0.024902	0.004921	0.011458	0.008397	0.026757	0.008034	0.038987	0.007825	0.001436	0.039057	0.027185	0.017393	0.029659	0.034598	0.005346	
0.001971	0.002462	0.026078	0.03172	0.004192	0.002084	0.00929	0.025448	0.032056	0.016997	0.037884	0.00803	0.016152	0.018026	0.029875	0.032115	0.008721	0.001852	0.039588	0.035254	0.011417	0.01876	0.028001	0.03839	0.024403	0.00532	0.012987	0.022897	0.019311	0.036324	0.011262	0.032098	0.007023	0.032812	0.023013	0.013007	0.006079	0.013561	0.027703	0.022492	0.016133	0.031569	0.035953	0.01223	0.02369	0.01122	0.033445	0.010919	0.033763	0.004423	
0.027074	0.02619	0.020652	0.026233	0.02901	0.016708	0.021951	0.025484	0.015083	0.023513	0.032221	0.002296	0.017754	0.015092	0.009068	0.021671	0.004618	0.022039	0.016176	0.017767	0.007623	0.014084	0.031464	0.028797	0.036216	0.020658	0.004028	0.032042	0.031931	0.003162	0.032448	0.024429	0.007628	0.028223	0.022795	0.008881	0.005108	0.035298	0.016297	0.022785	0.030445	0.017133	0.032137	0.000938	0.01429	0.034312	0.00905	0.01466	0.020093	0.022445	
0.019745	0.029259	0.028296	0.010218	0.003614	0.032842	0.000309	0.034238	0.034409	0.002295	0.034366	0.00076	0.029474	0.01287	0.02556	0.016381	0.006219	0.028662	0.02545	0.030494	0.005048	0.029685	0.012377	0.005779	0.027468	0.024829	0.032757	0.022616	0.014051	0.003847	0.02279	0.035705	0.022244	0.007476	0.021369	0.034679	0.027266	0.024645	0.021243	0.016044	0.027024	0.020624	0.016144	0.011692	0.013828	0.023836	0.026123	0.023959	0.002515	0.016876	
0.038527	0.016008	0.008703	0.007286	0.022586	0.042399	0.037236	0.016692	0.043395	0.037089	0.023081	0.010579	0.019927	0.020906	0.020685	0.028479	0.013362	0.013561	0.017833	0.033841	0.042898	0.003179	0.016161	0.005027	0.018205	0.024085	0.017484	0.023881	0.008303	0.037049	0.006521	0.027286	0.012689	0.040632	0.006441	0.029427	0.002976	0.022	0.028045	0.001325	0.016542	0.013167	0.013005	0.001011	0.036619	0.015324	0.005113	0.018928	0.014875	0.019627	
0.030766	0.000491	0.001574	0.004841	0.023641	0.004526	0.02732	0.019284	0.006144	0.026261	0.003319	0.009448	0.012291	0.016792	0.020445	0.042822	0.008998	0.009123	0.016903	0.031155	0.043414	0.016113	0.038905	0.006118	0.00623	0.024406	0.008689	0.020751	0.032087	0.027604	0.02028	0.039033	0.038349	0.040874	0.017206	0.018104	0.038434	0.020777	0.002817	0.011243	0.043982	0.010621	0.010248	0.038073	0.032073	0.010936	0.003603	0.010235	0.016941	0.03571	
0.018406	0.013406	0.000177	0.010985	0.003048	0.024265	0.017509	0.028602	0.026214	0.002546	0.026137	0.033147	0.013708	0.012699	0.009421	0.013527	0.037232	0.033636	0.02169	0.031331	0.003934	0.022895	0.026775	0.000994	0.017892	0.024042	0.030642	0.015532	0.010524	0.009009	0.013123	0.027452	0.006035	0.038301	0.028228	0.027038	0.02567	0.025607	0.034828	0.01431	0.022968	0.006043	0.001652	0.031998	0.024095	0.037329	0.015022	0.024323	0.032653	0.0234	
0.010919	0.004645	0.03285	0.03996	0.002898	0.015502	0.034497	0.00839	0.041439	0.01878	0.039967	0.039707	0.005379	0.009391	0.017335	0.037663	0.021835	0.011058	0.020052	0.010281	0.031342	0.001064	0.018668	0.019403	0.014694	0.005571	0.031262	0.007277	0.013527	0.006887	0.009213	0.011268	0.038351	0.003571	0.027887	0.009243	0.016968	0.036556	0.022688	0.023996	0.025972	0.035301	0.022014	0.024145	0.027065	0.008701	0.01025	0.033642	0.008039	0.032887	
0.020073	0.025223	0.022472	0.03411	0.01971	0.016544	0.026916	0.013452	0.031241	0.003636	0.026579	0.011101	0.029486	0.026369	0.027622	0.016171	0.021105	0.024682	0.03332	0.029914	0.034391	0.010232	0.030697	0.004728	0.00401	0.012743	0.028376	0.021086	0.037622	0.019505	0.002618	0.013335	0.029225	0.031775	0.014957	0.000625	0.005332	0.026688	0.024241	0.014892	0.016595	0.011935	0.010326	0.029657	0.016837	0.009407	0.003012	0.01907	0.0192	0.037157	
0.043318	0.037705	0.012495	0.028311	0.024393	0.008234	0.03085	0.02961	0.022763	0.040574	0.027102	0.017075	0.025675	0.004217	0.005045	0.00811	0.002136	0.011708	0.010214	0.034315	0.001029	0.019254	0.000847	0.025765	0.009047	0.005741	0.001116	0.036584	0.009579	0.015853	0.014644	0.034607	0.013533	0.026167	0.023573	0.012021	0.034748	0.025338	0.037463	0.008545	0.01079	0.031018	0.031053	0.030762	0.021352	0.015105	0.015007	0.041464	0.001828	0.022317	
0.019852	0.019865	0.005306	0.022407	0.013213	0.011969	0.013478	0.010797	0.000363	0.004689	0.016237	0.029342	0.023396	0.020875	0.022337	0.02576	0.002716	0.035038	0.019883	0.019394	0.026075	0.0105	0.036453	0.018767	0.032755	0.035213	0.000586	0.035521	0.018634	0.025324	0.020802	0.017839	0.023793	0.016332	0.025364	0.00854	0.008447	0.010566	0.006724	0.035184	0.029276	0.026863	0.028715	0.026219	0.000399	0.021874	0.031784	0.030814	0.027033	0.026687	
0.032868	0.023512	0.01618	0.013275	0.018573	0.023354	0.005609	0.026878	0.012909	0.037016	0.001859	0.032464	0.027034	0.021714	0.013805	0.031572	0.00366	0.010344	0.011311	0.033093	0.016391	0.03709	0.021264	0.01672	0.021731	0.027284	0.018963	0.027539	0.036318	0.017206	0.037512	0.034263	0.019882	0.011777	0.022103	0.03057	0.02111	0.005698	0.010577	0.025412	0.003038	0.022635	0.013986	0.005433	0.034592	0.005246	0.022261	0.02607	0.000263	0.010036	
0.001651	0.009929	0.026335	0.022748	0.007886	0.020846	0.004348	0.00769	0.006666	0.018886	0.00029	0.019881	0.019353	0.007891	0.006892	0.011204	0.038934	0.000785	0.007035	0.022366	0.0047	0.03512	0.002589	0.039751	0.035088	0.041108	0.029828	0.022718	0.024866	0.017969	0.018118	0.006894	0.014501	0.032204	0.035739	0.02368	0.033273	0.032497	0.041122	0.025988	0.039264	0.022426	0.01901	0.007125	0.008594	0.01245	0.033319	0.029956	0.01506	0.033427	
0.027432	0.008763	0.034612	0.00387	0.035322	0.025535	0.011022	0.003384	0.002588	0.006249	0.017878	0.003199	0.01284	0.030644	0.019559	0.020863	0.020015	0.029404	0.032875	0.032161	0.024053	0.034791	0.001487	0.016802	0.01142	0.019815	0.019605	0.031846	0.037168	0.030249	0.018774	0.009241	0.007271	0.017663	0.030992	0.018417	0.004408	0.011014	0.011947	0.035419	0.03461	0.026168	0.037634	0.007724	0.01441	0.017411	0.031053	0.030184	0.000735	0.029474	
0.008893	0.031727	0.009757	0.012939	0.017789	0.019995	0.034308	0.00026	0.00493	0.011744	0.034659	0.004674	0.000509	0.003917	0.020549	0.006297	0.014324	0.036636	0.020089	0.012882	0.018329	0.045798	0.006812	0.032553	0.046779	0.005865	0.0416	0.012608	0.004139	0.045239	0.011097	0.025052	0.035016	0.036021	0.04397	0.004781	0.014214	0.020585	0.028064	0.024862	0.010239	0.011925	0.031908	0.036924	0.021092	0.010625	0.010611	0.000654	0.007427	0.048333	
0.012054	0.038318	0.000488	0.023868	0.003874	0.033881	0.012086	0.039857	0.027034	0.036566	0.029937	0.011033	0.032369	0.004049	0.029912	0.025697	0.034433	0.019867	0.002667	0.037304	0.008172	0.017893	0.037749	0.022266	0.029427	0.015818	0.015354	0.032028	0.035932	0.006378	0.03018	0.008203	0.013	0.024975	0.033987	0.021531	0.002128	0.000207	0.001758	0.027361	0.012405	0.011277	0.007086	0.02822	0.039229	0.010863	0.015848	0.008894	0.012435	0.014102	
0.020492	0.029898	0.019239	0.021328	0.015497	0.026017	0.022006	0.032346	0.011741	0.02841	0.025898	0.029161	0.024221	0.006989	0.027691	0.019375	0.032881	0.031241	0.025385	0.025329	0.015344	0.007215	0.028541	0.010307	0.028762	0.028028	0.027931	0.017075	0.029652	0.029791	0.005531	0.002778	0.010521	0.00894	0.02051	0.012169	0.008097	0.028453	0.027422	0.018556	0.010972	0.001893	0.028825	0.016087	0.016602	0.029096	0.006886	0.018703	0.021009	0.009159	
0.013788	0.032961	0.03406	0.000802	0.03809	0.015626	0.029142	0.008064	0.034613	0.000238	0.010229	0.020169	0.013384	0.007195	0.03457	0.022526	0.027506	0.013225	0.035618	0.029781	0.019495	0.007497	0.03743	0.02368	0.022613	0.029703	0.004267	0.009546	0.038145	0.002686	0.023793	0.025933	0.032638	0.024921	0.033121	0.010802	0.001038	0.020083	0.030957	0.016011	0.020376	0.0076	0.005067	0.010602	0.021487	0.006068	0.039508	0.011271	0.013433	0.028642	
0.007465	0.034297	0.03129	0.004021	0.031509	0.024889	0.037528	0.004409	0.036224	0.018942	0.032273	0.01485	0.027425	0.017982	0.023591	0.029065	0.025028	0.012547	0.028058	0.025899	0.007532	0.014593	0.017507	0.000665	0.011675	0.006178	0.011192	0.037868	0.009614	0.03781	0.030185	0.027534	0.019983	0.00114	0.006352	0.024333	0.013288	0.036997	0.031466	0.014929	0.008822	0.02526	0.023986	0.032656	0.030639	0.000318	0.004526	0.006645	0.026089	0.012926	
0.025154	0.014034	0.012424	0.031782	0.004192	0.013312	0.032167	0.016536	0.002851	0.023507	0.010709	0.015773	0.004016	0.007719	0.034642	0.002659	0.012224	0.035193	0.005869	0.025205	0.020232	0.02005	0.022974	0.006392	0.031692	0.002278	0.03724	0.020311	0.039013	0.022697	0.0208	0.042598	0.017787	0.006556	0.025067	0.036741	0.016328	0.003065	0.037911	0.042077	0.004583	0.020848	0.036508	0.019446	0.005249	0.032124	0.018104	0.009105	0.017011	0.035245	
0.033346	0.0021	0.023538	0.022995	0.01856	0.023239	0.0371	0.017878	0.025677	0.036953	0.032527	0.008454	0.008089	0.004011	0.001894	0.016918	0.004768	0.020654	0.007261	0.017777	0.007322	0.015002	0.034518	0.037426	0.033822	0.020302	0.028704	0.001085	0.029078	0.028145	0.031766	0.031475	0.010417	0.00547	0.014509	0.010304	0.0031	0.011316	0.018509	0.026261	0.007054	0.029128	0.006399	0.006593	0.03305	0.026409	0.034031	0.03359	0.034964	0.026512	
0.033381	0.021749	0.000954	0.035509	0.015128	0.003676	0.022049	0.014979	0.010874	0.025601	0.018768	0.027318	0.005289	0.009007	0.00613	0.023703	0.013834	0.018407	0.025701	0.024029	0.022686	0.033245	0.019873	0.030077	0.011346	0.01377	0.031291	0.027011	0.004043	0.017526	0.025181	0.019881	0.021628	0.024342	0.023682	0.00408	0.028226	0.026	0.017163	0.01315	0.032968	0.026025	0.030412	0.025767	0.009319	0.008569	0.008276	0.023423	0.034016	0.030938	
0.02711	0.02464	0.026866	0.005659	0.018895	0.008513	0.032224	0.033994	0.024416	0.007193	0.014895	0.039263	0.031901	0.009284	0.01588	0.012773	0.019167	0.028577	0.017658	0.025603	0.00795	0.010802	0.035877	0.008976	0.005344	0.010198	0.026807	0.014805	0.014374	0.002191	0.010766	0.039462	0.034722	0.002785	0.03751	0.033926	0.016896	0.017403	0.02771	0.036754	0.018605	0.021274	0.027312	0.014055	0.012744	0.004632	0.03196	0.039169	0.005682	0.004798	
0.009994	0.015374	0.027459	0.027455	0.022245	0.015478	0.015697	0.007905	0.036512	0.014677	0.038197	0.030598	0.026775	0.015747	0.004533	0.006977	0.022925	0.026115	0.036502	0.02794	0.003331	0.011741	0.009192	0.000263	0.003762	0.019499	0.025008	0.021975	0.018721	0.017904	0.015031	0.000705	0.032026	0.032776	0.01733	0.018515	0.016553	0.017241	0.022769	0.007172	0.032299	0.020501	0.025481	0.028413	0.017018	0.029758	0.033557	0.020991	0.031158	0.020205	
0.012764	0.011141	0.018105	0.008392	0.013693	0.005584	0.016691	0.009008	0.038849	0.019033	0.015274	0.012726	0.001092	0.031927	0.00065	0.009946	0.006645	0.022961	0.002488	0.01683	0.017425	0.002673	0.01691	0.010702	0.042019	0.037799	0.027558	0.016574	0.040875	0.013786	0.016877	0.042267	0.024835	0.02944	0.014787	0.03039	0.029822	0.03079	0.021919	0.008374	0.026239	0.044286	0.028418	0.018119	0.026118	0.022943	0.035017	0.008555	0.001277	0.039407	
0.006736	0.03156	0.027237	0.033558	0.018764	0.002647	0.025587	0.034148	0.034401	0.012173	0.022649	0.013132	0.005649	0.029929	0.02413	0.00461	0.015884	0.003554	0.03939	0.018763	0.003911	0.038011	0.011485	0.010288	0.011916	0.008493	0.02683	0.036082	0.039524	0.014249	0.039657	0.013577	0.039311	0.040498	0.024826	0.016984	0.025705	0.002424	0.015301	0.016775	0.000946	0.023793	0.006168	0.020462	0.009151	0.033663	0.016867	0.006815	0.033952	0.007835	
0.037274	0.020407	0.03194	0.039512	0.028484	0.023568	0.00757	0.015049	0.016736	0.018259	0.018609	0.023571	0.007729	0.003431	0.000763	0.019398	0.009288	0.014927	0.015844	0.03437	0.028955	0.000486	0.028106	0.001962	0.021615	0.01955	0.001713	0.032098	0.039016	0.0328	0.016715	0.010904	0.034967	0.01145	0.03211	0.006803	0.021225	0.005192	0.030847	0.010918	0.024299	0.030296	0.013934	0.036275	0.01331	0.007233	0.030152	0.000866	0.038165	0.031309	
0.39