50
2
-0.784713	0.158479	-0.582283	-0.655158	-0.666659	0.234907	0.671425	0.624238	0.602396	0.318344	0.092941	0.718646	-0.537469	-0.584069	-0.13217	0.612489	0.580796	-0.703968	-0.967731	-0.351985	-0.696167	0.091277	0.839568	-0.42161	-0.771321	0.645301	-0.821899	-0.327774	0.474884	0.149953	-0.150907	-0.208965	-0.905593	0.184021	-0.63407	-0.665409	-0.653181	-0.709705	-0.596135	0.669748	-0.514557	0.248249	0.519882	0.84549	-0.56188	0.794911	-0.034164	-0.844955	-0.287251	-0.734942	
-0.8528	-0.066742	0.721363	-0.626785	0.587098	0.42839	0.389646	-0.796709	-0.840712	0.021941	0.601104	-0.526376	-0.06417	-0.850035	-0.726196	0.381493	-0.043798	0.727591	-0.351962	0.555857	0.974347	0.653208	0.911321	-0.075179	-0.099547	-0.015505	0.210412	-0.17014	0.360628	-0.164233	-0.669908	-0.473576	0.065208	0.367342	-0.374018	0.3483	-0.975342	-0.038498	-0.493482	-0.410466	-0.759877	0.532057	0.184597	0.133761	-0.814771	0.03553	0.169271	-0.542012	-0.881416	-0.835961	
0.903477	-0.100868	0.014303	-0.226451	-0.472012	-0.824374	0.814019	-0.795929	-0.699848	-0.651447	-0.90714	-0.440711	-0.169405	-0.663772	-0.52336	-0.002324	-0.522783	0.14305	0.747134	0.75781	0.276131	0.007176	0.583742	0.748891	0.341728	0.531893	0.67225	0.76281	0.582421	-0.88522	-0.598728	0.670378	0.76846	-0.504324	0.963136	-0.016537	0.181233	-0.083446	0.430247	0.919737	0.462264	0.923954	0.975415	-0.506718	-0.086624	-0.943638	-0.32928	0.715396	0.194597	0.010935	
0.462072	-0.935138	0.253789	0.660061	-0.54331	-0.152169	-0.30863	0.799916	-0.244874	0.892419	-0.825653	-0.923586	-0.999229	0.022807	0.915476	-0.445524	-0.184696	0.405058	-0.180162	-0.828334	0.690799	-0.473312	-0.461014	0.618521	-0.15741	-0.149419	0.612008	-0.632646	0.60494	0.981355	0.535534	0.455455	0.01914	0.494985	-0.414945	0.890965	-0.744774	0.714829	-0.639272	-0.060399	-0.038374	-0.756705	-0.000103	-0.068033	-0.172934	-0.337134	0.124263	0.700368	0.547538	0.452814	
-0.014429	0.333371	-0.542278	-0.568462	-0.503496	-0.962604	-0.204513	-0.153583	0.721389	-0.547015	-0.224012	-0.602319	0.174455	-0.514848	0.842161	0.539607	-0.31303	-0.625032	-0.917232	-0.332975	0.864032	0.435495	0.945907	-0.367655	-0.555801	-0.59285	0.681501	-0.953972	0.34878	0.425712	-0.67703	0.590559	0.46952	-0.925878	-0.188278	0.316456	0.007983	0.265718	0.519734	0.776622	-0.754111	-0.866737	-0.178884	-0.249305	0.294321	0.46947	-0.174994	0.43912	0.141142	0.122588	
0.260431	0.51877	0.446923	-0.976216	-0.444686	0.552725	0.743118	-0.71534	0.686014	0.743479	-0.565403	0.509436	-0.516672	0.682076	0.497864	-0.370542	0.442329	0.939447	-0.59476	-0.702886	-0.759593	-0.678372	-0.715968	0.978267	0.959971	-0.425256	-0.606819	-0.622239	-0.893396	-0.852377	-0.815085	-0.369946	0.7653	0.563488	-0.482391	0.40868	-0.80467	0.472355	-0.198656	0.184604	-0.649592	-0.133715	0.824493	0.249033	0.958385	-0.316736	0.292223	0.982282	0.58674	-0.103739	
-0.338941	0.075282	-0.727644	0.700135	0.806956	0.612551	0.583791	0.163635	0.022614	0.204853	0.258054	-0.048722	-0.865003	0.781814	-0.856772	0.346717	0.52937	0.650492	0.310433	0.431037	0.232383	-0.390704	0.861592	0.884474	0.293214	-0.093961	-0.6738	0.727098	-0.026312	0.607864	0.483438	0.041518	-0.982061	0.551988	0.637305	0.076908	-0.383866	0.297197	-0.587637	-0.460879	-0.091116	-0.801927	0.555307	0.567766	-0.905966	-0.294977	0.376298	0.92401	-0.204678	0.26649	
0.465872	-0.580281	-0.339188	-0.861295	-0.435381	0.317104	0.849798	0.717919	0.73975	-0.882123	0.252187	0.976052	-0.828414	-0.064917	-0.651663	-0.58278	0.654331	0.526425	-0.390284	-0.20806	-0.655207	-0.09244	-0.938332	0.892319	-0.569394	0.941355	-0.59756	0.730685	-0.174164	0.340636	-0.74854	0.278546	0.526698	0.19218	-0.482257	-0.686395	0.022406	0.865319	-0.822902	0.813557	-0.353834	0.589147	0.131984	0.412172	0.63203	0.45378	-0.265078	-0.393422	0.410874	0.673407	
0.035179	0.850182	-0.035244	0.677637	-0.977637	-0.246534	0.226115	-0.750595	-0.788809	0.45874	0.575839	-0.416715	0.033885	0.06571	0.080656	0.681991	0.25043	0.394328	-0.933076	0.14897	-0.610358	-0.463155	0.845365	0.417254	-0.935917	-0.79276	0.017769	0.966655	-0.440786	0.831649	0.555352	-0.293262	-0.001203	0.216567	0.964016	0.219589	0.014593	-0.894837	0.708595	-0.222997	0.177343	0.420483	-0.873833	0.618976	-0.762339	0.227143	0.498893	0.253771	-0.951649	0.692541	
-0.352767	0.335019	0.595484	0.484787	0.355432	0.385663	-0.376935	0.634665	-0.87576	-0.317445	0.312589	0.35121	0.695675	-0.749851	-0.92451	0.422688	-0.075474	0.375482	-0.732019	-0.133388	0.026569	-0.678928	0.901632	-0.941027	-0.513975	0.702967	0.518309	-0.419488	-0.19061	-0.996391	-0.471342	-0.939228	-0.343027	0.64675	-0.336297	0.234233	-0.781918	-0.506044	-0.604568	-0.066908	-0.605471	0.892816	-0.686103	0.569103	-0.738048	-0.739405	0.993019	-0.613864	0.423452	-0.803893	
0.612773	0.118555	0.010161	-0.915224	-0.59156	0.55225	-0.415004	-0.527271	0.263399	0.409524	-0.476303	0.420397	-0.495211	-0.267753	-0.614265	-0.5656	0.883148	0.406881	0.108181	-0.708782	-0.206802	-0.05379	0.255037	-0.41081	-0.865177	0.913518	-0.735133	0.012175	0.860797	-0.086712	-0.768596	0.793521	0.977263	-0.870068	-0.749906	0.044753	-0.539514	-0.947077	-0.709629	-0.851276	-0.501045	0.019491	-0.965173	0.707731	-0.482948	0.010508	-0.996634	-0.445784	-0.549316	-0.784798	
-0.657894	-0.532583	0.720911	-0.612213	-0.278029	-0.796387	-0.878503	-0.825378	0.182882	-0.55139	-0.99538	-0.124881	0.354206	-0.604821	0.825648	-0.142998	-0.04528	-0.632711	0.290895	-0.297179	0.425903	-0.591188	-0.814265	-0.1377	-0.116212	0.86342	-0.368312	-0.046842	0.006904	0.031848	0.738282	-0.633237	-0.944662	-0.936192	-0.250849	0.2199	0.842755	-0.427425	-0.10736	0.541358	0.278622	0.790945	0.403768	0.919297	0.226347	-0.509641	-0.065895	0.626852	-0.562951	-0.634287	
0.662286	0.075953	-0.155723	-0.275225	0.482128	-0.315204	-0.580209	-0.481731	0.533088	-0.612078	-0.279472	0.963176	0.452779	0.956369	-0.224689	-0.635409	0.951052	-0.109021	0.349412	0.684107	-0.394913	-0.98448	0.636755	-0.653539	0.263617	-0.753911	0.145958	-0.331138	0.775696	-0.560599	-0.272021	-0.92725	-0.676211	-0.057717	0.624238	0.029308	-0.694534	-0.983605	-0.460438	-0.271048	-0.303738	-0.232396	0.972275	0.221176	-0.653965	-0.154218	-0.436052	0.427551	-0.236524	-0.578115	
0.800268	0.387678	0.312198	0.257784	-0.89447	0.710405	0.021507	-0.047156	0.982716	-0.336243	0.793922	-0.194232	0.351502	0.064193	0.94818	0.859046	-0.29138	-0.073902	0.043206	0.441868	-0.722449	-0.039852	0.820702	0.735869	0.235065	0.944582	0.465418	0.83889	0.949125	-0.155896	-0.277989	-0.08271	-0.111399	-0.416763	0.132302	0.109051	-0.402917	0.781289	-0.463921	0.871636	0.718495	0.690886	0.351767	-0.331552	-0.05305	-0.343897	0.409207	0.092113	-0.974745	0.593508	
0.972119	-0.86157	0.131702	-0.063109	-0.635281	0.851587	0.280578	0.176214	-0.518487	0.184137	0.883429	-0.22963	0.131131	-0.025906	-0.555993	0.663789	-0.111256	-0.731766	-0.70576	0.432559	0.634424	-0.757911	-0.981836	-0.922836	0.423636	-0.155198	-0.151917	0.967204	0.381813	0.510674	0.503927	0.087997	-0.894019	0.015617	0.025169	-0.815045	-0.547477	-0.560425	0.753577	0.211656	0.388944	0.881742	-0.431661	0.912817	-0.810483	0.806743	-0.15531	0.792804	-0.19002	-0.27553	
-0.37183	0.80873	-0.889792	0.082229	-0.55321	-0.267804	-0.188576	0.313746	-0.789322	-0.276583	-0.855837	-0.288855	0.773579	-0.503787	-0.186211	-0.990245	-0.612377	-0.970067	0.801332	0.74026	-0.84664	0.161465	-0.457493	0.975876	0.258306	-0.537514	-0.687759	0.079887	0.038645	-0.002515	-0.322451	-0.473199	0.926977	-0.378641	-0.217151	-0.582686	-0.53793	0.10326	0.953974	0.221825	-0.788442	-0.67119	0.742137	-0.248587	0.111698	-0.971942	-0.371073	0.330185	-0.050786	0.05517	
0.521031	-0.181204	0.999657	-0.657909	0.869819	-0.200185	-0.900481	0.232714	-0.59908	0.724517	-0.90108	0.753962	-0.605226	0.075495	0.041971	-0.962305	-0.538674	-0.685325	-0.070575	-0.750017	0.041998	0.409334	-0.29884	-0.943306	-0.78554	0.061714	0.247807	-0.883591	-0.287133	-0.14609	0.86497	0.332791	0.052721	-0.263906	-0.456635	-0.529129	-0.235696	-0.160129	-0.102628	0.969293	-0.055053	0.523003	0.243563	0.726972	0.108671	0.778855	0.68131	-0.935136	-0.197992	0.094367	
-0.750317	-0.20105	0.151345	-0.321542	-0.108549	0.946658	-0.748005	0.484226	0.343736	0.430005	0.743228	-0.437828	-0.651196	-0.845066	-0.412109	0.35217	-0.763704	-0.244216	-0.83623	0.058567	-0.039353	-0.30759	-0.059533	-0.116819	0.841862	0.723613	0.940022	0.790444	0.125911	-0.770503	-0.425926	0.657773	0.561081	-0.455186	-0.436828	0.521837	0.116634	0.712531	0.810548	-0.222728	-0.892467	-0.940737	0.135593	0.533623	-0.852887	-0.950425	-0.844368	0.270215	0.103954	-0.712775	
0.689834	0.290253	-0.107836	0.158428	0.520244	-0.957158	0.4316	0.501683	-0.116502	0.721686	0.525468	0.462083	0.280554	0.229165	0.67081	0.777424	0.866914	0.843824	0.784688	0.139025	-0.652985	-0.85339	0.727314	0.774447	0.824536	0.141605	0.433818	0.950079	0.733749	-0.085983	-0.545093	-0.285926	0.353826	0.129586	0.057304	0.700307	-0.654581	-0.198661	-0.642652	0.593506	-0.882711	-0.357692	-0.453867	0.163346	0.52023	0.732666	0.568904	-0.680675	-0.970761	0.17236	
0.208474	-0.227051	0.109453	-0.970348	0.252832	-0.802395	-0.511296	0.641058	0.296452	0.843558	0.826677	0.730062	0.308811	-0.828932	-0.13176	0.31207	-0.990009	0.641037	-0.269163	0.089305	-0.750346	0.521804	0.067589	0.141306	0.289195	-0.92422	-0.616861	-0.657298	0.261539	-0.572576	-0.88637	0.194843	-0.900416	0.715367	0.439334	-0.185936	0.822575	0.605167	-0.528561	-0.677143	0.058522	-0.032053	-0.458666	-0.724173	-0.536263	-0.401031	0.703885	0.581113	-0.559172	-0.912554	
0.5565	0.81498	-0.547454	0.743899	-0.943601	-0.671636	0.28881	0.978929	0.452555	0.878324	0.474211	0.299502	0.137232	-0.383723	0.101267	-0.852416	0.779361	-0.252408	-0.617479	-0.32085	-0.891974	-0.017798	-0.225687	0.230206	-0.733998	-0.733793	-0.328877	0.168773	0.192241	-0.461808	0.010504	-0.760227	-0.029954	0.213712	-0.942752	-0.277104	-0.47808	0.036049	0.111169	-0.547671	0.945305	0.25282	-0.501626	0.631986	0.088264	0.799109	0.97498	-0.703844	0.759159	-0.662279	
0.269231	-0.590433	0.76165	-0.518953	-0.220207	0.862584	0.222927	-0.401351	0.793215	-0.377725	-0.48137	0.300913	0.404539	0.534893	-0.208894	-0.136245	-0.130927	-0.822069	0.666705	0.440023	0.616023	-0.127918	-0.481454	0.426407	0.143567	-0.880941	-0.724967	0.643465	0.480945	-0.206383	0.928488	-0.658773	0.486397	-0.038955	0.446618	0.055737	0.985413	0.229711	0.049038	-0.074968	-0.225572	-0.910237	-0.667671	0.701019	-0.713486	-0.176009	0.851831	0.858537	0.981451	-0.83628	
0.614233	-0.617995	0.01707	-0.565177	-0.161568	0.564473	-0.395049	0.117039	-0.358502	0.796489	-0.593541	0.124169	-0.430462	-0.949767	-0.388398	0.799498	-0.9302	-0.976196	-0.408328	0.64986	0.321583	-0.111147	0.053248	0.853089	-0.724626	0.542777	0.533502	-0.710605	0.493897	-0.193666	-0.715973	-0.881336	0.989102	-0.011287	0.698794	0.082502	-0.186209	-0.832458	-0.706712	-0.028316	-0.797431	0.875777	-0.51443	0.32427	-0.056837	0.037261	0.576994	-0.790665	-0.715088	-0.946707	
-0.267913	0.679844	-0.683538	-0.554107	-0.981872	0.343483	0.864489	-0.466867	-0.911106	0.793203	-0.576271	0.060764	-0.135664	-0.520367	-0.405999	0.255285	0.180794	0.757426	-0.211299	0.692048	-0.523621	0.668191	-0.068821	-0.903902	0.206324	-0.272266	0.846685	0.875778	-0.183784	-0.76912	-0.017815	0.15109	-0.901407	0.980558	-0.564782	0.924294	0.738583	0.057417	-0.346029	0.15031	0.711263	-0.085756	-0.895207	0.68982	-0.877633	-0.373512	0.876045	0.052535	0.861445	0.258547	
0.509105	-0.935036	0.464804	-0.950091	0.414599	0.905205	-0.441782	0.462139	0.577007	0.848041	-0.569021	-0.2596	-0.127409	0.755044	0.291723	0.317414	-0.31858	-0.001557	-0.125046	0.55032	0.694154	0.446497	-0.054019	0.439959	-0.099078	-0.277709	0.506859	0.249946	-0.934574	0.574189	0.477188	0.002768	0.385811	-0.229741	0.744095	-0.519041	-0.716215	-0.083067	0.649548	-0.445916	-0.567953	-0.086415	0.046251	-0.507936	0.213647	-0.532127	-0.768335	0.155858	-0.658356	0.748336	
0.107947	0.855575	0.954778	-0.615912	0.598761	-0.31842	-0.186169	-0.680504	-0.505169	0.115042	-0.553038	-0.232844	-0.700231	0.451018	-0.183061	0.757677	-0.18314	0.526325	-0.940347	-0.735689	-0.96812	-0.319153	0.918707	-0.769018	0.3325	0.688613	0.455141	0.461262	0.33683	-0.172527	-0.454536	0.49506	0.645081	0.964565	0.162251	0.916802	0.61367	0.835265	0.712991	-0.734221	0.724473	0.459745	-0.145992	-0.188638	-0.724839	-0.000204	-0.183848	0.605201	-0.693205	0.242857	
-0.051253	-0.969218	-0.918666	0.29858	0.461735	0.17498	0.65995	-0.559415	0.160659	0.744557	0.341665	-0.926494	-0.120317	0.347076	-0.701518	0.908696	-0.393559	0.328488	-0.894575	0.493768	0.541059	0.424026	-0.201803	-0.329934	0.405154	0.993351	0.188412	0.67767	0.745309	-0.179374	-0.925217	0.022019	0.431534	0.994864	0.270364	-0.612353	0.698786	0.010658	-0.011696	-0.721619	-0.109797	-0.785582	-0.232404	-0.117241	-0.922204	-0.630196	-0.184981	-0.332651	0.641305	0.322845	
-0.016337	0.748637	0.937173	-0.350143	0.078736	0.208676	0.683202	-0.116699	0.41056	-0.961956	0.996733	-0.234744	-0.981586	0.035508	0.703663	0.21454	-0.271755	-0.011413	-0.622921	0.69976	0.776445	-0.001553	-0.759236	0.257883	0.706008	-0.470147	-0.892417	-0.878814	0.944091	-0.601314	0.26542	0.411025	0.199094	-0.884589	0.656127	-0.403421	0.937037	0.683747	-0.938224	0.17389	-0.93442	-0.820154	0.120807	-0.204774	-0.175544	0.936186	0.82355	0.637594	-0.718856	0.817939	
-0.691465	-0.36436	0.306645	0.297692	-0.340267	0.74546	0.637395	-0.409106	-0.465792	0.16479	-0.493379	-0.760121	0.306038	0.606864	-0.056976	-0.22869	0.683879	0.660977	-0.564121	0.224971	-0.133931	-0.635948	0.64525	0.381962	-0.192169	0.922209	0.182081	-0.57142	0.619508	-0.314162	0.634259	0.486092	-0.254676	0.162774	-0.153556	0.244495	0.621434	-0.654699	-0.570711	0.290551	0.101709	0.409271	-0.905253	-0.897132	0.433635	-0.649619	-0.937862	0.976489	-0.153085	-0.779528	
-0.924898	0.562739	0.733592	0.8499	0.274158	0.465622	-0.306642	-0.314279	0.16055	0.05128	0.280367	-0.266407	-0.215282	0.021566	-0.140268	-0.778805	-0.439011	-0.109322	0.169208	-0.644968	-0.581965	-0.64992	-0.614474	-0.65602	0.298867	0.490137	0.66694	0.176572	-0.714742	-0.862594	-0.84497	0.211517	0.742795	0.392285	-0.484833	0.569535	0.232124	-0.490742	-0.980297	-0.227733	-0.218248	0.938137	-0.908855	0.117902	-0.896212	0.194397	-0.665447	0.277743	0.747635	-0.739968	
-0.727926	-0.089293	-0.667587	0.067622	0.227772	0.024783	-0.711159	0.087895	-0.379298	0.69833	0.882249	-0.040542	-0.476364	-0.342131	0.781182	-0.150096	0.433749	0.401685	0.547932	-0.99599	-0.215494	0.211243	0.703326	0.810657	-0.062095	-0.924748	-0.037183	0.160583	0.262563	0.792042	0.807147	-0.881469	0.343452	0.065753	-0.976122	0.438169	0.930539	0.528441	0.739242	-0.636836	-0.652821	-0.639912	0.831269	0.982529	-0.401123	0.599297	-0.120578	0.212287	-0.966658	-0.40412	
0.405116	0.048662	-0.152808	0.39534	-0.268183	-0.942926	-0.149076	0.501419	-0.413779	0.196203	0.691665	0.160377	0.390173	-0.167429	-0.225844	0.610417	-0.725183	0.651097	-0.746743	-0.125467	-0.107989	0.738923	-0.988912	0.445951	-0.813895	-0.117416	-0.004099	-0.501236	0.238168	0.880963	-0.942067	-0.255374	-0.746448	0.209558	-0.498301	0.902998	-0.323655	-0.397266	0.470595	-0.34385	-0.481386	-0.943939	0.5161	0.527747	-0.987411	0.794137	-0.742833	-0.235719	-0.6173	0.007325	
0.16365	0.631766	0.749631	-0.346075	0.811303	-0.526509	-0.685595	-0.24589	0.542021	0.527289	0.86733	-0.779709	0.744492	0.383385	-0.195691	0.082923	-0.797626	0.476508	0.372644	-0.465604	0.891981	0.03829	0.310269	0.39712	-0.992046	-0.382849	0.057087	-0.10871	-0.035346	-0.728692	-0.766762	0.780515	-0.154718	-0.726176	0.273577	0.383002	-0.367648	-0.856867	-0.19519	-0.380819	-0.385686	-0.3758	0.365285	-0.116728	-0.180031	-0.750714	-0.002855	-0.64024	-0.555462	-0.340144	
-0.850515	-0.307944	-0.933606	0.006102	0.127883	-0.435731	0.040294	0.821139	0.255164	0.958417	-0.554604	0.530635	0.486091	0.06804	-0.640602	0.903388	0.420448	-0.330118	0.138472	-0.792459	-0.222303	-0.994227	0.296751	0.09653	0.118436	0.12525	-0.525074	0.73475	0.23492	0.094121	0.534949	0.505901	0.045075	0.313409	-0.223056	-0.49923	0.424663	0.139289	0.72637	0.007994	-0.830998	-0.099683	0.82045	-0.085533	0.412835	0.07481	0.284124	-0.00693	0.039682	0.989099	
-0.284712	0.525113	-0.371349	-0.56194	-0.293242	0.702589	0.776665	0.514727	0.854335	-0.932532	-0.766142	-0.091151	0.67998	-0.005404	-0.490042	-0.448572	-0.671524	-0.756961	0.316748	-0.386144	0.443759	-0.357201	-0.990353	-0.458825	0.93865	-0.592462	-0.65623	0.463733	0.631418	0.064535	0.313959	0.92675	0.133714	-0.603482	-0.400025	0.147734	0.738547	0.385054	0.167169	-0.879278	-0.221983	0.60585	0.074607	0.651173	-0.579277	0.256908	-0.363665	0.276104	-0.057591	-0.131718	
-0.270458	-0.308857	-0.022898	0.738283	0.032636	-0.53245	-0.437939	0.801568	-0.152837	0.327467	-0.584224	0.577569	-0.214008	0.211267	0.191794	0.28375	0.298513	0.151974	0.924889	-0.761381	-0.235594	-0.551989	0.602456	-0.75281	0.788053	-0.014491	-0.551085	0.792557	0.829684	0.618198	-0.188616	-0.75382	-0.49909	0.941988	-0.622874	-0.673195	-0.415604	-0.700386	-0.075467	-0.318394	0.237542	-0.874791	0.070485	0.524363	-0.5398	0.96787	-0.441259	-0.398626	0.767069	0.27702	
0.184195	0.45775	-0.61457	-0.858521	0.041362	0.767082	0.681336	0.550575	0.946247	-0.451429	-0.715419	0.608584	0.547834	0.63536	-0.863886	-0.953828	0.690691	-0.605155	-0.430142	0.7643	-0.768765	-0.347575	0.307373	-0.599583	-0.388274	-0.196795	0.838182	-0.651498	-0.390778	0.520516	-0.579969	0.552698	0.116421	-0.875489	-0.314044	-0.40492	-0.724143	0.807052	-0.737791	0.774358	-0.719616	0.33186	0.061595	-0.232506	-0.178529	-0.101761	-0.417863	-0.861394	0.829742	-0.629777	
0.351753	0.875351	-0.796943	-0.080261	-0.049662	-0.513572	-0.920331	-0.69005	0.826317	-0.212924	-0.276057	0.471194	0.755081	0.230196	-0.773522	0.642978	0.060016	-0.36555	-0.928053	0.253431	-0.930099	0.588338	0.082037	0.443414	0.296355	0.781714	-0.097488	0.149464	-0.757064	-0.915993	0.674521	-0.753306	0.678768	0.869319	0.960251	-0.029793	-0.720452	0.224269	-0.028172	-0.479706	0.293028	0.76651	0.264535	0.953364	0.338025	0.511037	0.132872	0.943464	-0.062968	0.370109	
-0.243581	-0.512792	0.2792	0.938777	0.47549	-0.617692	-0.109888	0.433434	-0.045858	-0.265937	-0.850957	0.148372	0.191394	-0.953253	0.690256	0.863385	0.208473	0.52918	0.335722	0.857328	-0.736075	0.67094	0.871865	0.439035	0.053807	-0.371425	-0.872336	-0.69116	0.096798	0.699702	-0.551503	0.094267	-0.318498	0.999435	-0.81155	-0.424538	-0.674282	-0.816048	0.075959	-0.781652	-0.867985	-0.884798	-0.877182	-0.890438	0.312198	-0.619903	-0.602144	0.27781	-0.30343	0.197313	
-0.70095	0.852935	-0.470149	-0.535041	0.037404	-0.892646	-0.222591	0.444115	0.044295	-0.008629	-0.91233	0.902478	0.141173	-0.374595	0.504225	-0.439673	-0.475835	0.521016	0.33265	-0.927928	0.52492	0.842783	0.078611	0.63687	0.652026	0.295363	-0.242539	0.988309	0.711711	-0.150615	-0.774563	0.536779	0.365143	-0.192043	0.124554	-0.434385	0.086396	-0.536857	0.909945	0.109715	0.464685	0.615904	0.985536	0.439981	0.026544	0.651574	0.523857	-0.78272	0.256319	0.39001	
-0.982669	-0.218623	-0.233889	-0.129562	-0.214817	-0.823887	-0.257514	-0.863683	-0.811206	-0.711719	-0.44426	0.442378	-0.310961	-0.598974	0.305441	-0.107591	-0.11523	0.469299	0.64336	0.134123	-0.299634	-0.344521	-0.305984	0.887424	-0.649759	-0.938891	-0.511781	0.142127	-0.30118	-0.594967	-0.353023	-0.614134	0.897471	-0.365597	0.45825	-0.338945	0.470072	-0.349628	0.746072	0.298636	0.21323	0.203152	0.269546	-0.625169	-0.937781	0.764124	-0.326075	-0.71124	-0.708074	0.694527	
0.493241	-0.955525	0.628965	-0.285845	0.139445	0.846426	-0.635999	0.91084	-0.283849	0.088121	-0.633122	0.763601	-0.689004	-0.041048	-0.722018	-0.19932	0.170815	-0.080501	0.430326	0.566399	0.898511	0.997067	-0.754592	0.874027	-0.959377	0.640104	0.586887	0.422262	0.155124	-0.476075	0.319408	0.856506	-0.384747	0.814862	0.203676	-0.07474	-0.456092	0.663336	-0.747943	-0.506039	-0.549506	0.97125	-0.472845	0.412668	-0.304995	-0.955547	-0.402627	-0.481781	-0.315082	-0.74353	
-0.828246	0.483731	0.229264	0.825932	-0.340697	0.89203	0.665477	-0.440826	0.35404	0.606153	0.752915	0.491362	0.512831	0.969202	0.477742	0.687141	0.839188	-0.46664	0.140162	-0.561836	0.013711	0.702335	0.717181	0.564819	0.441122	-0.267036	0.629886	0.979891	-0.637939	0.988271	-0.136499	-0.979181	0.999626	-0.615485	0.371917	-0.553309	-0.415115	-0.704776	0.494819	-0.821473	0.816022	-0.811902	0.368634	-0.705663	-0.193596	0.092288	-0.07718	-0.741353	-0.912559	0.438816	
-0.192074	0.363582	-0.861035	0.958771	0.317167	0.470575	-0.243626	0.908955	0.993265	0.518766	-0.715838	-0.522575	0.251428	0.292621	0.95714	0.961283	0.789997	0.357299	-0.712783	0.322267	0.710952	0.815551	-0.474588	0.391281	-0.735845	-0.65634	0.254939	0.769895	-0.667799	0.646632	0.750772	0.51962	0.131347	-0.301941	0.900665	0.101789	0.974185	-0.250573	0.675054	-0.146887	0.590454	-0.246133	-0.77383	0.003079	0.683356	-0.76411	0.906171	-0.713334	-0.530315	-0.441988	
0.39325	0.927278	-0.449257	-0.584406	0.386651	0.588053	0.743759	-0.229445	-0.253025	-0.461669	0.200076	-0.814803	-0.644135	0.538914	0.427432	-0.958363	0.495374	0.424122	-0.29157	0.162183	-0.805479	-0.999324	-0.985233	0.585655	-0.002841	-0.30682	-0.148481	0.860259	0.253617	-0.579111	-0.220247	-0.08653	-0.289421	0.716631	0.908145	0.554205	0.30841	-0.542615	0.651544	-0.791047	-0.836874	-0.203965	0.670411	-0.752918	-0.892771	-0.409263	0.438692	0.191621	0.001058	0.645906	
-0.088563	0.241546	-0.480461	0.222473	-0.340403	0.854791	0.263927	-0.013938	-0.384519	0.922126	-0.42175	-0.174911	0.217874	-0.396177	0.380545	-0.437902	0.345611	0.120741	0.063701	-0.947318	0.320547	0.052242	0.391642	-0.498933	0.623159	0.417659	0.889256	-0.285861	0.04969	0.396924	-0.359949	0.206905	-0.185363	0.43632	0.149151	0.789496	-0.541922	0.146234	-0.532644	-0.331339	0.119756	0.628657	-0.438521	0.545409	0.750515	0.233385	-0.105043	0.402355	0.737861	-0.438108	
-0.207389	-0.665954	0.713737	-0.287245	0.705847	-0.288895	0.475767	-0.428786	0.488736	-0.166328	0.823554	0.164154	0.588385	0.429231	0.619401	0.629484	-0.684422	0.490938	0.053006	0.683899	0.641682	0.554827	0.567374	0.015095	0.895227	0.72315	0.390721	-0.65773	-0.488289	-0.54663	-0.838846	-0.263599	-0.162175	0.355096	-0.517073	0.862125	-0.445733	-0.735406	0.423514	-0.23275	0.500656	0.363853	-0.100716	0.944148	-0.391076	-0.712007	0.743072	-0.699431	0.296122	-0.985273	
0.331753	0.334616	-0.266771	-0.427298	0.355336	-0.58568	-0.415716	0.937689	-0.000408	-0.103076	0.384038	-0.094392	0.962224	0.961929	0.996036	-0.665483	0.416661	-0.174361	-0.677572	0.906006	-0.277851	0.47446	-0.480886	-0.630644	-0.723906	-0.614381	0.375721	-0.491965	0.21262	0.949112	-0.198645	0.266282	-0.671616	0.556709	-0.845055	-0.48141	0.923906	-0.183555	0.732636	0.025044	-0.826336	-0.643583	-0.496525	-0.016101	0.919775	-0.369016	-0.707214	-0.768609	-0.954739	0.374453	
-0.972247	0.794661	-0.657682	-0.051654	0.452845	0.944467	-0.553445	-0.657613	0.70743	-0.031532	0.705564	0.148432	0.08033	-0.74086	0.530195	0.655549	0.654533	-0.93744	0.986048	0.828755	0.165103	0.012008	0.984513	0.303294	-0.3218	-0.543672	-0.918028	-0.911744	0.340558	-0.447293	0.297616	-0.836753	-0.181205	-0.643081	0.384824	0.514753	0.081814	-0.277575	0.164912	0.473975	-0.633892	-0.312633	0.889072	-0.804518	0.275553	0.854392	0.926386	0.957091	0.051074	-0.429533	
-0.187776	-0.219861	-0.38188	0.252872	0.608155	-0.750585	-0.459248	-0.845271	-0.388073	0.277098	-0.385545	-0.964708	0.466458	-0.913524	0.354148	0.59827	0.771068	-0.122364	0.357756	-0.368356	0.865651	0.758697	-0.809232	0.702839	0.835819	-0.276606	-0.684281	0.62313	0.962605	-0.408437	0.240386	-0.356863	0.461644	0.452136	-0.59671	-0.174215	-0.27452	0.52922	0.759055	0.29076	0.38827	0.247546	-0.082716	0.122043	0.154461	-0.42641	0.503909	0.094454	0.941865	-0.030875	
0.938209	0.44366	-0.680349	0.611399	0.971952	0.619545	0.562106	0.082267	-0.437834	0.690306	-0.99056	-0.079778	-0.680011	0.180071	-0.565181	-0.815435	-0.996023	-0.308156	0.068641	0.136276	-0.407783	-0.058858	0.83625	0.642189	-0.643132	-0.108767	0.595766	-0.023728	0.38976	0.290723	-0.477588	-0.951321	0.17281	-0.256409	0.59035	-0.075669	0.13019	0.100652	-0.057616	-0.377105	0.056382	-0.906417	0.21151	-0.563367	0.60416	-0.550772	-0.035764	0.260924	0.763796	-0.460936	
-0.982779	-0.932562	0.633922	0.848927	0.451358	-0.432157	-0.85919	0.324917	-0.694465	-0.810414	0.924255	-0.869788	-0.10436	-0.724797	0.689734	-0.53789	0.903124	0.268713	-0.253883	0.604122	-0.527917	0.175249	0.97176	0.531903	0.509224	0.857135	-0.339977	-0.767829	-0.505364	0.641283	0.005272	-0.539433	-0.176415	-0.894458	-0.63873	-0.497048	0.86304	-0.269003	-0.388075	-0.415926	-0.108737	0.196444	0.91325	-0.625857	0.482357	-0.665851	0.404079	0.17846	0.308216	-0.727119	
-0.458728	0.581228	0.461516	0.275245	-0.169941	0.815651	0.529901	0.784857	0.245449	0.046726	-0.146042	-0.1291	-0.913133	-0.051404	-0.67261	0.942362	-0.568053	0.887536	0.082559	0.184246	-0.834914	-0.930763	0.382768	-0.017467	0.251809	0.160881	-0.466687	0.235693	-0.312946	-0.702829	-0.634289	-0.963571	-0.581703	-0.879633	0.035836	-0.208459	0.263603	-0.84253	0.209781	-0.267679	0.38135	0.095888	0.747724	0.016941	-0.594023	0.716331	-0.241386	0.042869	-0.118849	-0.67873	
0.682481	0.278626	-0.078792	-0.277678	-0.728233	0.204351	0.232825	-0.796127	0.661572	0.656417	0.025221	0.706726	0.635399	-0.364928	0.661383	-0.752221	0.817921	0.356981	0.633864	0.027507	0.5661	-0.496352	0.552818	-0.153538	-0.817503	0.004957	0.432264	-0.562136	-0.404327	0.304446	-0.030717	-0.785568	-0.280253	0.576746	-0.65004	-0.225926	0.591715	0.133819	0.640334	0.980368	-0.802469	0.860804	0.138976	0.440936	0.482933	-0.824268	0.936985	0.407188	0.235683	0.57373	
0.121513	-0.87706	0.277447	0.283626	-0.021614	-0.554956	0.080175	0.510422	0.982272	0.682857	0.996875	-0.193091	-0.499341	-0.400187	0.347351	-0.268892	0.463813	-0.002562	-0.312886	-0.817339	0.497616	-0.368037	-0.039292	0.984004	-0.158764	0.930426	0.360266	0.046165	-0.638919	-0.322674	-0.422518	-0.385184	0.038618	-0.792172	0.791352	0.183461	-0.978745	-0.089829	-0.360121	-0.312576	0.864948	-0.88771	0.373751	-0.030593	-0.575344	-0.682559	0.695768	-0.203693	-0.813098	-0.872283	
0.58166	0.184796	-0.064956	-0.107263	0.291077	0.470148	-0.552194	0.165465	-0.912597	0.787714	-0.825972	0.089351	-0.278104	0.609577	-0.311313	0.211759	0.371332	-0.293117	-0.664366	0.594168	0.247511	-0.031328	0.036368	0.957526	-0.330272	-0.917404	-0.351652	-0.84173	-0.641864	-0.255407	0.715654	-0.236163	0.950267	-0.706412	0.005802	0.34627	-0.820056	-0.150033	-0.332061	-0.632564	0.653321	-0.783685	0.977197	0.626657	-0.159053	-0.381587	0.146058	0.031529	-0.656815	0.225269	
0.581554	0.812736	0.767637	0.037476	0.855021	0.244048	-0.928388	-0.69053	-0.150617	0.510903	0.461147	0.702063	-0.228995	0.244894	-0.988701	0.056136	-0.729573	-0.643207	-0.57433	0.273215	-0.333962	0.432489	-0.170835	0.00911	-0.620906	0.033989	0.62757	-0.222693	-0.051472	0.736271	0.152436	0.294161	0.676586	0.28293	0.023218	0.732168	0.503556	0.943105	-0.854119	0.651048	-0.918047	0.365714	0.119668	0.371773	0.780793	0.517643	0.036637	0.886566	-0.512939	0.560676	
0.875281	-0.166137	0.251127	-0.593933	0.057124	-0.561448	0.734993	-0.615805	0.397708	0.208412	0.150593	0.848022	0.816649	0.884759	-0.274325	0.611323	-0.539248	0.477787	0.235742	-0.699514	0.861293	-0.053613	0.942052	0.456798	0.381747	-0.639935	-0.871677	0.205556	-0.085333	-0.38348	0.241688	-0.450723	0.741111	0.288625	-0.188762	-0.91509	-0.439259	-0.572825	0.733127	0.514921	-0.580656	0.256107	-0.559846	0.779964	-0.397772	-0.204411	-0.742695	-0.083804	-0.053058	0.32344	
-0.30594	-0.466237	-0.70632	-0.063512	-0.242615	-0.624048	-0.897549	-0.673105	0.775944	0.267861	0.097547	0.329686	-0.98678	-0.386201	-0.099206	0.431519	0.790512	0.200195	0.813834	0.069666	0.848893	0.746045	0.630425	-0.600016	0.925177	0.938719	-0.94159	-0.8469	-0.059913	0.180193	0.600349	-0.904835	-0.74224	0.020741	0.67773	-0.650486	-0.441766	0.539189	0.439363	-0.12939	-0.063035	-0.157545	-0.596296	0.68478	0.380443	0.987397	-0.274862	-0.68414	-0.610004	0.913659	
0.129462	0.926296	0.382316	-0.614184	-0.264769	-0.832296	0.996653	0.59847	-0.794837	-0.464916	-0.652852	-0.230763	0.135853	-0.641582	-0.771397	-0.542614	0.791107	0.196949	0.367669	-0.046925	0.38767	-0.357368	0.371449	-0.715753	0.39742	-0.475489	-0.230596	-0.81031	0.208282	-0.902423	-0.050417	-0.990262	0.796153	-0.375797	0.470852	0.656066	-0.185808	-0.539999	0.930942	0.925168	0.422087	-0.176867	-0.891483	-0.87018	-0.67934	-0.747616	0.115185	0.970572	0.839864	0.747554	
0.496076	0.863399	0.619381	0.585657	-0.673435	-0.989327	-0.21813	-0.670199	-0.30008	-0.835561	-0.17001	-0.336	0.894584	0.049942	0.370752	0.602756	-0.098253	0.836336	-0.664254	0.828219	-0.41965	-0.414819	-0.36507	0.112308	-0.999295	-0.252338	0.512581	-0.421622	0.538502	0.468766	-0.806459	0.749605	-0.458452	-0.67731	0.762695	-0.033392	-0.635328	0.402232	-0.325956	-0.494523	0.393709	0.988057	-0.694569	0.35977	-0.081215	-0.290139	0.790351	-0.5206	0.140798	-0.379742	
-0.98796	0.47793	-0.176694	-0.023656	0.247082	-0.803069	0.570641	0.004499	-0.460582	-0.942784	-0.64712	-0.57524	0.036933	0.794348	0.351503	-0.969926	-0.065664	0.261667	0.682018	0.233534	0.984485	-0.412613	0.404607	-0.408447	-0.525466	0.888116	0.882484	0.45702	0.180947	0.615784	0.035082	-0.594428	-0.994033	-0.200889	0.065063	0.953437	-0.999108	0.108447	0.414578	0.166137	0.068926	0.982312	-0.891844	-0.544769	-0.984131	0.959278	0.319803	0.992363	-0.0163	-0.649282	
-0.624748	0.26019	0.008269	0.610298	-0.954228	-0.762997	0.174103	0.970387	-0.002696	0.399753	0.197624	-0.029631	-0.937402	-0.983623	0.015827	0.733481	-0.290044	-0.895528	-0.0158	0.394707	0.596957	-0.047619	-0.121793	0.853025	0.571463	-0.718751	-0.714857	0.118575	-0.596852	-0.486632	0.147225	0.135444	0.481823	-0.444133	0.443791	0.205662	-0.546073	0.795522	0.944215	0.877559	-0.196232	0.819186	0.43356	0.081717	-0.989469	0.709957	0.367435	-0.642767	0.359531	-0.189792	
0.910524	-0.495127	0.849417	-0.262284	-0.477704	-0.646709	0.5484	-0.442917	-0.941154	-0.669438	0.086592	-0.535158	-0.792309	0.261716	-0.923243	0.410216	-0.709057	0.194042	-0.82846	-0.775272	0.435316	-0.035593	-0.755739	-0.19296	-0.572481	-0.154413	-0.838759	0.293135	-0.692666	-0.290059	0.456158	-0.797754	0.850614	0.093924	-0.941247	0.096411	0.643924	0.253531	-0.362937	0.145166	0.786538	0.655762	-0.426473	0.359818	-0.364898	0.880956	0.369644	-0.56117	0.324555	-0.746333	
0.167166	0.838628	-0.384123	0.946488	0.394854	0.483121	0.857194	0.533451	-0.742318	0.6945	-0.035134	0.610739	-0.660754	0.151976	0.664588	-0.316593	0.051431	-0.208179	-0.188524	0.099195	-0.921431	0.033529	-0.017147	0.791311	0.775789	-0.163234	-0.142009	0.387396	-0.212787	-0.848698	-0.5253	-0.385476	-0.712915	0.022807	-0.234398	-0.291261	-0.851891	-0.311189	-0.480053	0.338248	0.342866	0.235115	0.308443	0.960906	0.615347	-0.071767	0.531575	-0.603382	0.457412	-0.637152	
-0.951197	0.323456	-0.94051	-0.881194	0.494165	0.045871	0.517399	-0.983599	0.74534	-0.117009	0.771331	-0.565519	-0.939091	-0.868155	-0.260669	0.330838	-0.796479	0.401253	0.818332	0.0336	-0.541934	-0.753041	-0.644181	0.936863	-0.995372	0.467215	-0.382621	-0.717992	-0.477869	-0.770042	0.507259	-0.076536	0.368033	-0.900263	0.737522	0.20201	0.927665	0.664949	-0.041731	-0.129075	0.627444	-0.75515	0.390383	0.556215	-0.601858	-0.379147	0.232919	-0.322574	-0.369347	-0.45046	
-0.541011	0.162515	-0.407924	0.522911	0.338817	0.490232	-0.254937	-0.280622	0.614596	0.737844	0.122865	0.11508	0.629922	-0.438802	-0.997891	0.759278	-0.285693	-0.531133	-0.240132	0.105656	-0.678928	-0.51708	0.501609	-0.197631	0.557424	-0.674205	0.667246	-0.752825	0.869183	-0.987209	0.637754	0.597335	0.45209	-0.569347	0.113633	0.872357	-0.540153	-0.55386	0.080643	0.000422	0.041164	-0.460564	-0.849761	-0.119187	-0.850524	-0.515167	-0.810455	-0.64566	-0.103047	0.66567	
-0.94825	-0.725213	0.540531	-0.961306	-0.531784	-0.965949	-0.509396	0.730043	-0.905068	0.085974	-0.762568	-0.801402	-0.782281	-0.805443	0.359767	-0.234681	0.58657	0.6364	0.899252	0.028963	0.485717	-0.222679	-0.680007	0.300679	0.282536	0.965726	0.461696	0.593837	-0.843748	-0.474679	0.90009	-0.551314	0.552337	0.427606	0.609336	0.752949	0.911113	-0.833963	0.894743	0.726636	-0.735661	0.21291	-0.593464	-0.425399	0.038803	0.53203	0.41062	0.635598	0.502332	-0.351015	
-0.162574	-0.529297	0.175002	-0.113991	0.991452	-0.129212	0.426687	-0.035779	0.249868	0.212074	0.012064	0.77054	-0.268532	0.282365	0.934422	0.349741	0.179591	0.826432	-0.309511	-0.306341	0.144236	0.408972	0.654717	-0.015815	0.844492	0.357969	-0.184343	0.839077	-0.725116	-0.704714	-0.433027	0.07456	-0.861945	-0.289024	0.39667	0.088495	0.07919	-0.339938	0.590123	-0.383921	0.360907	0.043363	-0.30777	0.191504	-0.50102	0.051216	-0.697808	-0.367985	-0.85528	0.192477	
0.510364	-0.650187	-0.30984	-0.224557	-0.528462	-0.763955	-0.666327	-0.647007	0.705319	-0.030095	-0.646215	-0.600606	-0.400562	0.320568	0.833851	0.947098	0.052802	-0.720299	0.039179	0.205536	-0.668675	-0.883793	-0.2387	0.269215	0.562693	-0.036472	0.16888	0.412	0.578983	0.906089	-0.070702	-0.447991	0.637452	-0.518461	-0.040525	0.206604	0.798442	-0.564777	0.145183	0.970151	-0.284077	-0.521164	-0.532951	0.405623	0.142023	-0.64908	-0.040964	0.10135	0.732424	-0.537077	
-0.777793	-0.527365	-0.650311	-0.765178	0.613748	0.750585	0.050029	-0.484539	-0.302723	-0.434683	0.158485	0.564525	0.30292	-0.932744	-0.902558	-0.757112	-0.934188	-0.882641	0.330266	0.704843	0.164534	-0.235342	-0.641462	0.757214	0.43792	-0.147551	0.644823	-0.346642	0.491556	0.125842	-0.030169	-0.135326	-0.550686	0.050889	0.86054	-0.026071	0.798287	-0.695338	0.232472	0.476889	0.472703	-0.996492	-0.246276	0.127416	0.348852	-0.769604	-0.754144	-0.794872	0.335266	-0.859523	
0.06219	-0.382287	0.265052	-0.442211	0.422387	-0.277493	-0.504085	0.924843	0.159762	0.704043	0.470889	0.949711	-0.035582	-0.604972	-0.668704	0.745519	0.579923	-0.1394	0.723114	0.342009	0.065247	-0.81874	-0.606318	0.960423	-0.712281	-0.793603	0.879921	0.842227	0.906365	-0.675892	0.450515	-0.833009	-0.485653	-0.184681	-0.046792	0.874486	0.167359	-0.109722	0.134925	-0.420832	0.012496	-0.668416	0.362908	0.937781	-0.175444	0.771706	0.181003	-0.700716	0.719114	0.4565	
0.895105	0.053096	-0.271597	-0.985541	0.281971	-0.881461	-0.668906	-0.215401	0.745189	0.13583	-0.670916	-0.189534	-0.610787	-0.288458	-0.942813	0.130938	-0.060479	-0.291176	0.260163	0.107006	0.910203	0.448936	0.378605	0.808128	0.54927	0.027476	-0.78495	-0.367585	-0.802206	0.224836	-0.270482	-0.466853	0.634127	0.810776	0.304355	-0.789651	-0.520262	-0.027106	0.396774	-0.739051	-0.063608	-0.347469	-0.781541	-0.287854	-0.158746	0.155145	-0.555632	-0.066689	0.493621	-0.715409	
0.924254	-0.169342	-0.759592	0.772992	0.201355	-0.330666	0.689605	-0.093243	-0.463695	0.863726	0.287299	0.141048	-0.478075	0.763732	0.506062	0.616819	-0.531797	-0.505465	0.013703	-0.35658	0.608341	-0.001354	-0.224523	-0.150838	-0.560457	-0.369152	0.426777	0.709147	-0.158153	-0.902427	-0.884059	-0.629054	0.208732	-0.180617	0.18909	-0.209258	-0.839596	-0.853241	0.627576	-0.047682	-0.537204	-0.094395	-0.66904	0.152965	0.793318	0.612435	0.842788	-0.928989	-0.241511	-0.58572	
0.669176	0.901904	-0.582884	0.054602	-0.834566	-0.878351	-0.730092	-0.054531	0.916642	-0.937717	0.165772	-0.94945	-0.535274	0.687468	0.260769	-0.021433	-0.10407	-0.418587	0.483956	0.326069	0.773135	0.41597	-0.198115	-0.453846	0.002615	0.166654	-0.296797	-0.425052	-0.555868	-0.142132	0.820303	0.356137	0.622047	0.529708	-0.805792	-0.162818	-0.230325	-0.953784	0.95145	-0.849456	-0.675887	0.441547	-0.968985	0.90515	-0.960864	-0.297867	0.526357	-0.459588	0.573702	0.024516	
-0.11182	0.041086	-0.514106	0.850163	0.467371	0.594666	0.591811	0.663271	-0.27415	-0.3067	-0.966199	-0.545102	0.904462	0.691823	-0.435937	-0.235329	0.148118	-0.055496	-0.891484	0.752234	0.446321	0.096389	-0.109564	0.287804	0.433477	0.763036	-0.747139	-0.65428	-0.908829	-0.577699	0.422138	-0.946575	-0.830552	0.202067	-0.767416	-0.553358	0.255577	0.437722	0.560415	0.030953	0.60984	0.758327	0.125811	0.122426	0.080825	-0.357781	0.303999	0.281926	-0.68688	0.278533	
0.050795	0.185897	0.150018	0.162635	-0.772119	-0.94647	-0.949007	-0.737616	0.599093	0.316736	0.90189	-0.142206	0.40233	0.318545	-0.584157	0.940961	0.419949	0.640172	0.428359	0.528125	-0.711444	-0.834739	0.679376	0.72921	0.139459	0.299336	-0.932074	-0.900878	-0.190871	-0.19366	-0.45532	0.794348	-0.16294	-0.803208	-0.413108	0.157351	0.059038	0.724475	-0.274287	-0.260552	-0.871189	0.261735	0.121943	-0.416005	0.18068	0.26339	-0.754461	-0.114543	-0.772343	0.862193	
0.393063	-0.439801	0.990036	0.593623	-0.420683	0.283864	0.309333	-0.953865	0.191749	-0.303873	0.470667	-0.809117	-0.190114	-0.833976	-0.578427	0.1356	0.475969	-0.564704	0.810319	-0.295204	0.335614	-0.879296	-0.844649	-0.879476	-0.61713	0.04665	-0.057642	0.780197	-0.836714	0.821534	-0.761288	0.304274	-0.884329	-0.608119	-0.294381	-0.97627	0.975755	0.318212	-0.700531	0.193291	-0.115256	-0.984809	0.023481	0.954012	-0.101641	0.520358	-0.240963	0.457876	0.35947	0.065994	
0.021311	-0.16575	0.455499	0.613972	-0.723328	0.579735	0.050872	-0.331644	0.207917	0.796662	-0.519436	0.37769	0.395551	0.469358	-0.894558	-0.082547	-0.039883	-0.271318	0.032262	0.245608	0.153075	-0.08386	-0.471154	-0.932013	0.565074	0.722031	-0.540117	-0.744531	0.276548	0.890739	0.784046	-0.102344	-0.765686	0.609983	-0.698462	-0.996562	-0.388589	-0.84283	0.654664	-0.996081	0.815294	0.44253	-0.642214	-0.21529	-0.459743	-0.814016	-0.603828	0.582488	-0.88518	-0.248775	
-0.716387	-0.469717	0.850835	0.570612	-0.074746	0.868527	0.636007	0.579813	0.300619	-0.392272	-0.869152	-0.353084	-0.055399	-0.752433	0.384789	-0.160687	-0.992239	0.604039	0.493801	0.855917	0.389799	-0.675736	0.402828	0.513225	0.768517	0.404803	0.796203	0.197427	-0.821248	-0.999457	-0.176119	-0.099141	-0.255084	0.810522	-0.171956	0.267556	-0.964645	-0.269801	-0.07332	0.784394	-0.579425	-0.4374	-0.009889	-0.662238	0.429787	0.606425	-0.990406	-0.580019	0.592203	0.01867	
-0.320419	-0.403943	-0.071101	0.419229	-0.372872	0.818522	0.205159	0.391067	-0.72637	-0.492097	-0.377141	0.183603	0.718893	-0.997728	0.411748	-0.154692	0.125493	0.393375	0.738464	0.605449	0.433293	-0.872847	0.826338	0.085444	0.25201	0.890919	0.954561	-0.841251	-0.01942	0.972182	0.028596	-0.602576	0.617392	-0.842563	0.40749	-0.615294	0.550071	0.52652	-0.073222	0.006581	0.715706	-0.834207	0.882968	-0.979368	-0.145642	0.587191	-0.425275	-0.000644	0.009568	0.362122	
-0.470018	-0.141046	-0.721447	0.170328	-0.118904	-0.874269	-0.862704	0.581793	0.577007	-0.621302	0.859961	-0.773762	-0.404418	0.520379	-0.574041	-0.653824	0.553414	0.563106	-0.905648	0.232591	0.197748	-0.55112	-0.260538	0.163666	0.172041	0.749479	-0.628865	-0.389364	0.889451	0.863435	0.231712	-0.920846	-0.35415	0.488001	0.420492	0.090176	-0.284143	0.96205	0.897842	0.531307	-0.924588	0.358814	-0.865287	0.558753	0.604914	0.426082	0.415767	-0.983368	-0.075535	0.063106	
0.516975	0.233281	0.985195	-0.480624	0.876491	0.406536	-0.001297	0.522795	0.799532	-0.736263	-0.81872	-0.4685	-0.237369	-0.004868	-0.114383	0.244672	-0.168935	0.488489	0.153544	0.391589	0.584794	-0.507487	0.330867	-0.726477	0.666982	0.567262	-0.48035	-0.988748	0.605961	-0.011681	0.82907	-0.458734	0.553992	0.015767	-0.680001	0.364625	0.415005	0.522097	0.178498	0.849193	0.096445	0.584113	0.031422	-0.040686	-0.165088	0.826442	0.387551	0.302782	-0.645278	0.607611	
-0.710805	0.894382	-0.446448	-0.518067	0.924185	-0.522223	0.843546	-0.657449	-0.89919	0.089262	0.804646	0.870515	0.754104	-0.826736	-0.767539	-0.44362	0.485284	0.511515	0.795591	-0.76516	-0.930546	0.287013	-0.514847	-0.443612	0.410857	-0.667911	0.769627	-0.184272	-0.458846	-0.359907	-0.347275	0.700967	0.320715	-0.176686	0.321626	-0.372634	-0.51567	0.587785	0.684992	-0.29869	-0.481895	0.042243	-0.668223	-0.958035	0.065135	-0.882485	0.686866	0.662041	-0.549633	-0.69849	
0.460786	0.087803	-0.586618	-0.096075	0.694594	-0.55016	0.960745	-0.00653	-0.59393	-0.950173	-0.154421	0.333771	-0.977954	0.124716	0.928362	0.742126	0.742456	0.549892	0.981122	-0.417071	-0.038942	-0.08847	0.366361	-0.364163	-0.483006	0.086336	0.064177	-0.286485	0.446448	0.97095	-0.562795	0.030641	-0.234695	-0.118977	-0.530951	0.666871	0.335577	0.175263	-0.714516	-0.847212	-0.726531	0.902655	0.153426	-0.232171	0.239821	0.065199	-0.072531	-0.903876	-0.805898	0.992257	
0.331396	-0.237918	-0.836485	0.356535	-0.251865	-0.148989	0.906753	0.087929	0.21921	0.186986	-0.209434	-0.486644	-0.915164	0.008447	0.38511	-0.944903	0.023132	0.280853	-0.562576	-0.377521	-0.922539	0.023074	-0.733935	0.976587	0.826069	-0.521224	0.255815	-0.488415	-0.081662	-0.296196	-0.277279	0.363826	-0.853108	-0.68686	-0.509149	0.813105	-0.084867	-0.572205	0.705958	-0.691556	-0.708844	-0.984955	0.148236	-0.661019	0.923451	0.726605	-0.541993	-0.374854	-0.36308	0.820959	
0.863518	0.936205	0.394462	0.584981	0.830733	0.459966	0.347626	-0.948483	-0.809724	-0.682834	-0.375155	-0.599068	-0.662509	0.832013	-0.178851	-0.594061	-0.967511	0.796158	-0.734613	-0.843708	-0.890907	0.523883	-0.071756	0.573415	-0.606882	-0.182921	-0.397667	0.26307	-0.206021	-0.812187	-0.428864	0.792992	0.7911	-0.143634	-0.702773	-0.987925	0.999896	0.367886	-0.964202	-0.813031	-0.162094	0.677966	0.858589	-0.242071	0.418183	-0.251537	0.311234	-0.478507	-0.412998	-0.355986	
-0.205629	0.930081	0.455122	0.220067	0.382963	-0.379062	0.093142	0.896609	0.539999	0.843081	-0.268986	-0.981471	-0.470889	-0.850406	0.171301	-0.255541	-0.751708	0.494997	-0.858447	-0.214488	0.537025	0.506341	-0.5666	0.948226	0.376252	-0.347637	-0.704831	0.712978	-0.471927	0.279241	-0.146409	-0.499712	-0.03208	0.056938	-0.6786	-0.430059	-0.456103	-0.297605	0.663284	0.175997	-0.159024	-0.207476	0.383019	0.90677	-0.464336	-0.458652	-0.219535	-0.000203	-0.64191	0.88557	
-0.707792	-0.110499	0.126442	-0.598026	-0.805406	-0.239788	0.496864	-0.432924	-0.702404	-0.649799	0.627281	0.54544	-0.93298	-0.007071	0.419906	-0.482039	-0.6065	-0.068577	-0.871084	-0.350755	-0.549061	-0.024989	-0.766654	0.463484	0.487652	0.990347	0.012408	-0.414201	0.129246	-0.316925	-0.115113	0.791778	-0.425698	0.758415	-0.932692	-0.667153	-0.806581	0.336123	-0.867529	-0.196175	-0.751134	-0.737268	-0.483239	0.31923	-0.303027	0.208688	-0.191952	0.581426	0.061516	-0.260393	
-0.231247	-0.355921	0.823007	0.459896	-0.894044	0.385979	-0.492251	-0.033842	0.811984	-0.562107	-0.611827	-0.446744	-0.438952	0.318073	-0.562391	-0.253954	-0.792478	0.704096	0.01915	-0.029397	0.18457	0.315194	0.974088	0.615984	0.022248	-0.342268	-0.466857	0.687069	0.218116	0.87332	0.927303	0.71824	0.195518	0.881031	-0.924726	-0.114007	-0.69328	-0.929076	0.038767	-0.819709	0.941168	0.459401	0.535176	0.318896	0.812385	0.773142	0.630671	0.928716	0.403952	-0.52801	
0.303122	0.539115	-0.861938	-0.374261	0.175076	0.416083	-0.47476	-0.624078	-0.662322	-0.526889	0.955102	0.952431	0.36672	-0.268279	0.282499	0.758892	-0.128156	0.167523	0.816284	0.325132	0.386809	-0.154548	0.83531	-0.449808	-0.77903	-0.487535	-0.363932	-0.928052	-0.208271	0.913027	0.546464	-0.410489	0.858397	0.304242	-0.966717	0.399043	-0.661625	-0.289118	0.946121	-0.963015	-0.684736	0.957878	-0.127851	-0.17016	-0.839162	0.687061	0.998691	0.256029	0.563131	0.128124	
0.663183	-0.814444	-0.634417	-0.577422	0.881465	-0.396917	-0.766432	0.748059	0.489856	0.380331	-0.652789	0.476203	0.520762	0.062736	-0.776003	-0.012864	0.344007	-0.528203	-0.398692	-0.411193	-0.273777	0.212426	0.317226	-0.379131	-0.506277	-0.577688	0.86883	0.199696	0.488696	-0.300362	0.182325	-0.084123	-0.766803	0.329146	0.602275	0.565019	-0.015521	-0.299426	0.244796	-0.266261	-0.22945	0.180435	0.944088	0.369959	0.179536	0.824805	0.857079	-0.450997	-0.782925	-0.514044	
0.054725	0.345431	-0.182991	-0.638514	0.91154	0.158726	0.367905	0.07484	-0.113764	-0.611521	0.917263	-0.942919	0.014334	0.326929	-0.796462	-0.47973	-0.716107	0.901555	0.39731	-0.935761	-0.927	0.593867	0.4085	-0.823176	0.976326	-0.837039	0.644946	0.860199	0.107086	-0.878101	-0.239221	0.119905	0.592697	-0.749812	0.706791	-0.68335	0.193887	0.750699	-0.98214	0.294392	-0.641332	0.631411	-0.925261	-0.960773	-0.271088	-0.454388	0.552725	-0.203226	0.248953	-0.440689	
0.507929	0.260886	0.207829	-0.323489	-0.544478	-0.306911	-0.462527	0.45533	-0.884984	0.072514	0.088292	0.656025	0.636174	0.293476	-0.472135	-0.766723	0.490033	-0.041973	-0.231249	-0.590704	-0.736411	-0.071926	0.820422	0.917011	-0.87101	0.889058	0.57056	0.921665	-0.481552	-0.831579	-0.166502	0.434528	0.219233	0.347376	-0.193657	-0.174159	0.67558	0.489273	-0.774595	0.341103	0.697257	0.687885	-0.406331	0.094691	0.564922	-0.80927	-0.928088	0.31648	-0.141846	-0.881004	
0.943216	-0.139693	-0.863995	-0.795778	-0.946496	0.297668	-0.986293	0.216612	0.451558	-0.14904	0.255807	0.656266	-0.389882	-0.89655	-0.031023	-0.039676	-0.741681	0.859963	0.821825	0.139507	0.173326	-0.147768	0.293806	-0.969758	-0.274831	-0.388766	0.633621	0.191784	0.223935	0.386512	-0.284766	0.6118	-0.353886	0.531058	-0.208079	0.881358	-0.938357	-0.00044	0.552355	-0.242629	-0.385798	0.776526	0.557614	-0.483888	0.470698	0.253443	0.67052	0.551951	0.281585	0.382647	
0.571805	-0.378588	-0.974345	0.753751	0.816338	0.642525	0.601018	0.350339	0.068587	0.553446	-0.719863	0.853382	-0.769037	-0.55329	0.082712	-0.88093	-0.214406	0.457425	-0.090011	0.891682	0.564885	0.193125	-0.880441	-0.060352	-0.495401	-0.12993	-0.99452	-0.902947	0.9805	-0.616741	0.477145	-0.650018	0.962503	-0.179927	-0.306759	0.832421	-0.052807	-0.912402	0.57002	0.377601	-0.118369	-0.33878	-0.830607	-0.236786	-0.431954	0.806181	-0.259827	-0.28208	0.839948	0.52218	
0.319823	-0.93303	-0.860879	-0.288254	-0.585142	0.11686	-0.89187	0.337547	0.030858	-0.812948	-0.812241	0.527777	0.669293	0.086146	0.976976	0.448473	-0.397434	-0.093264	0.892173	0.170272	0.357992	-0.408576	0.353984	-0.20245	-0.154679	0.561952	-0.610451	-0.722456	0.047428	0.974109	-0.898784	0.918641	-0.805349	-0.407871	-0.286124	-0.300677	-0.915609	0.394161	0.34821	0.644237	-0.191083	-0.681652	0.765475	0.308834	-0.655211	-0.522659	-0.043237	-0.499765	-0.360498	-0.500027	
-0.754329	0.298716	-0.09952	0.902971	0.36613	-0.55032	-0.86256	-0.49456	-0.507236	-0.415866	-0.014871	-0.084005	0.684499	0.27044	-0.963711	-0.642683	0.071624	-0.776938	-0.281832	0.084167	-0.108	0.56872	-0.002294	0.607146	-0.192967	-0.54029	-0.848314	0.927044	0.125964	0.040869	0.042956	-0.041852	0.106401	0.130562	0.068775	-0.837474	0.252747	-0.640652	0.547748	0.322784	0.482945	-0.98903	0.51109	-0.461479	-0.160645	0.873086	0.40613	-0.497585	0.407907	0.78636	
-0.836764	-0.059247	0.164405	-0.176468	-0.5529	0.18974	0.038606	0.011611	-0.396728	0.098544	-0.213246	-0.603662	0.694383	-0.524736	0.722692	0.343268	0.398541	0.259371	0.770244	-0.599772	-0.309752	0.689503	-0.633794	0.286032	0.826	0.498475	-0.929874	0.596734	0.247077	-0.174676	-0.060503	0.872465	0.684739	0.493804	-0.998406	-0.944909	0.297194	0.859965	-0.029854	-0.099244	-0.440649	0.794282	-0.346065	0.296869	0.049148	-0.55915	0.809483	-0.112716	-0.528191	0.7956	
-0.657314	0.989346	0.775875	0.2346	-0.43672	0.966446	0.677899	0.7669	0.682274	0.753054	0.198779	-0.129549	0.438543	0.799588	-0.295153	-0.976412	-0.628406	-0.947357	-0.461466	-0.853273	-0.599289	-0.164282	0.651162	-0.395866	-0.799408	-0.092863	-0.688762	0.378717	-0.913834	0.422306	-0.765965	0.234979	0.742001	0.637491	0.994994	-0.539833	-0.069576	0.504461	0.448219	-0.057674	0.895568	-0.281489	0.466215	0.752052	-0.685152	0.901742	0.965223	-0.57508	0.512015	-0.491726	
0.043792	0.033316	0.024719	0.019449	0.008478	0.015962	0.038834	0.011344	0.010071	0.028023	0.000639	0.010287	0.042463	0.012524	0.011674	0.007023	0.009213	0.026476	0.020851	0.03412	0.017275	0.042458	0.00561	0.030782	0.009376	0.043638	0.032892	0.035665	0.004471	0.001384	0.019874	0.004669	0.012482	0.045552	0.032796	0.010782	0.010708	0.019404	0.041205	0.003538	0.017841	0.016847	0.045263	0.009595	0.039991	0.013418	0.008155	0.002405	0.011769	0.000897	
0.006336	0.037194	0.023419	0.029796	0.027128	0.031174	0.010658	0.021747	0.041175	0.021862	0.019338	0.002027	0.0324	0.000681	0.011784	0.014892	0.002446	0.041457	0.007281	0.040288	0.037814	0.007305	0.020068	0.001217	0.031271	0.039651	0.005017	0.003193	0.01176	0.012895	0.006816	0.001077	0.023258	0.027886	0.015779	0.026332	0.002964	0.01352	0.014541	0.037183	0.034673	0.025332	0.01173	0.007095	0.03626	0.013061	0.018332	0.024241	0.04259	0.024056	
0.014698	0.034771	0.00694	0.006794	0.040078	0.010377	0.017008	0.022323	0.018974	0.018679	0.008122	0.000343	0.000883	0.035589	0.035828	0.00262	0.040947	0.032194	0.020518	0.028126	0.033351	0.017598	0.041463	0.000288	0.013886	0.011626	0.015543	0.001962	0.007536	0.004182	0.037488	0.01168	0.03928	0.026205	0.032768	0.039776	0.007435	0.014631	0.01967	0.004594	0.023583	0.03856	0.023839	0.01616	0.035434	0.0105	0.007043	0.004952	0.029915	0.03324	
0.001367	0.026466	0.006431	0.028225	0.031298	0.004337	0.000724	0.011014	0.001279	0.023818	0.022624	0.02316	0.030404	0.022286	0.0184	0.020786	0.035096	0.019929	0.019094	0.028313	0.004246	0.016659	0.027476	0.020308	0.006742	0.036509	0.006176	0.009517	0.021008	0.012102	0.033782	0.022542	0.019821	0.034971	0.035997	0.00167	0.034956	0.024836	0.023004	0.033502	0.028188	0.015618	0.032385	0.010051	0.036334	0.007841	0.00999	0.006313	0.0283	0.024105	
0.01199	0.004414	0.029162	0.031034	0.006515	0.011499	0.033537	0.026753	0.017714	0.027448	0.018247	0.013074	0.020137	0.015497	0.036678	0.003417	0.006074	0.039003	0.018358	0.026957	0.021767	0.031508	0.026725	0.008312	0.004842	0.028599	0.02826	0.020683	0.03583	0.00071	0.002426	0.017661	0.030148	0.03606	0.03288	0.002094	0.008686	0.005498	0.036052	0.036834	0.011093	0.006034	0.011138	0.031118	0.002419	0.03604	0.006877	0.0369	0.022163	0.023135	
0.032675	0.037294	0.011214	0.015638	0.00083	0.0206	0.029124	0.045322	0.003251	0.020914	0.021668	0.040383	0.00929	0.02468	0.013949	0.015668	0.029254	0.010243	0.004977	0.01559	0.014136	0.002657	0.009295	0.03666	0.043348	0.042073	0.021527	0.014634	0.000322	0.010647	0.004066	0.038533	0.034956	0.000549	0.001197	0.011073	0.033525	0.005339	0.036427	0.027538	0.020167	0.002895	0.018603	0.023907	0.027624	0.01938	0.031879	0.00276	0.025813	0.035906	
0.024558	0.035718	0.025455	0.028158	0.028444	0.010484	0.006401	0.004628	0.005472	0.005198	0.024488	0.01985	0.020763	0.014821	0.024825	0.025686	0.020724	0.026932	0.017695	0.000802	0.033671	0.006256	0.002362	0.001359	0.015814	0.029682	0.028035	0.040404	0.034302	0.00903	0.03454	0.00697	0.029748	0.02343	0.001465	0.035234	0.01291	0.02532	0.009864	0.013719	0.021541	0.022964	0.029699	0.037692	0.027184	0.031757	0.002183	0.032888	0.01693	0.011945	
0.027945	0.018251	0.002378	0.001227	0.011697	0.01578	0.037081	0.0319	0.030926	0.008034	0.01868	0.017849	0.027023	0.033842	0.035722	0.005805	0.021484	0.032667	0.015684	0.012243	0.022638	0.006385	0.025797	0.036792	0.007131	0.024606	0.015477	0.002674	0.025618	0.011299	0.00932	0.033066	0.000152	0.036623	0.031543	0.024763	0.00364	0.013202	0.040395	0.03625	0.000507	0.000401	0.00569	0.041041	0.029769	0.021188	0.020581	0.038372	0.013835	0.015027	
0.02272	0.000109	0.035331	0.007546	0.012791	0.027103	0.00945	0.026858	0.008249	0.01463	0.022636	0.038485	0.013654	0.038332	0.009456	0.041574	0.011016	0.034008	0.020146	0.037088	0.001779	0.023122	0.020178	0.042227	0.026284	0.042356	0.017423	0.024669	0.011915	0.022677	0.003479	0.040726	0.007194	0.022015	0.025937	0.004195	0.030893	0.025605	0.032281	0.017327	0.011395	0.02365	0.004812	0.023245	0.000174	0.0075	0.01238	0.032111	0.003131	0.008138	
0.004145	0.035145	0.01267	0.012231	0.012135	0.033689	0.029012	0.008525	0.034786	0.000706	0.015484	0.009655	0.02409	0.00797	0.01973	0.003121	0.015711	0.021733	0.014449	0.027706	0.013462	0.034057	0.025343	5.7e-05	0.015887	0.016246	0.029275	0.000226	0.026693	0.025976	0.017166	0.034105	0.03417	0.005106	0.021157	0.016409	0.009461	0.004306	0.012949	0.000778	0.022383	0.019941	0.027124	0.037702	0.038104	0.028882	0.039313	0.03873	0.031611	0.030688	
0.031819	0.003652	0.012611	0.013638	0.015717	0.036575	0.023264	0.007141	0.040896	0.021653	0.03783	0.04174	0.029763	0.009064	0.004463	0.024892	0.034682	0.000678	0.007421	0.027386	0.039845	0.002482	0.03945	0.014663	0.017936	0.016687	0.012796	0.003902	0.004771	0.024703	0.019315	0.002466	0.041417	0.00831	0.026238	0.022706	0.042191	0.033539	0.007177	0.000652	0.005854	0.022972	0.010685	0.024502	0.033349	0.040031	0.001565	0.030052	0.003689	0.02117	
0.042508	0.012119	0.003288	0.008177	0.045157	0.02073	0.022266	0.034999	0.030455	0.015135	0.039182	0.007137	0.001588	0.017092	0.005895	0.014286	0.011891	0.036601	0.01168	0.01067	0.017836	0.036712	0.027072	0.030028	0.039026	0.022653	0.010758	0.018373	0.033986	0.04053	0.009405	0.031181	0.027444	0.035808	0.030132	0.011393	0.035357	0.002643	0.026077	0.002571	0.019903	0.005414	0.010339	0.021078	0.015132	0.024028	0.002468	0.00987	0.008166	0.003761	
0.013382	0.023963	9e-06	0.03319	0.005782	0.036602	0.026098	0.013567	0.003967	0.032452	0.021546	0.023269	0.027725	0.004684	0.035747	0.014396	0.005908	0.007995	0.021492	0.018009	0.031642	0.031547	0.019608	0.019179	0.017658	0.016367	0.02535	0.015848	0.017785	0.028378	0.0302	0.001283	0.006647	0.012575	0.034982	0.00943	0.031373	0.013629	0.030021	0.0114	0.006439	0.002944	0.035823	0.020742	0.002369	0.029675	0.034492	0.026288	0.030656	0.035887	
0.032076	0.023227	0.014319	0.026293	0.009859	0.008979	0.006802	0.010686	0.031655	0.016154	0.02449	0.028408	0.001599	0.019275	0.02263	0.015518	0.007742	0.022522	0.029253	0.032999	0.018687	0.014679	0.000736	0.010533	0.028085	0.029844	0.031912	0.003513	0.025565	0.03292	0.032378	0.031973	0.004279	0.020578	0.014083	0.026219	0.009805	1.7e-05	0.003346	0.029276	0.029516	0.015291	0.027668	0.024427	0.03129	0.001164	0.026156	0.03151	0.030685	0.029379	
0.035842	0.025684	0.003064	0.005074	0.030069	0.010286	0.014424	0.031232	0.019291	0.004722	0.012313	0.020206	0.022784	0.020298	0.018405	0.041214	0.020918	0.030065	0.004385	0.008221	0.034458	0.007797	0.02174	0.024858	0.008452	0.020593	0.009159	0.00725	0.011588	0.009006	0.013932	0.03912	0.023152	0.035684	0.024179	0.026218	0.018036	0.011501	0.001704	0.041279	0.041168	0.015395	0.008682	0.040983	0.03154	0.02665	0.035149	0.003987	0.015037	0.013206	
0.02559	0.034622	0.017314	0.022355	0.033548	0.015375	0.0038	0.023842	0.016151	0.037119	0.01964	0.011531	0.021911	0.023912	0.003934	0.003295	0.023214	0.015646	0.02438	0.01652	0.001805	0.024868	0.0253	0.021013	0.032597	0.026703	0.006762	0.0123	0.032806	0.026953	0.005666	0.019619	0.008863	0.030774	0.014276	0.020458	0.028802	0.03555	0.036512	0.019994	0.003702	0.024059	0.017001	0.024555	0.038078	0.007542	0.019215	0.002254	0.033943	0.004331	
0.020152	0.034728	0.014638	0.031221	0.009914	0.00679	0.036305	0.007988	0.037182	0.030407	0.023009	0.026108	0.016885	0.009326	0.021611	0.029703	0.025351	0.032318	0.006158	0.005994	0.036751	0.004233	0.023497	0.01763	0.01511	0.027045	0.013691	0.015429	0.014229	0.036457	0.008411	0.001929	0.011139	0.032539	0.031047	0.011987	0.030318	0.029168	0.01427	0.021358	0.033447	0.024952	0.011161	0.004692	0.037009	0.019944	0.000214	0.020165	0.024427	0.001963	
0.029388	0.001207	0.029926	0.023287	0.000146	0.032332	0.030695	0.009271	0.031896	0.013854	0.001491	0.002001	0.029879	0.023638	0.027556	0.014082	0.020306	0.013971	0.032633	0.011975	0.032661	0.020251	0.022242	0.007381	0.016123	0.026403	0.028545	0.002223	0.018287	0.037928	0.005143	0.016275	0.02892	0.026521	0.033562	0.032792	0.038927	0.019685	0.028177	0.022257	0.038803	0.036726	0.006243	0.003088	0.001995	0.015516	0.007729	0.014279	0.020892	0.010892	
0.007281	0.034198	0.001313	0.026908	0.007991	0.010404	0.024086	0.01213	0.026002	0.02597	0.01343	0.013258	0.015538	0.021639	0.011196	0.013048	0.017186	0.001296	0.025409	0.017022	0.002483	0.013035	0.03749	0.040757	0.002916	0.026127	0.032448	0.04136	0.039429	0.020078	0.003461	0.029872	0.010111	0.04108	0.002244	0.026422	0.01155	0.016943	0.030999	0.0052	0.003817	0.017587	0.040237	0.026652	0.030094	0.033867	0.024935	0.041127	0.01838	0.003994	
0.014401	0.000405	0.023443	0.022483	0.003712	0.019751	0.036627	0.030201	0.032856	0.004908	0.039999	0.040021	0.026875	0.016199	0.009355	0.014377	0.028552	0.004894	0.0175	0.033172	0.034139	0.022156	0.009528	0.034646	0.02211	0.007039	0.026299	0.012884	0.031182	0.013633	0.030426	0.020994	0.002648	0.022532	0.026373	0.007512	0.006154	0.014846	0.005611	0.03505	0.006359	0.027149	0.010125	0.021936	0.039981	0.039413	0.019915	0.013937	0.010927	0.004765	
0.029343	0.010652	0.037729	0.037842	0.028096	0.001701	0.010101	0.010392	0.0123	0.02924	0.021582	0.026753	0.00384	0.007316	0.037719	0.03815	0.024582	0.005526	0.015902	0.03199	0.008016	0.032324	0.018969	0.021304	0.014439	0.021125	0.0395	0.016696	0.015393	0.029197	0.040221	0.002173	0.022367	0.011453	0.022004	0.028856	0.031608	0.035855	0.013688	0.024272	0.007923	0.008994	0.006375	0.012294	0.000951	0.007619	0.024562	0.033019	0.005915	0.022132	
0.027963	0.031195	0.020425	0.013574	0.030396	0.042664	0.018895	0.02597	0.021258	0.039713	0.031732	0.001307	0.01188	0.01343	0.017289	0.032463	0.00936	0.032345	0.009091	0.016585	0.043141	0.032354	0.034147	0.019218	0.003416	0.005717	0.010879	0.00075	0.006274	0.039298	0.011437	0.037063	0.023687	0.002467	0.017214	0.03419	0.021954	0.004851	0.043713	0.007092	0.001176	0.001889	0.00488	0.037238	0.009463	0.019041	0.017327	0.011794	0.037959	0.012836	
0.025709	0.023058	0.004731	0.022953	0.005731	0.029074	0.036477	0.036606	0.025861	0.02499	0.013247	0.020043	0.026089	0.002781	0.019811	0.018184	0.034098	0.003123	0.032224	0.030316	0.004209	0.022704	0.038104	0.034525	0.021492	0.021111	0.010185	0.010425	0.023997	0.037343	0.00331	0.005017	0.017975	0.023241	0.021517	0.000373	0.004475	0.038046	0.0126	0.022387	0.011945	0.019954	0.027631	0.031539	0.009388	0.015149	0.037174	0.00899	0.028411	0.001677	
0.004332	0.002768	0.019576	0.028645	0.037325	0.016077	0.014857	0.003365	0.005848	0.029836	0.020517	0.018332	0.033912	0.011225	0.012445	0.015386	0.036456	0.013471	0.020088	0.03428	0.017189	0.020411	0.037317	0.011203	0.004988	0.005715	0.00681	0.005028	0.016212	0.021524	0.016121	0.026195	0.011543	0.005773	0.023507	0.006377	0.014958	0.012672	0.032479	0.033778	0.035009	0.032446	0.033842	0.032763	0.001404	0.037058	0.037298	0.026982	0.036114	0.018543	
0.024202	0.02448	0.01474	0.031592	0.035416	0.023369	0.000929	0.0082	0.024271	0.03606	0.007252	0.034458	0.031719	0.030217	0.032078	0.022505	0.015081	0.015695	0.033813	0.028228	0.027618	0.015096	0.010541	0.030772	0.017346	0.020754	0.009892	0.000973	0.036796	0.027616	0.009777	0.012649	0.008872	0.013039	0.006903	0.036609	0.021623	0.017204	0.006208	0.013108	0.005744	0.030143	0.033044	0.011448	0.01875	0.012703	0.013682	0.018451	0.002271	0.036063	
0.019641	0.018862	0.037655	0.009478	0.038665	0.026397	0.036025	0.037769	0.01463	0.017236	0.024328	0.009518	0.025073	0.019855	0.012938	0.024307	0.027608	0.001628	0.031136	0.028333	0.003239	0.025674	0.007714	0.004133	0.016225	0.001006	0.030708	0.01493	0.014985	0.024954	0.017241	0.008987	0.025108	0.002659	0.031954	0.005192	0.023141	0.02494	0.011587	0.010877	0.026211	0.035167	0.02475	0.028201	0.029261	0.021148	0.002787	0.029283	0.018483	0.018373	
0.011736	0.031349	0.036538	0.03176	0.029101	0.004546	0.024528	0.036579	0.002289	0.031866	0.037353	0.034263	0.02751	0.008202	0.03355	0.021761	0.008523	0.030803	0.01806	0.031371	0.034631	0.001169	0.022333	0.000566	0.019869	0.009746	0.001778	0.011908	0.010325	0.015871	0.025205	0.027511	0.002025	0.031668	0.013484	0.029131	0.014009	0.029561	0.001175	0.006732	0.017306	0.009786	0.012616	0.009025	0.017273	0.026252	0.006445	0.037736	0.025271	0.037905	
0.03779	0.036762	0.003595	0.01868	0.012607	0.03752	0.031441	0.001168	0.030221	0.009125	0.007915	0.020683	0.022983	0.027444	5.2e-05	0.036563	0.026621	0.036396	0.037156	0.022199	0.032191	0.008857	0.00137	0.034485	0.034295	0.038936	0.026004	0.026694	0.001626	0.008971	0.009069	0.01155	0.036002	0.00871	0.010495	0.000766	0.034536	0.010974	0.035625	0.027043	0.000966	0.01565	0.020718	0.032473	0.010977	0.00475	0.011087	0.012185	0.020295	0.015779	
0.010586	0.024703	0.013793	0.036116	0.021027	0.015247	0.008459	0.013307	0.014143	0.022367	0.036852	0.042449	0.001371	0.015393	0.039065	7.9e-05	0.02889	0.014081	0.006852	0.030905	0.001394	0.041338	0.012024	0.013144	0.040334	0.033543	0.006266	0.001216	0.034881	0.029741	0.007191	0.001412	0.011849	0.03377	0.039578	0.014626	0.007081	0.010928	0.029105	0.007599	0.027565	0.028982	0.000847	0.030865	0.034002	0.009567	0.01948	0.028985	0.015393	0.031609	
0.012345	0.027279	0.006282	0.015552	0.02632	0.00163	0.029572	0.001461	0.004783	0.02585	0.035472	0.014879	0.034193	0.012504	0.012349	0.019957	0.00276	0.004688	0.014921	0.042917	0.011792	0.03421	0.027805	0.032463	0.037044	0.03734	0.028519	0.031158	0.022003	0.00573	0.038073	0.016762	0.043226	0.033857	0.018402	0.020842	0.00878	0.032173	0.000234	0.028843	0.036391	0.000157	0.014202	0.002316	0.019516	0.001651	0.005693	0.006262	0.031642	0.0272	
0.025135	0.00469	0.037524	0.000406	0.007097	0.008391	0.015811	0.017899	0.03367	0.023989	0.031567	0.004059	0.030443	0.004975	0.044621	0.025917	0.040963	0.008133	0.040656	0.026816	0.0067	0.008082	0.002242	0.01804	0.021536	0.008669	0.022634	0.003367	0.016437	0.006664	0.033257	0.023365	0.004293	0.03368	0.040764	0.035876	0.02792	0.019846	0.015456	0.043712	0.009509	0.007827	0.014846	0.009631	0.030555	0.033604	0.008891	0.007167	0.019644	0.033024	
0.022656	0.024501	0.003409	0.024422	0.029878	0.03978	0.025404	0.017212	0.017063	0.028477	0.006637	0.025077	0.034309	0.004611	0.03817	0.008687	0.02992	0.003191	0.011556	0.004616	0.037891	0.010091	0.01524	0.002067	0.00899	0.014438	0.009641	0.008165	0.015187	0.017451	0.006293	0.001279	0.043114	0.030935	0.009122	0.037732	0.007975	0.014369	0.007251	0.039534	0.037618	0.004088	0.041339	0.035286	0.022697	0.040043	0.040996	0.021837	0.00654	0.013215	
0.004396	0.022076	0.002421	0.026293	0.016857	0.037469	0.018302	0.000275	0.013326	0.009657	0.033333	0.030882	0.035424	0.006636	0.009353	0.026439	0.031795	0.034927	0.030144	0.004011	0.002154	0.029347	0.009865	0.003627	0.039401	0.021569	0.008974	0.010332	0.0313	0.010883	0.038163	0.038668	0.0086	0.013705	0.005354	0.021723	0.00722	0.022171	0.015739	0.013899	0.03096	0.034843	0.021553	0.008503	0.024977	0.018571	0.038474	0.029777	0.03639	0.009242	
0.039453	0.033888	0.021083	0.043136	0.007902	0.016101	0.004749	0.002277	0.000316	0.015512	0.018408	0.043752	0.006064	0.008821	0.009297	0.025336	0.035388	0.01335	0.000815	0.008557	0.026531	0.032847	0.022004	0.024717	0.000439	0.040185	0.007453	0.041255	0.038659	0.016881	0.039191	0.019548	0.005429	0.010705	0.036025	0.028126	0.008257	0.007835	0.000287	0.019141	0.026618	0.045929	0.008323	0.00439	0.043266	0.028696	0.015153	0.016894	0.010252	0.020759	
0.018916	0.042466	0.024406	0.018764	0.011798	0.019331	0.021567	0.025549	0.0205	0.023382	0.007994	0.017378	0.019666	0.033312	0.001203	0.044654	0.000228	0.03186	0.042541	0.026877	0.002852	0.009646	0.02961	0.043202	0.013414	0.002716	0.024942	0.014896	0.0369	0.016127	0.023787	0.021976	0.008622	0.002585	0.015601	0.023774	0.025792	0.038296	0.007501	0.010472	0.002903	0.023139	0.027449	0.043182	0.003156	0.001524	0.001868	0.024954	0.039964	0.006758	
0.011544	0.0075	0.025687	0.034694	0.012363	0.00556	0.004104	0.032494	0.009866	0.033213	0.01233	0.014919	0.017079	0.017983	0.022617	0.019489	0.014013	0.010844	0.004103	0.007156	0.029409	0.002094	0.016009	0.031287	0.023348	0.020692	0.033701	0.012929	0.037997	0.026351	0.007397	0.00577	0.03267	0.038035	0.036848	0.02511	0.003017	0.020681	0.008949	0.031438	0.033441	0.016023	0.038578	0.01916	0.029851	0.008353	0.020746	0.030032	0.00507	0.037456	
0.021755	0.004506	0.014275	0.004128	0.008808	0.010208	0.007076	0.031784	0.030959	0.020419	0.010839	0.019982	0.030075	0.024061	0.020152	0.034199	0.010248	0.004155	0.032032	0.020293	0.008355	0.019229	0.019577	0.014871	0.034965	0.026157	0.017342	0.02104	0.026782	0.031943	0.026072	0.026864	0.017208	0.030493	0.018545	0.00733	0.015998	0.029231	0.004913	0.021326	0.024306	0.014935	0.025679	0.029461	0.016909	0.034257	0.022194	0.030102	0.018436	0.005526	
0.009995	0.000749	0.026253	0.001269	0.01521	0.027322	0.031217	0.022735	0.025857	0.02181	0.028945	0.021282	0.016001	0.028656	0.030515	0.001066	0.008393	0.019256	0.013906	0.015102	0.021674	0.036061	0.012618	0.008542	0.024676	0.02624	0.012167	0.006322	0.008602	0.002698	0.020061	0.01719	0.032559	0.034363	0.026352	0.003419	0.025333	0.038033	0.023515	0.021931	0.009894	0.030641	0.034192	0.014819	0.020602	0.003821	0.008227	0.034694	0.038153	0.037062	
0.004323	0.036442	0.005611	0.023365	0.00981	0.018327	0.039416	0.010932	0.001779	0.016881	0.019182	0.032322	0.017325	0.01422	0.032794	0.02306	0.02247	0.036478	0.014932	0.015625	0.028651	0.024662	0.001375	0.009403	0.011814	0.008857	0.02392	0.040227	0.035241	0.02744	0.029389	0.001097	0.033937	0.00562	0.010976	0.00288	0.024918	0.016559	0.025326	0.002332	0.031583	0.008743	0.036537	0.037975	0.000371	0.027969	0.034723	0.028156	0.031045	0.00298	
0.021937	0.021332	0.036368	0.039651	0.03149	0.004134	0.011886	0.038921	0.03773	0.025281	0.018903	0.007767	0.01224	0.01327	0.003666	0.013033	0.000254	0.035111	0.015443	0.03287	0.012261	0.007541	0.019717	0.010711	0.032545	0.003854	0.036674	0.024316	0.009761	0.041262	0.030664	0.018285	0.00983	0.003099	0.031071	0.003718	0.012378	0.032542	0.011992	0.035631	0.007323	0.038842	0.009193	0.029746	0.024187	0.006128	0.010805	0.018618	0.030495	0.015524	
0.018405	0.033809	0.023592	0.012893	0.027371	0.026285	0.035625	0.037511	0.016507	0.019294	0.038847	0.026898	0.008925	0.001022	0.003098	0.023736	0.00373	0.011031	0.032738	0.001981	0.034786	0.030968	0.005137	0.002476	0.013714	0.013924	0.008535	0.007508	0.003688	0.038261	0.012526	0.031585	0.014974	0.014031	0.036136	0.018061	0.020471	0.009368	0.032323	0.034921	0.032503	0.03334	0.009331	0.017535	0.037801	0.008885	0.005163	0.015848	0.021792	0.031111	
0.000339	0.025131	0.031349	0.014507	0.009157	0.019965	0.002732	0.018635	0.025163	0.013983	0.00399	0.033279	0.016675	0.005569	0.026305	0.013529	0.022341	0.026105	0.033817	0.012486	0.01945	0.031223	0.012704	0.027733	0.000141	0.01993	0.019991	0.023608	0.008963	0.016578	0.038241	0.008649	0.03537	0.025274	0.006756	0.031353	0.030489	0.037206	0.035853	0.02129	0.024931	0.030246	0.010621	0.003321	0.019903	0.012702	0.00795	0.038699	0.028508	0.01726	
0.007568	0.006128	0.014537	0.02796	0.038323	0.030683	0.014307	0.022818	0.030217	0.018128	0.02449	0.01614	0.004062	0.029222	0.018364	0.012084	0.037789	0.026387	0.008139	0.015685	0.036147	0.00261	0.033817	0.017026	0.000116	0.028357	0.006027	0.034705	0.030488	0.005964	0.009776	0.000195	0.009515	0.018885	0.022709	0.024926	0.034892	0.015694	0.036692	0.035099	0.013486	0.037636	0.023586	0.028649	0.001832	0.024543	0.014386	0.014251	0.016896	0.018064	
0.013499	0.006187	0.008006	0.04533	0.013535	0.013367	0.027821	0.008613	0.019284	0.033088	0.024799	0.016379	0.02011	0.021863	0.02041	0.042932	0.009989	0.009699	0.005512	0.019522	0.010098	0.030384	0.008042	0.016985	0.008898	0.039533	0.00179	0.012284	0.023185	0.030279	0.003562	0.016102	0.040184	0.017895	0.007155	0.02828	0.001267	0.029842	0.011061	0.035056	0.02151	0.038437	0.005557	0.028367	0.010157	0.038542	0.024998	0.031532	0.029567	0.019506	
0.027572	0.017485	0.029717	0.001572	0.021875	0.01	0.020185	0.020126	0.033588	0.015101	0.021474	0.025672	0.031402	0.015287	0.003125	0.021511	0.001213	0.031792	0.031815	0.037307	0.003667	0.024308	0.029756	0.009218	0.004448	0.012387	0.027563	0.027231	0.021183	0.015956	0.017429	0.032043	0.008916	0.018801	0.013484	0.029666	0.019591	0.036164	0.03512	0.008484	0.019749	0.021334	0.007244	0.005574	0.032358	0.03841	0.01643	0.010115	0.028712	0.00684	
0.015243	0.025698	0.030921	0.000277	0.015401	0.018707	0.025173	0.032904	0.022209	0.008916	0.028409	0.0154	0.020901	0.004873	0.014352	0.020895	0.001307	0.010549	0.031343	0.035377	0.001213	0.015526	0.000539	0.011177	0.029078	0.032352	0.017715	0.021011	0.014438	0.030585	0.031164	0.019005	0.033261	0.025777	0.025434	0.022562	0.034235	0.019301	0.010661	0.035144	0.005962	0.030396	0.009349	0.027362	0.023641	0.02384	0.030757	0.016869	0.022244	0.000547	
0.002551	0.016006	0.003972	0.008384	0.011098	0.016137	0.031452	0.026709	0.001193	0.035747	0.017006	0.022336	0.014289	0.029281	0.008697	0.00638	0.033389	0.019751	0.021759	0.037032	0.036151	0.024793	0.004452	0.030546	0.004008	0.032613	0.027663	0.023353	0.032372	0.028976	0.018464	0.02223	0.012484	0.030435	0.000171	0.021761	0.008521	0.004015	0.025097	0.032547	0.020187	0.033477	0.018583	0.031802	0.029408	0.032921	0.00325	0.032838	9.8e-05	0.013615	
0.021078	0.029794	0.032113	0.010994	0.012131	0.007073	0.030695	0.000245	0.017127	0.01706	0.006731	0.026483	0.003352	0.027609	0.041329	0.011586	0.028173	0.012481	0.038705	0.00853	0.009283	0.013261	0.038726	0.009941	0.00843	0.031419	0.025791	0.007409	0.001779	0.001056	0.029741	0.015813	0.033109	0.040963	0.033725	0.038268	0.03351	0.014102	0.006917	0.008925	0.022525	0.00844	0.004072	0.002743	0.0242	0.030616	0.027229	0.042177	0.037986	0.014555	
0.036974	0.025433	0.010456	0.01009	7.9e-05	0.039391	0.030591	0.011316	0.024516	0.029643	0.036714	0.005776	0.033428	0.014395	0.036511	0.00782	0.038807	0.017515	0.013782	0.002832	0.003486	0.000628	0.03734	0.022435	0.016968	0.025521	0.027567	0.007242	0.002064	0.012795	0.00492	0.019774	0.025375	0.017682	0.000331	0.031401	0.029437	0.017401	0.016121	0.032825	0.015755	0.024301	0.006766	0.017322	0.034539	0.030348	0.014033	0.037742	0.038484	0.003328	
0.016765	0.00403	0.030135	0.000415	0.022929	0.037446	0.025125	0.032546	0.027148	0.021502	0.03406	0.001135	0.034593	0.009608	0.021939	0.005275	0.029608	0.011397	0.030366	0.008344	0.032213	0.036494	0.001307	0.008951	0.001111	0.018186	0.033301	0.008751	0.012283	0.011949	0.016812	0.029102	0.012553	0.02981	0.030407	0.022346	0.014843	0.025853	0.026036	0.018514	0.026422	0.005243	0.022379	0.01936	0.006929	0.037672	0.002745	0.014103	0.036873	0.033086	
0.014086	0.013209	0.034252	0.023664	0.015188	0.014139	0.002067	0.027315	0.015205	0.01224	0.031933	0.015525	0.003028	0.033262	0.011283	0.00366	0.000849	0.032681	0.021309	0.024724	0.037063	0.024391	0.035016	0.019307	0.018483	0.016492	0.019312	0.00017	0.013212	0.019505	0.011236	0.029351	0.034028	0.014488	0.025384	0.025738	0.033757	0.033076	0.027754	0.00576	0.002226	0.024268	0.00663	0.028839	0.020839	0.02293	0.016438	0.032133	0.029172	0.023383	
0.022083	0.004768	0.039052	0.008189	0.007237	0.018254	0.005895	0.029604	0.004458	0.016367	0.031652	0.028438	0.04096	0.028482	0.000749	0.035375	0.021491	0.005384	0.025472	0.006251	0.013327	0.034262	0.037968	0.006863	0.009031	0.011092	0.036434	0.009715	0.039221	0.012563	0.003749	0.024815	0.033587	0.036245	0.009289	0.024504	0.040508	0.032952	0.007698	0.008908	0.010456	0.001284	0.024486	0.026655	0.012117	0.035543	0.023333	0.005752	0.031006	0.016476	
0.026238	0.008493	0.03639	0.022999	0.031211	0.032572	0.03771	0.027691	0.013778	0.014188	0.034441	0.001021	0.023789	0.000412	0.00742	0.014778	0.00076	0.008226	0.016317	0.02944	0.028834	0.002592	0.016017	0.025224	0.036413	0.002478	0.012664	0.033084	0.007764	0.010293	0.027916	0.007607	0.005232	0.009519	0.022857	0.039415	0.030194	0.003693	0.034068	0.014404	0.028451	0.036785	0.001634	0.000672	0.019042	0.04147	0.034475	0.016556	0.030277	0.032496	
0.034786	0.014275	0.002874	0.008573	0.005817	0.013486	0.015023	0.037597	0.016973	0.009415	0.038261	0.038888	0.022986	0.012469	0.022685	0.036851	0.001947	0.012935	0.037083	0.032255	0.021496	0.032482	0.035679	0.023391	0.022453	0.031498	4.2e-05	0.01734	0.001213	0.007919	0.023845	0.003131	0.025581	0.015455	0.011582	0.006659	0.018083	0.012743	0.013062	0.027606	0.001594	0.021039	0.034247	0.021367	0.029427	0.021696	0.012436	0.023264	0.030193	0.038298	
0.026615	0.019559	0.011973	0.012684	0.030071	0.022791	0.026235	0.000152	0.008062	0.015144	0.019727	0.013983	0.026375	0.027814	0.023276	0.034508	0.033166	0.004888	0.036567	0.002281	0.020457	0.019546	0.03365	0.020485	0.017381	0.029804	0.019345	0.011213	0.013559	0.019578	0.02823	0.031603	0.022298	0.022525	0.025253	0.0238	0.034637	0.013458	0.013577	0.004229	0.007633	0.009745	0.034009	0.030173	0.020286	0.014669	0.00276	0.009811	0.013858	0.036557	
0.039241	0.00919	0.038634	0.006254	0.041216	0.02921	0.025269	0.041776	0.000903	0.025827	0.005798	0.016612	0.018326	0.037556	0.010526	0.006266	0.009516	0.026085	0.044232	0.006483	0.043896	0.013986	0.009655	0.040144	0.005999	0.001985	0.024914	0.007479	0.014605	0.002949	0.000963	0.005735	0.000431	0.03647	0.00781	0.041663	0.034407	0.040584	0.017677	0.039314	0.012291	0.011375	0.017133	0.021506	0.00099	0.011245	0.035903	0.027258	0.008644	0.024069	
0.02173	0.005009	0.028913	0.023252	0.033893	0.021161	0.009455	0.016927	0.002663	0.018113	0.038773	0.027529	0.01539	0.030123	0.000562	0.03007	0.003521	0.003978	0.01742	0.032094	0.012764	0.040539	0.008001	0.017066	0.043214	0.041656	0.017309	0.002588	0.020861	0.018393	0.001165	0.020787	0.004305	0.01088	0.025813	0.015109	0.011037	0.03796	0.017924	0.021889	0.028068	0.01564	0.015329	0.035783	0.034529	0.003367	0.038832	0.022656	0.034947	0.001013	
0.025968	0.029024	0.018221	0.008888	0.002031	0.018183	0.027173	0.001668	0.033102	0.004192	0.005967	0.035253	0.009527	0.033234	0.025402	0.017163	0.002724	0.021763	0.029036	0.032697	0.019341	0.032141	0.022779	0.026365	0.034668	0.020414	0.028776	0.022143	0.014663	0.010476	0.01354	0.004813	0.025133	0.009082	0.029234	0.028439	0.018572	0.002717	0.030714	0.001913	0.028875	0.02043	0.012663	0.019916	0.035595	0.017539	0.003458	0.033421	0.02549	0.025474	
0.031936	0.007961	0.019483	0.02139	0.020943	0.024725	0.023325	0.027973	0.022554	0.018766	0.032623	0.022213	0.017772	0.013014	0.001723	0.020559	0.006369	0.032073	0.001205	0.033648	0.026959	0.001831	0.014588	0.016321	0.02574	0.008422	0.0078	0.020708	0.032091	0.034407	0.001968	0.020594	0.01742	0.002158	0.028964	0.028521	0.032567	0.006724	0.018629	0.017378	0.032589	0.024018	0.006543	0.033291	0.025373	0.011754	0.03154	0.012957	0.03179	0.0261	
0.042796	0.011663	0.029157	0.041788	0.022744	0.033786	0.032102	0.012794	0.009414	0.001508	0.04204	0.048775	0.007107	0.014985	0.012534	0.017778	0.02444	0.016363	0.011989	0.001857	0.016314	0.004898	0.04052	0.010048	0.011755	0.009439	0.012992	0.03644	0.014197	0.022303	0.008883	0.010352	0.046064	0.025518	0.000362	0.000277	0.000933	0.000405	0.027611	0.009671	0.01392	0.051432	0.006899	0.04241	0.05108	0.03924	0.01497	0.016434	0.016736	0.002277	
0.033048	0.020128	0.033481	0.034134	0.034455	0.025979	0.033763	0.034673	0.036492	0.029116	0.017277	0.032103	0.03013	0.004449	0.036913	0.004619	0.035281	0.031861	0.019674	0.020366	0.032938	0.025915	0.017155	0.011147	0.003213	0.003763	0.006101	0.010519	0.0182	0.000297	0.001396	0.006245	0.013928	0.004021	0.025057	0.01484	0.023256	0.009503	0.031593	0.016012	0.01038	0.031164	0.031731	0.023158	0.010966	0.011788	0.00292	0.029859	0.016456	0.008537	
0.025045	0.01545	0.004683	0.002044	0.035713	0.009146	0.038457	0.045048	0.005649	0.007579	0.02047	0.011556	0.00317	0.011339	0.030841	0.007212	0.005593	0.019048	0.033423	0.033519	0.03379	0.004273	0.030602	0.038425	0.037398	0.042417	0.037943	0.032618	0.026675	0.00062	0.022818	0.022811	0.024966	0.03276	0.003744	0.008026	0.024762	0.008768	0.000582	0.024528	0.039181	0.011128	0.036304	0.003435	0.015551	0.020659	0.001628	0.027573	0.01161	0.00942	
0.01567	0.001117	0.043721	0.010749	0.033268	0.042791	0.004286	0.004944	0.004084	0.043029	0.0019	0.007654	0.015549	0.037355	0.00894	0.016327	0.027569	0.024631	0.041497	0.042996	0.003133	0.006494	0.029479	0.016128	0.039035	0.041003	0.024083	0.010368	0.022105	0.010053	0.004909	0.017786	0.017781	0.022153	0.001478	0.00324	0.022408	0.008785	0.014445	0.012971	0.036211	0.04215	0.011025	0.016017	0.04415	0.034044	0.023613	0.024739	0.010403	0.001734	
0.020025	0.025561	0.030845	0.00283	0.032743	0.020653	0.033501	0.033562	0.028682	0.003576	0.032365	0.000545	0.014739	0.004002	0.021569	0.01183	0.032898	0.002694	0.003011	0.033194	0.025766	0.025289	0.031328	0.002948	0.019233	0.000986	0.02	0.030854	0.00378	0.02522	0.008027	0.022668	0.009563	0.030188	0.030648	0.030481	0.010429	0.00474	0.02365	0.021306	0.013064	0.029568	0.01143	0.008959	0.03566	0.024465	0.035642	0.032992	0.030105	0.012186	
0.037052	0.036371	0.008417	0.024018	0.019888	0.019217	0.014216	0.017706	0.019616	0.025969	0.025318	0.032493	0.004653	0.020294	0.021501	0.019976	0.033327	0.007922	0.025464	0.034948	0.017716	0.008265	0.01003	0.034611	0.003927	0.029197	0.011619	0.001101	0.027082	0.033357	0.017441	0.000231	0.035652	0.031559	0.009569	0.030878	0.032597	0.00248	0.014252	0.01008	0.012439	0.029339	0.003862	0.027761	0.029379	0.027082	0.026475	0.014228	0.000856	0.018569	
0.003063	0.036041	0.000747	0.005989	0.02506	0.026754	0.016562	0.040416	0.022954	0.003951	0.018175	0.040688	0.032979	0.020359	0.041753	0.030998	0.0213	0.005861	0.008492	0.008159	0.005797	0.001471	0.022604	0.032754	0.010021	0.014503	0.011804	0.018	0.014665	0.002991	0.037501	0.01965	0.008832	0.00424	0.039237	0.039913	0.021862	0.033913	0.011617	0.031472	0.022117	0.026576	0.015295	0.021642	0.022116	0.009691	0.031152	0.025405	0.004685	0.028173	
0.018549	0.004519	0.029161	0.00512	0.033451	0.008216	0.017862	0.027429	0.024385	0.01082	0.035201	0.01216	0.010464	0.027689	0.029239	0.030242	0.010253	0.027089	0.008185	0.012097	0.008877	0.037188	0.028679	0.027673	0.030251	0.001247	0.009762	0.000351	0.00998	0.030684	0.004815	0.037644	0.03646	0.02105	0.014047	0.035037	0.036148	0.009386	0.026518	0.037309	0.038182	0.010163	0.016831	0.009545	0.010718	0.022319	0.0388	0.00398	0.001744	0.022481	
0.008113	0.007627	0.001725	0.037225	0.004332	0.035101	0.009234	0.001523	0.005599	0.021582	0.017128	0.034442	0.016442	0.029264	0.025159	0.03777	0.030111	0.023982	0.017526	0.008595	0.042647	0.034954	0.014897	0.002989	0.027173	0.0325	0.008977	0.030182	0.008766	0.030877	0.004415	0.003801	0.004431	0.005971	0.046011	0.02546	0.015268	0.042223	0.041295	0.029853	0.008569	0.027351	0.022464	0.004877	0.036229	0.031204	0.005811	0.016114	0.017392	0.004819	
0.001854	0.018971	0.016791	0.02794	0.001003	0.021302	0.031549	0.012408	0.000829	0.003022	0.038536	0.000639	0.002639	0.0321	0.032289	0.015606	0.034104	0.002218	0.037646	0.029975	0.042868	0.024151	0.035102	0.00997	0.000184	0.024794	0.009562	0.015976	0.036233	0.026594	0.028096	0.01343	0.002698	0.00949	0.01193	0.024067	0.032842	0.030042	0.022869	0.000199	0.037226	0.004671	0.012168	0.039872	0.018308	0.00423	0.038943	0.025491	0.035947	0.020626	
0.016751	0.005162	0.025634	0.02395	0.037494	0.005842	0.020148	0.00327	0.002884	0.013883	0.000296	0.033329	0.004313	0.019259	0.028191	0.022768	0.001598	0.028735	0.007657	0.02052	0.006842	0.028539	0.005155	0.010729	0.019185	0.038808	0.031176	0.0058	0.024406	0.04065	0.01957	0.014198	0.014747	0.008729	0.030077	0.018207	0.028444	0.030412	0.020641	0.028254	0.039617	0.032072	0.023031	0.01236	0.018743	0.024581	0.037969	0.03765	0.001659	0.026065	
0.030866	0.012284	0.015183	0.011909	0.028913	0.018218	0.028482	0.003378	0.029767	0.026385	0.026544	0.010326	0.024063	0.032251	0.021051	0.026002	0.030686	0.00993	0.019489	0.024678	0.029906	0.01851	0.00341	0.005389	0.022022	0.02287	0.00302	0.004073	0.016777	0.01583	0.018397	0.028513	0.010368	0.007469	0.02822	0.020451	0.032999	0.023284	0.01995	0.018717	0.028553	0.030979	0.026939	0.024884	0.014694	0.019275	0.020564	0.027853	0.012345	0.013334	
0.017101	0.010288	0.012867	0.005248	0.032984	0.025218	0.003114	0.02374	0.021418	0.02755	0.01597	0.036657	0.011211	0.023421	0.025548	0.013315	0.009519	0.040865	0.000228	0.031203	0.00206	0.016508	0.018376	0.003916	0.038121	0.039055	0.025847	0.014109	0.025559	0.003976	0.027282	0.025901	0.031783	0.006508	0.00837	0.007801	0.019193	0.015267	0.012398	0.023531	0.037857	0.029659	0.035312	0.019505	0.024671	0.030205	0.016508	0.028688	0.023529	0.00104	
0.020045	0.025216	0.038073	0.023593	0.032851	0.00199	0.006916	0.00653	0.02342	0.029144	0.036953	0.034314	0.024244	0.034463	0.000322	0.009784	0.01038	0.012439	0.002277	0.018054	0.036376	0.010693	0.032603	0.002747	0.02833	0.003187	7.4e-05	0.037487	0.026181	0.01238	0.034067	0.02804	0.030352	0.002977	0.020858	0.019896	0.021815	0.012606	0.029414	0.034914	0.014507	0.02264	0.029109	0.034779	0.017147	0.015247	0.024886	0.004564	0.009584	0.011532	
0.027886	0.024735	0.011018	0.037433	0.01351	0.032822	0.025369	0.0083	0.037286	0.032015	0.009154	0.005113	0.0024	0.034451	0.037091	0.003826	0.02597	0.004178	0.006467	0.010368	0.026664	0.028406	0.004531	0.005582	0.014779	0.029397	0.027308	0.029699	0.028852	0.039966	0.033226	0.024592	0.012869	0.001432	0.032006	0.013159	0.007551	0.003362	0.011064	0.0157	0.027707	0.022174	0.032779	0.006746	0.016288	0.012937	0.035506	0.008417	0.035507	0.022402	
0.042237	0.032375	0.019013	0.001841	0.001754	0.013956	0.038724	0.016671	0.005688	0.003398	0.011499	0.004777	0.012572	0.029785	0.016126	0.036749	0.042961	0.0345	0.023417	0.000747	0.043977	0.004623	0.040209	0.033317	0.01037	0.01114	0.039573	0.043696	0.038543	0.004841	0.001253	0.019486	0.016607	0.02495	0.038205	0.01624	0.01309	0.016804	0.002429	0.030044	0.003018	0.020546	0.037993	0.003187	0.005395	0.016196	0.005125	0.003052	0.023984	0.043317	
0.019173	0.018387	0.006458	0.02351	0.02065	0.026688	0.010311	0.021587	0.034039	0.030205	0.005932	0.025178	0.007311	0.03226	0.016252	0.000929	0.008566	0.022946	0.026665	0.023482	0.026322	0.00939	0.033839	0.029064	0.009238	0.019297	0.025979	0.021678	0.002368	0.032814	0.019436	0.005884	0.032355	0.031755	0.017948	0.007754	0.017984	0.020318	0.03451	0.005874	0.006112	0.023769	0.031561	0.035829	0.014487	0.010734	0.030712	0.018754	0.015858	0.027848	
0.002182	0.038669	0.003484	0.020011	0.008598	0.007117	0.02078	0.016091	0.025271	0.012631	0.010132	0.005685	0.026234	0.040718	0.031548	0.04037	0.01217	0.011279	0.033904	0.015578	0.001787	0.024153	0.016098	0.015897	0.015336	0.042265	0.036819	0.034492	0.04222	0.039798	0.016182	0.012231	0.019994	0.013806	0.009142	0.030611	1e-05	0.019895	0.020576	0.033571	0.015833	0.010074	0.018347	0.003587	0.009923	0.029728	0.004882	0.012554	0.026163	0.041574	
0.013472	0.031259	0.011686	0.013308	0.002218	0.036659	0.004371	0.000669	0.030938	0.043909	0.001082	0.026223	0.006582	0.022374	0.04668	0.015226	0.038593	0.00848	0.037967	0.002544	0.000442	0.045418	0.017926	0.004446	0.01664	0.025859	0.003344	0.002434	0.011856	0.021059	0.023007	0.04312	0.029627	0.014361	0.017908	0.025401	0.014866	0.043384	0.024393	0.033463	0.020569	0.007909	0.026197	0.044982	0.018984	0.034895	0.00136	0.001336	0.020354	0.01022	
0.016559	0.013217	0.014259	0.023336	0.018659	0.038456	0.02636	0.01733	0.00814	0.027798	0.028534	0.014403	0.014995	0.035586	0.015064	0.010823	0.004654	0.034025	0.004651	0.023568	0.018037	0.009681	0.027021	0.038712	0.022142	0.003121	0.037213	0.014169	0.014476	0.018426	0.020048	0.038207	0.007514	0.014308	0.011345	0.031859	0.030186	0.012608	0.035764	0.040205	0.002805	0.017321	0.002655	0.039893	0.036582	0.017157	0.010437	0.013967	0.018661	0.005063	
0.036485	0.036314	0.031912	0.008854	0.008748	0.015097	0.013977	0.009867	0.021961	0.032769	0.022747	0.037015	0.007275	0.016836	0.007071	0.027491	0.036197	0.001939	0.022375	0.014388	0.008679	0.002384	0.035124	0.022184	0.015257	0.031886	0.003121	0.020196	0.038323	0.017892	0.013071	0.025493	0.011773	0.037757	0.008531	0.033027	0.037618	0.009308	0.029922	0.037376	0.015362	0.012678	0.037685	0.034921	0.01021	0.002129	0.020415	0.001691	0.014102	0.002567	
0.010616	0.034043	0.006841	0.020952	0.023833	0.026511	0.02068	0.016878	0.021544	0.026304	0.013839	0.003694	0.020097	0.036694	0.011635	0.029735	0.031796	0.018509	0.017708	0.036451	0.011831	0.006746	0.004166	0.003487	0.035907	0.008718	0.033216	0.012889	0.033136	0.008575	0.036182	0.011658	0.001623	0.024059	0.022806	0.025248	0.006105	0.021082	0.036718	0.005238	0.027271	0.017003	0.014575	0.015531	0.026863	0.034543	0.015601	0.024675	0.020039	0.026149	
0.008164	0.036969	0.017862	0.030436	0.019175	0.031875	0.037815	0.011289	0.040049	0.025067	0.006131	0.031586	0.005502	0.031297	0.039076	0.001357	0.036486	0.020372	0.014971	0.033966	0.001739	0.018595	0.000915	0.020673	0.026873	0.025751	0.035358	0.010896	0.008871	0.02773	0.008699	0.01011	0.003225	0.013262	0.005803	0.000814	0.001223	0.007788	0.01426	0.040364	0.005498	0.036202	0.014556	0.037522	0.001174	0.028395	0.031145	0.040752	0.006343	0.036019	
0.027062	0.022423	0.017403	0.023731	0.007244	0.014654	0.036401	0.0086	0.023826	0.029384	0.006587	0.008731	0.010445	0.01266	0.012242	0.013462	0.004146	0.007212	0.02577	0.006593	0.025264	0.015252	0.039993	0.032432	0.01106	0.010466	0.015841	0.031228	0.027948	0.019954	0.02465	0.001359	0.039996	0.023866	0.039371	0.012669	0.019037	0.016844	0.007472	0.018954	0.027471	0.001758	0.019595	0.031987	0.027606	0.039465	0.019845	0.037981	0.028694	0.013366	
0.019094	0.02036	0.036332	0.007872	0.026462	0.028668	0.033174	0.012177	0.025444	0.005494	0.001558	0.013044	0.027518	0.02019	0.009906	0.009636	0.018425	0.030759	0.006128	0.002165	0.012007	0.030142	0.03607	0.013506	0.011725	0.012355	0.022413	0.027576	0.026002	0.029245	0.03537	0.025668	0.012112	0.021266	0.030836	0.03066	0.008591	0.019364	0.031801	0.02755	0.019006	0.032809	0.009007	0.019309	0.023647	0.02535	0.00678	0.015487	0.017534	0.012406	
0.00753	0.021986	0.017972	0.007614	0.035002	0.012195	0.002135	0.030251	0.001357	0.031906	0.038029	0.024678	0.014054	0.003839	0.023027	0.016293	0.003983	0.021931	0.033901	0.004944	0.027783	0.032937	0.009038	0.01564	0.020286	0.027088	0.008989	0.02672	0.00043	0.034222	0.016151	0.023004	0.009867	0.032517	0.0338	0.0106	0.020102	0.027128	0.001048	0.024216	0.02504	0.023584	0.034675	0.035452	0.01913	0.006196	0.014187	0.037188	0.032049	0.018306	
0.024933	0.034275	0.001226	0.008351	0.002867	0.027816	0.045493	0.042848	0.00898	0.026508	0.003761	0.029293	0.016103	0.007911	0.040759	0.011413	0.01648	0.005925	0.009676	0.00486	0.02911	0.024965	0.038553	0.001322	0.035383	0.036964	0.002461	0.0054	0.01672	0.037059	0.018429	6e-06	0.00038	0.006829	0.009225	0.044392	0.016325	0.028986	0.029661	0.024743	0.030076	0.017322	0.001296	0.012071	0.013626	0.038326	0.044465	0.015698	0.015921	0.034808	
0.026743	0.026338	0.019444	0.005003	0.019486	0.01535	0.003348	0.017337	0.032484	0.011247	0.03667	0.02067	0.014826	0.03275	0.001581	0.034969	0.029561	0.025176	0.014954	0.035172	0.035315	0.027202	0.029204	0.03194	0.019496	0.037497	0.013699	0.020197	0.035397	0.030367	0.011699	0.014002	0.012505	0.036544	0.024606	0.017965	0.001931	0.031258	0.026809	0.002461	0.007663	0.034061	0.007272	0.009802	0.005483	0.003935	0.002155	0.000262	0.020964	0.0252	
0.001299	0.022595	0.023771	0.025895	0.007666	0.020768	0.026585	0.02121	0.007719	0.023606	0.033665	0.030709	0.031032	0.02507	0.033717	0.012623	0.013965	0.020596	0.026981	0.005944	0.028638	0.024703	0.041676	0.034591	0.003785	0.019549	0.033313	0.031646	0.000444	0.001911	0.004538	0.014782	0.00714	0.03942	0.013059	0.000947	0.04046	0.012122	0.024668	0.010498	0.024805	0.008518	0.008336	0.039915	0.035641	0.007551	0.004533	0.020694	0.032488	0.014213	
0.012184	0.014474	0.001009	0.022435	0.011652	0.024312	0.03373	0.021729	0.030504	0.013731	0.024647	0.01493	0.014033	0.009039	0.004292	0.032151	0.006518	0.024493	0.019856	0.015574	0.035043	0.026729	0.023709	0.016182	0.017728	0.020906	0.034615	0.004411	0.028149	0.036887	0.024178	0.020931	0.022591	0.032717	0.034219	0.016943	0.01709	0.001302	0.027201	0.025928	0.033957	0.030854	0.004997	0.008029	0.000688	0.029486	0.003756	0.033308	0.033358	0.002815	
0.036117	0.04113	0.039379	0.011092	0.03667	0.028558	0.029205	0.002042	0.009189	0.033418	0.006519	0.018161	0.023931	0.002478	0.005654	0.015046	0.019477	0.03383	0.037825	0.011185	0.033351	0.013438	0.014948	0.04208	0.006742	0.017992	0.012537	0.005773	0.029071	0.018654	0.006747	0.010425	0.020736	0.016351	0.001622	0.0173	0.036527	0.001509	0.006288	0.023602	0.032279	0.031732	0.013253	0.030522	0.012031	0.009367	0.03445	0.030837	0.015665	0.013265	
0.029943	0.00523	0.026489	0.018573	0.009213	0.012011	0.03441	0.033752	0.029705	0.01548	0.025803	0.033759	0.020222	0.007179	0.007364	0.01801	0.028848	0.028956	0.011679	0.023688	0.008227	0.032271	0.028127	0.03036	0.002202	0.031049	0.025863	0.005158	0.0166	0.003833	0.011826	0.008916	0.024118	0.002601	0.00915	0.008945	0.022786	0.02847	0.015349	0.024302	0.026711	0.021394	0.023992	0.027364	0.012569	0.032669	0.025841	0.01539	0.034195	0.019408	
0.037636	0.003815	0.019579	0.036622	0.013708	0.014321	0.014021	0.035009	0.017626	0.026927	0.012822	0.037987	0.037184	0.037829	0.028366	0.037489	0.013601	0.013366	0.035569	0.032102	0.024926	0.000619	0.021516	0.013669	0.032169	0.037795	0.001945	0.001899	0.036134	0.020631	0.001154	0.003448	0.031042	0.006293	0.002547	0.000999	0.01636	0.004518	8.5e-05	0.024965	0.009442	0.018991	0.008861	0.030704	0.024584	0.036496	0.01715	0.018737	0.030804	0.015938	
0.032752	0.016426	0.035716	0.012243	0.012418	0.004936	0.012228	0.03301	0.016732	0.030624	0.004285	0.013669	0.030878	0.018186	0.014855	0.033543	0.030571	0.026195	0.012835	0.036732	0.014769	0.017485	0.022822	0.002642	0.003296	0.025329	0.024096	0.004911	0.023764	0.027902	0.036186	0.033526	0.012243	0.031753	0.023511	0.031707	0.013766	0.00395	0.009815	0.010707	0.030425	0.019681	0.014219	0.036122	0.024674	0.017424	0.025293	0.009889	0.017251	0.002008	
0.002805	0.002343	0.003854	0.013662	0.016073	0.024475	0.004483	0.037392	0.018157	0.038609	0.024065	0.023233	0.033315	0.029854	0.038789	0.014457	0.00871	0.036289	0.021271	0.029384	0.014498	0.016949	0.01388	0.033063	0.031132	0.037732	0.010194	0.006418	0.028308	0.021709	0.007978	0.006373	0.036782	0.011113	0.019266	0.013463	0.026121	0.017625	0.029131	0.013822	0.014384	0.012237	0.022579	0.025098	0.000718	0.022425	0.013261	0.012734	0.038896	0.020891	
0.031406	0.017609	0.025828	0.036769	0.028409	0.03531	0.010713	0.002702	0.018835	0.009448	0.001599	0.023805	0.039849	0.010931	0.007504	0.031351	0.038017	9.5e-05	0.021168	0.017025	0.02479	0.012895	0.034677	0.009069	0.017334	0.023989	0.039109	0.00296	0.000289	0.034769	0.011173	0.037548	0.009163	0.012307	0.028737	0.011399	0.034114	0.026414	0.026321	0.02595	0.028915	4.2e-05	0.00978	0.014258	0.032729	0.011362	0.018648	0.018524	0.015622	0.01874	
0.023113	0.011909	0.009932	0.033259	0.002677	0.009605	0.01346	0.011584	0.033093	0.032551	0.022447	0.037894	0.028669	0.006144	0.024438	0.015327	0.00669	0.021916	0.02789	0.01953	0.010968	0.010613	0.03476	0.033077	0.005912	0.023083	0.035624	0.027095	0.019308	0.004635	0.031423	0.014757	0.023503	0.022383	0.035671	0.009476	0.021424	0.033602	0.037718	0.016393	0.001857	0.023898	0.025866	0.020087	0.004262	0.018041	0.004247	0.022755	0.023766	0.011668	
0.030056	0.030629	0.023122	0.000508	0.036474	0.005806	0.02592	0.016249	0.000928	0.011012	0.033287	0.02666	0.013058	0.024	0.034407	0.03757	0.007919	0.032896	0.013422	0.002923	0.023572	0.034535	0.025993	0.004429	0.032728	0.013901	0.020745	0.003953	0.021356	0.027782	0.004119	0.012674	0.001384	0.019768	0.007746	0.009743	0.036866	0.002185	0.000986	0.036503	0.038707	0.026317	0.026525	0.006021	0.034372	0.029043	0.015591	0.009495	0.030383	0.035732	
0.030826	0.005675	0.016269	0.039883	0.000641	0.037264	0.000127	0.01993	0.014775	0.015875	0.003988	0.038577	0.008335	0.031838	0.041227	0.004874	0.023068	0.035305	0.021867	0.031888	0.007807	0.027867	4.9e-05	0.007671	0.014414	0.033694	0.039515	0.014975	9.1e-05	0.011927	0.03163	0.019307	0.003848	0.009369	0.017279	0.011057	0.009192	0.039979	0.037526	0.021281	0.028384	0.042457	0.016592	0.027855	0.01749	0.012944	0.023831	0.037773	0.004344	0.00762	
0.036859	0.007507	0.026917	0.015293	0.035571	0.024869	0.012321	0.012921	0.004783	0.03161	0.037472	0.025931	0.035402	0.018275	0.001852	0.026724	0.014202	0.003654	0.018867	0.010377	0.024099	0.001819	0.007148	0.014373	0.015151	0.000663	0.019739	0.028737	0.01966	0.010086	0.035441	0.03563	0.015133	0.002065	0.011114	0.037067	0.009462	0.012499	0.022361	0.016197	0.018287	0.03496	0.019025	0.03025	0.028575	0.027447	0.029948	0.02566	0.015279	0.030718	
0.015689	0.013435	0.016897	0.011694	0.00821	0.005143	0.001231	0.026634	0.01867	0.030381	0.000213	0.010054	0.024464	0.028478	0.025568	0.034337	0.034003	0.000259	0.019396	0.024545	0.036813	0.02426	0.036306	0.013969	0.024476	0.032307	0.009564	0.037435	0.006966	0.022396	0.008694	0.037676	0.015177	0.032786	0.022229	0.024863	0.017663	0.01574	0.029582	0.00352	0.011805	0.015532	0.015093	0.003629	0.022469	0.027018	0.021606	0.010931	0.033163	0.037031	
0.52