50
2
-0.005803	0.571339	-0.173987	0.554491	-0.367848	0.969124	0.635189	-0.098118	0.021333	-0.518776	0.516162	0.056109	0.422879	0.583368	0.642378	0.870619	-0.445589	0.378371	0.660639	-0.192041	-0.99925	-0.571297	-0.165788	0.382247	0.775587	-0.155609	-0.637867	0.741947	0.692114	0.063694	0.248575	0.192428	0.908966	0.157775	-0.514917	-0.997512	0.184957	0.564068	0.86579	-0.746345	0.279556	0.022025	0.959768	0.420706	0.600063	0.782566	-0.21352	0.127502	-0.271014	-0.777249	
-0.303718	-0.741611	-0.322799	-0.472737	-0.407119	0.262571	-0.097474	0.796843	0.847466	-0.490689	-0.021605	0.742401	-0.715631	-0.374785	0.685622	-0.408673	0.535395	0.250509	-0.678861	-0.346517	-0.381846	-0.619755	0.108822	0.565161	0.41083	0.13138	0.253715	-0.338151	-0.912061	0.257249	-0.584074	0.482444	-0.072141	0.183142	-0.45268	0.812281	-0.564047	0.575163	0.907603	0.972327	0.425715	0.512034	0.798107	-0.015758	-0.856742	-0.216056	0.463293	0.14354	0.786198	0.507555	
-0.812977	0.154898	0.808921	0.075501	0.616284	-0.780933	-0.289087	0.131319	0.151479	-0.84321	0.236681	-0.690117	0.898145	0.406376	-0.689278	0.681453	0.016323	-0.449833	-0.903905	-0.901622	0.647635	0.197318	-0.137255	0.658466	0.540343	-0.11117	-0.179958	0.192608	-0.796801	0.645445	0.150473	0.171371	-0.188887	0.367055	0.460725	0.075893	-0.971819	-0.824777	0.413438	-0.494449	-0.399479	0.672859	0.64531	0.296305	0.460408	-0.850137	-0.491268	0.070889	0.639371	0.081045	
0.469801	0.225112	0.898484	-0.894749	0.845581	0.043975	-0.863792	0.420649	-0.338034	0.138323	-0.073979	-0.476855	-0.225264	0.394058	-0.252526	0.37681	0.387211	0.387787	0.678223	0.125888	-0.785732	0.737139	0.375448	-0.860888	-0.468923	-0.545414	0.197195	-0.437045	-0.622872	0.201034	0.056782	-0.991194	-0.197946	0.273249	-0.591629	-0.217656	-0.113269	-0.616267	-0.243237	0.098269	0.501551	-0.059612	-0.523763	0.675106	-0.569247	0.33464	-0.675854	-0.271655	-0.154592	0.388048	
-0.316943	-0.946285	-0.668699	-0.430447	0.20424	-0.932866	-0.592302	0.409854	-0.205904	0.10314	0.694385	-0.190878	-0.630149	-0.89654	-0.986192	-0.836077	-0.091568	0.715464	0.774217	0.0812	-0.820157	-0.086183	0.384244	-0.240703	0.860368	0.709567	0.726765	0.061518	0.13251	-0.673258	0.035368	-0.72637	0.592033	0.714676	0.423776	0.724303	-0.845241	-0.542637	-0.731974	-0.204165	-0.870593	0.956702	-0.328779	-0.881922	-0.6022	-0.811689	0.037142	-0.106987	0.455227	0.723969	
0.667471	-0.512373	0.335969	0.693129	0.962664	0.054028	-0.592974	0.838427	0.638627	-0.016134	-0.185891	0.045387	-0.025235	0.057311	0.69417	-0.245398	0.405027	-0.074481	-0.307908	0.768177	0.181959	-0.632729	-0.510136	0.811662	0.796865	-0.483518	-0.859183	0.77316	0.613568	-0.627779	0.488126	0.93184	-0.051436	-0.197055	0.70032	0.009176	0.895536	-0.964421	-0.104005	0.478874	0.725311	-0.160342	0.209547	-0.772304	-0.692606	0.757066	0.504127	-0.267473	0.727297	0.502166	
0.414008	0.56037	-0.580663	0.581884	0.671348	0.792554	0.280144	-0.884759	-0.314314	0.575558	-0.196974	0.024622	-0.843866	0.908577	-0.122619	-0.261496	-0.306007	0.868521	-0.86124	-0.44981	0.112465	-0.671527	-0.135651	-0.810623	-0.270646	0.200197	-0.021608	-0.349392	-0.730472	0.838727	0.862948	0.923861	0.236597	-0.039455	0.980954	0.735133	-0.131202	-0.032939	-0.896238	0.015534	-0.472335	-0.679308	-0.96977	0.612373	0.465709	0.405412	0.14341	-0.239861	0.382143	-0.971059	
0.145654	0.314328	-0.116859	0.350961	-0.447154	0.861697	-0.142023	-0.193974	0.598415	0.435773	-0.565446	-0.655779	0.667734	-0.557537	0.942832	0.364857	-0.654207	0.799191	-0.890502	0.730454	0.094912	0.658426	-0.121751	0.359839	-0.316053	-0.062013	0.089582	0.217311	-0.269765	-0.508833	-0.190237	0.650801	0.607971	-0.612546	-0.931943	0.266782	0.463081	-0.234394	0.631213	-0.003165	-0.746943	0.571198	0.197608	-0.027119	-0.192633	0.141431	-0.93669	-0.416698	-0.223651	-0.244425	
-0.71094	-0.152069	-0.252854	-0.272178	0.150052	-0.37639	-0.537875	-0.629607	0.791421	0.080981	-0.901676	0.122292	0.815388	-0.159209	-0.183949	0.097012	0.327695	0.164191	-0.869811	0.519915	-0.338824	-0.23825	-0.179439	-0.078647	-0.784418	0.866059	0.919769	-0.07275	0.715827	0.875129	-0.70119	-0.493398	0.137895	-0.105763	-0.535915	0.920955	-0.787483	-0.408288	-0.777809	-0.027778	0.704759	-0.020731	-0.692664	0.615988	0.781851	-0.370248	0.923743	0.573231	0.963111	0.36608	
-0.077379	0.630298	0.393755	-0.284055	0.303437	-0.879883	0.864639	-0.89425	-0.401033	0.912085	-0.518912	-0.779326	-0.61534	0.465851	-0.053109	-0.637559	0.970763	-0.370825	-0.590934	0.430463	0.844473	0.948474	-0.365579	-0.544545	-0.339672	0.48389	0.159687	-0.618145	-0.313897	-0.235852	-0.691967	0.805076	0.025514	-0.039136	0.165911	0.948205	0.969685	0.534184	-0.928036	-0.680368	-0.95832	0.233806	0.311871	0.034285	0.851567	0.363376	0.022997	-0.545233	-0.791166	-0.066953	
0.067167	0.717775	0.791273	-0.804474	0.783736	0.01493	0.621715	0.145716	0.792617	-0.384842	0.801871	-0.43392	-0.545586	0.312556	0.223864	-0.699475	-0.036477	-0.40344	-0.198223	0.886122	0.1403	-0.516007	0.477822	0.780765	0.348543	-0.599651	0.27628	-0.191937	0.333116	-0.824987	-0.407772	0.465687	0.092603	0.804972	0.339624	-0.398929	-0.322708	0.358403	-0.886274	0.071685	-0.24492	-0.992168	-0.428974	0.452088	-0.371931	-0.432403	-0.008446	-0.472862	0.324615	-0.632504	
-0.432085	0.738208	0.106375	0.745181	-0.110616	-0.153113	0.499887	-0.260348	0.916162	-0.278074	0.545007	0.861198	0.614268	-0.9806	-0.253422	-0.406977	0.970894	-0.170569	-0.954318	0.914509	-0.105243	-0.733919	-0.506799	-0.478953	0.912758	-0.255879	-0.700717	-0.073503	-0.473397	-0.633669	-0.076997	-0.056671	-0.220085	0.389956	0.703458	0.480385	-0.05851	-0.098455	0.454781	-0.48283	-0.181281	-0.035626	-0.025113	0.438442	0.723676	-0.673783	-0.043473	-0.534956	0.7992	-0.145379	
0.831654	0.066093	0.797887	-0.388293	0.394258	0.747065	0.714388	0.88639	0.316623	0.422495	-0.669778	-0.646744	-0.726259	-0.500144	0.905759	0.708791	-0.012055	-0.048705	-0.595511	-0.274332	-0.696888	0.410174	0.043855	-0.582507	-0.26148	-0.849371	0.119461	-0.893305	0.919119	-0.942566	-0.561692	0.953445	0.634543	0.359695	0.747318	0.760357	-0.444922	0.997758	-0.392907	-0.885148	-0.840025	-0.146546	-0.327018	0.939295	0.49541	0.010573	-0.344875	-0.012279	0.758367	0.593659	
0.213474	0.873926	-0.161225	-0.32829	-0.672497	0.072244	0.651484	-0.967622	-0.862634	-0.385236	0.909787	0.799239	0.306401	0.501799	0.92417	-0.074664	-0.665796	0.01676	0.541741	-0.978192	0.531322	0.611378	-0.937584	0.416956	-0.289882	-0.599085	0.880339	0.212951	0.960386	-0.716224	0.540156	-0.739996	0.909371	-0.854316	0.166589	-0.544016	-0.551437	0.626118	0.245083	0.272301	-0.217459	0.074313	0.860568	-0.391261	-0.492302	0.231889	-0.606727	0.410031	-0.542925	-0.138119	
0.184301	-0.005255	0.477682	0.005106	0.762425	-0.342729	-0.422284	0.438464	0.735558	-0.790566	-0.265788	0.080654	0.098795	0.245159	-0.815261	0.70902	-0.762028	0.485732	-0.667336	0.399016	0.506913	0.390929	0.747336	-0.57351	0.531375	0.936038	-0.091529	0.432103	0.76842	-0.421318	-0.520218	-0.461215	-0.016788	0.429028	0.242351	-0.45197	-0.325553	-0.733811	-0.660256	0.885589	-0.799413	-0.51557	0.093005	0.014142	0.217639	0.999357	0.188343	-0.562162	0.759655	-0.296244	
0.671723	0.59724	0.748219	-0.24525	0.298245	0.583946	-0.033022	-0.876186	0.358378	0.285589	0.431699	0.953315	-0.294814	0.741607	0.938834	0.48086	0.570149	0.585019	-0.060729	0.393808	-0.081047	0.454028	-0.765413	-0.538168	0.979543	0.301102	-0.232766	0.621142	0.947774	0.552929	0.709693	-0.503583	0.299754	0.775258	-0.523044	-0.01165	-0.232199	0.676082	0.555607	0.091714	-0.61977	0.827335	-0.785145	0.669481	-0.660668	0.455754	-0.731991	0.383173	-0.395375	0.563491	
0.166669	0.036337	0.780377	0.221555	0.165753	0.575642	-0.835926	-0.297708	-0.54769	0.766708	-0.297815	0.954683	-0.593667	-0.916782	0.017315	0.17261	0.485562	-0.969462	-0.030126	-0.688045	0.94203	0.988953	0.207761	-0.519479	0.313522	-0.543745	-0.413002	0.049205	0.560586	0.267197	0.542187	0.195197	-0.665044	0.723319	0.007122	0.289416	-0.328128	-0.822604	0.294085	0.023086	0.662144	0.457286	-0.668956	0.19021	0.366884	0.770151	0.935613	-0.283718	0.267686	-0.061421	
0.082251	0.985447	-0.25564	0.935411	-0.490167	0.65369	-0.665744	0.601587	0.782097	0.601574	-0.371714	-0.096252	0.690919	-0.44818	0.28122	-0.113823	-0.849505	0.861866	-0.864956	-0.922905	0.644344	-0.646902	0.98553	0.901297	-0.509183	0.708801	0.142948	0.781248	0.90536	0.693719	0.261109	0.539776	0.761461	0.857582	-0.251338	-0.149591	-0.486866	0.144084	-0.182373	0.784394	-0.298878	0.568159	-0.237959	-0.262574	-0.695499	-0.179702	-0.915574	0.19756	-0.761357	-0.952455	
0.631971	-0.999362	-0.446194	-0.293831	-0.659527	-0.899675	-0.45762	0.987268	0.623028	-0.950386	-0.715616	0.793379	-0.309325	0.289049	0.95038	0.991877	0.602801	-0.286792	-0.779357	-0.286812	-0.440577	-0.871127	-0.992522	0.303785	-0.548651	-0.945982	-0.111845	0.876648	-0.309408	0.666146	0.767068	0.006634	0.765867	-0.69188	0.388044	0.961383	-0.556077	0.153954	0.362184	-0.459188	0.243704	-0.286173	0.590935	-0.826795	-0.073826	0.538983	0.734464	-0.254313	-0.141613	0.357416	
-0.646213	-0.90775	0.016091	0.191535	0.19664	-0.011276	-0.898054	0.079056	-0.05428	0.134703	-0.248379	-0.397349	-0.268942	0.780169	0.488061	0.560035	0.962193	0.653349	-0.791277	0.638317	-0.621472	0.202516	0.977592	-0.084629	-0.725221	0.836891	0.572481	0.710136	-0.055269	0.464453	0.964757	0.360132	0.89125	-0.872064	0.937882	-0.082728	-0.228001	-0.153115	0.076763	0.156291	-0.038531	-0.927596	-0.785041	0.03951	-0.412086	0.998245	0.198582	-0.88016	-0.696387	0.249406	
-0.872957	-0.507439	0.137303	0.2118	-0.157136	0.757862	-0.345931	-0.685934	0.422012	0.188301	0.860014	-0.115582	0.981175	0.537709	-0.903406	-0.151228	-0.951539	0.749251	0.069478	0.38461	-0.462011	-0.491136	0.288027	0.332216	0.284142	0.129757	-0.254505	-0.039591	-0.865033	-0.842251	0.88829	-0.11988	-0.407746	-0.523591	0.366465	-0.974163	0.38377	0.718462	-0.476516	-0.132613	-0.422836	-0.592044	-0.16075	0.759628	-0.873337	-0.626202	-0.519209	-0.759192	0.840025	0.346086	
0.759158	-0.816457	0.522764	-0.725329	0.359261	-0.032537	0.649894	0.821427	-0.477772	-0.956783	-0.892033	-0.198932	-0.294538	0.979605	0.779602	0.029066	-0.063526	0.586358	0.55651	-0.821342	0.566388	-0.344959	0.143607	0.755826	0.0594	0.018424	0.850767	-0.298879	-0.619221	0.223405	0.263644	0.538291	-0.833261	-0.679874	0.623401	-0.421958	0.641631	-0.020101	0.445624	0.472905	0.286248	-0.135188	0.547734	-0.284092	0.017368	-0.497728	-0.66792	-0.193783	-0.529052	0.345954	
0.97024	-0.007963	-0.637454	0.75675	-0.930001	0.324868	0.477147	-0.802741	-0.955873	-0.881047	-0.565765	0.97316	-0.873106	-0.088591	-0.512224	0.001222	-0.277428	-0.476651	-0.770415	0.656655	0.610884	-0.60943	-0.880438	-0.159897	0.034911	0.182029	-0.036893	0.1927	-0.137353	0.751281	-0.796537	-0.050433	0.366935	-0.08241	0.609226	0.510736	-0.760928	0.804975	0.063714	0.285168	0.08739	0.328053	0.615335	-0.843911	0.999996	-0.18058	-0.176933	-0.119972	-0.238781	-0.699711	
0.422762	-0.816957	0.63794	-0.483312	-0.717688	-0.391247	0.381424	-0.547683	-0.508786	0.576079	0.160472	0.771775	0.395467	0.27125	0.4493	0.539413	0.649755	-0.406429	0.132999	0.446986	-0.957806	-0.716914	-0.927747	-0.757613	0.014043	-0.641833	-0.210452	-0.866075	0.685586	-0.592057	0.478983	-0.849465	-0.400084	0.121536	0.617648	-0.578267	0.954514	-0.398993	-0.807526	0.918753	0.592572	0.453804	0.004429	0.965649	-0.586952	-0.533054	0.806556	-0.735899	0.829181	-0.366128	
0.28484	-0.094436	0.479632	-0.051872	0.676827	-0.241998	0.967223	0.463679	-0.147189	0.061954	-0.935376	-0.188333	0.124852	0.221456	0.992024	-0.184358	-0.69579	-0.080706	-0.144575	0.087538	0.846169	-0.473617	0.946142	-0.53141	0.265759	-0.473189	0.582202	0.03103	-0.363314	-0.232876	0.592853	0.527523	0.626862	-0.836596	-0.49343	0.147033	-0.419749	0.735483	0.738498	-0.642152	0.696111	-0.624223	0.543529	0.802796	0.693055	0.473029	-0.860962	-0.763551	-0.781623	-0.943384	
-0.378748	0.457891	0.629486	0.807929	-0.045138	0.364067	0.932695	0.078398	0.27396	0.900227	0.022185	0.677593	-0.497918	-0.400046	-0.17243	0.651556	-0.924975	0.991933	0.387406	0.022176	0.4182	-0.576663	0.311964	0.859547	-0.106768	-0.585488	-0.513243	0.9139	0.947525	0.898666	-0.061933	0.035356	-0.899471	0.207164	0.474514	0.519975	0.326666	0.542929	0.665568	0.247585	0.659111	-0.987275	0.555337	-0.937889	-0.289	0.130589	-0.724266	-0.168304	-0.728295	0.037782	
0.467981	0.634812	0.716362	0.971865	0.262569	-0.302036	0.192898	-0.163579	0.946724	0.978344	0.640095	-0.659153	-0.41682	-0.100661	0.310102	-0.635251	0.840934	0.94008	0.23493	0.965541	-0.172265	0.375429	0.685303	-0.758483	0.904307	-0.473605	-0.324476	0.367196	-0.149601	-0.244161	-0.268923	0.546363	0.54305	0.316974	0.231341	-0.074068	-0.169217	-0.126795	-0.584743	0.86265	0.335196	-0.764906	0.798789	-0.659241	-0.307735	0.432368	-0.230843	-0.266012	0.933665	-0.75731	
0.549193	0.703769	-0.744794	0.880139	-0.535654	-0.620612	0.672651	-0.404111	-0.723776	0.641936	0.28327	0.260434	-0.468595	0.538474	0.833185	0.432545	-0.191127	0.38536	0.979975	-0.632633	-0.173127	-0.935444	-0.443698	-0.808651	-0.155305	-0.855255	0.064716	0.18363	0.083959	0.070442	0.26084	-0.013486	0.537373	0.804067	0.926763	-0.834992	-0.66221	-0.925489	-0.233755	-0.785067	0.12315	-0.295921	-0.072343	0.326414	0.655042	0.291999	-0.562608	0.661113	-0.468687	-0.096751	
0.733661	0.481699	-0.372025	0.007233	-0.505795	0.552372	-0.223562	-0.192886	-0.550379	-0.776525	-0.020277	0.481715	-0.865568	-0.229439	-0.658278	-0.627588	0.909152	-0.302321	0.558278	0.919282	0.383492	0.979792	-0.186112	-0.246145	0.360848	-0.431047	-0.792473	0.270324	0.113773	0.43761	0.63711	-0.529139	-0.057239	0.451185	-0.024308	-0.434836	-0.980962	-0.558303	0.344271	-0.547714	0.900843	0.848916	-0.822185	-0.609908	-0.997113	-0.478512	0.670755	0.784595	-0.757694	-0.22239	
-0.86299	0.284567	0.602027	-0.486513	0.919694	-0.488784	0.3549	0.705553	-0.090911	-0.205502	0.24076	0.423899	-0.80632	-0.73054	0.535281	-0.507048	0.856758	0.523084	0.007266	-0.164193	-0.047282	-0.649185	0.133167	-0.054167	-0.864748	-0.088452	-0.604389	-0.721019	0.875256	-0.755152	-0.881846	0.506352	-0.335505	-0.37373	-0.194296	-0.49648	-0.710289	-0.684997	-0.161553	0.799996	-0.698143	-0.343793	-0.278594	0.735333	0.934507	0.374577	-0.487918	-0.553659	0.067204	0.158345	
0.947	-0.642676	0.095251	0.200134	-0.181349	0.638857	0.798478	0.413564	0.050493	-0.524606	-0.546731	0.605695	-0.018116	-0.910361	-0.844207	-0.230435	0.014721	0.229107	-0.865422	0.132349	0.730749	-0.485477	-0.103595	-0.1992	0.982949	0.938052	0.255803	-0.901573	-0.849419	0.279417	-0.442115	-0.762355	0.424246	0.394374	0.618851	0.191553	0.176644	-0.312133	0.782632	-0.149967	-0.168724	0.756566	-0.290383	-0.710446	-0.455611	0.349464	0.913011	0.935256	-0.604988	-0.65259	
-0.246725	0.421886	0.209483	-0.832701	0.536995	-0.380762	0.443909	0.939843	0.573704	-0.227035	-0.193305	0.082033	-0.24596	0.01308	-0.524044	0.456799	0.062812	0.544307	0.089689	0.711061	0.652421	-0.654171	-0.616047	0.18701	-0.031282	0.545053	0.337887	0.392844	0.934562	-0.336565	-0.977383	0.035638	-0.898606	-0.646633	-0.33696	-0.923359	-0.627848	-0.929635	-0.422446	-0.25678	-0.548234	0.29001	-0.255498	0.246274	0.316517	-0.355328	0.330865	0.877662	-0.645693	-0.828311	
-0.492955	-0.052717	0.339976	0.264048	0.312454	-0.062827	-0.541936	0.344889	0.447166	0.004418	-0.824481	0.573087	-0.483444	0.81213	0.205371	0.132752	0.144155	0.319657	0.065468	0.097865	-0.756433	0.646631	-0.580811	0.636708	-0.851258	-0.414395	0.993166	-0.245841	0.625419	0.683972	0.840119	-0.74202	-0.439815	-0.590241	0.840181	-0.902512	-0.796906	-0.081196	-0.121061	0.633623	0.40574	0.664415	-0.989103	-0.220962	0.248373	-0.836533	0.587283	-0.200056	0.479835	-0.9562	
-0.464626	0.837461	0.84547	0.823469	0.637796	-0.785384	0.394759	0.284114	0.621116	-0.063106	0.336085	-0.942404	-0.1875	-0.230245	0.627214	-0.283139	0.251034	-0.121928	-0.824156	-0.682499	0.079882	-0.478115	-0.203583	0.512859	-0.969652	-0.133535	-0.450602	0.901862	0.241504	-0.741555	0.102437	-0.134669	0.491788	-0.890425	0.006235	0.560258	-0.344262	0.106768	0.201676	0.881102	0.252669	0.431021	0.957816	-0.168937	-0.734625	-0.675003	-0.338982	-0.2215	-0.954331	0.024096	
-0.989186	0.056491	0.974564	-0.423604	0.387304	-0.025505	-0.977568	-0.105389	0.591053	0.481205	-0.075444	-0.846761	-0.31726	-0.161433	0.049376	-0.36892	-0.69789	0.390701	0.41854	0.579431	0.484815	0.895645	0.317647	0.965161	-0.900516	0.873093	0.409919	-0.35326	0.348821	-0.376807	0.216365	0.690773	0.999821	0.86095	0.347103	-0.012317	0.61539	-0.916498	0.097662	0.167658	-0.263165	0.925298	-0.51376	-0.215623	-0.045892	0.260294	-0.817099	0.992198	-0.724668	0.297062	
0.460471	0.905245	-0.47193	0.804624	-0.152281	0.957424	0.99032	0.319112	0.734799	-0.62082	-0.34347	0.143716	-0.594522	-0.182408	0.449878	0.850404	-0.003854	-0.09151	-0.048319	0.844218	-0.752359	0.06866	0.558353	0.508133	0.550632	-0.665406	0.934753	-0.352699	0.490873	0.508451	-0.692478	0.414118	0.569716	0.025733	-0.900413	0.991193	0.605399	-0.730531	-0.783917	0.749658	0.503383	-0.083142	-0.218171	-0.087116	-0.518396	0.149439	0.393208	0.864239	0.669418	0.287601	
-0.934882	0.736911	-0.768449	0.400943	-0.924282	0.32443	-0.314406	0.138976	0.924699	0.039052	-0.529484	0.994276	-0.984948	-0.587122	0.528392	0.862647	-0.217666	0.269262	0.185958	-0.534484	-0.364105	0.151406	-0.132282	0.775258	-0.604008	0.359611	0.989167	-0.625205	0.346388	0.303038	-0.205436	-0.568311	0.562094	-0.247424	-0.442054	0.131925	0.975743	-0.258076	-0.17566	-0.332529	0.771526	0.159329	-0.821705	-0.080984	0.245322	-0.057731	-0.175041	0.469318	0.318967	-0.064976	
-0.091853	0.322936	0.038579	0.785755	-0.461633	-0.83969	-0.958554	0.068781	-0.801268	0.597136	0.212008	-0.086216	0.433127	-0.461512	-0.704094	0.469586	0.941103	0.03241	-0.580257	0.02158	0.500726	-0.309299	0.764004	-0.402948	0.103584	0.508304	-0.563965	-0.330258	-0.347865	-0.370274	0.628681	-0.493172	-0.141443	-0.089587	-0.821565	-0.742408	0.51195	0.4222	0.023931	0.38937	-0.206462	0.68311	0.592159	-0.4458	0.648047	0.328237	0.809894	-0.151346	0.716292	0.311957	
-0.687515	-0.577218	-0.515956	-0.976521	-0.313867	-0.900913	0.380648	-0.391528	-0.920722	-0.478706	-0.520028	0.43828	0.05734	0.579849	-0.340926	0.787495	0.614195	-0.532751	-0.708548	0.636236	-0.862243	-0.938072	-0.644004	-0.337535	-0.419289	0.193837	0.413309	-0.656802	-0.574451	0.961715	0.135021	0.175893	0.906999	0.131351	-0.414942	0.551491	0.754406	-0.107098	0.740065	-0.476801	0.74352	-0.01654	-0.02396	0.990653	-0.485416	0.050564	-0.95736	-0.93814	0.939271	-0.581079	
0.78349	-0.73956	-0.453831	-0.349734	-0.442886	0.89699	0.067345	-0.731274	0.325161	-0.316465	-0.184389	-0.386841	0.109172	-0.886108	-0.720252	-0.848397	0.25626	-0.731084	-0.507861	0.263339	0.151491	0.283411	0.316592	-0.612808	0.527155	0.303027	-0.725603	0.254818	-0.292462	-0.645321	-0.515601	0.73339	0.079492	0.88393	-0.674647	-0.202246	0.691108	-0.9109	0.026869	-0.628724	-0.058079	-0.090015	0.680647	0.41715	0.394794	0.661359	-0.596141	0.622548	0.157821	0.26254	
-0.588405	-0.805606	0.148805	-0.166981	-0.507303	-0.271679	0.541232	0.751277	0.208805	-0.76189	-0.006837	-0.450416	0.872734	0.986235	-0.131364	-0.76197	0.901969	0.269762	-0.04038	0.040086	0.637607	-0.726891	-0.0793	-0.755503	0.102616	0.672294	0.044605	-0.332196	-0.883004	-0.884256	-0.693059	-0.34031	-0.016473	-0.06657	-0.030113	0.795716	-0.336579	0.906835	-0.732292	0.122249	0.30715	0.540097	-0.874801	0.900311	-0.619767	0.736503	-0.19737	-0.701437	0.963657	0.232102	
-0.340663	-0.885936	-0.588655	-0.200743	0.35865	-0.974957	-0.916951	-0.217542	-0.888006	0.670541	-0.65637	-0.774159	-0.767097	0.288256	0.432615	-0.053505	-0.24165	-0.434018	0.139853	0.347688	0.903864	-0.187195	-0.067844	-0.867966	0.252479	-0.711744	-0.156451	-0.443237	-0.021821	0.698735	-0.771035	0.476039	-0.799408	0.75533	0.044099	0.978279	-0.859248	-0.215022	-0.341479	0.264754	-0.179093	0.637998	-0.875931	-0.565558	0.093833	-0.304397	-0.86855	0.746204	-0.978423	-0.72296	
-0.189193	-0.138007	0.449426	0.525709	0.773161	0.20228	-0.596094	0.810572	0.020996	-0.315325	0.939469	-0.946003	-0.330962	-0.954149	0.319018	-0.383621	-0.485453	0.152348	0.248952	0.860807	-0.943285	-0.958418	0.088207	-0.661716	-0.761176	-0.94064	0.182849	-0.169022	0.159891	0.359464	0.044603	0.785857	0.022946	0.041358	-0.044618	-0.125242	0.191855	0.387545	-0.011347	0.814687	0.027609	-0.212253	-0.618003	-0.784467	0.85865	-0.583076	-0.567269	0.27725	-0.857893	0.065749	
-0.986155	-0.490803	0.16614	-0.878301	0.715173	0.364922	0.94923	-0.103267	0.08861	-0.925522	0.602786	-0.262751	-0.280721	-0.56527	-0.282043	0.429185	0.866945	0.687556	0.1072	-0.738826	0.393973	-0.895909	0.056064	-0.874789	-0.335419	0.40738	-0.095819	-0.46758	0.193494	-0.687683	-0.060711	-0.767742	0.096373	-0.009369	-0.873557	0.595993	0.085192	-0.844492	0.320664	0.823054	-0.121028	-0.609316	-0.132318	0.694205	-0.221076	0.457248	0.577194	-0.824537	0.337772	0.746777	
0.095037	-0.54604	0.097567	0.844873	0.766433	0.949118	0.696904	0.662825	0.868	-0.932648	0.381049	-0.727626	-0.999294	-0.948676	-0.408659	0.34379	0.322286	-0.915856	0.705193	0.33574	0.194754	-0.4809	0.031465	-0.749386	-0.31904	-0.08396	-0.28616	-0.284033	-0.529779	0.193725	0.125096	0.434156	0.641903	-0.728472	-0.025839	-0.457739	0.977943	-0.261135	0.958151	-0.768872	0.158013	-0.223018	-0.87192	0.813903	0.08273	-0.429551	-0.079803	-0.287092	-0.138482	-0.167997	
0.446129	-0.941869	0.435566	0.854198	-0.763878	-0.804172	-0.820607	-0.744278	-0.356834	-0.04071	0.576043	-0.727257	-0.750554	-0.402138	0.784862	0.240934	-0.591444	0.178361	-0.767824	-0.767079	-0.192905	0.200235	0.5174	-0.312834	0.753319	-0.033794	-0.047542	0.919414	0.957557	0.877512	-0.306332	0.139568	-0.765074	-0.290447	0.330863	0.727593	0.093346	0.984177	0.49829	-0.439416	0.141472	-0.050703	0.128067	0.149242	0.331754	-0.37235	-0.702378	-0.6572	-0.63868	-0.410757	
0.019221	0.002612	0.178468	-0.948119	0.963247	-0.656234	-0.609223	-0.872104	-0.528264	-0.070751	-0.487283	0.705677	0.770069	-0.419674	-0.012021	0.12332	-0.317748	0.838232	0.216029	-0.024156	-0.78953	0.978741	-0.540865	-0.936248	0.148976	-0.311388	0.730847	-0.849072	0.206082	-0.455471	-0.420718	0.812455	0.497057	-0.555729	-0.141628	0.339922	0.486604	0.402899	0.993944	-0.243442	0.611004	0.367208	-0.829409	0.640839	-0.536084	-0.456475	0.310887	-0.25045	0.552119	0.585499	
-0.131405	-0.433517	0.138261	-0.568855	0.801821	-0.315034	-0.445262	0.316961	-0.0985	0.92297	0.673857	0.001931	0.370982	-0.510729	0.995713	0.081599	0.936596	0.922406	0.235163	0.334813	0.86247	-0.991121	-0.635785	-0.408867	0.245083	-0.872506	0.115046	0.937364	0.399972	0.487342	-0.906754	0.680394	-0.034735	0.011309	-0.691972	0.893322	0.842345	0.961829	-0.762628	-0.743563	-0.095781	0.236248	-0.29581	0.718565	0.801384	0.865995	-0.424152	0.383092	0.625497	0.98342	
0.824057	-0.699009	0.26599	-0.970222	-0.228931	-0.399917	0.014409	-0.499943	-0.67841	-0.436016	0.671977	0.386727	-0.089227	-0.238393	-0.844192	-0.163398	0.565439	0.915933	-0.513975	0.19049	0.227005	-0.299331	-0.694988	-0.083993	0.826246	-0.514948	-0.594215	0.226951	-0.676446	-0.418394	-0.595768	0.128412	0.717431	0.338961	-0.291382	-0.840598	-0.695694	0.578918	0.238865	0.314214	0.625151	-0.918181	-0.067292	0.51743	-0.279919	-0.836587	-0.052582	0.482372	-0.636988	0.81382	
-0.915441	-0.579348	-0.632416	0.858795	0.069825	0.174107	-0.986822	-0.756859	0.187243	0.689796	-0.460711	-0.744196	-0.294229	0.206732	-0.350298	-0.123456	-0.719145	0.352559	0.139695	-0.087929	0.493082	0.565882	0.026638	-0.698559	0.353219	0.481743	-0.763275	-0.203873	0.94564	-0.864087	-0.954962	0.415112	0.997649	-0.786801	-0.78345	0.550871	-0.532765	-0.11451	-0.064461	-0.73293	0.368533	-0.813211	0.607229	0.886737	-0.091878	0.499332	0.496641	0.593646	-0.276902	-0.080585	
-0.543853	0.022593	-0.128803	-0.010451	-0.826955	-0.033927	0.565132	0.839147	0.501294	0.841386	0.978767	0.178068	-0.479085	0.902969	0.477275	0.621189	0.629108	-0.445442	-0.690979	-0.992582	-0.057738	0.575917	-0.618765	0.981169	0.217665	-0.949527	0.583286	-0.658837	0.798773	-0.279726	-0.834814	0.04567	-0.292941	-0.786893	-0.963827	-0.345805	-0.082394	-0.435036	0.128603	0.982471	0.196944	-0.970946	0.160039	-0.730603	0.909887	0.029414	0.554374	0.537247	-0.20946	-0.326152	
0.594524	-0.877279	0.846223	-0.617634	0.810273	-0.642603	-0.711971	-0.440751	-0.330439	0.421479	-0.122378	0.36297	0.205559	-0.315802	0.141859	-0.661666	-0.409268	0.780693	-0.502795	0.765367	-0.991016	-0.328847	-0.174119	0.872398	-0.820363	-0.56809	-0.747738	0.080154	0.858965	-0.868253	0.990236	0.637336	-0.210498	-0.885376	-0.640018	-0.488799	0.779729	-0.015382	0.63445	0.646317	0.324079	-0.383517	-0.893291	-0.778747	-0.130044	0.996463	0.640272	-0.786005	-0.848067	0.118497	
0.830941	0.825823	0.001048	-0.520347	-0.376729	0.82958	0.533326	-0.365748	0.789255	-0.670567	-0.202399	0.925179	-0.372956	0.703501	-0.401296	-0.824549	0.352374	-0.16219	0.254236	-0.251967	0.209765	-0.739349	0.810183	0.069816	-0.191025	0.981715	-0.399747	0.994462	0.767812	-0.582822	-0.147128	0.790674	-0.137298	0.137005	0.954736	0.706606	0.124204	-0.253443	-0.639019	0.535468	0.807666	-0.444237	-0.751976	-0.237315	0.11906	0.58622	-0.101863	0.937931	0.333285	0.788563	
-0.913879	-0.034746	-0.939192	0.200144	-0.266237	-0.995736	0.77898	-0.748786	0.218873	0.864851	-0.179798	-0.647252	0.881022	0.440342	-0.210817	0.304136	0.160023	-0.445347	0.417237	0.909055	0.177	-0.245011	0.23113	0.312863	0.480193	-0.674377	0.725115	0.321583	-0.123128	0.415545	0.059954	0.590705	-0.55989	0.539059	-0.605166	0.365384	0.669932	-0.807373	-0.46453	0.741386	-0.296119	0.076841	0.805747	-0.792421	-0.678826	0.171439	0.325463	-0.868442	0.44975	0.113484	
0.948257	-0.524107	0.290955	0.407002	-0.171706	0.770271	-0.482796	-0.492697	0.215286	0.70976	-0.734189	-0.206894	-0.232725	0.048139	-0.858574	-0.883622	-0.144266	-0.690679	-0.235106	-0.325009	-0.359001	0.233695	0.282325	0.697491	-0.821609	0.792137	0.319947	0.733926	0.990006	-0.16232	-0.449029	-0.492834	-0.6994	-0.525215	-0.000875	-0.488019	0.541101	-0.758914	-0.084795	-0.185883	-0.111594	0.711798	-0.916212	-0.985933	-0.190723	-0.074822	-0.183076	0.872706	-0.833801	-0.194222	
-0.555481	-0.719374	-0.247717	0.422672	0.496047	-0.570689	0.751292	0.406223	0.206599	0.519187	-0.331632	0.942526	0.745015	-0.646372	-0.769257	-0.70363	-0.225766	0.317853	-0.799114	-0.020763	0.346597	0.677448	0.512035	0.758554	-0.817288	0.327456	-0.301185	0.604246	-0.812845	-0.574585	-0.037221	0.705266	-0.815347	-0.348055	-0.109791	0.521325	0.84063	-0.080379	-0.39836	-0.236168	-0.085429	0.899652	0.367918	-0.265498	-0.606102	0.740391	0.042808	0.152825	0.252845	0.192537	
-0.821646	0.165761	-0.384473	0.050736	-0.27132	0.863103	-0.511863	0.685107	0.198614	-0.465757	-0.235821	0.942604	0.237428	-0.619506	-0.099265	-0.445983	0.187261	0.46106	-0.584672	-0.575654	0.497607	0.081119	0.652315	0.141387	-0.591309	-0.590298	-0.913294	0.96886	-0.779866	-0.890673	-0.498106	-0.523638	0.470168	-0.173793	-0.290781	0.185005	0.752778	0.774053	0.730524	0.128873	-0.732492	-0.74936	0.161412	-0.935607	-0.005204	-0.585452	-0.736677	-0.155729	-0.063342	-0.858805	
-0.120416	-0.874307	-0.345831	-0.452145	0.132091	0.40645	-0.028828	0.972634	-0.526907	0.560775	-0.588526	0.491264	0.274733	0.035059	0.083748	0.929179	-0.194749	-0.462637	0.896785	-0.900935	-0.499183	0.277888	0.467522	-0.800901	-0.092132	0.064283	0.451483	-0.681212	-0.770245	-0.412208	0.207067	0.072572	0.002771	-0.872183	0.509419	-0.498527	-0.728111	0.489305	0.392365	-0.532973	-0.574049	0.626103	-0.679076	-0.372667	-0.293737	0.664469	-0.544797	-0.230584	-0.169516	0.7386	
-0.244955	-0.898099	-0.693341	0.46368	0.261396	-0.534887	0.5792	-0.747077	-0.52367	0.557765	-0.517016	-0.427563	0.901961	0.457662	0.573024	-0.342697	-0.290899	0.762492	0.238033	0.21707	0.826407	-0.976829	0.064818	0.084447	0.179434	-0.667263	-0.284926	0.465608	-0.74968	0.013854	-0.441429	-0.02653	0.367104	0.501945	0.15752	0.599307	0.414418	0.026939	-0.435904	0.485663	-0.030012	0.539042	-0.293031	-0.294906	-0.710624	-0.950671	-0.130172	0.51189	0.713317	-0.390937	
-0.247345	0.533898	-0.499808	-0.670273	0.268363	-0.734397	0.959031	-0.82043	-0.933131	-0.328054	-0.160429	0.041239	-0.277146	0.316059	-0.25193	-0.84448	0.40072	0.065357	-0.588421	0.821492	0.509119	0.18116	-0.036489	0.516236	-0.833952	0.167988	0.592284	-0.653348	0.251293	-0.253223	0.156277	0.806494	0.118727	0.347587	-0.692423	0.659869	-0.903632	-0.801508	0.376613	0.030807	0.533396	-0.776096	-0.832199	0.583824	-0.546748	0.894521	0.230004	0.60706	-0.176391	0.480186	
0.244979	0.371336	0.594552	0.864041	0.006155	-0.774437	-0.716116	-0.506782	0.991026	0.585358	0.061592	-0.077615	0.643912	0.648319	-0.056458	-0.990404	0.465689	-0.46349	0.121571	0.487179	0.379364	-0.860014	0.806958	-0.374637	0.459111	0.213618	-0.782721	0.721298	-0.39911	0.718253	-0.360402	-0.228493	0.159204	-0.983344	0.571834	-0.941174	0.761581	-0.941521	-0.726253	0.587038	-0.584714	-0.462011	-0.451929	-0.938658	0.555342	0.006718	-0.370954	0.867577	-0.785548	-0.89884	
-0.382671	-0.165856	0.457442	-0.101973	0.664914	-0.184412	0.58401	-0.033041	0.14693	-0.772501	-0.098669	-0.397256	-0.380738	0.678281	-0.150044	-0.446258	-0.241223	0.27809	-0.136343	-0.225805	-0.214926	0.379527	-0.874077	-0.582268	-0.270059	-0.299682	0.972404	-0.234811	0.235629	-0.440544	-0.710654	-0.297049	0.33745	0.999396	-0.682185	-0.848835	0.878082	0.952919	-0.141947	0.355826	0.846669	0.571142	-0.454458	-0.517749	0.18201	0.470435	-0.664352	0.750464	-0.900746	-0.506177	
0.088116	-0.433717	0.71837	-0.904123	-0.684788	0.466714	0.16142	0.846004	-0.186231	0.365038	0.816018	0.672068	-0.907652	0.018138	0.287611	0.101692	0.768588	0.685461	-0.967224	0.33713	-0.846478	0.425307	0.807551	-0.164189	0.367333	0.059928	-0.73198	0.785629	0.670012	0.103146	-0.725764	0.431594	0.004052	-0.877134	-0.720743	0.952912	0.910104	0.439783	-0.557487	-0.218034	-0.748569	0.187072	-0.300837	-0.930105	-0.231582	-0.446358	0.199213	0.878765	0.537035	0.060469	
0.102064	0.582013	-0.991184	0.686364	0.525664	0.491879	0.051878	0.832452	0.666325	0.743334	-0.449352	0.010005	-0.009635	0.33097	0.225742	-0.755101	-0.004054	-0.959747	0.382627	0.351491	-0.653317	-0.259307	-0.770178	0.615125	0.216539	0.501273	0.013236	-0.750135	-0.249543	-0.372373	0.283283	0.746098	-0.56175	-0.67011	0.343389	-0.55854	-0.327082	-0.358167	-0.519117	0.466814	0.715154	0.494749	0.936502	0.658616	0.524416	-0.311424	0.159455	-0.913279	-0.423906	0.442671	
0.758311	0.146052	-0.026811	-0.748556	-0.783317	0.706385	0.81499	0.274238	0.223088	-0.459135	0.9965	0.81459	0.964849	-0.819784	0.664863	-0.557136	-0.953321	0.118194	0.90633	0.648026	-0.290059	-0.301748	-0.458124	-0.727779	-0.866333	-0.753508	0.216156	-0.80223	-0.192239	-0.654566	0.190986	0.861569	0.12571	0.79343	-0.589742	0.617122	-0.298436	-0.855091	-0.615481	0.676684	0.397601	0.624005	0.515457	0.804926	-0.705496	-0.124837	-0.342555	0.296784	-0.928348	0.074094	
-0.306488	0.671077	-0.224987	-0.3259	-0.905007	0.931759	-0.519223	-0.870919	-0.176269	0.297171	0.615826	-0.606695	0.142959	0.06428	-0.904232	-0.446834	-0.941128	-0.690428	-0.200561	0.2112	-0.999977	0.151405	-0.287136	0.906363	0.784531	0.578108	0.788282	-0.810462	-0.757634	0.816233	0.383805	0.408874	0.72027	-0.441966	-0.639713	0.85483	-0.815904	-0.2027	-0.018751	-0.832283	-0.125901	0.555045	-0.122494	-0.849968	-0.091521	-0.50969	-0.838715	-0.705621	0.051837	0.38847	
0.290334	0.322046	-0.228173	-0.893039	0.994256	-0.209691	-0.102812	0.331308	-0.035876	-0.321817	0.050407	-0.600076	-0.561072	0.173152	-0.402694	-0.084089	0.804224	0.073583	-0.779504	-0.577967	-0.251044	0.479921	0.223475	-0.54457	-0.811416	-0.224623	-0.953141	-0.498811	0.610542	0.235069	-0.194712	0.807904	-0.491801	-0.008786	-0.800953	-0.269972	-0.278413	0.107279	0.345407	0.301659	0.988981	-0.684882	0.701497	0.821818	-0.0526	0.721578	-0.722726	-0.543274	-0.617906	-0.767083	
-0.665464	-0.480291	0.710288	0.350113	-0.740833	-0.182295	-0.586275	0.860299	0.878862	-0.013831	0.107102	0.131288	0.047765	-0.519014	0.91285	-0.488407	-0.006681	0.918666	0.270606	0.571309	-0.107463	0.228605	-0.403571	-0.473766	0.512736	-0.115049	0.441161	0.633718	0.893517	-0.212116	-0.84164	0.871957	0.394976	-0.992787	-0.721641	0.430071	0.981306	-0.23876	0.238466	0.86901	0.088255	0.16871	-0.236344	-0.398005	0.534304	-0.651036	0.89436	-0.538832	0.252073	-0.031901	
-0.701661	-0.672065	-0.186206	-0.572071	-0.41252	0.258801	0.554376	-0.312033	-0.993318	-0.82155	-0.765571	-0.301249	0.677204	-0.409177	0.491411	-0.921059	0.722072	0.347639	-0.218688	-0.675374	-0.180044	-0.445583	-0.973648	-0.640054	0.684836	-0.772504	0.335255	0.328295	-0.630329	0.419528	0.316187	-0.846556	0.844874	0.097129	0.324155	0.315496	0.928214	0.675928	-0.883368	0.036031	0.238119	0.047316	0.28847	-0.399736	0.316884	0.995054	0.276107	0.241273	-0.109288	-0.544732	
-0.959938	-0.681521	-0.881444	-0.866673	0.853598	-0.749133	0.484798	-0.660416	0.823721	-0.152397	0.343754	-0.022578	-0.773503	0.281513	-0.655882	0.663972	-0.874384	0.905956	-0.850946	-0.61394	-0.917582	-0.34339	0.957711	-0.319628	0.461089	-0.309539	-0.540159	0.187347	-0.454451	-0.147929	-0.486634	0.714821	-0.345233	0.746014	0.276892	-0.552405	-0.030495	-0.18003	-0.283354	0.094181	-0.538392	0.78042	0.15278	-0.864047	0.243325	0.09076	-0.612763	-0.555312	-0.009062	-0.79867	
0.057203	0.214484	0.950778	0.438268	0.909148	-0.419648	-0.593735	0.971661	0.49462	0.485444	0.92857	0.94173	-0.739043	0.772603	0.04005	0.334234	-0.496252	0.585012	0.600316	-0.539271	-0.819225	0.674666	0.792824	-0.474695	-0.866869	0.503555	0.103205	-0.841056	-0.2022	-0.666069	0.538998	-0.63872	-0.326965	0.608923	-0.01045	-0.813044	-0.500952	0.69082	0.436167	-0.947305	0.53869	-0.710587	0.972987	-0.198784	-0.449239	-0.236975	-0.525682	-0.814348	0.124628	-0.153564	
-0.971379	-0.402738	0.129449	0.963007	0.504627	-0.930161	-0.40841	-0.961256	-0.758879	0.707305	0.191407	-0.492036	-0.051603	-0.916778	0.771571	-0.232946	0.706259	0.065626	0.100355	0.787143	0.863149	0.262296	0.610148	0.943239	0.329794	0.550104	0.259304	0.301308	-0.459251	-0.439942	0.016704	-0.148913	0.927282	0.899668	-0.758164	0.474886	0.941842	0.564268	-0.550934	-0.156695	-0.110288	0.011772	-0.845632	-0.545541	0.877543	0.403098	0.669836	-0.617366	0.634753	0.69778	
0.651851	0.518383	-0.241025	0.582993	-0.339767	-0.976924	-0.060623	0.413793	0.642706	-0.912115	-0.686743	0.584115	0.967499	0.932899	0.415558	0.911119	-0.24302	-0.166417	0.230015	0.693464	-0.63628	0.137507	0.301804	-0.909933	-0.521503	-0.171982	0.947851	0.301106	-0.036275	0.085839	-0.891392	0.296832	0.871769	0.900384	0.884021	-0.122199	0.149385	-0.408524	-0.296944	-0.57928	0.315526	-0.37306	-0.531057	-0.723385	0.261938	0.563926	0.057437	0.117422	-0.699539	-0.71399	
0.41311	0.33104	-0.55974	-0.96397	-0.497564	0.246046	0.873276	0.634276	0.770677	-0.475573	0.393384	0.406242	-0.40905	-0.129514	-0.381887	-0.267544	-0.030133	-0.43299	0.898734	-0.266004	-0.062085	0.407179	-0.551136	-0.138385	0.829081	-0.712391	0.450887	-0.643869	0.824135	0.580247	-0.103224	0.861789	0.562771	-0.860977	0.987013	-0.728882	0.19212	-0.10506	0.97819	0.646136	-0.185113	-0.518958	0.559979	-0.498002	0.570018	-0.46303	0.023928	0.073387	-0.620682	0.730651	
0.502415	-0.127561	0.307278	0.773428	0.357474	-0.91444	-0.637582	0.680162	0.921015	0.880567	0.414045	-0.592379	0.421168	-0.762671	0.001965	-0.209851	-0.14775	0.106073	0.035721	0.86357	-0.375941	-0.806208	0.279173	0.792703	0.890582	0.192194	-0.489639	0.124551	-0.265501	-0.699975	-0.215173	0.058664	-0.853124	-0.447336	0.609327	-0.325285	0.453446	-0.907444	0.263321	0.228856	0.274886	0.52357	0.554152	-0.180291	0.176902	-0.175388	-0.814558	0.378507	-0.076473	-0.384819	
0.946862	0.340733	-0.565491	0.176606	0.386984	0.912914	0.415048	0.987278	-0.28682	0.478977	0.820314	-0.506337	0.00773	0.381966	0.602978	0.190713	0.43416	0.508873	-0.814404	-0.635328	-0.057516	-0.105469	0.038244	0.764101	-0.11378	-0.069136	0.776482	0.783662	-0.23093	0.287671	-0.568884	-0.425442	0.35539	0.310978	-0.261552	-0.004439	0.447875	0.427584	0.851124	-0.720603	0.246116	0.069417	0.128711	0.186803	-0.261479	0.739054	0.139718	-0.888057	-0.15211	0.481962	
-0.041287	0.148388	0.764156	0.067033	-0.701502	0.652643	0.241254	-0.033913	-0.019491	0.714072	-0.686933	0.960279	-0.324711	-0.814546	-0.267281	0.049386	-0.415396	0.72743	-0.152694	0.059742	0.244557	-0.994592	-0.656691	0.709937	0.039565	-0.680749	-0.599854	0.872577	0.353866	0.507715	0.594951	0.268569	-0.749161	0.086338	-0.449017	-0.513203	-0.218323	-0.107395	0.07298	-0.408584	-0.143846	-0.902563	-0.293668	0.936984	0.61283	0.558849	0.363945	0.835319	-0.771259	-0.413368	
0.573412	0.184241	-0.241423	0.832923	0.645416	0.860181	-0.839129	-0.691225	0.127532	0.709861	-0.229584	0.777122	-0.434525	-0.674873	-0.389749	-0.037483	0.525394	-0.445126	-0.167981	0.663963	0.73253	-0.058626	0.324288	0.139588	0.425777	0.66122	0.571377	-0.747976	0.36533	0.065858	0.869385	0.298405	-0.039812	-0.258666	-0.546787	-0.604035	0.603175	0.419524	-0.306365	0.244481	0.215771	0.564688	0.518328	-0.607721	0.792447	0.602293	0.614277	0.402508	-0.342053	0.81765	
0.178586	-0.079831	-0.119704	-0.412935	0.610776	0.710808	0.793563	0.586162	-0.399537	0.259512	0.123263	-0.773418	0.187209	-0.289847	0.997647	-0.297756	-0.02614	-0.776559	0.520437	0.082925	0.536081	-0.12934	-0.59653	-0.333601	0.309604	0.095082	-0.101863	0.161034	-0.905422	-0.598265	-0.43169	0.315239	-0.375195	-0.775061	0.285648	0.70648	-0.312213	-0.957421	-0.090177	-0.717206	-0.793583	-0.041412	0.963949	0.566036	0.973658	0.022115	-0.245813	0.867507	-0.276832	0.673668	
0.204239	0.036087	-0.18598	-0.029375	0.194672	0.291529	0.032923	-0.2867	0.63291	-0.98623	0.307604	-0.799686	0.15336	0.748998	0.608857	0.760388	0.034446	0.932614	0.559614	-0.333199	-0.659416	-0.225865	-0.349084	-0.848509	-0.952549	-0.782003	-0.923613	0.343181	0.818568	0.623991	-0.355967	0.943841	-0.2281	-0.897902	0.323054	-0.553318	-0.786313	-0.50219	0.089371	0.590767	0.171607	0.125463	-0.623146	-0.042202	0.142876	0.71386	0.459169	0.209462	-0.754901	0.47664	
-0.154614	-0.740583	-0.931578	-0.711756	-0.187639	-0.01799	0.856894	0.119352	-0.298028	-0.807181	0.477704	0.130687	-0.85422	0.374978	0.765147	0.865307	-0.140942	-0.796615	0.57094	-0.716455	-0.496257	-0.121858	-0.627677	0.138388	0.695769	-0.864077	0.814497	-0.898439	-0.841668	0.583876	0.081826	0.279072	0.744899	0.282031	0.283705	-0.267517	-0.134505	0.373085	-0.592189	-0.525803	-0.728135	0.150821	-0.690041	0.677265	0.528541	-0.088579	-0.335322	0.661782	0.424611	-0.029924	
-0.655762	-0.974286	0.793659	0.369045	-0.389093	0.28534	-0.209386	0.508909	0.468008	-0.096287	0.589167	-0.800121	0.074419	-0.488115	0.736282	0.267372	-0.637176	-0.538723	-0.419831	-0.200826	-0.13379	-0.439646	-0.721753	-0.913506	0.84755	-0.922538	0.913232	-0.311546	0.24189	0.677811	-0.814888	-0.228073	-0.996297	-0.065143	-0.401895	0.357845	-0.905152	-0.365724	0.307257	0.959049	0.97956	-0.896532	0.948465	-0.00101	-0.867915	0.391492	-0.089194	0.814373	0.353449	-0.079049	
-0.815855	0.851027	-0.081107	0.708171	0.307868	-0.610808	-0.075251	0.053793	-0.2047	-0.363865	-0.38299	-0.94642	0.107951	0.767117	0.537165	-0.376578	-0.33211	0.716717	0.680648	-0.475394	0.546171	-0.895367	0.03659	-0.730942	-0.279748	0.938001	-0.87626	-0.505954	0.867886	-0.270504	0.718601	0.790101	-0.583144	0.520614	-0.744124	-0.402201	0.321276	-0.58211	-0.234073	0.100994	-0.319362	-0.612149	-0.500041	0.352896	0.930833	-0.215763	-0.851526	0.504625	0.441029	-0.009879	
0.529591	-0.522334	0.673009	-0.929296	0.15259	0.176078	-0.795349	0.26749	0.380003	-0.593964	-0.398104	0.274715	0.998475	-0.190885	0.412501	0.523697	-0.943876	-0.856648	-0.314759	-0.107038	0.377076	0.968795	-0.417388	-0.688369	-0.512611	-0.007173	-0.731165	0.404069	-0.674692	0.359974	0.848572	-0.93629	0.741691	0.707331	0.713065	-0.070366	0.803933	0.492842	0.702035	0.493673	0.947111	-0.532839	-0.884857	0.973764	-0.360277	-0.432716	-0.871647	0.387628	0.090961	-0.968557	
0.556585	-0.16576	-0.57238	-0.837065	0.37067	0.637132	-0.081298	-0.653797	-0.122918	0.130742	-0.303193	0.324431	0.673143	-0.058568	0.526382	0.945962	0.545713	-0.703648	0.475724	-0.866497	0.534107	-0.612258	-0.935033	0.292859	-0.585943	0.230791	-0.30648	-0.695275	-0.116241	-0.534289	0.484492	0.245187	0.828945	0.771936	0.707426	-0.33735	0.341406	-0.268819	-0.077995	0.377624	-0.633634	0.248232	0.016461	0.175656	-0.710262	-0.670523	0.88408	0.586741	0.754698	0.611913	
0.49566	-0.905356	0.04135	-0.198267	-0.41973	0.29287	0.096138	0.221806	0.007027	0.767992	0.846094	-0.200611	-0.597239	-0.495717	0.401113	-0.990794	-0.773387	0.651293	0.773787	0.504222	0.945712	0.553659	-0.960118	0.428876	-0.90451	-0.165501	0.474113	0.508329	0.268897	-0.838471	-0.284471	-0.592016	-0.17116	0.93296	0.01053	-0.290847	0.613361	-0.183581	0.028626	-0.593749	-0.108044	0.88247	-0.342008	0.099085	0.021888	0.902819	0.782806	0.163891	0.251061	0.650865	
0.295889	0.528114	0.320558	-0.645094	-0.549514	-0.339703	0.72524	0.024565	0.319819	0.384359	0.88264	0.811953	0.726837	0.953026	-0.38378	0.745506	-0.192742	-0.345138	-0.507851	0.635471	-0.681679	0.18762	-0.850704	0.636656	-0.235579	-0.784148	0.916695	0.647638	0.141489	0.260071	-0.12126	-0.601696	-0.605331	-0.783252	-0.368249	0.421508	-0.54004	0.285342	0.738021	0.43148	-0.259614	-0.957877	0.634032	-0.350968	-0.639805	-0.29519	-0.905775	0.400315	0.66083	0.075159	
0.154925	0.99196	-0.031951	-0.413026	0.749627	0.040054	0.889391	-0.7186	-0.273729	-0.666489	0.189211	0.293467	-0.58342	0.131465	-0.030167	0.761971	-0.672091	-0.457517	0.793926	-0.520751	0.93484	-0.795589	0.967442	-0.49539	-0.431131	0.02791	-0.482113	0.859675	0.579958	0.452596	0.387021	-0.037433	-0.945609	-0.180379	-0.240092	0.822089	-0.181675	-0.129824	0.843536	0.956982	0.795429	0.654378	-0.855603	-0.181526	-0.303102	0.901949	-0.08428	-0.587202	0.718347	-0.465188	
0.862762	0.224284	-0.748085	-0.38062	0.205272	0.538113	0.058134	-0.468689	-0.840788	0.290322	-0.376436	-0.674203	0.756237	0.817916	0.440172	0.839421	-0.100333	-0.909455	0.444519	-0.252241	0.579403	0.401166	-0.73932	0.540567	0.506618	-0.902402	-0.297304	0.252106	0.406126	0.543794	0.077822	0.312196	0.600387	0.20486	0.035898	-0.479238	-0.632448	-0.252987	-0.499478	0.529457	0.549687	-0.917665	0.959676	0.645373	-0.706039	-0.768589	0.00373	-0.161132	0.407858	-0.607638	
-0.449131	0.122069	0.464993	0.674629	0.958171	0.109022	-0.181796	0.158087	-0.622004	0.725032	-0.226003	0.701246	-0.604727	0.150227	-0.770732	-0.531737	-0.00701	-0.920757	0.136239	0.819887	0.506334	0.969208	0.367211	-0.097228	-0.977053	-0.777404	0.586355	0.347407	0.916829	0.978116	-0.168173	0.537781	0.022071	-0.166028	-0.130006	-0.663432	0.043829	-0.12125	0.186857	-0.450936	0.503181	-0.466515	0.293341	0.844078	-0.883041	-0.08615	0.420222	0.855076	0.323417	-0.729641	
0.433142	-0.668706	0.030654	0.573128	-0.420079	0.456329	0.379284	-0.989506	-0.900787	0.382285	0.230746	0.483422	0.548713	0.598782	0.282776	-0.664084	-0.263402	-0.452357	0.707412	0.469843	0.104364	0.677165	0.83419	-0.417794	0.801043	0.015265	0.706777	-0.626893	0.969143	0.736889	-0.164762	-0.482477	-0.996243	0.111203	0.021945	-0.585017	-0.902152	0.045013	0.785279	-0.534192	-0.381849	0.633784	0.827275	0.233827	0.582789	-0.311339	-0.804229	-0.880424	0.621296	-0.102097	
-0.744515	0.688582	-0.335814	0.105948	-0.168919	-0.878615	0.417019	0.152594	0.251928	0.639655	0.101174	-0.229012	-0.79896	0.839484	0.120584	0.913775	-0.095147	-0.794057	0.628048	-0.117398	-0.77749	0.386913	-0.065222	0.592931	-0.104643	0.594525	-0.027071	0.534716	-0.605877	0.545449	-0.692683	0.330753	-0.291258	-0.975235	0.290524	-0.975221	0.64283	-0.950062	0.631921	0.885389	-0.117125	0.578523	-0.596321	0.518306	-0.248032	-0.288033	-0.460663	-0.494643	0.067866	-0.753302	
0.545094	0.979963	-0.461303	0.636155	-0.059897	-0.555447	0.148997	-0.247445	-0.056324	-0.194418	0.171926	0.449797	0.563987	-0.728242	0.067836	-0.618328	0.854544	-0.159926	0.404361	-0.182738	-0.284875	-0.305949	0.596495	0.079941	0.52846	-0.737139	-0.099391	-0.691375	-0.789891	-0.897926	0.648181	-0.570313	0.012896	-0.106398	-0.411602	0.346599	0.904084	-0.333277	-0.43509	-0.992493	0.483249	-0.152738	0.055288	0.622912	0.333273	-0.601123	-0.501118	0.512305	0.299577	0.903689	
0.448569	0.668466	0.123983	0.678714	-0.306467	-0.04877	-0.171019	-0.350961	0.205083	0.193622	-0.891185	-0.510156	-0.819539	-0.509172	0.754315	0.766031	0.219724	-0.031775	-0.331897	-0.29604	0.77524	-0.500511	0.828389	-0.138794	-0.809229	0.393664	0.330685	-0.960627	-0.298687	-0.462717	0.536095	-0.17414	-0.286881	0.527755	0.425347	-0.963608	-0.279201	-0.143478	0.423276	0.661336	-0.013922	0.022887	-0.457432	0.477892	0.74331	0.530514	0.72709	0.37152	0.214266	0.040051	
-0.025824	0.488033	-0.054979	0.835963	-0.007423	-0.650884	-0.236785	0.169243	0.23628	0.730737	0.776485	-0.799625	-0.381799	0.917175	-0.604858	0.512509	-0.031913	0.325705	0.42067	-0.018231	-0.496639	0.601665	-0.567043	-0.335689	0.870526	-0.986152	0.037867	-0.86395	-0.274777	0.206176	-0.730132	0.213032	0.626476	0.847347	-0.51632	0.749675	-0.232753	0.872433	-0.329295	-0.124251	0.809469	-0.274222	0.391677	0.977022	-0.882468	0.440898	0.472492	-0.482377	-0.59766	-0.34298	
-0.840423	0.226028	-0.001477	-0.767818	-0.626429	-0.77855	0.898522	0.530557	-0.010564	-0.570291	-0.692563	-0.966107	0.457246	-0.431623	-0.4119	-0.191757	0.098092	0.467274	-0.963607	0.961273	0.218146	0.593244	0.664375	-0.714298	0.686958	-0.510623	-0.257962	0.118342	-0.372225	0.576001	-0.294432	-0.416317	0.341395	-0.700761	0.051537	0.077686	-0.65135	-0.360441	-0.479489	-0.514009	-0.178938	-0.050435	-0.14011	-0.11088	-0.276045	-0.029474	-0.141793	-0.972922	-0.764554	-0.119498	
-0.878052	0.992052	0.911021	0.594572	0.863447	0.236423	0.870162	0.212363	0.970086	0.614354	-0.35291	0.251042	-0.979695	0.192557	0.505681	0.425263	-0.77446	-0.243795	-0.153866	-0.90867	0.209776	-0.92781	0.144237	-0.242123	0.743621	0.798111	0.751959	0.953291	0.336419	-0.046293	0.62018	0.584287	-0.069532	0.599903	-0.141029	0.761324	-0.772942	-0.142988	-0.81031	0.747934	0.943839	0.628202	-0.274328	0.197392	-0.269922	-0.439176	0.167592	0.045095	-0.71768	-0.070242	
0.409739	0.982501	0.201389	0.004486	0.057759	-0.003375	-0.065759	0.343794	-0.331168	-0.87864	-0.832685	0.114326	0.023353	0.777666	-0.230654	0.555331	-0.036878	0.36632	-0.742352	-0.210726	-0.228123	-0.456849	-0.095337	-0.23348	-0.87873	-0.154157	-0.979533	-0.187332	0.020904	0.804	0.064234	-0.391214	-0.181698	-0.933558	-0.334903	0.246058	0.406772	-0.578747	-0.366141	-0.528946	0.509198	-0.214184	0.996828	-0.431328	0.068472	0.308834	0.112446	-0.548449	-0.72547	-0.648852	
-0.446196	0.902588	0.425847	0.559903	0.336065	0.47718	-0.300394	-0.185419	0.526774	0.743299	-0.029934	0.491372	-0.102949	-0.546317	0.639064	-0.267614	0.943093	-0.224324	0.597969	-0.457996	0.052476	-0.603087	-0.453988	-0.657774	-0.790038	0.190178	-0.280262	-0.468788	0.351353	0.448097	-0.40791	0.300998	0.620867	-0.371078	-0.676586	-0.255074	-0.221471	0.374757	-0.106758	-0.474245	0.45311	-0.006302	0.179252	-0.744868	-0.394655	-0.689494	0.935404	0.406063	-0.833072	0.283832	
0.274596	0.97489	0.359776	-0.096671	0.678683	-0.873454	0.17548	-0.441022	-0.661204	-0.806013	-0.285731	0.520327	-0.311126	-0.793607	-0.814756	0.596928	0.303467	0.255349	0.965094	-0.094348	-0.232955	-0.881752	0.663077	-0.517844	0.515339	-0.211909	-0.954572	0.688241	0.15598	-0.052173	0.900911	0.963593	-0.2483	-0.144695	0.918834	-0.720539	0.637015	-0.055817	-0.561781	0.521589	0.217045	0.911222	-0.643055	0.020696	0.99418	0.928512	0.674712	0.907938	0.786073	-0.088529	
0.022843	0.010863	0.028873	0.009853	0.018185	0.031936	0.033503	0.018955	0.03214	0.006526	0.018513	0.010107	0.01483	0.000903	0.02607	0.012528	0.014057	0.029131	0.029691	0.027203	0.001791	0.028046	0.034353	0.004892	0.017256	0.009234	0.019895	0.025638	0.035989	0.031262	0.015553	0.024463	0.006907	0.025457	0.034655	0.022422	0.005729	0.006778	0.02572	0.028523	0.01845	0.006532	0.03122	0.030783	0.005011	0.006818	0.029225	0.016888	0.022497	0.031303	
0.013407	0.007882	0.040998	0.039919	0.018399	0.027333	0.024921	0.013088	0.020172	0.020101	0.037687	0.015687	0.029901	0.019518	0.015071	0.035739	0.039506	0.005947	0.033947	0.018146	0.035274	0.030839	0.00241	0.038147	0.041629	0.023278	0.002416	0.00097	0.019762	1e-06	0.004684	0.02626	0.016519	0.018134	0.004709	0.019814	0.020161	0.028017	0.014476	0.02352	0.017909	0.014485	0.00555	0.016679	0.026788	0.019688	0.001123	0.006729	0.021962	0.020698	
0.014485	0.02704	0.027853	0.031069	0.022911	0.018489	0.006327	0.032022	0.032964	0.020132	0.011023	0.024797	0.022579	0.020016	0.020478	0.033895	7.6e-05	0.002972	0.005202	0.034811	0.02513	0.026944	0.025559	0.009324	0.03132	0.028174	0.007694	0.020032	0.025415	0.018851	0.032292	0.034001	0.01726	0.017718	0.022343	0.026527	0.006499	0.010513	0.011041	0.03223	0.002724	0.020284	0.006961	0.03551	0.033444	0.006368	0.03377	0.015607	0.004707	0.002617	
0.01971	0.038718	0.012987	0.013153	0.017019	0.020653	0.0264	0.043657	0.008274	0.038214	0.01966	0.021591	0.034495	0.013307	0.02108	0.00796	0.035726	0.022097	0.042829	0.039908	0.008767	0.001962	0.015963	0.020269	0.024824	0.022397	0.005102	0.029908	0.038	0.018146	0.027289	0.016195	0.008736	0.017924	0.009161	0.004162	0.002553	0.013206	0.019533	0.035596	0.039829	0.021622	0.007263	0.003597	0.013624	0.001719	0.034539	0.00938	0.012226	0.01907	
0.030064	0.005363	0.009419	0.012402	0.025907	0.030707	0.003631	0.033687	0.036816	0.024906	0.03723	0.002052	0.022223	0.025921	0.036607	0.005435	0.01167	0.021825	0.036532	0.017674	0.01178	0.000791	0.018328	0.015	0.030475	0.016114	0.022915	0.032016	0.037112	0.012979	0.023926	0.017496	0.022929	0.017516	0.02454	0.035376	0.0085	0.023312	0.006112	0.005904	0.0205	0.034246	0.022339	0.002393	0.029091	0.001575	0.015248	0.01943	0.028993	0.012993	
0.024092	0.003499	0.023629	0.039118	0.001266	0.000326	0.017346	0.006479	0.039051	0.036683	0.010953	0.033965	0.027871	0.009087	0.012869	0.027034	0.024153	0.020774	0.018578	0.037552	0.014074	0.001	0.024667	0.031753	0.035812	0.009575	0.001704	0.008863	0.037379	0.039096	0.036175	0.00912	0.027319	0.019857	0.015687	0.016412	0.012959	0.013877	0.008953	0.022833	0.017968	0.009856	0.023401	0.016035	0.021467	0.020056	0.031628	0.005361	0.036781	0.016007	
0.003122	0.009038	0.003223	0.020318	0.031001	0.030769	0.02957	0.035032	0.027956	0.00793	0.008259	0.00391	0.010811	0.028804	0.009793	0.029224	0.025662	0.029036	0.030962	0.028085	0.025056	0.028002	0.029749	0.032431	0.018997	0.01932	0.025487	0.026485	0.03125	0.005651	0.020877	0.0193	0.031847	0.028211	0.022629	0.026635	0.019887	0.007688	0.017374	0.014685	0.010896	0.024458	0.023485	0.013672	0.016113	0.027813	0.001821	0.005952	0.021658	6.60000000001e-05	
0.000919	0.020179	0.038456	0.039785	0.008365	0.003318	0.013022	0.019481	0.032159	0.021113	0.036858	0.016804	0.010304	0.038567	0.010459	0.014596	0.038671	0.034637	0.02154	0.012791	0.023261	0.025936	0.001527	0.016584	0.014972	0.019235	0.028711	0.004967	0.005344	0.004821	0.014386	0.018139	0.017348	0.016525	0.003162	0.027787	0.023459	0.016049	0.038738	0.009265	0.013178	0.016371	0.026536	0.038648	0.03243	0.019826	0.029071	0.016235	0.028768	0.016697	
0.020107	0.028445	0.001758	0.013184	0.00502	0.0179	0.012587	0.023709	0.012242	0.029379	0.035569	0.030471	0.005939	0.025985	0.039288	0.011174	0.034705	0.024439	0.000471	0.004738	0.041146	0.014461	0.035022	0.016559	0.026563	0.021447	0.010715	0.02895	0.020594	0.025683	0.040351	0.003511	0.018262	0.030599	0.027269	0.037775	0.011375	0.00258	0.038725	0.007375	0.034535	0.009065	0.001779	0.040856	0.000731	0.011935	0.017	0.015095	0.011323	0.021609	
0.032946	0.016594	0.028444	0.006293	0.016856	0.023291	0.021052	0.024376	0.035449	0.025939	0.000396	0.00242	0.004857	0.006392	0.004891	0.011602	0.015371	0.008895	0.0292	0.005196	0.006463	0.035444	0.027171	0.011879	0.02143	0.005732	0.019983	0.03358	0.035795	0.030038	0.024551	0.02733	0.024728	0.02386	0.034354	0.013627	0.022471	0.022078	0.015947	0.010909	0.034515	0.030948	0.034875	0.011219	0.015429	0.033578	0.007746	0.005845	0.035404	0.022611	
0.029006	0.032964	0.026587	0.027072	0.029472	0.020035	0.008416	0.023559	0.012531	0.00386	0.024561	0.033527	0.02036	0.00856	0.015221	0.002503	0.009646	0.024339	0.032185	0.005495	0.034553	0.022104	0.001673	0.024309	0.016545	0.007219	0.000468	0.036523	0.020044	0.030442	0.034126	0.008621	0.03589	0.0322	0.00273	0.026932	0.031485	0.006398	0.00581	0.022326	0.011279	0.017132	0.0125	0.018191	0.016249	0.033339	0.023441	0.027476	0.022909	0.027187	
0.006637	0.006308	0.013865	0.022064	0.024608	0.001528	0.01368	0.005576	0.005188	0.021026	0.030744	0.036133	0.001675	0.02889	0.001008	0.010744	0.032939	0.006273	0.01672	0.03174	0.037257	0.023224	0.029982	0.015171	0.02747	0.010158	0.012833	0.019084	0.037618	0.031332	0.007111	0.034629	0.020006	0.032138	0.013269	0.014336	0.038915	0.011395	0.006075	0.025658	0.023801	0.008381	0.035565	0.018765	0.033268	0.032371	0.021833	0.030487	0.025635	0.004887	
0.036459	0.037663	0.027142	0.019318	0.03079	0.00774	0.01226	0.016816	0.019883	0.01717	0.007144	0.022528	0.016863	0.020287	0.029519	0.034599	0.032579	0.020077	0.017134	0.036489	0.035046	0.007269	0.00768	0.01692	0.020512	0.010335	0.024713	0.037208	0.00947	0.005868	0.02706	0.019004	0.004238	0.008433	0.005622	0.030513	0.025284	0.00016	0.019499	0.028434	0.000274	0.016918	0.030809	0.012333	0.034083	0.02988	0.021034	0.009351	0.005869	0.033721	
0.020064	0.025157	0.0059	0.018939	0.013603	0.036906	0.03307	0.002698	0.016027	0.036557	0.022674	0.003109	0.013193	0.008593	0.028905	0.004587	0.036304	0.002334	0.018878	0.006655	0.018606	0.021794	0.03677	0.004594	0.029554	0.005179	0.027292	0.016984	0.033322	0.033512	0.034534	0.022514	0.023559	0.010148	0.028812	0.037065	0.001232	0.019742	0.000309	0.008224	0.032359	0.027629	0.008538	0.017201	0.011433	0.015696	0.030001	0.028948	0.032075	0.028221	
0.038381	0.013326	0.002559	0.03329	0.02536	0.022972	0.002942	0.0312	0.033134	0.01662	0.013728	0.01273	0.0229	0.023581	0.038194	0.002636	0.007465	0.01053	0.020944	0.004207	0.006709	0.000182	0.038806	0.034719	0.027895	0.004106	0.032445	0.039629	0.024562	0.021289	0.015952	0.018229	0.023352	0.014418	0.00557	0.023858	0.034707	0.004742	0.011144	0.028727	0.017171	0.029858	0.039898	0.020324	0.016076	0.004909	0.013734	0.040212	0.024151	0.005927	
0.019486	0.026843	0.032673	0.016749	0.015969	0.02353	0.033798	0.033384	0.013486	0.016052	0.022514	0.032592	0.015677	0.012313	0.015883	0.014324	0.036071	0.012742	0.036618	0.013677	0.03272	0.02686	0.009419	0.003302	0.013861	0.008907	0.019069	0.025915	0.020566	0.03204	0.003378	0.010114	0.028279	0.020774	0.012709	0.019718	0.016597	0.01303	0.003591	0.01833	0.008437	0.019355	0.018716	0.013434	0.006407	0.036033	0.033654	0.019787	0.02965	0.030967	
0.001223	0.007585	0.022282	0.032557	0.014351	0.004899	0.037938	0.017429	0.022547	0.038739	0.030133	0.03232	0.023575	0.009765	0.016255	0.035995	0.020936	0.036575	0.040702	0.008096	0.003265	0.028786	0.003684	0.006176	0.001298	0.03154	0.014106	0.034679	0.022602	0.002967	0.005607	0.00542	0.00497	0.003613	0.029962	0.040002	0.011888	0.03505	0.031031	0.029193	0.038122	0.005298	0.020988	0.00312	0.036877	0.009039	0.040234	0.006864	0.008231	0.031486	
0.026913	0.014917	0.001042	0.002955	0.010108	0.030917	0.002842	0.01232	0.00888	0.019928	0.035226	0.032817	0.035981	0.022853	0.024476	0.031015	0.016416	0.019451	0.016748	0.005142	0.034899	0.019026	0.014768	0.02976	0.027366	0.022053	0.021628	0.019957	0.031587	0.012007	0.015669	0.021466	0.023426	0.0275	0.036196	0.008373	0.036512	0.013502	0.004807	0.033364	0.013086	0.003351	0.023414	0.01978	0.037438	0.021929	0.016586	0.013721	0.008915	0.016967	
0.024179	0.004188	0.010878	0.018507	0.004052	0.010416	0.010821	0.02854	0.001519	0.036925	0.043807	0.029553	0.023054	0.03142	0.036182	0.042666	0.002397	0.008155	0.044663	0.009339	0.038876	0.039141	0.024508	0.038365	0.013709	0.006113	0.042773	0.036645	0.013517	0.01856	0.03628	0.039377	0.005993	0.02592	0.022321	0.003803	0.012259	0.015767	0.01633	0.04125	0.018516	0.007469	0.0045	0.020283	0.000919	0.005273	0.026584	0.002234	0.000257	0.001197	
0.017063	0.006773	0.02216	0.033106	0.024367	0.022969	0.012873	0.006923	0.015387	0.038985	0.012258	0.017771	0.019046	0.04145	0.0343	0.005247	0.031997	0.011355	0.013019	0.043743	0.03063	0.031938	0.006517	0.027794	0.005695	0.007738	0.005297	0.034428	0.045303	0.011543	0.00588	0.00226	0.007909	0.031306	0.016045	0.027558	0.011592	0.023453	0.040625	0.031472	0.001796	0.008035	0.037915	0.00266	0.021288	0.036666	0.023101	0.008813	0.009102	0.014849	
0.028912	0.014148	0.035234	0.023135	0.03558	0.03544	0.035608	0.029573	0.027966	0.032887	0.014852	0.001423	0.035534	0.002333	0.019826	0.016759	0.019879	0.03177	0.029085	0.027786	9.5e-05	0.036013	0.015169	0.016628	0.023031	0.027558	0.003745	0.024554	0.01521	0.007293	0.019131	0.029322	0.001871	0.016311	0.007989	0.011493	0.032234	0.035413	0.025562	0.001367	0.023588	0.005184	0.024371	0.007412	0.029241	0.013118	0.018716	0.023283	0.004531	0.002837	
0.021099	0.018561	0.004421	0.013323	0.010474	0.025711	0.013156	0.010617	0.003779	0.024377	0.041962	0.037732	0.037732	0.005594	0.009077	0.03902	0.008505	0.021829	0.027291	0.009891	0.026719	0.001234	0.016507	0.024663	0.003869	0.018583	0.000852	0.026345	0.042116	0.020148	0.026124	0.001885	0.00674	0.02657	0.024733	0.029923	0.019624	0.012902	0.019729	0.004095	0.024533	0.035558	0.029176	0.040983	0.032493	0.004104	0.017171	0.000753	0.037637	0.04008	
0.018927	0.033907	0.008165	0.035392	0.00251	0.002877	0.016791	0.025181	0.028948	0.030002	0.002197	0.029247	0.012787	0.017157	0.037245	0.036309	0.019268	0.008984	0.00988	0.013502	0.030777	0.006487	0.037497	0.033253	0.034998	0.033586	0.00966	0.010575	0.019166	0.032363	0.023424	0.012683	0.030956	0.006133	0.006755	0.000567	0.004923	0.036801	0.006583	0.021113	0.016817	0.034242	0.002019	0.027906	0.021851	0.032555	0.017252	0.032082	0.016429	0.011271	
0.018837	0.024895	0.02429	0.01498	0.017083	0.020347	0.02043	0.00453	0.0289	0.008594	0.044582	0.029435	0.039266	8.7e-05	0.013798	0.020194	0.025316	0.034921	0.021564	0.007292	0.028481	0.016072	0.001185	0.022805	0.012676	0.007432	0.005742	0.03201	0.00932	0.03644	0.043123	0.003583	0.032378	0.027466	0.037595	0.00329	0.041053	0.029201	0.039338	0.005165	0.006561	0.014819	0.016128	0.005911	0.021467	0.004221	0.001273	0.024678	0.017298	0.033948	
0.018582	0.032397	0.012292	0.00374	0.012738	0.008483	0.036456	0.005074	0.029033	0.002726	0.030529	0.007332	0.014408	0.027594	0.032719	0.02951	0.032513	0.026606	0.025236	0.023689	0.013225	0.002302	0.012634	0.012257	0.01628	0.014369	0.022548	0.032839	0.017759	0.013152	0.023634	0.027446	0.002687	0.006417	0.026813	0.027216	0.0151	0.03358	0.00449	0.02011	0.029881	0.02179	0.030336	0.011354	0.031511	0.032604	0.026872	0.018826	0.028867	0.011444	
0.020935	0.017045	0.002489	0.011957	0.004191	0.018041	0.033304	0.035287	0.03685	0.016752	0.006307	0.015035	0.018534	0.013277	0.018269	0.031666	0.032018	0.012968	0.023158	0.036502	0.029116	0.0291	0.028717	0.030483	0.021592	0.030301	0.019992	0.010832	0.013209	0.030664	0.011419	0.021249	0.013436	0.033732	0.008456	0.022815	0.031846	0.017352	0.001997	0.014154	0.014412	0.033558	0.031134	0.014781	0.008739	0.001393	0.004689	0.018848	0.033816	0.013583	
0.034577	0.030713	0.029279	0.004785	0.024939	0.02028	0.003556	0.039983	0.007797	0.029167	0.000132	0.021857	0.005297	0.033885	0.037595	0.010034	0.009405	0.034009	0.019089	0.025375	0.016289	0.025744	0.011122	0.009367	0.016335	0.013325	0.003581	0.01676	0.035445	0.03532	0.02729	0.003469	0.038477	0.002082	0.025098	0.015136	0.015928	0.037382	0.03206	0.008428	0.012004	0.035466	0.013987	0.001272	0.008286	0.00748	0.034778	0.037192	0.010669	0.028474	
0.029307	0.000624	0.013851	6e-05	0.02174	0.035998	0.033989	0.020955	0.035197	0.017581	0.001391	0.026544	0.030105	0.034219	0.03557	0.036797	0.016567	0.038204	0.019544	0.004347	0.023974	0.038438	0.015859	0.005012	0.00667	0.00495	0.007225	0.005653	0.022311	0.011335	0.038719	0.005952	0.02192	0.00548	0.02179	0.0351	0.003116	0.037324	0.008891	0.010697	0.005939	0.036126	0.031055	0.000936	0.030019	0.023153	0.028274	0.001155	0.032811	0.027526	
0.013617	0.024843	0.019132	0.03246	0.007335	0.040846	0.025093	0.014705	0.00363	0.012114	0.015885	0.031298	0.019783	0.025193	0.029155	0.01721	0.013237	0.019842	0.0413	0.026191	0.021217	0.013871	0.012764	0.000502	0.009484	0.036265	0.019762	0.026276	0.024067	0.002633	0.018521	0.016157	0.033434	0.023033	0.036753	0.013364	0.038161	0.003254	0.039248	0.000712	0.009557	0.002496	0.040945	0.036419	0.005313	0.013937	0.030341	0.006157	0.018873	0.013615	
0.012185	0.017335	0.004808	0.02528	0.025778	0.040521	0.014299	0.013482	0.001533	0.009838	0.031773	0.038931	0.034145	0.034477	0.010648	0.036382	0.009147	0.01	0.011884	0.03136	0.003635	0.001772	0.024784	0.039077	0.017113	0.007855	0.016514	0.011721	0.038162	0.037528	0.035729	0.007641	0.029683	0.001049	0.002039	0.039154	0.042747	0.012428	0.041046	0.01181	0.005179	0.007646	0.008018	0.022686	0.017997	0.016324	0.018627	0.026598	0.024236	0.017396	
0.033299	0.02275	0.027392	0.003853	2.3e-05	0.026691	0.030294	0.028782	0.023419	0.019597	0.035457	0.005918	0.031068	0.027887	0.022343	0.035251	0.021583	0.009455	0.028358	0.008596	0.028512	0.016415	0.027255	0.015402	0.008151	0.024989	0.025522	0.031999	0.024795	0.028414	0.027092	0.020094	0.02951	0.031978	0.006143	0.014714	0.010361	0.009345	0.012902	0.030507	0.010313	0.007582	0.009962	0.00349	0.013891	0.006895	0.027114	0.035007	0.007159	0.012471	
0.022325	0.019649	0.023593	0.025058	0.01926	0.025901	0.023571	0.003423	0.000371	0.001617	0.019661	0.032117	0.029365	0.027622	0.020094	0.009642	0.036737	0.012169	0.001634	0.009214	0.028665	0.036465	0.000994	0.030753	0.021237	0.038263	0.034285	0.019965	0.023862	0.036439	0.022249	0.037127	0.01945	0.016445	0.019231	0.024154	0.004755	0.004281	0.010644	0.001184	0.014561	0.020317	0.02683	0.008037	0.037501	0.037327	0.007707	0.000846	0.03814	0.015263	
0.004274	0.019513	0.017787	0.00237	0.029559	0.0123	0.023438	0.029371	0.002815	0.004622	0.013715	0.031768	0.008269	0.011479	0.031044	0.027119	0.036097	0.030393	0.030833	0.005708	0.017094	0.014157	0.017473	0.032329	0.016838	0.019918	0.01206	0.026314	0.024994	0.016342	0.017268	0.000129	0.004811	0.032428	0.020936	0.021513	0.017587	0.009261	0.031029	0.030143	0.005817	0.02978	0.021395	0.032155	0.031172	0.026222	0.014174	0.028097	0.023666	0.032424	
0.027335	0.011452	0.009681	0.009782	0.006985	0.038447	0.025779	0.003751	0.019925	0.014475	0.024773	0.029628	0.017043	0.026395	0.0239	0.018329	0.033432	0.014449	0.019378	0.026665	0.014333	0.004657	0.020199	0.03027	0.040285	0.005297	0.0191	0.043303	0.006712	0.027338	0.042993	0.01018	0.014419	0.015022	0.008595	0.001488	0.001265	0.043969	0.018308	0.021234	0.030757	0.03543	0.013335	0.000699	0.010029	0.023082	0.017255	0.038919	0.033618	0.006305	
0.000465	0.01151	0.037781	0.016758	0.009558	0.035325	0.011003	0.023809	0.014397	0.006245	0.03446	0.037061	0.01985	0.023411	0.010184	0.017728	0.024428	0.031564	0.018323	0.033882	0.032832	0.001807	0.030573	0.030543	0.026361	0.022107	0.004193	0.02268	0.000545	0.007528	0.009998	0.015811	0.026249	0.011134	0.034868	0.001215	0.035767	0.028502	0.025439	0.021259	0.011882	0.033079	0.036554	0.014563	0.021881	0.036067	0.017472	0.010464	0.007658	0.003227	
0.01729	0.017805	0.013627	0.01787	0.007104	0.003074	0.010999	0.007544	0.020922	0.029043	0.012897	0.034676	0.00477	0.030512	0.024897	0.017487	0.015231	0.035578	0.02618	0.033254	0.030089	0.034385	0.009653	0.033506	0.034322	0.015377	0.022498	0.018546	0.020396	0.006525	0.004735	0.024223	0.021445	0.021633	0.01609	0.038707	0.031287	0.020285	0.015203	0.036806	0.025615	0.01093	0.02454	0.016623	0.02886	0.00205	0.016858	0.020339	0.009276	0.008438	
0.018093	0.028305	0.013538	0.034782	0.020217	0.016558	0.033973	0.035178	0.031141	0.014771	0.032314	0.001664	0.004877	0.007764	0.027443	0.012478	0.03245	0.034852	0.006783	0.010597	0.035634	0.032898	0.017886	0.02481	0.029031	0.032283	0.026737	0.01484	0.016044	0.032353	0.016366	0.010179	0.026386	0.016635	0.011552	0.017133	0.034468	0.017922	0.002004	0.028841	0.006907	0.001295	0.021687	0.019182	0.008379	0.005245	0.00988	0.020096	0.017229	0.02832	
0.030548	0.014568	0.032363	0.022422	0.021975	0.000471	0.015078	0.024789	0.033339	0.019378	0.032373	0.029545	0.026565	0.014654	0.02784	0.012501	0.020626	0.01515	0.008039	0.021307	0.009182	0.011922	0.022759	0.03046	0.023987	0.015488	0.022391	0.020721	0.014778	0.01157	0.021892	0.032991	0.027444	0.02036	0.016331	0.014679	0.030548	0.005986	0.015563	0.03251	0.033584	0.018632	0.008332	0.030999	0.019888	0.009188	0.011803	0.00437	0.033568	0.004543	
0.047045	0.027821	0.005386	0.044489	0.01385	0.002716	0.009828	0.009247	0.039828	0.014007	0.004471	0.003924	0.030913	0.006811	0.013823	0.020234	0.034252	0.048458	0.007194	0.009191	0.020748	0.025977	0.017601	0.03107	0.003133	0.004868	0.017568	0.019808	0.003812	0.046035	0.012006	0.012306	0.001162	0.021909	0.007057	0.02507	0.039879	0.022765	0.013816	0.030831	0.040109	0.012281	0.031943	0.026657	0.020777	0.018187	0.026481	0.002267	0.037303	0.013086	
0.027669	0.005183	0.032002	0.006495	0.043342	0.04053	0.040342	0.002379	0.001673	0.007724	0.009585	0.019587	0.010024	0.00696	0.008168	0.037864	0.030005	0.00814	0.043463	0.000637	0.012045	0.017348	0.010039	0.002589	0.001543	0.018317	0.04237	0.003652	0.000893	0.032858	0.026602	0.041086	0.016193	0.016845	0.034814	0.037423	0.022751	0.031963	0.023044	0.039461	0.029062	0.004048	0.004008	0.028641	0.011025	0.025578	0.006098	0.041174	0.035509	0.001249	
0.007677	0.00259	0.023537	0.01785	0.035757	0.035642	0.02139	0.031148	0.03861	0.010866	0.007953	0.012941	0.016743	0.036211	0.020178	0.03601	0.012228	0.01649	0.002342	0.038383	0.016633	0.017437	0.031477	0.033654	0.032504	0.030216	0.018901	0.024598	0.024662	0.000136	0.032152	0.008715	0.02863	0.02521	0.026614	0.023427	0.035789	0.002225	0.00902	0.00576	0.028275	0.013901	0.019402	0.003608	0.002343	0.008984	0.021972	0.002019	0.020018	0.027172	
0.024336	0.017941	0.008757	0.030008	0.033185	0.031618	0.034992	0.027823	0.028054	0.021281	0.014986	0.003105	0.020964	0.028529	0.019913	0.006336	0.009093	0.026052	0.01614	0.0276	0.026013	0.017861	0.007448	0.00991	0.033194	0.03512	0.002692	0.035876	0.026442	0.025642	0.027933	0.000105	0.031011	0.025588	0.028975	0.018785	0.018522	0.017854	0.0162	0.002934	0.002585	0.022243	0.019089	0.002768	0.036572	0.002602	0.029062	0.019458	0.01623	0.010573	
0.002225	0.004446	0.036358	0.037174	0.013375	0.003822	0.043624	0.000458	0.014145	0.005656	0.034983	0.033744	0.031534	0.036604	0.021516	0.033224	0.017682	0.001715	0.000426	0.005614	0.004277	0.026477	0.00875	0.028931	0.043959	0.042217	0.031731	0.007294	0.009593	0.032606	0.033172	0.022304	0.040648	0.002578	0.000676	0.037928	0.038976	0.000974	0.017487	0.003443	0.012837	0.005334	0.040024	0.016273	0.019859	0.005274	0.039891	0.007023	0.009281	0.031858	
0.036372	0.011122	0.014041	0.008951	0.002158	0.023029	0.005144	0.022234	0.00467	0.02736	0.03262	0.027146	0.019692	0.036564	0.019766	0.035343	0.026424	0.034514	0.025431	0.037413	0.005828	0.020719	0.015491	0.013398	0.002291	0.004639	0.00653	0.001602	0.030311	0.002856	0.037125	0.004727	0.00596	0.039543	0.036084	0.001322	0.023234	0.036153	0.003845	0.026804	0.016262	0.000619	0.021828	0.023828	0.041414	0.015453	0.037974	0.038041	0.003273	0.032852	
0.003002	0.033753	0.027379	0.003259	0.037448	0.029401	0.029233	0.030131	0.008277	0.030106	0.01899	0.001339	0.029268	0.00834	0.007943	0.001704	0.030244	0.013948	0.023352	0.011127	0.030455	0.025067	0.037858	0.021811	0.038141	0.024709	0.038327	0.019722	0.028136	0.01719	0.0057	0.006658	0.008604	0.008117	0.018132	0.003823	0.026835	0.036448	0.026323	0.035043	0.008962	0.002656	0.026355	0.016685	0.013311	0.031306	0.023361	0.011064	0.009364	0.021593	
0.027439	0.038521	0.007449	0.027931	0.006568	0.008388	0.017524	0.016713	0.037403	0.029047	0.009629	0.006557	0.027315	0.002843	0.002311	0.016453	0.024078	0.017125	0.020969	0.021187	0.029263	0.019136	0.022344	0.012612	0.002622	0.014966	0.029232	0.014955	0.034576	0.027679	0.022188	0.000535	0.035966	0.032386	0.027376	0.033055	0.00428	0.023633	0.025066	0.023968	0.012778	0.016948	0.019115	0.026587	0.034681	0.032433	0.02999	0.008155	0.01359	0.004435	
0.011398	0.007671	0.03537	0.004599	0.007818	0.014666	0.024581	0.013538	0.038626	0.022362	0.029244	0.018906	0.0071	0.026929	0.034183	0.014458	0.018254	0.030049	0.036907	0.03763	0.029609	0.021191	0.037915	0.033532	0.016207	0.001054	0.00877	0.008094	0.027898	0.038487	0.030076	0.016281	0.005164	0.012794	0.029477	0.017414	0.00864	0.000144	0.011503	0.038004	0.017291	0.009547	0.006618	0.022462	0.020238	0.036044	0.005027	0.011424	0.024866	0.01994	
0.007941	0.016658	0.031718	0.020661	0.018726	0.021866	0.007103	0.014728	0.03166	0.000409	0.029298	0.008759	0.034418	0.003335	0.031976	0.022467	0.02284	0.026539	0.010273	0.002951	0.024721	0.026806	0.028977	0.035009	0.006686	0.010107	0.017618	0.033447	0.014896	0.025168	0.011608	0.00737	0.003528	0.014555	0.035265	0.011468	0.030854	0.038412	0.033942	0.007686	0.004871	0.035492	0.028756	0.001021	0.03109	0.016861	0.035461	0.02095	0.02749	0.015559	
0.004816	0.028529	0.030135	0.023451	0.006507	0.027612	0.039274	0.027566	0.022348	0.015168	0.033991	0.018712	0.006723	0.003225	0.00549	0.029869	0.015185	0.008496	0.000597	0.013079	0.010908	0.021876	0.001102	0.008087	0.030568	0.031294	0.011077	0.033802	0.015887	0.032013	0.018259	0.005846	0.035334	0.027363	0.017885	0.039199	0.037385	0.016404	0.039635	0.031732	0.031518	0.005253	0.036241	0.017842	0.011873	0.023291	0.011564	0.021896	0.002705	0.011388	
0.027981	0.036585	0.006388	0.025751	0.037186	0.020599	0.020532	0.025457	0.020136	0.030191	0.033327	0.027385	0.031273	0.021295	0.025176	0.014405	0.000152	0.000865	0.02362	0.024804	0.020048	0.005363	0.001639	0.023374	0.008853	0.031767	0.019455	0.016326	0.023547	0.020996	0.030203	0.015796	0.037475	0.026951	0.00179	0.002681	0.004932	0.028319	0.028455	0.027905	0.014566	0.011563	0.030168	0.002099	0.008557	0.013216	0.024954	0.020503	0.029613	0.015778	
0.029163	0.034513	0.007028	0.033893	0.011254	0.01922	0.024557	0.024855	0.033002	0.018545	0.004468	0.010993	0.036614	0.033064	0.000953	0.020841	0.03469	0.004873	0.003493	0.011835	0.003996	0.024392	0.016856	0.034892	0.024934	0.005806	0.021892	0.013897	0.027828	0.020024	0.024829	0.024563	0.036457	0.016038	0.006034	0.017365	0.027138	0.024148	0.033456	0.025784	0.033838	0.016848	0.019667	0.006993	0.018958	0.004021	0.009666	0.019163	0.035281	0.007382	
0.038191	0.016532	0.013017	0.005541	0.034084	0.029563	0.006778	0.036668	0.038407	0.00251	0.017895	0.004995	0.03658	0.000813	0.023794	0.026233	0.010737	0.025336	0.029997	0.018197	0.009085	0.035034	0.011926	0.020338	0.020201	0.035827	0.000319	0.020777	0.034782	0.008386	0.023818	0.000535	0.030761	0.036051	0.037695	0.02261	0.016831	0.017073	0.022625	0.012202	0.000311	0.014953	0.005991	0.001051	0.034093	0.030382	0.022143	0.004096	0.034638	0.019598	
0.027998	0.003895	0.034758	0.012973	0.003853	0.029244	0.033626	0.035	0.010929	0.028848	0.008786	0.023834	0.032689	0.015064	0.019476	0.01762	0.028699	0.035026	0.012914	0.024821	0.026597	0.004241	0.035177	0.009937	0.025305	0.020358	0.020556	0.018926	0.009693	0.014666	0.020044	0.022824	0.029176	0.012507	0.005017	0.034086	0.02804	0.009599	0.030619	0.013055	0.014713	0.005569	0.034502	0.029685	0.02432	0.001748	0.010334	0.017463	0.008488	0.022702	
0.011191	0.010726	0.015467	0.005203	0.033435	0.02843	0.033168	0.020902	0.028122	0.014978	0.010523	0.009771	0.003692	0.028982	0.018738	0.006544	0.019451	0.004236	0.001597	0.033652	0.009274	0.001892	0.020168	0.037999	0.019375	0.028192	0.017723	0.040328	0.040885	0.005251	0.033325	0.032	0.019549	0.014785	0.031818	0.020446	0.025522	0.013487	0.029894	0.038144	0.015936	0.03563	0.02906	0.01679	0.004631	0.000755	0.019688	0.006666	0.011742	0.040237	
0.002219	0.033989	0.004963	0.015264	0.011065	0.009939	0.030862	0.024104	0.032447	0.00457	0.027422	0.035896	0.022757	0.008019	0.018814	0.027484	0.00074	0.022122	0.022646	0.023543	0.0193	0.021352	0.012301	0.002961	0.024868	0.033039	0.019774	0.02062	0.016142	0.038105	0.032162	0.014979	0.021737	0.023341	0.036012	0.006517	0.03032	0.0053	0.007208	0.031863	0.032126	0.011542	0.009959	0.036936	0.016233	0.002423	0.037476	0.014594	0.025562	0.016383	
0.027711	0.010745	0.012505	0.033913	0.005673	0.023616	0.033596	0.023037	0.008374	0.005684	0.010811	0.032292	0.034811	0.019831	0.029671	0.02324	0.008252	0.029567	0.003112	0.035409	0.026343	0.019451	0.022914	0.009434	0.024175	0.026558	0.010196	0.002654	0.033357	0.030057	0.035995	0.011511	0.025286	0.035073	0.015063	0.023555	0.006675	0.015802	0.015854	0.02033	0.028721	0.03528	0.002283	0.023194	0.003576	0.005399	0.027382	0.005774	0.017419	0.028839	
0.012363	0.035332	0.017095	0.024699	0.014367	0.004609	0.00385	0.03046	0.021548	0.036075	0.023974	0.003781	0.020098	0.034766	0.005415	0.041949	0.000259	0.040589	0.015904	0.000448	0.006136	0.019758	0.042555	0.001766	0.0022	0.039158	0.021089	0.023278	0.005201	0.006873	0.028061	0.015457	0.028881	0.020838	0.012408	0.010742	0.029282	0.028072	0.005636	0.004172	0.00963	0.030498	0.019837	0.017924	0.035055	0.030378	0.023413	0.026467	0.038275	0.029379	
0.00545	0.034822	0.004816	0.017276	0.001601	0.041069	0.001962	0.037269	0.024519	0.002459	0.021624	0.005203	0.027945	0.003565	0.0245	0.028015	0.023609	0.002035	0.03749	0.023592	0.002384	0.018971	0.01935	0.004874	0.001636	0.024658	0.002269	0.015489	0.000682	0.017628	0.010359	0.041247	0.041771	0.042737	0.031762	0.008963	0.034019	0.039848	0.018517	0.029866	0.01278	0.023984	0.035556	0.032798	0.03485	0.000756	0.015325	0.006414	0.030041	0.031645	
0.035944	0.020145	0.007498	0.006639	0.007782	0.0089	0.034229	0.010899	0.002405	0.013747	0.036489	0.006589	0.011755	0.017726	0.029962	0.033532	0.02039	0.00313	0.035432	0.018227	0.017764	0.009989	0.003571	0.022666	0.039582	0.033877	0.039141	0.031973	0.022535	0.014985	0.008958	0.026106	0.024412	0.003811	0.016216	0.023393	0.036634	0.011886	0.026998	0.037176	0.00291	0.02555	0.013552	0.027109	0.002035	0.023368	0.034123	0.022918	0.005162	0.03018	
0.036968	0.030412	0.027567	0.031776	0.018466	0.020128	0.030952	0.028201	0.017222	0.020962	0.026652	0.0162	0.018694	0.033273	0.002912	0.033231	0.025438	0.013068	0.008798	0.013502	0.025308	0.019999	0.030328	0.018197	0.007767	0.013021	0.005049	0.033938	0.018313	0.008536	0.015241	0.036937	0.005372	0.027469	0.013969	0.012775	0.00609	0.004428	0.018989	0.026019	0.004485	0.029189	0.023197	0.009251	0.03681	0.007004	0.022085	0.015652	0.033097	0.017063	
0.030249	0.03575	0.021495	0.029841	0.03576	0.016729	0.038604	0.033964	0.032324	0.018401	0.022512	0.000187	0.007883	0.004177	0.014247	0.027042	0.028107	0.014863	0.033149	0.011989	0.006019	0.017829	0.018553	0.004126	0.012801	0.02363	0.001353	0.014357	0.025617	0.02873	0.011242	0.004749	0.024687	0.002039	0.00091	0.017884	0.03386	0.021083	0.037469	0.021215	0.011395	0.036166	0.031317	0.015089	0.0095	0.010931	0.028623	0.020036	0.033476	0.018041	
0.031822	0.012459	0.025614	0.014824	0.021918	0.033482	0.028445	0.033432	0.017614	0.019951	0.020549	0.007942	0.019713	0.022235	0.019878	0.029256	0.018173	0.019907	0.004433	0.028914	0.009389	0.030504	0.025105	0.0296	0.013513	0.022299	0.031537	0.010608	0.028452	0.007991	0.00824	0.032379	0.00655	0.031782	0.007199	0.029454	0.030568	0.000491	0.032015	0.029304	0.009228	0.030903	0.004159	0.026704	0.026364	0.019289	0.00369	0.013156	0.00129	0.017676	
0.002805	0.034987	0.033131	0.034323	0.015214	0.04132	0.001177	0.035904	0.021866	0.049529	0.013894	0.000764	0.025155	0.006155	0.023833	0.015808	0.022861	0.022434	0.000908	0.04821	0.014834	0.028225	0.016883	0.00223	0.002517	0.044103	0.020753	0.029143	0.007539	0.02808	0.045159	0.0028	0.01459	0.013869	0.04503	0.009353	0.010683	0.015686	0.004628	0.029215	0.016785	0.000104	0.025267	0.012024	0.011795	0.032413	0.0162	0.011129	0.038009	0.000676	
0.015453	0.020741	0.032409	0.017816	0.028525	0.016316	0.021656	0.020539	0.02532	0.000705	0.008065	0.01299	0.013573	0.025378	0.031097	0.029163	0.024209	0.010675	0.014417	0.002373	0.009428	0.003599	0.016038	0.030681	0.019817	0.005741	0.027657	0.027578	0.017104	0.017062	0.002942	0.03149	0.026016	0.028753	0.03334	0.032322	0.031826	0.033309	0.016966	0.014873	0.029807	0.018658	0.029451	0.022813	0.013924	0.000934	0.024415	0.019148	0.014711	0.028177	
0.023675	0.038461	0.015392	0.036322	0.037283	0.01904	0.038496	0.009759	0.011393	0.007407	0.01051	0.015751	0.036122	0.004746	0.033021	0.032579	0.03054	0.023742	0.027692	0.010441	0.029566	0.030112	0.025268	0.005909	0.010745	0.007377	0.00283	0.023769	0.001431	0.022667	0.005672	0.002401	0.011389	0.013498	0.018038	0.01343	0.033235	0.038127	0.025908	0.026097	0.004647	0.010482	0.006373	0.013521	0.00729	0.015824	0.038363	0.037384	0.034702	0.021573	
0.030302	0.00632	0.01139	0.027066	0.007665	0.016983	0.026116	0.015732	0.000266	0.033985	0.016107	0.007877	0.017437	0.037831	0.035187	0.037288	0.036565	0.006712	0.030043	0.003963	0.025178	0.015427	0.026513	0.001161	0.037813	0.014709	0.012812	0.019363	0.009284	0.02529	0.013686	0.009077	0.020162	0.031775	0.009697	0.018998	0.015958	0.018687	0.018561	0.022021	0.017777	0.018222	0.033212	0.027789	0.031946	0.0363	0.005172	0.02071	0.025624	0.012241	
0.012413	0.018568	0.000432	0.016329	0.003729	0.012309	0.03346	0.022154	0.039359	0.02485	0.038713	0.025794	0.010902	0.037342	0.008333	0.014896	0.017151	0.019859	0.014623	0.004689	0.021499	0.009521	0.029119	0.020417	0.039301	0.028386	0.002467	0.008868	0.000362	0.029612	0.012821	0.029077	0.011626	0.014807	0.0057	0.019702	0.034574	0.016545	0.024293	0.020651	0.031982	0.036934	0.028538	0.01925	0.039194	0.000645	0.035317	0.01222	0.023966	0.016701	
0.021042	0.032407	0.007481	0.023781	0.035658	0.012497	0.021994	0.005865	0.007192	0.00657	0.004043	0.004672	0.024347	0.029457	0.020821	0.030569	0.009311	0.025463	0.033295	0.03448	0.033695	0.034787	0.029425	0.030507	0.015574	0.03009	0.006836	0.009765	0.032623	0.021248	0.038913	0.001302	0.030181	0.005261	0.020181	0.016078	0.002929	0.029223	0.022734	0.006784	0.022803	0.013539	0.024536	0.016581	0.021846	0.00544	0.021559	0.006171	0.023273	0.035171	
0.008281	0.042407	0.024062	0.014794	0.013367	0.035017	0.008081	0.000877	0.037571	0.00069	0.016974	0.030586	0.007715	0.012035	0.022524	0.025764	0.021087	0.035591	0.001607	0.028737	0.004869	0.033475	0.006006	0.00235	0.04029	0.029159	0.028872	0.01029	0.039432	0.025727	0.011855	0.002348	0.006826	0.038572	0.040066	0.00047	0.006039	0.039655	0.001372	0.035887	0.031865	0.026302	0.015975	0.037975	0.006379	0.010816	0.00855	0.033684	0.016353	0.020774	
0.028409	0.011129	0.020425	0.018162	0.039889	0.016461	0.030985	0.013019	0.005718	0.040808	0.016462	0.000856	0.0109	0.028436	0.007115	0.036989	0.015244	0.007995	0.032318	0.032738	0.03465	0.024556	0.034207	0.016763	0.021863	0.028909	0.0086	0.002106	0.020161	0.034895	0.013326	0.005	0.002898	0.025024	0.040599	0.025975	0.023724	0.007991	0.002445	0.006279	0.016885	0.004044	0.024384	0.031036	0.039616	0.019401	0.011549	0.014242	0.018733	0.026081	
0.033629	0.017255	0.014075	0.005134	0.024506	0.021643	0.007162	0.023815	0.010804	0.032836	0.010358	0.021407	0.032387	0.026535	0.028676	0.016436	0.024333	0.030141	0.004931	0.024747	0.028403	0.01392	0.01348	0.027982	0.032036	0.022748	0.023941	0.023297	0.009386	0.015208	0.036617	0.023172	0.010781	0.022562	0.015115	0.016268	0.039383	0.033992	0.002907	0.008043	0.02703	0.018435	0.024021	0.005563	0.002837	0.024914	0.029424	0.020976	0.002154	0.014595	
0.001693	0.034642	0.012283	0.014696	0.007158	0.022984	0.03909	0.008041	0.017226	0.03777	0.037546	0.016769	0.032331	0.041363	0.034772	0.018321	0.028867	0.019239	0.015206	0.008175	0.018725	0.018404	0.010825	0.026574	0.020162	0.029223	0.011453	0.016597	0.022746	0.031179	0.00397	0.034542	0.004971	0.007114	0.035378	0.008172	0.003434	0.014487	0.020715	0.019331	0.020222	0.037059	0.038765	0.006272	0.020727	0.009849	0.015667	0.016983	0.004652	0.02363	
0.016864	0.033413	0.016866	0.01008	0.032965	0.044785	0.000339	0.005486	0.039359	0.015725	0.037814	0.005238	0.028894	0.0073	0.027754	0.003382	0.031596	0.008114	0.003924	0.036573	0.011686	0.01885	0.010816	0.016218	0.005573	0.006916	0.04217	0.032613	0.026072	0.008979	0.014504	0.003325	0.035873	0.011602	0.027584	0.035985	0.036213	0.000378	0.022996	0.016052	0.037083	0.031835	0.032913	0.026242	0.013025	0.008737	0.028059	0.011926	0.009058	0.010246	
0.026792	0.036251	0.011505	0.011822	0.036169	0.029824	0.010899	0.039458	0.03474	0.001571	0.02288	0.026177	0.021267	0.005488	0.033086	0.012921	0.000997	0.00456	0.007448	0.018298	0.007741	0.031969	0.01646	0.024504	0.026352	0.015525	0.008344	0.022561	0.025391	0.025433	0.009282	0.023962	0.021214	0.00085	0.013519	0.035462	0.030092	0.022469	0.038403	0.001234	0.011037	0.038541	0.021791	0.033949	0.012534	0.016666	0.013068	0.037919	0.019109	0.002466	
0.00073	0.03219	0.031773	0.046041	0.020849	0.007036	0.039195	0.012711	0.004651	0.006626	0.011353	0.046547	0.047582	0.023408	0.00107	0.012326	0.011294	0.022559	0.012366	0.021242	0.000276	0.021125	0.010228	0.004385	0.002849	0.024163	0.046394	0.010342	0.008036	0.006063	0.011403	0.031144	0.025353	0.017517	0.01324	0.006979	0.005319	0.004721	0.041025	0.032136	0.022752	0.031019	0.020581	0.017329	0.040404	0.015698	0.040001	0.037067	0.025813	0.015089	
0.015486	0.031102	0.011988	0.015213	0.006373	0.010226	0.015078	0.041262	0.002224	0.019838	0.031505	0.040828	0.035224	0.028687	0.015715	0.02544	0.031202	0.014295	0.020262	0.016473	0.003874	0.032809	0.004268	0.026685	0.002208	0.012154	0.026004	0.039521	0.036143	0.001617	0.005904	0.021738	0.021763	0.019869	0.009197	0.008155	0.008387	0.024023	0.03759	0.005998	0.019046	0.035419	0.023486	0.037045	0.021518	0.019094	0.022635	0.035246	0.001592	0.008591	
0.031889	0.014187	0.015658	0.0221	0.013818	0.034054	0.024293	0.012589	0.028172	0.003023	0.011401	0.025335	0.016562	0.022482	0.027217	0.028526	0.027015	0.000578	0.032917	0.007461	0.032381	0.017937	0.00877	0.035943	0.001105	0.027108	0.029821	0.014637	0.024175	0.008296	0.015074	0.036422	0.025125	0.009518	0.028815	0.011634	0.007226	0.016407	0.013543	0.033447	0.027912	0.010603	0.015522	0.029988	0.015442	0.036277	0.010513	0.016204	0.024442	0.016436	
0.000479	0.007713	0.01889	0.040804	0.013298	0.01995	0.001453	0.012381	0.030208	0.038612	0.026457	0.009733	0.041356	0.00495	0.019709	0.019432	0.029502	0.017846	0.026338	0.022267	0.007076	0.02686	0.01119	0.032085	0.007997	0.01024	0.013668	0.02354	0.002235	0.010702	0.040781	0.032351	0.009697	0.025467	0.024783	0.011495	0.034534	0.028728	0.014519	0.003569	0.005403	0.013965	0.022813	0.039763	0.03785	0.007326	0.022137	0.028514	0.032592	0.016742	
0.019305	0.038122	0.000999	0.006153	0.002549	0.018171	0.020663	0.028257	0.011687	0.019613	0.024639	0.021082	0.005303	0.005191	0.016491	0.023319	0.011777	0.031572	0.006627	0.029786	0.028642	0.020591	0.029973	0.005368	0.013782	0.011729	0.011678	0.024666	0.020764	0.011578	0.026053	0.017327	0.025816	0.012051	0.02951	0.014805	0.01113	0.037368	0.030236	0.004634	0.027522	0.020826	0.014408	0.027052	0.025016	0.038092	0.026521	0.031728	0.025316	0.034512	
0.035223	0.007599	0.003538	0.007434	0.0358	0.010824	0.020111	0.021706	0.023031	0.000482	0.027127	0.015134	0.034246	0.000955	0.022863	0.009837	0.023368	0.006079	0.016313	0.007284	0.028532	0.017972	0.001507	0.042259	0.037176	0.004313	0.004309	0.041973	0.007407	0.008783	0.036185	0.006897	0.023615	0.002729	0.028646	0.019563	0.043832	0.014441	0.017718	0.027951	0.013056	0.029992	0.023076	0.005115	0.042236	0.037849	0.012867	0.039741	0.027961	0.023345	
0.031615	0.020543	0.040658	0.001045	0.027275	0.033227	0.016169	0.008054	0.030867	0.02485	0.015835	0.00209	0.028847	0.017675	0.026561	0.004226	0.001084	0.003043	0.033501	0.029737	0.004818	0.035779	0.022938	0.009193	0.037292	0.037693	0.017263	0.009965	0.013247	0.0226	0.031244	0.02944	0.019352	0.011705	0.02935	0.038752	0.012411	0.013353	0.008442	0.006283	0.012882	0.002254	0.028987	0.003557	0.036342	0.012556	0.025019	0.035251	0.02496	0.01017	
0.022236	0.019036	0.012659	0.013791	0.024789	0.012382	0.026911	0.012894	0.026845	0.026679	0.01506	0.011859	0.03385	0.031917	0.002379	0.031267	0.031276	0.001397	0.03299	0.030728	0.03301	0.028404	0.000223	0.02687	0.017944	0.00928	0.021823	0.010683	0.018587	0.029612	0.023873	0.01704	0.026088	0.028449	0.024493	0.027482	0.030042	0.027869	0.005781	0.004793	0.001902	0.03323	0.014553	0.007021	0.033112	0.027121	0.01439	0.024134	0.006571	0.004675	
0.005902	0.025922	0.037246	0.015934	0.032	0.008393	0.006301	0.03885	0.012766	0.039075	0.004862	0.016798	0.005531	0.005134	0.024608	0.028034	0.000296	0.023153	0.017984	0.031073	0.005721	0.021246	0.015593	0.035116	0.011519	0.018518	0.007935	0.005934	0.04462	0.004406	0.014693	0.042377	0.004719	0.00544	0.002955	0.012814	0.032504	0.008419	0.02554	0.040412	0.000213	0.04091	0.044623	0.010054	0.017919	0.041632	0.029966	0.041346	0.00053	0.032464	
0.027999	0.018248	0.000687	0.028532	0.018534	0.014675	0.023709	0.003481	0.029602	0.008163	0.030442	0.001996	0.02601	0.033528	0.025907	0.031826	0.016494	0.028189	0.020277	0.031196	0.004115	0.024708	0.016834	0.019421	0.006897	0.016478	0.014119	0.028903	0.032519	0.032169	0.016484	0.014638	0.004138	0.0317	0.013767	0.014112	0.020373	0.025483	0.00924	0.019931	0.020279	0.033872	0.020348	0.026325	0.028051	0.029674	0.020744	0.004056	0.015095	0.016032	
0.003701	0.015715	0.001015	0.040909	0.00575	0.009467	0.01778	0.033535	0.005183	0.030466	0.003625	0.03742	0.01611	0.029578	0.011164	0.039324	0.034183	0.027548	0.034605	0.015263	0.023235	0.007627	0.003282	0.031796	0.040095	0.038593	0.01657	0.025421	0.00515	0.025384	0.004179	0.018556	0.004007	0.024387	0.00658	0.033538	0.016318	0.036388	0.014157	0.011115	0.001286	0.035373	0.024302	0.003776	0.005983	0.019355	0.039675	0.014215	0.026199	0.031117	
0.021293	0.01411	0.031093	0.013627	0.000763	0.026489	0.014412	0.031373	0.00215	0.020462	0.024267	0.02109	0.019659	0.029752	0.018822	0.027995	0.011564	0.009842	0.006939	0.023216	0.020331	0.025813	0.018614	0.01919	0.008321	0.021613	0.029892	0.03097	0.018957	0.009116	0.013095	0.031555	0.022274	0.024275	0.018607	0.026595	0.02834	0.023576	0.009108	0.031213	0.028367	0.020147	0.02936	0.003513	0.018278	0.026476	0.027347	0.00853	0.022917	0.014692	
0.035548	0.006957	0.00652	0.017984	0.026683	0.00466	0.02295	0.013134	0.004416	0.029138	0.022497	0.013675	0.018367	0.031353	0.036864	0.028938	0.005023	0.006499	0.031006	0.019432	0.027412	0.016027	0.023799	0.01924	0.007717	0.012331	0.039202	0.023282	0.022481	0.028812	0.016026	0.029337	0.014587	0.006173	0.017178	0.036456	0.020991	0.012032	0.009932	0.032845	0.020357	0.024261	0.008781	0.024809	0.016182	0.013763	0.030787	0.030497	0.026366	0.006693	
0.002483	0.018617	0.006018	0.000434	0.019944	0.01274	0.006654	0.02942	0.025905	0.008743	0.028913	0.025555	0.034699	0.013524	0.034393	0.014988	0.029603	0.024283	0.017678	0.015056	0.025182	0.024058	0.003099	0.030341	0.009163	0.034217	0.02684	0.014219	0.035251	0.035636	0.033504	0.023462	0.030944	0.006544	0.004	0.01614	0.029094	0.006838	0.024513	0.008778	0.015065	0.030776	0.032187	0.012586	0.027665	0.015802	0.029305	0.008272	0.000865	0.036004	
0.034325	0.035079	0.044325	0.015785	0.012584	0.002021	0.018592	0.032554	0.033114	0.036871	0.000971	0.037779	0.013701	0.022826	0.028229	0.036353	0.021686	0.007987	0.031555	0.015239	0.008043	0.028876	0.019407	0.038807	0.026599	0.000109	0.024838	0.016975	0.035352	0.029658	0.011991	0.037847	0.00287	0.028054	0.003283	0.004053	0.025429	0.001959	0.022	0.034391	0.019717	0.024036	0.015279	0.013334	0.017463	0.008177	0.00185	0.000942	0.007641	0.009444	
0.007347	0.007823	0.004888	0.000663	0.030647	0.014284	0.012059	0.016994	0.017534	0.018028	0.025076	0.042231	0.004131	0.035286	0.042832	0.037157	0.014683	0.021675	0.000645	0.0303	0.0085	0.004283	0.009469	0.030458	0.00089	0.008423	0.034347	0.020017	0.01024	0.034203	0.014179	0.005128	0.009248	0.02859	0.044038	0.00505	0.033851	0.030805	0.022856	0.020918	0.04158	0.041933	0.013185	0.023313	0.002484	0.000112	0.019738	0.036994	0.036365	0.02452	
0.02015	0.041289	0.00646	0.009127	0.036827	0.018661	0.03028	0.025226	0.021947	0.007163	0.01863	0.029116	0.032783	0.023154	0.022978	0.000458	0.025308	0.003095	0.020338	0.022746	0.017039	0.02077	0.028609	0.004475	0.010913	0.03562	0.024882	0.021764	0.0272	0.005235	0.027296	0.041416	0.016853	0.018377	0.010212	0.027224	0.001349	0.009344	0.038243	0.01451	0.002825	0.041435	0.008184	0.002599	0.034899	0.016614	0.011687	0.003072	0.032821	0.028797	
0.02206	0.034803	0.023561	0.031175	0.017363	0.014427	0.017436	0.030079	0.025563	0.039487	0.005659	0.03472	0.006078	0.010576	0.005961	0.010429	0.017116	0.028614	0.028787	0.020449	0.006525	0.024124	0.034001	0.028855	0.014695	0.02008	0.02575	0.031402	0.006294	0.029168	0.01391	0.016718	0.013368	0.012944	0.026806	0.014124	0.019885	0.035452	0.012792	0.002867	0.015082	0.005616	0.025941	0.009876	0.003872	0.035505	0.03046	0.030435	0.028712	0.000398	
0.00449	0.005629	0.00934	0.00578	0.005688	0.025302	0.022508	0.023048	0.027743	0.0036	0.018943	0.039871	0.017732	0.026962	0.014606	0.017979	0.042526	0.021989	0.023069	0.023566	0.023327	0.0196	0.007456	0.015246	0.031744	0.026181	0.036178	0.00116	0.041653	0.000447	0.033908	0.029569	0.014549	0.042223	0.030339	0.019765	0.016484	0.001799	0.042706	0.010395	0.018645	0.008201	0.032928	0.019171	0.034858	0.006812	0.010887	0.007868	0.024469	0.011061	
0.006657	0.004944	0.02096	0.035439	0.034753	0.00763	0.028492	0.01893	0.021292	0.027644	0.025713	0.014594	0.028693	0.034983	0.031029	0.02079	0.008728	0.024218	0.023809	0.033389	0.023573	0.024022	0.00788	0.020399	0.02198	0.015288	0.005657	0.021388	0.004893	0.00023	0.029607	0.023313	0.028964	0.006585	0.007384	0.017972	0.012065	0.007963	0.027419	0.010077	0.008763	0.022302	0.006926	0.027306	0.033871	0.020032	0.035396	0.011304	0.028278	0.036476	
0.012656	0.037613	0.008109	0.021522	0.026678	0.003375	0.028101	0.002515	0.0298	0.033459	0.023357	0.018382	0.020427	0.028406	0.039172	0.007711	0.009146	0.010911	0.033932	0.014669	0.000661	0.039708	0.012434	0.041321	0.012417	0.020095	0.019	0.032672	0.032934	0.019207	0.010505	0.02565	0.008202	0.008171	0.030696	0.043841	0.013065	0.001546	0.00977	0.028616	0.035331	0.02476	0.028893	0.01103	0.006042	0.016302	0.011556	0.012672	0.012007	0.020955	
0.002258	0.03697	0.033111	0.017641	0.004697	0.013757	0.006445	0.024125	0.028019	0.017353	0.027395	0.002989	0.031187	0.007031	0.024819	0.024482	0.02212	0.019075	0.015288	0.002897	0.003569	0.02454	0.026847	0.025985	0.033919	0.008028	0.001443	0.031446	0.018117	0.028884	0.035225	0.029217	0.033089	0.024052	0.020769	0.031661	0.011	0.014083	0.001486	0.020592	0.003775	0.007732	0.03564	0.013274	0.035707	0.033691	0.006071	0.032834	0.017412	0.028253	
0.009131	0.005231	0.006663	0.011287	0.034478	0.035051	0.014535	0.026477	0.017519	0.005065	0.032244	0.023812	0.004758	0.01973	0.006298	0.024264	0.000463	0.011649	0.029451	0.025989	0.028358	0.028914	0.034747	0.027454	0.02679	0.029501	0.0242	0.033303	0.00624	0.027895	0.036091	0.009921	0.022467	0.012367	0.004952	0.022152	0.026309	0.021648	0.0299	0.017141	0.011064	0.027986	0.021543	0.003232	0.019465	0.013896	0.03001	0.027715	0.007561	0.023083	
0.001628	0.028947	0.028155	0.023142	0.003901	0.019214	0.031269	0.016357	0.01633	0.009344	0.023883	0.026284	0.009418	0.004623	0.015041	0.032091	0.014711	0.032851	0.014776	0.028648	0.024022	0.022604	0.010899	0.016093	0.014131	0.029413	0.019261	0.009555	0.021652	0.02904	0.014559	0.006623	0.016078	0.004997	0.019581	0.031406	0.026956	0.03445	0.03222	0.03404	0.020676	0.015856	0.017906	0.035286	0.010412	0.01802	0.028009	0.036159	0.009791	0.009692	
0.014255	0.039765	0.003397	0.005717	0.038152	0.019929	0.01195	0.014602	0.037982	0.020344	0.020514	0.016824	0.036065	0.008095	0.022355	0.002307	0.037913	0.004518	0.003118	0.025203	0.024793	0.02302	0.025376	0.009416	0.009694	0.004278	0.008846	0.011971	0.003982	0.007761	0.001777	0.028807	0.0205	0.03803	0.026675	0.039543	0.031854	0.037902	0.026457	0.021314	0.013238	0.035552	0.036418	0.036578	0.021845	0.003418	0.009343	0.018852	0.012924	0.026831	
0.008802	0.006388	0.021893	0.019132	0.034435	0.026353	0.006136	0.002319	0.004335	0.023013	0.008724	0.026109	0.028878	0.021844	0.00815	0.026431	0.0248	0.026894	0.009071	0.007443	0.026112	0.036236	0.036198	0.010828	0.000558	0.034668	0.026898	0.021843	0.03453	0.037766	0.019679	0.024041	0.025192	0.026149	0.024898	0.018274	0.022687	0.028245	0.015571	0.003485	0.033363	0.02365	0.00294	0.005633	0.016021	0.014815	0.014468	0.015762	0.029116	0.029224	
0.92