50
2
0.175368	-0.411821	0.633799	0.119247	0.671457	-0.165799	-0.19195	0.257934	-0.581652	0.838048	-0.036648	-0.868825	0.765787	-0.000223	-0.790616	-0.540328	0.901067	-0.873458	-0.328399	0.708674	0.789483	-0.495493	-0.068453	0.972388	-0.876776	-0.504003	-0.86343	-0.616508	-0.118241	-0.192284	-0.855448	-0.375604	-0.155393	-0.04046	0.28037	-0.368665	-0.526106	0.281093	-0.646364	0.78321	0.426853	0.158677	0.679262	0.54087	-0.022595	-0.860595	0.706816	0.868204	-0.156793	0.187341	
0.881156	0.088844	-0.118594	0.806976	-0.94426	0.85819	0.021303	0.288672	0.972973	-0.54742	-0.278196	0.860288	0.532086	-0.911061	-0.00741	-0.971311	-0.188469	0.142205	-0.846227	0.154823	0.475453	0.995998	0.313551	-0.701207	-0.508141	0.441272	-0.025283	-0.321102	0.090959	0.465529	-0.774195	-0.387618	0.548273	-0.833866	-0.258253	0.128354	0.006171	0.276194	0.804557	-0.077042	-0.016398	-0.860543	-0.209903	-0.191913	0.518383	-0.683918	-0.824417	0.051923	0.609358	-0.089773	
-0.07552	-0.120162	-0.132863	-0.47665	0.983267	-0.266361	0.383745	-0.520929	0.299835	0.836434	0.191725	0.294468	0.898342	-0.313205	0.46511	-0.525849	0.873989	0.96937	-0.535058	0.371956	0.485598	0.155847	-0.048982	-0.939944	-0.36053	0.08382	-0.492093	-0.980385	0.343179	-0.694611	-0.145135	0.156989	-0.687375	-0.220232	-0.360542	0.815717	0.345412	-0.514387	0.901187	0.026443	-0.709062	-0.504975	-0.237038	0.383796	0.82504	0.767756	-0.25181	-0.127924	-0.683057	-0.044539	
-0.381596	0.429965	-0.243549	0.528599	-0.371489	-0.918787	0.131931	-0.557183	0.769472	0.370366	-0.455702	0.427761	-0.664384	-0.577629	0.756596	-0.927706	-0.605149	0.779618	0.74785	-0.59975	-0.838856	0.63506	0.071967	-0.391328	0.78473	0.030466	-0.605151	-0.402944	-0.943724	0.066544	-0.453525	-0.186213	-0.641159	-0.691942	-0.476173	-0.148166	0.139498	-0.705585	0.625743	-0.253356	0.906675	0.521601	-0.172754	0.496688	0.679342	-0.190707	-0.985425	-0.756539	0.068252	-0.441459	
0.475037	-0.595813	0.672185	-0.268344	0.735874	0.609794	0.40048	-0.090818	-0.838822	-0.631187	0.587446	-0.954038	-0.994335	0.613813	0.271226	-0.138762	0.458484	-0.496568	0.028778	-0.004654	0.825419	0.520299	0.399532	0.000943	-0.219936	-0.733999	-0.589884	-0.096463	0.542936	-0.856249	0.652363	-0.832061	0.217906	0.16803	0.463621	-0.453595	0.585402	-0.04868	-0.587529	-0.639823	-0.912516	-0.022604	-0.389203	-0.401578	0.204937	0.482001	0.386486	0.566408	0.50095	-0.834129	
0.231452	-0.072097	0.500756	0.836543	0.248168	0.662174	-0.593828	0.054044	0.164849	-0.563909	-0.643029	-0.378732	0.716049	-0.602782	-0.755344	0.793802	-0.348056	0.955658	-0.9397	0.555543	-0.742993	0.27441	-0.099237	0.697918	0.822337	0.509668	-0.544431	-0.866466	-0.166436	0.263942	0.991819	0.952028	0.530101	-0.721801	0.86043	-0.293256	0.775704	0.31847	-0.419222	0.417331	-0.558605	-0.03789	0.456804	0.801837	0.56709	0.869172	0.876351	0.041285	0.496594	-0.923906	
0.02961	0.099819	0.071952	-0.681846	-0.884105	-0.753248	-0.793212	-0.910079	0.38124	-0.166813	0.811868	-0.127232	-0.498265	-0.67834	0.436636	0.068583	0.495342	-0.211788	0.472656	0.365908	-0.296806	0.620291	-0.84232	0.604261	0.934273	0.121343	-0.141484	0.132335	-0.097465	-0.144244	0.200457	0.831783	-0.822661	-0.814987	0.053793	0.01715	-0.216419	-0.963428	0.723457	-0.281483	-0.132502	-0.875455	-0.479205	0.020146	0.483161	0.566054	-0.073221	-0.338821	-0.355999	-0.956466	
-0.110833	0.593594	-0.849194	-0.207994	-0.976945	-0.299124	-0.518147	0.015044	0.329014	0.464637	0.275441	-0.76144	-0.393529	0.213983	-0.92867	0.281566	-0.930691	-0.086809	0.636452	0.114781	0.138609	-0.004481	-0.823855	-0.592962	0.830575	0.512774	-0.997702	0.204984	-0.121428	-0.127925	0.306085	0.373851	-0.508166	0.17482	-0.60304	0.7595	0.832462	-0.224359	-0.543353	-0.304499	-0.98966	0.164227	0.4942	-0.089765	0.442908	-0.384557	-0.66937	0.725616	0.775843	-0.665214	
0.880302	-0.056319	-0.891047	-0.566227	-0.66995	0.368902	-0.010428	-0.088796	-0.332172	-0.261313	0.005455	-0.317942	-0.510571	-0.320425	0.249478	-0.981323	0.881794	0.3273	-0.085263	-0.017953	-0.876413	-0.1393	0.722758	0.898417	0.240286	-0.174585	0.348969	0.465926	-0.04746	-0.835394	-0.898973	0.157427	0.847343	-0.783236	-0.243003	-0.494724	0.8738	-0.827663	-0.64239	0.864892	0.552068	-0.749164	-0.496249	0.388844	0.212974	0.040958	0.260749	-0.913595	0.116542	0.867203	
-0.973626	0.202795	-0.398071	-0.612134	0.96012	0.687101	-0.147717	-0.517588	0.274358	-0.698258	0.407972	0.249543	0.527705	0.962853	0.407889	0.260961	-0.586309	-0.223847	-0.397588	0.023351	-0.42626	-0.501463	-0.896318	-0.972268	0.825219	-0.146186	0.263676	-0.246204	0.794721	-0.636478	0.451135	-0.840217	0.941056	-0.962525	-0.734287	-0.613237	-0.601131	-0.250882	-0.823384	0.9021	-0.695344	-0.040686	0.086213	0.234376	-0.876146	0.719037	-0.854751	0.74603	-0.571274	0.542211	
0.630127	0.919806	-0.578357	-0.140256	-0.064002	-0.893719	0.658314	-0.378582	-0.342452	-0.44789	-0.137193	-0.126039	0.287552	0.532843	0.590733	-0.404813	-0.68844	-0.080661	0.1036	0.992776	0.163569	0.875419	-0.938044	-0.415215	0.782711	-0.663848	-0.185851	0.918979	-0.116392	-0.163063	0.568854	-0.592382	0.629661	0.583732	-0.580443	0.935284	-0.476833	0.441505	0.341738	0.085323	-0.983536	0.775315	0.137494	-0.939691	-0.289861	-0.716612	0.286024	0.226801	-0.255944	0.215045	
-0.263396	0.811133	-0.229841	-0.962443	-0.005754	0.275007	0.462383	0.109583	0.617924	0.703513	0.515019	-0.880202	-0.737144	-0.264158	-0.925525	-0.540441	0.775828	0.109374	0.726529	-0.875159	-0.596922	0.456865	0.488633	0.019254	-0.557543	0.3954	-0.948462	-0.386786	-0.503622	0.727885	-0.42551	-0.566258	0.610904	0.367551	0.774402	0.345312	-0.230352	-0.357283	0.277727	-0.279364	-0.375534	0.331446	0.54556	-0.717817	-0.945727	-0.544377	-0.056974	0.959512	0.66034	0.664102	
0.356517	0.14083	0.719321	-0.600613	-0.149609	-0.339897	-0.263528	-0.98588	0.584336	-0.507747	-0.968224	-0.571367	-0.373385	-0.456242	-0.334261	-0.786891	-0.781585	0.122968	0.952752	0.086237	-0.957625	-0.82471	0.640599	-0.902464	0.653866	0.733995	0.208524	-0.810561	-0.508063	-0.866448	0.798534	-0.02024	-0.758734	-0.117735	-0.97826	0.046083	-0.865212	-0.417555	0.943396	-0.953071	-0.209057	0.826217	0.066064	0.261827	-0.642289	-0.277588	-0.882433	-0.776776	-0.102505	0.939691	
-0.010203	-0.975471	-0.970254	0.048522	-0.946724	-0.987974	-0.101438	-0.877991	-0.31542	0.126581	0.487554	0.057216	0.334131	0.094991	-0.506031	-0.202221	0.050889	0.054384	-0.21428	-0.559308	-0.911031	-0.308086	-0.896224	0.515444	-0.606679	0.911452	0.294402	-0.67589	0.100095	0.385685	-0.281858	-0.199055	0.480445	-0.595366	0.928402	-0.659003	-0.840115	0.816375	-0.782601	-0.68059	0.210805	0.322748	0.949857	0.425865	0.239247	-0.256721	0.047	0.784949	-0.50539	0.156479	
-0.259052	0.238598	0.364171	0.143898	-0.459411	0.832416	-0.111365	-0.365828	0.711999	0.078936	-0.615657	-0.513342	-0.355922	0.837203	-0.500721	0.596241	-0.578784	-0.472713	-0.311841	0.796445	-0.145441	-0.907441	0.721372	0.25724	-0.156154	0.258556	0.494736	-0.897296	0.197468	-0.793247	-0.785544	0.958285	-0.125509	0.877364	0.906647	0.556351	-0.050149	0.314503	-0.818656	0.772979	0.149504	0.192685	-0.590758	0.556275	0.156606	-0.403464	-0.597181	-0.012874	-0.517771	0.637072	
-0.71465	0.50679	-0.866822	0.604582	0.822045	-0.835461	0.958804	0.843706	0.406079	0.890974	-0.629708	-0.018765	-0.108804	0.097438	0.46377	0.175389	0.220521	-0.203841	-0.950805	0.554263	0.874743	0.179032	0.338938	0.208429	-0.107325	0.298784	-0.644229	0.568518	-0.406104	0.745191	-0.489557	0.35026	-0.65654	0.520233	-0.736905	0.285879	-0.42706	-0.072585	0.53564	0.391447	-0.27727	-0.458091	0.559432	0.109919	0.104044	-0.440113	0.250176	-0.124602	0.304834	0.932045	
0.53472	-0.016123	-0.684488	-0.396069	-0.268301	-0.92881	0.759865	-0.758414	0.883311	0.356188	0.574974	0.155016	-0.731999	0.78004	0.913493	0.428506	-0.377546	0.021297	-0.145751	-0.342949	-0.696666	-0.106708	0.15251	0.088897	0.113735	-0.086466	0.890777	-0.0601	0.732415	0.989282	-0.277396	-0.490805	0.413286	0.617633	-0.726122	-0.416882	0.566463	-0.309019	0.845651	-0.12384	0.143164	0.664676	-0.855448	-0.192801	-0.588521	-0.797538	-0.230811	0.05339	-0.253472	0.577995	
-0.282858	0.790535	-0.079654	-0.254099	-0.582761	0.745687	-0.951287	0.724349	-0.736773	-0.029838	-0.774318	-0.972087	-0.683321	0.725349	-0.724563	0.914897	-0.547157	-0.202288	0.957007	-0.882518	-0.086643	-0.500657	-0.300945	-0.628749	0.255418	0.290239	0.333503	-0.397642	-0.319012	-0.08909	0.213906	0.658724	-0.520336	0.480575	-0.918263	0.308719	0.066158	0.014528	-0.195237	-0.629407	-0.121788	0.994713	-0.925493	0.870396	-0.515792	0.372843	-0.487585	0.745069	-0.346642	0.591482	
0.570333	0.978406	0.095857	0.191516	-0.615292	0.810293	0.569838	-0.593628	-0.248995	-0.166007	-0.663621	-0.583332	0.600441	-0.548063	0.528035	0.619321	0.222449	-0.495071	0.855212	0.861747	0.966322	-0.36945	0.676369	-0.375118	-0.946588	-0.13462	0.646353	0.112156	0.771442	-0.308713	0.258157	0.798925	0.655333	-0.790493	0.902225	-0.747222	-0.158045	-0.859097	-0.420788	0.088596	-0.50041	-0.599607	0.07422	0.787462	-0.931562	-0.267612	0.904873	-0.160157	0.860208	0.940914	
-0.505863	-0.825173	0.956729	-0.250484	-0.515904	-0.550418	0.069269	0.590592	0.825233	0.283476	0.818288	-0.112939	-0.84579	-0.882801	-0.434163	0.593192	-0.440841	-0.692822	-0.974637	-0.459148	-0.918685	0.884202	-0.601434	-0.346999	0.503089	-0.016944	-0.802249	0.690139	-0.861442	0.228771	-0.456149	0.708199	0.795674	0.56845	0.266678	0.934099	0.923073	-0.576533	-0.613295	-0.185312	-0.537996	0.310032	0.325513	-0.133022	-0.861748	0.41701	-0.68208	-0.136309	0.51116	0.888523	
-0.049711	-0.300609	0.077654	-0.88117	-0.855269	-0.874007	0.057141	0.139989	-0.79641	0.860837	0.736929	0.980757	-0.600766	-0.973427	-0.14035	-0.800703	0.19823	0.389146	-0.212198	0.805007	0.126248	-0.364509	-0.5418	-0.859708	-0.829514	0.596598	-0.605534	0.534445	-0.636851	0.413271	-0.198037	-0.644226	0.653339	-0.869894	0.754694	0.068226	0.595621	-0.756183	0.787944	0.005434	0.360983	-0.388438	0.128056	-0.946596	0.787293	-0.266064	-0.247028	-0.685317	-0.021501	-0.096898	
-0.506155	-0.844292	0.298094	-0.147595	-0.950581	-0.836417	0.537701	-0.714119	0.475144	0.035672	0.697658	0.902237	0.761063	0.076426	-0.398968	-0.191907	0.452487	0.337924	-0.393265	0.650341	-0.22	-0.146851	-0.439187	-0.62313	0.100989	-0.061502	0.802533	-0.037381	0.6285	0.400184	0.676449	-0.882535	-0.423712	-0.920055	0.612845	0.56867	0.874834	0.75108	0.58667	0.043316	0.876697	0.739092	-0.444688	0.760239	0.885944	-0.762207	0.687038	0.920622	0.954923	0.435427	
-0.319988	-0.981027	-0.043729	0.448266	-0.067057	-0.537822	-0.08251	-0.629239	0.525513	-0.559618	0.795776	0.955708	0.416912	-0.759312	0.136968	0.241717	0.449355	0.167469	-0.737201	-0.905065	-0.078507	-0.921796	0.316997	0.049363	0.411054	0.29657	-0.158781	0.992137	0.393968	0.022247	0.228858	0.394048	-0.841167	0.228019	-0.789573	0.985791	0.51451	-0.446681	0.651985	0.018324	0.844982	0.398143	-0.520521	0.322047	0.694589	0.579776	0.383421	0.198344	-0.429708	-0.434743	
-0.131648	-0.263918	-0.618792	0.880529	-0.475892	-0.778862	0.159647	0.045702	-0.52506	0.051819	0.374501	0.768907	-0.185428	0.784793	0.809449	0.937482	-0.97726	0.135241	-0.77722	-0.840622	-0.469693	-0.109588	-0.416495	0.964925	-0.718018	0.425421	-0.137563	-0.397209	-0.657815	0.854639	-0.224349	0.874928	0.378745	0.454935	0.860976	0.74397	-0.057915	-0.248692	-0.953192	-0.553948	-0.026367	0.729708	0.209145	-0.098388	-0.128167	0.911227	-0.750969	0.574896	-0.381351	0.956794	
-0.75773	-0.857503	-0.545354	0.377861	0.20824	-0.483839	-0.752126	0.27088	-0.311014	-0.133172	-0.307335	-0.165562	-0.693618	0.218527	0.849247	-0.975778	0.869032	0.451327	0.325276	-0.525747	-0.502547	-0.667554	-0.273851	-0.749097	-0.628807	0.851464	-0.690126	-0.540057	0.339174	-0.805715	-0.436554	0.239054	0.708236	-0.657757	-0.255645	0.079397	-0.354686	0.66839	0.447529	0.60188	0.713784	-0.263055	-0.264603	-0.913296	-0.752211	-0.972886	-0.404303	-0.235278	0.799585	-0.514187	
-0.4068	-0.284513	0.5432	-0.902663	-0.170808	0.098424	0.239595	-0.954691	0.541762	0.67722	0.232919	-0.169268	0.580737	0.079213	0.103617	-0.534695	-0.11102	0.796803	-0.437596	0.065169	-0.498236	0.743478	-0.915629	0.81568	0.934367	-0.482185	-0.661686	-0.598528	0.720695	-0.067418	0.830697	-0.273054	-0.725071	0.126144	0.006752	0.696766	0.394229	0.005329	0.750098	0.293286	0.222003	0.526787	-0.440706	-0.946511	-0.385633	0.056571	-0.878503	0.43016	-0.199372	-0.862668	
-0.542266	0.823512	-0.684076	-0.674636	-0.34011	-0.069234	-0.247654	0.4929	0.752329	0.495167	0.058363	-0.122926	0.264862	0.611241	0.703425	0.472793	-0.400095	0.923598	-0.523452	-0.101069	0.196539	0.946566	0.335555	0.707463	0.956197	-0.844808	0.511567	-0.843623	0.922392	0.461755	0.309301	-0.07788	0.589924	-0.965658	0.282059	-0.866886	0.491634	0.453878	0.397792	0.150574	0.97009	-0.221324	-0.956249	0.425056	-0.725433	0.612064	-0.488264	0.861131	-0.755055	0.564912	
0.045601	0.931482	-0.906109	-0.968895	-0.893411	-0.488633	0.472387	-0.858907	0.452203	-0.129063	0.115219	0.406841	-0.143001	0.107561	0.429563	-0.517968	0.036819	-0.370237	0.136491	-0.840168	0.943706	0.429928	-0.046887	0.001181	-0.025369	-0.680705	0.493961	0.241714	-0.157574	0.371286	-0.502221	0.493884	-0.790379	0.458167	-0.410563	0.384087	0.141071	-0.292275	-0.383967	-0.711253	0.008893	-0.238336	-0.837026	-0.543593	-0.775418	0.774717	0.188452	-0.994323	0.961687	0.79639	
-0.519047	0.347973	0.374303	-0.580138	0.419163	-0.440009	-0.618652	-0.410131	0.938549	0.514449	-0.175412	-0.248696	0.040536	-0.569022	0.72457	-0.129631	0.546356	0.668731	-0.616601	-0.36116	0.344769	-0.712135	-0.249155	-0.222727	0.606791	-0.89378	-0.998988	-0.519518	-0.824245	0.062642	0.855833	-0.552187	-0.294971	-0.99078	0.364206	0.032194	0.611337	0.95897	0.442236	-0.04771	-0.019037	0.979619	0.640536	-0.980944	-0.108157	-0.026306	-0.67486	-0.088143	0.211481	-0.649101	
-0.070253	0.249452	0.749166	0.288263	-0.758005	-0.47263	-0.780671	-0.196712	0.85507	-0.339351	0.346999	-0.648449	0.371792	-0.02701	0.783333	0.916741	0.115141	0.732681	0.107035	-0.958622	0.145561	0.59248	-0.296439	-0.818243	0.82252	0.853103	-0.489731	-0.055148	0.265	-0.865174	-0.647826	0.376977	-0.50559	-0.376697	0.827719	0.071016	-0.931082	0.682594	0.180294	-0.792768	0.688283	-0.39489	0.702211	-0.25774	-0.623929	-0.946587	-0.536756	-0.206589	0.532269	0.434025	
0.415723	0.973851	0.3136	0.20737	-0.570277	-0.790627	-0.617703	-0.70752	-0.076728	0.626723	0.693937	0.841791	0.0207	-0.724297	0.812262	-0.24121	0.802328	0.417271	-0.368535	0.975766	-0.144243	0.942799	-0.481663	-0.674667	0.74549	-0.27724	0.906793	0.052647	0.773459	-0.244639	-0.644701	0.383289	0.718793	-0.006484	-0.521256	-0.605394	-0.107289	-0.559391	-0.491728	0.4278	0.366783	-0.053075	0.326663	0.924854	-0.984688	-0.322098	-0.827183	-0.963201	-0.990202	0.835895	
0.971084	0.29435	-0.509605	-0.315278	0.265526	0.628452	0.810886	-0.500249	0.897406	-0.610945	0.582769	0.722128	0.292316	-0.601506	-0.870222	-0.885066	-0.393309	0.507654	0.420048	0.00602	0.182489	-0.768081	0.45611	-0.171509	0.690116	0.613309	0.80436	-0.696806	-0.569104	-0.650103	0.501887	-0.855279	0.84847	-0.430505	-0.781921	0.543923	-0.306859	0.315377	-0.265232	-0.930005	-0.914083	-0.59422	-0.779415	-0.167743	-0.400425	0.690401	-0.423362	0.22977	0.751764	0.777787	
-0.083824	-0.551616	-0.18497	0.616171	0.128933	0.339313	0.750806	-0.869582	0.137639	0.728767	-0.227383	0.885472	0.497344	-0.255675	0.728615	0.77707	0.543405	-0.485935	-0.727162	-0.591569	0.76804	-0.219553	0.058326	-0.649114	0.888278	-0.85606	0.565571	-0.21802	-0.708199	-0.404034	-0.776105	0.604466	0.621493	-0.619152	-0.475538	-0.63621	-0.590096	-0.113142	0.847387	-0.692517	-0.825212	-0.914598	0.517669	-0.434886	-0.091953	0.013918	0.259077	0.62212	0.089055	0.063215	
0.271214	-0.001462	0.550651	-0.639571	-0.582614	0.415038	-0.843764	-0.868969	-0.307851	-0.160189	-0.178132	0.881801	0.693694	0.381125	0.834892	0.323171	0.65995	0.398319	0.398133	0.847323	0.304701	-0.558449	0.718265	-0.563578	0.353542	0.594001	0.983232	-0.629952	-0.033709	-0.647297	-0.908719	-0.917931	0.662363	0.04891	-0.372047	0.550777	0.199532	0.842197	0.582216	0.024382	-0.173211	-0.009135	-0.754505	0.125586	0.873626	-0.063307	-0.507537	-0.217666	0.657922	-0.627205	
-0.03958	0.725912	0.827299	0.558314	-0.752176	0.656662	0.747733	0.018961	-0.269914	-0.953896	0.051815	-0.371755	0.228379	0.924327	0.807412	0.619182	0.932098	0.41302	-0.516106	0.495453	-0.821211	-0.41669	0.561686	0.413012	0.994664	-0.779975	-0.394482	-0.092354	0.688387	-0.861923	0.741038	-0.798065	0.315957	-0.937288	0.732662	-0.910826	-0.326188	0.57707	0.821089	0.034763	-0.218733	0.800071	0.515933	0.876012	-0.795175	0.18112	-0.604846	0.036515	0.099537	0.78354	
-0.92117	-0.189287	0.934239	-0.650324	-0.411285	-0.676104	0.566954	0.965448	0.185074	-0.11956	0.751883	0.941735	0.801815	0.327366	-0.333582	0.094173	-0.795426	-0.177187	0.494657	-0.96687	-0.711534	-0.535913	-0.603102	-0.450159	0.754626	-0.530898	0.751773	-0.116456	-0.035157	-0.381474	-0.482114	0.152356	0.966826	-0.596115	0.291003	0.029781	0.333443	0.678457	0.203061	0.533563	-0.709809	-0.885291	-0.329087	-0.930417	0.125193	-0.79929	0.774268	-0.057639	-0.118818	-0.760898	
-0.803553	-0.95817	-0.344567	0.374686	0.2231	0.450555	-0.388721	0.695888	-0.520752	-0.588169	-0.79129	0.429392	0.036431	0.251652	0.373803	0.271342	-0.433357	-0.68514	0.296942	0.319242	-0.363404	0.023596	-0.719188	-0.519204	-0.191431	0.466315	-0.982535	-0.781512	-0.249191	-0.310016	-0.539741	0.828067	0.996738	0.323582	0.780307	-0.72735	-0.680512	-0.691709	-0.659747	-0.404516	0.525517	-0.688125	0.334476	-0.74536	0.735546	0.293043	0.413055	0.469894	0.246373	0.626963	
-0.979017	-0.119684	0.340459	-0.325251	-0.858692	0.648996	-0.384766	0.740478	0.478495	-0.546401	0.820624	0.90294	0.005229	0.155838	0.334923	-0.776671	0.088117	0.981559	0.209023	-0.742099	-0.874363	0.175803	-0.672554	-0.703647	-0.492217	-0.44559	-0.879909	0.01783	-0.10112	0.811355	0.371553	-0.856258	-0.044539	-0.434431	-0.675311	-0.047273	0.241863	0.31895	0.170008	0.570012	0.179516	-0.934039	0.115051	-0.856622	0.956361	-0.496275	0.451526	0.038795	0.275314	-0.825317	
-0.594416	0.109822	0.248566	0.525972	0.37933	-0.642898	-0.9953	-0.332043	-0.595757	-0.303576	-0.815326	0.809232	0.617937	0.021003	-0.347104	-0.97782	-0.369417	-0.749876	-0.489104	0.871575	-0.556677	-0.235355	0.481231	-0.25237	0.713214	-0.370766	0.296708	0.541732	-0.618093	-0.51581	0.083977	-0.139529	-0.132327	0.352341	0.059104	-0.059492	0.321016	-0.944968	0.372517	0.037376	-0.825726	0.559965	-0.48143	0.194892	-0.329623	0.893519	0.131705	-0.004627	-0.057457	0.895676	
0.717256	-0.625796	0.43812	-0.216361	-0.597901	0.200842	-0.762078	0.581259	0.149641	0.194477	0.344479	-0.287111	-0.404942	0.943061	0.373331	-0.107171	0.356126	-0.296515	0.309025	-0.524511	0.153246	-0.205691	0.413244	-0.386315	0.320493	0.51674	0.838822	0.565128	-0.509768	0.795171	0.010295	0.386368	-0.242316	0.119836	-0.578486	-0.915109	0.036991	-0.467334	0.835728	0.333773	-0.557425	0.365964	-0.215853	-0.353443	0.016187	0.373056	0.803521	-0.649175	0.684753	0.273975	
-0.203005	0.424871	0.685574	-0.703819	0.699033	-0.046256	0.201758	-0.2204	0.47681	-0.46998	-0.582439	0.248314	-0.481802	-0.73542	0.400602	-0.807685	-0.298459	0.499933	-0.203059	0.981257	0.817785	0.961339	0.070797	-0.656375	0.492353	-0.988326	-0.597794	-0.407267	-0.787062	0.686418	0.122803	-0.424189	0.937648	0.131357	0.765296	0.173891	-0.123585	-0.835825	-0.907402	-0.315993	-0.85862	-0.617669	-0.493271	0.523862	0.913446	0.45836	-0.855707	0.079584	-0.332858	0.295418	
0.743114	-0.810135	-0.434883	-0.178874	-0.285995	0.715195	-0.863184	-0.054831	0.182693	0.077836	0.285638	-0.399941	0.471863	0.189144	-0.219572	0.181185	0.563301	0.540873	0.775319	0.987359	0.229073	0.290899	-0.0753	-0.929979	-0.011296	-0.295619	0.600957	0.684015	0.763928	-0.264667	-0.924998	-0.848357	0.994273	-0.253597	0.344417	-0.048727	0.506197	-0.891799	-0.629323	0.320898	-0.143294	-0.274572	0.510995	-0.525247	-0.969013	0.308557	0.487248	-0.74595	-0.884443	-0.796491	
-0.408071	0.362222	0.665838	0.533756	-0.283849	-0.842828	-0.020482	0.003973	0.726533	-0.16951	0.012336	-0.581077	0.716564	-0.153727	-0.973375	0.858049	-0.200911	-0.262843	-0.065258	0.381709	0.636979	0.278919	-0.546879	-0.082682	-0.068176	-0.255065	0.062528	-0.715867	-0.046524	-0.129657	-0.556835	0.344957	0.617818	-0.027895	0.942041	-0.070741	0.541049	0.362442	0.473327	-0.607871	0.852116	-0.143365	0.558712	-0.997827	0.525087	0.223489	0.456616	0.91146	0.71322	-0.370173	
-0.025504	-0.945233	0.988691	0.906572	-0.604312	0.684813	-0.93752	0.264483	-0.605014	-0.283266	-0.483544	-0.359801	-0.112906	0.022406	-0.020427	0.33975	0.016312	-0.261068	-0.955797	-0.652587	-0.116074	0.519039	0.560659	-0.316031	-0.956911	0.809693	-0.596274	-0.9382	-0.393181	0.345803	0.596977	0.580698	0.973779	-0.951106	0.792809	0.337145	0.792055	0.188447	-0.804062	-0.589025	0.757242	-0.500308	-0.361926	0.764815	0.570567	-0.781146	0.716281	0.795589	-0.28256	-0.182493	
0.558998	-0.23917	-0.791888	0.82965	0.551979	-0.782218	-0.986967	0.136478	-0.739503	-0.271395	-0.988513	0.676421	-0.856268	-0.632517	-0.469227	0.975512	-0.042703	0.198444	-0.954733	0.915743	0.800181	-0.66427	-0.397741	0.022922	-0.859925	-0.220949	-0.261394	0.738195	0.278986	0.289777	-0.420234	0.853156	0.077948	0.620565	-0.089053	0.750319	0.369411	0.3146	-0.445238	0.727833	0.676555	-0.020191	-0.58718	0.603171	-0.484572	-0.451027	0.429387	0.233061	-0.26162	-0.253603	
-0.658851	0.130983	0.841137	-0.749099	-0.141726	0.946777	0.553053	-0.679069	0.606488	0.154737	-0.472601	0.037124	0.904019	-0.317366	-0.935931	-0.606041	-0.050256	0.594717	-0.204388	-0.083706	0.526619	-0.597301	-0.784853	0.054787	-0.836688	-0.714706	0.317328	-0.057465	-0.479481	-0.641852	0.874839	-0.935414	0.837664	-0.653981	0.827355	-0.607004	0.661666	-0.753867	0.51888	-0.288685	-0.010599	-0.785087	-0.151498	-0.468176	0.149549	-0.633529	0.004263	-0.309319	-0.72795	-0.898753	
-0.532157	-0.336736	0.207802	-0.553654	-0.240014	-0.456801	-0.235992	-0.897862	-0.961747	0.588085	-0.750216	0.250437	0.098688	-0.305424	0.384439	-0.373893	-0.149436	-0.370935	-0.237618	-0.561257	-0.382239	0.281939	0.623664	0.157194	-0.409584	-0.719546	-0.180185	-0.919558	-0.328769	0.689454	-0.043702	0.785787	0.575431	0.507624	-0.306997	0.03433	0.215574	0.760983	-0.48265	-0.432308	0.938506	0.532799	0.277227	-0.86203	-0.841542	0.654779	-0.548246	-0.244562	-0.632802	0.522889	
0.451438	-0.00427	-0.862255	-0.941838	0.816472	-0.806894	0.312248	0.23292	0.660793	-0.218457	0.353853	-0.933525	-0.663819	-0.922605	-0.811569	-0.445129	0.504362	0.856355	-0.348889	0.963944	0.76885	0.567585	0.977608	0.870038	0.9476	-0.36114	0.042178	0.039336	-0.027922	0.08606	-0.387541	-0.277656	-0.595129	-0.945864	0.363927	-0.593777	-0.61172	0.129611	-0.416667	-0.896832	0.688348	-0.221426	0.633006	0.031321	0.326306	-0.277252	0.71677	0.153303	0.910115	-0.571378	
-0.445713	-0.323492	0.920231	0.720692	0.905666	-0.542089	-0.703856	0.198234	-0.275428	0.615017	0.272732	-0.535841	0.209449	-0.926276	0.373901	-0.443032	-0.901946	-0.154673	-0.418182	0.539917	-0.358673	-0.721325	0.748328	-0.084078	-0.416843	0.509032	0.402567	-0.223379	0.545712	-0.964305	0.483004	0.630438	-0.826142	0.440337	-0.299004	0.034177	-0.5936	-0.805097	0.177008	-0.230112	0.995685	0.56912	-0.589103	-0.763549	0.948337	0.922791	0.850362	-0.856524	-0.233605	0.317214	
0.793055	0.688648	-0.240253	0.371688	0.645154	-0.665352	0.241192	0.094816	-0.628422	-0.056405	0.752365	-0.873851	-0.450977	0.574625	0.598195	0.443613	0.461598	-0.745285	-0.305068	-0.618815	-0.416601	-0.460388	-0.215504	0.357499	0.651229	0.005947	0.552348	0.028019	-0.534595	0.735547	-0.187188	0.339885	0.390795	-0.404958	-0.860507	-0.723074	0.683831	-0.681339	-0.973304	0.35088	-0.041887	0.216525	-0.11921	-0.449712	0.111308	-0.185994	0.272281	0.751956	-0.091727	-0.721026	
0.291202	-0.273093	-0.938797	-0.82437	-0.555249	-0.276355	-0.799837	0.030874	-0.372623	0.911471	-0.37067	-0.229726	0.821192	0.420628	0.547467	0.536303	0.99555	-0.41798	0.004705	0.269125	0.622426	0.168693	-0.429283	-0.717008	0.738335	0.801756	0.985217	-0.069225	0.577242	0.354152	-0.218148	0.189616	-0.15273	0.388754	0.251635	0.186659	0.589105	0.355171	-0.280279	0.268101	-0.800074	0.330186	0.634499	-0.645136	0.101874	0.799209	0.676561	-0.211884	0.728675	0.896173	
-0.389312	0.956222	0.479978	0.122368	0.720288	0.953552	0.825715	0.084349	-0.063312	-0.661528	-0.57641	0.565517	0.270648	0.251353	-0.215714	-0.356628	0.530916	-0.136545	-0.459677	-0.342013	-0.601907	0.409056	-0.319485	0.915092	-0.818861	-0.981183	0.215168	-0.899698	0.264814	-0.301778	0.702326	0.854956	0.652371	0.631989	0.636856	0.702445	-0.926628	-0.219432	-0.089587	0.60632	0.610643	-0.705496	-0.601991	0.18175	-0.991682	-0.446995	-0.337372	-0.416955	0.186145	0.037543	
0.321823	0.112858	0.508394	-0.63688	0.346009	0.114769	0.939481	-0.87933	0.83478	0.320477	-0.933742	0.292891	0.336812	-0.284538	-0.512166	-0.27268	-0.996663	-0.548197	-0.058417	-0.711059	-0.192601	-0.499315	0.803812	0.94471	-0.606091	0.161698	0.808996	-0.786801	0.367942	0.533445	-0.180398	0.052495	-0.875477	0.975925	0.153673	-0.817074	-0.112724	0.804576	0.050746	-0.074515	0.028606	-0.420591	-0.136358	0.550038	-0.974939	-0.947878	-0.658437	0.330677	0.160524	-0.620665	
-0.804413	0.298727	0.046113	0.37476	0.33277	0.199067	-0.639414	0.630755	-0.005818	0.105919	-0.243859	0.553795	0.955103	0.677953	0.574238	-0.753246	-0.268597	0.512573	0.100739	-0.587965	-0.43326	0.501807	-0.076685	-0.634222	0.056435	0.141271	0.923531	0.57002	-0.086057	-0.542956	0.353947	-0.552375	-0.50981	0.833268	0.438789	0.593644	-0.343199	-0.930492	0.018846	0.920243	0.181354	-0.494358	-0.646751	0.564268	0.031444	0.666971	0.660379	-0.029299	-0.542937	-0.907303	
-0.643384	0.054763	0.520776	-0.342245	0.665692	0.908968	0.246528	0.439163	0.592486	-0.996888	-0.188944	0.057734	0.398573	-0.79878	0.195499	0.504125	-0.301814	0.580246	0.761238	-0.762156	-0.788743	0.259887	-0.007229	-0.950403	-0.083491	0.099385	0.561289	-0.414221	-0.269477	-0.69974	-0.218129	0.302365	-0.533226	-0.429055	0.239057	-0.821909	0.131706	0.512161	0.123034	-0.159146	-0.256408	-0.173846	-0.78392	0.454104	-0.57523	-0.523828	-0.422122	0.61476	-0.345801	-0.074497	
0.925972	-0.707843	0.747771	-0.643363	-0.849037	-0.400068	-0.481826	-0.430686	0.62077	-0.004324	-0.060108	-0.709762	0.314923	-0.105408	-0.720903	-0.059756	0.838139	-0.876033	-0.038874	-0.648599	0.259871	-0.102931	0.268942	-0.028756	0.045109	0.000402	0.173301	-0.620891	-0.958278	0.76328	0.345368	-0.136456	0.536678	0.100435	-0.963231	-0.474939	-0.84825	-0.055807	0.419066	-0.181806	0.002945	-0.258845	0.416197	0.323826	-0.375904	-0.50619	-0.423434	-0.60549	-0.962583	-0.560574	
0.86299	-0.221411	0.490431	-0.495282	-0.642688	-0.361741	0.740898	0.881133	-0.462665	0.938932	0.126023	0.318024	-0.676906	-0.979207	0.219855	0.648538	-0.399359	-0.99535	-0.27407	0.511547	0.62048	0.067731	-0.609448	0.49235	0.72524	-0.476702	0.765568	0.434591	-0.994868	-0.691445	-0.291437	0.10038	0.408324	0.727705	0.456927	-0.068206	0.399736	-0.227334	0.522852	-0.688662	0.394668	0.587653	-0.684508	-0.56223	-0.289605	-0.504716	0.562651	-0.78474	-0.794209	0.649513	
0.921487	0.758776	0.77978	-0.663194	-0.117697	-0.331701	0.197207	-0.561965	-0.424941	-0.176609	-0.06623	-0.875979	0.266015	0.073713	0.729427	0.841508	-0.472939	-0.647535	0.174738	0.368757	-0.506936	-0.964906	0.90663	0.033129	0.744985	-0.555185	0.573406	-0.489099	-0.636202	-0.851466	-0.765339	0.17192	-0.292116	0.947486	0.169544	0.693218	-0.017227	0.66331	-0.792679	-0.809672	-0.543077	-0.341332	0.970835	-0.957686	-0.649721	-0.482565	-0.425535	-0.981539	0.010117	0.191735	
0.54553	-0.572747	0.972308	0.975249	-0.953987	0.784501	-0.107021	0.347292	0.572146	0.610029	0.460329	0.179363	0.501956	-0.754976	-0.856558	-0.081488	-0.786414	0.841188	0.626378	0.426134	0.182722	-0.129829	-0.036686	-0.268084	0.400716	0.901054	0.883551	0.217758	0.80096	-0.265621	-0.631587	-0.9642	-0.764574	-0.344905	0.106451	0.953886	-0.491979	-0.385156	-0.259196	-0.144383	-0.548628	0.863917	0.97977	-0.947913	-0.943914	0.638258	-0.313351	-0.83032	0.219134	-0.839354	
-0.632506	-0.970924	0.546079	0.320258	-0.612451	0.687862	0.106247	-0.560063	-0.299335	-0.770761	-0.198429	-0.951854	-0.819185	0.332866	-0.143596	-0.418757	-0.69671	0.909957	0.973226	-0.214674	0.293373	-0.064366	0.218438	0.826375	-0.575674	-0.910799	0.17944	-0.953495	-0.47324	0.513368	-0.081435	0.965196	0.954035	0.665275	0.198117	-0.41376	0.337728	-0.058514	-0.282492	-0.805383	0.35947	0.901365	-0.02039	0.313324	-0.154648	0.989197	-0.12433	-0.768138	0.595765	-0.713591	
0.429159	-0.602629	0.29599	0.899518	-0.618979	0.383116	-0.953219	0.217842	-0.638149	-0.250062	-0.040451	-0.219842	-0.912731	0.155656	-0.893219	-0.82491	-0.886975	-0.525339	-0.932781	0.910184	-0.05012	0.221376	-0.545503	0.687711	-0.758701	-0.477987	0.895618	-0.681507	0.768253	-0.919197	-0.211124	-0.572049	-0.575583	-0.660983	0.312716	0.765038	0.058437	0.766499	0.100182	-0.254352	0.319497	-0.171394	-0.03856	-0.803389	-0.350338	0.152335	0.674314	-0.612598	0.666911	-0.497764	
0.724284	0.370761	-0.919601	-0.911495	-0.556708	0.922301	0.367895	-0.173222	-0.327762	0.458031	0.796464	0.324856	0.57757	-0.250714	-0.537528	-0.907771	-0.856736	-0.199232	-0.187683	-0.566371	-0.463986	0.175815	0.192049	0.53731	-0.59803	0.625708	-0.513295	-0.554316	-0.198172	0.349231	-0.576048	0.364413	-0.349056	-0.069521	0.802043	-0.972379	0.324231	0.944909	0.495249	-0.69651	0.371071	0.759939	-0.195363	-0.261307	0.329757	-0.016926	-0.267265	0.666156	0.105687	0.600287	
-0.260361	-0.708325	0.689494	0.029763	-0.630616	-0.146161	-0.076786	-0.496457	-0.131672	0.15846	-0.138107	-0.537633	-0.087219	-0.614095	-0.541048	0.793279	-0.867932	0.302775	-0.33346	0.163165	0.230545	-0.503847	0.474202	0.972425	0.385294	-0.916111	-0.241655	0.347626	-0.236619	-0.345496	0.922297	-0.74566	0.406963	0.87534	0.631457	-0.01264	0.968168	-0.844055	0.892503	0.591973	0.210563	0.355552	0.278366	-0.444018	0.936055	0.421315	-0.81566	-0.999735	0.976153	0.119645	
-0.845464	0.652534	-0.246896	0.480052	0.021627	-0.641398	-0.879942	-0.102256	0.961103	-0.074417	0.573955	-0.791605	-0.905126	-0.044065	-0.149	0.639688	0.860845	0.539596	0.30421	-0.7871	-0.378632	-0.760968	-0.735276	0.630088	-0.190178	-0.215597	-0.623186	-0.75929	-0.310863	0.5614	-0.041994	-0.317302	0.948198	0.976048	-0.035868	0.167111	-0.18771	0.73808	0.764931	0.069179	0.880592	0.770653	0.111809	0.669433	-0.410394	-0.205848	-0.908997	-0.262067	-0.581796	-0.568213	
-0.518458	-0.112042	-0.458283	0.014351	-0.959837	-0.564073	0.596696	-0.703191	0.708097	-0.223376	-0.966134	-0.416913	0.844235	-0.086816	0.037426	-0.147247	0.240553	-0.582428	0.388329	-0.11558	0.721649	0.924852	-0.309742	-0.095635	-0.290652	0.018176	-0.758754	-0.533041	0.321384	-0.222034	0.760864	-0.460331	0.663946	0.93857	0.447243	0.243209	-0.645936	-0.939455	-0.597038	0.478689	-0.194748	-0.644732	-0.683331	0.950669	0.983531	-0.644288	-0.114264	-0.452482	0.831738	0.047921	
0.010259	0.260762	-0.567437	0.195433	-0.317806	0.11654	0.630691	0.095891	-0.79122	0.617696	0.525643	-0.906141	-0.58127	0.577568	0.243231	-0.161634	-0.057793	0.566768	0.078484	-0.829102	-0.464668	-0.442176	0.283339	-0.340781	0.771971	-0.830103	-0.538864	0.838876	0.638084	-0.829957	0.469321	0.768178	0.673234	0.304535	0.338727	-0.401043	0.66308	-0.059339	0.447866	-0.073576	0.573373	-0.963614	-0.3535	0.013486	-0.923376	0.564062	-0.424637	-0.77037	0.759812	-0.003771	
-0.212558	0.274831	-0.514707	0.740757	0.388013	0.995164	0.416831	-0.971739	0.938491	0.338975	0.212018	0.106201	-0.923616	-0.826569	-0.514797	0.302216	0.498225	0.224555	-0.60993	0.979667	0.329087	0.326651	0.671221	0.593719	0.363124	-0.936176	0.475515	0.170747	-0.017645	-0.725816	-0.625911	-0.699431	0.719119	0.831192	0.506434	-0.766942	-0.405367	0.21863	0.940519	-0.368237	-0.652527	0.873172	-0.339837	-0.83769	0.342152	0.472397	0.961434	-0.792159	-0.918937	-0.790287	
-0.140956	0.477011	-0.1748	0.452068	-0.633779	0.505114	0.58973	-0.299121	-0.520973	0.723753	0.511082	0.644529	0.078922	-0.741406	-0.89403	0.913756	-0.55389	-0.971134	0.740841	0.50633	-0.381313	-0.996119	0.719104	0.226383	0.146043	-0.881011	0.791932	-0.672104	-0.408242	-0.018041	-0.766071	-0.218291	-0.418245	-0.343825	-0.388407	0.469618	-0.742702	-0.501682	-0.219389	0.91943	-0.459935	0.215507	-0.215849	-0.465042	0.420387	0.153525	-0.664392	0.683552	0.998969	0.997654	
-0.145035	0.610304	0.915677	0.863076	-0.797974	0.848248	-0.161627	0.97541	0.415186	0.635116	0.357922	0.91435	-0.666635	-0.039938	0.073026	0.437178	0.223718	-0.29369	-0.434495	-0.812686	0.093877	-0.99489	-0.871327	-0.49695	0.657816	0.677696	0.016687	-0.603458	0.495878	-0.942829	-0.582936	0.59938	0.829421	-0.379692	-0.156612	0.109869	0.105219	0.348923	-0.290021	-0.571551	0.536349	0.644622	0.98938	-0.365291	0.100698	-0.003012	0.480135	0.015721	0.573174	-0.422776	
0.872389	-0.709176	0.74179	-0.607858	-0.058348	-0.380058	-0.731517	-0.398309	-0.64845	0.373873	-0.59043	-0.23699	-0.948136	0.031193	-0.176723	0.70954	-0.257935	0.021339	0.242287	-0.347833	-0.755661	0.551425	0.945682	0.675114	0.413524	0.768428	-0.752543	-0.014121	0.066356	0.938585	-0.362827	0.782154	0.738189	0.671297	0.054269	-0.123108	0.218612	-0.967514	-0.530535	-0.601936	0.810844	-0.908166	-0.498619	0.996494	0.746216	-0.947969	0.15499	0.62814	0.33536	0.626958	
0.405372	-0.296833	0.041911	0.498258	0.13927	-0.34082	0.697618	-0.41926	-0.933539	-0.96607	-0.139524	0.34435	-0.812968	0.032257	-0.958015	-0.576261	0.913601	0.931937	-0.805052	-0.635153	0.360771	-0.45427	0.410236	-0.91003	-0.044257	-0.0474	-0.923086	0.351088	-0.277865	0.378881	-0.282889	0.355176	0.095118	-0.039135	-0.739447	-0.027311	-0.065586	0.670585	0.143152	0.156758	-0.44594	0.705685	-0.383345	0.90513	0.65619	-0.548342	0.522046	-0.031079	-0.394878	0.243213	
0.622068	0.505605	-0.749308	0.123427	0.613612	-0.961468	0.281815	-0.898149	-0.781429	0.334341	-0.486387	-0.807433	-0.964005	0.138417	0.772069	0.441063	-0.736781	-0.742728	-0.822306	0.249993	0.237897	0.585983	-0.296261	-0.589983	0.833796	-0.03586	0.501676	0.138332	-0.786952	0.985354	0.258643	-0.107467	0.580823	-0.501691	0.472494	-0.229027	-0.522596	-0.501755	-0.526184	0.047451	-0.188255	0.145355	0.39747	-0.351687	-0.596214	0.479021	-0.86471	-0.159823	0.103016	-0.126576	
0.820953	0.033139	0.28549	0.633941	-0.238706	-0.250762	-0.407711	0.857397	-0.456721	-0.860761	0.783653	0.638193	0.103413	0.722779	0.015639	-0.256386	0.128766	0.166879	0.303665	0.48534	-0.501733	0.081852	0.329589	-0.239264	-0.903573	0.212199	-0.865623	0.49599	-0.516276	0.56849	0.097252	-0.222893	0.60444	-0.393622	0.077347	-0.238828	0.27176	-0.808682	0.364921	0.597723	0.526729	-0.0022	0.97142	0.856053	-0.853591	-0.422337	-0.992378	-0.494243	0.028331	-0.471308	
0.800411	-0.498537	0.523145	-0.609852	0.794792	0.537681	0.439242	0.197653	-0.538591	0.193825	0.155419	-0.020582	-0.855391	-0.339861	-0.7098	0.203053	0.277982	-0.958912	0.47456	-0.568508	-0.939235	-0.186428	-0.418318	-0.738161	0.877868	0.162513	-0.816553	0.220424	-0.452841	0.263257	0.801917	0.642238	-0.353907	-0.258008	-0.744908	0.514971	-0.364111	0.388335	0.378288	0.708725	0.820858	-0.100116	0.803618	-0.771592	0.129635	0.463154	-0.449393	-0.553933	-0.212007	-0.422898	
0.208403	-0.771412	0.385839	0.490733	-0.226057	0.241778	-0.264709	0.498338	0.17748	0.43755	-0.709327	0.998636	0.35639	0.911734	-0.778847	0.210039	-0.600069	-0.665756	-0.909572	0.101438	0.574621	0.574592	0.942355	-0.651273	0.173639	-0.107722	-0.887939	-0.325343	-0.392684	-0.263877	0.530128	0.940934	0.709927	0.18365	0.714202	0.744765	-0.787589	-0.330973	0.830121	-0.324597	0.539949	-0.07144	-0.960025	0.854579	-0.750949	-0.695719	-0.704129	-0.670115	0.50875	0.451631	
-0.964753	-0.035771	0.074265	0.423716	0.686125	0.678003	-0.759222	-0.276348	0.07635	0.496839	-0.900608	-0.793344	0.025133	0.853746	0.526795	0.464545	0.05261	-0.599057	0.214892	-0.990582	-0.462379	-0.397948	-0.19963	-0.704188	0.527172	-0.70442	0.304094	0.824091	-0.569851	-0.034853	0.065366	-0.630029	-0.324229	0.873505	-0.195747	-0.291105	0.703076	0.662293	-0.091184	-0.417267	-0.284171	0.190009	-0.457625	-0.561515	0.43902	0.368935	-0.881101	0.987602	0.429797	-0.658129	
0.962394	0.227095	0.294644	-0.779483	0.6675	0.826939	-0.188129	0.434923	-0.810541	-0.326338	-0.215177	0.329506	0.350166	-0.20941	-0.004264	0.538911	-0.976747	-0.551107	0.252352	0.043308	-0.904821	0.180194	-0.265554	0.191912	-0.923215	-0.506617	0.051687	-0.190047	0.849468	-0.932788	-0.264582	0.256646	0.334746	0.036221	-0.282234	0.299804	0.319326	0.570804	-0.776823	0.588699	-0.267726	0.773995	0.105969	0.68652	0.145552	0.498295	0.05465	-0.031105	-0.649498	0.826338	
-0.511922	-0.888576	-0.942234	-0.427745	-0.838544	0.252818	0.956856	-0.249301	-0.896371	0.744428	0.973344	0.42207	-0.218995	-0.686215	0.390586	0.44849	-0.948854	0.277208	-0.161863	0.649986	-0.638159	-0.675048	-0.529358	0.602951	0.885831	0.493318	-0.551045	-0.990328	-0.765753	-0.639639	-0.627601	-0.187938	-0.089267	-0.880349	0.314585	-0.830886	0.143429	0.305759	-0.849946	-0.284857	-0.423772	0.831743	0.033465	-0.082217	-0.024572	-0.042696	-0.534057	0.547417	0.643536	0.303551	
0.997379	-0.901989	0.924806	-0.63123	0.088232	-0.564309	-0.47336	0.097945	-0.893468	-0.742507	-0.047679	-0.990251	0.118534	0.367109	-0.121144	0.815943	-0.032591	-0.642084	-0.610009	-0.168923	-0.558608	0.197115	-0.364917	0.911408	-0.066708	-0.224419	-0.222192	-0.803046	0.279438	-0.556445	-0.458773	0.18814	-0.253567	0.012908	-0.930249	-0.449611	0.274219	-0.932899	0.078601	-0.177462	-0.187117	-0.018629	0.596664	0.556859	-0.63672	-0.740149	0.334489	-0.477525	0.275253	0.160026	
-0.990599	0.887998	0.803211	0.388218	0.833681	-0.745625	0.905767	0.238381	0.99687	-0.399897	0.038211	0.280496	0.204904	-0.091294	-0.372187	-0.807182	-0.671738	0.198057	-0.14081	0.867907	0.970039	-0.711132	-0.013411	0.283652	0.838271	0.219564	-0.792399	-0.240261	0.377633	-0.410823	-0.671579	0.791225	-0.850163	-0.476544	0.732788	0.558322	-0.840846	0.30507	0.366399	-0.123751	-0.471875	0.508285	0.056052	0.077405	-0.599667	0.717254	-0.29389	-0.350885	0.147824	0.194869	
0.871751	-0.770198	-0.068955	0.107188	0.000802	0.329811	0.900014	-0.429767	0.069477	-0.84765	-0.168211	0.871917	0.504611	0.275818	0.117696	-0.642668	-0.159598	-0.614051	0.875216	-0.184338	-0.893121	-0.866421	-0.746279	-0.831153	0.189888	-0.39244	-0.689081	-0.334992	0.994452	-0.150605	-0.700319	0.880961	0.59956	-0.2948	-0.881769	0.735158	0.223532	0.240541	-0.172027	-0.430796	-0.425732	0.797192	-0.168553	0.869457	0.417403	-0.898438	0.333827	0.347906	-0.345733	-0.914554	
-0.080245	0.406222	0.771999	-0.73999	-0.534254	0.029249	0.355966	-0.052006	0.279886	-0.67994	-0.16076	-0.158459	0.053929	0.584669	-0.916273	-0.724066	0.301025	0.05297	0.093668	-0.015523	-0.028167	-0.381168	0.719131	-0.84449	0.945011	0.35739	-0.870966	-0.676412	0.924516	0.411107	-0.233292	0.404894	-0.918138	-0.907888	-0.729281	0.073595	-0.024052	-0.654041	0.864089	0.643401	0.0782	0.188673	0.403932	-0.996801	-0.007599	0.863081	-0.903084	-0.824356	0.052593	0.458971	
0.110067	0.741928	0.501175	-0.564417	-0.127263	0.552895	-0.979964	-0.5173	-0.548254	0.186472	0.311943	0.134929	-0.957073	0.070932	0.773775	0.079586	-0.601416	-0.401879	0.696218	0.096645	0.951283	-0.496276	-0.708261	0.204735	-0.481848	-0.891157	-0.806862	-0.712925	-0.301562	-0.415341	0.071147	0.139527	-0.407715	-0.857493	-0.435997	-0.962265	-0.849777	0.908924	0.308689	0.958738	-0.52019	-0.62219	0.544497	0.190493	0.668969	-0.992391	-0.238458	-0.587128	-0.216856	-0.672061	
0.458093	-0.531929	0.770273	-0.326092	0.766294	-0.692255	0.053924	-0.064894	0.285893	-0.759004	-0.477144	-0.350641	0.503455	-0.03766	0.268763	0.249175	-0.781489	0.77301	0.148027	-0.901755	0.175439	-0.10632	0.20897	-0.410582	-0.246672	-0.379387	-0.278212	-0.523133	0.448739	0.716994	0.651318	-0.85123	0.313707	-0.576208	-0.892404	0.587462	0.799918	0.576289	-0.439497	-0.512246	0.002115	0.989652	0.202365	0.853639	0.040163	-0.76118	-0.098644	0.01887	-0.603085	-0.507327	
-0.845363	-0.952192	0.352921	0.460267	-0.903464	-0.021112	-0.365056	-0.091475	0.457202	0.79455	0.537094	0.491077	0.521216	-0.934611	-0.081802	-0.65357	-0.277693	0.67407	0.288637	-0.35326	0.733927	0.861443	0.214598	-0.536495	0.571752	0.231796	0.290468	-0.126825	0.969783	0.417475	0.831223	-0.431566	0.627292	0.986079	0.884205	-0.545895	-0.136118	-0.961462	0.34528	0.761635	0.713565	0.156828	-0.23678	0.199393	0.513074	0.301313	0.498042	0.814781	-0.510385	-0.648027	
-0.632896	0.743897	-0.039991	0.017799	0.823031	0.3712	0.533681	-0.964152	-0.977993	-0.777274	-0.058322	0.381331	-0.059842	0.725548	0.047003	0.095774	0.962136	0.009586	-0.860149	0.823267	-0.101628	0.959851	-0.515855	-0.656987	0.366344	0.941605	-0.856235	-0.931644	0.459187	0.42032	0.652408	0.51727	-0.169796	-0.348278	-0.460433	0.710424	0.685696	-0.3078	0.176025	0.744517	0.826727	-0.351673	-0.326095	-0.723494	0.677304	-0.328924	-0.799913	0.694147	-0.262894	-0.016279	
0.640967	0.421237	0.142523	0.518251	-0.926463	-0.573609	0.16286	-0.685354	0.035842	0.17194	0.895738	0.795431	-0.328168	0.719712	-0.175043	-0.118478	0.469823	-0.636272	-0.432663	-0.799395	0.756623	0.515945	-0.621877	0.642494	0.899207	-0.119647	-0.887688	0.856477	0.405458	0.124916	-0.669768	-0.244661	0.100836	-0.738932	-0.638991	-0.209152	-0.435894	-0.194192	-0.530509	-0.585502	0.274968	0.093479	0.532728	0.817917	-0.595112	0.035757	0.601887	0.644456	-0.1808	-0.335443	
-0.039138	0.35682	-0.934432	-0.163235	0.609078	0.853529	-0.347427	-0.142722	-0.918537	0.797157	0.553526	0.359781	-0.526115	-0.795631	0.436819	0.783614	0.700351	0.335288	-0.633167	-0.710598	0.551895	-0.543041	-0.873784	-0.904853	-0.434734	0.523417	0.091874	0.988738	-0.259742	-0.804235	-0.73609	-0.927408	-0.165934	0.601448	-0.712197	0.623392	0.581199	-0.936969	-0.242029	-0.219843	-0.167054	-0.482122	0.767487	0.194104	-0.124206	0.616164	0.645255	0.16485	-0.684479	0.876569	
0.126726	0.202636	-0.521369	0.052567	-0.914539	-0.120115	-0.850567	0.594691	-0.548229	0.842263	0.165756	-0.048891	0.509967	-0.126075	0.66665	0.912942	-0.277475	-0.706333	-0.802746	-0.904053	0.506978	-0.156163	-0.428485	-0.26792	-0.714793	0.901254	-0.35352	-0.599417	0.028325	-0.610249	-0.630012	-0.445012	0.23248	0.045669	0.962232	0.037347	-0.922878	0.86103	-0.565411	0.627679	-0.134339	0.302472	-0.291442	0.297252	0.578007	0.423671	-0.264903	-0.745752	-0.209482	-0.90529	
-0.575477	-0.786315	-0.231723	0.927904	-0.803992	0.856039	-0.596662	-0.141552	-0.726448	-0.958494	-0.131036	0.622562	-0.149175	0.870049	0.830481	0.941231	-0.469093	0.909195	0.265119	0.632673	0.445056	0.449323	0.476143	-0.411982	-0.304326	0.688748	0.84989	-0.16355	-0.519341	0.845603	0.329318	0.358894	0.01035	0.323449	0.136948	-0.046088	0.331663	0.134863	0.225751	0.810961	0.131705	-0.758491	0.123107	-0.771795	-0.307681	0.76424	-0.632791	0.907685	0.039963	0.831492	
-0.358425	0.906124	-0.420979	-0.728971	0.97308	0.958767	-0.246649	0.9805	-0.834323	0.516214	0.25444	-0.229938	0.115299	0.258146	-0.151318	0.115865	-0.224455	-0.527101	0.137078	0.578193	0.667375	0.70436	-0.504611	0.302606	0.467526	-0.68552	0.101105	0.923194	-0.718777	-0.289658	-0.198688	-0.109571	0.636738	-0.20384	-0.739468	0.553441	-0.76525	-0.139429	-0.921368	0.473226	0.437287	0.548379	0.494063	-0.527621	0.494287	-0.326677	0.631983	-0.79213	-0.66979	0.994422	
-0.977721	0.254121	0.239358	0.779812	-0.067862	0.76684	0.239778	0.538759	-0.851139	-0.16813	0.975301	0.337838	0.763712	-0.083412	0.392285	-0.640113	-0.142644	0.396694	0.860792	0.48227	0.445989	-0.452647	0.236483	0.261297	-0.121893	0.202385	-0.127239	0.135291	-0.986146	-0.443075	-0.004942	0.394503	0.299377	-0.073784	0.934299	-0.158977	0.764183	0.11721	-0.202434	0.697913	-0.820353	-0.811152	0.534693	0.865084	0.930078	0.538985	-0.972717	-0.123154	-0.356293	-0.924287	
0.089589	0.952153	-0.497132	-0.415334	0.963646	0.778252	-0.71908	-0.403504	-0.296603	-0.964997	-0.768391	-0.326892	-0.134063	0.982881	-0.934831	0.242096	-0.823558	0.607478	-0.219361	-0.82137	0.329933	0.539583	0.116041	0.360024	0.702183	0.969385	0.027214	-0.877482	0.770872	-0.135104	-0.293809	-0.862288	-0.293128	-0.322644	0.184293	0.041353	-0.326748	0.038738	-0.452586	0.653237	0.549721	-0.963701	0.990736	0.73308	-0.430603	0.026284	-0.48847	0.130866	-0.81032	0.315255	
-0.578027	-0.902162	0.342635	-0.586503	-0.3243	0.262753	0.139092	-0.369101	-0.49498	-0.867466	0.980598	0.905286	-0.948043	-0.887952	0.361471	-0.882655	-0.681901	0.073083	0.980768	0.906826	-0.491687	0.144838	-0.941747	-0.745238	-0.969233	-0.167669	0.358673	-0.13868	0.996763	-0.682887	0.693419	-0.77792	0.870386	-0.833043	-0.21751	-0.813352	-0.899376	0.248746	0.527847	0.157296	0.658218	-0.883772	-0.241349	0.648732	0.533216	-0.837661	-0.35071	0.751923	-0.417376	0.611129	
-0.558716	0.418344	0.632323	-0.711669	0.153215	0.610614	0.958632	-0.152732	-0.06631	0.558856	0.731278	-0.983506	-0.080722	-0.061827	-0.817929	0.612144	0.227446	-0.217392	-0.14658	0.992426	-0.085564	0.602481	-0.574889	-0.72766	-0.588405	0.808509	-0.359064	-0.64579	-0.547394	-0.565042	0.556037	0.383098	-0.353501	-0.693811	-0.681293	-0.075513	0.132348	-0.113861	-0.40209	-0.975432	-0.499563	0.399257	0.265992	-0.372203	-0.640352	-0.397251	-0.92183	0.505178	0.332347	0.246504	
0.674125	0.126242	-0.228615	0.503008	0.289388	-0.293532	-0.41468	-0.769138	0.277061	0.132305	0.746102	-0.058005	-0.080645	-0.470495	-0.752228	0.977305	-0.731346	0.754566	-0.721873	-0.398955	0.955472	0.92595	0.939932	-0.118437	-0.841933	0.914184	0.58226	0.456597	-0.080232	-0.610592	0.302963	-0.861021	-0.079899	0.884833	0.196315	0.621766	-0.919629	-0.884296	-0.276807	0.206668	0.092306	-0.456316	-0.071225	0.383005	-0.064593	-0.085024	0.417056	-0.152275	-0.512758	0.253697	
-0.821999	-0.07955	0.832446	0.005076	-0.496493	-0.213299	-0.84975	-0.216713	0.070579	-0.474526	-0.501014	0.235505	0.12834	-0.296768	0.416149	-0.906754	0.141493	0.465991	-0.378613	-0.290275	-0.834789	-0.251796	-0.151825	-0.508735	0.784076	0.33031	-0.74551	0.282308	-0.386917	-0.206097	-0.23346	0.299726	0.95471	-0.478906	0.63574	0.276329	0.33409	-0.756159	-0.184164	0.347619	-0.059163	-0.156084	0.703896	-0.72195	0.395666	-0.00318	-0.394797	0.206997	-0.387295	0.676526	
0.190555	-0.285275	0.306364	0.801202	-0.169903	0.281719	-0.206532	0.194832	0.440877	-0.216082	-0.546639	-0.759208	0.831163	-0.274753	-0.595082	-0.512866	0.283203	-0.629793	-0.494479	0.806558	0.623106	-0.894533	0.422966	0.671043	-0.700803	0.967391	-0.196872	-0.757547	0.547097	-0.779384	0.22846	0.22083	0.094557	-0.702422	-0.598974	0.299692	0.097999	0.746543	-0.69116	-0.95047	0.222304	-0.639344	-0.458824	0.444683	-0.999325	-0.234348	-0.842536	0.558872	0.24325	0.328256	
0.231541	-0.836821	-0.633222	-0.651995	0.458511	0.445645	0.655751	0.1569	0.741621	0.100674	-0.194641	-0.235278	-0.769041	-0.475502	0.55695	-0.440758	-0.821753	0.053712	-0.645111	0.028048	0.335696	-0.177772	-0.958192	0.977548	0.888865	0.831789	0.737256	-0.824051	0.949644	0.074939	0.98486	0.773035	0.059284	0.235576	0.927441	-0.309775	-0.975501	0.24164	-0.468648	-0.511331	0.902215	-0.897635	-0.040291	0.701321	-0.696185	0.198255	-0.513491	-0.858501	0.564804	-0.74294	
0.975301	0.82661	-0.065758	-0.120316	0.554476	0.90979	0.933371	-0.459207	0.405987	-0.884206	-0.170942	-0.080631	0.807105	0.532564	0.116981	0.038826	-0.862767	-0.725621	-0.484428	-0.449806	0.651967	-0.320951	-0.922758	-0.63104	-0.107475	0.952384	0.140868	0.480969	-0.162678	0.005419	0.154964	0.860137	0.978421	-0.824427	0.399714	0.872641	-0.36814	-0.609112	-0.597707	-0.337532	-0.707438	0.697281	0.383716	-0.201111	0.048845	-0.882672	0.553445	0.868264	0.261117	0.867511	
0.036633	0.010206	0.014956	0.013819	0.024471	0.025767	0.013284	0.005456	0.010493	0.001136	0.000993	0.039717	0.01615	0.02392	0.023753	0.011947	0.039354	0.034899	0.013914	0.028401	0.021258	0.023783	0.017884	0.000168	0.02952	0.035986	0.010621	0.016439	0.026005	0.023717	0.009572	0.010592	0.018218	0.003302	0.011072	0.030962	0.030235	0.020644	0.009195	0.019804	0.016041	0.028373	0.032941	0.036538	0.026227	0.008865	0.024027	0.015868	0.019999	0.032875	
0.013797	0.006616	0.020046	0.041207	0.019372	0.020579	0.033908	0.025724	0.000472	0.001456	0.004362	0.013854	0.027206	0.007935	0.01281	0.018973	0.011044	0.041054	0.005848	0.005834	0.028219	0.036752	0.002488	0.021199	0.020913	0.033567	0.003838	0.016767	0.014237	0.041187	0.03364	4.7e-05	0.023826	0.037631	0.017028	0.007218	0.029194	0.034297	0.031249	0.026674	0.033438	0.007876	0.005913	0.026398	0.007897	0.025461	0.007923	0.018727	0.040663	0.033636	
0.009639	0.02102	0.017291	0.027174	0.006376	0.035156	0.005111	0.012742	0.01122	0.029138	0.010564	0.024183	0.005535	0.025187	0.007212	0.019291	0.0387	0.028066	0.022865	0.00221	0.034619	0.001426	0.038725	0.038694	0.021769	0.019697	0.01001	0.01256	0.039866	0.014638	0.0185	0.017121	0.039198	0.012637	0.035615	0.020674	0.018643	0.010175	0.032786	0.018512	0.008683	0.020113	0.013196	0.030934	0.014529	0.003127	0.004266	0.023083	0.029711	0.037813	
0.018263	0.028652	0.032386	0.01435	0.013769	0.018297	0.011102	0.000593	0.024007	0.029013	0.013554	0.002635	0.007559	0.033806	0.025308	0.021015	0.03586	0.028912	0.012774	0.036671	0.035696	0.03439	0.011448	0.037166	0.01107	0.00992	0.000324	0.003099	0.018884	0.039568	0.037094	0.029918	0.00307	0.006607	0.031203	0.020749	0.014747	0.019395	0.029756	0.034724	0.007695	0.018137	0.035031	0.015295	0.016183	0.008761	0.020694	0.037532	0.001268	0.00205	
0.031726	0.026436	0.034538	0.021918	0.032414	0.036602	0.01328	0.005905	0.028943	0.013223	0.019768	0.010257	0.01918	0.010924	0.016459	0.012146	0.039831	0.012399	0.002318	0.034994	0.014057	0.00832	0.028202	0.018967	0.026729	0.027167	0.020961	0.021666	0.011444	0.030918	0.020998	0.03187	0.03579	0.038534	0.027119	0.000394	0.016802	0.028949	0.020115	0.010848	0.012748	0.025006	0.008855	0.002383	0.016085	0.016889	0.003316	0.015165	0.006217	0.030225	
0.032318	0.018555	0.029156	0.015545	0.029273	0.015564	0.008184	0.009118	0.017102	0.016678	0.026377	0.025348	0.028439	0.028918	0.013734	0.023744	0.01668	0.015867	0.010156	0.029712	0.033278	0.033672	0.004718	0.029986	0.010825	0.025279	0.023974	0.021204	0.0285	0.02981	0.028047	0.033406	0.00432	0.029272	0.028577	0.017456	0.029721	0.013861	0.005909	0.004274	0.022555	0.009338	0.021515	0.0082	0.00775	0.018825	0.02708	0.004868	0.016057	0.017255	
0.012496	0.024397	0.010103	0.004641	0.021542	0.027105	0.019814	0.022745	0.03798	0.025668	0.006473	0.009299	0.029856	0.005448	0.021727	0.004681	0.035851	0.032047	0.038721	0.004682	0.000275	0.004963	0.023545	0.003853	0.035839	0.017082	0.013098	0.03004	0.003797	0.031743	0.005903	0.02615	0.021228	0.025546	0.025303	0.027864	0.01336	0.043422	0.042245	0.011145	0.022708	0.010807	0.024217	0.040515	0.02537	0.008494	0.025305	0.03433	0.002862	0.003715	
0.007081	0.014722	0.036418	0.005543	0.031866	0.008696	0.036283	0.010122	0.018889	0.033665	0.00545	0.010223	0.018475	0.030702	0.036914	0.022721	0.014662	0.032924	0.00525	0.014079	0.030767	0.026814	0.000588	0.003818	0.017967	0.031937	0.00607	0.004635	0.023356	0.018523	0.005156	0.02752	0.011263	0.033408	0.033631	0.018139	0.025294	0.022572	0.021923	0.021871	0.035894	0.012361	0.036732	0.008081	0.001972	0.025953	0.028508	0.024447	0.028573	0.017542	
0.034808	0.015249	0.035775	0.031309	0.028452	0.032649	0.011545	0.008221	0.001738	0.008905	0.035096	0.002975	0.005553	0.001099	0.007542	0.009024	0.039627	0.037444	0.004602	0.004278	0.020481	0.04014	0.031534	0.015577	0.039226	0.029695	0.011979	0.035701	0.016203	0.009392	0.006452	0.007149	0.009701	0.005603	0.029102	0.017536	0.012384	0.010891	0.02129	0.018927	0.013516	0.031294	0.032414	0.031406	0.025942	0.017071	0.03377	0.016279	0.023545	0.029909	
0.034373	0.030098	0.012815	0.005564	0.001438	0.031399	0.023433	0.029998	0.029295	0.030742	0.02517	0.019152	0.015032	0.01238	0.022629	0.023175	0.006942	0.033893	0.013607	0.014124	0.003139	0.031951	0.015216	0.029799	0.01055	0.004338	0.0338	0.034317	0.004949	0.014583	0.007492	0.025697	0.009816	0.034308	0.027989	0.034549	0.026834	0.034103	0.024011	0.011851	0.005734	0.00046	0.007525	0.030044	0.018178	0.004782	0.031785	0.024062	0.028364	0.014515	
0.031814	0.020387	0.006144	0.024256	0.023142	0.028293	0.020091	0.021234	0.032206	0.039628	0.032099	0.034809	0.012783	8e-05	0.034494	0.018638	0.003694	0.009806	0.020288	0.003589	0.017225	0.013017	0.021397	0.035055	0.018414	0.009248	0.034512	0.0296	0.014059	0.038777	0.000437	0.023027	0.007304	0.033103	0.021649	0.008467	0.002204	0.015973	0.008744	0.015579	0.037715	0.001515	0.030698	0.025251	0.015109	0.03064	0.002969	0.005976	0.032448	0.032413	
0.005348	0.033032	0.035689	0.00506	0.030932	0.008669	0.034396	0.008731	0.030901	0.000771	0.01475	0.032538	0.038147	0.013304	0.008566	0.038266	0.014424	0.002695	0.000836	0.013038	0.018494	0.033061	0.021102	0.017453	0.027616	0.003283	0.039712	0.024704	0.016294	0.014906	0.037612	0.013313	0.009684	0.031086	0.02935	0.005004	0.027507	0.029048	0.029508	0.005693	0.019951	0.003971	0.010524	0.003305	0.031555	0.033454	0.00666	0.035284	0.017516	0.033257	
0.001883	0.010044	0.012455	0.028806	0.034387	0.017869	0.030571	0.031422	0.006748	0.014176	0.003221	0.037486	0.038971	0.006337	0.029693	0.014392	0.020885	0.038774	0.024996	0.015959	0.011104	0.019592	0.007592	0.001375	0.038877	0.016068	0.033532	0.021658	0.008481	0.006927	0.018017	0.035483	0.008723	0.017662	0.013596	0.022589	0.015425	0.006734	0.025307	0.020936	0.025624	0.00148	0.039051	0.011159	0.019529	0.025176	0.032439	0.006817	0.031191	0.038781	
0.027162	0.017136	0.005374	0.032316	0.029453	0.014013	0.03259	0.007956	0.025838	0.008659	0.019944	0.036833	0.019033	0.01907	0.002136	0.02669	0.036952	0.035849	0.001551	0.038944	0.019412	0.010958	0.036078	0.010105	0.022772	0.013563	0.011952	0.024997	0.00779	0.00253	0.030755	0.028699	0.002509	0.027613	0.030739	0.006284	0.024085	0.010436	0.009703	0.017139	0.027785	0.013043	0.029575	0.034684	0.005712	0.035217	0.035821	0.0248	3e-05	0.007715	
0.018683	0.008838	0.041054	0.012331	0.038606	0.015645	0.019025	0.04016	0.036195	0.038214	0.022298	0.012222	0.015832	0.000411	0.012863	0.035846	0.021776	0.027947	0.001303	0.021137	0.002228	0.010635	0.041844	0.025518	0.043352	0.008993	0.002586	0.009014	0.012627	0.021764	0.000747	0.016263	0.024034	0.042596	0.030719	0.013773	0.008118	0.004263	0.013205	0.024194	0.027381	0.003918	0.012564	0.011895	0.02614	0.028369	0.030319	0.030076	0.031328	0.001151	
0.024371	0.025241	0.008763	0.018952	0.002932	0.004871	0.003849	0.035693	0.028817	0.031443	0.009452	0.014232	0.020212	0.016753	0.031425	0.01757	0.033958	0.014384	0.026279	0.009241	0.006299	0.023407	0.019088	0.039172	0.008094	0.030454	0.012247	0.020407	0.024755	0.02456	0.015104	0.015222	0.022362	0.022868	0.021816	0.028427	0.031677	0.018171	0.00688	0.015181	0.013782	0.010667	0.020057	0.033579	0.010405	0.026387	0.023769	0.028026	0.027535	0.021164	
0.005544	0.001079	0.010507	0.024925	0.015332	0.002889	0.031764	0.019882	0.008351	0.00383	0.021848	0.036724	0.036378	0.020646	0.002668	0.031369	0.023207	0.021621	0.015567	0.021304	0.014641	0.005461	0.029824	0.028621	0.025286	0.035181	0.025008	0.020273	0.029321	0.003212	0.029875	0.020272	0.026593	0.020893	0.037306	0.002842	0.021338	0.007859	0.008917	0.024621	0.025515	0.002456	0.036778	0.019765	0.02525	0.024105	0.027572	0.028719	0.012877	0.024184	
0.022159	0.024502	0.041032	0.013026	0.028397	0.028384	0.015748	0.015959	0.024008	0.017856	0.012477	0.019328	0.010332	0.022337	0.004197	0.007833	0.010462	0.019684	0.006135	0.012358	0.039668	0.032757	0.033476	0.012886	0.02102	0.03974	0.006995	0.018811	0.013834	0.037626	0.015449	0.030869	0.014824	0.032288	0.038766	0.011892	0.018764	0.009068	0.035676	0.003729	0.029805	0.007772	0.032649	0.015005	0.038341	0.023274	0.012813	0.004375	0.000787	0.010827	
0.031489	0.02458	0.031478	0.004665	0.020729	0.015192	0.018319	0.000907	0.020913	0.019715	0.022923	0.017727	0.004723	0.001876	0.022684	0.034729	0.027872	4e-06	0.019059	0.017719	0.000456	0.03995	0.022809	0.036097	0.012299	0.012218	0.023482	0.03577	0.019948	0.002086	0.023699	0.019685	0.041676	0.036587	0.020757	0.014939	0.015009	0.040023	0.005268	0.006182	0.00439	0.009668	0.033674	0.031817	0.003668	0.010227	0.035462	0.038214	0.027382	0.019255	
0.001132	0.021551	0.013931	0.029531	0.035787	0.000935	0.016722	0.017866	0.021479	0.030787	0.035907	0.026415	0.003945	0.008781	0.030608	0.003859	0.01056	0.017341	0.001908	0.023828	0.000372	0.02728	0.0323	0.004063	0.006098	0.034086	0.01412	0.029467	0.016008	0.015791	0.033849	0.021214	0.0302	0.035277	0.011693	0.015558	0.006334	0.016683	0.027973	0.019074	0.0234	0.03435	0.027026	0.039404	0.032033	0.005045	0.021534	0.007253	0.029831	0.029811	
0.020743	0.011314	0.036515	0.039921	0.027701	0.030304	0.023646	0.005874	0.020813	0.01721	0.009164	0.004069	0.024632	0.031382	0.031686	0.038429	0.026307	0.006007	0.029791	0.038272	0.012137	0.018355	0.01445	0.037801	0.016224	0.014418	0.008836	0.012693	0.00628	0.00597	0.021141	0.033913	0.003699	0.015507	0.019645	0.025798	0.019398	8.8e-05	0.036846	0.039966	0.016937	0.013094	0.0106	0.027188	0.018509	0.027088	0.016713	0.003218	0.006376	0.023332	
0.043994	0.006225	0.044945	0.028933	0.011557	0.003731	0.007472	0.000452	0.009553	0.031658	0.009518	0.014983	0.014821	0.02147	0.028777	0.005524	0.023934	0.020228	0.023754	0.026486	0.003492	0.015307	0.021114	0.009869	0.023973	0.016375	0.04195	0.034717	0.037642	0.006663	0.011196	0.043878	0.025703	0.015572	0.0104	0.020195	0.017969	0.014158	0.002194	0.043123	0.022105	0.026593	0.038232	0.001928	0.038555	0.017318	0.006124	0.019969	0.012028	0.023643	
0.011888	0.007485	0.008145	0.039639	0.009705	0.038125	0.035496	0.008384	0.039624	0.01389	0.010558	0.014064	0.008121	0.005446	0.013368	0.006607	0.019325	0.027368	0.021959	0.002239	0.007868	0.037583	0.032465	0.021534	0.00912	0.033226	0.014071	0.027827	0.010419	0.028632	0.02549	0.000125	0.008747	0.025544	0.028808	0.024441	0.015289	0.012159	0.023713	0.036206	0.01054	0.038053	0.011214	0.017803	0.034252	0.021059	0.014821	0.019642	0.037267	0.030646	
0.007116	0.020672	0.020997	0.039035	0.006585	0.021504	0.031049	0.041136	0.017576	0.018027	0.005529	0.007501	0.012416	0.027724	0.001806	0.018469	0.005497	3e-05	0.008552	0.037158	0.008605	0.01522	0.036252	0.024385	0.034489	0.029063	0.004707	0.022721	0.026844	0.036033	0.000327	0.031912	0.020302	0.033781	0.039346	0.001335	0.007373	0.001706	0.025431	0.016253	0.031184	0.029745	0.004803	0.031386	0.037689	0.016198	0.010718	0.033273	0.007072	0.033468	
0.033085	0.007487	0.008908	0.019256	0.020198	0.017455	0.019999	0.023857	0.014611	0.007718	0.01734	0.033758	0.03291	0.031468	0.028801	0.019506	0.029819	0.011247	0.009876	0.019054	0.028627	0.011369	0.027953	0.020881	0.011404	0.010964	0.021897	0.010274	0.031577	0.004485	0.026207	0.033419	0.020595	0.01146	0.01342	0.024991	0.012637	0.032532	0.008247	0.027085	0.027672	0.019736	0.032899	0.022641	0.009836	0.005157	0.034612	0.014956	0.017602	0.018512	
0.008135	0.001588	0.002631	0.031896	0.012546	0.026503	0.023594	0.029057	0.043226	0.016937	0.024328	0.001139	0.032073	0.021045	0.033815	0.003138	0.02823	0.03458	0.037607	0.020253	0.008835	0.041836	0.014987	0.01861	0.013085	0.00598	0.004445	0.003855	0.033223	0.019227	0.003668	0.020601	0.034722	0.022282	0.021796	0.030315	0.026507	0.035399	0.010885	0.007488	0.021156	0.039069	0.002144	0.027087	0.008843	0.022292	0.044516	0.003664	0.003992	0.01717	
0.037432	0.010415	0.019633	0.032746	0.015302	0.008677	0.007058	0.015744	0.017274	0.012327	0.039973	0.012162	0.034969	0.025179	0.018908	0.031737	0.020139	0.033011	0.029636	0.008804	0.01954	0.01462	0.019814	0.004922	0.03522	0.020846	0.025907	0.004365	0.005531	0.037556	0.036838	0.022323	0.030365	0.002149	0.005376	0.009124	0.026369	0.030586	0.026673	0.017017	0.003103	0.039054	0.02083	0.029979	0.002641	0.003035	0.004216	0.027786	0.014704	0.028385	
0.037784	0.002851	0.01392	0.027977	0.005546	0.027603	0.037174	0.031247	0.020788	0.006521	0.01463	0.000162	0.026234	0.034576	0.022415	0.029884	0.038045	0.026582	0.009825	0.019729	0.036489	0.011282	0.02781	0.025112	0.017351	0.025331	0.015438	0.000595	0.018217	0.005955	0.000457	0.039798	0.016333	0.030515	0.033025	0.033428	0.013919	0.00254	0.001306	0.019031	0.005244	0.000473	0.022971	0.034897	0.037588	0.016945	0.012826	0.020332	0.036095	0.005204	
0.02377	0.01609	0.019114	0.006916	0.02535	0.012982	0.005094	0.00292	0.030033	0.017373	0.022239	0.024291	0.011275	0.005847	0.040268	0.03481	0.018782	0.0038	0.03928	0.026863	0.01611	0.033743	0.011433	0.029183	0.030921	0.012586	0.025021	0.006863	0.015935	0.026009	0.037313	0.03571	0.006145	0.006402	0.037642	0.017192	0.021875	0.010422	0.017812	0.011974	0.016484	0.02991	0.027039	0.032065	0.028999	0.020239	0.000538	0.003257	0.037888	0.006193	
0.020824	0.043014	0.006182	0.031333	0.022431	0.033621	0.001458	0.008546	0.032253	0.025383	0.014471	0.039088	0.042966	0.009898	0.017584	0.032007	0.013948	0.043348	0.032263	0.004353	0.030487	0.022869	0.023677	0.015699	0.039978	0.003697	0.015725	0.017314	0.004001	0.00237	0.000642	0.005931	0.023474	0.013164	0.034771	0.025237	0.020875	0.022386	0.005359	0.038249	0.007205	0.013602	0.033985	0.005232	0.036506	0.008209	0.014639	0.000336	0.005332	0.034078	
0.015537	0.037269	0.03047	0.006082	0.001481	0.022888	0.022479	0.032013	0.038086	0.010881	0.013132	0.010447	0.025441	0.033811	0.022452	0.026668	0.026116	0.033382	0.033484	0.008988	0.038058	0.014136	0.005238	0.004581	0.012468	0.036592	0.038133	0.004707	0.012962	0.032001	0.002179	0.022488	0.000327	0.033063	0.02596	0.009768	0.029618	0.010744	0.034871	0.023735	0.000848	0.009981	0.027987	0.034449	0.019816	0.014112	0.00656	0.022951	0.010472	0.010088	
0.018966	0.031822	0.023921	0.023318	0.03319	0.031649	0.017293	0.019322	0.025604	0.031374	0.022139	0.018103	0.008538	0.003716	0.01951	0.019903	0.029116	0.014686	0.022339	0.031187	0.026496	0.03395	0.009073	0.007652	0.024835	0.018815	0.033088	0.030755	0.021374	0.027958	0.024041	0.006324	0.003696	0.021407	0.023667	0.031348	0.01196	0.023761	0.002713	0.009702	0.004751	0.009322	0.009478	0.02984	0.02847	0.026731	0.009725	0.005734	0.014822	0.022816	
0.014179	0.039722	0.02023	0.001205	0.004662	0.002155	0.001964	0.01606	0.038345	0.004487	0.029572	0.039195	0.028708	0.024901	0.032722	0.016927	0.029899	0.024399	0.004304	0.02093	0.034076	0.033345	0.011147	0.006614	0.000399	0.002657	0.029232	0.013819	0.029983	0.011022	0.028379	0.00286	0.010452	0.016244	0.012618	0.019295	0.005892	0.024057	0.035108	0.034627	0.038422	0.025638	0.02078	0.027935	0.006412	0.011126	0.030683	0.037568	0.034564	0.01048	
0.026411	0.009556	0.024889	0.018584	0.022144	0.013222	0.005335	0.008626	0.016443	0.025894	0.028704	0.023575	0.021933	0.037683	0.003777	0.021469	0.018017	0.012802	0.019497	0.003546	0.037411	0.036041	0.008831	0.017183	0.016573	0.031586	0.005055	0.020257	0.031198	0.006994	0.032121	0.035139	0.032319	0.00907	0.020449	0.020865	0.002016	0.010259	0.020889	0.035969	0.034696	0.001347	0.036614	0.005455	0.001616	0.021297	0.019823	0.03977	0.026329	0.020721	
0.036299	0.033802	0.028582	0.03727	0.00161	1.7e-05	0.004467	0.000371	0.033355	0.033922	0.011349	0.036244	0.014132	0.005235	0.009512	0.017952	0.020066	0.025794	0.020027	0.02269	0.024758	0.032079	0.031839	0.037671	0.014409	0.035394	0.016157	0.02803	0.026714	0.036288	0.030425	0.005591	0.002056	0.000657	0.025276	0.01906	0.016401	0.020507	0.007145	0.033431	0.011007	0.008073	0.020953	0.032914	0.009104	0.012321	0.034687	0.022587	0.000753	0.011017	
0.028722	0.030536	0.021551	2.6e-05	0.023394	0.002193	0.02821	0.018733	0.013595	0.029652	0.023375	0.003357	0.023001	0.015626	0.028042	0.025685	0.022882	0.027515	0.003323	0.004332	0.03211	0.032163	0.028938	0.033511	0.000164	0.011402	0.032343	0.028813	0.030112	0.021883	0.009211	0.009299	0.013086	0.026744	0.002001	0.03328	0.013807	0.020753	0.000683	0.034033	0.032999	0.007076	0.030609	0.021335	0.032326	0.004322	0.022078	0.034011	0.00565	0.021508	
0.015227	0.021042	0.007084	0.011441	0.030727	0.027936	0.004967	0.002816	0.019347	0.02609	5.1e-05	0.026261	0.030164	0.020843	0.037171	0.016722	0.005763	0.031556	0.002625	0.00839	0.008224	0.02324	0.021213	0.011708	0.001685	0.028475	0.043163	0.014357	0.032633	0.010304	0.040885	0.036958	0.036748	0.041511	0.028361	0.016136	0.032188	0.016066	0.011623	0.029526	0.033693	0.023987	0.003682	0.031445	0.018227	0.01006	0.012962	0.002632	0.015488	0.016597	
0.021708	0.000972	0.018786	0.03249	0.018675	0.008309	0.00724	0.007288	0.008997	0.029793	0.035547	0.025877	0.032533	0.0147	0.033315	0.036686	0.032629	0.003329	0.03014	0.025043	0.003511	0.019855	0.019397	0.03228	0.021152	0.011416	0.017504	0.018308	0.032908	0.026303	0.007749	0.023959	8.3e-05	0.000167	0.032475	0.029434	0.026111	0.00418	0.028397	0.019599	0.019725	0.01215	0.025436	0.029656	0.006725	0.013655	0.024999	0.032838	0.014366	0.021605	
0.016821	0.03687	0.035032	0.001701	0.018603	0.032576	0.020997	0.032906	0.007225	0.002531	0.023523	0.023676	0.021352	0.016071	0.012835	0.03637	0.019928	0.034032	0.00308	0.006268	0.027839	0.040247	0.014437	0.004789	0.03332	0.011537	0.001878	0.005709	0.021607	0.01838	0.013136	0.003448	0.009976	0.001405	0.021618	0.033398	0.037313	0.028883	0.039955	0.039538	0.014056	0.021288	0.000486	0.035825	0.002745	0.02515	0.027646	0.01494	0.008084	0.03897	
0.040728	0.040092	0.023169	0.019459	0.014154	0.009936	0.029725	0.00335	0.013853	0.011604	0.017597	0.009044	0.039079	0.01594	0.026954	0.030404	0.032391	0.008018	0.011997	0.014996	0.022917	0.0264	0.019457	0.031312	0.003391	0.035569	0.00024	0.032269	0.028849	0.014572	0.018751	0.007187	0.008734	0.033361	0.038275	0.021348	0.003883	0.007689	0.006667	0.017437	0.028889	0.024985	0.030034	0.005147	0.04098	0.024048	0.009006	0.020036	0.000816	0.025261	
0.027145	0.032013	0.019258	0.029814	0.012564	0.020461	0.019684	0.004668	0.002558	0.031577	0.007893	0.012081	0.013248	0.028858	0.012236	0.026774	0.023374	0.017285	0.033196	0.002998	0.025936	0.028233	0.033678	0.014887	0.015495	0.023237	0.01257	0.005732	0.019083	0.013224	0.020079	0.012047	0.01276	0.026478	0.028259	0.012681	0.032931	0.030066	0.000485	0.016044	0.020273	0.023439	0.026383	0.030467	0.027572	0.033696	0.020627	0.033214	0.006013	0.016726	
0.034171	0.005163	0.037903	0.034497	0.005115	0.014722	0.00147	0.013412	0.033432	0.038191	0.019354	0.005177	0.001477	0.025704	0.034175	0.034213	0.033549	0.007501	0.022714	0.013177	0.006187	0.034619	0.038486	0.005611	0.029977	0.018326	0.024732	0.02188	0.014579	0.002275	0.021971	0.024901	0.037666	0.024195	0.007298	0.031423	0.010422	0.037927	0.016144	0.007595	0.00702	0.013077	0.017636	0.007408	0.025005	0.029714	0.008869	0.030256	0.005775	0.023909	
0.036014	0.028175	0.008686	0.022429	0.001441	0.011373	0.036673	0.028432	0.021579	0.000737	0.034891	0.009684	0.024339	0.022914	0.022089	0.001543	0.005617	0.018312	0.035543	0.035761	0.032897	0.003085	0.032609	0.008448	0.013673	0.002086	0.022184	0.024835	0.024179	0.029763	0.02508	0.003137	0.009356	0.026186	0.015931	0.029581	0.022975	0.00952	0.033575	0.030124	0.017195	0.029668	0.032615	0.025678	0.002311	0.010238	0.011359	0.023071	0.028643	0.013766	
0.011974	0.00715	0.016903	0.012495	0.009418	0.013033	0.025094	0.006651	0.00318	0.005962	0.005257	0.031275	0.013324	0.002442	0.024396	0.00776	0.026696	0.01727	0.04306	0.026945	0.012862	0.001692	0.001709	0.024278	0.005027	0.00144	0.031942	0.021565	0.027655	0.035003	0.017223	0.005374	0.035472	0.038814	0.043252	0.02585	0.037281	0.042957	0.004615	0.032262	0.015435	0.041132	0.003725	0.038815	0.021046	0.04111	0.008164	0.045517	0.02099	0.007508	
0.028451	0.039428	0.036541	0.035317	0.015031	0.013265	0.03321	0.013733	0.007693	0.033509	0.036864	0.028801	0.001901	0.022421	0.0237	0.023427	0.032581	0.017629	0.03274	0.019385	0.01993	0.012748	0.017262	0.036828	0.024277	0.039416	0.032286	0.01679	0.020133	0.02466	0.002735	0.011999	0.023025	0.033369	0.003859	0.014958	0.010557	0.009591	0.032546	0.025136	0.004224	0.017906	0.010941	0.014127	0.001058	0.001037	0.011254	0.006214	0.007832	0.017675	
0.02821	0.033474	0.029283	0.004457	0.006157	0.02979	0.008542	0.011119	0.033238	0.026529	0.01941	0.018729	0.003748	0.0274	0.032143	0.002413	0.009922	0.010551	0.019289	0.00593	0.031556	0.022434	0.030172	0.033903	0.026199	0.02649	0.030664	0.014323	0.019694	0.00413	0.03252	0.020612	0.010839	0.034041	0.019607	0.020891	0.00037	0.010944	0.029976	0.03379	0.024993	0.011106	0.012351	0.015963	0.028342	0.024406	0.023317	0.029171	0.003682	0.01318	
0.032895	0.022362	0.004488	0.013287	0.016621	0.014324	0.021984	0.010539	0.033406	0.007128	0.016255	0.00596	0.02791	0.026118	0.013647	0.02713	0.026568	0.019528	0.001647	0.018867	0.004357	0.009868	0.023346	0.029684	0.009739	0.031128	0.031665	0.019061	0.017997	0.035329	0.025235	0.035321	0.026157	0.014601	0.020473	0.014209	0.024885	0.027671	0.018135	0.004145	0.033405	0.006617	0.012619	0.005276	0.005154	0.032334	0.035886	0.036302	0.03796	0.010777	
0.01761	0.020708	0.032909	0.00571	0.001996	0.03619	0.033786	0.022585	0.006406	0.020551	0.009835	0.010826	0.020408	0.02678	0.032765	0.013216	0.007318	0.026097	0.003399	0.017567	0.008688	0.021839	0.02975	0.020246	0.018733	0.023192	0.005171	0.034961	0.021016	0.018921	0.036185	0.03455	0.023412	0.015221	0.013277	0.014634	0.012679	0.028424	0.029715	0.028538	0.027905	0.00869	0.021062	0.019696	0.015375	0.020639	0.030644	0.036137	0.007488	0.00655	
0.040286	0.004549	0.00692	0.037258	0.035888	0.011416	0.014862	0.034673	0.016416	0.021927	0.037449	0.001857	0.001416	0.002742	0.040047	0.040861	0.03678	0.017737	0.005692	0.02543	0.022863	0.015115	0.029633	0.023384	0.014302	0.030347	0.006261	0.023391	0.024983	0.01589	0.040926	0.010184	0.02389	0.024282	0.009604	0.024499	0.000399	0.007466	0.014237	0.018864	0.035483	0.004332	0.006777	0.026574	0.017514	0.014851	0.028114	0.013952	0.03091	0.006767	
0.011139	0.023312	0.020211	0.021767	0.038027	0.02878	0.035842	0.010761	0.023794	0.023428	0.017391	0.035279	0.02184	0.028239	0.007494	0.009871	0.002273	0.01511	0.033046	0.022085	0.016959	0.035338	0.005669	0.022296	0.035189	0.022044	0.022066	0.017777	0.013959	0.01285	0.002874	0.026953	0.006077	0.020331	0.032789	0.002044	0.03321	0.035734	0.028136	0.030747	0.018785	0.00047	0.002607	0.010668	0.003786	0.02654	0.007263	0.008267	0.037551	0.031332	
0.001831	0.017622	0.01159	0.020457	0.020639	0.023631	0.002375	0.004534	0.002637	0.011731	0.01218	0.015116	0.021166	0.019297	0.038268	0.036132	0.027335	0.022916	0.02878	0.006725	0.033772	0.033925	0.015215	0.018084	0.002476	0.038079	0.032815	0.019371	0.011747	0.023747	0.03119	0.040961	0.005489	0.036405	0.004089	0.034792	0.011842	0.019293	0.017442	0.030026	0.041757	0.004047	0.026102	0.006228	0.024685	0.018591	0.01052	0.002131	0.020046	0.040171	
0.034434	0.016002	0.017412	0.004949	0.040181	0.037549	0.011028	0.01689	0.040435	0.005764	0.023951	0.0051	0.024837	0.033212	0.009684	0.008153	0.022984	0.037566	0.003665	0.033232	0.027908	0.037302	0.031173	0.027701	0.024283	0.000354	0.002743	0.033664	0.007042	0.01781	0.012862	0.017885	0.035908	0.010608	0.005124	0.029628	0.010954	0.019753	0.004135	0.028889	0.020006	0.025527	0.009553	0.023474	0.035463	0.011326	0.014116	0.022321	0.025036	0.000424	
0.019904	0.006708	0.04299	0.026317	0.024283	0.032636	0.007001	0.027429	0.007016	0.011201	0.003861	0.002191	0.003824	0.015718	0.023719	0.008534	0.003307	0.006657	0.003369	0.038215	0.025008	0.031729	0.005681	0.020429	0.015373	0.006477	0.034921	0.033387	0.040451	0.022039	0.029132	0.030501	0.029032	0.040609	0.026816	0.014472	0.041677	0.006092	0.02127	0.029442	0.020227	0.005161	0.005628	0.015404	0.037765	0.03104	0.010466	0.032356	0.00354	0.018995	
0.000211	0.001785	0.00278	0.029889	0.011778	0.002299	0.027474	0.040621	0.009568	0.038224	0.035509	0.030444	0.037366	0.013128	0.002335	0.007158	0.006525	0.013273	0.020744	0.00676	0.004309	0.0401	0.020591	0.002298	0.018913	0.036391	0.029747	0.021323	0.04011	0.021091	0.014372	0.006419	0.037455	8e-06	0.012746	0.022012	0.020668	0.02847	0.002045	0.026497	0.027905	0.011133	0.017213	0.040428	0.037778	0.024735	0.036667	0.03863	0.003487	0.018588	
0.021218	0.036116	0.008528	0.004808	0.02417	0.020355	0.033228	0.012261	0.018749	0.000598	0.030321	0.032574	0.003147	0.010556	0.03074	0.019894	0.036634	0.020538	0.006478	0.032965	0.021085	0.019646	0.014258	0.029734	0.005589	0.028048	0.03299	0.005482	0.002843	0.024585	0.001473	0.029046	0.030751	0.012663	0.008465	0.022342	0.022307	0.036762	0.016842	0.009674	0.016315	0.010634	0.026105	0.035666	0.026372	0.030393	0.02648	0.019552	0.005962	0.024058	
0.018061	0.035066	0.023587	0.007628	0.019659	0.038429	0.025033	0.025947	0.017307	0.037406	0.024471	0.002518	0.022897	0.02374	0.024871	0.024919	0.03841	0.004677	0.009955	0.032856	0.029896	0.00033	0.025294	0.017224	0.019091	0.02052	0.031698	0.036425	0.005308	9.4e-05	0.014952	0.016108	0.003112	0.019846	0.033547	0.004191	0.005348	0.024504	0.026604	0.01258	0.028685	0.003111	0.023898	0.01585	0.011575	0.012412	0.018372	0.02002	0.026639	0.035329	
0.004624	0.006342	0.031246	0.008326	0.03349	0.007608	0.029789	0.006965	0.021105	0.02472	0.021342	0.027177	0.018634	0.00163	0.037444	0.012424	0.021089	0.037061	0.005957	0.000354	0.033319	0.024378	0.035334	0.036165	0.034828	0.011544	0.018822	0.009005	0.019525	0.036838	0.017671	0.010829	0.022473	0.025654	0.024864	0.029971	0.03544	0.008432	0.015695	0.022159	0.014778	0.015956	0.003534	0.03366	0.012634	0.019741	0.031833	0.013137	0.016662	0.007792	
0.014981	0.027634	0.014557	0.002827	0.009081	0.017072	0.001891	0.008626	0.024537	0.034583	0.010675	0.038268	0.011486	0.034382	0.03568	0.040467	0.003401	0.01417	0.005402	0.035409	0.041026	0.021836	0.000664	0.020971	0.019319	0.023678	0.037224	0.018109	0.026505	0.009519	0.042411	0.012093	0.01201	0.003403	0.00967	0.012729	0.03968	0.033859	0.00224	0.032195	0.006587	0.034399	0.031743	0.030323	0.002204	0.011951	0.000875	0.039997	0.008184	0.029467	
0.020063	0.028608	0.016455	0.035264	0.007158	0.010629	0.027299	0.025516	0.011892	0.004396	0.016597	0.022201	0.03567	0.007097	0.036862	0.016299	0.021194	0.019321	0.026344	0.005889	0.032373	0.035819	0.006716	0.011229	0.001131	0.034697	0.021095	0.011185	0.032475	0.030823	0.02327	0.018404	0.010072	0.004948	0.032887	0.035169	0.02642	0.003787	0.008537	0.028329	0.002065	0.023427	0.031115	0.027116	0.028128	0.029387	0.00974	0.008768	0.031167	0.004967	
0.014708	0.012121	0.009206	0.012376	0.026229	0.010168	0.020632	0.010297	0.011061	0.008366	0.009532	0.013136	0.031403	0.015721	0.040573	0.005003	0.02454	0.040107	0.036955	0.004515	0.038945	0.029162	0.031875	0.023788	0.03921	0.009164	0.016087	0.003778	0.006603	0.014565	0.028961	0.013258	0.01079	0.021838	0.003217	0.024994	0.016729	0.036337	0.033926	0.007276	0.007273	0.028463	0.003147	0.03161	0.022026	0.038853	0.003218	0.038943	0.020708	0.038607	
0.01295	0.029193	0.034008	0.024112	0.016452	0.031029	0.001677	0.016684	0.025262	0.032097	0.023747	0.021814	0.0199	0.038895	0.015713	0.001867	0.025938	0.023223	0.025722	0.012871	0.032945	0.038909	0.01039	0.019283	0.015805	0.00547	0.016241	0.014669	0.01031	0.002411	0.019925	0.02181	0.021425	0.000643	0.012704	0.008978	0.012214	0.026535	0.040799	0.024729	0.014149	0.026946	0.005409	0.032165	0.033933	0.028595	0.010372	0.024949	0.009585	0.024548	
0.013168	0.023503	0.030493	0.033212	0.029921	0.000532	0.023802	0.005879	0.022065	0.031373	0.004281	0.029107	0.012736	0.013974	0.03171	0.010165	0.02003	0.023078	0.022801	0.008071	0.000191	0.029075	0.015011	0.026028	0.0287	0.009404	0.029918	0.034647	0.031098	0.026035	0.033172	0.003105	0.035032	0.002534	0.015445	0.021993	0.012297	0.01358	0.023346	0.030027	0.019419	0.01768	0.026242	0.030239	0.0022	0.030624	0.012934	0.013104	0.027853	0.009166	
0.004374	0.03558	0.019556	0.007629	0.015623	0.03728	0.000883	0.013447	0.032661	0.032842	0.017698	0.020754	0.023921	0.029153	0.010981	0.002365	0.006399	0.009915	0.01752	0.028974	0.031094	0.000421	0.002257	0.029688	0.014246	0.013578	0.034151	0.01479	0.026359	0.001116	0.021223	0.029857	0.0153	0.0125	0.027709	0.002002	0.006308	0.02353	0.019759	0.037841	0.005561	0.035275	0.029154	0.035727	0.030443	0.026124	0.035056	0.027242	0.018284	0.02585	
0.018913	0.016924	0.026454	0.000372	0.019105	0.038736	0.029564	0.034683	0.027059	0.030887	0.036458	0.011108	0.032892	0.012489	0.040562	0.02	0.025859	0.030981	0.014598	0.011464	0.02403	0.001509	0.017223	0.008443	0.011055	0.024515	0.024701	0.025746	0.01397	0.003206	0.028639	0.033645	0.018015	0.007109	0.023943	0.010307	0.001245	0.001773	0.035014	0.012659	0.026004	0.010958	0.004402	0.024847	0.041311	0.021966	0.028328	0.007574	0.006326	0.022429	
0.026949	0.018307	0.028731	0.02314	0.002902	0.016785	0.031065	0.007473	0.034935	0.029661	0.007693	0.010261	0.031192	0.006034	0.024788	0.030326	0.008204	0.022908	0.01118	0.036916	0.026682	0.010957	0.027939	0.020444	0.005251	0.021805	0.005645	0.035864	0.011049	0.00275	0.032087	0.037976	0.024916	0.036298	0.023814	0.025781	0.00745	0.014205	0.037661	0.005236	0.000854	0.032479	0.016798	0.016475	0.021103	0.017674	0.030172	0.00501	0.022085	0.01409	
0.027912	0.008128	0.015672	0.029052	0.032786	0.013853	0.013	0.013065	0.016002	0.035185	0.004125	0.025598	0.008099	0.009612	0.013168	0.011623	0.006223	0.019978	0.008966	0.000592	0.003943	0.034595	0.007136	0.02957	0.021797	0.036646	0.011022	0.03201	0.007212	0.011826	0.029823	0.007708	0.03649	0.029417	0.02769	0.036521	0.014788	0.023462	0.028854	0.0068	0.012482	0.007459	0.032024	0.031568	0.021512	0.027481	0.027366	0.031904	0.030388	0.027867	
0.019989	0.000426	0.031058	0.030539	0.028299	0.029133	0.01487	0.0097	0.012684	0.009226	0.037897	0.031202	0.018212	0.018134	0.005636	0.029151	0.007	0.018409	0.043547	0.016115	0.01327	0.026801	0.036381	0.026376	0.041919	0.023948	0.003305	0.006102	0.004538	0.013867	0.007236	0.010704	0.027642	0.010817	0.032482	0.003159	0.016975	0.031822	0.043286	0.026041	0.012148	0.038085	0.024241	0.004735	0.009236	0.029285	0.025644	0.002296	0.009022	0.02741	
0.010761	0.010297	0.007723	0.0047	1.2e-05	0.036862	0.035813	0.026479	0.012275	0.023404	0.027832	0.006455	0.010891	0.025454	0.027942	0.032135	0.01275	0.029085	0.031034	0.003799	0.012802	0.032609	0.020061	0.027173	0.020968	0.013476	0.007683	0.006018	0.017122	0.036227	0.025629	0.025381	0.029931	0.021393	0.022847	0.033951	0.032953	0.022607	0.029602	0.007199	0.0145	0.022006	0.021116	0.03322	0.031656	0.006667	0.02048	0.013463	0.00594	0.009617	
0.003771	0.020224	0.043352	0.001895	0.024231	0.024378	0.014742	0.003774	0.00466	0.032966	0.011927	0.021532	0.006717	0.005882	0.01513	0.001128	0.003892	0.018413	0.035992	0.039582	0.014097	0.043365	0.042852	0.039007	0.01453	0.027744	0.010786	0.039678	0.02858	0.017471	0.031501	0.007817	0.029516	0.020366	0.003996	0.012414	0.026281	0.007493	0.025028	0.017221	0.00441	0.028943	0.031995	0.008941	0.008099	0.031256	0.025498	0.041179	0.024976	0.000772	
0.02777	0.009703	0.025461	0.024496	0.031795	0.014032	0.005827	0.024492	0.003011	0.027338	0.037317	0.014509	0.03718	0.028834	0.037028	0.014365	0.012768	0.007958	0.028417	0.022943	0.003569	0.033213	0.005147	0.015704	0.031984	0.032166	0.037537	0.033895	0.010705	0.034469	0.032242	0.014665	0.028901	0.020444	0.009993	0.00188	0.012717	0.00967	0.014593	0.028111	0.012122	0.012779	0.019168	0.029321	0.001419	0.001488	0.008937	0.034509	0.012589	0.020819	
0.010586	0.015683	0.032935	2.8e-05	0.031329	0.021205	0.006006	0.004089	0.011551	0.020037	0.040068	0.000651	0.025061	0.02991	0.022201	0.014487	0.002693	0.013676	0.002554	0.031374	0.027447	0.014964	0.025484	0.029213	0.008678	0.010188	0.016158	0.023054	0.039359	0.037379	0.020099	0.008103	0.020658	0.00842	0.015769	0.013022	0.032559	0.028865	0.019982	0.041401	0.022254	0.015187	0.005451	0.024377	0.02277	0.012405	0.030993	0.03159	0.028986	0.029061	
0.006805	0.022607	0.014612	0.033022	0.021117	0.022174	0.025159	0.02595	0.018666	0.03043	0.007013	0.001467	0.020167	0.031295	0.025473	0.013341	0.033117	0.00213	0.022851	0.028858	0.000238	0.000845	0.02551	0.027095	0.029936	0.026739	0.034842	0.025029	0.0108	0.01693	0.016984	0.009357	0.028083	0.017676	0.021345	0.008767	0.033635	0.003786	0.031123	0.023356	0.011709	0.029797	0.021223	0.007217	0.030346	0.032193	0.006692	0.012291	0.030869	0.019333	
0.028097	0.026165	0.022724	0.024572	0.001606	0.0132	0.036954	0.004801	0.027752	0.012225	0.00729	0.028197	0.012536	0.002542	0.039757	0.028286	0.027587	0.006454	0.001061	0.031209	0.039063	0.005109	0.03594	0.02472	0.005	0.001702	0.019973	0.039512	0.039071	0.004633	0.036345	0.020065	0.021815	0.037672	0.01347	0.035664	0.027273	0.031341	0.035802	0.005208	0.003836	0.00398	0.01881	0.025125	0.008806	0.024937	0.013859	0.032909	0.005114	0.000231000000001	
0.009211	0.03006	0.010197	0.017039	0.034001	0.037328	0.035065	0.011724	0.006329	0.020573	0.029993	0.018959	0.004158	0.02348	0.008409	0.010947	0.008266	0.028518	0.027037	0.006437	0.010494	7.9e-05	0.036598	0.031375	0.006225	0.019348	0.035256	0.022598	0.007584	0.01833	0.007284	0.0312	0.03095	0.024911	0.033749	0.036225	0.029099	0.00805	0.03437	0.026314	0.033322	0.037026	0.023457	0.015234	0.005442	0.0311	0.003858	0.010866	0.003007	0.008918	
0.007411	0.030072	0.001573	0.020302	0.017848	0.016388	0.009109	0.02536	0.003739	0.035565	0.018131	0.021042	0.012031	0.034815	0.034397	0.014622	0.007091	0.038281	0.022998	0.024531	0.03742	0.029321	0.031435	0.036987	0.00657	0.020449	0.004094	0.003988	0.025811	0.018429	0.010627	0.01136	0.007229	0.015297	0.020344	0.019144	0.020918	0.008151	0.001806	0.026906	0.028837	0.021548	0.019222	0.020926	0.035869	0.007571	0.030501	0.015527	0.038266	0.030141	
0.03336	0.025772	0.007359	0.013243	0.016868	0.019865	0.011972	0.008927	0.012265	0.010227	0.032646	0.034136	0.02971	0.024419	0.017587	0.019773	0.009	0.023687	0.026548	0.025349	0.028313	0.008545	0.002348	0.007605	0.000827	0.028541	0.032079	0.033069	0.029839	0.008921	0.024485	0.011701	0.030122	0.025093	0.013254	0.029878	0.030443	0.005063	0.010313	0.015856	0.021343	0.001287	0.034034	0.000181	0.031371	0.031731	0.02034	0.022374	0.025489	0.032842	
0.021625	0.003611	0.014347	0.005347	0.028408	0.019716	0.022343	0.039506	0.022868	0.008771	0.028745	0.033863	0.031982	0.033512	0.004376	0.012875	0.009261	0.004566	0.019005	0.031895	0.022591	0.017034	0.039627	0.036052	0.010358	0.013945	0.014593	0.018291	0.030686	0.028129	0.021918	0.001769	0.011293	0.005083	0.024437	0.016664	0.009555	0.003277	0.024258	0.036426	0.028998	0.006046	0.012371	0.018615	0.037696	0.038532	0.011804	0.020293	0.035937	0.0071	
0.01108	0.021619	0.043164	0.032886	0.022521	0.021381	0.014459	0.015762	0.018813	0.041649	0.028154	0.043294	0.015592	0.036232	0.001874	0.037891	0.037678	0.008135	0.000334	0.043462	0.008142	0.020702	0.021788	0.012439	0.039336	0.033564	0.029347	0.02905	0.004691	0.019939	0.00757	0.000182	0.013274	0.041011	0.00027	0.007629	0.002628	0.034857	0.000857	0.029663	0.022749	0.009947	0.000353	0.002359	0.028455	0.007177	0.031	0.002741	0.001179	0.041121	
0.027451	0.017706	0.024247	0.004179	0.036758	0.034343	0.021042	0.03893	0.002852	0.029738	0.019543	0.009039	0.038719	0.026218	0.000459	0.014571	0.01686	0.0031	0.008059	0.03999	0.031919	0.016912	0.001019	0.012545	0.038847	0.001199	0.005563	0.017317	0.033761	0.018489	0.024728	0.000468	0.009071	0.006682	0.031405	0.019852	0.030272	0.033529	0.017289	0.014442	0.04038	0.006265	0.008264	0.006267	0.037858	0.021258	0.022167	0.020588	0.022798	0.035042	
0.033301	0.018799	0.003863	0.026833	0.029109	0.018495	0.007334	0.034006	0.03039	0.033812	0.013227	0.033254	0.011976	0.027211	0.019425	0.001141	0.001068	0.008785	0.018589	0.014445	0.028262	0.004824	0.014142	0.019055	0.032299	0.026872	0.026888	0.023657	0.026398	0.015987	0.007214	0.033932	0.033885	0.011581	0.01193	0.004336	0.029738	0.033	0.020381	0.028524	0.000509	0.019732	0.009598	0.012732	0.01903	0.022826	0.024682	0.034648	0.033126	0.005149	
0.017177	0.010485	0.027109	0.017465	0.034438	0.017696	0.022176	0.009794	0.015637	0.027972	0.004345	0.012636	0.032614	0.002581	0.000662	0.03277	0.021743	0.015627	0.02474	0.022044	0.013683	0.004805	0.017247	0.0237	0.026221	0.018165	0.016891	0.034801	0.022904	0.003124	0.027204	0.0184	0.002425	0.029075	0.035909	0.028551	0.017606	0.034737	0.030619	0.003374	0.017491	0.023758	0.028167	0.019171	0.015501	0.012952	0.030945	0.027058	0.019594	0.026211	
0.036752	0.034596	0.016988	0.033178	0.036857	0.027887	0.017844	0.036026	0.035126	0.005381	0.017263	0.031097	0.026273	0.013046	0.02488	0.028417	0.000495	0.016775	0.01312	0.019304	0.002239	0.020015	0.0104	0.000422	0.016185	0.021415	0.004195	0.005499	0.009904	0.009821	0.032423	0.005559	0.013813	0.03003	0.030129	0.015618	0.028747	0.006685	0.020032	0.032084	0.015035	0.031575	0.024159	0.025835	0.010647	0.035632	0.014824	0.036477	0.017727	0.001569	
0.038056	0.017035	0.016549	0.02716	0.008787	0.008329	0.038197	0.024837	0.020971	0.023941	0.019616	0.011415	0.015694	0.024327	0.022707	0.031584	0.007226	0.035023	0.0226	0.005518	0.00821	0.022263	0.004318	0.030434	0.022495	0.007703	0.035812	0.014423	0.008391	0.036965	0.02037	0.014196	0.041857	0.014969	0.038159	0.025873	0.016669	0.032125	0.000899	0.016706	0.009785	0.011291	0.040492	0.016516	0.029252	0.010549	0.00701	0.020257	0.018949	0.00349	
0.009541	0.000895	0.00647	0.012958	0.000984	0.028622	0.004115	0.032451	0.031906	0.003674	0.00826	0.022494	0.015993	0.010311	0.036159	0.030124	0.005121	0.02639	0.034513	0.024086	0.029028	0.032162	0.02847	0.035747	0.024716	0.0168	0.007697	0.032639	0.027987	0.0086	0.034949	0.020248	0.029631	0.008455	0.000479	0.018642	0.011888	0.022055	0.016201	0.022834	0.035994	0.021002	0.016514	0.031922	0.000461	0.028593	0.011516	0.022048	0.030321	0.027334	
0.01561	0.021172	0.036731	0.029559	0.024641	0.020748	0.011067	0.012057	0.026952	0.014963	0.005906	0.00649	0.001503	0.007324	0.025926	0.014447	0.000769	0.024533	0.009545	0.023547	0.012294	0.029807	0.001739	0.007864	0.010439	0.020294	0.027527	0.018571	0.03148	0.011004	0.038481	0.025376	0.023656	0.019636	0.041301	0.03262	0.015097	0.042454	0.012087	0.000157	0.009722	0.041247	0.01393	0.041621	0.024724	0.031527	0.035648	0.021938	0.002846	0.021423	
0.023895	0.012519	0.032952	0.035474	0.018186	0.014199	0.025099	0.035911	0.01443	0.014074	0.018615	0.017966	0.008194	0.002182	0.032882	0.021194	0.03011	0.02224	0.031341	0.020191	0.002	0.030809	0.02624	0.020906	0.033642	0.002063	0.038363	0.00047	0.032984	4.9e-05	0.003161	0.038346	0.003746	0.011152	0.019652	0.03041	0.029238	0.016224	0.010305	0.026313	0.029339	0.024278	0.012458	0.020507	0.029982	0.009155	0.031477	0.017508	0.0103	0.007269	
0.001284	0.023106	0.01308	0.00397	0.036751	0.003516	0.033756	0.012095	0.030419	0.020211	0.007437	0.002807	0.018372	0.024297	0.015386	0.03784	0.02876	0.035201	0.028246	0.02443	0.033584	0.005667	0.029364	0.032271	0.021635	0.002843	0.001436	0.021488	0.005956	0.025372	0.032466	0.00872	0.013992	0.007596	0.029644	0.004338	0.028669	0.02815	0.023129	0.010876	0.009586	0.028377	0.017654	0.016617	0.039477	0.035188	0.028484	0.036194	0.007782	0.012481	
0.027172	0.019138	0.028506	0.035777	0.027857	0.003722	0.024567	0.030102	0.031224	0.019571	0.012389	0.037943	0.017873	0.008334	0.035763	0.007862	0.001957	0.025982	0.034187	0.029547	0.032286	0.036532	0.006087	0.024157	0.003199	0.037777	0.004482	0.0136	0.002494	0.024433	0.023159	0.006284	0.01404	0.033936	0.005739	0.022626	0.016831	0.003543	0.014117	0.032247	0.001241	0.002993	0.037766	0.007818	0.031509	0.021173	0.037442	0.010464	0.006869	0.025683	
0.012054	0.012781	0.018904	0.003181	0.010028	0.014027	0.00945	0.012318	0.008502	0.013214	0.000496	0.001234	0.005853	0.035314	0.022172	0.026214	0.033652	0.018815	0.033928	5.2e-05	0.00399	0.03172	0.013309	0.020632	0.001301	0.026808	0.033917	0.03517	0.024946	0.008307	0.028571	0.021557	0.033028	0.018837	0.012042	0.01897	0.034108	0.011616	0.02041	0.032092	0.031843	0.028239	0.035321	0.028733	0.033456	0.003781	0.035447	0.015032	0.032336	0.032292	
0.025402	0.013135	0.01474	0.00159	0.02153	0.032271	0.036588	0.02609	0.017537	0.032282	0.021344	0.030109	0.024409	0.005282	0.032615	0.014651	0.001909	0.008143	0.028653	0.030673	0.026235	0.02205	0.028223	0.026456	0.024635	0.010403	0.002768	0.003557	0.024128	0.020975	0.001478	0.006704	0.010219	0.032188	0.028586	0.019889	0.028693	0.027987	0.002441	0.036264	0.021416	0.017883	0.03009	0.007944	0.033675	0.010226	0.008299	0.029855	0.020967	0.016813	
0.012772	0.005054	0.005081	0.013941	0.036676	0.040797	0.026443	0.000612	0.021442	0.000737	0.00723	0.039512	0.038531	0.033299	0.02551	0.035821	0.025526	0.03598	0.023056	0.026992	0.008842	0.020604	0.016216	0.016523	0.02684	0.020754	0.039317	0.013142	0.012639	2.2e-05	0.020353	0.020089	0.013448	0.003927	0.025342	0.029958	0.021737	0.036246	0.018457	0.00876	0.024206	0.029461	0.015694	0.007128	0.002922	0.026447	0.027453	0.014112	0.020483	0.003866	
0.025776	0.037301	0.033616	0.019141	0.027463	0.005151	0.012898	0.007559	0.013835	0.009096	0.011977	0.026491	0.015038	0.02446	0.004144	0.002715	0.02036	0.014714	0.03689	0.038986	0.024888	0.006664	0.014714	0.037022	0.014544	0.004848	0.018569	0.021728	0.033926	0.013962	0.006277	0.026762	0.005565	0.007258	0.030924	0.037315	0.022456	0.002627	0.030039	0.010941	0.032528	0.034885	0.009609	0.020333	0.02867	0.008816	0.01315	0.036797	0.025938	0.030634	
0.023242	0.00698	0.041844	0.0045	0.035916	0.009597	0.005045	0.020492	0.023237	0.015495	0.016974	0.000981	0.000944	0.033737	0.043072	0.011116	0.002218	0.025863	0.037517	0.021992	0.026453	0.003066	0.022006	0.040603	0.018284	0.036145	0.005268	0.041602	0.029006	0.024697	0.026737	0.034093	0.021709	0.033594	0.02575	0.010701	0.009605	0.001122	0.036881	0.020944	0.008233	0.006651	0.01929	0.009021	0.004919	0.019986	0.018236	0.013513	0.015979	0.035144	
0.009673	0.033097	0.039776	0.002993	0.011867	0.004512	0.008876	0.005193	0.009489	0.015106	0.032302	0.016194	0.003417	0.038119	0.038388	0.027704	0.015528	0.00567	0.040518	0.036358	0.040056	0.027927	0.001105	0.03817	0.014874	0.004538	0.015193	0.007223	0.032743	0.002374	0.034216	0.028797	0.006156	0.018629	0.032677	0.020634	0.015239	0.006953	0.033318	0.00844	0.018763	0.013003	0.001865	0.036324	0.032974	0.037001	0.011031	0.031094	0.025255	0.008648	
0.018494	0.04505	0.042824	0.006003	0.024833	0.000586	0.029528	0.002607	0.027996	0.020742	0.023031	0.014811	0.032374	0.037772	0.021414	0.008472	0.045027	0.008431	0.028339	0.044678	0.024216	0.012407	0.02677	0.013384	0.00865	0.010432	0.034641	0.003827	0.043622	0.010141	0.008159	0.001921	0.028178	0.007676	0.019455	0.006622	0.011428	0.029055	0.01215	0.015472	0.009137	0.018925	0.004787	0.007393	0.035242	0.029441	0.003394	0.003088	0.039368	0.038007	
0.018657	0.008834	0.027726	0.023775	0.030472	0.022948	0.023928	0.022033	0.017218	0.025987	0.019777	0.016288	0.032659	0.018969	0.017345	0.010251	0.007692	0.026723	0.013063	0.002252	0.002906	0.021692	0.028828	0.017728	0.032576	0.029608	0.012857	0.001044	0.013314	0.003346	0.025131	0.015032	0.013858	0.023781	0.028608	0.033432	0.033093	0.008785	0.008388	0.026935	0.023346	0.026094	0.026004	0.024185	0.014423	0.028122	0.029274	0.012755	0.027168	0.02109	
0.011099	0.025182	0.004784	0.016587	0.001144	0.03066	0.014849	0.011679	0.026429	0.009146	0.012749	0.030272	0.022965	0.006963	0.029111	0.034675	0.02661	0.027459	0.011862	0.003913	0.02518	0.011181	0.021476	0.031401	0.026931	0.027035	0.027632	0.01809	0.02121	0.013037	0.027319	0.015876	0.009185	0.012934	0.025541	0.026933	0.011927	0.02816	0.013899	0.019133	0.021899	0.021061	0.009798	0.009733	0.028228	0.029824	0.016423	0.034342	0.026025	0.030449	
0.025869	0.029816	0.012561	0.013365	0.035849	0.00562	0.008332	0.035968	0.000827	0.035096	0.024986	0.009319	0.013001	0.016273	0.030806	0.012877	0.028369	0.028974	0.019898	0.030978	0.035605	0.038666	0.016323	0.031715	0.029534	0.011046	0.003406	0.01752	0.016491	0.008287	0.03663	0.020483	0.025231	0.021954	0.025125	0.018396	0.023869	0.018735	0.005659	0.017888	0.013422	0.029769	0.038493	0.003955	0.023201	0.002917	0.005953	0.01506	0.020576	0.005307	
0.027958	0.031917	0.021728	0.024689	0.023188	0.00376	0.02495	0.002401	0.025117	0.01202	0.00478	0.02159	0.033198	0.012434	0.035751	0.029678	4.1e-05	0.013563	0.011425	0.00853	0.022176	0.036802	0.022488	0.02122	0.026437	0.024246	0.020458	0.022368	0.00699	0.008025	0.030388	0.027742	0.032238	0.001115	0.003421	0.023828	0.016773	0.018983	0.017868	0.035999	0.018108	0.021673	0.036145	0.019055	0.015441	0.015641	0.026216	0.016235	0.036617	0.006586	
0.038847	0.015971	0.038872	0.005805	0.019458	0.021629	0.016132	0.02646	0.018504	0.023656	0.03095	0.031659	0.022584	0.028638	0.032979	0.040268	0.022889	0.007279	0.003249	0.012725	0.038245	0.004493	0.012253	0.020553	0.004105	0.030544	0.025781	0.002612	0.007744	0.007313	0.029196	0.039127	0.001534	0.012602	0.000708	0.021953	0.037628	0.002805	0.001516	0.02086	0.003084	0.038506	0.022802	0.019466	0.005511	0.028194	0.030136	0.032027	0.037199	0.002949	
0.87