50
2
0.691369	0.194094	0.981037	0.732256	0.366773	0.215388	-0.195679	-0.887842	-0.665636	0.132254	-0.389653	0.178246	0.874134	0.033147	-0.977439	0.11101	-0.64784	-0.028775	-0.981185	0.97956	0.800551	0.874714	-0.154146	-0.066996	-0.684366	0.342273	-0.830153	-0.293882	-0.875661	-0.175794	0.575321	0.476642	-0.864374	0.699697	-0.660603	0.367255	0.52287	0.198395	-0.925632	-0.420583	-0.008209	0.637554	0.849772	0.911225	-0.008544	-0.253462	0.088482	-0.822676	-0.67981	-0.284464	
0.756998	-0.54678	0.498792	0.134712	-0.671139	-0.420409	0.628579	-0.746846	0.121608	0.138752	-0.655009	0.361712	-0.499404	-0.102482	-0.077834	0.50337	-0.399182	0.432332	0.028978	0.201841	-0.022288	-0.415112	-0.700336	0.606037	-0.755247	0.024291	-0.498901	-0.639137	-0.759562	0.933091	-0.245526	0.789686	0.387823	0.760407	-0.921872	-0.940746	-0.745715	-0.462365	-0.609684	-0.711492	-0.820008	0.83289	0.252232	-0.701231	0.01355	-0.537061	0.756459	0.454169	0.578632	0.059559	
0.493487	-0.33769	-0.087501	-0.535744	-0.214926	-0.201304	-0.430956	0.396582	-0.64206	-0.677039	-0.765643	-0.384612	-0.605432	0.602264	0.701501	0.858682	-0.213223	-0.309922	0.638713	-0.531777	0.463049	0.620584	-0.486235	0.820515	0.100581	-0.160099	-0.375008	-0.798519	-0.929663	-0.846955	0.647966	-0.69175	-0.546393	0.769365	-0.191138	0.461578	-0.931497	0.659035	0.951227	-0.043829	0.149648	0.79852	-0.613676	0.2858	-0.300805	-0.398074	0.408434	0.488574	-0.991004	0.225317	
0.932635	0.297019	0.360495	-0.00555	0.552358	-0.770886	-0.466628	0.198992	-0.372972	0.860842	0.346451	-0.518049	0.439982	-0.800216	0.797755	-0.595447	-0.464868	-0.381225	0.417772	0.710162	-0.544569	-0.507336	0.095889	0.098761	-0.801737	0.658382	-0.704594	-0.048151	-0.079023	-0.658828	0.277735	0.307934	0.054361	0.099269	0.286781	-0.353118	-0.486052	0.04949	-0.884006	-0.04364	0.478238	-0.066694	0.094215	0.427328	-0.76704	0.767924	-0.312833	-0.142034	-0.704107	0.249734	
-0.095744	0.566977	0.692633	0.286635	-0.415907	0.136521	-0.456116	0.655148	0.813929	0.523457	0.849436	-0.039553	-0.863839	-0.159302	0.983458	-0.932677	0.941663	0.920749	-0.823101	-0.793272	0.498828	0.084061	0.371246	0.9369	-0.366594	0.02186	0.256049	-0.9586	-0.864888	0.764751	0.8952	0.973274	0.752814	-0.836513	-0.480946	-0.540672	0.968269	0.353888	-0.454919	-0.232683	0.27427	-0.465342	-0.514857	0.503643	0.017545	0.624875	0.900822	0.757459	-0.481406	-0.252674	
0.601994	0.035152	-0.390521	0.099464	0.986816	-0.123925	-0.708272	-0.796041	-0.97322	-0.243525	0.157712	0.998304	-0.605388	-0.136382	-0.227931	0.340801	0.839329	0.472988	-0.964156	0.343336	-0.016928	0.726758	0.944874	-0.939908	0.901139	-0.828259	-0.48555	0.633485	0.803332	-0.626175	0.457084	0.453355	-0.162723	0.431926	0.730376	-0.565591	-0.342482	0.324292	0.127958	-0.673005	-0.056182	-0.846822	0.656351	0.941169	0.285639	-0.656022	-0.831766	-0.30373	0.904815	0.604769	
0.562858	0.964533	0.395232	-0.176221	0.186762	0.331875	-0.945363	-0.670168	0.408785	-0.894407	-0.572807	-0.89835	-0.203819	-0.681822	-0.049937	-0.215687	-0.990673	-0.907438	-0.176304	-0.405562	-0.521577	-0.245082	0.891178	-0.959124	-0.564325	0.416974	-0.239264	0.968847	0.363441	0.46051	-0.404392	-0.598925	0.601074	0.063881	-0.08813	-0.816413	-0.19068	0.060157	0.121042	0.98668	0.059954	0.43532	0.833287	-0.964557	-0.750981	-0.487353	0.085211	0.60623	-0.932722	0.15819	
-0.958724	0.518126	0.154364	0.356412	0.311891	0.114974	-0.120987	-0.04345	-0.85647	-0.438576	0.66605	0.014305	-0.951738	-0.860719	0.91032	0.18368	-0.818355	0.112962	-0.559335	0.263379	0.95253	0.961332	0.740391	-0.389647	0.609682	0.718974	-0.060565	-0.993809	0.572659	0.63229	0.404598	-0.551972	0.497362	0.323817	-0.026594	0.530818	-0.047599	0.312416	-0.907234	-0.080288	0.405223	-0.075554	0.059748	-0.253098	0.737525	0.133044	-0.039322	0.329804	-0.564831	-0.740551	
-0.247725	0.693488	-0.807145	-0.486243	0.89387	0.922832	0.22114	0.98497	0.348539	0.183464	-0.117161	0.508778	0.816021	-0.186441	0.612164	0.123984	0.637024	0.885401	-0.365155	0.321557	-0.156549	-0.897004	-0.640012	-0.476339	0.214988	0.217911	0.120451	0.833974	0.543673	-0.758281	0.445105	0.153761	-0.030684	0.847233	0.684894	-0.176366	0.154246	-0.706446	-0.171398	-0.845252	-0.980158	-0.737938	-0.108935	-0.289727	-0.693116	0.485323	-0.985414	0.14068	-0.319293	0.655541	
-0.396293	0.702384	0.9425	-0.910269	-0.85499	0.35537	-0.601669	0.343808	-0.933302	-0.296497	0.647724	-0.671278	-0.558107	0.661577	0.947299	-0.074873	0.668838	-0.235889	0.424857	0.723564	-0.412242	-0.637003	0.658327	-0.53527	-0.358787	-0.447408	-0.580494	-0.826191	0.515537	0.369814	0.480591	0.957455	-0.411932	0.933791	-0.758992	-0.414814	-0.45299	-0.674429	-0.776555	0.413914	0.305152	0.110591	0.517464	0.469051	0.106458	-0.718311	0.47277	0.935938	0.363727	-0.431786	
0.713361	0.188756	-0.987133	0.662392	0.135057	0.966746	-0.412475	0.806446	0.076099	-0.26682	-0.22295	0.998278	-0.540811	0.892456	0.518973	-0.454259	-0.472199	-0.348184	0.266292	0.445587	0.523569	-0.67224	-0.468092	0.907907	0.692964	0.425274	-0.406719	0.126415	-0.865886	-0.897266	-0.542638	-0.127634	0.623269	-0.396886	-0.84567	-0.028622	-0.547365	-0.81164	0.332023	-0.628963	0.62456	-0.33982	0.527597	0.340067	0.786378	-0.608173	-0.657926	0.353306	-0.111359	0.283197	
-0.718225	-0.523067	0.257472	-0.22523	-0.093585	0.715801	-0.998222	0.299486	0.205473	0.435001	0.791435	0.870138	-0.563495	-0.767383	0.603981	0.497049	-0.662729	-0.818266	0.395733	-0.300981	0.925131	-0.166843	0.314379	0.362276	-0.736845	0.577413	0.760167	-0.508592	-0.185581	0.080063	-0.556028	0.329052	-0.526992	-0.032207	-0.725097	0.704491	0.532374	0.91951	-0.676816	-0.73357	-0.927989	-0.649327	0.751516	0.855602	-0.738614	0.839043	0.729629	0.862062	-0.338738	0.56472	
-0.960636	-0.968453	-0.565514	0.570922	-0.587984	-0.662566	-0.453433	0.997191	0.868889	0.255267	-0.664933	-0.821214	-0.213127	0.140336	0.074513	-0.602593	0.784502	0.217296	-0.589201	0.011614	-0.273363	0.652094	0.461061	-0.385076	-0.708978	0.396683	0.626742	-0.201422	0.247301	0.81323	-0.087775	-0.709993	0.118473	0.499175	-0.45176	-0.38435	0.362674	-0.57006	-0.080449	-0.960011	0.120904	0.322931	-0.301533	0.900052	0.722272	0.504573	-0.530517	-0.529982	-0.436804	0.406389	
0.475453	0.990546	-0.538103	0.923474	-0.858858	-0.952403	0.375241	-0.247443	0.088925	0.922926	-0.094641	0.650396	0.361808	-0.878229	0.78602	-0.545922	-0.677427	0.59105	0.144743	0.358179	-0.112348	-0.951505	-0.549955	0.70192	-0.391445	-0.832462	-0.256913	0.140028	-0.21807	-0.089854	-0.221143	-0.56303	-0.011976	-0.349541	0.627276	0.531047	0.622564	-0.915869	-0.080747	-0.817626	0.058309	-0.052457	0.840694	-0.934946	-0.604278	0.470069	-0.385967	0.916109	0.231162	-0.359024	
0.842103	-0.159731	-0.955584	0.477355	-0.117936	0.016625	-0.824509	0.032131	0.946295	-0.521583	0.629073	0.939685	0.978277	-0.709652	-0.184791	-0.058454	-0.389927	-0.815327	0.121793	0.866101	-0.371736	0.284053	0.078756	0.193346	0.893034	0.30287	0.108572	0.016858	-0.046013	0.345366	-0.813549	0.937192	0.576263	0.45889	-0.549776	-0.957454	0.989756	0.796837	0.685845	0.316181	-0.915528	0.596557	0.885796	0.8624	-0.517085	0.301737	-0.780373	0.848531	-0.99524	-0.386415	
-0.414963	-0.971594	-0.771632	0.989161	0.111399	-0.631393	0.027754	0.035578	-0.67101	0.690589	-0.700192	0.358753	0.502496	0.687918	-0.273262	-0.665845	-0.902164	0.531411	0.756115	-0.141293	0.136762	0.83644	0.477533	-0.859187	0.140336	0.22328	0.89767	-0.228873	0.875914	-0.93437	-0.699904	0.439308	-0.007778	0.281647	-0.597333	-0.514919	-0.930157	-0.440752	-0.056037	-0.573597	-0.775989	-0.497028	-0.140943	-0.403501	0.466088	0.406317	-0.043321	0.395691	-0.65615	0.528006	
-0.336229	0.124347	0.600215	0.188579	0.160304	0.565181	0.935714	0.189595	0.392808	0.228818	-0.766301	0.132397	0.598195	-0.031087	0.897739	0.191129	-0.698949	0.117169	0.703971	0.658788	-0.361949	0.221231	-0.149027	-0.670252	0.106178	0.691912	0.717429	-0.412359	-0.382102	0.344871	0.645784	0.362166	0.903427	-0.645762	0.362932	-0.606308	-0.546491	0.920247	-0.048195	0.356313	0.050264	0.70218	-0.528962	-0.173728	-0.62461	-0.396532	0.786401	-0.769068	-0.890438	0.259171	
-0.723268	-0.523506	-0.834377	0.7146	0.542204	-0.26601	-0.706793	0.319256	0.88588	0.210583	0.870964	-0.405345	-0.400631	-0.811723	-0.899867	-0.527791	-0.297444	-0.470633	0.222203	0.875107	-0.340599	-0.834579	0.876919	-0.484052	0.134555	0.964642	-0.573047	-0.412712	-0.896507	0.783694	0.253697	0.121199	-0.223367	0.670168	-0.364112	0.048251	0.475669	-0.852018	-0.545523	-0.361883	-0.83601	-0.896385	-0.7278	0.131095	0.110683	0.634646	-0.559818	0.041483	0.42759	-0.12711	
0.134874	0.802245	0.874784	0.136626	-0.967006	-0.62008	-0.701081	-0.809322	-0.349724	0.374558	0.887269	-0.382932	-0.285629	-0.822607	-0.639221	0.02767	-0.923048	0.452912	-0.943976	-0.961669	0.794306	0.644157	0.231581	0.079044	-0.468985	-0.377627	-0.03314	0.051648	0.616071	-0.042069	-0.817698	-0.500597	-0.380206	-0.65536	0.402958	-0.608176	-0.614498	0.083476	0.216549	-0.551217	0.918272	-0.394241	-0.889552	-0.479791	-0.505844	-0.635398	-0.985184	-0.552331	-0.47728	-0.486689	
-0.12649	0.08712	0.201279	0.448657	0.596693	-0.581573	-0.731436	-0.282641	-0.212236	-0.657587	-0.321219	0.19157	0.048833	-0.143607	-0.415245	-0.16388	0.428743	-0.960411	-0.104231	-0.549263	-0.949529	-0.464672	-0.16008	0.116796	0.318146	-0.401964	-0.864949	0.565346	0.599373	0.210277	-0.219742	-0.455386	-0.986771	-0.190932	0.387198	0.757902	0.971893	0.211301	0.477902	-0.300729	-0.744334	0.815364	0.789115	0.733156	0.709059	0.355311	-0.863592	-0.556142	0.611913	0.509546	
0.516975	0.187932	0.012981	0.584241	0.130128	0.622874	-0.794017	-0.244577	0.525711	0.627364	-0.307268	-0.120037	-0.155796	-0.189588	0.851336	-0.890827	-0.748317	0.400118	0.102513	0.194395	-0.748336	-0.563985	-0.626635	0.835003	-0.630954	0.401913	0.107491	0.766054	-0.172334	-0.615107	-0.849534	-0.930257	-0.284184	-0.568592	-0.023996	0.241594	0.386173	0.028157	0.783116	-0.320137	-0.337565	0.487303	-0.62211	0.883572	-0.260081	-0.927717	0.776097	-0.606209	0.003953	0.851882	
-0.587028	0.206709	0.91709	0.440869	-0.63876	0.092005	-0.801237	-0.567131	-0.599016	0.878254	0.576563	-0.743512	-0.189293	-0.993322	-0.565604	0.228783	0.56706	-0.80857	0.735942	0.292965	0.897325	-0.559979	-0.083005	0.460687	-0.944464	-0.922162	0.774766	-0.681113	-0.264578	0.361907	0.320406	0.504044	-0.226176	0.2177	0.147113	0.901947	0.243738	-0.117514	-0.775953	-0.597268	-0.861605	-0.179326	-0.313325	-0.256389	0.557468	0.461522	0.419797	-0.155698	-0.370931	0.038156	
0.880004	0.14547	-0.93608	-0.659165	0.759101	0.075107	0.659594	0.192558	0.977667	0.669993	0.547585	0.490014	0.29951	0.297308	-0.538598	-0.523366	-0.827485	0.406011	-0.152493	-0.198813	0.735574	-0.285506	-0.323344	0.63282	-0.104432	-0.006626	0.522649	0.904654	-0.037689	0.465718	-0.785243	-0.830243	0.251281	0.853821	-0.883223	0.553013	0.668702	0.879646	-0.93847	-0.784212	-0.464112	0.064364	0.851845	0.841717	-0.059396	-0.872949	-0.567679	-0.692933	0.512139	-0.011704	
-0.906287	0.282892	-0.623308	0.887192	0.994685	0.397587	0.801108	0.208063	-0.187006	-0.234725	-0.020723	0.108348	-0.740292	0.950532	0.356557	0.948862	0.474033	0.027244	-0.459743	0.321098	-0.744952	0.224511	-0.644715	-0.147049	-0.032322	0.144195	0.980291	0.128228	0.593078	-0.905796	0.506207	0.303681	0.471693	-0.242358	-0.391585	0.44192	0.487857	-0.14288	0.334954	-0.139323	0.450187	-0.499351	0.111506	-0.685501	0.738864	-0.762652	-0.584262	0.883094	-0.382908	-0.866774	
-0.642265	-0.424469	0.301291	-0.534726	0.222979	-0.655923	-0.392689	-0.900406	-0.220924	0.525207	-0.314773	-0.657185	0.657973	0.372518	0.638682	-0.790278	-0.242822	0.00333	0.996145	0.097632	-0.077325	0.029264	0.871963	0.052621	-0.570926	0.471912	-0.064488	0.708459	0.605321	0.530614	0.990006	-0.443472	0.612599	-0.158037	-0.831522	-0.489584	-0.067913	0.551322	-0.507457	0.61587	0.750761	-0.562869	0.63996	-0.499141	-0.555259	-0.127485	0.771227	-0.217557	0.450634	0.810494	
0.001299	0.536323	0.873836	-0.748016	0.858679	-0.723255	-0.482839	-0.865814	0.752771	-0.682204	-0.628274	0.909392	-0.295612	0.240078	0.317187	-0.96128	0.483457	0.390924	-0.714686	-0.45672	0.893863	0.427741	-0.420047	-0.152414	0.369574	0.044741	0.410339	-0.213364	-0.83398	0.082468	0.418369	-0.371631	-0.67875	-0.669482	-0.899617	-0.998039	0.819011	-0.99676	0.649833	0.904786	-0.540674	0.713344	-0.561751	-0.175738	-0.865629	0.668498	0.168846	0.18895	0.075905	-0.879058	
0.982928	-0.57711	-0.814936	-0.52393	0.778185	0.055767	0.072895	0.617361	-0.06073	-0.110988	0.682012	0.556917	0.859785	-0.568168	-0.527547	-0.621773	0.751233	-0.125313	-0.737244	-0.75511	-0.086749	0.18958	0.442351	0.032674	-0.272272	0.803793	0.221099	0.758565	-0.761489	-0.455443	-0.337386	0.567541	-0.662962	0.761004	0.720316	-0.527821	-0.092006	-0.811811	-0.957517	0.56845	-0.684676	-0.655943	0.516782	0.579306	-0.851245	0.010814	-0.119134	0.679138	0.250936	0.724791	
-0.656734	0.109637	-0.002932	-0.78042	0.809457	0.713892	-0.188739	0.38059	-0.29184	0.662016	-0.234372	0.520831	0.470844	0.20934	0.583125	0.276022	-0.490267	-0.431689	-0.303263	-0.227719	0.914004	0.674408	0.136764	0.056402	0.127012	-0.143609	-0.50025	-0.493908	0.926121	0.493197	0.717613	0.260439	0.550795	0.215209	-0.444191	0.461837	-0.021043	0.722473	0.915602	0.775119	0.357805	-0.324055	0.484569	0.741539	0.12455	-0.420767	-0.401621	0.319944	0.570254	0.701477	
0.064155	-0.29974	0.612679	-0.723086	0.27237	0.023788	-0.043255	-0.849705	0.297875	-0.338969	0.841913	0.011819	-0.189636	-0.975243	-0.843526	0.312758	-0.422547	0.256601	0.453763	-0.180836	-0.683698	-0.663827	-0.70121	-0.818583	0.339664	-0.762975	-0.464751	0.321468	0.379551	-0.320843	0.252674	0.641914	-0.90583	0.96924	0.488779	0.287049	-0.494131	0.981147	-0.047547	-0.799281	-0.191801	0.414214	0.071985	-0.59252	0.146541	0.386018	0.853894	0.620484	-0.231525	-0.619922	
-0.247329	0.136072	0.005303	-0.294555	-0.148659	0.717903	0.263637	-0.768341	-0.015978	0.680956	-0.464583	-0.741934	-0.086518	-0.388909	0.322293	-0.07597	0.312824	0.550877	0.73547	-0.07139	0.05817	0.284758	0.461465	0.648567	-0.813747	0.562778	-0.904212	-0.848287	-0.628287	-0.460295	0.114394	0.619098	-0.003299	0.782632	0.836868	-0.843132	0.38848	-0.239815	0.605574	0.404865	-0.217536	0.459681	-0.495961	0.180531	-0.82961	0.978735	0.929769	-0.251237	0.690527	0.98254	
0.799259	-0.551725	-0.184871	0.271988	0.256579	-0.268402	0.169893	-0.188276	-0.446786	0.385344	-0.641476	-0.922429	0.928875	0.888046	-0.382196	0.511364	-0.71981	0.487755	0.807246	-0.62018	-0.786011	0.068046	-0.552029	0.568601	-0.110342	0.456167	0.120736	0.2215	0.102659	-0.368681	-0.00375	-0.626758	-0.316678	0.340057	-0.833318	0.040108	0.761917	-0.133406	0.321194	-0.677286	-0.35086	0.147461	-0.318193	0.359711	0.653775	0.70564	-0.71279	-0.210787	0.38556	-0.426503	
-0.108257	0.255829	0.234534	0.537616	-0.726462	-0.221038	-0.756147	0.419171	0.324903	0.985174	0.10635	-0.02346	-0.640503	0.148503	0.461887	0.434324	0.410948	-0.396274	0.093741	0.086792	0.801778	-0.877338	0.345239	-0.181566	-0.721491	-0.52994	-0.667339	-0.303751	0.730411	0.720131	0.705988	0.863068	0.457942	-0.018093	0.182518	0.301529	0.081978	0.411154	0.338149	0.44977	0.453313	-0.783513	-0.176242	-0.070456	-0.075765	-0.85797	0.569724	-0.879313	-0.322523	-0.633833	
0.985518	0.605061	0.60241	0.307159	0.593292	0.815101	0.253979	0.087144	0.881948	0.657147	0.312632	0.672847	0.349169	-0.092673	-0.378457	0.293964	0.786775	0.892436	0.020342	0.876736	0.760782	0.876973	-0.133639	-0.746004	-0.579609	-0.00989	0.82234	-0.783615	0.995323	-0.852993	0.901748	0.547374	-0.984914	0.482966	0.743153	-0.404264	0.345479	-0.816032	-0.638094	0.172092	0.61236	0.304188	-0.525912	0.581692	-0.830684	0.83122	0.59193	-0.931301	0.126134	0.372435	
-0.177166	0.440657	-0.665702	-0.539435	-0.828189	-0.615248	-0.176351	-0.694303	-0.922344	-0.70786	0.27568	-0.893245	0.753552	0.864899	-0.842037	0.947768	-0.031981	0.206154	0.989785	0.106652	-0.89612	0.576675	0.336304	0.73489	-0.725014	0.735057	0.928554	-0.268859	-0.808819	-0.117798	-0.448201	0.597718	0.185673	0.657956	0.344662	-0.944772	0.499686	-0.164565	-0.628298	0.637879	-0.152684	-0.515242	-0.32271	0.672904	0.180494	-0.406472	0.247686	-0.589141	0.359561	0.163754	
-0.207517	-0.602976	-0.287419	0.844464	-0.810777	-0.59218	0.023118	0.534746	0.943379	-0.669409	-0.564652	-0.501022	0.531361	-0.890374	-0.457045	0.269425	-0.816474	-0.644865	0.779133	0.909753	-0.638707	-0.809661	0.183377	0.360369	0.624992	0.400232	0.811532	0.083375	0.485654	-0.962822	0.374223	-0.49569	-0.404167	-0.528979	0.404862	-0.455439	-0.454603	-0.292018	0.201932	0.883114	-0.10469	-0.874125	-0.674147	0.733715	0.786807	-0.727813	0.998392	-0.149595	-0.704492	0.808067	
0.388168	0.773008	-0.940258	0.999009	0.849203	0.477381	0.437344	-0.230877	-0.537639	0.556602	-0.341644	-0.10301	0.735177	-0.949952	0.618422	-0.05529	0.889711	0.925264	-0.399882	0.666863	0.095494	0.218432	-0.724637	-0.388086	0.342114	0.829799	-0.594508	-0.443568	0.68696	0.117708	0.630765	0.667798	0.4873	0.17537	0.25694	0.909024	0.341942	0.943366	-0.289977	-0.835481	0.365153	-0.734106	-0.691027	0.779631	-0.838094	-0.130793	0.055189	0.80038	0.43598	-0.316452	
0.071593	-0.195904	-0.397178	-0.744678	0.046527	0.240662	0.385172	0.255956	-0.035049	0.672662	0.663096	-0.861254	-0.913095	0.13959	0.098432	-0.712054	0.387508	-0.920683	0.861304	-0.220809	0.810659	-0.405535	0.865158	-0.174101	-0.605989	0.990031	0.515569	-0.386394	-0.674533	-0.438034	0.946431	-0.973989	0.828951	0.559962	-0.643876	0.738065	0.193985	0.135438	0.973756	0.237728	-0.657645	0.529454	-0.270684	-0.616954	0.450315	0.653688	0.935112	0.245422	0.235788	0.572264	
0.669357	-0.454839	-0.204791	-0.96666	-0.186582	0.172533	-0.757002	0.683046	0.623315	-0.696436	-0.729063	0.799357	0.187729	-0.673443	0.944766	-0.645669	0.302775	0.483997	-0.191567	-0.426947	-0.356513	0.694505	0.244644	-0.705558	0.837283	-0.896296	0.489041	0.283112	-0.960624	-0.867666	-0.863782	-0.753256	-0.935777	-0.716471	0.76416	-0.719247	-0.531673	-0.583446	-0.137548	-0.783464	-0.072745	0.776531	0.565275	-0.031522	0.844699	-0.071151	0.22614	0.888101	0.200041	-0.910469	
-0.457519	0.73344	-0.10032	-0.553819	0.237828	-0.690783	0.110687	-0.528525	-0.144455	0.850675	-0.474965	0.913565	0.896707	-0.751522	0.991654	0.130652	-0.969844	0.232305	-0.109685	-0.564628	0.0002	-0.126578	0.637147	-0.281785	-0.1033	0.598108	0.92036	-0.759937	0.260699	-0.828995	0.092743	0.9855	-0.036411	-0.944713	0.72992	0.292059	-0.511604	0.41328	0.097138	0.632368	-0.588828	0.720297	-0.539855	-0.407425	-0.568884	0.375463	0.754493	0.668159	0.468105	-0.159122	
0.797362	0.221276	0.480783	0.526792	-0.599618	0.020651	0.02898	0.420421	-0.811082	-0.71484	-0.552389	-0.161073	-0.748304	-0.863533	0.957148	-0.739116	-0.471529	-0.085149	0.764613	-0.410834	0.47986	0.547925	-0.630534	-0.525638	-0.430946	0.127224	0.604018	0.53963	0.725778	0.751557	-0.030785	0.054931	0.554989	0.35401	-0.753499	0.39085	-0.930224	-0.928032	0.534465	-0.890646	-0.408434	-0.533175	0.900761	0.589334	0.80213	0.623644	0.101039	0.204796	0.783983	0.82287	
-0.42011	-0.625058	0.668611	-0.743009	0.138048	0.084567	-0.060951	0.146326	0.98406	0.615404	0.485578	0.504819	0.863264	0.97623	0.596868	0.090588	0.219701	-0.730164	-0.123036	0.968679	0.312372	0.374038	0.435203	-0.074256	0.047762	-0.166136	-0.94508	0.700119	-0.984197	0.8782	0.837584	-0.324727	-0.181448	-0.80132	0.996009	-0.027413	0.765391	0.510964	-0.59801	0.856184	0.283381	-0.235536	-0.075808	-0.223369	0.679935	-0.496195	0.877581	0.850859	-0.148535	-0.157578	
0.065843	-0.952151	0.430951	-0.119644	-0.296634	0.494337	-0.45826	0.018064	0.108261	0.050781	-0.587022	-0.623074	0.244849	-0.121409	0.293076	0.756787	-0.446877	0.180077	0.607887	-0.386317	0.986148	0.013823	-0.606759	-0.338756	-0.200641	-0.875532	-0.019041	0.378565	-0.832931	0.858619	-0.744911	-0.891225	-0.010304	-0.948884	-0.938487	0.625141	-0.233805	0.073488	-0.81304	0.556686	0.150316	-0.703412	-0.557225	0.037341	-0.38629	-0.464656	0.241758	0.534895	0.338184	-0.5237	
-0.038024	0.274684	-0.564845	-0.270896	0.778295	-0.646235	-0.534231	-0.024065	0.122061	-0.193732	-0.431335	-0.130564	0.889594	0.873237	0.129247	0.488378	-0.975433	-0.770481	0.530826	-0.247452	-0.780746	-0.929764	0.886567	-0.631744	0.824404	0.290007	0.707517	0.827083	0.691484	0.655678	0.812093	0.957599	-0.182013	-0.23807	-0.775547	0.22554	0.97614	0.102949	-0.600226	0.840174	-0.864091	0.894606	0.878124	0.943441	-0.200821	0.680099	-0.765535	-0.367586	0.295329	-0.027706	
-0.072572	0.084657	0.048707	-0.028825	0.937946	-0.82371	0.102803	0.401648	-0.710217	-0.669704	-0.940366	-0.773564	0.061487	0.725888	0.226474	-0.017184	-0.125396	-0.857273	-0.779463	0.553114	0.074524	0.902198	0.829802	-0.894624	-0.530956	0.240306	0.232527	0.355701	0.72973	0.591069	0.337363	0.60144	0.189572	-0.524991	0.966318	0.372992	-0.245985	0.121634	-0.818005	-0.552012	0.435117	0.296729	0.252322	0.440541	0.940641	-0.016088	0.682655	-0.783211	0.814655	-0.133099	
-0.931874	-0.087884	0.890843	0.45209	-0.540476	-0.738857	-0.954814	0.588324	-0.693478	-0.616086	-0.898205	0.558811	-0.466201	0.230213	0.595695	-0.585202	-0.993262	-0.965145	0.54783	0.805673	-0.754766	-0.848382	0.670689	-0.771767	0.91355	0.467977	-0.664946	-0.872067	-0.958472	0.341394	-0.441959	0.364599	0.8642	-0.127762	-0.891386	0.672816	0.399692	-0.353624	0.252282	-0.257622	0.876779	-0.184266	-0.086375	-0.606458	0.630651	0.360676	0.314913	-0.895511	-0.936694	-0.467672	
0.337922	-0.178053	0.277738	0.011456	0.326078	0.316024	0.57933	-0.927211	-0.113204	-0.833795	0.659139	0.409022	-0.116144	-0.152989	0.362631	0.919988	0.258913	-0.087572	0.896656	0.924149	-0.67612	0.840365	0.302246	0.307919	-0.305843	0.54267	0.401961	0.743589	0.995673	-0.127561	0.00838	-0.70555	-0.100488	0.513956	-0.484151	0.756527	-0.7839	0.482745	0.889683	-0.322371	0.588342	0.975951	0.760316	-0.499641	-0.832848	0.994809	0.595984	-0.707123	-0.753273	0.928746	
-0.236085	0.61334	0.893	-0.829604	-0.006709	-0.473243	-0.393174	0.869412	0.432215	0.71351	0.088124	-0.916052	0.060798	-0.973294	-0.357292	0.621862	-0.231004	0.079461	-0.117363	0.597882	0.771036	-0.732327	0.773758	-0.402921	-0.079651	-0.806471	-0.34305	0.076329	0.97683	0.993551	-0.72227	-0.621021	0.98502	0.371261	-0.037541	-0.713701	-0.867546	-0.997272	0.125992	-0.407778	0.574012	-0.327455	0.787464	-0.334139	-0.070669	0.898359	-0.007986	0.82687	0.263457	0.651581	
-0.81661	0.2126	0.708411	-0.185594	0.282656	-0.001544	0.033693	-0.13482	-0.736278	0.845614	0.309792	-0.526669	-0.056241	-0.505518	-0.652253	-0.781986	0.128769	-0.921725	-0.409856	-0.98559	0.134008	0.21799	-0.742526	-0.477301	-0.427053	-0.95104	0.133712	0.374763	-0.998151	0.612823	-0.025748	-0.998547	0.860565	0.593931	-0.252894	0.58705	0.702505	-0.992103	-0.31348	-0.096408	0.863051	-0.19209	0.373357	-0.192984	-0.058883	0.196312	0.857396	0.418275	0.482395	0.719174	
0.03432	0.126905	-0.542896	-0.529984	-0.170623	-0.771819	-0.06389	0.922262	0.898236	-0.010905	0.238859	-0.344262	-0.501032	-0.209998	-0.350618	0.677266	0.673537	-0.876655	0.835784	0.978504	0.785324	0.732053	0.074986	0.755883	0.211141	-0.997346	-0.611671	0.655579	0.488854	-0.715191	-0.705546	-0.404296	-0.461649	-0.92788	-0.706158	0.035929	0.007168	0.019092	0.173484	-0.974605	0.13405	0.647215	-0.122997	-0.528683	-0.296528	-0.199804	0.110652	-0.16443	0.858575	-0.35977	
-0.171978	0.924737	-0.789939	-0.104128	-0.160567	-0.3699	0.945288	0.900317	0.502695	0.015815	-0.882339	-0.242781	0.529937	-0.119523	0.130495	0.266633	0.891007	0.972563	-0.449626	-0.277349	0.990688	-0.536017	-0.788785	-0.806245	-0.970435	-0.463106	0.39286	-0.772845	0.497979	-0.456821	-0.155203	0.665157	-0.574522	-0.421104	-0.065766	-0.398754	-0.974975	-0.980971	0.742987	-0.289812	-0.12813	0.387719	-0.507891	0.406524	0.217536	0.226365	-0.157993	-0.409951	-0.61104	-0.040584	
0.995154	0.334546	-0.599798	-0.806392	0.906119	-0.505241	-0.835512	0.67991	0.912167	0.320344	0.287016	0.683479	-0.153309	-0.336854	-0.151523	0.173915	0.58846	-0.365825	0.140987	-0.518221	-0.533858	-0.612119	0.892802	0.388267	0.619354	0.204256	0.973929	-0.997903	-0.025535	-0.416454	0.612616	-0.659387	0.901255	0.314471	-0.854458	-0.707577	-0.430825	0.218361	0.323033	-0.193891	-0.849308	-0.006601	0.004453	-0.530568	-0.049912	0.256679	0.265493	0.852405	0.049242	0.9475	
-0.717198	-0.660855	-0.832357	0.531228	0.865198	-0.33756	0.510607	0.939088	-0.000652	0.716089	-0.225371	0.105268	0.592545	-0.19521	0.25183	0.849745	0.849882	0.809351	0.345409	0.533916	0.940822	-0.534304	-0.478297	0.140429	0.361943	0.757993	-0.627379	-0.702706	0.630891	-0.885361	-0.156878	0.425997	-0.387803	0.709673	-0.9175	0.323249	0.493834	-0.893492	-0.365428	0.698726	-0.695883	0.353201	0.780941	0.798143	-0.003787	0.469605	0.267935	-0.266939	0.726874	-0.50574	
0.258072	-0.16515	-0.324356	0.413372	0.044031	0.846849	-0.382759	0.968266	-0.782902	-0.864369	-0.670668	0.30127	-0.749388	0.2005	-0.299531	-0.284217	-0.822825	0.645374	-0.216439	0.945429	-0.690319	-0.984849	0.933886	0.373841	0.577578	-0.91742	-0.523854	-0.333586	0.24236	-0.526677	-0.931568	-0.91124	-0.527673	-0.01883	0.053828	0.432014	-0.102625	-0.948239	0.748737	0.280588	0.165277	-0.751216	-0.335521	-0.736819	-0.495704	0.547824	-0.215153	-0.421204	-0.368461	0.616959	
-0.117906	-0.297547	0.088507	-0.930675	0.50885	0.419673	0.814695	-0.105295	0.693073	0.700504	-0.6664	-0.084538	-0.102084	0.627549	0.932028	0.670192	-0.676504	0.509104	0.991272	0.947667	-0.925467	0.508145	-0.111599	-0.261688	0.372862	-0.499612	0.116178	0.904751	0.025538	-0.061205	0.372641	-0.409528	-0.143978	-0.144195	0.709528	-0.925675	-0.213374	0.713559	-0.036786	-0.569687	0.719083	-0.154236	0.966547	0.942811	-0.737161	-0.333816	0.331735	0.536264	0.005784	-0.076667	
-0.436688	0.921281	0.092609	-0.36847	0.138154	-0.950534	0.637814	-0.715272	0.578994	-0.355219	0.228172	-0.165529	0.269749	-0.262392	-0.721705	0.813578	-0.835105	0.033677	0.641732	-0.85999	0.474432	-0.37575	0.522136	0.859987	-0.254034	-0.650285	-0.164957	-0.619804	-0.19155	-0.002005	0.006121	-0.584094	0.917771	0.364223	0.016394	-0.325243	0.243089	-0.443479	0.717371	0.096158	-0.390723	0.511148	0.164917	0.330957	-0.570993	-0.312768	0.211833	0.350364	-0.175341	-0.083913	
-0.556748	0.043466	0.335277	-0.864154	-0.652096	-0.566644	0.824368	0.282959	-0.40641	-0.918176	-0.451608	-0.875723	-0.426688	-0.815417	0.73537	-0.719924	-0.479845	0.354688	0.312486	0.713962	0.659242	0.064578	-0.375301	-0.529542	-0.635882	0.814095	0.39848	-0.588619	-0.254459	-0.753588	-0.29011	0.941565	-0.81767	-0.078323	0.291372	0.821738	0.709982	-0.129346	0.257609	0.687348	-0.663104	0.401943	0.355552	0.402144	0.453997	-0.278029	0.060547	0.928219	-0.165468	0.362192	
-0.111088	-0.183007	-0.344251	-0.682436	-0.751122	-0.636121	0.569139	0.608896	-0.972084	-0.640362	-0.555737	0.200534	-0.600229	0.607471	-0.035512	0.510776	-0.015828	-0.701556	0.545517	0.75369	-0.892652	-0.115972	0.983572	-0.446915	0.971796	0.8503	0.93284	-0.398412	-0.801382	0.653093	-0.041289	-0.666805	0.334681	-0.084155	-0.772834	0.139641	0.124187	-0.65012	0.62356	-0.751589	-0.940892	0.21496	0.725935	0.652733	-0.990331	-0.790269	-0.114385	0.872179	-0.403709	0.333072	
-0.475504	-0.446579	-0.213232	0.963603	0.481857	0.900403	-0.48546	0.498221	0.228146	0.073443	-0.596597	-0.831395	0.300185	0.234285	-0.037012	0.139365	-0.064719	0.366923	0.68227	-0.592914	-0.550283	-0.191403	0.303371	0.48516	0.588216	-0.639038	-0.686678	-0.544605	-0.127201	0.220451	0.88296	-0.082395	0.441834	0.386263	-0.041678	0.023982	-0.532538	0.943846	0.969861	0.559106	-0.608073	0.213893	0.49242	0.406443	0.256504	-0.827771	-0.677064	0.42343	-0.596527	0.990972	
-0.430377	0.687766	0.955196	0.274537	-0.30448	0.001649	0.759484	0.991865	-0.527069	0.670927	-0.922097	-0.799486	-0.552398	0.848762	0.501657	0.329023	-0.555442	0.176565	-0.012978	0.036554	-0.757991	-0.029622	0.236587	-0.224812	0.797857	0.521572	0.73591	0.523063	0.001274	-0.200869	-0.977314	0.508315	0.953484	0.771531	-0.711065	0.024833	0.576931	-0.2572	0.289804	-0.23379	-0.184463	0.082943	0.887567	-0.276748	0.164019	-0.654175	0.929135	-0.829189	0.867384	0.312561	
-0.124574	-0.422693	-0.749768	-0.448157	0.656928	-0.260136	0.945548	-0.56551	-0.637017	-0.180324	0.969416	-0.781875	0.330144	0.292306	-0.418687	0.692594	0.82422	0.805426	0.314501	0.249576	0.344884	-0.182202	0.028971	0.383144	-0.289128	-0.509624	-0.23081	-0.250537	0.710878	-0.813913	0.672374	0.191295	0.059069	0.054709	-0.151659	0.703428	0.6056	-0.152432	-0.894404	-0.663738	-0.018767	-0.446408	0.359502	0.637459	-0.996305	0.942944	-0.164634	0.241097	0.729923	0.371758	
0.935105	-0.94776	-0.158459	-0.839117	0.85909	0.700934	-0.757635	-0.83951	-0.462971	0.328165	-0.121442	-0.79593	-0.870873	-0.054992	0.852724	0.189051	0.170932	-0.2368	-0.436294	-0.493147	0.830922	-0.284043	0.902307	0.706216	-0.185034	-0.404895	0.694803	0.494161	-0.782321	0.546483	0.095237	-0.894113	-0.001726	0.143867	0.782511	0.931971	-0.18113	-0.828683	-0.162832	0.20209	-0.902968	-0.477679	-0.129576	0.831264	-0.723835	-0.081492	0.190974	0.467637	0.483233	0.902706	
0.318	0.563397	0.824633	0.17272	0.522283	-0.148388	-0.548793	-0.861735	-0.000629	-0.203735	-0.366376	0.830874	0.597088	-0.057166	-0.655952	-0.60983	0.839496	-0.024381	-0.286185	-0.903208	-0.485751	-0.213481	-0.701881	0.1149	-0.23992	0.74767	-0.191373	-0.092963	0.673497	-0.423932	-0.835439	0.232762	-0.564084	-0.576505	0.668022	0.793419	0.670359	-0.733179	0.599327	0.819604	-0.591901	-0.676717	0.714244	0.325104	-0.478019	-0.99652	-0.112317	-0.012184	0.308979	0.127384	
-0.59747	-0.501964	-0.129064	0.851573	0.027833	-0.44645	-0.834944	0.92655	0.454257	-0.33719	-0.104947	0.692786	0.83519	0.910026	0.537547	-0.755187	0.987074	-0.567058	0.501609	0.912469	-0.599423	-0.202884	0.493171	-0.070483	0.484885	0.41697	-0.465422	0.507057	-0.672284	0.322529	-0.140872	0.468674	-0.099262	0.508854	-0.587417	0.567994	0.447862	0.855817	0.705115	-0.653202	0.470111	-0.81047	0.841165	0.550098	0.364212	0.401357	-0.731796	-0.607108	-0.405525	0.552788	
-0.528101	0.596043	0.025536	0.453975	0.017059	-0.249365	0.580246	0.935683	-0.398642	-0.740316	0.339814	-0.027435	-0.680374	-0.645536	-0.529918	0.615506	-0.143686	0.971501	0.407186	0.037213	0.30344	-0.225019	0.747925	0.105562	-0.7764	0.760544	0.727568	-0.808118	-0.24513	-0.201923	0.408781	-0.732347	-0.77257	0.727278	0.894386	0.654501	0.538166	-0.234572	0.550084	-0.940211	-0.762649	-0.843339	-0.485761	0.282614	0.653488	0.034692	-0.240987	-0.672004	0.471399	-0.384079	
0.950378	0.724548	-0.450311	0.262848	0.463473	-0.860048	-0.839995	-0.65916	-0.219032	0.525068	0.170255	-0.89794	0.730905	0.647737	0.120523	-0.95896	-0.258299	0.352542	-0.559583	0.255921	-0.448355	-0.83836	-0.310223	-0.377122	0.208155	0.123358	0.107865	-0.305473	0.652149	0.442874	0.286232	-0.897852	-0.881849	-0.024645	0.130381	0.695295	-0.173734	-0.062853	0.790068	0.772534	-0.442256	-0.53231	0.210012	-0.352013	0.268158	0.646923	0.672613	-0.770011	-0.410832	-0.170101	
-0.092904	-0.09817	-0.521932	0.324282	-0.227841	0.883713	0.860223	0.724268	-0.163554	0.460498	0.111226	-0.083618	0.666734	-0.521733	-0.525582	-0.355546	0.611768	0.42445	0.052468	0.909221	0.20642	-0.704184	0.294455	0.590082	0.669309	-0.673304	0.889129	-0.871017	0.948604	-0.982147	0.328056	0.108536	0.039689	0.905748	-0.988243	0.484885	0.811006	0.180751	-0.13407	-0.431046	0.612709	-0.656302	-0.888969	0.380985	-0.352921	-0.330503	-0.6325	0.455618	-0.577688	-0.568854	
-0.695706	-0.060037	-0.048786	-0.780137	-0.224796	-0.98521	-0.590017	-0.042949	0.461225	0.11826	-0.312159	0.009757	0.136567	0.484281	-0.527335	-0.598772	0.794031	-0.325182	-0.24139	0.122673	0.991066	0.862322	0.797953	-0.902169	-0.209251	0.866841	0.663513	-0.308064	-0.489979	-0.819866	-0.934988	-0.98269	0.744586	0.649622	-0.735078	-0.536325	-0.299545	-0.324811	-0.058868	-0.128495	-0.226984	-0.790322	0.236934	0.601721	-0.335572	-0.775067	-0.173382	-0.445895	0.807153	-0.0927	
0.589479	-0.791723	0.507045	0.539201	-0.506737	0.877643	0.125071	0.920298	0.40449	0.66258	-0.976141	0.633999	0.961491	0.790098	0.142408	0.607777	-0.354163	0.010139	0.658033	-0.101617	0.828161	-0.756589	0.489224	0.957831	-0.569129	0.933241	0.123964	0.665325	-0.131191	0.437254	-0.101061	0.289111	0.609471	-0.244507	-0.252232	-0.992073	-0.137464	-0.889913	-0.315446	-0.014291	0.334309	0.01496	-0.246235	-0.644976	-0.455649	0.014395	0.878518	0.410348	0.370923	-0.767294	
-0.100291	-0.030403	0.272329	0.09965	-0.182759	-0.183299	0.791962	0.64161	0.837988	-0.151809	0.920876	0.183997	-0.960913	-0.814927	-0.350411	0.565577	0.35963	-0.703792	-0.861821	0.812168	0.346714	-0.600715	-0.442164	-0.074443	-0.418538	-0.629981	-0.144324	-0.144248	0.935283	-0.101744	0.939962	-0.70702	-0.475667	0.297128	-0.13354	-0.90634	0.415546	-0.778066	-0.5108	0.59557	0.51259	0.539588	-0.257554	-0.674813	0.279409	0.023347	0.817067	0.366944	0.007203	0.005961	
-0.831707	0.437632	-0.258724	0.726337	-0.643948	0.766821	0.71133	-0.746973	0.020994	0.066122	0.510275	-0.345038	0.388713	-0.690547	0.244552	-0.68388	0.33771	-0.127357	0.516988	0.2727	-0.348252	0.260563	0.434457	0.066753	-0.029405	-0.516702	-0.990649	0.963518	0.187282	-0.376211	0.709882	-0.774277	-0.045585	-0.848698	0.956594	0.900355	-0.146533	0.573303	0.260804	-0.844415	0.482617	-0.927052	-0.006945	-0.989094	0.019036	-0.800071	0.756515	0.249507	0.298076	0.314135	
-0.916428	-0.280968	-0.804181	-0.146317	-0.027136	0.363032	-0.837042	0.927407	0.618428	-0.057028	0.144393	-0.399314	-0.229067	-0.639447	0.717566	-0.436379	0.442501	-0.507881	-0.103417	-0.36642	0.104666	0.92222	0.841613	0.160142	0.124857	-0.409706	-0.706313	0.92644	0.626427	0.250481	0.86812	0.625302	0.081933	-0.748306	0.245402	0.782681	0.636823	-0.088115	0.063283	0.816087	-0.492005	0.89387	0.644454	0.731379	0.388286	0.317804	0.420795	-0.005753	-0.565916	-0.117725	
0.46388	0.984522	0.277864	-0.251151	0.383091	0.753441	0.693502	0.791918	-0.099828	-0.75666	0.344681	-0.95943	-0.966036	-0.859996	-0.282319	-0.288896	0.364301	-0.976011	0.228695	-0.830215	0.044776	-0.462238	0.592493	-0.059643	0.736833	0.316137	0.408653	0.675133	0.733788	-0.25386	0.621561	0.287541	-0.495829	-0.206197	-0.266874	-0.698543	-0.54369	0.60511	0.881347	0.338888	0.63729	0.485893	0.021039	-0.890593	0.268068	0.843755	0.9716	0.747347	0.511722	0.74538	
-0.220322	0.396612	0.138558	-0.751324	-0.161518	-0.988022	-0.993571	-0.433856	-0.359961	0.187225	-0.476467	0.350484	0.433338	-0.889662	-0.720672	-0.942316	-0.22855	-0.927686	-0.184204	0.212484	0.394664	-0.595237	0.427188	-0.120894	0.553877	-0.552659	0.821421	-0.825423	0.885983	0.958408	-0.092116	-0.188115	0.540226	0.580663	-0.672079	0.134748	0.755795	-0.643892	-0.51012	0.409568	-0.247886	0.279478	-0.411069	0.304974	-0.329674	0.343949	-0.129793	-0.107244	-0.877525	0.722451	
0.06928	-0.585154	0.998982	0.651148	-0.177493	-0.245761	0.28101	0.6154	-0.302326	-0.047969	0.328945	0.881127	0.483341	0.010612	-0.182524	0.066894	-0.714354	0.292307	0.305718	0.99226	0.143194	0.291735	-0.264912	0.835972	-0.744775	-0.079589	-0.239201	0.305106	-0.378333	-0.154743	-0.206695	-0.21819	0.843146	0.850034	0.514591	-0.631948	0.944742	-0.0365	0.056761	-0.000814	-0.64081	0.83151	-0.147829	-0.913107	-0.271067	-0.467792	-0.267925	0.754442	0.040528	-0.663483	
0.047247	0.766664	-0.402617	-0.658876	-0.393868	-0.445284	0.212354	-0.779459	0.408561	0.94738	0.358222	0.91824	0.842396	-0.868316	-0.632238	-0.715449	0.732552	0.548362	0.825697	0.346898	0.596741	-0.083327	-0.629271	-0.942007	0.014791	0.789709	0.153201	0.930942	-0.673825	0.417353	-0.267838	0.539288	0.573208	-0.871945	0.759708	0.757989	-0.820475	-0.002478	0.355779	0.255837	-0.134904	-0.82885	0.234875	0.251229	-0.690731	0.709353	0.975197	0.810646	0.444558	-0.403601	
-0.751702	0.09515	0.053138	-0.714739	0.003218	-0.836245	-0.072136	-0.943647	-0.021765	-0.279898	0.372004	-0.145494	0.603753	0.065651	0.290938	-0.763648	-0.923192	0.66401	0.429303	-0.882937	0.767129	-0.619626	-0.229544	-0.662166	0.190898	-0.822429	0.765545	0.103008	0.970418	-0.269096	0.169789	-0.880362	-0.735109	-0.762984	0.149827	-0.945813	0.613775	-0.041547	-0.01267	-0.678723	-0.22661	-0.654836	0.600596	-0.331749	0.256321	-0.469209	0.265241	-0.627778	0.657673	0.284523	
-0.265956	0.306607	-0.687484	-0.8275	-0.77504	0.845201	-0.961363	0.326807	-0.294421	-0.356299	-0.067255	0.783635	0.135331	-0.497089	0.006293	-0.375413	-0.860316	-0.0694	0.183011	0.980375	0.55108	0.991093	-0.931494	-0.973062	-0.216237	0.003924	-0.7583	-0.518301	-0.271676	0.406054	0.108527	0.215229	0.368058	-0.262371	-0.390626	-0.019545	0.134697	-0.384226	-0.192233	-0.805659	0.435302	-0.106594	0.073602	-0.753556	0.944614	-0.068643	0.684921	-0.264655	-0.533613	0.099272	
-0.019004	-0.666994	-0.764702	0.352181	0.556295	0.467606	-0.680008	-0.202223	-0.44403	-0.288766	-0.984474	-0.435372	0.997702	0.493529	-0.195763	-0.282653	-0.236977	-0.849954	0.66309	0.813893	-0.254911	0.606434	0.776515	-0.87696	0.135366	-0.968656	-0.1422	0.467053	0.849331	0.585313	0.539578	-0.433614	-0.436314	-0.3461	-0.004002	0.49616	0.277923	-0.779084	-0.817996	-0.463833	0.516028	0.037823	0.398688	0.853015	0.692735	-0.209158	0.593224	-0.769359	0.617831	-0.745326	
-0.991526	0.751843	-0.078513	0.142366	-0.36995	-0.434907	0.285919	0.975441	0.712853	-0.183798	0.387474	0.457585	0.292396	0.366459	0.218201	0.96447	-0.126271	-0.987855	0.684485	-0.979823	-0.760484	-0.036545	0.472577	-0.027119	0.228322	0.741976	0.809876	0.223933	-0.319198	0.783027	-0.829001	-0.148203	-0.126268	-0.750692	0.529777	0.920348	0.607288	-0.835171	-0.149247	-0.883347	-0.915571	-0.034706	-0.136022	0.427073	-0.94494	0.222158	-0.384509	0.216465	0.029633	-0.487077	
-0.13427	-0.741186	0.140442	0.304398	-0.619022	0.058525	-0.20388	-0.654114	0.620601	-0.696132	-0.33545	0.454738	-0.551714	-0.782313	0.651926	0.604975	-0.09	0.441344	-0.740188	-0.391312	-0.36974	-0.592381	-0.342577	-0.755982	-0.468635	-0.226749	0.407703	-0.583679	-0.638889	0.831738	-0.089298	0.090934	0.784012	-0.118092	-0.040963	-0.140485	-0.454056	0.914453	0.797499	-0.851026	-0.402087	-0.095038	-0.264042	0.975721	-0.453423	-0.691073	0.234499	-0.023686	0.183051	-0.897298	
0.257167	0.771799	0.326774	-0.831709	0.975202	0.9977	-0.675924	0.477824	0.309724	-0.232563	0.116933	0.804141	0.535868	-0.473049	0.973837	-0.539273	0.540686	-0.59894	0.075603	0.617098	0.53108	-0.101647	0.324551	-0.173013	-0.122595	0.651066	0.357314	0.331203	-0.050858	0.324949	-0.212205	-0.362896	0.531705	0.084806	-0.627061	-0.657691	-0.665298	-0.990857	-0.478387	-0.825014	-0.817033	0.184831	-0.170724	0.681421	0.66914	-0.561666	0.824298	-0.430833	-0.309251	0.295948	
0.211862	0.900596	0.386621	0.389606	0.842549	0.541016	0.192225	-0.241079	0.687947	-0.33428	0.091275	-0.239481	0.66044	-0.293705	-0.645982	0.126335	-0.023817	-0.177028	-0.437053	0.275586	-0.81791	-0.153223	-0.332498	0.376139	0.723044	-0.847561	-0.956615	-0.802299	-0.131386	0.007934	0.170639	0.556537	0.613088	-0.165479	-0.234439	0.385589	-0.681001	-0.017338	-0.730237	0.375541	-0.751321	0.59979	0.725731	0.798055	-0.59328	0.685165	-0.468252	0.044744	-0.973811	0.158549	
-0.309292	-0.574669	0.985153	0.868599	0.073279	-0.070707	-0.385557	-0.878162	-0.187234	-0.033248	-0.508331	-0.053242	0.702634	0.495862	0.109743	0.595871	-0.492102	-0.693208	0.794751	-0.553433	-0.772109	0.868051	-0.274485	-0.652017	-0.120469	0.970342	-0.134927	-0.905324	-0.290421	0.2838	0.532603	0.947842	0.549448	-0.022399	-0.919089	0.479796	0.882801	0.760278	-0.960472	-0.185436	0.50037	-0.351298	-0.993161	0.539438	-0.095074	0.75	-0.306282	-0.901203	-0.150686	-0.034142	
-0.741156	0.286249	-0.883758	-0.319747	0.551709	0.708977	0.791173	0.980086	-0.558081	0.422242	-0.155617	0.856349	0.187142	0.216552	0.962614	-0.131687	-0.752586	-0.290113	0.830621	-0.067552	-0.796556	-0.258372	-0.645942	0.524866	0.221943	0.209358	-0.189006	-0.569577	0.025978	-0.554341	-0.147595	0.1511	-0.060393	-0.625864	0.061086	0.827574	-0.350455	-0.491019	0.65945	-0.877268	0.61513	0.494611	0.093847	0.977824	0.120023	-0.273884	0.581777	-0.544213	0.611807	0.289953	
0.286415	0.293024	-0.714922	-0.676134	-0.039788	0.004956	0.286018	-0.484843	0.917036	0.548126	-0.506965	-0.208609	-0.618998	-0.618742	0.413803	-0.929626	-0.892209	-0.413142	-0.070172	-0.354772	-0.190574	-0.605709	-0.026793	0.577841	0.029105	-0.182797	-0.293773	-0.013551	0.702119	0.922954	-0.285354	0.800173	-0.260744	0.092628	-0.977201	-0.800673	0.954385	-0.797775	-0.455006	-0.465545	-0.584988	0.698118	-0.162287	-0.165403	0.749667	-0.089472	0.864498	0.129868	-0.655655	-0.982928	
0.377241	-0.824252	0.679944	0.050736	-0.139996	0.225122	-0.452992	-0.330675	0.381959	-0.285753	-0.130387	0.261301	0.622447	0.282917	-0.494279	0.217417	-0.652034	-0.809649	0.756596	0.320068	0.106338	0.677992	-0.294064	0.61526	-0.685333	-0.524518	0.895933	-0.003719	-0.752857	-0.179812	-0.8026	-0.020813	-0.64927	0.095799	-0.838007	-0.580596	0.282146	0.145942	0.296768	-0.231781	0.329761	-0.56652	0.275126	-0.575757	-0.554457	0.996286	-0.696617	0.623521	-0.000978	-0.423237	
-0.020141	0.887239	0.675588	-0.223871	0.349584	0.871064	-0.047496	-0.407001	0.630336	0.443623	-0.727802	-0.108853	0.784537	-0.768203	-0.943963	-0.073655	0.525197	-0.664474	0.51164	0.124258	-0.158868	-0.096439	0.44227	0.089902	-0.962593	-0.145427	0.952587	0.288909	-0.513188	-0.405438	-0.649107	0.643695	0.520991	0.252105	0.577423	-0.21868	0.234136	-0.019944	0.882315	-0.424794	0.824037	-0.496895	0.455684	0.138097	0.001579	-0.739769	-0.494604	-0.528199	-0.531832	-0.984263	
0.865169	0.123912	0.942591	-0.159356	0.386801	0.508232	-0.764346	-0.567529	-0.298579	-0.543493	0.123627	0.44947	-0.36586	-0.900661	0.501818	0.809929	0.356355	0.007711	0.334491	-0.654953	0.383752	0.906403	-0.636062	-0.373402	0.841016	0.303075	-0.888041	0.189238	0.567367	0.610867	0.528245	-0.98794	-0.114922	-0.2596	0.235363	-0.667017	-0.213425	0.821679	-0.37634	-0.848646	-0.344673	-0.649076	-0.175681	-0.759123	-0.071432	-0.216966	-0.391865	-0.459163	-0.564619	-0.111388	
-0.141063	-0.959519	-0.94143	0.260931	-0.888296	0.497999	-0.894159	-0.819893	0.688701	0.908139	-0.826886	0.86716	-0.250985	-0.110639	-0.548827	-0.688118	0.567246	-0.760683	0.901315	-0.597517	-0.110028	0.116809	0.686143	0.942059	0.251723	0.608232	0.508625	0.150565	0.769385	-0.56283	0.909751	0.228991	-0.691234	-0.503975	-0.38615	-0.81083	0.114246	0.553074	-0.438261	0.904412	-0.574586	-0.164941	0.934785	-0.764367	0.396127	0.877299	-0.45067	0.922081	0.643263	0.355999	
0.790633	0.426583	0.952479	-0.142474	0.343223	-0.571654	-0.033674	-0.773652	0.795547	0.698942	0.462609	0.715282	0.723919	0.265022	-0.97843	0.197883	-0.587698	-0.229057	-0.532121	0.652758	-0.705765	-0.429663	0.19315	0.81626	0.320032	0.523461	0.336114	0.764009	0.51959	0.737609	-0.696163	-0.717635	0.68556	-0.238068	0.013747	-0.772146	0.124801	0.398685	-0.765177	-0.394577	0.158702	0.86062	0.626792	0.537723	0.079673	0.398518	-0.556733	-0.592514	0.765831	0.70539	
-0.355035	-0.205074	0.22433	-0.154773	0.232581	-0.984847	0.787167	-0.529471	0.604534	0.157475	0.024376	0.491454	-0.258841	0.52041	-0.524795	0.447178	0.676886	0.506208	0.453054	-0.094822	0.352411	-0.164914	-0.518633	-0.707193	0.858087	-0.470821	-0.496991	0.975753	-0.132393	-0.651597	0.707635	0.536371	-0.167553	-0.255208	0.005974	0.935105	-0.135098	-0.60093	0.549197	0.655052	0.94559	0.658325	-0.412783	-0.487556	-0.675382	0.46353	-0.696928	0.439695	0.171984	0.437464	
-0.712242	0.240771	-0.969547	0.613759	-0.582582	0.295286	-0.073882	0.641503	-0.281979	-0.615018	0.729429	0.405606	0.005872	-0.932795	0.415771	0.785713	-0.839712	-0.043199	-0.650801	-0.663455	0.363905	0.291709	0.867104	-0.438398	-0.362097	0.976984	0.394501	-0.367283	-0.281484	0.771547	-0.255457	-0.305866	0.471754	-0.302428	-0.700162	-0.446932	-0.496533	0.825814	-0.611719	-0.291756	-0.53401	-0.275663	0.31788	0.885768	-0.597484	0.681873	0.565758	-0.356916	-0.348057	0.356577	
0.852311	-0.497637	-0.360823	-0.043851	0.478114	0.743624	-0.491627	0.921004	-0.002829	-0.102525	-0.103062	-0.880994	0.705932	-0.713443	-0.631897	-0.239023	-0.734352	-0.393682	-0.128153	0.8037	-0.255754	-0.573425	-0.591935	-0.326292	0.951052	-0.0189	0.468217	-0.155023	-0.654859	-0.380128	0.805401	-0.632818	0.579313	-0.818577	0.831057	-0.068812	-0.235373	-0.047747	0.967959	0.30404	0.675059	-0.432164	-0.752002	-0.029543	-0.045985	0.565937	0.061152	0.899249	-0.697023	-0.954051	
0.370501	0.456969	-0.467816	-0.953872	-0.260928	0.878497	0.94052	-0.158597	-0.6361	-0.124413	-0.292087	0.561838	0.882155	0.14207	-0.884045	-0.876689	-0.10839	-0.052705	-0.702951	-0.966024	0.457437	-0.231835	-0.562216	-0.132594	0.543511	0.544939	0.166864	-0.049045	-0.495408	-0.779125	-0.883135	-0.527988	-0.102902	-0.89191	0.618399	-0.548369	-0.468357	0.20353	0.444647	-0.543108	-0.872502	-0.73035	-0.389448	-0.657525	-0.66303	0.780981	-0.506501	0.997694	-0.54756	0.941073	
0.019636	-0.241356	0.274572	0.745254	-0.456702	0.223391	-0.024773	0.544617	-0.635394	0.224695	-0.153988	0.716103	-0.456667	-0.54793	0.141844	0.190894	-0.819435	0.8453	-0.896157	-0.050566	0.81968	0.255225	0.695117	-0.301881	0.853793	-0.854598	0.869017	-0.738139	-0.750778	-0.203959	-0.12294	-0.634857	0.459947	-0.671477	-0.482731	-0.240603	0.89936	-0.643066	0.039834	-0.695805	0.114174	-0.308315	0.746177	0.333596	0.248266	-0.225441	0.923829	-0.317408	-0.245817	0.196357	
0.154262	-0.573923	-0.78816	0.917379	-0.8862	0.081136	-0.308153	-0.521846	-0.55445	-0.75238	0.398324	0.898632	-0.743161	-0.018599	-0.91188	-0.996927	-0.645369	0.347433	-0.583216	-0.253905	0.224812	-0.360245	0.893185	-0.560473	0.53064	-0.167007	0.066772	0.993371	0.809066	0.300699	-0.972442	0.218786	0.756407	-0.236796	-0.450752	-0.152899	0.280549	-0.346704	-0.531984	-0.968613	-0.49099	-0.031375	0.571023	-0.149505	0.03749	-0.26517	-0.098556	-0.09453	0.552349	-0.470811	
0.089225	0.945883	-0.692263	-0.870934	-0.110417	0.755483	-0.223753	-0.603737	0.56249	0.1451	0.932141	-0.619705	-0.149877	0.226846	0.874032	0.087105	-0.256899	0.558487	-0.79109	0.476133	-0.8846	-0.111175	-0.862367	-0.021662	-0.4703	-0.158393	-0.476406	0.133333	0.261836	-0.865759	0.061258	0.674653	-0.577263	0.293139	-0.542881	0.491839	0.22699	-0.244222	0.691161	0.029411	0.213388	-0.079227	-0.860166	-0.52609	-0.372351	-0.349743	0.376476	0.78986	0.025449	0.477964	
0.292466	-0.127124	-0.817783	0.173401	-0.250412	-0.855478	0.403705	-0.708488	0.179154	0.737152	-0.556589	-0.716058	-0.724941	-0.553777	-0.393461	-0.587665	-0.937509	0.589836	0.102139	0.525045	0.924175	-0.015337	-0.706718	-0.399737	-0.42147	0.204646	0.575857	0.13812	-0.300233	-0.059353	-0.384262	-0.505662	0.474069	-0.763023	-0.781928	0.320289	0.110088	0.283237	-0.750062	0.678686	0.067888	0.214861	0.027632	0.138036	-0.279122	0.506222	0.148294	0.536234	0.003103	0.236263	
0.383966	0.98341	-0.73638	0.309533	0.343204	0.756238	0.296757	-0.578691	0.457986	-0.785627	-0.952761	0.681707	-0.836794	0.410939	0.8435	0.994869	-0.942588	-0.024424	-0.3694	0.181935	0.441189	-0.501971	0.626762	-0.566345	0.189735	0.346019	-0.476594	0.013204	0.156362	0.626915	-0.483809	-0.088785	0.734565	0.522073	0.014138	-0.326124	0.116278	0.534087	-0.551891	0.913404	0.870138	-0.211888	-0.406168	-0.250262	-0.146009	-0.452121	-0.306214	0.178646	-0.862664	-0.921541	
0.572705	-0.339474	-0.54976	0.940832	-0.452657	-0.050771	0.30544	-0.3327	0.633698	-0.304009	-0.973439	-0.557672	-0.517236	-0.845243	-0.371451	-0.439414	-0.055698	0.537248	-0.946965	0.07947	-0.256384	0.625095	0.386762	0.622251	0.913027	0.563868	-0.235928	0.679944	0.277564	-0.236201	0.104514	-0.118723	0.526676	-0.776063	-0.656122	-0.114505	0.621678	-0.73281	0.561498	0.260649	0.158501	-0.931896	-0.905888	0.916499	-0.039642	-0.088485	-0.369381	0.912132	-0.08499	0.861566	
0.006667	0.006741	0.039871	0.025338	0.009906	0.03341	0.01439	0.002176	0.013695	0.02878	0.040731	0.007194	0.028481	0.023112	0.035529	0.033496	0.013691	0.001544	0.026342	0.008065	0.037846	0.025254	0.028354	0.024357	0.001398	0.010323	0.034632	0.005777	0.005581	0.005036	0.024092	0.019569	0.0318	0.013816	0.01911	0.016176	0.011684	0.031682	0.007323	0.007763	0.038427	0.030324	0.021077	0.011887	0.033965	0.038441	0.014413	0.015647	0.020737	0.01435	
0.002907	0.007114	0.03339	0.015009	0.035566	0.008403	0.024351	0.012105	0.024285	0.03158	0.031608	0.013153	0.034895	0.016432	0.032044	0.032577	0.007957	0.031005	0.017008	0.01898	0.028134	0.01718	0.001265	0.040129	0.020441	0.010899	0.022983	0.003196	0.00345	0.040086	0.028005	0.007323	0.001227	0.022081	0.019696	0.043982	0.010554	0.004538	0.025874	0.016075	0.023945	0.004576	0.016588	0.016368	0.0215	0.019659	0.035746	0.025689	0.031555	0.006887	
0.010265	0.007067	0.01099	0.008786	0.029442	0.013919	0.03707	0.006265	0.018425	0.0312	0.032759	0.038435	0.023289	0.002333	0.031895	0.000128	0.017801	0.018653	0.00901	0.019975	0.03606	0.030174	0.005436	0.036016	0.029334	0.024449	0.01243	0.015196	0.036073	0.002141	0.025127	0.018913	0.015252	0.019968	0.02649	0.00591	0.022829	0.002922	0.03016	0.034368	0.039624	0.042133	0.014979	0.033195	0.00738	0.001304	0.006877	0.029565	0.024414	0.003574	
0.011184	0.03072	0.030377	0.035211	0.03135	0.024962	0.015053	0.021776	0.025069	0.012722	0.027446	0.005699	0.019453	0.033346	0.031348	0.000387	0.017321	0.021266	0.014528	0.013837	0.025476	0.033352	0.034075	0.020117	0.02427	0.020591	0.00102	0.01166	0.004769	0.026722	0.002295	0.034258	0.017111	0.021554	0.035042	0.019387	0.013408	0.000115	0.019127	0.030368	0.005059	0.032675	0.010549	0.030926	0.030216	0.011842	0.029289	0.001036	0.024198	0.006438	
0.010097	0.023565	0.002701	0.039153	0.024299	0.022368	0.016416	0.001011	0.022712	0.034384	0.006993	0.009135	0.000332	9.7e-05	0.032293	0.016262	0.030047	0.028742	0.0032	0.031594	0.004239	0.024103	0.039453	0.033566	0.004987	0.038731	0.018278	0.036197	0.003177	0.008707	0.031775	0.011125	0.008135	0.028806	0.004833	0.001735	0.035074	0.003323	0.037665	0.016377	0.015606	0.029993	0.03589	0.032144	0.016217	0.026776	0.032626	0.01011	0.019018	0.035933	
0.028523	0.026826	0.006351	0.022016	0.036467	0.008944	0.027705	0.033783	0.024555	0.022333	0.034003	0.014702	0.009497	0.03561	0.022191	0.027524	0.012775	0.0308	0.000398	0.007637	0.013956	0.028392	0.006747	0.033959	0.00078	0.032746	0.029177	0.009987	0.015453	0.029945	0.029522	0.032064	0.02045	0.018815	0.000629	0.020711	0.01763	0.008522	0.036995	0.000886	0.031881	0.003718	0.027826	0.020795	0.020967	0.019664	0.004668	0.017866	0.013216	0.019393	
0.033916	0.035032	0.011787	0.000995	0.029359	0.031255	0.035969	0.03679	0.035341	0.022867	0.023178	0.029036	0.030674	0.020678	0.011689	0.010889	0.005051	0.035126	0.000623	0.025177	0.003563	0.007975	0.002415	0.020477	0.036072	0.008677	0.006429	0.000986	0.029583	0.033589	0.011933	0.019287	0.027391	0.032771	0.036346	0.013298	0.009343	0.006845	0.006074	0.016277	0.016376	0.034974	0.009418	0.026174	0.009294	0.00164	0.029203	0.027866	0.019964	0.030328	
0.04488	0.001074	0.030063	0.03903	0.000441	0.010249	0.020485	0.00762	0.019358	0.015167	0.004043	0.026416	0.008857	0.003467	0.040404	0.022021	0.005433	0.017997	0.042662	0.030999	0.028006	0.019121	0.0018	0.027646	0.019318	0.008698	0.00058	0.008528	0.003113	0.016733	0.021653	0.011677	0.018423	0.012053	0.009449	0.029897	0.040049	0.016359	0.016407	0.036868	0.016574	0.025439	0.039059	0.01447	0.044587	0.030123	0.007703	0.03646	0.008823	0.039718	
0.021465	0.02382	0.00795	0.022809	0.021796	0.024762	0.028345	0.010707	0.003259	0.035458	0.004717	0.009203	0.020449	0.008331	0.005135	0.018838	0.013606	0.035404	0.016803	0.024263	0.031045	0.012922	0.000662	0.001124	0.025055	0.027717	0.031245	0.031385	0.019804	0.02433	0.013637	0.003732	0.018935	0.022941	0.02385	0.031607	0.031465	0.016606	0.012567	0.028674	0.024639	0.035106	0.019872	0.032749	0.03668	0.013569	0.015178	0.030371	0.025013	0.0004	
0.023928	0.019818	0.031405	0.017058	0.024866	0.029111	0.0211	0.006137	0.027797	0.025748	0.022636	0.026166	0.009888	0.006164	0.014273	0.038632	0.012441	0.020779	0.008179	0.03634	0.015933	0.040069	0.043054	0.022142	0.044289	0.010902	0.005924	0.012836	0.010641	0.036177	0.014027	0.033785	0.012191	0.021723	0.016135	0.000435	0.016067	0.035786	0.014163	0.041933	0.018407	0.026474	0.025243	0.000183	0.015969	0.00505	0.016137	0.010297	0.003137	0.008425	
0.028598	0.032716	0.016288	0.018882	0.029372	0.026486	0.029465	0.010717	0.014513	0.030716	0.014935	0.006511	0.01567	0.021627	0.033319	0.01368	0.006345	0.033997	0.007575	0.017772	0.031401	0.017883	0.006914	0.027453	0.031817	0.023813	0.017601	0.033922	0.008938	0.012764	0.016942	0.013956	0.012541	0.029881	0.027939	0.005213	0.005609	0.023912	0.000865	0.006005	0.032822	0.027002	0.024173	0.023858	0.01461	0.031567	0.013286	0.028473	0.031338	0.008318	
0.021042	0.031338	0.004278	0.033979	0.029629	0.000432	0.024016	0.0018	0.029823	0.015963	0.037706	0.012988	0.031861	0.005885	0.009793	0.030666	0.007849	0.014733	0.000513	0.020572	0.003151	0.027638	0.038698	0.013995	0.041058	0.022204	0.028115	0.027869	0.030029	0.006005	0.016564	0.038585	0.02163	0.002594	0.017271	0.000157	0.022621	0.00311	0.037913	0.037961	0.030028	0.023974	0.000799	0.033309	0.016847	0.029933	0.026272	0.008077	0.02118	0.007547	
0.030348	0.007845	0.006175	0.003851	0.037265	0.036063	0.038332	0.004246	0.016693	0.002678	0.002105	0.026881	0.030196	0.025819	0.022039	0.026604	0.013917	0.021252	0.024174	0.002373	0.035919	0.026635	0.020257	0.034681	0.015412	0.004349	0.025274	0.014484	0.028721	0.019195	0.011999	0.044598	0.015243	0.003092	0.025043	0.036262	0.032763	0.018156	0.03281	0.00898	2e-06	0.024157	0.011395	0.009068	0.002859	0.007316	0.036999	0.01306	0.02245	0.039965	
0.011944	0.024127	0.037038	0.003927	0.018763	0.031639	0.025405	0.027804	0.017199	0.010145	0.002551	0.009758	0.001072	0.038068	0.025126	0.029934	0.021964	0.009791	0.036369	0.012059	0.02176	0.012728	0.035116	0.021456	0.011997	0.024121	0.005527	0.003771	0.033942	0.032039	0.010948	0.03239	0.012666	0.01683	0.031165	0.019273	0.019608	0.017974	0.026621	0.007403	0.007567	0.017996	0.016487	0.013735	0.036478	0.029204	0.027689	0.022535	0.021983	0.014308	
0.030617	0.035121	0.005273	0.016582	0.003561	0.017204	0.036204	0.022912	0.027612	0.03177	0.017535	0.027891	0.002687	0.022553	0.027139	0.007686	0.034551	0.009346	0.009747	0.034848	0.026414	0.025904	0.006793	0.004596	0.032109	0.037105	0.005672	0.004095	0.033516	0.02405	0.018166	0.016267	0.005092	0.007247	0.020769	0.012008	0.022268	0.009265	0.008908	0.010109	0.031274	0.033921	0.009547	0.008675	0.034037	0.022048	0.033678	0.032099	0.013468	0.030061	
0.004459	0.037954	0.01902	0.025797	0.017679	0.022644	0.034686	0.022536	0.034377	0.018226	0.014753	0.013632	0.02397	0.015423	0.001271	0.027935	0.002084	0.024817	0.015298	0.005916	0.019874	0.000591	0.038522	0.013148	0.02574	0.010008	0.023306	0.039135	0.029291	0.038677	0.035186	0.023806	0.004939	0.03148	0.006008	0.00093	0.024479	0.026702	0.021825	0.021819	0.006133	0.029129	0.032235	0.003991	0.036402	0.010607	0.008215	0.01777	0.006542	0.031033	
0.01021	0.027975	0.023539	0.03219	0.038711	0.001087	0.028886	0.01394	0.001775	0.01093	0.038338	0.037584	0.019553	0.026107	0.009504	0.004266	0.018902	0.035996	0.016373	0.039512	0.010278	0.011945	0.018176	0.025131	0.014978	0.019922	0.00763	0.021625	0.026277	0.034954	0.024336	0.011991	0.008525	0.003302	0.040845	0.007211	0.034146	0.00111	0.006328	0.026265	0.033645	0.030599	0.006813	0.008226	0.003352	0.037451	0.024995	0.0365	0.027632	0.000434	
0.036151	0.001786	0.038671	0.022318	0.019391	0.005904	0.003208	0.0291	0.001803	0.011304	0.023145	0.016745	0.000561	0.025841	0.001867	0.022274	0.015954	0.028081	0.039806	0.040701	0.041465	0.00233	0.04002	0.011035	0.002141	0.005029	0.012779	0.03714	0.027036	0.033281	0.033632	0.005644	0.032998	0.016116	0.000749	0.003632	0.036077	0.021551	0.041699	0.038221	0.006553	0.00883	0.023304	0.026273	0.032376	0.016038	0.020862	0.010102	0.016381	0.012095	
0.028721	0.027106	0.009692	0.028965	0.031354	0.003631	0.01146	0.015334	0.001726	0.030142	0.029341	0.004618	1e-06	0.026568	0.030443	0.032262	0.034376	0.035743	0.017386	0.027128	0.024581	0.032758	0.032014	0.014608	0.011523	0.032376	0.03189	0.007837	0.024995	0.023503	0.000277	0.014927	0.036978	0.001078	0.023904	0.018324	0.011778	0.001566	0.008384	0.020014	0.012007	0.004812	0.024158	0.006675	0.023565	0.034428	0.021973	0.013161	0.033202	0.026707	
0.032194	0.02377	0.009264	0.034051	0.022317	0.008459	0.03464	0.032484	0.014792	0.01798	0.014405	0.017912	0.029872	0.022532	0.03036	0.02407	0.00869	0.012172	0.018044	0.031543	0.032239	0.019952	0.005518	0.021524	0.018397	0.003264	0.019024	0.030512	0.004084	0.01359	0.026472	0.001373	0.021439	0.035576	0.006483	0.018892	0.015839	0.010979	0.003654	0.025073	0.011201	0.017263	0.031331	0.035596	0.002925	0.014567	0.029598	0.032651	0.026388	0.025045	
0.004756	0.034458	0.006629	0.03686	0.037801	0.036627	0.023449	0.036826	0.021255	0.034604	0.018652	0.020377	0.034122	0.00481	0.013154	0.021163	0.002869	0.016875	0.002052	0.004995	0.011395	0.004757	0.004152	0.033703	0.01364	0.017437	0.022222	0.028015	0.020481	0.001155	0.041483	0.020577	0.039707	0.001397	0.009936	0.020139	0.028128	0.017691	0.03781	0.002406	0.00765	0.033205	0.025672	0.010315	0.008659	0.011732	0.032645	0.033183	0.009931	0.038443	
0.013943	0.020007	0.034697	0.016834	0.016213	0.024727	0.023071	0.020519	0.003569	0.004371	0.01952	0.026017	0.011392	0.016989	0.021275	0.004699	0.028301	0.029593	0.035942	0.01509	0.032548	0.029931	0.011244	0.018765	0.002975	0.009661	0.006307	0.020158	0.000833	0.029186	0.023086	0.022497	0.016955	0.035025	0.022312	0.034238	0.019591	0.022359	0.008297	0.0406	0.02231	0.002352	0.002489	0.030699	0.017544	0.024724	0.036746	0.033227	0.026441	0.010131	
0.030309	0.025839	0.015087	0.023279	0.022895	0.002939	0.022596	0.028637	0.014873	0.018598	0.031951	0.024136	0.029272	0.032341	0.031314	0.020597	0.010492	0.015922	0.003893	0.025862	0.004273	0.022721	0.031885	0.029246	0.020009	0.019711	0.013451	0.021574	0.017652	0.029805	0.023208	0.02878	0.032758	0.011127	0.019596	0.006525	0.006038	0.019782	0.007606	0.002973	0.019901	0.000154	0.014123	0.021623	0.030186	0.015744	0.028574	0.030211	0.028696	0.011236	
0.021329	0.000566	0.028009	0.011225	0.037667	0.034124	0.01089	0.014415	0.017567	0.018188	0.039105	0.038533	0.029348	0.006163	0.012252	0.03119	0.0303	0.011064	0.006446	0.019194	0.035036	0.030976	0.014725	0.003975	0.01208	0.001105	0.023965	0.012304	0.01194	0.029539	0.015366	0.022354	0.010973	0.017557	0.035445	0.025686	0.026812	0.003912	0.029475	0.010318	0.015291	0.009408	0.005987	0.028866	0.027873	0.028603	0.013938	0.0261	0.034109	0.018707	
0.006921	0.001945	0.005398	0.035542	0.015303	0.014586	0.007152	0.033186	0.007655	0.032702	0.014689	0.005997	0.021538	0.030072	0.017572	0.037503	0.031776	0.006643	0.030152	0.010616	0.005693	0.009128	0.010397	0.00996	0.032258	0.016646	0.026037	0.034697	0.029871	0.019261	0.006767	0.027968	0.016659	0.017722	0.031144	0.032327	0.01971	0.026431	0.026881	0.037195	0.022947	0.015869	0.020926	0.01254	0.007895	0.0308	0.031266	0.016924	0.021551	0.015582	
0.019185	0.03451	0.003772	0.01559	0.013175	0.019119	0.008901	0.001363	0.017821	0.027806	0.024511	0.019913	0.008204	0.019416	0.004463	0.027825	0.02118	0.017925	0.034935	0.03065	0.006488	0.024646	0.035343	0.03532	0.030428	0.011927	0.019019	0.02793	0.025084	0.010991	0.030309	0.024009	0.011889	0.019536	0.010606	0.013789	0.013917	0.027973	0.031017	0.026749	0.030006	0.021275	0.002826	0.027654	0.019685	0.030202	0.00837	0.001963	0.026345	0.02444	
0.021414	0.021095	0.018821	0.003278	0.036392	0.01794	0.030654	0.018905	0.027988	0.025533	0.002384	0.004171	0.003589	0.03092	0.029872	0.036161	0.026824	0.026151	0.033202	0.018654	0.021964	0.02571	0.033678	0.029343	0.007307	0.012239	0.004671	0.020106	0.016253	0.020102	0.008208	0.031577	0.021633	0.026394	0.008196	0.00324	0.012278	0.035891	0.01037	0.032685	0.016067	0.036173	0.006111	0.026393	0.010469	0.034322	0.003676	0.00705	0.015203	0.028743	
0.008158	0.005784	0.034294	0.023118	0.029456	0.017234	0.012603	0.010614	0.012439	0.026295	0.013316	0.033843	0.034169	0.033739	0.003886	0.008907	0.034863	0.009589	0.033836	0.00978	0.034898	0.027289	0.029097	0.01644	0.0269	0.019802	0.029177	0.009474	0.002851	0.034593	0.016619	0.018413	0.02032	0.005819	0.006969	0.033309	0.027837	0.023338	0.026646	0.011126	0.033071	0.029246	0.014051	0.027427	0.005278	0.020104	0.01533	0.007508	0.019133	0.012012	
0.018939	0.029779	0.034712	0.02292	0.009061	0.014632	0.014661	0.015169	0.00553	0.004759	0.027658	0.032622	0.00353	0.004901	0.032699	0.035336	0.015097	0.001289	0.036689	0.022057	0.004849	0.023778	0.024098	0.034135	0.036453	0.005717	0.028553	0.011537	0.000555	0.037259	0.028225	0.029349	0.039181	0.003098	0.005912	0.026613	0.007799	0.032081	0.00151	0.030887	0.00369	0.035367	0.005334	0.021249	0.016476	0.030653	0.023567	0.012216	0.018649	0.03917	
0.034141	0.032883	0.014417	0.003059	0.018988	0.001158	0.000124	0.022834	0.008631	0.044198	0.01408	0.021464	0.034111	0.045342	0.030516	0.026506	0.02022	0.003091	0.019417	0.040421	0.002404	0.004677	0.010443	0.037926	0.03994	0.028086	0.016803	0.020042	0.000315	0.007963	0.006308	0.016798	0.012361	0.012137	0.014474	0.040253	0.009688	0.021994	0.046115	0.026908	0.011902	0.003509	0.032349	0.000788	0.029962	0.013091	0.036292	0.015383	0.014497	0.030991	
0.025872	0.002087	0.024701	0.002901	0.014003	0.0109	0.013944	0.004071	0.003924	0.01742	0.015905	0.008275	0.026143	0.019798	0.037068	0.010247	0.034454	0.013214	0.032065	0.03287	0.040062	0.033328	0.030535	0.03926	0.016235	0.009829	0.034794	0.011001	0.02954	0.034342	0.005319	0.020003	0.009402	0.028073	0.010954	0.003931	0.026822	0.021747	0.015877	0.00314	0.008162	0.019698	0.029462	0.024205	0.030013	0.027205	0.035146	0.039261	0.003075	0.009717	
0.037945	0.020826	0.011192	0.007823	0.000984	0.003564	0.010993	0.027658	0.012268	0.007312	0.005302	0.021935	0.00898	0.005982	0.008692	0.022282	0.007867	0.037557	0.004384	0.002589	0.024961	0.02448	0.033004	0.024569	0.031818	0.038066	0.03341	0.017818	0.03679	0.037475	0.029707	0.012365	0.016584	0.019167	0.023595	0.006459	0.01868	0.02208	0.027095	0.009285	0.038419	0.006707	0.039006	0.00876	0.010834	0.030592	0.035628	0.00604	0.033475	0.036996	
0.00375	0.027584	0.03603	0.022741	0.024754	0.006435	0.016015	0.031432	0.001054	0.010753	0.001905	0.039762	0.002448	0.011803	0.035906	0.01666	0.018167	0.023315	0.013904	0.03082	0.037482	0.035356	0.023083	0.038042	0.009877	0.000896	0.018485	0.013875	0.02359	0.029421	0.030143	0.012395	0.02427	0.027572	0.008871	0.031351	0.024592	0.002475	0.030455	0.022288	0.028553	0.026262	0.014158	0.00201	0.006642	0.031707	0.014879	0.034783	0.01063	0.010619	
0.035933	0.012095	0.018509	0.012519	0.003735	0.01645	0.039725	0.015489	0.035719	0.015433	0.007623	0.029693	0.005327	0.03584	0.016609	0.01401	0.028985	0.035437	0.035039	0.039638	0.027319	0.025487	0.039078	0.033334	0.004685	0.007435	0.013071	0.013714	0.007272	0.007396	0.018775	0.002441	0.026557	0.012535	0.014913	0.005787	0.032532	0.012277	0.010553	0.026421	0.011725	0.002198	0.031083	0.037928	0.012392	0.019712	0.016436	0.031231	0.020943	0.020962	
0.009492	0.036343	0.032084	0.026243	0.017932	0.02966	0.023753	0.036537	0.02796	0.032969	0.003649	0.025329	0.006735	0.007932	0.020996	0.024204	0.00188	0.003891	0.000867	0.020264	0.028592	0.036418	0.006815	0.023078	0.024365	0.005511	0.006894	0.007852	0.018707	0.004287	0.017544	0.015729	0.000708	0.0336	0.007178	0.02379	0.035836	0.005726	0.012839	0.026917	0.017887	0.020984	0.037455	0.031142	0.037669	0.027725	0.006954	0.037011	0.03732	0.014747	
0.03823	0.024659	0.023086	0.01563	0.030963	0.027868	0.015241	0.040047	0.040755	0.005222	0.014181	0.015187	0.002491	0.015459	0.015608	0.020966	0.0041	0.030018	0.002359	0.018219	0.019773	0.017416	0.026991	0.026938	0.020033	0.020245	0.002859	0.02569	0.014756	0.011048	0.004157	0.011829	0.003608	0.006967	0.040904	0.025848	0.023627	0.041147	0.023555	0.023821	0.024462	0.037819	0.002173	0.002853	0.035865	0.021506	0.023238	0.026325	5.5e-05	0.034203	
0.018426	0.012487	0.026099	0.002498	0.012993	0.022205	0.009672	0.000419	0.006011	0.023665	0.013604	0.027017	0.007973	0.022211	0.025787	0.025728	0.031714	0.002204	0.033651	0.035654	0.036796	0.013983	0.037998	0.026964	0.028041	0.035257	0.025504	0.013859	0.032459	0.013165	0.022698	0.005015	0.04474	0.007938	0.015046	0.040846	0.014496	0.015741	0.024105	0.010567	0.038444	0.012732	0.006465	0.012224	0.024557	0.005661	0.02247	0.027331	0.007156	0.017724	
0.011527	0.00542	0.025173	0.014242	0.039654	0.005916	0.038746	0.024554	0.031993	0.008605	0.012689	0.021042	0.003088	0.017731	0.032917	0.04418	0.026382	0.007519	0.022394	0.018519	0.004157	0.002542	0.039821	0.012207	0.00911	0.018779	0.010284	0.021237	0.035492	0.00675	0.025557	0.018482	0.039822	0.010362	0.0168	0.017094	0.018076	0.026015	0.030995	0.024086	0.037642	0.007421	0.030643	0.029348	0.000629	0.005262	0.037242	0.03138	0.004954	0.01552	
0.025135	0.007219	0.028368	0.033748	0.033594	0.011496	0.016991	0.032714	0.028606	0.015734	0.013414	0.016576	0.005341	0.033593	0.002279	0.029361	0.010903	0.021407	0.019521	0.016	0.010015	0.005741	0.008044	0.026265	0.014682	0.031993	0.014094	0.021966	0.030406	0.030496	0.034163	0.033308	0.002823	0.005125	0.034282	0.01109	0.010594	0.025626	0.002942	0.014708	0.029515	0.027808	0.033011	0.021039	0.026689	0.033946	0.006237	0.003608	0.022328	0.025456	
0.018947	0.032633	0.008697	0.023111	0.042257	0.043419	0.032161	0.005548	0.01075	0.009294	0.01908	0.010701	0.032096	0.000159	0.008594	0.024946	0.029137	0.004509	0.03827	0.033921	0.024339	0.014232	0.020738	0.020759	0.039991	0.007828	0.0277	0.033895	0.023871	0.030253	0.014077	0.009693	0.007294	0.032539	0.030807	0.002202	0.041602	0.017721	0.000171	0.007455	0.0067	0.001444	0.004555	0.004139	0.016972	0.025897	0.013719	0.02435	0.035385	0.031442	
0.017832	0.016417	0.008412	0.024211	0.011995	0.019747	0.034481	0.030916	0.019546	0.006806	0.03241	0.019157	0.024762	0.015222	0.018016	0.010869	0.01965	0.001061	0.032057	0.020615	0.019621	0.017866	0.015191	0.033651	0.030217	0.000846	0.030126	0.001342	0.032605	0.014933	0.007653	0.009835	0.019582	0.015332	0.033699	0.031488	0.010358	0.016387	0.021179	0.02601	0.032609	0.022239	0.021114	0.025851	0.034559	0.019855	0.018929	0.024173	0.002783	0.025785	
0.040096	0.023095	0.019404	0.031303	0.007937	0.023338	0.038974	0.007612	0.02982	0.002287	0.004042	0.013871	0.011962	0.044755	0.007433	0.005932	0.037772	0.038092	0.02027	0.021611	0.003462	0.020269	0.02673	0.00959	0.00979	0.016205	0.000161	0.01404	0.039344	0.017179	0.042248	0.027401	0.024659	0.022995	0.042303	0.008005	0.039234	0.011692	0.024846	0.0378	0.000107	0.032991	0.019161	0.007266	0.001346	0.006249	0.021262	0.017956	0.019221	0.006882	
0.030406	0.022132	0.032104	0.025812	0.022851	0.01911	0.029779	0.015277	0.031561	0.012071	0.025736	0.017705	0.010447	0.019508	0.030833	0.03058	0.003293	0.021672	0.009572	0.036365	0.00514	0.008122	0.02317	0.001326	0.021377	0.024069	0.031823	0.021242	0.025454	0.020093	0.008587	0.01552	0.032803	0.030747	0.010314	0.010371	0.017472	0.024528	0.026045	0.001163	0.023839	0.008139	0.013161	0.028624	0.004744	0.026123	0.031968	0.026899	0.007755	0.022568	
0.019971	0.037167	0.004367	0.000646	0.022431	0.008551	0.006217	0.009189	0.009323	0.019515	0.03821	0.021183	0.026499	0.023058	0.036552	0.01444	0.011667	0.00036	0.022956	0.018398	0.022723	0.001764	0.034762	0.017358	0.036026	0.010975	0.014314	0.029541	0.029732	0.01785	0.035693	0.030326	0.014634	0.020245	0.023936	0.000989	0.000915	0.034526	0.033032	0.03306	0.002181	0.018552	0.025779	0.001032	0.037836	0.025415	0.032968	0.033241	0.007787	0.022108	
0.013339	0.003803	0.007047	0.002712	0.03185	0.035884	0.006267	0.001498	0.012193	0.038932	0.026464	0.002882	0.026854	0.031159	0.013892	0.00865	0.027729	0.017286	0.026614	0.030143	0.040309	0.039559	0.008835	0.010941	0.029214	0.024769	0.03161	0.007455	0.023582	0.024763	0.031452	0.014538	0.02539	0.012267	0.038452	5e-05	0.023982	0.025586	0.001742	0.034299	0.038092	0.009136	0.029126	0.022082	0.024066	0.000158	0.005705	0.016885	0.002601	0.038156	
0.005446	0.0339	0.00373	0.005788	0.023947	0.018474	0.017498	0.006912	0.025327	0.031171	0.017262	0.037149	0.030162	0.032078	0.002664	0.028984	0.013552	0.001074	0.009492	0.038534	0.014619	0.014717	0.00454	0.019711	0.022793	0.005736	0.0192	0.008454	0.039746	0.020809	0.034436	0.033254	0.005644	0.038147	0.017499	0.003779	0.006149	0.037065	0.03081	0.036269	0.01496	0.00228	0.033252	0.032398	0.03086	0.030556	0.006644	0.027668	0.005392	0.019469	
0.046219	0.02346	0.016867	0.038312	0.0016	0.004224	0.045216	0.017801	0.039248	0.00999	0.036782	0.03067	0.018148	0.040457	0.00167	0.024653	0.040724	0.034109	0.027207	0.013126	0.006969	0.015523	0.00196	0.002173	0.014453	0.007558	0.011463	0.006431	0.046075	0.007748	0.005012	0.029187	0.012785	0.024284	0.037737	0.023925	0.018032	1.9e-05	0.026051	0.003979	0.028968	0.011689	0.031062	0.01732	0.004318	0.001311	0.012779	0.035755	0.018963	0.025988	
0.005368	0.01831	0.033578	0.003301	0.003488	0.02758	0.024127	0.023512	0.019243	0.016184	0.005527	0.007874	0.019911	0.027197	0.017703	0.004763	0.006575	0.021148	0.004536	0.033131	0.026394	0.028005	0.01217	0.013138	0.038303	0.00876	0.019382	0.038391	0.025008	0.024788	0.028921	0.013803	0.037782	0.029998	0.031079	0.01178	0.000862	0.02441	0.004022	0.024411	0.002812	0.028023	0.031568	0.038558	0.017411	0.033404	0.018447	0.027226	0.033265	0.004823	
0.033842	0.007089	0.038238	0.008195	0.000419	0.005213	0.031892	0.023429	0.018424	0.040791	0.024441	0.010105	0.029502	0.002057	0.02204	0.010915	0.024062	0.016603	0.013915	0.000323	0.031434	0.025888	0.019854	0.026879	0.030224	0.030407	0.011133	0.001774	0.032613	0.039079	0.024337	0.013029	0.012736	0.011787	0.021949	0.033218	0.000605	0.016073	0.001004	0.035821	0.023189	0.032984	0.022977	0.031924	0.019743	0.009064	0.023969	0.014476	0.031692	0.008643	
0.010072	0.036156	0.026176	0.039185	0.031598	0.030262	0.003459	0.036345	0.016187	0.035207	0.015141	0.007716	0.001504	0.018956	0.021799	0.024582	0.004142	0.004084	0.028665	0.009881	0.002187	0.013035	0.034116	0.032893	0.009547	0.018971	0.029753	0.028315	0.035507	0.027749	0.032513	0.02534	0.009222	0.011014	0.026729	0.038837	0.015609	0.024523	0.003872	0.007237	0.016605	0.011047	0.015415	0.004989	0.033232	0.001415	0.023268	0.037367	0.020393	0.008183	
0.001581	0.009449	0.010266	0.018436	0.02564	0.035961	0.041643	0.012887	0.008545	0.040691	0.031282	0.020367	0.00192	0.011959	0.042416	0.004177	0.036696	0.030319	0.026848	0.003798	0.012638	0.039945	0.023088	0.012912	0.026997	0.034887	0.006386	0.03358	0.003106	0.033779	0.019207	0.006488	0.014658	0.006923	0.040714	0.026921	0.023669	0.035364	0.019679	0.011946	0.039869	0.021975	0.005525	0.007033	0.004444	0.000581	0.019942	0.035939	0.006494	0.01043	
0.015418	0.019908	0.024137	0.034196	0.007117	0.018329	0.03221	0.004685	0.022721	0.035169	0.02471	0.032587	0.003834	0.031884	0.022438	0.000848	0.013117	0.005911	0.029623	0.022477	0.030234	0.025681	0.007774	0.00448	0.028032	0.028881	0.013859	0.027308	0.034584	0.009314	0.020753	0.026753	0.019088	0.01742	0.030224	0.022032	0.006691	0.003807	0.01406	0.02092	0.033847	0.014074	0.03459	0.034087	0.001084	0.015281	0.017044	0.031229	0.006793	0.018757	
0.033074	0.005713	0.015511	0.012538	0.005228	0.005107	0.026621	0.018333	0.012049	0.040278	0.013668	0.014482	0.00821	0.029854	0.006487	0.035507	0.042668	0.035449	0.038501	0.013374	0.002879	0.015988	0.019057	0.036734	0.025032	0.020201	0.001869	0.004643	0.006107	0.014903	0.031518	0.006101	0.007348	0.036536	0.03295	0.037474	0.017224	0.023912	0.003361	0.004142	0.043537	0.004491	0.040894	0.022757	0.014157	0.022387	0.005769	0.041307	0.040149	0.003921	
0.009511	0.003348	0.022247	0.024236	0.012465	0.014652	0.025063	0.018593	0.018299	0.007015	0.016708	0.009967	0.032913	0.007338	0.007961	0.035615	0.037235	0.008023	0.038932	0.003371	0.034433	0.026307	0.039046	0.033392	0.029981	0.010864	0.034285	0.020048	0.011782	0.038816	0.028753	0.031711	0.00109	0.024319	0.010998	0.012472	0.00199	0.007323	0.018779	0.022425	0.026933	0.035371	0.013338	0.022778	0.00563	0.003777	0.017175	0.027838	0.03555	0.019304	
0.009938	0.03222	0.006996	0.01671	0.034424	0.018123	0.020966	0.014669	0.01536	0.020197	0.033405	0.01287	0.017966	0.035601	0.019833	0.025216	0.023423	0.007283	0.023352	0.024044	0.022156	0.018782	0.001507	0.011485	0.016451	0.007671	0.023047	0.033531	0.036185	0.021431	0.027407	0.018113	0.026293	0.014882	0.02749	0.013231	0.025962	0.018129	0.022708	0.026648	0.001753	0.035609	0.003919	0.026258	0.035111	0.011296	0.022601	0.025948	0.003935	0.007865	
0.020767	0.004522	0.009779	0.002284	0.031848	0.040604	0.018728	0.025223	0.01061	0.011942	0.002249	0.013076	0.035312	0.005054	0.023376	0.027573	0.039309	0.024907	0.027845	0.020264	0.005992	0.024414	0.013871	0.032474	0.020424	0.0303	0.000534	0.018903	0.025503	0.004708	0.013658	0.031568	0.018335	0.030583	0.003816	0.007156	0.028789	0.033268	0.01577	0.000312	0.040761	0.019929	0.024621	0.028329	0.021961	0.026271	0.017384	0.032868	0.019599	0.012627	
0.012912	0.020877	0.010328	0.03111	0.041425	0.029054	0.026737	0.002578	0.013123	0.009276	0.002971	0.024583	0.013745	0.00965	0.029593	0.026369	0.005611	0.023943	0.040463	0.012079	0.03157	0.015762	0.000387	0.030559	0.014256	0.027471	0.035533	0.007571	0.032851	0.007101	0.033414	0.001373	0.028687	0.015899	0.007098	0.015659	0.002998	0.033926	0.041504	0.037397	0.014905	0.02982	0.018677	0.004355	0.000185	0.029987	0.019904	0.011878	0.039568	0.023278	
0.034215	0.030519	0.022981	0.020829	0.018334	0.031418	0.014644	0.028227	0.030189	0.021141	0.003112	0.01044	0.030846	0.018109	0.003391	0.03412	0.032579	0.025555	0.021503	0.007301	0.025467	0.014596	0.023876	0.004159	0.023489	0.009202	0.021871	0.006735	0.010561	0.027027	0.005103	0.018757	0.0313	0.010319	0.028499	0.021678	0.023332	0.015012	0.033716	0.003571	0.006453	0.024741	0.010897	0.031432	0.029202	0.013022	0.029709	0.012456	0.034284	0.010081	
0.008543	0.025628	0.007507	0.027899	0.016161	0.026295	0.012641	0.039936	0.034154	0.001211	0.020962	0.017524	0.00228	0.032287	0.030217	0.006952	0.012723	0.03086	0.035096	0.015444	0.041729	0.00084	0.019039	0.010115	0.001806	0.002916	0.024192	0.042246	0.019698	0.025349	0.037907	0.033691	0.017821	0.015673	0.022836	0.007596	0.007973	0.041065	0.006559	0.006569	0.025919	0.016204	0.032981	0.005636	0.029727	0.012987	0.001228	0.014426	0.034638	0.036314	
0.010582	0.028529	0.015542	0.022281	0.00128	0.014225	0.002277	0.006761	0.016298	0.013719	0.037378	0.004203	0.005741	0.022662	0.026052	0.010481	0.016136	0.037506	0.031479	0.009324	0.038918	0.036696	0.009159	0.033199	0.032359	0.0157	0.000368	0.013882	0.034725	0.023374	0.029836	0.02092	0.018785	0.023986	0.021756	0.030718	0.013485	0.039514	0.005325	0.037689	0.012347	0.037773	0.014365	0.019764	0.003545	0.021429	0.029821	0.035422	0.0013	0.011384	
0.035953	0.020788	0.010765	0.009191	0.023025	0.037743	0.031622	0.035458	0.001459	0.000846	0.026764	0.010769	0.005224	0.018357	0.036064	0.006131	0.033026	0.000497	0.032082	0.034652	0.022902	0.010187	0.012691	0.004693	0.029845	0.020719	0.031991	0.024667	0.034649	0.02172	0.033229	0.03538	0.005631	0.026277	0.003008	0.001827	0.022389	0.005846	5.1e-05	0.037006	0.024649	0.022125	0.003376	0.033852	0.020774	0.014275	0.018133	0.009901	0.031825	0.025966	
0.019686	0.03341	0.012597	0.023424	0.027708	0.029128	0.034078	0.009501	0.010806	0.009052	0.001081	0.028418	0.025977	0.038201	0.017928	0.0328	0.011813	0.007187	0.010682	0.015597	0.029738	0.009915	0.028096	0.010275	0.028368	0.034302	0.00443	0.012927	0.028094	0.025253	0.005903	0.016009	0.00316	0.007572	0.019748	0.008953	0.037283	0.005868	0.003551	0.025948	0.037361	0.035936	0.007422	0.02572	0.028395	0.034643	0.023652	0.024711	0.028782	0.008911	
0.02627	0.025906	0.029496	0.024314	0.035481	0.010218	0.027061	0.009016	0.034962	0.024785	0.018206	0.014241	0.032947	0.00041	0.001828	0.020701	0.019945	0.0198	0.00763	0.010287	0.031124	0.013129	0.026179	0.018897	0.019217	0.01932	0.011238	0.01667	0.028946	0.019487	0.030334	0.021859	0.034002	0.015469	0.03338	0.018301	0.029947	0.014945	0.0015	0.012606	0.002405	0.011982	0.028251	0.027765	0.012109	0.009613	0.024041	0.027297	0.013046	0.033437	
0.001422	0.013766	0.025345	0.003391	0.002748	0.00661	0.030913	0.016089	0.011524	0.032272	0.023206	0.029132	0.018868	0.033222	0.020533	0.004512	0.035493	0.004047	0.015217	0.009252	0.016754	0.019959	0.034475	0.036225	0.041052	0.03514	0.040679	0.037531	0.004787	0.012892	0.00612	0.014606	0.035733	0.025139	0.016439	0.00546	0.014929	0.02392	0.003294	0.005176	0.01754	0.022222	0.029453	0.017243	0.039317	0.027332	0.029027	0.007008	0.020184	0.022802	
0.010294	0.022119	0.022281	0.004944	0.006839	0.011416	0.009352	0.004295	0.029858	0.004554	0.025045	0.000527	0.018147	0.014273	0.021752	0.015947	0.01226	0.028106	0.031616	0.001939	0.020527	0.035592	0.024668	0.016689	0.039494	0.026046	0.039104	0.036243	0.024655	0.003347	0.019749	0.036756	0.009453	0.03674	0.017132	0.031341	0.017647	0.014459	0.026145	0.01914	0.01236	0.019645	0.035156	0.006675	0.010048	0.028442	0.010534	0.032569	0.023017	0.031063	
0.026664	0.012159	0.013303	0.01435	0.02341	0.030637	0.023767	0.031811	0.025453	0.030593	0.00165	0.017138	0.004509	0.003293	0.020531	0.026247	0.028272	0.028642	0.018337	0.012479	0.0324	0.031518	0.029145	0.022427	0.004297	0.030884	0.013283	0.012827	0.014145	0.017565	0.013866	0.015112	0.002764	0.029059	0.029028	0.029855	0.009109	0.008579	0.003186	0.03044	0.028016	0.017219	0.034352	0.00618	0.029633	0.034429	0.017427	0.029287	0.020508	0.010215	
0.038362	0.005446	0.011116	0.002252	0.027324	0.018478	0.028979	0.021874	0.001136	0.014569	0.018975	0.004701	0.014354	0.016748	0.033532	0.034069	0.027664	0.016504	0.011691	0.032727	0.000672	0.010438	0.030665	0.032043	0.002257	0.010562	0.025601	0.003205	0.025793	0.033748	0.033611	0.026032	0.010645	0.032611	0.024011	0.018627	0.002019	0.028436	0.027571	0.038956	0.030878	0.037002	0.039295	0.007138	0.02366	0.013189	0.010973	0.010259	0.011695	0.017907	
0.000269	0.030224	0.036445	0.022328	0.029657	0.011552	0.008002	0.021945	0.02917	0.002405	0.020053	0.022285	0.025132	0.015944	0.033658	0.030789	0.012185	0.017361	0.015431	0.001135	0.008711	0.002382	0.019239	0.014597	0.02834	0.003045	0.023012	0.014985	0.01972	0.019779	0.015376	0.035584	0.027973	0.017473	0.035716	0.009765	0.025801	0.035514	0.037009	0.01833	0.031355	0.022327	0.001216	0.02795	0.034739	0.002337	0.025287	0.021052	0.001923	0.033493	
0.02059	0.000895	0.022359	0.01826	0.013663	0.001346	0.019752	0.002068	0.029348	0.014904	0.033185	0.031638	0.025675	0.024697	0.000808	0.007294	0.019052	0.03991	0.035348	0.005443	0.006791	0.00997	0.021802	0.032279	0.028687	0.012572	0.036211	0.024189	0.009055	0.02768	0.013428	0.019385	0.000229	0.006128	0.037389	0.016601	0.033231	0.038232	0.01382	0.032902	0.011251	0.02309	0.011358	0.000988	0.022919	0.039949	0.026609	0.017786	0.022283	0.036951	
0.000112	0.00513	0.042578	0.014999	0.01495	0.026276	0.009164	0.009356	0.042294	0.034768	0.045727	0.01211	0.017183	0.032909	0.036869	0.021471	0.026313	0.013164	0.017685	0.020012	0.037533	0.025609	0.008688	0.026593	0.006976	0.004397	0.010483	0.036821	0.003373	0.014552	0.018179	0.034289	0.006364	0.007911	0.031968	0.007273	0.012527	0.008365	0.010185	0.00031	0.038991	0.014425	0.030708	0.017567	0.033764	0.032446	0.002705	0.026407	0.030959	0.016562	
0.014391	0.006353	0.023594	0.018408	0.027572	0.010318	0.002712	0.008605	0.001124	0.020139	0.010205	0.025829	0.012897	0.039845	0.009973	0.042045	0.004914	0.016315	0.00435	0.020161	0.011567	0.018701	0.02762	0.002057	0.03527	0.027105	0.002402	0.020979	0.044034	0.01972	0.016494	0.006894	0.004794	0.037608	0.017494	0.035772	0.03209	0.033803	0.004785	0.035406	0.045021	0.041699	0.033407	0.003492	0.015634	0.005175	0.015192	0.039177	0.001473	0.045385	
0.012878	0.034805	0.023337	0.02329	0.015617	0.029395	0.004221	0.036634	0.01541	0.013334	0.004091	0.025706	0.037972	0.035262	0.018372	0.035946	0.032949	0.0208	0.007806	0.009175	0.018003	0.033956	0.030751	0.012254	0.005311	0.005606	0.002473	0.008923	0.009928	0.016327	0.003031	0.007083	0.037602	0.015913	0.034647	0.016393	0.027168	0.029195	0.024919	0.03142	0.004882	0.034326	0.025523	0.017808	0.026874	0.008488	0.021449	0.024797	0.014706	0.013244	
0.017217	0.01704	0.022954	0.022794	0.013084	0.025699	0.037353	0.020848	0.038213	0.002969	0.00756	0.00213	0.037088	0.028847	0.01306	0.017144	0.013435	0.009345	0.020042	0.006455	0.031443	0.028888	0.02018	0.014457	0.017257	0.000903	0.012966	0.005556	0.038474	0.01125	0.034584	0.003927	0.029872	0.033506	0.040683	0.016002	0.021885	0.007288	0.029838	0.029482	0.014443	0.015058	0.014685	0.038432	0.001339	0.028409	0.00789	0.03177	0.01728	0.028976	
0.032278	0.02599	0.035884	0.030747	0.009758	0.006991	0.013821	0.019862	0.010689	0.012811	0.032025	0.033249	0.004182	0.024164	0.011509	0.014072	0.025006	0.005103	0.014769	0.019016	0.002478	0.033396	0.017713	0.022616	0.033565	0.007441	0.032217	0.013669	0.017724	0.014466	0.034688	0.031878	0.024632	0.032513	0.016256	0.003914	0.00492	0.021417	0.029861	0.007305	0.006233	0.023901	0.00887	0.020538	0.03567	0.023155	0.03111	0.023797	0.032871	0.00926	
0.026612	0.013596	0.027415	0.007615	0.020339	0.007279	0.012008	0.010544	0.001301	0.015795	0.010028	0.031842	0.00019	0.024098	0.008989	0.005975	0.001864	0.013139	0.035674	0.03457	0.022602	0.018823	0.018221	0.038127	0.030885	0.022302	0.021075	0.031944	0.029226	0.008921	0.017003	0.038267	0.033009	0.029706	0.035448	0.002979	0.000566	0.035549	0.026846	0.003973	0.0044	0.005713	0.033759	0.013622	0.031803	0.033178	0.033854	0.011282	0.026029	0.032015	
0.016216	0.01583	0.014649	0.016464	0.014559	0.023537	0.025108	0.026497	0.035863	0.006393	0.034271	0.00849	0.036841	0.021205	0.012369	0.017817	0.023592	0.018232	0.016832	0.017685	0.019821	0.005143	0.036428	0.005897	0.032036	0.035402	0.02339	0.03856	0.034804	0.019245	0.012209	0.004834	0.00449	0.038068	0.008138	0.003961	0.015152	0.005821	0.009655	0.005772	0.035385	0.027727	0.037519	0.035609	0.006938	0.000904	0.005906	0.032984	0.017022	0.03873	
0.009471	0.039696	0.028758	0.005998	0.038535	0.036869	0.015469	0.011192	0.035496	0.001819	0.008873	0.008487	0.034138	0.035185	0.004809	0.036471	0.026713	0.00919	0.019722	0.022518	0.033042	0.025901	0.029234	0.027785	0.005871	0.002714	0.025044	0.019756	0.013304	0.005547	0.015969	0.033742	0.005785	0.019243	0.02666	0.038646	0.033965	0.017761	0.005214	0.031487	0.014747	0.023895	0.021588	0.005294	0.018937	0.007203	0.023109	0.006866	0.023461	0.008821	
0.019445	0.023527	0.013739	0.026493	0.002609	0.001143	0.034381	0.006419	0.007912	0.019593	0.002849	0.037923	0.036156	0.030864	0.006506	0.03222	0.044049	0.042481	0.036549	0.037135	0.028299	0.035825	0.0198	0.010911	0.00777	0.022622	0.024652	0.005515	0.012865	0.031166	0.025919	0.005807	0.0466	0.004072	0.011641	0.001678	0.027597	0.012141	0.007506	0.008341	0.014414	0.004554	0.025255	0.016533	0.030529	0.026529	0.019744	0.000327	0.006871	0.042524	
0.019791	0.022083	0.020432	0.01177	0.002983	0.005078	0.035089	0.017231	0.003774	0.029651	0.015263	0.037813	0.03103	0.034408	0.024826	0.024813	0.006479	0.027526	0.029046	0.028559	0.004886	0.00733	0.02902	0.016371	0.031856	0.015643	0.010113	0.027115	0.036868	0.027675	0.03151	0.025164	0.002457	0.028998	0.002752	0.00492	0.016385	0.014614	0.002486	0.036417	0.021923	0.009521	0.031717	0.023453	0.006129	0.003137	0.022723	0.020981	0.024197	0.035994	
0.015821	0.033457	0.015981	0.014378	0.013164	0.005037	0.022531	0.006032	0.018323	0.030657	0.035935	0.009192	0.023858	0.020455	0.008827	0.028329	0.034809	0.034683	0.030991	0.032898	0.006121	0.012686	0.029799	0.018136	0.03395	0.023359	0.014868	0.007846	0.005583	0.01455	0.029066	0.035564	0.029448	0.015904	0.018076	0.029711	0.022537	0.032515	0.000504	0.026621	0.034209	0.003254	0.019039	0.018407	0.034457	0.016477	0.002735	0.015151	0.013447	0.000622	
0.008517	0.037691	0.028128	0.021221	0.004409	0.030448	0.011093	0.018893	0.011856	0.038821	0.031964	0.040526	0.000632	0.019204	0.003764	0.038836	0.026889	0.006229	0.020075	0.013255	0.012392	0.028635	0.012351	0.01389	0.030532	0.001831	0.013054	0.021963	0.014267	0.022284	0.002212	0.032696	0.003272	0.030794	0.024236	0.035459	0.037992	0.02891	0.021784	0.012008	0.02094	0.021237	0.037779	0.003482	0.008983	0.009831	0.005883	0.02315	0.038686	0.017016	
0.002904	0.009905	0.015472	0.018447	0.02203	0.021238	0.012554	0.009615	0.009487	0.003283	0.043065	0.008289	0.002296	0.009377	0.036218	0.020036	0.037108	0.006822	0.007329	0.03911	0.029703	0.020464	0.016986	0.005164	0.039154	0.015597	0.017323	0.034871	0.001758	0.006542	0.00548	0.023012	0.03429	0.029864	0.037537	0.032906	0.026786	0.020252	0.030267	0.037833	0.036412	0.019396	0.04214	0.017225	0.023577	0.013147	0.001493	0.005929	0.0014	0.038907	
0.024289	0.008914	0.008349	0.008646	0.021575	0.007589	0.030198	0.016549	0.010873	0.033309	0.014547	0.028392	0.032399	0.029432	0.00949	0.000596	0.005279	0.019291	0.023594	0.011124	0.028519	0.0275	0.007897	0.018435	0.030038	0.019944	0.033399	0.012728	0.028716	0.023881	0.029068	0.015037	0.01199	0.034876	0.021979	0.022994	0.032694	0.020312	0.03085	0.024326	0.004139	0.037548	0.021616	0.034101	0.033723	0.028589	0.006668	0.001656	0.002062	0.01028	
0.007814	0.00622	0.021959	0.004342	0.00746	0.033397	0.021826	0.006245	0.037372	0.029695	0.009446	0.016751	0.003175	0.003328	0.008785	0.032524	0.013358	0.02177	0.035992	0.007969	0.015212	0.006032	0.013257	0.038889	0.009668	0.016109	0.004874	0.042069	0.020182	0.029051	0.017228	0.000605	0.016022	0.01195	0.021472	0.038621	0.036873	0.008175	0.029899	0.039146	0.022074	0.031419	0.001127	0.036667	0.018	0.029441	0.031668	0.023141	0.039332	0.022369	
0.020116	0.003213	0.034214	0.020217	0.021649	0.002126	0.014635	0.017674	0.018867	0.014665	0.000174	0.002236	0.007002	0.021881	0.018443	0.006402	0.032798	0.040069	0.013274	0.039604	0.011211	0.03193	0.038338	0.014447	0.007056	0.036468	0.020168	0.032097	0.020651	0.032552	0.026859	0.00475	0.007762	0.003087	0.034855	0.022551	0.021418	0.02215	0.024202	0.021876	0.039004	0.017228	0.041153	0.024672	0.037372	0.001356	0.005012	0.005079	0.020117	0.02532	
0.004174	0.018435	0.029291	0.033196	0.00598	0.003846	0.042084	0.037244	0.010331	0.005518	0.002603	0.025418	0.027572	0.026427	0.006404	0.007039	0.00728	0.014121	0.015664	0.00373	0.014213	0.004137	0.017046	0.000823	0.021414	0.015305	0.043238	0.043139	0.033215	0.001619	0.046944	0.036513	0.005311	0.003797	0.021208	0.026184	0.035327	0.020842	0.003701	0.002639	0.035174	0.012059	0.041642	0.041529	0.008322	0.027139	0.015399	0.012579	0.045222	0.037963	
0.010047	0.041549	0.025999	0.007887	0.029847	0.034303	0.029158	0.031321	0.038503	0.012899	0.02659	0.026845	0.014818	0.014887	0.027695	0.037358	0.000137	0.023725	0.00927	0.01227	0.036039	0.013301	0.001398	0.021841	0.0056	0.00669	0.036462	0.035635	0.032369	0.00645	0.03107	0.035523	0.027809	0.033402	0.031907	0.014892	0.019347	0.006886	0.021417	0.001274	0.006152	0.015317	0.030078	0.005015	0.033876	0.01672	0.004847	0.002691	0.010027	0.000857	
8.4e-05	0.038356	0.000896	0.037687	0.023511	0.013505	0.006112	0.001278	0.030766	0.037993	0.026776	0.009458	0.02415	0.008407	0.000922	0.009305	0.035511	0.033582	0.038161	0.006591	0.007881	0.034883	0.035438	0.03562	0.018963	0.01109	0.01562	0.036227	0.028106	0.029713	0.011127	0.003938	0.015443	0.009602	0.0152	0.034886	0.036016	0.002561	0.007027	0.032605	0.011779	0.01844	0.00369	0.016942	0.038671	0.013222	0.036325	0.026631	0.013275	0.016028	
0.009042	0.032073	0.029078	0.019341	0.008611	0.032158	0.007505	0.032326	0.037054	0.008984	0.022999	0.025924	0.001995	0.017683	0.033805	0.028876	0.000609	0.031779	0.030398	0.032928	0.020519	0.027644	0.01396	0.001719	0.006918	0.018003	0.031702	0.016183	0.036907	0.02933	0.003903	0.037528	0.008256	0.023649	0.027676	0.016511	0.03505	0.000784	0.013616	0.016865	0.018191	0.013625	0.014507	0.019667	0.022761	0.025808	0.008822	0.006164	0.025592	0.014972	
0.024216	0.00252	0.006894	0.03716	0.014299	0.040937	0.034396	0.006511	0.008646	0.009603	0.040756	0.015481	0.028399	0.010268	0.040284	0.000974	0.016565	0.028324	0.012641	0.012912	0.011337	0.008857	0.016812	0.03592	0.005651	0.002618	0.040668	0.020306	0.032354	0.02119	0.010158	0.030245	0.025052	0.00207	0.005677	0.022967	0.027516	0.026173	0.027522	0.037547	0.040403	0.01809	0.002129	0.024894	0.019965	0.00615	0.03242	0.024757	0.017774	0.010992	
0.026819	0.032981	0.035886	0.006461	0.023477	0.024529	0.018458	0.000478	0.028303	0.023753	0.030795	0.03011	0.009836	0.016235	0.010554	0.029711	0.028369	0.021984	0.00193	0.011051	0.019454	0.014817	0.020614	0.025431	0.036685	0.005647	0.023541	0.02973	0.036467	0.004111	0.022737	0.00189	0.004279	0.022684	0.032305	0.008187	0.02035	0.033802	0.004266	0.025766	0.023722	0.00511	0.033128	0.03611	0.036592	0.019403	0.009125	0.007727	0.000625	0.023975	
0.030335	0.012322	0.007929	0.015897	0.035293	0.012335	0.034058	0.037546	0.029949	0.007246	0.038017	0.001551	0.000705	0.007728	0.006142	0.007799	0.034411	0.036698	0.012691	0.024421	0.020013	0.007356	0.031748	0.014731	0.012166	0.023198	0.019447	0.002137	0.012567	0.000736	0.02693	0.02099	0.016863	0.001558	0.038541	0.01444	0.016201	0.027535	0.021469	0.015781	0.03815	0.026482	0.019103	0.035102	0.030513	0.015408	0.013965	0.014207	0.033267	0.036323	
0.014993	0.004615	0.035544	0.038368	0.031724	0.014196	0.008824	0.00197	0.024063	0.02103	0.027549	0.033494	0.013366	0.021838	0.001347	0.019984	0.008078	0.017296	0.005727	0.000482	0.038484	0.030723	0.034351	0.018129	0.003411	0.035482	0.040668	0.010748	0.039574	0.000592	0.02525	0.02315	0.022726	0.008314	0.02547	0.021553	0.008578	0.031449	0.019577	0.01041	0.022384	0.013192	0.021032	0.038727	0.026317	0.00768	0.018567	0.026254	0.001004	0.031716	
0.033574	0.006605	0.035698	0.024664	0.018029	0.039022	0.003947	0.010576	0.025626	0.017087	0.016164	0.020425	0.035238	0.006987	0.027602	0.034204	0.013206	0.003315	0.03731	0.026771	0.034597	0.020099	0.019772	0.000741	0.011448	0.026949	0.037666	0.008004	0.010904	0.038739	0.001318	0.037753	0.019999	0.027623	0.007185	0.025457	0.008382	0.032588	0.029798	0.017109	0.012029	0.002557	0.008589	0.026023	0.021097	0.006496	0.015756	0.014561	0.029812	0.010899	
0.035711	0.023328	0.023121	0.017527	0.029685	0.011139	0.028134	0.00978	0.032989	0.028918	0.028629	0.022074	0.008809	0.028333	0.036506	0.020427	0.024126	0.008473	0.032215	0.036032	0.000853	0.021636	0.02773	0.018983	0.026914	0.006549	0.00175	0.013219	0.02096	0.009144	0.005057	0.036757	0.007352	0.0021	0.034201	0.029033	0.036522	0.00151	0.004266	0.01634	0.018731	0.016199	0.000262	0.016763	0.004579	0.009781	0.031289	0.030456	0.03542	0.029688	
0.009023	0.01438	0.035461	0.027348	0.001996	0.027577	0.001419	0.021395	0.034962	0.031628	0.026023	0.005706	0.030453	0.018183	0.01528	0.020922	0.033612	0.02491	0.019713	0.031849	0.010752	0.0263	0.013095	0.014011	0.029414	0.013012	0.006137	0.02609	0.000652	0.0143	0.020576	0.026142	0.019404	0.013811	0.022693	0.022019	0.017647	0.029658	0.011315	0.000481	0.024927	0.012671	0.009514	0.036231	0.023771	0.036587	0.022554	0.036499	0.018476	0.009421	
0.045469	0.02793	0.014986	0.03817	0.033992	0.009396	0.027014	0.020381	0.037364	0.000883	0.001259	0.004606	0.024987	0.024552	0.011955	0.012642	0.028316	0.011317	0.006948	0.03218	0.013797	0.045442	0.002834	0.000172	0.013093	0.027402	0.021022	0.018041	0.001371	0.028195	0.017859	0.012046	0.039698	0.011583	0.008347	0.022835	0.001116	0.04198	0.035463	0.000869	0.024984	0.028534	0.005235	0.006883	0.005033	0.024609	0.004627	0.041283	0.045699	0.035601	
0.028824	0.018253	0.000159	0.022766	0.005607	0.025545	0.007927	0.006879	0.01947	0.034726	0.009888	0.017139	0.007026	0.00202	0.0093	0.022811	0.033601	0.032234	0.032549	0.023573	0.031752	0.01997	0.03516	0.010679	0.023471	0.03041	0.024494	0.017538	0.01309	0.023537	0.022047	0.025396	0.034159	0.020104	0.002601	0.011318	0.017284	0.035475	0.018128	0.037136	0.033944	0.023963	0.025646	0.012494	0.006646	0.005695	0.010455	0.015403	0.037652	0.014056	
0.022714	0.039591	0.024488	0.038638	0.008901	0.00136	0.038124	0.006372	0.002081	0.026636	0.01143	0.015425	0.0043	0.019567	0.004138	0.007354	0.033209	0.013778	0.032058	0.022588	0.021585	0.018551	0.009736	0.003121	0.038218	0.02645	0.029023	0.037824	0.014204	0.016541	0.039984	0.004318	0.020931	0.035061	0.040511	0.024577	0.039884	0.020392	0.012239	0.008398	0.023106	0.020965	0.015421	0.001553	0.011913	0.013078	0.001865	0.012996	0.02369	0.041113	
0.036113	0.036439	0.01761	0.01785	0.001938	0.034132	0.003168	0.012809	0.037649	0.032626	0.006166	0.029384	0.011485	0.000392	0.013988	0.038424	0.026081	0.019924	0.037566	0.001737	0.042335	0.002059	0.030462	0.006803	0.009295	0.010903	0.037146	0.020027	0.032391	0.027002	0.011727	0.02072	0.041759	0.027538	0.021057	0.017129	0.008221	0.004628	0.005927	0.008439	0.034672	0.032793	0.019636	0.006913	0.004768	0.020549	0.015813	0.019465	0.019773	0.024569	
0.97