50
2
-0.204742	-0.143406	-0.781321	-0.335761	0.704357	-0.140394	0.117617	-0.39086	-0.631908	-0.802811	-0.932883	-0.138467	0.581388	0.042461	-0.444387	-0.806053	-0.143021	0.652865	0.151388	0.4426	0.891922	0.11209	0.045027	-0.399501	0.663864	0.290255	0.816949	0.364105	-0.528105	0.5045	-0.009935	-0.227656	-0.633235	-0.252553	-0.706913	0.538754	-0.629547	-0.12157	0.070317	-0.498372	0.436865	-0.172457	-0.033176	-0.804092	0.926972	-0.924444	0.928692	0.858666	0.107754	-0.509636	
0.628843	0.537851	-0.949384	-0.72979	0.73107	0.948738	-0.010154	0.869827	-0.687913	-0.358905	-0.703708	-0.346536	-0.063314	-0.935756	-0.351804	0.609181	0.888627	-0.017038	0.66522	-0.109793	0.044517	0.438071	0.840238	0.95439	0.078865	-0.006532	-0.868026	-0.973957	-0.490126	-0.453874	0.993028	-0.272218	0.370522	0.879443	0.568266	-0.815785	-0.446237	-0.672646	0.755569	0.301997	0.704442	-0.951507	0.411086	0.56494	-0.309829	-0.015978	-0.526651	-0.79648	0.635729	0.331851	
-0.211296	-0.828425	-0.593679	0.547206	0.274895	-0.715889	0.498982	-0.887733	-0.188363	-0.924865	-0.780885	-0.638344	0.018643	0.430721	-0.11601	-0.987672	0.114076	0.478945	0.406318	0.663259	0.676906	0.531484	0.669838	0.183145	0.102005	0.338508	-0.391042	0.921373	0.269301	0.794539	0.855871	-0.223103	-0.148244	-0.749675	-0.987559	-0.460637	-0.920468	-0.024112	0.839375	-0.631294	-0.993622	0.765821	0.812826	-0.018153	0.993652	-0.354271	0.015963	-0.503544	-0.474163	-0.735881	
-0.688254	-0.463797	-0.277079	-0.199718	-0.121224	0.565634	-0.104915	0.956111	-0.319939	-0.733125	-0.620648	-0.250137	0.581204	-0.309053	-0.60501	0.541637	-0.348588	-0.505824	-0.08265	0.577905	-0.809934	-0.146069	-0.104292	-0.969803	0.212095	0.435812	0.2985	-0.161763	-0.68459	0.482515	0.377619	0.168794	0.49265	0.885648	-0.367748	0.038771	-0.07811	0.821641	0.793915	0.231456	-0.01786	-0.869972	-0.370288	0.688581	-0.293355	0.838476	-0.749451	-0.335097	0.676721	0.598061	
-0.893742	-0.046899	0.792675	0.814866	-0.468134	0.620316	-0.838492	0.788024	-0.582311	0.473797	0.156654	-0.233937	-0.529115	-0.783638	0.594962	-0.669207	-0.053147	-0.902101	0.383	0.568623	0.470159	0.394821	0.585383	0.133393	0.873616	0.874053	0.086458	-0.270223	0.204037	0.859301	-0.464262	0.632693	-0.420311	-0.835827	-0.632399	0.471491	-0.757711	-0.957912	-0.872639	0.342882	-0.052976	-0.357117	0.480111	0.584143	-0.742814	-0.386897	-0.222569	0.734815	0.274314	0.638128	
-0.828306	0.096702	0.862827	0.066517	-0.717333	-0.35831	0.588444	-0.242176	0.330107	0.035074	0.394517	-0.526482	-0.361415	-0.655669	-0.359101	-0.462644	0.139632	0.860425	-0.040982	-0.90171	0.039351	0.309831	0.491385	-0.330904	0.998825	-0.280605	0.858634	0.754108	-0.922867	0.43759	-0.020087	0.502025	-0.226426	-0.77099	0.240651	0.343727	-0.144889	-0.025053	-0.962962	0.700336	0.666248	0.45846	-0.945836	-0.770304	0.674112	0.77251	-0.249602	0.149243	-0.825971	-0.5926	
-0.658176	-0.134949	0.116301	-0.287644	-0.721112	-0.780588	-0.997918	0.919328	-0.661612	0.918914	0.286829	-0.893703	0.731224	-0.701797	-0.4008	-0.119791	0.849225	-0.369101	0.709148	0.111668	-0.654251	-0.488804	-0.290804	0.78762	-0.960261	-0.047557	-0.069191	0.813384	-0.348913	0.149436	0.217882	0.188091	-0.089604	-0.384075	0.493938	-0.568865	0.707101	-0.191522	0.645102	-0.706178	0.933409	0.438595	0.740441	-0.821399	0.36333	-0.555379	-0.301611	-0.636955	-0.660064	-0.769553	
0.513633	-0.622812	0.562852	0.54481	0.5124	-0.36509	-0.84778	-0.55987	-0.852193	0.777108	0.073328	-0.673625	0.396611	0.385228	0.113412	-0.305987	0.609852	-0.395868	-0.963121	0.074674	0.033736	-0.907024	0.446654	-0.619647	-0.638252	-0.14084	-0.180583	-0.831267	0.094069	0.048473	-0.240963	0.342901	0.951726	0.09199	0.098159	0.600174	0.059084	-0.530045	-0.287287	0.830442	0.000934	0.497533	-0.42915	0.819164	0.316677	0.821081	-0.047254	-0.593248	-0.783002	0.534851	
0.820326	-0.975796	0.702048	-0.743827	-0.190572	0.031722	-0.134419	-0.888615	0.809964	-0.758711	0.261706	-0.612316	-0.0227	-0.023222	0.954136	-0.129315	0.875781	-0.970861	0.87035	0.19457	-0.736718	0.497499	0.468273	-0.651258	0.220448	-0.254903	0.399488	-0.921908	0.293171	-0.861046	-0.486648	-0.433313	-0.480297	-0.197755	-0.422439	0.164068	0.159842	-0.038898	-0.908065	-0.424967	0.060057	-0.474814	0.612377	-0.194813	0.584559	0.982569	0.589188	0.334283	0.367692	-0.360405	
-0.419807	0.620878	-0.61771	-0.231522	0.34373	0.149732	-0.727279	-0.848253	-0.638945	-0.369776	0.688785	0.27314	0.395095	0.936208	-0.297398	0.327129	0.541412	-0.122337	0.051531	-0.175577	0.152927	0.703743	-0.817397	0.847098	0.179071	-0.650332	-0.396895	0.817125	-0.622673	-0.327141	-0.207337	0.327902	0.972783	-0.396596	-0.303904	-0.293899	-0.663199	-0.581188	0.501989	0.256278	0.573879	-0.142846	0.087559	0.862749	-0.82099	-0.667648	-0.585443	-0.555239	0.67829	0.124628	
-0.757039	-0.818566	0.798665	0.260973	0.790641	-0.21849	0.306306	0.499129	0.930701	-0.733701	-0.010328	-0.023302	-0.848323	-0.549661	0.672505	0.127702	-0.883468	-0.088679	-0.778756	-0.308121	-0.199644	-0.851335	-0.712449	-0.861478	-0.304912	-0.616404	0.285087	-0.660894	0.85991	-0.517551	-0.286412	0.343292	-0.011679	0.017366	0.540161	0.032301	-0.162185	0.734684	0.294286	0.582437	0.873847	0.052382	0.105694	-0.957379	0.976054	-0.187527	0.165144	-0.215262	0.924966	0.695354	
-0.176952	-0.417651	-0.227556	0.61192	0.368233	-0.586573	0.005626	0.305688	-0.419025	-0.470145	-0.994342	-0.989954	-0.586695	-0.399365	0.968823	-0.732988	-0.938166	0.048977	0.662264	0.83264	0.55431	-0.049188	0.5747	0.074108	0.460547	-0.842931	0.624156	0.464869	-0.624792	-0.333574	0.466313	-0.848466	-0.631223	-0.026191	-0.50376	-0.836502	-0.163718	-0.562076	0.83746	-0.311205	-0.972653	-0.017954	0.67299	0.732008	0.058963	-0.664658	0.563478	0.672508	0.224827	0.619671	
-0.256419	-0.845017	0.927615	0.604127	0.005836	0.682723	-0.824961	-0.226356	0.20277	0.700507	0.200505	-0.744088	0.337271	0.668284	-0.475151	-0.282153	0.159844	0.804564	0.818763	-0.723007	0.871579	0.971668	-0.425367	-0.009566	-0.611282	-0.011661	-0.027919	0.991452	0.714389	0.373909	0.441939	0.211787	0.292088	-0.428274	-0.955767	0.096293	-0.873375	-0.201419	0.741386	0.890176	-0.453323	0.990494	-0.784979	0.677818	0.062229	0.458454	0.765462	0.19865	0.103066	-0.962071	
-0.872582	0.64037	-0.421049	-0.405926	-0.525315	-0.837369	0.733168	0.963687	-0.462278	0.661785	0.997438	0.431179	0.738059	0.951978	-0.375287	-0.587633	0.829954	0.073446	0.009508	-0.047233	-0.297048	-0.109092	0.751216	-0.413063	0.797542	0.315954	0.80317	0.801349	0.97582	-0.293941	0.653751	0.604603	-0.29833	-0.000849	0.785216	-0.668609	0.532411	0.275238	-0.055591	0.748917	0.864955	0.511514	0.019486	-0.219469	-0.333979	0.884826	-0.688066	-0.293733	0.681471	0.496501	
0.830083	0.920005	0.251947	0.056412	-0.243003	-0.119477	-0.679373	0.472907	-0.136899	0.356476	-0.528079	-0.425309	0.059053	-0.819891	0.056361	0.463177	-0.129243	0.228254	-0.004832	-0.355844	-0.267165	0.385783	0.138884	0.670083	0.067843	-0.319922	-0.756063	-0.366258	0.054058	-0.96548	-0.482984	0.12488	0.754101	0.235777	0.333536	0.764992	0.965783	-0.958969	0.568778	0.44215	0.281489	0.015014	0.308547	-0.858628	-0.247564	-0.558031	0.593965	0.157196	-0.13051	0.468303	
0.202736	0.409706	0.047251	-0.78546	0.277441	-0.16697	0.15657	0.413271	0.024623	0.797574	0.446975	0.763377	0.823436	0.849474	-0.168305	-0.955447	-0.670161	-0.560364	-0.808569	0.684294	0.165347	0.585332	0.751007	-0.414596	0.485455	-0.800893	0.584823	0.192776	0.649314	0.88129	-0.535653	0.593019	-0.004674	0.936742	0.553913	0.747695	-0.473718	0.557648	0.493927	0.579066	-0.601201	-0.416215	0.403799	-0.208599	-0.499217	0.594809	0.820062	0.97871	0.932403	0.717723	
-0.832207	0.616462	0.446187	0.092313	0.38634	0.255432	-0.927604	0.614908	0.920993	0.180221	0.057704	-0.607016	0.448884	0.493882	0.466916	0.002049	0.475832	0.448004	-0.424431	-0.557344	-0.232285	-0.798108	-0.315813	0.549771	0.135198	-0.682105	0.166973	-0.196512	0.824354	-0.532993	0.857777	0.904634	-0.390286	-0.137766	-0.050436	0.411686	0.890148	-0.754617	0.897013	0.426221	-0.251356	-0.53121	-0.334174	-0.023514	-0.319113	0.623263	-0.703135	0.734108	0.592178	-0.806586	
0.427687	-0.189263	-0.14671	0.674746	-0.037794	0.481995	0.89854	0.909685	-0.247535	0.598385	0.704107	-0.685603	0.956326	0.494717	-0.070453	-0.578923	0.111705	0.337851	0.299565	-0.877124	-0.640631	0.228165	-0.839993	-0.305638	0.198576	-0.238374	-0.13077	0.559457	0.233537	0.50695	0.347343	0.291287	0.006581	-0.16376	0.552264	-0.96624	0.655288	0.881657	0.268417	0.649634	-0.774207	-0.297835	0.056725	-0.527496	-0.654359	0.652527	-0.432824	0.339083	0.641982	0.021338	
-0.141976	0.083011	0.681229	-0.956289	0.127895	-0.428166	0.239658	-0.708541	-0.899645	-0.240316	-0.40549	-0.394687	0.673386	-0.868744	0.593581	0.403975	-0.289413	0.996781	0.080772	0.460772	-0.002382	-0.984007	-0.011231	0.815693	0.1673	0.689934	-0.99522	0.686893	0.397463	0.430215	0.509893	0.355903	0.865873	0.846498	-0.878591	0.596658	0.02195	-0.035795	0.783476	0.874233	0.815031	0.546398	-0.287893	0.688757	-0.578851	0.582083	0.933682	-0.864668	-0.394087	-0.854853	
0.48863	0.267109	-0.46851	-0.202685	0.092783	-0.046571	-0.025459	0.013669	-0.130678	0.271506	0.297088	-0.277602	-0.276229	0.816839	-0.725928	-0.941814	-0.430139	0.551594	-0.545493	0.98552	0.665176	-0.897094	-0.444262	0.596923	0.799995	-0.904286	0.327844	0.213855	0.176726	-0.541372	-0.544828	-0.251141	0.829975	0.047226	-0.144421	-0.296396	0.570103	0.82492	-0.450639	-0.38464	0.232987	-0.941294	0.303396	-0.156518	0.216992	-0.168254	0.632252	-0.226032	-0.799112	-0.481739	
-0.804572	0.056509	-0.577673	-0.426656	0.122014	0.404417	0.897548	-0.490672	-0.842255	0.002484	-0.227787	0.457662	-0.61529	0.355949	-0.375535	0.719367	-0.383722	0.9799	0.63927	-0.869601	-0.31254	0.804471	-0.913911	-0.392525	-0.451655	0.20138	0.41695	0.031493	0.875807	0.46511	0.377184	-0.563064	-0.414043	0.415246	0.153272	-0.642404	-0.622854	-0.243569	-0.795708	-0.864364	-0.74114	0.167154	0.329638	0.838404	0.963896	-0.131152	0.694237	0.357001	0.613129	0.120638	
0.570688	-0.32245	-0.616782	0.368169	-0.917765	0.306169	-0.596486	-0.687465	-0.765919	-0.14216	-0.953325	-0.27202	-0.06666	0.995373	0.068765	-0.687021	-0.690609	0.706781	-0.740986	-0.57032	-0.799703	-0.323428	0.416703	-0.269331	0.594618	0.940354	-0.988113	0.616155	0.047099	-0.007563	-0.06045	0.131276	-0.124996	-0.466705	0.099178	0.552826	-0.323322	-0.224849	-0.971735	-0.14209	-0.911864	0.559425	0.514482	-0.632793	0.892957	-0.099055	-0.777272	-0.563014	-0.098911	-0.859505	
-0.072015	-0.249714	-0.452431	-0.580975	0.085798	-0.375222	-0.877128	-0.642954	-0.934769	-0.265133	-0.695823	-0.741662	0.183099	-0.520954	0.211517	-0.378658	-0.327578	-0.361498	-0.873722	0.378708	0.976871	-0.537302	-0.048859	0.242778	-0.447359	0.89534	0.074838	0.408924	-0.007011	-0.695938	-0.914543	-0.399774	-0.304257	0.254064	-0.518515	0.490196	-0.058603	0.921315	-0.090636	0.15025	0.018361	-0.92818	-0.151997	0.317672	-0.373909	-0.143286	0.382272	0.251228	0.908875	0.054098	
-0.93464	-0.291981	0.118674	-0.916633	0.621199	0.325458	-0.023394	0.286263	-0.815473	0.237772	-0.63096	-0.118085	0.643992	-0.999404	0.83148	0.981947	-0.663726	-0.517301	-0.498871	-0.685194	-0.439125	-0.68323	0.458336	-0.858882	-0.600788	-0.225201	-0.117396	0.316107	0.589795	-0.827067	0.262488	0.717042	-0.081467	0.396711	-0.411823	-0.471673	0.161171	0.860518	-0.385265	-0.949362	-0.061058	0.483541	-0.135214	-0.876465	0.677762	0.697334	-0.531037	0.084161	0.673462	0.785327	
-0.509144	0.186403	0.219762	-0.373425	0.994106	0.265996	0.181392	0.962581	-0.77168	0.789553	-0.438827	0.474404	-0.613757	0.444213	-0.408015	0.484711	-0.041714	-0.859035	-0.489498	0.194722	0.088553	0.192868	-0.914363	-0.000199	-0.035689	0.720073	-0.624306	-0.006658	0.281788	-0.475162	0.344705	0.93459	-0.425268	0.760956	-0.561558	-0.611896	-0.64903	-0.628731	-0.424009	0.000822	-0.170932	-0.278436	0.307195	0.000318	-0.045043	0.725737	-0.889074	-0.086431	-0.379169	0.435959	
0.199888	-0.777245	-0.372887	-0.577698	-0.213825	-0.160224	0.31021	-0.510087	0.459777	0.445367	-0.541701	0.987682	-0.756989	-0.549141	-0.140834	-0.059255	0.025223	-0.8131	0.700361	-0.627636	-0.226375	0.000744	-0.425789	-0.459929	0.695811	0.422283	-0.711819	0.591645	0.022973	0.517934	0.581791	-0.720782	-0.235399	-0.531133	-0.625181	0.90937	0.11799	0.069724	-0.931903	-0.413572	-0.807209	0.2948	-0.066071	-0.585235	-0.709116	0.098951	-0.346058	0.121745	-0.61989	0.667343	
-0.390901	0.615617	0.639932	0.920012	0.467745	0.538165	0.825977	-0.118987	0.322515	0.790507	0.500496	0.489527	-0.497864	-0.425002	-0.387276	0.464031	-0.948205	0.885389	-0.349291	0.351114	0.936157	-0.874715	-0.574074	0.546211	0.697278	-0.619116	-0.403943	-0.46104	-0.705509	0.263933	0.6548	0.294477	0.118227	0.699677	-0.399888	0.183643	0.458665	-0.692255	-0.681995	0.702481	-0.686723	-0.802371	-0.3452	0.918739	0.771776	0.985074	-0.272366	-0.119324	-0.381955	0.486231	
-0.419228	0.11915	-0.542583	-0.282591	0.718993	-0.807258	0.582951	-0.516361	-0.531054	-0.681802	-0.795309	0.467058	0.892259	-0.564855	-0.677918	-0.348974	0.717816	0.191071	0.27044	-0.437482	-0.924666	0.152278	-0.015996	0.982189	0.709065	-0.575565	-0.758811	-0.659173	0.091692	-0.467671	-0.644941	-0.169632	-0.445289	0.651444	-0.843805	-0.145673	-0.617771	0.731549	-0.653718	0.326371	0.158226	0.646408	-0.10622	-0.769346	-0.965826	0.152067	-0.718089	-0.562469	-0.899393	0.499212	
0.297607	-0.298762	-0.584197	0.545117	0.804068	0.250888	0.687183	-0.360727	0.200311	-0.65314	-0.207844	0.131292	0.177795	0.619169	-0.654951	0.551148	0.948823	-0.561139	-0.674416	-0.44178	0.272008	-0.196659	0.367357	0.774353	-0.838341	-0.637939	-0.287511	0.155225	-0.541442	-0.118474	0.203594	0.771425	0.635749	-0.650954	-0.524149	-0.464291	0.880035	0.169213	0.117763	0.813175	-0.969825	-0.206285	-0.479479	0.373838	-0.122724	-0.782808	-0.935319	-0.277411	0.665516	-0.253396	
-0.010274	-0.838818	0.880355	-0.654608	0.309668	-0.518241	0.564938	0.788079	-0.057197	-0.272041	0.150693	-0.891121	-0.240655	-0.974932	0.657579	0.168305	-0.953665	0.837739	-0.042131	0.01665	0.143913	0.602101	-0.687572	-0.910032	-0.228849	0.034713	-0.939287	-0.816561	0.719598	-0.066696	0.603644	-0.032872	0.657618	-0.347976	0.438526	-0.089188	0.918097	0.108352	-0.090759	0.153476	-0.934148	0.590022	0.818754	-0.926849	-0.179862	0.208073	-0.692696	0.721656	-0.696185	0.718821	
0.555044	-0.992118	-0.52952	0.726914	0.476034	0.231704	-0.965015	-0.964642	-0.86638	0.694629	-0.883877	-0.898954	-0.901641	-0.07694	0.330536	-0.868004	-0.103009	0.638037	-0.259517	0.579883	-0.178068	-0.08014	-0.985626	0.156526	0.585667	-0.886213	0.706706	0.733292	0.727857	-0.659466	0.033853	0.192209	0.453234	0.554817	0.079066	0.77797	-0.923045	0.450526	-0.934908	0.13986	0.856639	0.646156	-0.915147	0.617584	-0.634748	0.841979	0.47174	-0.624075	-0.965562	0.654716	
-0.792424	0.105047	0.716895	0.313588	0.379252	0.943298	0.552262	0.265372	0.843061	-0.438884	-0.573062	0.541692	-0.872115	-0.817565	-0.419277	0.743029	-0.810355	-0.104699	0.775213	-0.638075	-0.364544	0.913282	-0.157597	-0.559803	-0.996618	0.795291	-0.164752	-0.15137	-0.976501	-0.123808	-0.86088	0.409305	-0.331788	-0.424775	0.093935	0.495292	-0.231464	-0.004648	-0.262243	-0.608767	-0.730877	0.767357	0.685045	0.1096	0.505962	-0.620485	-0.94855	0.16606	-0.075243	-0.613338	
-0.934011	-0.977831	-0.071107	0.578192	-0.590887	-0.934392	-0.229196	0.238338	-0.58718	0.216361	0.372527	-0.603724	0.678982	0.917992	0.108796	-0.330298	0.975473	0.188426	-0.829757	-0.458958	0.215817	-0.013346	0.303632	-0.254561	0.451371	-0.383205	0.073392	-0.541554	-0.965774	0.513163	0.833779	-0.56194	0.012416	0.2497	0.448211	0.824907	-0.380248	-0.072117	0.746747	-0.588703	0.052884	-0.440487	0.096274	0.524886	0.072154	0.224685	0.09808	-0.759528	-0.213208	-0.21758	
-0.125929	0.402351	0.790591	-0.781212	0.190064	0.416086	-0.569046	0.934124	0.338856	0.036741	-0.106988	-0.562478	0.68544	0.573516	-0.210831	-0.630665	-0.183204	-0.424968	-0.68687	0.993812	0.0882	-0.62938	-0.627695	-0.506737	0.597599	0.354632	-0.540546	-0.855729	0.280114	0.716047	0.437359	0.091458	0.168336	0.417837	-0.624294	-0.670182	0.980979	0.905591	-0.573021	0.757227	0.311217	0.350915	-0.349785	0.868141	-0.989905	-0.620191	0.347372	0.315017	0.597857	-0.934158	
-0.377533	-0.954182	0.616882	-0.456484	0.659041	0.100017	0.95628	-0.545792	0.225892	0.015643	-0.316344	-0.920558	-0.504049	-0.274633	0.813344	-0.960823	0.013671	-0.737272	0.853396	-0.969189	-0.443762	-0.421504	0.280023	0.707018	-0.312908	0.932736	-0.444936	-0.748953	0.416332	-0.169429	-0.371953	-0.391371	-0.703473	-0.870822	0.946641	-0.532874	0.29715	-0.708612	-0.992218	-0.664133	0.605466	-0.445492	0.274993	-0.390678	0.191514	-0.799206	0.446031	0.075184	0.53031	0.812939	
-0.542656	0.050499	0.490269	-0.081688	-0.43469	0.285087	-0.10692	-0.737283	-0.787755	0.878162	-0.156885	0.444475	-0.890541	0.648785	0.03859	0.616504	0.591131	-0.00282	-0.799999	0.342875	-0.146728	-0.586716	-0.206157	0.813693	0.554374	-0.683607	-0.151535	0.945839	0.935211	0.076771	-0.086659	0.0285	0.415265	-0.68843	0.585907	-0.022389	0.958066	0.720983	0.692214	-0.157315	-0.903762	-0.911467	0.681187	-0.586946	0.136878	0.797288	-0.282522	-0.803118	0.92641	0.886565	
-0.436439	-0.441398	-0.303837	0.039165	0.883234	0.294791	0.72679	-0.1021	0.96348	-0.867038	0.769832	0.289793	0.8273	-0.427173	0.393644	0.855292	-0.780069	-0.61256	0.926569	0.162915	0.681388	0.378937	0.708501	-0.506295	-0.341362	-0.619568	-0.597952	-0.148425	0.110307	0.317106	0.8771	-0.415718	-0.781339	-0.858372	0.433924	-0.805753	-0.753793	-0.955413	-0.794094	0.414054	0.09147	-0.509712	-0.237535	0.484341	-0.037192	-0.420147	-0.692693	-0.553399	0.771137	0.57679	
-0.577906	-0.668442	0.084894	-0.784645	0.801959	0.863183	0.315804	0.124297	0.619475	-0.501278	-0.916726	0.772757	-0.905547	-0.975037	-0.702015	-0.822508	-0.007986	-0.095908	-0.980527	-0.675218	-0.348763	-0.681765	0.139094	-0.7939	0.664716	0.785695	0.734826	-0.052205	0.059257	0.239224	0.169259	0.373319	0.181228	-0.784805	-0.93584	0.709839	0.997575	0.070484	-0.105257	-0.960941	0.584228	-0.689263	0.961848	-0.982055	-0.188403	0.247884	-0.320822	0.134297	-0.939492	-0.617802	
0.46335	-0.405753	0.992461	-0.038889	0.072871	-0.657321	-0.252971	0.97248	0.688736	0.030413	0.956379	0.190638	-0.14087	0.288328	0.00268	0.071326	-0.604836	0.71441	0.258448	0.917523	0.04537	0.286106	-0.100625	-0.810547	-0.769601	0.28296	0.601479	0.14759	-0.3704	-0.618592	0.103351	-0.862799	0.44684	-0.609495	-0.990897	0.157956	0.33554	-0.901688	-0.320001	-0.893025	-0.255635	0.273489	0.54776	0.384202	0.093307	-0.368422	-0.715824	0.855779	-0.343548	-0.585135	
-0.52584	0.77356	-0.275279	0.996869	0.604765	0.88621	-0.347261	-0.399847	-0.264337	-0.545899	-0.759325	-0.32397	0.937891	-0.257808	-0.273732	-0.298665	-0.070681	-0.571377	0.656617	0.170798	0.152193	-0.464976	-0.152286	0.874999	-0.950839	0.989381	-0.779891	-0.312433	-0.082318	0.380597	0.618466	0.067518	-0.200067	0.113735	0.485732	0.049946	0.22081	0.105232	0.19458	0.256737	-0.818897	-0.402763	-0.409683	-0.525141	-0.514505	0.134566	0.351414	-0.844455	0.992281	-0.27032	
0.440386	0.426318	-0.768575	0.666662	-0.825482	0.800367	-0.61676	-0.264058	0.879778	0.461991	0.82701	0.152044	-0.246643	-0.643451	-0.417583	0.587178	0.487889	0.167361	-0.251423	0.578965	0.750169	-0.543336	-0.550593	-0.094818	-0.944955	-0.858286	-0.396382	0.290185	0.924512	-0.708001	-0.335478	-0.259918	-0.382022	0.180737	-0.646869	-0.288214	0.177045	-0.112652	0.55631	-0.431737	-0.311155	-0.743516	0.423157	-0.890108	0.142885	0.461639	0.01196	0.096084	-0.030931	0.637063	
0.396885	0.864483	0.557783	-0.399107	-0.622059	-0.408532	-0.579143	-0.957205	-0.733705	0.878536	-0.99312	-0.835455	-0.683392	-0.039938	0.769552	0.386734	-0.569179	0.816427	0.273131	0.655819	0.899836	0.776521	0.461885	-0.868871	0.767264	0.201027	0.827619	0.697739	-0.324498	-0.355259	0.909829	0.700651	0.051834	-0.78088	0.265482	0.538558	-0.20983	0.316695	0.659454	0.188076	-0.459933	0.080344	-0.883454	-0.176888	-0.816698	-0.409524	0.826114	0.292382	-0.002169	-0.95211	
0.955153	0.3837	0.220359	-0.775994	0.479952	-0.727961	0.29699	0.43131	0.794288	0.737134	-0.503742	0.513185	0.745905	0.724425	-0.080114	-0.402891	0.118322	-0.836577	0.697167	0.434224	-0.486028	0.037957	-0.439245	0.232981	-0.159674	0.740799	0.105306	0.919181	-0.822172	-0.577566	0.632435	-0.426759	-0.255339	-0.368661	-0.574073	-0.123251	0.827498	-0.881297	-0.363589	0.756658	-0.29044	-0.622311	-0.592799	0.180673	-0.461415	0.766274	0.695698	-0.413182	0.791795	-0.207499	
-0.520633	-0.769814	0.509266	0.893801	0.825117	0.011038	-0.630746	0.826942	-0.695414	0.627361	0.719257	-0.761112	0.227761	0.162007	0.409519	-0.278468	-0.879175	0.951067	0.363521	-0.245968	0.603532	0.948058	-0.804203	-0.635323	-0.71903	-0.766042	0.308688	0.658749	0.914726	-0.276984	0.402055	-0.319282	0.635197	0.238578	-0.742055	-0.915883	-0.094407	0.562538	0.470352	0.532726	0.816277	0.552711	-0.799105	-0.411991	0.837459	0.623077	-0.44991	-0.782096	0.766611	-0.200061	
0.885409	0.147591	0.036546	-0.252901	0.88801	0.585108	0.918643	0.762595	-0.044427	-0.223824	-0.035428	0.271418	0.328185	0.689078	-0.588158	0.475769	-0.451289	-0.629156	0.094219	0.446526	0.061344	-0.249606	0.434836	0.839373	0.746639	0.313345	-0.927615	-0.094121	0.410977	0.328517	-0.399081	-0.551185	0.051493	0.378735	-0.850805	0.943707	0.385175	0.479406	-0.617524	-0.218197	-0.698306	-0.580511	0.860575	0.409343	-0.582279	0.558434	-0.925849	-0.829397	0.357202	-0.867535	
-0.158611	-0.577092	0.354067	0.233902	0.075305	-0.188957	0.694199	0.780961	0.614489	-0.919345	-0.799386	-0.970225	0.657057	0.127352	0.646248	0.410068	-0.297154	-0.684134	-0.566882	-0.990178	0.867772	-0.779913	-0.193641	-0.333024	-0.438255	-0.792451	0.224574	-0.577889	0.500225	-0.512243	-0.979459	-0.674801	-0.192953	0.096612	-0.953897	-0.565466	-0.366567	0.492579	0.88941	0.332719	0.350075	-0.954203	0.384518	-0.729325	0.686743	-0.86892	-0.320895	0.45489	-0.363601	0.39119	
0.006268	-0.278755	-0.667145	-0.426077	0.347982	-0.25389	0.026195	-0.413086	-0.146855	0.553561	0.841648	-0.980988	0.652178	0.351932	0.117809	-0.26984	0.015378	0.788175	0.546899	0.584928	-0.219017	0.557304	0.05106	0.033382	0.036295	0.973486	0.180891	0.962104	-0.016466	0.021452	0.833904	0.304424	-0.1433	0.729014	0.593763	-0.611699	-0.275469	0.496796	-0.225037	0.565353	0.177573	0.128921	-0.339059	0.627443	0.069936	0.732587	0.257586	0.540414	0.767843	0.383916	
-0.247422	-0.247914	0.621428	0.176814	-0.251107	-0.025125	0.950274	0.645831	0.886618	0.470877	-0.862552	-0.779396	-0.692127	-0.73871	-0.376374	0.414502	0.381521	-0.173282	0.638623	0.087835	-0.922071	0.134314	-0.552005	-0.946006	0.492112	0.988839	-0.290295	-0.840487	0.462134	-0.897053	0.049339	0.909571	0.486795	0.115993	-0.737474	-0.432182	0.395995	0.035558	0.491111	-0.305278	0.414231	0.44399	0.290644	0.562371	0.61064	0.980375	-0.176514	-0.000706	0.195505	-0.864151	
0.700801	0.834531	0.854241	-0.032778	-0.870579	0.212585	-0.877023	0.078126	-0.451237	0.932252	-0.813513	0.716389	0.201134	-0.106994	-0.011501	0.058806	-0.712606	-0.538104	0.625237	-0.882838	-0.15888	0.477837	-0.3668	-0.679864	-0.294838	-0.299194	-0.804797	-0.380179	0.827626	-0.948106	0.679949	-0.36037	0.845793	0.227483	-0.572055	-0.376553	-0.431183	0.23974	0.444306	0.654962	-0.535739	-0.417114	0.456209	-0.452544	-0.411781	0.734604	0.400581	0.570314	-0.648437	-0.731688	
-0.094127	0.405408	-0.696329	-0.901448	0.590991	0.010343	-0.905821	0.643912	0.386998	-0.759504	0.706197	-0.329474	0.382034	-0.237915	-0.596935	0.604264	-0.590687	0.965373	0.736412	0.799215	-0.479823	0.176883	-0.307611	-0.844107	-0.832665	0.819282	-0.948448	-0.883382	0.564479	-0.248347	0.828676	-0.324355	-0.408679	0.488927	-0.456764	-0.319613	0.799948	0.901698	-0.467762	0.236053	0.558123	0.352821	0.584505	0.482067	0.602259	0.553372	-0.639128	0.486869	0.463482	-0.708269	
0.71645	-0.043412	-0.185875	-0.357265	0.112564	-0.993811	-0.261345	-0.948903	-0.937337	-0.385645	0.316969	0.568814	0.634578	-0.532014	0.938991	0.586595	-0.473468	0.96769	-0.916687	-0.989713	0.702649	-0.720629	0.010542	-0.213959	0.606424	-0.025629	0.318906	0.55674	0.105803	-0.915166	0.78498	-0.79292	-0.253899	0.478332	0.748655	0.565699	0.620765	-0.131135	-0.730149	0.233947	0.627731	-0.934357	-0.086066	-0.554666	-0.183456	0.912832	0.717485	-0.993496	0.747947	-0.620643	
0.936982	-0.593482	0.02411	-0.207559	-0.307583	0.794381	-0.882932	-0.726444	0.064765	-0.769846	0.90066	0.937286	-0.559094	0.254893	-0.315685	-0.398243	0.440637	-0.525016	0.840699	-0.460774	0.022698	-0.741867	-0.449864	0.566246	-0.808138	-0.352351	0.417579	-0.13764	0.692731	-0.618281	0.22447	-0.940951	-0.303059	-0.41288	0.854454	0.565157	0.557263	0.737443	-0.989067	-0.937238	-0.125978	0.452678	0.564118	0.598059	0.80013	0.525528	-0.594141	0.391962	-0.652523	-0.25695	
-0.946172	0.790001	0.426632	-0.74291	0.181786	0.879208	-0.351747	0.381187	-0.056012	-0.143172	-0.816234	-0.844823	0.221294	0.647917	-0.480412	-0.702897	-0.979236	-0.923346	0.52066	-0.401828	-0.567715	0.247688	0.016899	0.193255	-0.978076	-0.481693	0.156579	-0.396687	-0.93871	-0.812514	0.128481	0.635245	-0.548379	-0.726007	-0.426594	-0.558694	-0.17492	0.447741	-0.022905	-0.15408	0.744923	0.725968	-0.334886	0.485627	0.392223	0.984619	0.377525	0.800683	0.721712	-0.073205	
0.900084	0.99198	-0.295555	0.633945	0.566039	-0.974665	0.586693	0.835109	0.28884	0.552548	0.653278	-0.566302	-0.3584	0.965243	0.839596	-0.753687	-0.028012	0.052248	-0.640261	-0.700423	-0.273216	-0.991842	-0.346756	0.545643	-0.182961	0.150283	-0.066748	-0.180963	-0.313122	-0.432965	-0.135108	-0.393833	0.113993	-0.750852	0.483026	-0.136652	-0.104101	-0.183739	-0.627402	0.827426	-0.482499	-0.23886	0.926999	0.880495	0.720821	-0.76305	0.086739	0.715412	0.079697	-0.913087	
0.275285	0.281376	0.126954	0.542016	0.536906	-0.068453	-0.845789	0.177349	-0.543646	0.37665	0.335035	-0.395685	-0.471989	-0.980974	0.985167	-0.347191	0.290736	-0.525072	-0.926316	-0.406107	-0.479849	0.626569	-0.561468	-0.537603	-0.83152	-0.538467	0.474626	-0.821376	0.616624	0.716983	-0.603586	0.118843	0.375044	-0.990787	0.908521	0.252848	0.545821	-0.282062	-0.481793	0.141305	-0.484461	-0.10732	-0.141586	-0.871696	0.887844	-0.805523	0.263342	-0.705538	-0.430154	0.718172	
-0.648566	-0.959794	0.359599	0.337526	-0.097531	-0.655083	0.663485	-0.33475	0.953925	0.451754	0.916469	0.321008	0.369706	-0.623737	-0.596972	0.851665	0.218685	-0.711189	-0.652562	-0.37337	-0.038578	0.238833	-0.940311	-0.907195	-0.165856	0.142907	-0.53775	0.790674	-0.541475	-0.750989	-0.226754	0.2542	0.52843	0.383059	0.525586	-0.473952	-0.781325	-0.059136	0.501829	-0.119214	-0.967054	-0.201119	-0.917279	-0.775993	0.024439	-0.528807	-0.100787	0.617567	0.861124	0.799507	
-0.881889	0.655449	0.44898	0.63311	-0.602625	-0.436476	0.404014	-0.064748	0.050907	0.3616	-0.202202	-0.595866	-0.59469	0.450808	-0.955249	0.130321	-0.523113	-0.522307	-0.991797	0.980156	0.365646	-0.539059	-0.466089	0.529702	0.402552	0.560603	-0.195992	-0.717213	0.110764	-0.725193	0.146393	-0.824503	0.504655	0.968662	0.67347	-0.836261	0.397424	0.766452	-0.476086	-0.728195	0.081186	-0.625135	0.225958	0.325882	-0.298158	-0.871173	0.959181	0.405239	0.193399	0.919312	
-0.261716	-0.080144	0.452903	0.723249	0.507548	0.557583	0.474554	-0.470847	-0.357838	0.737812	-0.48999	0.897719	0.300777	0.643187	-0.262107	-0.685534	-0.001227	-0.738757	-0.547553	-0.627411	0.257721	-0.326691	-0.694798	-0.498942	0.922194	-0.457733	-0.708618	-0.59874	0.957183	-0.966981	-0.58435	-0.101459	-0.042838	-0.712598	0.919835	0.018545	-0.073338	0.863536	0.787859	0.825222	0.545367	0.148058	-0.662672	-0.119064	-0.105734	0.416106	-0.967939	-0.15972	-0.00217	0.334221	
0.77736	0.703867	-0.647729	0.113562	0.113405	0.40979	0.145603	0.742678	0.159761	0.686542	-0.644007	0.175629	-0.306747	0.977964	0.479231	-0.058169	-0.759935	0.755434	0.359104	-0.260806	0.404494	0.181241	0.761549	-0.031473	-0.951763	-0.726652	0.481163	0.02848	-0.755892	-0.283402	0.224393	0.909246	0.839853	-0.719506	-0.778035	-0.70425	-0.899448	-0.5726	0.81397	-0.516397	-0.329571	0.82471	-0.792977	0.051004	0.088043	-0.930408	-0.095907	0.769157	-0.003064	-0.156004	
0.660322	0.028447	-0.389789	-0.221476	0.010926	-0.583786	0.854587	-0.67448	0.106492	-0.147735	0.991497	-0.917692	0.088985	0.772103	0.78805	-0.08794	0.383334	-0.932538	-0.37177	-0.765762	0.330639	-0.605599	-0.242104	-0.940419	-0.278611	-0.669425	-0.633475	-0.458581	0.238379	-0.979217	-0.677993	0.599915	0.053027	-0.42691	-0.359212	0.812055	0.675741	-0.956978	-0.688524	0.072316	-0.5546	-0.394106	-0.432566	-0.632898	-0.799705	-0.274987	-0.325426	0.474192	-0.211991	-0.203689	
0.604846	0.808679	-0.81428	0.779976	-0.623814	0.7653	0.488811	-0.825137	0.042052	-0.30622	0.178019	0.060199	-0.603822	0.179413	-0.056921	0.994655	0.788028	-0.572271	0.356908	0.550549	-0.123592	0.30095	-0.742964	-0.290884	-0.766925	0.414022	-0.421969	-0.189226	0.292168	-0.08777	-0.523845	0.883421	0.46555	0.325624	-0.550562	0.122581	-0.685025	0.307657	-0.959968	0.218789	-0.250926	0.014282	0.389095	-0.7301	0.836902	-0.809632	-0.46825	-0.038958	-0.102834	0.841073	
0.685565	0.102768	0.06408	0.01956	-0.463011	-0.300185	-0.792384	-0.979062	0.725658	-0.423443	0.427754	0.221567	0.23851	0.59957	-0.716922	-0.907727	0.349205	0.42172	0.234308	-0.160606	0.472413	-0.902215	0.397928	-0.341739	0.649828	-0.77748	-0.629351	-0.892352	0.869556	-0.079732	-0.797954	-0.316021	-0.880581	-0.700685	-0.228687	-0.691362	-0.293575	-0.075432	-0.637767	0.722351	0.459662	-0.199741	0.456845	-0.205749	0.678607	0.783818	-0.669204	-0.704295	0.358537	-0.57919	
-0.956745	0.958698	-0.055292	-0.960316	0.445606	-0.776287	-0.574838	-0.799324	-0.916228	0.633806	-0.968211	0.451223	0.598133	-0.758744	0.652355	0.284807	0.747853	-0.621641	-0.277968	-0.194984	0.91769	-0.867886	-0.34893	-0.035914	-0.607274	0.232868	-0.441633	0.557124	0.157585	-0.905315	-0.898229	-0.070367	-0.654983	-0.190446	-0.275745	-0.919905	-0.310447	0.659995	0.536986	0.205642	0.97637	-0.459953	0.717067	-0.823856	-0.621669	0.662574	0.784895	0.58393	0.725242	0.461434	
0.413142	-0.267783	0.272369	-0.62852	0.342285	0.346575	-0.179686	-0.535548	0.690943	0.885402	-0.024345	0.81726	0.793736	0.415492	0.026228	0.376908	-0.057034	-0.885241	-0.147047	-0.415252	-0.04242	0.777909	-0.678967	0.379256	0.013705	0.403404	-0.612063	0.677169	0.182416	-0.493914	0.571409	-0.65462	-0.540211	-0.976385	-0.427235	-0.976232	-0.311148	0.464088	-0.547445	0.754195	0.018672	-0.910563	0.290882	-0.029004	-0.076666	-0.880265	0.021909	-0.610248	0.406849	0.998409	
0.799541	-0.601259	0.928282	0.875778	-0.613845	-0.470899	0.087555	-0.277331	-0.659115	0.127994	0.300119	-0.528424	0.607583	0.552743	0.871275	0.728717	0.048598	0.826906	-0.00742	-0.243976	-0.135655	0.771651	0.418489	-0.115529	-0.892095	-0.000122	-0.952161	0.087201	-0.980957	0.215657	0.629959	0.604648	0.696896	-0.867177	0.336774	0.454733	-0.116441	-0.147887	0.037255	-0.395458	0.887556	0.094437	-0.873694	0.726319	0.715887	0.154886	-0.89422	-0.022693	0.697889	-0.59337	
0.528111	0.138767	-0.707429	0.120989	0.345274	-0.79073	0.252765	-0.022507	-0.992845	0.063574	-0.827887	0.361062	-0.922574	-0.76487	-0.095405	-0.256452	-0.141991	-0.629105	0.441236	-0.349102	0.235681	0.865772	0.883394	0.395781	0.607011	0.419736	0.765398	-0.34069	-0.4748	0.446112	-0.527008	-0.231113	-0.892748	0.473417	-0.130856	-0.635724	0.463629	0.902139	0.972261	0.300114	0.281378	0.079947	-0.613811	0.260079	-0.495518	-0.860088	-0.673288	0.75872	0.836413	0.197721	
0.789896	-0.927031	0.31067	0.303661	0.480566	-0.173723	0.609085	-0.945417	0.157893	0.766661	-0.53595	0.274494	0.243595	-0.823326	-0.002224	-0.183331	0.932595	-0.86898	0.833591	-0.22151	-0.571969	0.445577	-0.830227	0.633387	-0.268702	-0.69546	0.123049	0.116016	0.914657	0.398058	0.700497	-0.802156	-0.024785	-0.088281	-0.15108	-0.333818	0.399849	0.222455	0.678647	0.181914	0.559876	-0.09636	0.135574	0.982327	0.120833	-0.625161	0.786874	0.679542	0.888283	-0.630226	
-0.151012	0.607371	0.637613	0.652423	0.968668	-0.634344	0.452719	0.996748	0.189257	-0.322476	0.315682	0.510751	-0.495422	0.959126	-0.949828	-0.668101	-0.161581	-0.948632	-0.659662	0.2109	-0.361777	0.498924	0.174827	-0.882158	0.301908	-0.75456	-0.406184	0.934206	-0.08402	-0.594042	-0.165595	0.980846	0.674425	-0.244066	-0.083182	0.119621	0.746967	0.067015	-0.486402	-0.407907	0.857719	0.590479	-0.343133	0.539049	0.620745	0.400346	-0.918968	0.277926	-0.532156	-0.359494	
0.78706	0.040669	0.144907	0.654019	0.274087	-0.85106	0.615419	0.665867	0.185767	-0.163263	0.214971	-0.102166	0.261669	-0.025317	0.027703	0.803675	-0.478134	-0.864759	0.316492	0.053004	-0.135381	0.032722	0.166668	-0.265119	0.117858	0.11425	0.992454	-0.340786	-0.115102	0.195109	0.010884	-0.759053	0.813409	0.290691	-0.09171	0.157633	-0.31009	-0.659313	0.443336	-0.754348	0.281862	-0.349664	-0.957572	0.538564	-0.704486	-0.726996	-0.97928	0.238778	0.307819	-0.357199	
-0.985137	0.164697	0.883624	-0.738492	0.680261	-0.516473	0.314856	0.774885	0.227672	0.861604	-0.182593	0.766008	-0.855672	0.396302	-0.911782	-0.076053	-0.771855	-0.294778	0.160159	-0.035072	0.602652	-0.863682	-0.851189	0.934183	0.307377	-0.625758	0.288109	-0.185255	-0.36099	0.052051	-0.602425	-0.804038	0.440691	0.386306	0.563487	0.606696	0.633324	-0.505185	-0.151049	0.41431	-0.947695	-0.214236	-0.805134	-0.323616	0.391997	0.657091	-0.734485	-0.146532	0.994796	0.995907	
0.010678	-0.123229	-0.741265	0.431796	0.366614	-0.509076	0.146134	-0.171281	0.087454	0.605801	-0.811521	-0.01498	-0.280321	0.867029	0.262229	-0.2938	-0.510659	-0.489675	0.593921	-0.488173	-0.537707	0.121003	-0.236739	-0.349883	-0.457518	0.397601	-0.764639	-0.067842	0.655824	-0.059693	-0.284018	-0.296844	-0.569553	-0.428649	0.062812	0.278	-0.186395	-0.83455	-0.094886	-0.212023	-0.708565	0.567848	0.310367	0.220539	0.663184	-0.707515	-0.05157	0.344451	-0.342709	-0.165228	
0.872515	-0.951749	-0.841898	-0.312459	0.206253	0.646644	-0.04532	0.490336	0.748118	0.540507	0.649781	0.61516	0.555465	-0.111266	-0.8401	0.811236	-0.159292	-0.526372	-0.629899	-0.137182	-0.322519	-0.987343	0.555322	0.194782	0.723937	-0.671695	-0.76263	0.701348	-0.654946	-0.615023	0.553321	-0.902722	-0.621739	0.566459	-0.626028	0.296147	-0.317901	-0.309615	0.005404	-0.99581	0.926745	-0.651811	-0.484932	0.797843	-0.636029	0.446508	-0.777596	-0.354504	-0.28208	0.676473	
0.05608	0.216772	0.399276	-0.882291	-0.399996	-0.681391	0.844842	0.098777	-0.471256	0.475637	0.583832	0.990874	-0.622332	-0.604896	0.086801	0.680352	-0.40929	0.751904	0.648776	-0.953234	0.791245	0.346116	-0.617886	0.418979	-0.862173	-0.319451	-0.571905	-0.149421	0.721539	-0.778926	0.246111	0.431334	0.783905	-0.532954	0.316659	-0.157877	0.677837	0.946253	-0.370556	-0.527588	-0.418089	-0.527095	-0.94456	0.354713	-0.841012	0.723165	0.385157	0.463123	0.438164	0.47579	
0.470748	0.858705	0.279912	0.569902	0.422673	-0.883352	-0.530834	0.03777	-0.785623	0.393306	0.696152	0.37897	-0.351405	0.164778	0.223339	0.293655	0.499204	0.243659	-0.9476	-0.458594	-0.394346	0.519618	-0.186843	0.855146	-0.568125	-0.078697	-0.197886	-0.242025	0.397436	0.888668	0.674528	-0.218851	0.725835	0.827828	-0.262191	0.530849	-0.402997	0.717441	0.05412	0.374613	-0.180775	0.100608	-0.873063	0.473937	-0.665788	0.197443	-0.395306	-0.900964	0.794872	-0.703286	
0.498285	-0.870754	0.617991	0.35311	-0.291855	-0.128172	-0.652969	0.058228	-0.783986	0.663728	-0.846387	0.892775	-0.590308	0.95955	-0.886635	0.330909	0.902092	-0.67349	-0.648439	0.113414	-0.132177	0.727701	-0.066216	0.749154	-0.92082	-0.192631	-0.607395	0.169107	-0.46879	-0.564414	-0.087501	0.097006	-0.698885	0.184332	0.549673	0.808032	0.284049	0.505485	0.599697	0.654561	0.104595	-0.823433	-0.079905	0.993804	0.055396	0.232493	0.68952	-0.540348	-0.90444	0.738435	
-0.07911	0.278881	-0.138976	-0.015345	0.971482	-0.422934	-0.601045	-0.925488	0.847094	-0.064543	0.551668	0.221805	0.545814	0.142026	-0.469582	-0.240357	0.654088	0.956217	0.635406	0.894671	0.763054	-0.27952	-0.325853	-0.787559	-0.216656	0.808464	-0.567638	-0.401528	0.12404	-0.975398	0.657256	-0.346891	-0.677561	0.996286	0.506978	0.827142	0.662604	0.551155	0.651884	-0.974371	-0.893659	-0.441912	-0.398943	0.261241	-0.413804	0.198502	-0.950291	0.867463	-0.722419	-0.255072	
-0.393329	0.225834	0.5281	0.645441	-0.980973	-0.242845	-0.199093	-0.34297	0.505303	-0.441405	0.135204	0.236366	-0.884689	-0.874721	-0.880105	-0.323744	-0.992335	0.334693	-0.677178	0.12107	0.567982	-0.221979	0.640826	0.998429	0.697763	0.637118	0.252965	-0.573355	-0.350123	0.399289	-0.158521	0.154367	0.771401	0.427164	0.100443	-0.593281	-0.409741	0.904887	0.735294	-0.125964	0.797073	0.284125	-0.484134	-0.632736	0.891652	0.013445	-0.26385	-0.652509	0.408456	0.246721	
-0.143854	-0.449063	-0.579137	-0.361852	0.721404	0.909542	0.232661	-0.463481	0.494792	-0.571105	-0.490067	0.67536	-0.666928	0.732804	0.963866	-0.098764	-0.600101	0.362126	-0.345087	0.439715	0.473251	-0.513376	-0.047424	-0.750413	-0.574278	0.827469	0.955315	-0.11803	0.120334	-0.147768	0.762324	0.842976	0.204147	0.556592	-0.398726	0.931071	-0.853003	0.653218	-0.630003	-0.175775	-0.654759	-0.023406	-0.016477	-0.281762	-0.638194	-0.025824	0.379434	0.442745	-0.636509	-0.680407	
-0.553808	0.636894	0.128776	-0.567853	-0.891337	-0.555448	0.111966	-0.609344	-0.822044	-0.1892	-0.581127	0.803647	-0.836594	0.953879	-0.744986	0.276207	-0.148264	-0.070291	-0.632775	0.683821	-0.865848	0.114102	0.804272	0.326952	0.685091	-0.130943	0.622958	-0.349343	0.606446	-0.096262	-0.944065	-0.41783	0.901231	-0.539295	-0.983052	0.09378	-0.647051	0.718259	-0.904039	-0.632208	0.067226	-0.298166	-0.289925	-0.326904	0.600254	-0.843319	-0.561111	0.722515	0.880051	-0.280373	
-0.987355	0.752346	0.247643	-0.54893	0.303151	0.98014	-0.755813	0.568737	-0.651962	-0.76723	0.872471	-0.869166	-0.00124	0.690559	-0.322982	0.691686	0.433261	-0.661761	0.557922	0.240412	-0.31059	-0.497001	0.930899	-0.697915	-0.208928	0.589484	-0.654873	-0.084787	-0.180065	-0.131784	0.336818	0.088506	-0.621892	-0.326111	0.062384	-0.856782	0.051235	0.935161	0.073035	0.245703	0.473562	0.336413	0.549497	-0.706344	0.849396	0.979823	-0.592325	-0.395073	-0.430724	0.322106	
0.92443	-0.475803	-0.512768	-0.821898	-0.361513	0.651961	0.740375	-0.084386	-0.687541	-0.411786	-0.440886	0.171891	0.249768	-0.689425	-0.763182	-0.476736	-0.55797	0.013874	-0.410978	-0.433472	-0.033228	-0.922936	0.883481	0.923934	0.750876	0.196202	0.246773	-0.089779	-0.259465	0.21216	0.567667	0.804194	-0.711153	0.498657	-0.770903	-0.453363	0.287627	0.318994	0.758012	0.001521	0.037575	-0.47498	-0.193199	0.039069	0.338432	0.607044	0.825722	-0.297282	0.307362	-0.337377	
-0.730599	-0.740433	-0.129204	0.300181	-0.458998	-0.405133	-0.232359	-0.343949	0.93284	-0.860366	-0.655882	0.342187	0.597602	-0.493155	0.892115	0.378159	-0.652242	0.312582	-0.320133	0.552093	0.954397	-0.977885	0.630479	-0.355143	0.634105	-0.373243	0.835213	-0.532337	-0.402922	-0.662505	-0.828283	0.126408	-0.937746	0.170942	-0.087394	-0.671929	0.075339	-0.913113	-0.488114	0.413692	-0.714278	-0.051169	0.403638	0.523916	-0.406299	-0.993241	-0.279445	0.357717	0.655695	0.733926	
0.598753	-0.030982	-0.037983	-0.497922	-0.512743	-0.545126	-0.072617	-0.402336	0.161674	0.48938	0.278587	0.188527	-0.062153	-0.896006	0.2448	-0.302877	-0.790021	0.693643	-0.841052	-0.41232	0.535479	0.593516	-0.315552	0.849762	0.879886	-0.736211	-0.172883	0.082122	-0.027163	-0.48633	-0.84355	-0.572416	-0.32628	-0.790426	-0.276313	0.568875	-0.287098	0.593464	0.279109	-0.0687	-0.568054	0.255922	0.166806	-0.55092	-0.069321	-0.783444	0.718411	-0.718545	0.371142	0.764471	
-0.105549	-0.752826	-0.667966	-0.246966	-0.063411	-0.784489	-0.156418	-0.798153	0.657627	-0.212771	-0.191118	-0.301661	-0.234999	0.554075	0.599105	-0.357179	-0.332986	0.147608	0.199471	-0.306742	0.020084	0.896564	-0.82658	0.395754	0.025624	-0.530508	-0.934824	0.416659	0.580047	0.795614	0.18223	0.869681	-0.226363	-0.717251	0.419634	0.091016	-0.469568	0.784138	-0.696959	-0.360716	0.220416	0.801457	0.268983	0.988346	0.933148	0.528475	0.324263	-0.357105	-0.756662	-0.195897	
-0.95007	0.27048	0.154802	0.879689	0.000151	-0.864535	0.421551	0.66791	-0.131644	0.891758	0.005269	-0.350616	-0.250589	0.181156	0.275568	0.253352	0.145031	0.500689	0.097408	-0.814568	-0.865411	-0.798961	0.680279	-0.288213	-0.225654	0.51149	0.659259	0.274346	0.237024	-0.192826	-0.976558	0.219792	-0.262024	0.077467	0.316018	0.145985	-0.024478	-0.873198	-0.542251	0.254904	0.698482	-0.001381	-0.298506	-0.965299	-0.841064	-0.447019	-0.364908	0.256954	0.130089	-0.869728	
0.476807	-0.688794	-0.814223	0.215553	0.270316	-0.178972	-0.302797	0.559999	0.194594	0.731874	0.41089	-0.786424	0.227141	0.250715	-0.133341	0.323927	-0.860253	0.333695	0.831362	0.610426	-0.175471	0.679523	0.246276	0.062698	0.016282	0.75817	-0.448252	-0.976169	0.576608	-0.65718	0.767996	0.07744	-0.587625	0.874932	0.141954	-0.653404	0.246541	-0.006474	0.130994	-0.810105	0.457855	0.583048	0.944076	-0.6875	-0.859391	0.973099	0.51226	-0.832659	0.814364	-0.377249	
0.145448	0.694589	-0.268983	0.282074	0.687259	-0.003483	-0.616241	0.214183	0.897926	0.564475	-0.24179	-0.457115	0.469788	-0.943335	-0.527407	-0.532357	-0.216542	-0.590743	-0.215694	0.728106	0.570232	-0.269374	0.712723	-0.270422	0.690579	-0.493869	0.518539	-0.294707	-0.628362	0.114126	0.245016	-0.114237	0.87265	0.340177	-0.086495	0.178744	-0.277554	0.616786	-0.800238	-0.663558	-0.060726	-0.062445	-0.368771	-0.824725	-0.245151	0.107281	0.969627	0.057629	-0.668791	0.564002	
0.336338	-0.573735	0.52799	0.646443	0.333164	-0.914158	-0.167771	-0.182002	0.67908	-0.605076	-0.797969	0.506519	0.390817	0.175507	0.849427	-0.273551	0.702729	-0.548161	-0.958765	0.493329	0.034032	-0.633976	-0.616852	0.122072	0.198335	-0.518884	-0.762142	-0.784281	-0.390598	-0.082667	0.629201	0.079147	-0.272024	-0.838602	-0.761141	0.884129	-0.869689	-0.275746	0.386982	0.503073	-0.855925	0.267543	0.605711	0.072736	0.729355	-0.870174	-0.325731	-0.16542	-0.365393	-0.005985	
0.191288	-0.037341	-0.664289	0.598577	0.170626	0.101902	-0.689443	-0.774269	-0.802377	-0.318967	-0.5279	-0.568714	-0.662044	-0.204099	0.206347	-0.706701	0.554938	-0.278794	-0.443541	-0.923085	0.738874	-0.995922	0.297085	0.886709	0.172184	-0.851654	0.117732	-0.955747	-0.398614	0.919983	0.805588	-0.266841	0.856737	-0.378829	0.123142	-0.836404	-0.857183	0.362887	-0.903133	-0.315713	-0.133099	0.562625	-0.426226	0.414016	-0.023518	-0.528752	0.435728	-0.847971	-0.843737	-0.784453	
0.973081	0.79068	-0.2323	-0.675641	-0.383644	0.252915	-0.944062	-0.598368	0.571242	-0.401741	0.199787	0.202736	-0.520265	-0.24834	-0.405286	-0.974298	-0.054323	-0.827896	-0.199776	0.684104	0.683756	-0.103225	0.394745	0.332285	-0.068133	-0.135673	0.476254	0.852726	-0.58288	-0.105342	0.328066	-0.681021	0.057351	-0.248856	-0.785333	0.866071	-0.053252	0.240089	-0.367621	0.396267	-0.339599	0.810191	-0.98073	0.594874	-0.305594	-0.609346	0.542633	0.720689	0.24196	0.862293	
-0.677949	-0.733491	0.884288	0.654457	0.085341	-0.594896	0.902058	0.28422	-0.817173	-0.743162	-0.731419	0.876644	0.437519	0.213784	0.14868	0.092825	0.693733	-0.479638	-0.224531	-0.664044	0.947826	-0.117116	0.859075	0.18001	-0.304905	-0.591422	0.016398	0.905883	-0.308002	0.650604	-0.223548	0.739344	0.282338	0.452846	0.851271	-0.898843	0.11523	0.571294	0.003086	0.658409	0.30617	-0.562495	0.119096	0.904339	-0.239869	0.41456	0.017456	-0.144835	-0.29047	-0.100315	
0.129748	0.790662	0.700247	-0.733577	0.871318	-0.945329	-0.752752	-0.411321	-0.46082	0.421416	0.124302	0.226481	-0.130719	-0.74174	-0.077987	0.427958	0.778404	-0.811021	-0.038625	-0.232484	0.774646	-0.969457	-0.409376	0.213408	-0.281884	-0.144106	0.543543	0.087801	-0.719151	0.091845	0.574697	0.100577	-0.338819	-0.615756	0.605448	-0.275132	-0.341633	-0.492795	-0.071665	0.16176	0.651622	0.992157	-0.906548	0.564148	-0.137868	0.565907	0.115954	0.913357	0.20682	0.635511	
-0.344595	-0.57687	0.93608	-0.261347	-0.997857	-0.429104	-0.425094	0.365988	0.984491	-0.589158	0.379626	0.634981	-0.037595	0.206361	-0.637262	-0.210596	0.394235	0.377976	0.156591	0.502938	-0.887426	-0.421072	-0.524802	-0.505444	-0.879037	0.347475	0.699871	-0.923891	0.700036	-0.804873	0.042537	0.346595	-0.938679	-0.70993	0.901925	0.521006	0.240368	0.261566	0.26933	-0.805705	-0.747806	0.449364	-0.692256	0.43032	0.949867	0.042086	-0.397041	-0.480884	-0.749712	0.079908	
0.303024	0.651526	0.644301	0.370966	0.437204	-0.01039	0.406995	0.893509	-0.680893	-0.238905	0.875377	0.65435	-0.535843	-0.78172	-0.170972	-0.378245	0.745324	-0.745507	-0.843845	-0.766239	-0.399362	0.079259	-0.660525	-0.967249	-0.019617	-0.761439	-0.609488	-0.312349	0.756639	-0.314539	-0.249363	-0.421976	0.728666	0.105828	-0.498328	0.184622	-0.373014	-0.866601	0.978582	-0.085671	0.330596	-0.371088	-0.321982	-0.494024	0.981256	-0.333785	0.383516	0.205719	0.703722	0.575412	
0.318186	-0.881243	-0.445881	0.333911	0.043652	0.871749	0.943119	-0.903115	-0.594878	0.913998	0.337841	-0.760942	-0.087237	-0.443117	0.941807	0.900715	0.60771	0.826667	-0.321771	-0.108529	-0.009221	-0.428392	0.146874	0.504723	-0.705137	0.443672	-0.830881	-0.464182	-0.480044	-0.646707	-0.000105	-0.825227	-0.97815	-0.306992	0.217689	-0.795664	-0.49116	0.117077	-0.701609	-0.258331	0.46843	-0.298123	-0.060318	-0.565853	-0.823701	0.440921	-0.751252	0.024049	0.178302	0.238305	
0.931852	-0.95425	-0.813118	0.517316	0.154767	0.272762	-0.793156	0.04787	-0.076545	0.066954	0.273657	0.051401	-0.371497	0.464135	-0.029652	0.855392	-0.197751	0.503388	0.374253	0.833715	0.990361	-0.929252	0.053742	-0.539411	-0.143902	-0.092034	-0.916579	-0.860169	-0.488664	-0.495901	-0.350718	0.306369	-0.765118	-0.838757	0.783461	-0.284799	0.690544	0.793543	0.934613	-0.197336	-0.160377	-0.011779	0.038329	-0.787373	0.388312	-0.371125	-0.548045	-0.377981	0.838033	-0.10238	
0.685154	0.535771	-0.530585	0.762446	0.770345	-0.224573	0.583665	0.790093	-0.632178	0.425145	-0.494322	0.148302	0.463161	0.16048	-0.840916	-0.597406	-0.28561	-0.961375	-0.417309	0.358692	-0.931059	-0.736841	0.521797	0.614205	0.1964	-0.722579	-0.823886	-0.110081	-0.683083	0.600156	-0.466301	-0.334025	-0.803648	-0.849458	0.091315	-0.494437	-0.465061	-0.58299	0.390211	0.56059	0.80522	0.72958	0.064959	-0.335224	0.181936	0.773772	0.328664	0.629908	0.017074	0.379052	
-0.682679	0.082685	-0.268291	0.422157	-0.61011	0.846632	-0.421944	-0.370745	0.063373	0.442146	0.577741	-0.970265	0.699758	0.467239	-0.465563	-0.598689	0.875414	0.655657	0.789943	0.671247	0.860071	0.243155	0.510778	0.512085	0.143013	-0.613234	0.494911	-0.064937	0.296696	0.139414	0.123934	-0.507525	0.561377	0.855109	-0.779955	0.07672	-0.553626	-0.08125	-0.555618	-0.014327	-0.779108	-0.12756	-0.773645	-0.518555	-0.674636	-0.738549	-0.337148	0.779928	0.645624	0.116184	
-0.910713	0.496681	0.196096	-0.200839	0.66377	-0.575832	0.472351	0.488566	0.205506	0.892319	-0.125044	0.095778	-0.739899	-0.614375	0.169673	-0.516837	0.601601	-0.903676	-0.937412	0.506923	0.485244	0.209346	-0.751264	-0.157114	-0.274743	-0.928815	-0.01194	0.481089	0.427311	0.342818	-0.041026	-0.072225	-0.541302	0.801523	-0.806369	0.452766	0.240402	-0.920866	-0.089354	0.43391	0.944433	-0.659612	0.157418	-0.565481	0.663184	-0.045611	-0.82637	0.424236	-0.15676	-0.818943	
-0.448307	0.162362	-0.718114	0.984374	-0.757217	-0.276227	0.33598	-0.834024	0.303363	0.827768	0.188208	-0.863793	0.331627	0.538798	0.816702	0.632709	0.08055	-0.990378	-0.788215	0.338562	-0.60777	-0.536265	0.537171	-0.863388	-0.492163	-0.66978	-0.850912	0.474852	0.606472	0.493556	0.107978	-0.234327	0.125761	0.332855	0.785451	-0.070136	0.69506	-0.274198	-0.410838	0.862639	-0.752974	-0.972286	-0.502674	-0.418823	0.069525	-0.021927	-0.657394	-0.960983	-0.18669	0.27183	
0.026995	0.023836	0.00091	0.029202	0.008817	0.014541	0.017418	0.012054	0.023594	0.038764	0.003787	0.034602	0.022993	0.04121	0.016322	0.0177	0.020286	0.00128	0.003802	0.002073	0.037378	0.029945	0.031563	0.026728	0.029819	0.004078	0.041361	0.006916	0.041168	0.00058	0.031612	0.017287	0.02789	0.001107	0.011597	0.007684	0.023692	0.016044	0.022355	0.008867	0.028998	0.033062	0.013287	0.040551	0.02163	0.012846	0.03782	0.011628	0.012767	0.009554	
0.017012	0.025783	0.000569	0.017195	0.029664	0.029122	0.015744	0.019135	0.009233	0.005518	0.025549	0.004733	0.00855	0.015769	0.037911	0.011552	0.018578	0.014957	0.02899	0.019031	0.025093	0.018998	0.031348	0.007009	0.017661	0.033351	0.031092	0.031856	0.010623	0.007836	0.023907	0.03921	0.012814	0.006596	0.000875	0.030494	0.019137	0.011962	0.000663	0.041549	0.025491	0.02441	0.027115	0.030526	0.005677	0.017036	0.033908	0.04022	0.017903	0.021045	
0.023812	0.030587	0.031287	0.026071	0.014214	0.037163	0.003031	0.014178	0.032657	0.036241	0.030822	0.017788	0.025755	0.019735	0.017574	0.024326	0.005595	0.02448	0.025705	0.032377	0.004627	0.0078	0.022773	0.015782	0.00517	0.003189	0.027277	0.016639	0.010596	0.017783	0.025861	0.032541	0.037149	0.035348	0.024356	0.029189	0.001971	0.011024	0.008213	0.006148	0.018261	0.02205	0.023748	0.022882	0.009426	0.005243	0.009253	0.037452	0.023417	0.011434	
0.013278	0.002492	0.012309	0.008293	0.009877	0.021957	0.004602	0.004989	0.035454	0.033788	0.002029	0.020685	0.032341	0.03971	0.028184	0.022472	0.003628	0.011391	0.027438	0.042433	0.021633	0.012625	0.031515	0.037402	0.016743	0.001634	0.003522	0.009759	0.032297	0.035512	0.02866	0.00043	0.002612	0.00693	0.02556	0.038599	0.018254	0.041723	0.006981	0.021728	0.038926	0.022334	0.040201	0.021761	0.007254	0.027597	0.027706	0.015155	0.009415	0.018182	
0.010812	0.013658	0.030515	0.016987	0.034721	0.009782	0.009533	0.033863	0.015729	0.000618	0.03594	0.002959	0.031381	0.031773	0.010673	0.027484	0.013696	0.014665	0.022942	0.030876	0.004074	0.034114	0.035464	0.006607	0.030227	0.027931	0.018064	0.02824	0.003595	0.016765	0.012024	0.021686	0.000888	0.014586	0.006002	0.038071	0.034995	0.014385	0.012041	0.018922	0.02241	0.030344	0.025403	0.031638	0.011977	0.024443	0.016112	0.009964	0.030374	0.020047	
0.023723	0.03443	0.025919	0.020719	0.02163	0.030061	0.034934	0.002725	0.026576	0.006148	0.000695	0.032401	0.033166	0.013156	0.000905	0.035638	0.032553	0.02531	0.042439	0.012696	0.011369	0.010743	0.017407	0.012334	0.017112	0.034292	0.029316	0.005309	0.010335	0.010745	0.010397	0.024081	0.029883	0.022983	0.006012	0.009728	0.010819	0.039621	0.021462	0.028456	0.039319	0.003678	0.011794	0.016503	0.006955	0.013846	0.012605	0.038111	0.001961	0.037	
0.021677	0.026735	0.028931	0.026806	0.02222	0.023224	0.025476	0.010045	0.025743	0.01358	0.027957	0.006585	0.033754	0.009612	0.006377	0.033137	0.025676	0.019018	0.025747	0.016117	0.015194	0.02741	0.005216	0.032479	0.035386	0.01975	0.033049	0.008298	0.010338	0.014792	0.001798	0.000641	0.035873	0.034548	0.034917	0.008608	0.016362	0.018704	0.010253	0.0324	0.018574	0.014503	0.017135	0.003122	0.03019	0.036354	0.006661	0.025852	0.013224	0.009952	
0.02205	0.025364	0.023503	0.014539	0.016812	0.013959	0.030485	0.015513	0.029036	0.019527	0.015395	0.008195	0.002195	0.028499	0.008219	0.016607	0.032256	0.032886	0.036537	0.021381	0.010694	0.035168	0.00121	0.036322	0.028629	0.012272	0.014784	0.039433	0.012963	0.00461	0.026009	0.022121	0.024288	5.1e-05	0.001687	0.014703	0.022636	0.008906	0.03564	0.013218	0.028022	0.015073	0.007864	0.015027	0.035232	0.037487	0.036526	0.005619	0.019002	0.021846	
0.008371	0.026251	0.029596	0.019064	0.030434	0.03309	0.00595	0.015727	0.028989	0.033923	0.002237	0.006553	0.029732	0.018012	0.0135	0.026342	0.003221	0.026837	0.015704	0.008452	0.034135	0.032286	0.018003	0.038287	0.00906	0.035935	0.031709	0.009901	0.014443	0.018936	0.02598	0.005831	0.027867	0.017241	0.020426	0.000313	0.001779	0.016225	0.032112	0.036674	0.005382	0.033423	0.00226	0.032259	0.035651	0.029216	0.030168	0.009456	0.00878	0.004277	
0.013933	0.039015	0.032209	0.00595	0.04231	0.036648	0.035177	0.008762	0.001121	0.028065	0.004777	0.024279	0.022305	0.032756	0.004719	0.026566	0.018458	0.026	0.022814	0.00853	0.019021	0.007624	0.01899	0.040277	0.015089	0.032935	0.012902	0.030965	0.016895	0.031235	0.022355	0.022293	0.012593	0.001884	0.008689	0.003756	0.041488	0.002354	0.00376	0.010469	0.042265	0.007805	0.004999	0.003134	0.026116	0.031101	0.040587	0.007132	0.030928	0.015965	
0.017939	0.005502	0.033743	0.004102	0.005215	0.01271	0.005241	0.000731	0.002433	0.01627	0.028268	0.024236	0.038441	0.013545	0.034527	0.014196	0.039671	0.027374	0.012365	0.038458	0.032653	0.028128	0.024644	0.038381	0.000898	0.032387	0.02016	0.033187	0.015778	0.013675	0.002454	0.021945	0.000707	0.017546	0.029894	0.03115	0.002575	0.018433	0.006848	0.036294	0.024553	0.028674	0.00839	0.023661	0.035329	0.007405	0.028434	0.017923	0.024821	0.018106	
0.037114	0.016205	0.041318	0.030997	0.00157	0.025476	0.01817	0.004474	0.024454	0.019386	0.022773	0.024834	0.023417	0.026379	0.01183	0.028008	0.008694	0.03301	0.015211	0.009829	0.025004	0.041746	0.013862	0.004689	0.039722	0.015913	0.028512	0.014293	0.028965	0.013257	0.030797	0.027628	0.023655	0.040508	0.01638	0.008269	0.029054	0.00829	0.002954	0.035587	0.006326	0.01949	0.014409	0.003555	0.003254	0.015659	0.00102	0.023536	0.036381	0.004136	
0.007067	0.018674	0.029593	0.032241	0.013251	0.000547	0.004836	0.029542	0.028693	0.003416	0.01755	0.040954	0.017982	0.031468	0.031929	0.009096	0.021042	0.036922	0.035241	0.039462	0.010481	0.018145	0.01754	0.028053	0.01063	0.012214	0.020929	0.026369	0.022832	0.026669	0.020746	0.008078	0.000648	0.027457	0.022559	0.034361	0.004726	0.006212	0.002318	0.004601	0.037386	0.037656	0.029184	0.021297	0.028782	0.007827	0.02601	0.003102	0.010556	0.023126	
0.030427	0.04174	0.014403	0.034049	0.033083	0.003001	0.005716	0.003301	0.017917	0.019854	0.005551	0.013672	0.038576	0.040479	0.014794	0.007176	0.009924	0.024804	0.031885	0.028122	0.012674	0.030912	0.036954	0.040125	0.000362	0.007153	0.024727	0.037428	0.040075	0.021209	0.00155	0.000283	0.013516	0.007468	0.027557	0.009641	0.005553	0.033946	0.015592	0.012458	0.001231	0.019937	0.021887	0.012356	0.032741	0.016746	0.040182	0.032014	0.009316	0.015933	
0.007348	0.031247	0.006546	0.021869	0.013136	0.013613	0.027464	0.005171	0.012493	0.032101	0.023393	0.03688	0.014841	0.036304	0.020285	0.027163	0.009628	0.014837	0.034713	0.036824	0.019377	0.009394	0.023781	0.029063	0.015252	0.01909	0.040383	0.003329	0.011237	0.011302	0.019605	0.030021	0.020172	0.003982	0.036096	0.018372	0.024756	0.006544	0.002788	0.031982	0.027966	0.019293	0.033543	0.026955	0.01148	0.003219	0.035596	0.007341	0.006005	0.02622	
0.010259	0.009888	0.019674	0.011426	0.036622	0.018923	0.036947	0.003761	0.025607	0.034411	0.018311	0.003743	0.030276	0.040481	0.024188	0.028546	0.0359	0.017749	0.016444	0.024615	0.007702	0.027811	0.019096	0.004635	0.022895	0.000307	0.001513	0.013071	0.006235	0.022052	0.027166	0.016953	0.017582	0.016904	0.015022	0.037837	0.028732	0.003364	0.001471	0.016637	0.021608	0.012356	0.003299	0.016739	0.037673	0.034344	0.035198	0.02996	0.039448	0.014619	
0.034671	0.00626	0.000472	0.002204	0.035974	0.032367	0.025273	0.014614	0.020349	0.015524	0.032343	0.002357	0.026122	0.03047	0.000264	0.031857	0.036143	0.006235	0.032763	0.002459	0.016128	0.037536	0.007982	0.021159	0.010022	0.033446	0.006288	0.037168	0.024758	0.024628	0.030212	0.027458	0.029012	0.015098	0.028165	0.006584	0.006048	0.035612	0.016223	0.036432	0.01403	0.013313	0.017463	0.032218	0.006189	0.016209	0.019869	0.004111	0.032637	0.005281	
0.013452	0.026166	0.03702	0.00586	0.007196	0.019868	0.01574	0.037947	0.01952	0.011207	0.016752	0.010976	0.008001	0.023805	0.026923	0.006885	0.004688	0.015109	0.014745	0.030259	0.013406	0.019141	0.026265	0.030201	0.005411	0.035585	0.032041	0.01283	0.014745	0.016513	0.027617	0.005038	0.015561	0.022156	0.030836	0.033775	0.036378	0.031946	0.012966	0.03463	0.016762	0.021726	0.034271	0.004607	0.029807	0.02223	0.021483	0.011413	0.016952	0.011589	
0.002268	0.012443	0.03834	0.025543	0.016776	0.028137	0.012109	0.031917	0.02601	0.030229	0.04529	0.032028	0.008521	0.039556	0.024905	0.009269	0.017617	0.008492	0.015881	0.011175	0.023474	0.014006	0.03816	0.011982	0.016974	0.043556	0.032571	0.012901	0.014793	0.000213	0.020375	0.001293	0.016417	0.003954	0.034871	0.038796	0.043252	0.014805	0.00676	0.045604	0.016253	0.010879	0.015272	0.010006	0.020481	0.013979	0.013315	0.024327	0.000521	0.003704	
0.037755	0.009055	0.000809	0.001819	0.020527	0.034833	0.033555	0.022513	0.025008	0.023888	0.013992	0.006515	0.002909	0.020207	0.03795	0.031194	0.006318	0.016337	0.029432	0.013941	0.003061	0.038408	0.017152	0.025763	0.012718	0.031617	0.003183	0.024125	0.036846	0.032195	0.004538	0.016492	0.027862	0.022565	0.00059	0.031945	0.005368	0.022148	0.037816	0.032957	0.014682	0.013099	0.010045	0.026341	0.010366	0.0118	0.008059	0.030221	0.034782	0.024699	
0.023659	0.006764	0.002522	0.011246	0.020839	0.027974	0.032467	0.002205	0.030332	0.034169	0.036514	0.031428	0.034262	0.034137	0.03571	0.003967	0.022512	0.014869	0.011649	0.0272	0.038796	0.008784	0.00144	0.030256	0.021054	0.005892	0.018374	0.034048	0.039118	0.033595	0.01278	0.002611	0.000301	0.027452	0.004184	0.019024	0.003531	0.023286	0.036558	0.029544	0.012532	0.032384	0.004001	0.009692	0.013773	0.002941	0.028025	0.022583	0.01277	0.026246	
0.022531	0.014344	0.035223	0.019542	0.009118	0.020932	0.019955	0.01425	0.022332	0.011864	0.008889	0.010168	0.009747	0.025102	0.000493	0.021092	0.016456	0.031661	0.025861	0.03205	0.035844	0.004196	0.009512	0.034713	0.01068	0.019038	0.004999	0.006533	0.022975	0.015779	0.019549	0.017825	0.035522	0.033059	0.038786	0.009136	0.034066	0.025856	0.00887	0.02017	0.03773	0.03346	0.006926	0.02248	0.038093	0.030494	0.000861	0.012347	0.002301	0.03659	
0.024625	0.013193	0.026821	0.002029	0.033077	0.030711	0.013118	0.029701	0.023174	0.02868	0.014434	0.006459	0.034017	0.007548	0.022335	0.012585	0.030792	0.018639	0.007502	0.027866	0.033771	0.037215	0.020105	0.0279	0.001926	0.016478	0.017695	0.011288	0.030029	0.003254	0.024456	0.013257	0.001977	0.038348	0.00341	0.023997	0.00949	0.033725	0.021199	0.021728	0.038777	0.007637	0.00925	0.011365	0.013707	0.033511	0.039463	0.017055	0.021435	0.009246	
0.015071	0.024207	0.005643	0.002565	0.038399	0.012777	0.010519	0.007157	0.038428	0.010779	0.01765	0.022311	0.007862	0.004623	0.026658	0.02887	0.004984	0.013014	0.038746	0.022899	0.004034	0.037341	0.036589	0.00487	0.016663	0.025246	0.019806	0.032207	0.033076	0.024494	0.028231	0.004861	0.022139	0.038871	0.033281	0.027132	0.017923	0.000453	0.005005	0.019414	0.035399	0.013293	0.021281	0.012632	0.018231	0.032557	0.004607	0.022369	0.028217	0.026616	
0.006768	0.025835	0.009325	0.033439	0.017811	0.028912	0.023617	0.024179	0.028781	0.037002	0.005764	0.038898	0.026673	0.023851	0.001657	0.014491	0.019616	0.013721	0.028844	0.039394	0.026667	0.026108	0.01729	0.003107	0.014897	0.038069	0.026532	0.032337	0.002374	0.028383	0.002188	0.022146	0.023159	0.021561	0.020565	0.028001	0.020702	0.008421	0.00252	0.013819	0.01739	0.00636	0.010309	0.024791	0.011173	0.028656	0.014469	0.014901	0.027886	0.016641	
0.0182	0.036603	0.006156	0.00295	0.002885	0.019663	0.023195	0.034318	0.011272	0.019671	0.04101	0.017219	0.043731	0.009828	0.007053	0.012075	0.044195	0.03005	0.037971	0.024524	0.007795	0.003195	0.013494	0.029969	0.033019	0.00301	0.02415	0.007275	0.001004	0.034217	0.038028	0.03558	0.028229	0.038617	0.006135	0.04216	0.009724	0.001228	0.012043	0.038015	0.022441	0.024985	0.011281	0.005548	0.001684	0.00876	0.009937	0.014446	0.027406	0.024056	
0.038452	0.025058	0.004334	0.017515	0.006956	0.026324	0.008257	0.009188	0.011554	0.015981	0.0229	0.033598	0.01735	0.03115	0.027195	0.015277	0.017111	0.025108	0.033482	0.004179	0.018815	0.01381	0.012729	0.009606	0.023681	0.006818	0.024537	0.030166	0.027754	0.017535	0.018635	0.037462	0.013703	0.007723	0.006348	0.012753	0.007057	0.02379	0.038564	0.030615	0.027169	0.022598	0.021839	0.025867	0.038855	0.026476	0.023006	0.011567	0.027368	0.002185	
0.012754	0.035569	0.001683	0.000548	0.025224	0.016455	0.005121	0.00056	0.022323	0.021902	0.044645	0.02578	0.029227	0.01	0.009031	0.032143	0.007958	0.016964	0.015669	0.037155	0.008492	0.035832	0.024358	0.018288	0.022975	0.00684	0.032048	0.023991	0.012797	0.002325	0.04399	0.004909	0.028375	0.002403	0.025452	0.026965	0.000736	0.045989	0.025999	0.02466	0.005155	0.035025	0.023934	0.002661	0.016442	0.025836	0.04503	0.006202	0.030579	0.021001	
0.037479	0.034597	0.03332	0.020467	0.007864	0.019229	0.02494	0.032771	0.016395	0.005882	0.042339	0.02712	0.021522	0.033239	0.040448	0.009161	0.014785	0.008048	0.037663	0.005695	0.007524	0.009133	0.038677	0.010669	0.043038	0.018809	0.018125	0.006714	0.021234	0.028448	0.012978	0.026197	0.006082	0.008878	0.02554	0.033732	0.020215	0.040366	0.010472	0.007079	0.003189	0.027204	0.001077	0.019438	0.002	0.000533	0.033432	0.011931	0.017386	0.016936	
0.027091	0.028256	0.016587	0.002077	0.033167	0.007588	0.031938	0.014426	0.006115	0.013675	0.012197	0.020054	0.007022	0.037257	0.034822	0.01308	0.03539	0.000248	0.02252	0.008213	0.027315	0.003855	0.007253	0.024852	0.019466	0.013795	0.016644	0.008468	0.036796	0.013054	0.037642	0.036979	0.014548	0.034918	0.03714	0.032779	0.016793	0.004043	0.012113	0.011845	0.024653	0.022355	0.027788	0.009301	0.0102	0.025099	0.017956	0.025666	0.024393	0.030568	
0.011381	0.026135	0.003311	0.010496	0.036095	0.021829	0.023944	0.034928	0.012955	0.01072	0.02637	0.031217	0.021982	0.018329	0.037742	0.027695	0.022699	0.001709	0.015951	0.04059	0.000274	0.008672	0.033812	0.034499	0.018677	0.006251	0.017992	0.017571	0.009868	0.014579	0.00741	0.039159	0.007257	0.002564	0.012134	0.02549	0.028743	0.018285	0.010371	0.036718	0.008172	0.01304	0.036461	0.003937	0.013101	0.036361	0.028516	0.03926	0.033346	0.001402	
0.031328	0.011459	0.02199	0.011155	0.025623	0.011487	0.020435	0.002315	0.005619	0.02566	0.008891	0.022004	0.027319	0.029157	0.034104	0.032875	0.015093	0.003448	0.007245	0.009008	0.036117	0.037921	0.00117	0.027709	0.002302	0.03774	0.024054	0.015965	0.013353	0.00349	0.010649	0.037292	0.018057	0.035831	0.018943	0.017459	0.017947	0.024567	0.037997	0.010475	0.026877	0.001669	0.025461	0.024508	0.025033	0.019143	0.020237	0.025171	0.031326	0.015322	
0.007735	0.009148	0.012292	0.019018	0.021233	0.034508	0.015197	0.033577	0.03121	0.029157	0.004801	0.020284	0.033394	0.029786	0.015652	0.033092	0.018319	0.011149	0.015942	0.022197	0.025292	0.03297	0.009547	0.031889	0.00968	0.030094	0.019053	0.001233	0.006221	0.003221	0.015231	0.013686	0.024502	0.028569	0.037368	0.007049	0.037405	0.024261	0.015586	0.014124	0.006682	0.016357	0.015016	0.028948	0.027315	0.0094	0.028737	0.023897	0.014998	0.023978	
0.033014	0.022978	0.02024	0.031181	0.023076	0.014361	0.000735	0.004818	0.0247	0.013987	0.034135	0.02346	0.004601	0.031661	0.020336	0.034041	0.00826	0.020964	7e-06	0.011842	0.034392	0.006214	0.002994	0.01736	0.008575	0.004354	0.035129	0.034341	0.01885	0.01996	0.00152	0.008757	0.030608	0.031445	0.018985	0.030373	0.01302	0.011151	0.030307	0.0201	0.006738	0.01438	0.020965	0.032612	0.015614	0.033273	0.026562	0.029644	0.033055	0.030325	
0.019712	0.003562	0.035795	0.037675	0.030835	0.035207	0.002434	0.039959	0.035436	0.008105	0.001037	0.003604	0.016789	0.024725	0.013703	0.021994	0.028006	0.010692	0.037528	0.022464	0.017217	0.001223	0.007572	0.002066	0.034402	0.027855	0.016899	0.000925	0.028041	0.030182	0.037869	0.01694	0.02239	0.036471	0.00778	0.03422	0.00757	0.004534	0.005951	0.033796	0.00769	0.009548	0.0363	0.007927	0.039651	0.009679	0.037741	0.037708	0.001741	0.00885	
0.015654	0.029429	0.007304	0.00721	0.023785	0.023999	0.021334	0.007861	0.027851	0.042372	0.017321	0.010641	0.037435	0.016914	0.00016	0.043219	0.021816	0.025647	0.008821	0.037842	0.01751	0.033241	0.025495	0.00177	0.038893	0.000943	0.01424	0.013912	0.016995	0.003328	0.015112	0.039411	0.019921	0.003049	0.018842	0.018467	0.006642	0.019776	0.033449	0.026908	0.007996	0.027095	0.025403	0.035221	0.023962	0.004172	0.018553	0.033366	0.025103	0.00461	
0.001149	0.021518	0.028183	0.01425	0.005531	0.003732	0.011354	0.006269	0.030559	0.025413	0.031621	0.011175	0.0183	0.027205	0.026076	0.02714	0.002564	0.01082	0.030984	0.014323	0.030647	0.009568	0.028278	0.034128	0.010823	0.021059	0.022181	0.026376	0.02109	0.037606	0.016305	0.038077	0.025035	0.019663	0.032803	0.007533	0.013635	0.004679	0.028481	0.02577	0.005126	0.03717	0.017784	0.012978	0.031922	0.013558	0.022962	0.035871	0.019449	0.001277	
0.020582	0.028537	0.019691	0.011736	0.00668	0.000454	0.027018	0.035078	0.006365	0.033969	0.031111	0.02926	0.034816	0.015203	0.001743	0.030146	0.030587	0.004498	0.024615	0.032318	0.034733	0.031693	0.00157	0.009047	0.008034	0.016435	0.002206	0.032103	0.008737	0.015135	0.027334	0.014659	0.031765	0.023721	0.006139	0.027528	0.007178	0.009248	0.012277	0.02227	0.032761	0.031806	0.018303	0.009863	0.031906	0.030602	0.022781	0.001458	0.02598	0.028321	
0.026844	0.017119	0.0208	0.031599	0.027442	0.025431	0.002987	0.012937	0.031887	0.042103	0.026733	0.033048	0.017231	0.018025	0.012044	0.007237	0.028424	0.030302	0.003657	0.041453	0.01217	0.01019	0.013235	0.008351	0.005829	0.026245	0.00584	0.010682	0.02148	0.001294	0.007939	0.015484	0.022362	0.019098	0.020092	0.014407	0.009219	0.040069	0.019444	0.021659	0.042612	0.036827	0.005761	0.005805	0.00875	0.025485	0.039791	0.020752	0.037445	0.01438	
0.024142	0.02581	0.015898	0.018131	0.0365	0.020843	0.034316	0.022074	0.02645	0.000944	0.014547	0.014676	0.030646	0.034723	0.030612	0.033466	0.033461	0.037315	0.002537	0.001952	0.010359	0.00612	0.025136	0.009737	0.022283	0.026373	0.003513	0.03135	0.018881	0.037851	0.014728	0.037304	0.024285	0.037554	0.018353	0.021105	0.025164	0.002458	0.01636	0.013659	0.007499	0.037923	0.003018	0.016066	0.007008	0.001851	0.0066	0.023948	0.012122	0.022349	
0.028626	0.013705	0.016942	0.022502	0.002111	0.036467	0.011896	0.018357	0.005681	0.018377	0.010848	0.015126	0.029448	0.029613	0.026253	0.002904	0.006926	0.020253	0.006004	0.017172	0.036337	0.020231	0.009664	0.035516	0.003041	0.033961	0.02775	0.016795	0.006396	0.029223	0.036596	0.017237	0.013875	0.007058	0.031894	0.003596	0.036698	0.015118	0.029982	0.016816	0.026134	0.027481	0.01006	0.020019	0.014155	0.029559	0.03516	0.014902	0.037384	0.018151	
0.027745	0.040778	0.002938	0.011052	0.040735	0.014922	0.028346	0.00777	0.037866	0.008284	0.030128	0.004087	0.017783	0.000926	0.039466	0.038425	0.010395	0.017176	0.014212	0.04013	0.003213	0.024642	0.032998	0.041196	0.037703	0.005471	0.00775	0.040595	0.001987	0.001488	0.015842	0.044615	0.009586	0.024117	0.011552	0.010471	0.010203	0.043648	0.038378	0.004849	0.029759	0.004229	0.02823	0.029585	0.001328	0.006066	0.015742	0.010149	0.027392	0.004052	
0.027445	0.027068	0.029752	0.022938	0.035621	0.022453	0.015484	0.02625	0.029923	0.018188	0.002945	0.008684	0.028552	0.015083	0.025159	0.032203	0.024247	0.004537	0.033828	0.001685	0.009875	0.017596	0.034352	0.017654	0.001322	0.020256	0.007868	0.015562	0.016321	0.03496	0.017221	0.033181	0.037351	0.011691	0.030193	0.017047	0.002937	0.007237	0.021637	0.036434	0.021908	0.031507	0.005527	0.022091	0.008486	0.017266	0.010946	0.013764	0.034055	0.01171	
0.004166	0.012471	0.041363	0.038858	0.013444	0.019263	0.01923	0.01884	0.035066	0.018251	0.017007	0.010963	0.037984	0.008652	0.024482	0.028674	0.020727	0.039399	0.02475	0.030227	0.038162	0.021923	0.006696	0.02002	0.009316	0.037667	0.001189	0.009276	0.025354	0.016925	0.030612	0.016194	0.02139	0.003596	0.035518	0.036247	0.021385	0.017793	0.016623	0.006931	0.001114	0.010545	0.027931	0.026885	0.000104	0.01659	0.008928	0.00482	0.032257	0.014192	
0.039819	0.015772	0.004741	0.027135	0.00906	0.016029	0.040568	0.009072	0.025692	0.037681	0.027412	0.032331	0.003318	0.03171	0.004693	0.011902	0.037699	0.032025	0.008397	0.024453	0.03033	0.032717	0.028599	0.013319	0.028699	0.027209	0.033153	0.027769	0.012098	3.6e-05	0.001326	0.006017	0.010531	0.009243	0.0028	0.031961	0.039481	0.032897	0.028996	0.02544	0.029036	0.00711	0.007988	0.003904	0.040215	0.017075	0.021074	0.002967	0.007619	0.000882	
0.025741	0.022152	0.002278	0.034484	0.036051	0.017947	0.011704	0.037071	0.005132	0.007617	0.009065	0.027189	0.023375	0.027875	0.013305	0.005092	0.014128	0.037167	0.004871	0.027515	0.019346	0.024043	0.037653	0.000557	0.024891	0.015334	0.035456	0.019497	0.037825	0.003765	0.021986	0.013537	0.008964	0.028265	0.036272	0.009045	0.002112	0.019073	0.002797	0.001736	0.037723	0.037836	0.022678	0.00728	0.016132	0.030277	0.037909	0.012433	0.012275	0.033544	
0.025474	0.012973	0.030513	0.000726	0.010464	0.008722	0.013546	0.029713	0.031065	0.028384	0.034776	0.009339	0.034815	0.027651	0.008862	0.037215	0.033417	0.014159	0.017073	0.033512	0.024981	0.01029	0.005948	0.013415	0.030311	0.004476	0.017713	0.011517	0.003975	0.036527	0.020437	0.03433	0.037889	0.010121	0.02828	0.007018	0.013067	0.010402	0.002529	0.003118	0.004393	0.029053	0.015679	0.022777	0.013605	0.022463	0.027617	0.030874	0.027586	0.03721	
0.032288	0.032481	0.017897	0.038139	0.01032	0.000432	0.011909	0.034276	0.014454	0.005443	0.020591	0.003146	0.003195	0.016175	0.02941	1.3e-05	0.032344	0.021821	0.01262	0.010518	0.023939	0.013784	0.004596	0.00063	0.009669	0.017895	0.000489	0.026901	0.033576	0.002973	0.017024	0.000189	0.026789	0.031234	0.02464	0.040201	0.023207	0.039077	0.034866	0.001014	0.037689	0.015285	0.009447	0.005076	0.035757	0.041262	0.038994	0.03707	0.029812	0.029443	
0.011315	0.00753	0.005065	0.014146	0.011457	0.034018	0.009682	0.028568	0.038507	0.004207	0.000627	0.028934	0.009711	0.036251	0.027249	0.005071	0.015356	0.005342	0.025124	0.026422	0.001354	0.02779	0.034104	0.032739	0.021026	0.016946	0.01155	0.036842	0.00379	0.01222	0.035688	0.019287	0.031037	0.028733	0.03284	0.008136	0.030296	0.007882	6.9e-05	0.039656	0.008455	0.012057	0.01787	0.017961	0.009109	0.025804	0.017736	0.035893	0.039838	0.03871	
0.030476	0.035646	0.01132	0.010277	0.016924	0.00839	0.001165	0.001589	0.038568	0.039597	0.025367	0.012198	0.023691	0.033316	0.039516	0.004907	0.035542	0.014895	0.00186	0.021492	0.000429	0.036196	0.025337	0.016747	0.013033	0.000257	0.037055	0.038439	0.004465	0.032261	0.023074	0.016154	0.02204	0.002227	0.017191	0.016379	0.024967	0.036036	0.025876	0.006734	0.02485	0.01747	0.027823	0.00369	0.027598	0.00796	0.011231	0.035688	0.017603	0.024454	
0.03708	0.00121	0.034892	0.027398	0.008679	0.008436	0.015299	0.018265	0.017045	0.000695	0.005313	0.00777	0.0267	0.026846	0.043166	0.015231	0.012165	0.013394	0.038486	0.027381	0.000651	0.037908	0.006289	0.009608	0.030535	0.031146	0.029249	0.043189	0.007769	0.031081	0.028981	0.016451	0.040837	0.029721	0.007764	0.038826	0.022757	0.042649	0.022152	0.017529	0.006204	0.02445	0.006538	0.003396	0.002727	0.037401	0.000436	0.001156	0.036214	0.000935	
0.015387	0.015881	0.03174	0.023781	0.010189	0.017897	0.015733	0.032764	0.037558	0.02112	0.035378	0.026421	0.010865	0.01622	0.022668	0.001399	0.019328	0.021162	0.011632	0.026846	0.004382	0.004372	0.001149	0.017088	0.037289	0.009482	0.029135	0.030414	0.006972	0.029124	0.021199	0.03477	0.021075	0.016501	0.035599	0.01192	0.038855	0.02901	0.005347	2.3e-05	0.017956	0.013646	1.2e-05	0.027839	0.021477	0.036029	0.029925	0.011976	0.004028	0.039437	
0.009051	0.013885	0.004322	0.020458	0.01468	0.000338	0.029958	0.006184	0.009369	0.013313	0.037833	0.025884	0.032844	0.033708	0.005081	0.002812	0.038401	0.030965	0.034404	0.02411	0.019816	0.003876	0.046925	0.022168	0.034014	0.035598	0.029213	0.023828	0.003589	0.006854	0.015108	0.038558	0.006688	0.012551	0.031533	0.000966	0.017154	0.04331	0.028685	0.006498	0.003033	0.015983	0.019891	0.013288	0.043422	0.014791	0.012455	0.025817	0.005734	0.031054	
0.008871	0.019079	0.006577	0.005146	0.018645	0.020333	0.008788	0.002134	0.043602	0.010997	0.026454	0.004633	0.005328	0.007695	0.024468	0.024889	0.02146	0.010288	0.020765	0.043229	0.028828	0.008563	0.031692	0.017886	0.041338	0.027434	0.003879	0.006733	0.033583	0.042478	0.023447	0.002852	0.012491	0.031722	0.027292	0.010036	0.025056	0.01676	0.038953	0.042834	0.018999	0.038159	0.032219	0.004777	0.005025	0.007881	0.015022	0.027642	0.001643	0.041395	
0.016521	0.032671	0.029942	0.035342	0.03275	0.032613	0.010728	0.020604	0.036046	0.033123	0.035859	0.025414	0.007982	0.024483	0.027464	0.025067	0.022041	0.02137	0.001101	0.004936	0.034763	0.006183	0.033778	0.027353	0.013613	0.005589	0.036004	0.014626	0.003267	0.020245	0.017861	0.007895	0.007751	0.032477	0.002008	0.026486	0.020529	0.029709	0.02691	0.022801	0.005347	0.007958	0.001095	0.004075	0.011798	0.031378	0.033	0.009201	0.008179	0.022064	
0.022332	0.010946	0.020656	0.018961	0.020275	0.008091	0.029722	0.001473	0.018145	0.03162	0.028739	0.003828	0.031719	0.021278	0.024801	0.005712	0.022723	0.014162	0.023226	0.000853	0.017055	0.012231	0.022211	0.014607	0.013846	0.020156	0.016166	0.012245	0.030525	0.027995	0.00794	0.029157	0.032694	0.028981	0.026062	0.017476	0.009704	0.032269	0.001242	0.013871	0.01868	0.029963	0.018628	0.032037	0.029313	0.0256	0.030626	0.020902	0.023084	0.025472	
0.031583	0.034609	0.013285	0.014645	0.001427	0.02965	0.017017	0.000172	0.011109	0.009591	0.02281	0.018407	0.030517	0.034542	0.030193	0.034088	0.008351	0.033829	0.012676	0.027995	0.016498	0.035083	0.006886	0.012316	0.02467	0.009767	0.035191	0.012856	0.019563	0.012891	0.035746	0.01923	0.034165	0.018907	0.008969	0.028147	0.003908	0.010409	0.024937	0.029936	0.005131	0.032459	0.027302	0.027787	0.01668	0.011096	0.015805	0.005023	0.025961	0.016185	
0.017252	0.028801	0.030057	0.007678	0.003143	0.000363	0.016284	0.034529	0.030339	0.019236	0.017135	0.017687	0.034681	0.018701	0.01898	0.029453	0.012356	0.031575	0.015815	0.035581	0.020153	0.023685	0.007244	0.030565	0.031014	0.031461	0.030297	0.024545	0.021904	0.002504	0.002472	0.029502	0.001342	0.021245	0.011847	0.035309	0.031547	0.014544	0.008475	0.005455	0.028747	0.033043	0.027516	0.018518	0.003708	0.019524	0.010632	0.023513	0.026764	0.003279	
0.028759	0.00927	0.011203	0.013206	0.034014	0.001837	0.018245	0.001302	0.015819	0.038339	0.027534	0.00476	0.011554	0.030526	0.029315	0.036771	0.021444	0.003531	0.026228	0.032437	0.014526	0.002215	0.008308	0.028672	0.014348	0.016866	0.025773	0.026661	0.024201	0.030718	0.037354	0.015282	0.021442	0.010559	0.037571	0.016278	0.023423	0.00407	0.001748	0.023831	0.037401	0.015399	0.024119	0.006577	0.030457	0.023065	0.01435	0.010317	0.039232	0.019143	
0.028273	0.016155	0.011618	0.004608	0.019934	0.005965	0.033657	0.026537	0.033024	0.034424	0.016801	0.031995	0.03151	0.005371	0.034106	0.027574	0.006789	0.001133	0.021489	0.015382	0.006434	0.033804	0.032972	0.017514	0.000216	0.002356	0.032518	0.020144	0.025434	0.025719	0.032313	0.028214	0.026093	0.005662	0.023135	0.027617	0.020236	0.003855	0.005297	0.032632	0.029991	0.021854	0.032745	0.016741	0.01655	0.018495	0.013311	0.004017	0.032463	0.005323	
0.016117	0.006555	0.008521	0.003059	0.026689	0.010405	0.0031	0.016262	0.014466	0.030587	0.037354	0.014733	0.037315	0.002492	0.037845	0.025059	0.038532	0.001979	0.003097	0.008606	0.032747	0.014793	0.00913	0.034835	0.018777	0.01927	0.020052	0.01746	0.025603	0.02934	0.030726	0.014483	0.012152	0.00598	0.01295	0.014934	0.027417	0.004439	0.018374	0.01149	0.038218	0.022765	0.039546	0.033151	0.031092	0.020922	0.017865	0.026851	0.035317	0.016548	
0.042415	0.020859	0.020596	0.017016	0.030762	0.032547	0.008447	0.02992	0.012896	0.03664	0.023272	0.040129	0.01057	0.010773	0.007905	0.041066	0.031525	0.022414	0.030236	0.02377	0.009133	0.021966	0.002371	0.021689	0.035571	0.007597	0.039509	0.019177	0.006888	0.010269	0.022333	0.032283	0.003318	0.022554	0.002948	0.018415	0.027719	0.041041	0.018763	0.00271	0.029017	0.003885	0.039647	0.005829	0.000188	0.006682	0.012534	0.024476	0.015718	0.002012	
0.023378	0.015023	0.019787	0.017143	0.009515	0.014649	0.019861	0.029859	0.022864	0.034849	0.023804	0.00011	0.031428	0.016029	0.013102	0.026915	0.007756	0.00828	0.022755	0.035409	0.034178	0.007318	0.01712	0.036349	0.03585	0.02047	0.007813	0.006125	0.01672	0.037101	0.02882	0.028394	0.033753	0.027197	0.029946	0.014721	0.00617	0.026662	0.030619	0.017771	0.01122	0.020293	0.005869	0.014367	0.027746	0.000396	0.011366	0.004775	0.023374	0.024981	
0.013768	0.031076	0.009408	0.036258	0.019968	0.000621	0.00921	0.00375	0.030982	0.034048	0.009484	0.001071	0.024868	0.026398	0.005418	0.016906	0.014121	0.022042	0.02007	0.005565	0.001663	0.013158	0.02011	0.01873	0.035965	0.028215	0.028287	0.033418	0.029388	0.035686	0.012082	0.020038	0.002232	0.035726	0.030943	0.017103	0.030194	0.03292	0.013033	0.027301	0.020877	0.035624	0.024856	0.016374	0.026363	0.033893	0.013192	0.007159	0.011658	0.00878	
0.001976	0.001509	0.025979	0.023369	0.017407	0.011393	0.039342	0.002633	0.027391	0.014227	0.013223	0.03802	0.036639	0.032769	0.035075	0.013373	0.003331	0.028419	0.008409	0.024283	0.035191	0.022223	0.006683	0.033882	0.001756	0.026554	0.019153	0.021005	0.004738	0.011077	0.022299	0.021401	0.006503	0.004388	0.001684	0.027708	0.034651	0.029044	0.017852	0.031589	0.001748	0.021653	0.015133	0.031204	0.037577	0.021327	0.006273	0.029542	0.023126	0.034269	
0.022542	0.027894	0.004645	0.036247	0.013892	0.012051	0.019615	0.009073	0.017698	0.019423	0.028439	0.035585	0.029616	0.009616	0.028097	0.013347	0.038404	0.022014	0.010446	0.034748	0.026499	0.033591	0.032233	0.021287	0.022094	0.033982	0.0107	0.013779	0.017346	0.022975	0.006702	0.010355	0.014911	0.01548	0.027031	0.002862	0.011946	0.009054	0.020445	0.029208	0.036019	0.004023	0.01539	0.003598	0.002474	0.02124	0.036492	0.0228	0.026669	0.015423	
0.022866	0.004758	0.024886	0.021275	0.037809	0.002623	0.028724	0.014999	0.021536	0.028752	0.015171	0.033898	0.017277	0.018532	0.037193	0.020715	0.011891	0.02504	0.002311	0.015297	0.011864	0.000851	0.008292	0.005838	0.003615	0.002565	0.038175	0.03387	0.035743	0.022628	0.006683	0.003658	0.003606	0.038959	0.005737	0.034235	0.029118	0.003368	0.022999	0.026957	0.035204	0.039565	0.007198	0.018403	0.030888	0.037859	0.009987	0.013025	0.026524	0.037033	
0.006138	0.012082	0.002156	0.035814	0.011143	0.036118	0.000992	0.001476	0.032803	0.010156	0.015369	0.01986	0.034038	0.036539	0.008122	0.015805	0.034901	0.035711	0.024025	0.026554	0.036577	0.028897	0.016289	0.013426	0.004891	0.008577	0.028711	0.03749	0.03233	0.023814	0.026255	0.004527	0.01906	0.013716	0.007577	0.011563	0.005891	0.034376	0.009124	0.032164	0.002091	0.027431	0.025808	0.017972	0.034982	0.018917	0.007148	0.017757	0.035808	0.017029	
0.023594	0.017856	0.035748	0.028662	0.005428	0.009588	0.035486	0.012361	0.026077	0.023335	0.00159	0.003328	0.008407	0.002267	0.026471	0.001623	0.009372	0.02444	0.023678	0.017949	0.034588	0.022045	0.036449	0.005217	0.032802	0.002236	0.026689	0.025447	0.006813	0.028491	0.032889	0.036153	0.024866	0.036568	0.020366	0.020225	0.008556	0.014749	0.021676	0.001272	0.007557	0.015193	0.030334	0.034408	0.031931	0.012343	0.035532	0.025608	0.021948	0.009789	
0.031002	0.037551	0.009656	0.030529	0.030419	0.002665	0.030439	0.013851	0.018084	0.014546	0.03363	0.038523	0.027364	0.033602	0.01757	0.008222	0.025653	0.016325	0.003523	0.01339	0.007192	0.009937	0.013753	0.017078	0.012865	0.028664	0.003668	0.015839	0.015256	0.024976	0.029513	0.027089	0.004824	0.033169	0.011648	0.035472	0.038662	0.009294	0.018532	0.025349	0.039501	0.007648	0.032136	0.023921	0.006942	0.014053	0.008692	0.007045	0.030655	0.010083	
0.014283	0.025825	0.014816	0.022593	0.014011	0.030725	0.01494	0.002932	0.037121	0.03583	0.02412	0.032615	0.033363	0.010975	0.017236	0.011059	0.008722	0.035474	0.008738	0.017436	0.006266	0.007915	0.020793	0.037034	0.018835	0.03589	0.013811	0.028056	0.001499	0.02959	0.033662	0.004109	0.012674	0.005467	0.008174	0.002444	0.026381	0.036479	0.022885	0.028385	0.029392	0.016101	0.029193	0.024213	0.013158	0.005287	0.019372	0.029185	0.028439	0.012497	
0.021023	0.012973	0.008197	0.010367	0.000713	0.027869	0.008518	0.022601	0.041795	0.00654	0.028229	0.000699	0.01644	0.022751	0.013192	0.024298	0.04187	0.046134	0.01819	0.007216	0.012489	0.026294	0.015671	0.007099	0.005209	0.019629	0.04133	0.044678	0.038791	0.000532	0.029266	0.032435	0.03113	0.006313	0.023381	0.040696	0.036675	0.04579	0.005215	0.010803	0.023244	0.023715	0.0034	0.022705	0.022564	0.005916	0.015828	0.00808	0.019155	0.002352	
0.026209	0.000592	0.025003	0.007807	0.018575	0.019646	0.003496	0.035485	0.018031	0.030379	0.008307	0.012176	0.018617	0.033117	0.021568	0.00175	0.006386	0.033207	0.027512	0.041475	0.026247	0.025645	0.033558	0.016223	0.009553	0.01076	0.000317	0.026164	0.030324	0.015281	0.038388	0.003828	0.011387	0.032461	0.038197	0.041293	0.01434	0.030934	0.021398	0.031462	0.012912	0.023393	0.000366	0.016188	0.006695	0.004244	0.017553	0.039181	0.016322	0.016048	
0.030682	0.035502	0.0019	0.014871	0.020122	0.029688	0.000511	0.010514	0.01073	0.025884	0.019284	0.0346	0.03255	0.011704	0.018176	0.001462	0.025098	0.036502	0.010517	0.00426	0.035287	0.014682	0.032367	0.008629	0.041984	0.008728	0.021042	0.028765	0.041318	0.003443	0.015113	0.017329	0.02507	0.031755	0.017453	0.020654	0.006888	0.023946	0.001131	0.005238	0.020861	0.023403	0.037174	0.01789	0.001617	0.038458	0.028274	0.014711	0.013769	0.028464	
0.01558	0.027205	0.017904	0.025975	0.036698	0.003357	0.027523	0.022439	0.003579	0.023143	0.007892	0.019041	0.004049	0.006596	0.034252	0.018398	0.03906	0.031792	0.029713	0.026074	0.013741	0.011106	0.018294	0.012497	0.033094	0.006707	0.024958	0.026128	0.009005	0.011909	0.002782	0.026553	0.036243	0.013835	0.018116	0.013924	0.005889	0.010607	0.033781	0.039478	0.035859	0.03197	0.019184	0.018156	0.011378	0.010095	0.012507	0.034219	0.032182	0.005533	
0.013353	0.029374	0.023722	0.033759	0.032876	0.020342	0.027812	0.0099	0.02115	0.013436	0.03397	0.029187	0.006721	0.023073	0.000652	0.032152	0.00146	0.00993	0.00725	0.008265	0.018692	0.032171	0.016795	0.006956	0.010488	0.006919	0.006084	0.038354	0.028524	0.016303	0.037714	0.020616	0.028032	0.024036	0.03156	0.000656	0.017723	0.037784	0.019648	0.023652	0.006881	0.002393	0.026359	0.001948	0.035553	0.017166	0.008339	0.029386	0.03615	0.034734	
0.034092	0.001548	0.022506	0.013231	0.010251	0.03766	0.009067	0.029878	0.022583	0.0366	0.029737	0.009661	0.027561	0.030637	0.027334	0.012227	0.032812	0.034986	0.013112	0.000284	0.031925	0.037528	0.006533	0.002776	0.025323	0.017529	0.004955	0.019526	0.036409	0.003059	0.0212	0.00514	0.033606	0.00087	0.010035	0.036624	0.023807	0.034987	0.019621	0.023605	0.010586	0.02945	0.019659	0.008898	0.032315	0.003511	0.036704	0.00728	0.004749	0.016023	
0.000789	0.024702	0.022946	0.036056	0.012429	0.028505	0.018543	0.024752	0.02073	0.022389	0.002775	0.005103	0.00551	0.020628	0.036434	0.034209	0.039325	0.035297	0.028525	0.001062	0.026123	0.017377	0.020347	0.01692	0.000957	0.02815	0.017295	0.009588	0.006438	0.039714	0.010994	0.021012	0.008278	0.020807	0.005754	0.009687	0.013208	0.038133	0.022256	0.004413	0.029378	0.021477	0.010836	0.002218	0.040382	0.035415	0.040407	0.013641	0.014785	0.033301	
0.029451	0.015833	0.013527	0.036004	0.023721	0.003858	0.038093	0.005618	0.016151	0.02009	0.032511	0.019328	0.014781	0.004164	0.009659	0.00426	0.003027	0.027533	0.00957	0.028491	0.032705	0.028222	0.026906	0.037246	0.035667	0.001722	0.01132	0.020236	0.03511	0.0151	0.029486	0.01145	0.030523	0.010619	0.014739	0.037147	0.033617	0.020416	0.009032	0.008693	0.007167	0.034972	0.02783	0.011894	0.029703	0.018109	0.003442	0.006393	0.016712	0.038152	
0.032116	0.009409	0.016856	0.004497	0.012182	0.012923	0.016666	0.021103	0.004665	0.02504	0.021	0.02626	0.010999	0.030051	0.024377	0.004078	0.027154	0.023228	0.01371	0.013791	0.026704	0.015377	0.027613	0.027444	0.030635	0.018879	0.003277	0.026989	0.015862	0.011521	0.027355	0.025226	0.029505	0.016073	0.019651	0.019546	0.012114	0.014858	0.015283	0.012736	0.025573	0.022667	0.0261	0.030897	0.015095	0.022615	0.023411	0.030055	0.025518	0.031316	
0.018196	0.032978	0.024968	0.00894	0.009865	0.012232	0.016577	0.032302	0.023754	0.009295	0.009261	0.001483	0.02336	0.009191	0.022275	0.022195	0.020967	0.009945	0.033779	0.022691	0.030937	0.018579	0.033672	0.01052	0.026312	0.025619	0.023787	0.016432	0.007995	0.026542	0.026312	0.031721	0.001029	0.018255	0.01	0.016644	0.031805	0.014741	0.027535	0.010022	0.027335	0.018664	0.030045	0.011397	0.010154	0.029836	0.024964	0.032237	0.02431	0.018345	
0.011778	0.015805	0.001925	0.019388	0.018079	0.015946	0.003506	0.034215	0.031376	0.009617	0.031658	0.020425	0.003571	0.025743	0.010201	0.013411	0.013016	0.020411	0.029664	0.036803	0.02785	0.02303	0.014577	0.024739	0.026327	0.003044	0.020785	0.032762	0.031182	0.01281	0.038895	0.017834	0.008984	0.01667	0.033829	0.032225	0.0313	0.009374	0.036654	0.007999	0.010867	0.030317	0.007052	0.019968	0.030889	0.020765	0.029662	0.015839	0.00249	0.014743	
0.028105	0.011681	0.035945	0.031495	0.014706	0.00748	0.034072	0.012969	0.016908	0.017411	0.014668	0.006836	0.029506	0.015125	0.010244	0.024447	0.028707	0.031571	0.03228	0.028738	0.024635	0.000995	0.018352	0.016756	0.021528	0.026736	0.034394	0.009984	0.032435	0.006193	0.001442	0.030703	0.038775	0.026504	0.016306	0.03234	0.020056	0.013932	0.011506	0.016202	0.000584	0.013451	0.026895	0.013144	0.030734	0.000703	0.022111	0.001057	0.025749	0.032904	
0.021484	0.015393	0.0152	0.020271	0.035884	0.039058	0.03228	0.000385	0.01247	0.0123	0.038757	0.003611	0.018815	0.007816	0.030464	0.02552	0.024335	0.00968	0.025022	0.016624	0.037353	0.014219	0.035604	0.001594	0.000148	0.026073	0.027078	0.025759	0.00452	0.01001	0.014083	0.014205	0.016342	0.011559	0.031053	0.019205	0.003402	0.016853	0.016206	0.003347	0.005317	0.037412	0.038325	0.038009	0.029209	0.033807	0.034029	0.016552	0.006515	0.026843	
0.02464	0.009647	0.00691	0.028205	0.034745	0.00282	0.029082	0.022558	0.032388	0.028241	0.007319	0.032798	0.034899	0.012321	0.007933	0.031411	0.013705	0.031625	0.009559	0.008909	0.00085	0.005352	0.014476	0.021706	0.030269	0.021743	0.033266	0.026135	0.009854	0.016815	0.011143	0.010014	0.017294	0.018012	0.030349	0.022115	0.009217	0.02881	0.031295	0.034831	0.017804	0.021286	0.033298	0.019637	0.033548	0.011133	0.029019	0.003973	0.015346	0.011695	
0.017643	0.019065	0.018154	0.002015	0.0249	0.004213	0.032721	0.029076	0.036057	0.007787	0.028437	0.03109	0.030584	0.001936	0.023983	0.010833	0.002144	0.011289	0.036626	0.021156	0.015912	0.036069	0.001806	0.032084	0.029023	0.027255	0.020787	0.024462	0.032883	0.033859	0.022377	0.030972	0.025276	0.008923	0.013942	0.013186	0.008695	0.028447	0.013619	0.005749	0.02878	0.004139	0.03781	0.014334	0.024953	0.002915	0.016411	0.006214	0.033997	0.015412	
0.013792	0.004209	0.017401	0.014223	0.033541	0.005524	0.034637	0.023781	0.015897	0.031376	0.012752	0.018365	0.035756	0.015917	0.020894	0.035086	0.024253	0.030429	0.03408	0.006392	0.020651	0.011839	0.032795	0.033599	0.004203	0.01231	0.014475	0.014969	0.028025	0.013524	0.013118	0.011524	0.021686	0.034886	0.011602	0.034835	0.030851	0.001336	0.020031	0.019254	0.031424	0.029695	0.01017	0.018937	0.022025	0.026173	0.010304	0.028253	0.000208	0.008993	
0.01426	0.027329	0.000875	0.035146	0.037052	0.030469	0.000662	0.012502	0.01327	0.03473	0.017896	0.019781	0.026215	0.016329	0.002447	0.024044	0.016593	0.036651	0.028546	0.009006	0.009303	0.017345	0.034379	0.019421	0.013352	0.021227	0.038238	0.012476	0.007928	0.02127	0.021692	0.037746	0.007139	0.015587	0.013626	0.032534	0.022183	0.015225	0.011293	0.031501	0.00654	0.034609	0.013223	0.024541	0.006014	0.029381	0.034737	0.001431	0.03042	0.011836	
0.011908	0.012612	0.023657	0.038406	0.008501	0.001302	0.023836	0.016513	0.002066	0.011771	0.017702	0.030383	0.028403	0.026278	0.035074	0.0068	0.004606	0.027929	0.025638	0.034263	0.015997	0.015529	0.00962	0.032645	0.028533	0.022541	0.034586	0.018121	0.001957	0.022849	0.036467	0.010235	0.027592	0.02762	0.030249	0.010944	0.027859	0.002409	0.008948	0.025582	0.025297	0.007304	0.032762	0.019375	0.018187	0.030879	0.00035	0.013051	0.019947	0.034917	
0.034639	0.021825	0.003108	0.00502	0.011583	0.040202	0.036037	0.026782	0.020795	0.023732	0.037765	0.00494	0.022878	0.003728	0.003112	0.01022	0.036825	0.03695	0.036574	0.021086	0.008441	0.007286	0.023792	0.011024	0.020252	0.033263	0.036064	0.00034	0.002244	0.014984	0.024817	0.004653	0.03129	0.027407	0.015612	0.040342	0.035116	0.010962	0.004001	0.017151	0.043222	0.035259	0.002055	0.016445	0.007682	0.009181	0.011771	0.002266	0.02818	0.037097	
0.033989	0.00863	0.027599	0.018128	0.02241	0.014752	0.007788	0.038708	0.022933	0.016629	0.031961	0.033371	0.003272	0.037356	0.031832	0.015021	0.0375	0.011259	0.015561	0.00396	0.038183	0.014929	0.001972	0.028333	0.015155	0.01735	0.029108	0.040521	0.033503	0.000505	0.009405	0.034591	0.036761	0.014311	0.026114	0.002478	0.018879	0.003033	0.038926	0.016071	0.008018	0.021818	0.014843	0.036021	0.009337	0.002982	0.023667	0.011502	0.014794	0.004231	
0.031221	0.003179	0.034019	0.026262	0.008634	0.031905	0.029179	0.013388	0.012501	0.028785	0.002249	0.011352	0.032823	0.00973	0.027652	0.028042	0.033676	0.011848	0.035753	0.012498	0.023634	0.014736	0.030724	0.03076	0.001178	0.022002	0.005777	0.033776	0.013904	0.01227	0.003733	0.034753	0.036953	0.0039	0.031461	0.026751	0.013759	0.029709	0.012966	0.005489	0.026749	0.021665	0.006133	0.015691	0.026712	0.020673	0.023966	0.008436	0.017947	0.019097	
0.023522	0.000546	0.00189	0.01526	0.027928	0.014358	0.029768	0.007833	0.022219	0.030857	0.027589	0.00908	0.007018	0.004934	0.002678	0.022205	0.035161	0.033045	0.025801	0.032734	0.011068	0.030998	0.036569	0.006888	0.032774	0.027661	0.015688	0.026312	0.027575	0.006676	0.027175	0.007165	0.013328	0.010709	0.030649	0.017357	0.034238	0.027094	0.023991	0.035965	0.020871	0.015022	0.001769	0.020429	0.011695	0.019067	0.012466	0.010034	0.036281	0.02806	
0.003799	0.024207	0.002311	0.037394	0.000831	0.004821	0.033888	0.005019	0.027699	0.036309	0.036316	0.00717	0.023547	0.03019	0.028572	0.026382	0.015553	0.024974	0.006762	0.0379	0.011581	0.01084	0.03306	0.007855	0.037546	0.018942	0.024394	0.005994	0.0209	0.031852	0.026921	0.001589	0.033138	0.007349	0.022356	0.029932	0.040312	0.008578	0.008113	0.031776	0.012982	0.036369	0.016425	0.016189	0.019059	0.005097	0.01343	0.013832	0.007204	0.032741	
0.013236	0.012265	0.031921	0.028815	0.036186	0.004264	0.024178	0.02782	0.01662	0.036388	0.011244	0.027685	0.000319	0.015416	0.000509	0.002988	0.030263	0.010001	0.028786	0.024575	0.027802	0.018528	0.033645	0.020251	0.034661	0.015357	0.004773	0.004547	0.028266	0.036206	0.024848	0.012058	0.010996	0.018192	0.007252	0.015911	0.01469	0.008437	0.010944	0.014788	0.029167	0.013076	0.025329	0.019296	0.029754	0.034424	0.031695	0.015892	0.027467	0.028269	
0.025543	0.031696	0.012958	0.019048	0.036746	0.018919	0.029954	0.001246	0.013969	0.012305	0.005536	0.016058	0.029971	0.014163	0.026221	0.006695	0.032557	0.021194	0.013188	0.025265	0.029724	0.00415	0.017087	0.021081	0.00131	0.017416	0.029151	0.011087	0.019522	0.021909	0.018557	0.013189	0.018533	0.028678	0.035135	0.020791	0.035392	0.007283	0.029149	0.019719	0.021837	0.002488	0.020794	0.016105	0.014709	0.026722	0.034492	0.020222	0.02757	0.022966	
0.013146	0.02871	0.035539	0.018733	0.004569	0.015589	0.024444	0.032507	0.021644	0.025042	0.025064	0.026271	0.003256	0.018973	0.000727	0.035216	0.02551	0.028826	0.023589	0.006061	0.031114	0.023586	0.006087	0.039192	0.020065	0.000367	0.034099	0.037448	0.039423	0.018727	5.8e-05	0.023018	0.039086	0.027281	0.007907	0.024243	0.003107	0.033154	0.00794	0.003726	0.004973	0.007974	0.029778	0.0086	0.027497	0.006472	0.015693	0.018507	0.013889	0.033573	
0.037307	0.018639	0.013443	0.010807	0.016777	0.033303	0.015639	0.042418	0.000712	0.028325	0.014939	0.025929	0.033152	0.012315	0.026555	0.012865	0.000848	0.030358	0.010788	0.021755	0.015652	0.040331	0.016379	0.007284	0.005912	0.012152	0.016298	0.042077	0.030548	0.007334	0.007922	0.012611	0.040846	0.02696	0.003232	0.035228	0.010539	0.024133	0.006805	0.042809	0.023588	0.015324	0.009002	0.001556	0.042462	0.007921	0.038614	0.015835	0.002561	0.031211	
0.005066	0.009003	0.011411	0.016309	0.021106	0.018804	0.00027	0.026311	0.024148	0.002049	0.028259	0.02793	0.023615	0.033927	0.033311	0.025736	0.023923	0.005818	0.016181	0.028885	0.027697	0.029751	0.027649	0.021692	0.013346	0.031774	0.028808	0.013193	0.017555	0.028008	0.006571	0.027046	0.031069	0.026793	0.035707	0.019396	0.031729	0.00178	0.02235	0.016284	0.014942	0.011134	0.011843	0.010127	0.021209	0.011827	0.007669	0.030016	0.011363	0.02961	
0.002569	0.017426	0.022847	0.025354	0.02327	0.010094	0.029353	0.020488	0.011432	0.033137	0.033345	0.023079	0.021556	0.031978	0.026199	0.006475	0.034835	0.033362	0.01075	0.003036	0.012442	0.026837	0.024011	0.030273	0.028202	0.004969	0.032875	0.014822	0.023099	0.021308	0.026078	0.021174	0.007092	0.010612	0.004122	0.015845	0.018568	0.032702	0.018114	0.019505	0.025786	0.028727	0.015401	0.021162	0.033283	0.02461	0.010154	0.018836	0.007627	0.001179	
0.8