50
2
0.903687	0.302219	0.674759	0.7841	0.287344	0.566699	0.93515	0.154861	-0.18175	0.102711	0.817512	0.505973	-0.387915	-0.856536	-0.199531	0.753406	-0.078565	-0.981247	0.288721	-0.45571	0.557264	-0.236181	-0.371508	-0.913199	-0.762112	0.900067	-0.480972	-0.30468	-0.658299	-0.047838	0.702132	0.50906	0.684611	-0.664536	-0.522757	-0.250748	-0.492882	0.022399	0.966931	-0.253518	-0.684638	0.715929	0.120699	-0.089223	-0.729555	-0.74484	0.345668	0.119652	0.139943	-0.599788	
-0.937277	-0.553348	-0.19552	0.777135	0.940838	0.186351	-0.106807	0.483286	0.364896	-0.665335	0.483684	-0.835247	-0.697289	-0.274039	0.749279	0.425919	0.043492	-0.455979	-0.050229	0.483445	-0.153742	-0.76665	0.298968	-0.010554	-0.098114	-0.884774	0.788199	-0.229886	0.292723	-0.620357	0.818471	-0.789175	-0.183352	0.138956	0.675219	-0.15603	-0.62524	-0.879917	0.554959	0.958564	-0.756545	-0.946476	0.661618	0.349527	-0.613932	0.950774	-0.096685	0.052097	-0.089899	-0.895258	
-0.252993	-0.006036	0.760609	-0.389303	-0.99929	0.303844	-0.069481	0.92442	0.904559	0.814167	0.476609	-0.497912	-0.069586	-0.695989	0.241191	0.222139	-0.868673	-0.093257	-0.900619	-0.128795	-0.553899	0.370966	-0.009811	0.343658	-0.768831	-0.065191	0.938028	0.820606	-0.515483	-0.436687	0.372831	0.899724	0.398853	0.613412	-0.241636	-0.050341	0.78714	0.658894	-0.978353	0.769511	-0.177892	0.093121	0.940183	0.038637	0.652489	-0.392686	0.16311	-0.807185	-0.85512	0.987146	
-0.342848	0.377074	0.138278	-0.99766	-0.359754	0.318851	-0.754077	0.231952	0.244332	-0.88322	0.273986	-0.880584	-0.81071	-0.729454	-0.014497	0.102711	0.310823	-0.144619	0.11567	-0.681285	0.009845	-0.701896	-0.961097	0.956684	0.182365	0.040959	-0.55117	0.474849	0.661249	-0.664451	0.520944	-0.768471	0.095021	-0.64244	-0.918437	-0.924229	-0.231951	0.635398	-0.601436	0.516721	-0.748405	-0.158426	-0.123483	-0.042785	0.469616	-0.092756	0.762926	0.275015	0.069626	0.379913	
0.591216	-0.572577	0.683484	-0.322854	-0.416804	-0.575135	0.537143	0.241483	-0.60901	0.805257	0.065649	-0.880084	0.55684	0.596853	0.399386	0.484405	0.055283	0.1741	-0.667998	0.582408	0.637829	0.289323	-0.486327	0.505001	0.509428	0.808769	0.658771	0.827663	0.520648	0.570696	0.145082	0.217908	0.712408	0.823008	-0.134559	-0.78099	-0.356725	0.502181	-0.821053	0.438742	0.882421	-0.368495	0.916368	-0.329074	-0.188466	-0.053316	0.901882	0.872839	0.366793	-0.375807	
-0.24568	-0.549429	-0.778462	0.798028	0.349812	0.224162	-0.20459	-0.680923	-0.019791	-0.244409	0.255534	-0.583901	-0.318996	-0.020582	0.815752	-0.997922	-0.12375	-0.868404	-0.024324	0.992729	0.126979	-0.520873	-0.495794	0.842928	0.607843	-0.125957	-0.890284	-0.876637	-0.226874	0.300894	-0.359529	-0.520784	-0.680556	0.650304	0.51877	0.16215	-0.418838	-0.591102	0.903297	-0.877546	-0.540065	-0.973014	-0.839621	-0.093906	0.210195	-0.167044	-0.535525	-0.309602	-0.370025	-0.964793	
-0.52061	-0.826153	-0.654699	-0.87379	-0.676209	0.210225	-0.149457	-0.544597	-0.717511	-0.099784	0.456536	-0.077025	-0.781064	0.308618	0.60497	-0.683414	-0.923457	0.698422	0.933338	-0.308448	0.289267	0.106913	0.750048	-0.338507	0.018381	0.219457	0.638277	-0.446302	0.255498	0.950473	-0.117685	0.011462	0.874915	-0.612751	0.813501	-0.297469	-0.890179	0.498711	-0.427411	0.414451	0.51765	0.315709	-0.103429	-0.663675	-0.318805	0.714622	0.718253	0.598849	-0.592924	0.521667	
0.646121	0.306616	0.434495	0.984373	-0.540931	-0.379178	-0.513346	0.21793	0.992867	0.917374	0.187778	-0.131485	-0.108747	0.501467	0.875319	0.919504	0.147094	-0.523436	0.626883	-0.795161	-0.244509	-0.916236	-0.531855	0.562393	-0.235368	-0.399555	-0.014592	0.039995	0.513613	0.013177	0.229901	-0.14664	0.62691	0.483265	-0.067737	-0.435293	-0.544083	0.188245	0.775116	-0.826903	-0.244183	-0.566862	-0.186854	-0.436301	-0.722209	0.649297	-0.724372	0.244109	0.954044	0.065252	
0.14659	-0.120905	-0.539676	0.756665	0.689963	0.58532	0.157526	0.397278	0.176185	-0.55455	0.661636	-0.160732	0.775625	0.129085	-0.398697	-0.256174	-0.94587	0.927698	0.693338	0.809607	0.804215	0.882811	0.441746	-0.280704	0.949937	0.567154	0.203264	-0.285545	0.062058	0.771906	0.524441	-0.853593	-0.162497	0.691581	-0.765424	-0.942427	-0.218406	0.051699	0.65232	0.03481	-0.317587	-0.535458	0.661446	0.149781	0.551028	-0.006281	0.849258	-0.760071	0.665919	0.083079	
0.026546	-0.104475	-0.309411	-0.280737	-0.110815	-0.19244	0.786845	-0.199208	-0.78638	-0.208857	0.101262	-0.45428	0.825221	-0.629191	-0.424799	0.337306	0.692513	-0.743879	-0.284922	-0.531248	0.874341	0.789612	-0.913643	-0.111436	0.566782	0.764775	-0.127533	0.068413	-0.176197	-0.553282	0.997516	0.096474	-0.377694	-0.966832	0.261396	-0.072464	0.129565	-0.621587	-0.591515	0.127811	0.991701	0.621682	0.965651	-0.883958	0.622012	0.703568	-0.984593	0.619	-0.390112	-0.238257	
-0.013569	-0.629571	-0.323177	-0.654278	-0.386217	0.817761	0.423138	-0.82054	0.455013	-0.12695	0.220837	0.800707	-0.351063	-0.351884	0.156832	-0.847488	-0.41726	-0.534437	-0.065833	0.793977	-0.128178	0.864068	0.684417	-0.740775	-0.128398	0.582423	-0.59214	0.362528	0.32006	-0.053431	0.924325	-0.706721	0.047508	0.519382	0.25802	0.454343	-0.112879	0.852738	-0.084101	0.548362	0.80827	-0.196314	0.78022	-0.52718	0.12356	0.525025	-0.531946	-0.67848	-0.154428	-0.000603	
0.273328	0.777045	-0.336034	0.245785	0.273767	-0.507683	0.897986	-0.076373	-0.126671	0.849181	-0.92128	-0.221556	0.672621	-0.944798	-0.778937	0.732984	0.407655	-0.73025	0.566516	0.775846	0.064974	-0.318755	0.996841	-0.672249	0.519409	0.271052	0.855163	-0.285275	0.024546	0.02169	0.520004	-0.562479	-0.743602	0.228805	-0.594274	0.107222	0.281773	-0.216441	0.049705	-0.540961	-0.282915	-0.239839	-0.433786	-0.073108	-0.68511	0.608364	-0.367709	-0.057202	-0.494358	0.409378	
0.960939	0.839152	0.597312	-0.053436	-0.211355	-0.755883	0.636343	0.763239	-0.692717	0.924037	-0.84906	-0.856114	0.643758	-0.961692	0.444153	0.128238	0.850749	-0.389025	-0.01686	0.59206	0.672136	-0.955646	0.852899	0.503441	0.90495	-0.127365	-0.017164	0.117447	0.137716	-0.641742	0.104599	0.194388	-0.220878	-0.376918	0.88731	-0.273707	-0.819819	0.419933	-0.651454	0.417797	-0.501105	0.141409	0.601114	-0.719339	0.778508	0.190279	-0.89269	0.7202	-0.678975	-0.218959	
-0.451152	0.403981	0.354555	-0.184351	-0.874672	0.670548	-0.387581	0.729893	0.073459	-0.85603	0.030955	0.652677	-0.66858	0.594218	-0.209273	0.087201	0.440312	-0.01378	-0.944739	-0.182515	0.294415	0.798329	0.480768	0.763867	-0.524154	0.073167	-0.790352	0.097101	0.027768	-0.932695	-0.878644	-0.652773	-0.734896	0.928203	-0.224193	0.034044	0.45492	0.446004	-0.906324	0.822673	-0.770701	-0.23321	0.118774	0.425079	0.208722	-0.957649	-0.856275	0.651376	0.909726	0.321057	
0.882868	0.559989	-0.156247	-0.456622	-0.75185	0.377685	-0.333312	-0.326613	0.002458	0.522761	-0.129572	0.617205	-0.592559	0.365566	-0.957871	-0.162284	-0.330911	0.366483	-0.903975	-0.095729	-0.757019	-0.895336	-0.628429	-0.63337	0.642538	0.193622	0.674843	0.707132	-0.027751	0.84811	-0.822959	-0.000974	-0.806131	0.547558	0.205558	0.291861	-0.805706	0.075581	0.073541	-0.71502	0.543237	-0.82359	-0.006386	0.319548	-0.335419	-0.865029	-0.204244	0.194887	-0.155041	0.639914	
-0.932213	-0.231702	-0.006352	-0.46456	0.306842	0.515299	0.878846	0.797203	0.868432	-0.991841	-0.420522	-0.876285	-0.120977	0.710415	-0.041917	-0.167341	-0.772321	-0.374065	-0.967106	-0.683185	-0.62127	-0.369098	0.729163	0.981739	0.533267	-0.84824	0.532202	-0.713188	0.515889	0.544647	0.286356	-0.108378	0.000548	0.489917	0.164875	0.799383	0.631447	0.112746	0.363778	0.694051	0.092765	0.323401	0.270066	0.048261	-0.700471	-0.066731	0.617616	0.478421	0.227874	-0.810505	
0.674767	-0.812015	-0.07416	0.060828	0.94984	0.702107	-0.659816	-0.017702	-0.820768	-0.984346	-0.03	0.92349	-0.996796	-0.50588	0.140212	-0.590579	0.333641	0.977328	0.945775	-0.99919	0.132461	-0.256692	0.823414	0.508162	0.292375	-0.012582	0.940044	-0.728611	-0.026763	-0.541059	0.560253	0.348262	-0.675695	0.537098	0.740664	0.153841	0.213782	0.551913	0.403223	-0.751201	-0.04504	-0.083051	-0.444957	-0.661888	0.605483	-0.275855	-0.986554	-0.713775	-0.921446	-0.202313	
-0.829729	-0.351055	-0.007305	-0.178258	-0.248529	0.543403	-0.774394	-0.199168	0.907007	-0.812396	0.055382	-0.428241	0.801299	0.772624	-0.4006	0.150276	-0.312194	0.338271	-0.287324	0.446708	-0.467128	0.329266	-0.268813	0.982722	-0.191093	-0.818944	0.575726	0.460125	0.295774	-0.151549	0.985023	0.432438	-0.625345	0.593394	-0.264904	-0.92827	0.74927	-0.604239	0.80769	-0.245643	-0.51738	-0.339836	-0.744775	-0.120828	0.333454	-0.618469	0.051078	0.604265	0.346003	0.569452	
0.854049	0.162357	0.582183	-0.700901	-0.540145	0.735546	-0.401545	-0.378607	-0.047951	-0.241805	-0.42645	-0.117542	0.513312	-0.201488	0.388778	0.109107	-0.969528	-0.907476	0.33504	-0.779223	-0.795271	-0.292442	0.352062	0.134523	0.25604	0.342746	0.589631	-0.008788	-0.576953	-0.418415	-0.891476	0.654341	-0.547947	-0.955981	-0.543051	-0.026927	-0.513334	0.526037	0.169372	0.527464	0.702372	0.748466	0.588654	0.595876	-0.520261	-0.163332	0.267492	-0.560609	0.368282	0.116496	
0.32523	-0.806152	-0.590609	0.633647	-0.420439	0.898332	0.353176	0.116242	0.434527	-0.438115	0.385	-0.481698	0.016734	-0.97526	-0.364761	-0.140111	0.839844	0.010927	-0.618523	-0.015425	-0.958371	0.617127	-0.58547	-0.910758	0.000576	0.685596	-0.865397	-0.518957	-0.851676	0.743806	-0.32884	0.942514	-0.714752	-0.52402	0.170673	0.110143	-0.126417	-0.994736	-0.06785	-0.184054	-0.490074	-0.496503	0.99577	0.21673	-0.320629	0.569314	0.719189	0.947231	-0.881883	-0.630731	
0.207438	0.816949	0.099592	-0.675382	-0.017056	0.380868	-0.591526	0.370332	-0.535256	-0.149706	-0.385904	0.12606	-0.599835	-0.143733	-0.328076	0.120448	-0.228155	-0.777307	0.298437	0.184025	-0.83572	-0.038539	0.675421	-0.894043	-0.79451	-0.00905	-0.585933	-0.318776	-0.731679	-0.674063	0.856933	-0.64197	-0.944677	0.759743	-0.834137	-0.318302	0.681121	-0.698625	-0.760364	-0.619804	-0.499102	0.497387	0.364444	0.662904	-0.935148	0.24883	0.507668	-0.392604	0.155804	0.589039	
-0.988943	0.904303	-0.396888	0.289135	0.684306	-0.54463	0.077762	0.302481	0.001213	-0.030318	-0.369412	-0.120591	0.020134	-0.930121	0.503444	0.05759	-0.922283	0.091464	-0.213721	0.307201	0.190579	0.205147	-0.182091	0.790659	-0.763393	-0.334036	-0.375779	0.013387	-0.358219	-0.079423	0.509245	-0.703206	-0.986335	-0.469773	-0.784372	0.054166	-0.24697	-0.943523	0.649803	0.727873	0.573719	0.002311	-0.442349	0.628196	-0.565352	0.685621	0.323011	0.84687	0.006062	-0.912063	
0.285109	0.984757	-0.042576	-0.036709	0.673423	0.765399	-0.50925	0.616446	-0.588382	0.196234	0.002705	0.008334	-0.608576	0.975429	0.307867	-0.61437	-0.591359	-0.570702	-0.733907	0.094396	-0.846194	-0.912735	0.973472	0.541823	0.20621	-0.165851	-0.165481	0.5518	0.462235	-0.492843	0.711725	-0.240237	-0.50982	0.176851	0.50008	-0.367111	0.076985	-0.097799	0.321638	-0.832464	0.804945	0.064524	-0.193457	-0.880571	-0.590013	-0.005444	-0.211589	0.618227	-0.401722	-0.897229	
-0.60318	0.055467	0.191445	0.786729	-0.581885	-0.793425	0.065094	-0.014139	-0.526101	0.215917	-0.186308	0.627472	0.24037	-0.56986	-0.4627	-0.650291	-0.277883	-0.741446	0.305188	0.791957	-0.334835	0.176758	-0.143542	-0.143705	-0.668794	0.655789	0.249381	-0.43465	0.985753	-0.523171	0.026415	0.121625	-0.036511	0.090676	-0.498698	0.287697	0.910579	0.650834	-0.98775	0.506412	-0.885255	-0.020867	-0.195687	0.721388	-0.581941	0.158561	-0.394802	0.158829	-0.035713	0.187485	
-0.830177	0.793803	0.954015	-0.06856	-0.228609	0.566078	0.486962	0.571312	-0.319543	0.658972	0.738256	-0.344123	-0.190562	0.350196	0.270463	-0.451589	-0.272355	0.009711	0.135417	0.528337	-0.652137	-0.41482	0.040706	-0.379973	-0.915535	0.031608	0.905343	0.610856	0.897647	-0.284465	-0.275623	-0.869575	0.22006	0.579739	0.590298	0.472632	0.813991	0.122274	-0.029608	0.564297	-0.727108	-0.774187	0.453131	-0.372066	-0.125652	0.803056	-0.540363	0.683361	-0.447677	0.528614	
-0.012517	0.132409	-0.449321	0.647523	0.11864	-0.426129	0.849167	-0.925209	0.162402	-0.360425	-0.415317	0.42898	0.449357	-0.015488	0.643509	-0.921685	0.267091	0.0617	-0.351004	0.078325	0.509352	-0.859351	0.764378	-0.989684	-0.398222	0.378079	-0.88899	-0.808795	-0.061875	-0.060908	-0.830619	0.438866	-0.741677	-0.167323	0.447573	-0.676425	0.259855	0.262911	0.159104	-0.657438	-0.041786	0.323567	-0.081797	0.337129	-0.596824	-0.966983	0.869775	-0.875977	0.451246	0.407631	
-0.460966	0.02593	-0.677313	-0.470113	-0.060853	-0.067579	0.516762	-0.80649	-0.421457	0.982293	-0.508827	-0.554777	-0.306182	0.560641	-0.954967	-0.987009	0.255299	0.367574	0.341563	0.112833	0.047032	-0.302456	-0.164686	-0.945399	-0.352772	0.501945	0.508527	-0.761349	0.950163	0.46803	0.223655	0.19339	0.298726	0.339882	-0.535707	0.914873	-0.920517	-0.976881	-0.208001	0.173704	0.093259	0.378923	-0.107222	-0.254268	0.565848	0.934177	-0.143291	-0.336911	-0.048541	0.986869	
-0.698377	0.553931	0.098294	-0.007849	-0.447415	-0.243422	-0.424809	-0.81336	-0.733143	0.08859	-0.485218	0.58643	-0.23839	-0.451091	0.542858	-0.261737	-0.114	-0.872034	0.685142	-0.370078	0.506394	-0.247815	0.708215	-0.304736	-0.870808	-0.788772	0.941826	0.33888	-0.980548	0.896837	-0.919102	-0.119547	-0.309743	0.686649	-0.991795	0.413184	0.094181	0.238897	-0.999803	-0.910095	0.841736	-0.021531	-0.907622	0.954863	0.706158	-0.943434	0.431029	-0.273653	-0.092679	-0.513551	
0.770149	0.397215	0.035668	-0.31697	0.070518	0.32139	0.084524	-0.338515	-0.232671	0.858151	-0.821244	-0.121577	0.630424	-0.318356	-0.613579	0.290428	-0.707483	0.698003	0.550309	0.849864	0.662675	0.19017	-0.824897	0.784477	-0.817753	0.071985	0.493647	-0.118965	-0.286015	-0.677511	-0.136991	0.277871	0.686949	0.644516	0.989074	0.097839	-0.116209	0.803814	-0.294047	0.262793	-0.864333	0.531688	0.70254	0.456347	0.184467	0.199104	0.53924	0.681896	0.421025	-0.394913	
-0.667619	-0.561535	-0.566875	-0.909311	-0.395307	-0.034735	-0.163574	0.333682	0.235541	0.866653	0.367041	0.024651	-0.990084	-0.9854	0.252132	-0.671085	0.16464	0.138004	-0.008376	0.026026	0.14915	-0.502872	0.073393	-0.879008	0.713292	-0.835451	-0.57929	0.922141	0.930279	-0.374135	-0.166633	-0.535168	0.702101	0.212421	-0.411414	0.009695	-0.679823	0.751391	-0.832691	-0.005816	0.902466	-0.220996	-0.648611	0.603807	-0.414597	0.97503	-0.944168	0.935811	0.969256	0.89624	
0.104115	0.243708	0.269384	0.782757	-0.831514	0.40505	0.641977	-0.960534	0.049425	0.971101	0.926515	-0.625392	-0.580839	0.852643	-0.75029	-0.042117	-0.651118	0.38692	-0.948045	-0.114805	0.831313	-0.321069	0.042683	-0.294544	0.555031	-0.191462	0.884407	-0.165469	-0.734441	0.362371	-0.564821	0.662093	0.322206	0.585597	0.697016	-0.006747	0.410743	0.710333	-0.103261	0.638283	0.321859	0.405263	-0.411278	0.817309	0.526349	-0.795656	0.758861	-0.835185	0.225549	0.295745	
0.615954	-0.84174	0.981619	-0.209065	-0.017254	-0.251908	0.477926	-0.154615	0.24697	0.409405	0.422579	-0.307493	-0.096845	0.09212	0.854585	-0.063411	-0.240671	-0.848462	-0.415882	0.62158	0.039738	0.125978	0.202533	-0.071171	-0.260068	0.21183	0.409184	0.903814	-0.705204	-0.413971	-0.452946	-0.104119	0.998522	-0.955185	0.653649	0.950864	0.490039	0.75622	-0.001621	-0.526457	-0.853076	0.121845	0.182393	0.301911	-0.942201	-0.46366	-0.128217	0.217252	-0.838532	0.886558	
0.433302	-0.050122	0.508695	0.352663	-0.420369	0.561738	-0.213926	0.610201	-0.125825	-0.735545	-0.697761	0.093218	-0.919894	-0.01559	-0.07966	-0.683566	-0.878868	-0.987881	-0.226481	0.458569	0.100777	-0.525144	0.110227	0.407523	0.968907	0.798025	0.729044	0.418258	0.572196	0.389014	0.721111	0.361285	0.385027	0.115807	-0.680109	-0.617923	-0.705174	-0.269848	-0.608824	0.738032	-0.622739	0.214692	-0.701696	-0.366386	0.857573	0.536715	-0.02889	0.329261	-0.082184	0.279851	
0.177154	0.526526	-0.588221	-0.524665	0.730525	-0.4796	0.094472	-0.876419	-0.878517	-0.757021	-0.278473	0.242063	0.480137	-0.553168	-0.412938	0.865665	-0.275733	0.010442	0.565322	0.276355	-0.457247	-0.922792	0.679933	0.579858	-0.317851	0.596483	-0.473133	-0.049501	0.938725	0.296687	-0.895232	-0.095767	0.192272	0.091604	0.544687	-0.186212	-0.738679	-0.699143	0.827082	0.15576	-0.292885	0.209059	-0.875942	0.186218	0.495683	0.160544	-0.08761	0.107782	0.368465	0.306454	
0.738181	0.871539	-0.17257	0.720744	0.253781	0.310096	0.71591	0.299362	0.315196	-0.030981	-0.390089	-0.488961	0.52334	0.374887	-0.73589	-0.446923	0.901319	-0.312583	0.081394	-0.250883	-0.377122	0.783154	0.992551	0.92182	-0.652057	0.707265	-0.903456	-0.548264	-0.130454	-0.336467	0.308587	0.089779	0.344741	-0.163495	-0.230195	-0.323883	0.830062	-0.262139	0.927364	-0.9138	-0.748573	-0.056397	0.430773	0.87769	0.194859	0.661833	-0.487068	-0.273047	-0.936474	-0.175945	
0.664584	-0.37947	0.431294	-0.002885	-0.987775	-0.332533	0.402893	0.08322	0.10574	0.256322	-0.720934	0.849015	-0.925506	0.621871	0.43409	0.072373	0.136402	0.438572	0.194979	0.439605	-0.78534	-0.376677	-0.034065	-0.931561	-0.021237	-0.623719	0.917208	0.459121	-0.618727	-0.316848	0.857119	0.447786	-0.154206	-0.408338	0.836452	-0.975493	-0.658814	0.784122	0.928213	-0.390319	-0.38869	0.44701	-0.922681	-0.206505	0.396786	0.288566	0.157409	-0.560863	-0.147795	0.235588	
0.640087	-0.702156	0.974619	-0.179721	-0.36351	0.173268	-0.020157	0.026622	-0.501908	0.294034	-0.256803	-0.555912	0.42484	0.207839	-0.636437	0.038481	0.179176	-0.176748	-0.60407	-0.363409	-0.525756	-0.817549	-0.690049	0.159378	0.039487	-0.670803	-0.192037	0.999965	-0.2067	-0.347436	-0.228522	0.550785	-0.777461	-0.89327	-0.025617	-0.238042	-0.576814	0.644214	0.608821	0.416543	-0.017238	0.104022	-0.223843	-0.573854	-0.566375	-0.845326	0.022559	-0.057151	-0.168681	0.23638	
0.92976	0.502102	0.168291	-0.503353	-0.030618	-0.044053	0.322757	0.112595	0.103656	-0.447461	-0.714551	0.103948	-0.548049	-0.874973	0.51966	0.085546	0.94713	-0.350758	0.577443	0.595939	0.119448	0.143145	-0.194569	0.940333	-0.048342	-0.143479	0.846037	-0.45012	-0.588417	0.912585	0.377267	-0.135273	-0.375737	0.273776	-0.210235	0.133027	-0.284777	0.499677	0.534238	0.022404	0.171314	0.007719	-0.38629	0.456603	0.871379	-0.53569	-0.218021	0.387581	-0.549094	-0.608023	
0.575054	-0.152492	-0.474955	-0.345193	0.74107	0.821048	-0.376092	0.018605	-0.801772	0.861717	0.351058	0.428642	-0.62363	0.3589	0.153122	-0.350059	-0.410054	-0.801952	0.98089	-0.103309	0.935524	-0.334086	0.800656	0.549999	0.97176	0.997671	-0.549712	0.634364	0.439376	-0.814601	0.924384	0.349794	0.838603	-0.46068	0.632891	-0.388863	0.886711	-0.846552	0.370999	0.76103	-0.643217	-0.00949	-0.876002	0.580327	-0.46389	-0.19621	-0.604796	0.523668	0.171724	-0.810531	
-0.467824	-0.702687	0.37261	-0.445985	0.058857	0.988125	-0.572732	-0.514889	-0.62549	0.087255	0.107012	0.874048	-0.041067	0.14088	0.512395	-0.149671	0.812307	0.610217	-0.918353	-0.735363	0.554596	-0.334449	0.766031	0.213023	-0.260274	0.332434	0.537655	-0.78905	-0.593494	0.752543	0.35101	0.12637	-0.191186	-0.765492	-0.146362	-0.41741	0.676943	0.529995	-0.524347	-0.502219	0.141004	-0.960208	0.59312	0.556317	-0.634202	0.168339	-0.284063	-0.890956	0.966028	0.507211	
-0.21939	-0.623158	0.049642	-0.199713	-0.665355	0.550802	-0.803396	-0.530524	-0.46387	0.478587	-0.092612	-0.217363	0.997997	0.772785	-0.659648	0.30412	0.987145	0.400818	-0.642798	0.703929	0.993246	0.88239	0.033694	0.132344	0.139211	0.415095	-0.664682	0.726323	0.909575	-0.955359	0.542021	-0.393902	0.187793	0.264406	-0.654857	0.999416	0.5127	-0.087546	0.284835	-0.89537	-0.692138	-0.833175	0.06855	0.130121	-0.017537	0.242846	-0.745898	0.118951	0.267116	-0.98737	
0.052299	-0.373604	0.553913	-0.926735	-0.731913	-0.493022	0.475542	0.901469	0.011971	-0.25766	-0.797859	0.635928	-0.504545	-0.082901	0.227047	0.050522	0.91017	0.300717	0.672192	0.013567	-0.658593	0.489502	0.625023	-0.861556	0.587542	-0.719437	-0.682335	0.139725	-0.95804	0.905215	-0.71605	0.56312	0.547487	0.924759	0.867668	0.149182	0.785681	0.22868	0.898502	-0.977465	-0.420302	0.993279	-0.948861	-0.195185	0.071981	-0.834345	-0.510338	0.548662	0.027861	0.927132	
0.634281	0.715656	-0.980806	-0.901368	-0.906874	-0.01588	-0.715689	-0.256055	0.431408	0.788218	0.941617	0.360511	-0.588214	-0.114114	-0.653242	-0.050588	0.550356	0.164232	0.425881	0.920794	-0.025124	0.371092	0.447152	-0.413826	0.076391	-0.072685	0.285023	-0.742178	0.076308	-0.848709	0.21126	-0.552867	-0.017322	0.276264	-0.103772	0.703192	-0.520866	-0.425346	0.627389	-0.53093	-0.399303	-0.229705	0.289503	0.894773	-0.719347	-0.890585	0.592544	0.7984	-0.026743	-0.237194	
0.248296	-0.214653	0.316489	-0.072198	-0.825275	0.977566	0.618599	0.278938	-0.337735	-0.652291	0.46361	-0.748271	0.79513	-0.034288	0.358505	-0.172185	0.069519	-0.356838	-0.652162	0.270233	0.703332	-0.751942	0.532824	0.085223	-0.441166	0.288252	0.14498	-0.619892	0.856444	-0.237389	-0.245556	-0.020529	-0.455393	-0.365937	-0.244124	-0.737013	0.510386	0.452271	0.718454	-0.882562	-0.494061	-0.313665	0.36671	-0.683387	-0.271592	-0.26892	-0.053034	-0.575261	0.111424	0.723078	
0.176899	-0.707546	0.589249	0.637637	-0.653431	-0.114455	0.926577	0.318665	0.10766	0.886543	-0.400852	-0.202144	-0.629866	-0.688388	0.948422	0.229627	0.576238	0.476488	0.679372	-0.993041	0.341228	-0.649731	0.297625	-0.371082	0.145415	0.283994	0.225869	-0.407553	-0.176297	-0.478057	-0.93842	-0.428684	0.64441	-0.316315	0.619708	-0.565802	0.310769	-0.086289	0.128455	-0.358026	-0.872812	0.465125	-0.186156	-0.95003	0.32043	0.223475	0.475899	-0.513967	-0.264857	0.792557	
0.029446	0.681467	0.386377	0.18851	0.79381	0.373257	0.564637	-0.202286	-0.088965	0.626242	0.953299	0.697779	-0.445749	0.215079	-0.796248	-0.320125	-0.31149	0.732904	0.748535	0.207785	0.855808	-0.005131	0.71976	-0.499836	0.083871	-0.572002	0.609169	-0.476894	0.964366	-0.767613	0.011609	0.677344	0.500233	0.693309	0.173339	0.325525	-0.792202	0.830699	0.811074	0.509561	-0.194164	-0.395168	0.230242	-0.840465	0.379604	-0.602496	0.459066	0.78452	-0.762348	-0.853316	
-0.458971	-0.390404	-0.275287	-0.595028	-0.131729	0.083423	0.25388	-0.095185	0.639597	0.259275	0.856401	-0.996073	-0.117615	-0.858574	0.778001	-0.731943	0.959788	-0.73755	0.48148	0.488671	0.083907	-0.513367	0.012122	0.046613	-0.282644	-0.68932	-0.382172	-0.56927	0.262337	0.687643	0.379437	-0.663444	0.295629	0.350168	0.060961	0.222043	-0.63917	0.375187	-0.828429	0.998819	0.815415	0.62963	-0.346138	0.363475	-0.483645	-0.041747	0.932047	0.12468	-0.622599	0.570219	
0.383177	0.61891	0.212107	0.141717	0.527566	-0.438285	0.379971	-0.105383	0.531431	0.72239	-0.47606	-0.267017	0.572336	-0.921442	0.754013	0.177418	0.472628	-0.217279	0.499269	-0.035592	-0.215798	-0.297971	0.866852	0.545104	0.715164	-0.072683	0.680311	0.803234	0.476294	0.930667	-0.27362	-0.487785	0.100163	0.7323	0.880017	-0.048301	-0.597078	0.653965	0.167548	-0.138686	-0.226894	0.944432	-0.195778	0.591926	-0.636572	0.811636	-0.081236	-0.340678	0.200933	-0.457581	
-0.821161	0.497513	-0.726274	0.358777	-0.37675	0.942444	0.789906	0.754151	-0.620727	-0.501379	-0.597019	0.879701	-0.445135	-0.87771	0.25141	-0.124541	0.826098	0.202411	0.507866	0.121764	-0.236016	-0.424663	0.02578	0.642778	-0.135195	0.611211	0.114913	-0.589659	-0.934896	-0.680932	0.189739	-0.802262	-0.782449	0.287998	-0.634886	0.214489	-0.859732	-0.907062	0.526456	-0.399953	0.538063	-0.655513	0.533013	-0.831671	-0.360328	-0.706717	-0.21267	-0.79872	0.448308	0.386767	
-0.8884	0.447976	0.521405	0.254094	-0.231231	0.648374	0.073881	-0.27502	-0.464495	-0.762939	0.790372	0.154449	-0.11396	-0.852898	-0.495567	0.566177	0.033041	-0.379587	-0.393423	0.853872	0.839915	0.866131	0.391926	-0.24114	-0.911135	0.908385	-0.146761	0.728616	-0.452806	0.092339	-0.523292	-0.114652	-0.481657	-0.658262	-0.267316	0.064364	0.115746	0.007621	-0.243714	-0.279783	-0.565893	0.645746	0.654524	0.961263	0.285674	0.90167	-0.625789	-0.421148	-0.848089	0.278692	
0.292473	0.806592	0.396124	-0.51549	0.614167	-0.804816	-0.115377	-0.721366	-0.3656	-0.156591	0.615618	0.338748	0.613428	0.335605	-0.972564	0.849673	-0.548855	0.594214	-0.599532	0.869353	-0.403199	0.940019	0.24943	-0.984807	0.922369	-0.874448	-0.608017	0.041293	-0.349565	-0.760591	-0.532806	0.179511	-0.961689	-0.580891	-0.096473	-0.520589	-0.864568	-0.612282	-0.003006	-0.005548	-0.008756	-0.441176	-0.030136	0.0536	0.367232	-0.3107	-0.850993	-0.760477	-0.953926	-0.246566	
-0.332474	0.82462	0.840788	-0.856609	0.898319	-0.327722	-0.125602	0.272327	0.039141	0.22941	-0.940372	0.281133	0.936788	-0.183754	-0.681417	0.232717	0.528689	0.491815	0.235231	-0.995733	-0.76949	0.432535	0.263316	-0.182072	-0.393252	0.130516	0.737161	-0.700091	-0.820659	0.063328	-0.299639	0.983871	-0.854231	0.148851	0.084358	-0.183173	0.136087	-0.230478	0.481529	0.994687	0.991638	0.502993	0.130318	-0.140112	0.412956	-0.679973	-0.816394	0.581042	-0.322636	-0.540472	
0.325848	-0.126299	0.48998	0.12363	0.211394	0.486395	-0.053004	0.727599	0.682266	0.370664	-0.02943	-0.922637	0.403219	-0.507671	-0.705391	0.445555	0.455785	-0.325068	-0.055335	-0.835242	-0.247122	-0.157457	0.499686	-0.370732	-0.808511	-0.612222	-0.442413	0.257741	-0.787069	-0.734248	0.441232	-0.098843	0.027489	-0.595228	0.245393	0.238286	0.0113	-0.866956	-0.116074	-0.983459	-0.326907	-0.316751	0.281324	-0.594947	-0.523579	0.408471	-0.430871	-0.335731	0.776557	-0.372108	
0.653506	-0.277989	0.410204	0.363107	0.224604	-0.724535	0.168756	0.655708	-0.432929	-0.60136	0.591347	-0.154151	0.145658	-0.721663	0.164566	-0.795933	-0.013405	0.433635	-0.795956	0.876306	-0.488121	-0.196482	0.742976	-0.484296	-0.050495	-0.173752	0.085814	0.817205	-0.048306	0.01784	-0.526166	-0.342475	-0.404253	0.210588	0.997362	0.429537	-0.38936	0.459642	-0.96957	0.463262	0.679006	-0.303527	0.167452	0.030745	-0.608953	-0.075609	0.117517	0.076567	0.083474	-0.079426	
0.740933	0.637878	0.581334	-0.658036	-0.355591	-0.906734	-0.284895	-0.078051	0.89333	0.442198	0.608106	0.431662	0.741152	0.636143	-0.026629	-0.265813	0.254577	-0.792964	-0.497773	0.992626	-0.539017	0.429432	0.366512	0.780823	0.573214	-0.696672	0.117921	0.939129	0.78857	0.019965	0.043897	0.615618	-0.52921	0.105012	0.321486	0.021881	-0.802653	-0.320892	0.619271	0.260682	0.611097	0.270184	-0.653351	-0.66768	0.032312	0.814697	0.491631	-0.587129	0.978646	0.906309	
-0.846212	0.80367	0.896086	0.048193	0.957236	0.33149	0.542471	-0.127976	0.068608	0.232717	0.1919	-0.675972	0.384681	0.311297	-0.364389	0.596788	0.572964	0.751182	-0.88786	-0.810096	0.091534	0.271745	0.871327	0.400042	-0.464557	0.078438	-0.992033	-0.332163	0.058618	0.80587	-0.255008	0.210023	-0.540983	0.346314	0.369908	-0.142156	-0.698671	0.311198	0.948223	0.900832	-0.163379	0.934627	-0.985219	0.894559	-0.075814	0.661596	-0.619057	0.841937	-0.807064	0.641356	
-0.717264	0.879132	0.337719	0.546707	-0.861339	0.706227	0.817033	0.726493	0.311931	0.361822	-0.746347	0.049797	0.032774	0.560911	0.237333	-0.945965	0.46699	-0.165738	0.379366	-0.042557	0.347957	0.664663	0.423103	0.542058	-0.140385	-0.051308	-0.260253	-0.598136	0.874066	0.642103	0.534157	0.383308	0.70655	0.728439	-0.589706	-0.418047	-0.998408	0.963034	-0.008436	0.364651	-0.918426	-0.139627	-0.073485	-0.959137	0.913846	0.924249	0.960295	-0.436264	-0.846976	0.581976	
-0.894902	-0.78235	-0.121997	0.436053	-0.566554	-0.735372	-0.311643	0.693099	0.804775	-0.222729	-0.654989	0.662883	-0.655042	-0.37434	0.839232	0.75448	0.210361	-0.368514	0.269309	-0.811323	-0.349281	0.230439	0.847669	0.686009	-0.860107	-0.905231	-0.427428	0.330108	-0.576938	-0.616717	-0.595916	-0.52882	-0.917371	-0.624967	0.740863	0.517795	0.930022	0.25121	-0.67439	-0.442206	-0.248802	0.15201	-0.145823	-0.539369	-0.843129	0.212826	-0.941119	0.045245	-0.631888	0.183031	
0.29904	-0.393685	-0.476805	-0.629349	0.273689	0.800906	-0.9489	0.304674	0.325464	0.429348	-0.02607	0.053048	-0.076601	-0.384085	0.223436	-0.168039	-0.123225	-0.277964	-0.888748	-0.576634	0.314718	0.956022	-0.363408	-0.864678	0.045514	-0.853892	0.189025	0.995442	0.119973	0.070983	-0.127265	0.407829	-0.83318	0.180117	0.544987	0.948818	-0.564236	-0.179261	0.341904	0.344879	-0.909968	0.004459	0.156787	-0.401158	0.387914	-0.647889	0.921454	0.278184	-0.844379	0.61821	
0.08883	-0.937021	0.455525	0.847667	0.943454	0.482571	0.620442	0.006722	-0.0979	0.296906	0.998257	-0.352835	-0.227628	-0.605229	-0.73801	0.360714	-0.005923	0.519672	-0.101208	-0.277961	-0.165618	0.585983	0.539765	-0.15148	0.77399	0.232454	0.083805	0.831709	-0.003789	0.547137	-0.342835	-0.676334	-0.029125	-0.303212	-0.948955	-0.552487	-0.898107	-0.871311	0.849514	-0.587507	-0.170991	0.040169	0.188994	0.011437	-0.061698	0.386641	0.229526	0.139658	0.55556	0.963363	
0.98008	0.728776	0.077957	-0.665213	0.433511	0.957964	0.720575	-0.634378	-0.250377	0.153621	0.169153	0.888883	0.23102	-0.546343	-0.403582	-0.826521	-0.245725	0.243407	0.20626	-0.207272	-0.120874	0.541039	-0.018741	0.829767	0.640814	0.597735	0.640045	0.106498	0.853796	0.477768	-0.612014	-0.594364	0.324747	-0.99433	-0.635276	0.217338	-0.799863	-0.565952	0.508957	0.972377	-0.1187	0.852665	0.972222	-0.731995	-0.339161	-0.653372	0.497238	-0.36511	0.160077	0.832989	
-0.771147	-0.816706	-0.498803	-0.961868	0.664808	0.724076	0.74414	-0.384012	-0.559283	0.358244	0.442328	0.153619	-0.044383	-0.844888	0.214622	-0.051553	0.190561	0.688402	0.858186	0.807644	-0.053584	0.902586	-0.504629	-0.664637	0.805911	0.810537	0.882345	0.752532	-0.218655	0.950056	0.514512	0.389336	-0.707182	0.071338	0.813289	0.216192	-0.044917	-0.531134	-0.191598	0.113758	-0.408961	0.128486	0.36322	-0.133203	0.120609	0.082797	-0.37454	-0.089707	0.386639	-0.492756	
0.934589	-0.813299	-0.357541	-0.371699	-0.438214	0.597267	0.538821	0.556222	0.888409	0.318996	0.119653	-0.459386	0.991091	0.717935	0.705737	0.781165	0.132485	0.132606	0.841351	0.140246	0.586499	0.011284	0.144154	-0.895153	0.439598	-0.497533	0.387391	-0.677	-0.394772	-0.508811	-0.074459	-0.939033	0.666717	-0.084869	-0.239056	0.084202	-0.091334	-0.42476	0.611772	-0.976183	-0.964794	0.264455	-0.167936	0.362356	-0.753364	0.450025	-0.160754	-0.318876	-0.446128	-0.641706	
0.27994	-0.090223	-0.624127	-0.430572	-0.733555	-0.460534	-0.189885	0.357798	0.077663	-0.561349	0.062568	-0.562214	-0.478768	-0.584396	0.507689	0.885825	0.078134	-0.179116	-0.39334	0.585235	0.087153	0.281421	-0.332312	-0.933293	0.692231	-0.398085	-0.164922	-0.082133	-0.916796	0.221508	0.840491	-0.099051	-0.648327	-0.079377	0.428979	5.5e-05	-0.275921	-0.068016	-0.994156	0.116445	0.532045	-0.114925	-0.955491	-0.404595	-0.700487	-0.004567	0.287464	-0.829379	0.337335	-0.646274	
0.837364	-0.934127	0.016297	0.492867	0.910934	-0.871348	-0.96476	-0.221902	-0.096283	-0.546562	-0.558262	0.892453	0.094544	-0.945942	-0.63338	-0.38879	0.976839	0.677353	-0.678334	0.688061	-0.139358	0.599603	0.547091	0.873604	0.849696	0.833676	-0.49243	-0.488013	-0.427018	-0.796619	0.294017	-0.085383	-0.314665	0.457137	-0.776124	0.748136	0.025923	0.41261	-0.238656	-0.670541	0.622651	-0.181523	-0.134669	0.501606	-0.718632	-0.427842	-0.836412	-0.100403	-0.372405	-0.056826	
-0.086233	-0.992911	0.072847	0.760373	0.509267	0.942628	0.452695	0.920143	-0.971352	0.785311	0.160029	0.284535	-0.939073	0.593598	0.544081	0.189553	-0.664913	-0.638467	0.864102	0.627953	-0.701826	-0.771486	-0.067278	-0.987387	-0.543232	-0.477054	-0.570593	-0.603906	-0.040468	-0.492804	0.175168	0.383365	-0.004208	0.394689	0.808178	-0.620244	-0.349908	-0.686766	0.38507	-0.472708	-0.545116	-0.955007	-0.357236	0.279817	0.526985	-0.937002	-0.555103	0.221431	-0.498166	-0.33407	
0.147797	-0.582123	-0.506784	0.909404	0.148408	0.681997	0.608241	-0.322012	-0.973152	0.607505	0.676832	0.108211	-0.869971	0.987561	-0.64817	-0.983585	0.85183	-0.088539	-0.254149	0.016758	-0.191115	0.87545	-0.611728	-0.769716	-0.094642	-0.985573	-0.869266	0.915329	0.614827	-0.107652	0.798679	0.19172	-0.682387	-0.286638	0.413322	0.469062	0.954044	0.802318	-0.323335	-0.904942	-0.222848	-0.432874	0.144803	0.416179	0.256342	-0.794734	0.401559	-0.585532	-0.463539	-0.320637	
0.622916	-0.356962	-0.546422	-0.433273	0.13028	0.685197	0.919098	-0.632964	-0.49389	-0.118449	0.13211	0.071848	-0.656644	-0.476517	-0.00107	0.21843	-0.901995	-0.722527	-0.359088	-0.86088	-0.146965	-0.190497	0.741426	0.860352	-0.098833	-0.620242	0.607091	0.167213	0.996626	-0.163738	-0.86978	-0.853901	0.145019	-0.216078	-0.008812	-0.296846	-0.165258	-0.316576	-0.263651	0.349736	0.040522	0.948513	-0.097247	-0.717034	-0.497093	-0.347322	0.304871	0.604915	-0.130892	-0.629407	
0.574694	0.482289	0.202968	-0.632386	-0.636651	-0.646965	-0.843177	-0.440505	-0.581559	-0.89872	0.707759	-0.57245	0.083177	-0.507895	-0.206252	-0.584168	0.928116	0.830917	-0.718516	0.722349	0.914558	-0.57844	-0.841301	0.310317	0.820812	-0.525667	-0.908069	-0.342858	0.420725	-0.728103	0.087813	0.042248	0.895961	0.36243	-0.873487	-0.99701	-0.442655	-0.58804	-0.735445	-0.128643	0.689486	-0.761836	-0.136547	-0.329741	0.120141	0.858976	-0.231236	-0.631096	0.987426	-0.647469	
-0.346995	-0.546206	0.454908	-0.067555	-0.056487	0.7128	0.2289	-0.72856	-0.752595	-0.412763	-0.829028	0.204983	0.63792	-0.955291	-0.013108	-0.793131	0.608668	0.607663	0.254916	-0.894864	-0.081543	-0.889831	0.026622	0.783966	-0.777659	0.438315	-0.579124	0.097364	-0.740677	0.447078	0.310203	-0.723741	-0.061827	0.065657	-0.117148	-0.051656	0.749813	-0.927129	0.862534	0.660204	-0.869107	0.798683	0.98152	0.002574	-0.927432	-0.524168	0.317257	0.817191	-0.259929	-0.206895	
-0.807017	0.489369	-0.483408	0.569288	0.894552	-0.356419	0.05136	-0.425899	0.888439	-0.760362	0.141388	-0.946122	-0.07558	0.038096	0.576055	-0.860614	-0.160424	0.327645	-0.143845	-0.840513	-0.178502	0.854201	0.247935	0.398282	-0.653408	-0.669845	-0.544319	-0.139614	-0.709924	0.267291	0.274197	0.352246	0.273079	-0.16274	-0.590497	-0.88648	-0.981863	0.324815	-0.940895	-0.434422	0.79172	-0.126657	-0.526799	0.130232	0.405786	-0.558876	0.272761	0.972653	0.867037	0.352019	
0.927511	0.683715	0.2626	-0.395512	0.461332	-0.854995	-0.754809	-0.702341	0.205933	-0.902691	-0.648512	-0.113505	-0.504003	-0.02743	0.512246	0.806282	0.261468	0.056648	0.273049	-0.430304	0.643209	-0.157268	0.767506	-0.768774	-0.393688	0.841299	-0.059958	0.864333	-0.882425	-0.966875	0.764618	-0.476648	-0.595574	0.022418	0.381115	0.112347	-0.911458	0.006511	0.618292	-0.405983	0.656704	-0.831265	0.052899	0.20965	0.349566	-0.457752	0.301631	-0.813715	-0.768302	0.78297	
0.514139	0.628019	0.607793	-0.649623	0.376518	-0.206378	0.645389	0.025676	0.948986	0.697216	0.946702	-0.32715	0.964676	-0.36622	-0.267571	0.523368	0.985362	-0.033152	-0.065309	-0.230965	-0.513346	0.972682	0.213169	-0.132388	-0.003644	-0.389891	0.166143	-0.455967	-0.453335	-0.197104	-0.817884	0.677725	-0.365017	0.988521	-0.824954	0.329073	-0.092223	-0.160335	0.532004	-0.41051	-0.875362	-0.104769	-0.670067	-0.657105	0.861308	-0.921858	-0.582346	0.117399	-0.621276	0.333181	
0.370502	0.503685	-0.903156	0.25727	0.708502	0.063424	-0.158296	0.785934	0.033352	-0.112918	0.750114	0.380472	0.896168	-0.53131	0.371847	0.962729	0.368834	0.498384	0.738604	-0.949825	0.733122	0.036684	0.575537	-0.653739	0.472292	-0.097851	-0.203969	0.489701	-0.474371	0.313967	0.805383	0.857251	0.58814	0.946114	-0.930231	0.762952	-0.231896	0.656355	-0.008744	-0.569207	0.903191	0.670512	-0.006515	-0.726116	-0.518779	-0.840157	-0.255696	-0.696905	0.989534	0.82761	
-0.495738	-0.582409	-0.154997	0.361352	-0.889452	0.322797	-0.738164	0.001437	-0.154186	-0.738525	-0.65332	0.173694	0.07634	0.751029	-0.308775	-0.62161	0.663791	-0.473602	-0.312778	-0.262533	0.452701	0.667354	-0.610807	0.852552	0.741161	-0.97034	-0.763049	0.567367	-0.044614	0.906787	0.97064	-0.643117	0.176455	0.052522	0.30985	0.563363	-0.252519	-0.54975	0.155132	-0.772014	-0.466464	0.285015	0.446318	-0.839603	-0.818931	0.172925	0.695849	-0.776752	-0.196244	-0.19073	
-0.135237	-0.530636	-0.356978	0.680265	0.851043	-0.573776	-0.837885	-0.440333	-0.186987	0.679048	-0.250646	0.345689	-0.585394	-0.373247	0.402037	0.147481	-0.367968	0.545888	0.327684	0.505422	0.299306	-0.547693	-0.026006	0.770455	0.698588	0.425711	0.056233	0.125137	0.555027	-0.720647	0.139241	-0.784783	-0.686443	0.123459	-0.127983	-0.388826	0.178345	-0.887003	0.849333	0.146712	0.626928	0.119151	-0.48875	0.692642	0.649159	-0.639569	0.078471	0.215826	0.279531	0.745715	
-0.213046	0.220306	0.203205	-0.939793	0.960935	-0.872565	-0.022885	0.12603	-0.79756	-0.202117	0.075837	0.45403	-0.884528	-0.579001	-0.858036	-0.699254	-0.328295	-0.346745	0.75431	0.829301	-0.777396	-0.357809	0.030263	-0.556721	0.515388	-0.371359	-0.905399	0.213876	-0.235192	-0.413591	-0.687416	0.024677	-0.342479	-0.68079	-0.414921	0.179883	0.056985	-0.404435	0.003895	-0.424492	0.852815	-0.744637	0.218771	-0.456634	-0.960365	0.908289	0.901886	-0.830985	-0.682988	0.804438	
0.172623	0.270359	0.752136	-0.3344	0.653239	-0.437625	0.466103	0.01955	-0.113444	-0.907628	0.308656	0.677655	-0.200283	0.893249	0.087112	-0.274519	0.611128	-0.45526	0.721903	-0.002292	-0.510837	0.093324	0.462822	-0.772655	-0.81461	0.976033	-0.808938	0.42733	-0.26372	0.531442	0.310111	-0.673066	-0.458222	0.156737	0.29214	-0.556948	-0.166445	0.66026	-0.147249	0.452001	0.710375	0.298668	-0.21579	0.649165	-0.376867	-0.148646	0.533471	0.566442	-0.477804	-0.80405	
-0.775222	-0.106818	-0.338136	-0.030521	-0.239085	0.934414	-0.580346	0.349526	0.394489	-0.350653	0.276032	0.468643	0.26218	0.880879	0.065282	0.045649	-0.976755	-0.917573	0.508685	-0.252302	-0.686034	0.58678	-0.856837	0.031873	0.728617	0.954656	-0.971434	-0.248592	0.940557	-0.616219	-0.486331	-0.62882	0.10019	-0.768653	-0.624984	-0.908981	-0.951169	0.762548	-0.431363	-0.433044	0.424395	-0.198927	0.178161	0.794142	0.85384	0.125142	0.024933	-0.81861	0.078786	0.976068	
-0.107934	0.345624	-0.211953	0.031917	0.806883	-0.841387	-0.798691	-0.241496	0.944953	0.280664	0.647707	0.157479	0.758108	-0.15541	-0.113734	0.930654	0.365723	-0.210263	-0.762417	0.804182	0.310297	0.117182	0.594342	-0.326855	-0.353234	-0.117514	0.469002	-0.975509	0.82802	-0.812275	0.914168	0.628845	0.949398	-0.379066	-0.190186	-0.283049	0.740892	0.273516	0.844464	0.29263	0.005983	-0.743214	0.420986	0.907075	-0.591593	0.025874	-0.481259	-0.312391	-0.333816	-0.955343	
-0.112727	-0.707675	0.004289	-0.578232	0.575961	0.360965	-0.747447	-0.345603	0.969739	0.383809	0.136628	0.780674	0.038006	0.977927	0.322453	-0.631383	0.960387	0.238509	0.451361	0.258295	0.875557	-0.769016	-0.832736	0.989295	-0.520761	-0.092424	-0.129651	0.010767	0.982614	0.190897	-0.945521	-0.021214	-0.974228	0.989131	0.46615	-0.991519	-0.275023	0.473789	-0.03477	-0.791187	0.005757	-0.967221	0.339007	-0.529483	-0.098284	0.6246	0.981121	0.379745	-0.684009	0.397336	
0.178764	0.029599	0.105411	-0.626086	0.839252	-0.910056	0.996844	0.24251	0.469608	-0.216578	-0.150955	0.270639	-0.852611	-0.040073	0.366122	-0.557692	-0.581189	-0.139327	-0.421432	-0.269761	0.765151	0.420397	-0.843855	0.109517	0.720751	0.921645	-0.510247	0.824155	-0.216291	0.501376	-0.891991	-0.961972	0.10761	-0.241383	0.762946	-0.236704	-0.029675	-0.320627	0.98192	0.194476	0.862476	0.147673	0.896567	0.907864	-0.791579	0.393166	0.989578	-0.719359	-0.571561	0.926287	
0.243015	-0.425874	-0.259821	0.918866	-0.374931	-0.408931	0.680148	0.32411	-0.482608	-0.794439	0.230396	0.662909	0.968587	-0.243938	-0.383557	0.225413	0.585515	-0.252705	0.203897	-0.081145	0.667022	0.749385	0.512546	0.623844	0.878244	-0.89435	0.424952	0.770006	0.415637	-0.589918	0.713564	-0.312343	0.591939	-0.969828	0.336871	0.916216	-0.143186	0.316424	0.425177	-0.840331	-0.994545	-0.651939	0.172623	-0.890716	0.803852	0.980807	-0.320466	0.83042	0.964851	0.126013	
0.939955	-0.982295	0.772288	0.293605	-0.372277	0.390096	0.168046	-0.492765	0.214008	-0.961619	-0.249225	0.811785	-0.586239	0.191625	-0.126145	-0.681115	-0.995876	-0.358978	-0.430642	0.302705	-0.490312	-0.8502	-0.842073	-0.90157	0.721874	0.702624	-0.983572	0.813496	-0.851321	-0.712075	0.752339	0.023468	-0.641898	-0.94876	0.514808	-0.209155	0.147997	0.598521	0.279107	-0.245492	0.204739	-0.929789	-0.546746	0.451881	-0.81199	-0.909442	-0.075104	-0.057194	-0.414	0.398388	
-0.105787	-0.617055	0.671537	0.912585	-0.004379	0.763443	0.367382	0.767423	0.010357	-0.691828	-0.616932	-0.69413	0.341813	-0.840656	0.402431	-0.81414	-0.638354	0.864272	0.253781	0.527992	-0.379503	0.015893	-0.470202	-0.557081	-0.913631	0.152792	0.742858	0.847602	0.437694	0.442966	-0.298484	0.949481	-0.695939	0.536566	0.790368	0.420117	-0.905709	-0.473674	-0.131242	-0.054941	-0.831025	0.313294	-0.674829	0.554986	-0.432728	-0.83624	-0.443572	-0.635198	0.198223	-0.880108	
0.672565	-0.938341	-0.687862	-0.248192	0.581756	-0.84279	-0.248799	-0.177494	-0.013775	-0.161013	-0.641503	0.125854	0.4721	-0.271186	0.050822	-0.652567	-0.412025	-0.109283	-0.295527	0.599361	-0.500074	-0.934283	-0.153025	-0.908697	0.24238	0.451836	0.048321	0.500114	-0.38198	0.673573	0.063592	-0.709266	0.600153	0.375961	0.179935	-0.788042	0.202418	-0.42528	-0.359482	0.889976	0.098741	-0.693119	-0.518936	0.729661	-0.8516	0.894474	0.70344	-0.41837	-0.393429	0.536259	
0.260933	0.437763	0.254026	0.055211	-0.441878	0.329373	-0.335298	0.862894	0.560804	-0.3553	0.428442	-0.120314	0.250246	0.089161	0.842027	0.661184	-0.314093	0.096646	0.51301	-0.014891	0.284244	0.288458	-0.512782	-0.676691	0.045772	0.877172	0.073805	0.412431	-0.187044	-0.038953	0.766384	-0.151032	-0.837425	-0.308547	0.339539	-0.417485	0.682124	0.851494	0.34751	0.111915	-0.735011	0.112445	0.268708	0.986379	0.541651	-0.4592	-0.793173	-0.785483	0.460281	0.393228	
0.330731	-0.228831	0.761846	-0.69473	0.376528	-0.075463	-0.046651	-0.288592	0.889451	0.281911	0.12828	-0.780635	0.42092	0.650103	-0.62642	-0.766145	0.145028	-0.019277	0.130501	-0.634353	-0.339368	0.632488	-0.15633	0.674833	-0.839627	-0.869394	0.63598	0.515278	0.815489	0.540932	0.390583	0.724143	-0.492031	-0.868063	-0.783092	0.232175	0.049952	0.477401	0.757145	-0.093842	0.139583	-0.627621	-0.125303	0.446299	0.083379	-0.664496	0.221367	0.40301	0.654029	-0.998059	
-0.631166	0.332055	-0.402761	0.266428	-0.21809	0.117261	0.697388	-0.023169	0.583724	0.023793	0.420044	-0.754611	-0.851887	-0.198619	0.860001	-0.524243	0.070779	-0.384888	0.590923	-0.885285	0.165059	0.875677	0.644919	0.075597	-0.851574	-0.920724	0.843232	0.855203	-0.993814	0.862051	0.192938	-0.529665	-0.930965	-0.25479	-0.850352	-0.518396	-0.641748	-0.460475	0.080351	0.341037	0.332675	0.631646	0.036097	0.289621	0.825444	-0.704111	0.398604	0.55263	-0.635979	-0.474745	
0.348633	-0.138919	0.694885	0.379686	-0.760143	0.648145	0.739433	-0.836367	0.242243	-0.27653	0.653678	0.326955	0.348357	-0.993485	0.908545	-0.70304	0.492715	-0.8701	-0.283109	-0.922496	0.639896	0.750869	0.748751	0.109794	0.979618	-0.559203	-0.455608	0.279824	-0.160461	-0.183626	-0.937338	-0.149307	-0.156905	0.741575	0.612663	-0.348739	0.538236	-0.250529	-0.752803	-0.77433	-0.570767	0.169313	0.282828	0.856102	0.136098	0.417111	-0.989963	-0.549205	0.83869	0.143141	
0.796092	0.846774	0.615077	-0.110528	-0.889313	0.015633	0.784753	-0.199013	0.840648	-0.110512	0.645469	-0.221793	0.871598	0.509671	-0.626631	0.481143	0.545193	0.186119	0.407162	0.735903	0.085251	0.707266	0.736376	-0.185439	-0.65716	0.34965	-0.529175	-0.976804	-0.773768	0.538924	0.027753	0.821848	0.013184	0.35798	-0.424717	-0.961423	0.292782	-0.351682	0.021998	0.810629	0.167897	-0.217084	-0.658448	0.385268	-0.279575	0.673997	-0.867065	-0.767708	0.121321	-0.292223	
0.910639	0.703652	0.516237	0.267655	0.501716	0.532031	-0.034806	-0.807634	-0.743644	0.042309	0.358992	0.093614	-0.487693	-0.303487	-0.842834	0.612199	-0.028159	0.71211	-0.087362	-0.714497	-0.138278	-0.466261	-0.00623	-0.599058	-0.643209	-0.227113	0.68446	0.83111	0.825478	0.265744	0.810663	-0.35413	0.044279	0.770279	-0.890213	0.950978	-0.019861	0.012634	0.156875	-0.901905	-0.140017	-0.462731	0.980965	-0.895659	-0.776057	-0.917587	0.813739	0.768033	-0.144784	-0.297594	
0.922236	-0.124156	-0.962312	-0.069384	-0.742309	-0.710801	-0.551504	0.371955	-0.319028	-0.502389	0.837061	-0.521952	0.354503	-0.23024	-0.794784	-0.41666	-0.591622	-0.639775	-0.369432	-0.915372	-0.461151	-0.91392	0.831595	0.541796	0.657317	-0.932505	-0.755252	-0.332536	-0.380059	0.644044	0.123324	0.570868	-0.793016	0.538078	-0.152716	0.124799	-0.579561	0.545655	0.218473	-0.309967	0.663857	-0.501857	0.585893	0.457866	-0.517835	-0.276965	0.539423	0.647012	-0.723601	0.773409	
-0.176499	-0.721557	-0.829484	-0.075411	0.534889	-0.636065	0.832468	0.754616	0.549193	0.514728	-0.076872	0.406048	-0.186305	0.498755	0.684784	-0.351335	-0.995945	0.469088	-0.062843	-0.003185	0.8241	0.507193	0.745781	-0.743709	0.884703	0.591509	-0.423985	-0.70927	0.520714	-0.062382	-0.096731	0.640491	-0.49218	0.638835	0.938364	-0.720138	0.111472	-0.946317	0.580478	-0.573482	-0.793088	0.285227	0.442321	0.478913	0.958337	-0.364688	-0.313849	0.416431	-0.772603	0.599626	
0.12997	0.693063	0.437466	-0.367739	0.991328	-0.706565	-0.730516	0.836529	-0.698018	0.83787	0.903919	-0.677805	-0.081139	-0.275973	-0.982688	0.514105	-0.75225	0.607545	0.79258	-0.825011	-0.369494	0.254661	0.037934	-0.147868	-0.983899	0.388035	-0.498717	-0.541245	-0.565728	-0.08279	-0.910264	-0.682417	0.441192	-0.732541	-0.270651	0.047536	-0.255336	0.995258	-0.288726	-0.825891	-0.654914	0.458053	0.546465	0.106384	-0.712984	0.081326	0.892014	0.219263	-0.317493	0.23924	
-0.350465	-0.293303	0.778594	-0.86348	0.330136	0.787391	-0.295547	0.589061	0.658078	-0.438349	0.913815	0.273813	0.085402	0.931197	-0.460705	-0.350753	0.443274	-0.225292	0.887898	0.631233	0.460675	0.935495	-0.625255	-0.045761	0.399416	-0.386114	-0.421538	0.270594	0.787839	-0.66304	0.253024	-0.937091	-0.017241	-0.151566	-0.25652	0.385001	0.165477	0.175519	0.425744	-0.13375	-0.40228	0.905901	0.685175	0.492384	-0.858429	-0.827342	-0.314258	-0.116448	-0.542941	0.768638	
-0.042353	-0.884676	-0.802586	0.656297	-0.755794	-0.34372	0.042073	-0.825861	0.813815	0.983271	-0.982716	0.319922	-0.721077	0.08756	-0.685299	0.410574	0.75536	0.273801	0.865856	-0.210143	0.102663	0.312256	-0.530563	-0.485328	0.922628	0.64105	-0.334782	-0.114408	-0.580635	-0.532303	0.627371	0.507461	-0.312855	-0.627386	-0.017429	-0.323289	-0.276513	0.207715	0.098391	-0.324733	0.213998	-0.249719	0.35863	0.544351	0.570033	0.987458	0.650943	-0.233579	-0.778892	-0.056039	
-0.755899	0.150389	-0.609185	-0.74884	0.559547	-0.151271	0.746178	0.661284	0.05561	0.016652	0.283153	0.512654	-0.08111	0.198399	-0.118738	-0.182553	0.844431	-0.242303	-0.36625	0.757992	-0.069509	0.162281	-0.808112	0.310948	-0.032177	0.214126	-0.39876	0.652281	0.701721	0.558724	-0.202964	-0.508883	-0.794812	0.356958	0.288832	0.820656	-0.683094	-0.790105	0.694993	0.295592	0.909872	0.416316	-0.141684	-0.431498	0.307397	-0.787426	-0.064289	-0.681148	0.064759	0.349335	
-0.365768	-0.95847	0.676834	0.918435	-0.814094	0.028708	-0.13914	0.413055	0.489616	-0.28624	-0.213732	0.738011	-0.934757	-0.673501	0.758144	0.153364	0.417524	-0.962671	0.308192	0.245702	-0.048484	-0.051523	-0.766419	-0.097363	0.616387	-0.559395	0.43329	-0.288107	-0.074538	0.604809	-0.819551	0.475945	-0.833927	-0.434992	0.038783	0.922673	-0.598583	0.932935	-0.450881	0.532738	-0.945625	0.527084	0.89543	0.605919	-0.207536	-0.86877	-0.261245	-0.153883	0.138829	-0.906059	
-0.468244	0.189647	0.317789	-0.462122	0.821607	0.272234	-0.138869	-0.474819	0.564715	0.823099	0.688066	-0.271414	0.459364	-0.636704	0.241653	0.087804	-0.709327	-0.609644	0.724017	-0.306377	-0.610112	-0.22066	0.320303	0.468021	-0.603705	-0.276834	-0.148075	-0.588291	-0.561467	0.09995	0.178455	0.964616	0.341829	0.461245	0.225702	0.718631	0.775856	0.202705	-0.299108	-0.963301	0.140877	0.342541	-0.955903	-0.179031	-0.677148	0.873084	0.309052	0.100456	-0.484504	0.326926	
0.002067	0.031525	8.1e-05	0.003984	0.014244	0.03464	0.010969	0.032091	0.027768	0.008085	0.016874	0.033401	0.002766	0.015805	0.011824	0.028362	0.007865	0.033577	0.025626	0.02943	0.008514	0.037915	0.013098	0.01793	0.010343	0.035759	0.007183	0.02972	0.01441	0.026911	0.028183	0.011489	0.012593	0.024122	0.015709	0.010816	0.026692	0.037534	0.011506	0.02264	0.014169	0.038559	0.036204	0.029187	0.004435	0.034052	0.015787	0.013799	0.03631	0.003447	
0.012661	0.037052	0.00201	0.018117	0.037204	0.042215	0.008171	0.007555	0.017557	0.007384	0.019949	0.019312	0.024311	0.001903	0.024774	0.030937	0.023018	0.004543	0.015517	0.029675	0.042174	0.00209	0.022008	0.018325	0.01197	0.028698	0.009713	0.01568	0.030588	0.015241	0.011158	0.034401	0.014064	0.005631	0.007692	0.037396	0.007635	0.02538	0.024748	0.027676	0.032033	0.026756	0.028821	0.016463	0.002864	0.011794	0.025151	0.04201	0.025622	0.012353	
0.022417	0.02334	0.03503	0.008088	0.025704	0.013345	0.024645	0.032938	0.030593	0.026944	0.003736	0.031575	0.025362	0.032898	0.020435	0.029655	0.011721	0.00161	0.034464	0.001254	0.016481	0.019499	0.024344	0.004371	0.013084	0.010717	0.01567	0.000728	0.034033	0.009796	0.030213	0.019494	0.02432	0.036242	0.019296	0.027725	0.03055	0.00461	0.012737	0.031784	0.03388	0.016361	0.014336	0.021525	0.003204	0.003868	0.020666	0.032104	0.02174	0.010868	
0.020038	0.003947	0.037964	0.023618	0.009666	0.011277	0.021324	0.003174	0.036785	0.031551	0.015521	0.027547	0.020225	0.012979	0.031948	0.033793	0.025683	0.009691	0.022725	0.004441	0.006813	0.002478	0.010759	0.006691	0.02973	0.002933	0.000562	0.011463	0.017754	0.022679	0.038692	0.028814	0.031175	0.011012	0.011271	0.003608	0.027482	0.015989	0.036661	0.002041	0.002884	0.034748	0.028307	0.030024	0.015182	0.028738	0.033137	0.031405	0.035356	0.037715	
0.038149	0.024417	0.014125	0.012424	0.03828	0.001965	0.032557	0.030687	0.005885	0.02556	0.011275	0.027275	0.016006	0.008653	0.01309	0.014071	0.004516	0.000947	0.017296	0.004295	0.013371	0.01946	0.016694	0.03255	0.011501	0.034393	0.033554	0.018089	0.02277	0.008632	0.016511	0.035284	0.034238	0.013254	0.013057	0.010923	0.02916	0.032547	0.028941	0.014788	0.007344	0.001999	0.003495	0.03823	0.011556	0.025773	0.029717	0.034878	0.038425	0.027393	
0.030774	0.003104	0.012825	0.032485	0.03225	0.033945	0.027209	0.009132	0.013106	0.002386	0.034295	0.017004	0.023847	0.01991	0.031288	0.030826	0.027603	0.017571	0.026962	0.018807	0.012885	0.031682	0.018782	0.033503	0.028449	0.021807	0.011518	0.025547	0.029129	0.00983	0.015135	0.033599	0.011299	0.00875	0.004812	0.028692	0.027735	0.027386	0.018865	0.025826	0.015931	0.010281	0.016438	3.9e-05	0.012652	0.030491	0.007134	0.003823	0.004211	0.02844	
0.023181	0.03519	0.033868	0.026749	0.027126	0.001847	0.022239	0.016094	0.015841	0.032543	0.023691	0.026473	0.002981	0.027278	0.015973	0.024137	0.017205	0.025704	0.030842	0.008649	0.010805	0.005005	0.019083	0.001356	0.005621	0.001173	0.006916	0.006203	0.030369	0.022491	0.029634	0.034317	0.005719	0.027028	0.02877	0.012757	0.022632	0.018992	0.029171	0.029725	0.009709	0.011748	0.029466	0.025224	0.015025	0.032511	0.035108	0.031145	0.007694	0.016992	
0.000339	0.024276	0.003206	0.026707	0.034603	0.013997	0.01184	0.002312	0.005333	0.011361	0.024445	0.029312	0.029523	0.028712	0.029662	0.015453	0.022633	0.024911	0.033377	0.015741	0.02252	0.010678	0.005655	0.015934	0.016912	0.028229	0.026608	0.025626	0.017775	0.031721	0.006719	0.033988	0.010109	0.028439	0.029696	0.012049	0.031358	0.027876	0.027375	0.032637	0.031924	0.017526	0.028012	0.012698	0.013579	0.005543	0.018185	0.030709	0.007352	0.004825	
0.027978	0.001671	0.039937	0.029026	0.027042	0.033106	0.00895	0.012415	0.006424	0.030876	0.01926	0.023676	0.024339	0.011802	0.011153	0.008058	0.010511	0.033282	0.001346	0.039429	0.003251	0.015196	0.009646	0.035159	0.017002	0.038537	0.018359	0.004443	0.016071	0.023206	0.029851	0.034245	0.03886	0.005426	0.032923	0.027368	0.007537	0.002404	0.026885	0.010425	0.032106	0.008906	0.010143	0.004737	0.012864	0.019336	0.035617	0.010657	0.038972	0.029587	
0.044908	0.027652	0.018172	0.00557	0.011439	0.037164	0.007616	0.02784	0.007611	0.036259	0.002636	4.2e-05	0.005756	0.027841	0.005141	0.00389	0.022578	0.004481	0.026383	0.038118	0.0231	0.013904	0.003217	0.004361	0.037855	0.040158	0.015106	0.0085	0.021027	0.024319	0.003697	0.0077	0.048297	0.04645	0.023677	0.001928	0.038292	0.004881	0.040353	0.001167	0.02723	0.01798	0.032972	0.039606	0.005555	0.026125	0.006287	0.022909	0.044514	0.007736	
0.007369	0.002267	0.016116	0.005624	0.00889	0.000616	0.027447	0.014054	0.005182	0.033557	0.034681	0.003711	0.025332	0.02497	0.021907	0.023452	0.037453	0.024702	0.033965	0.037524	0.024514	0.008965	0.00547	0.017924	0.03449	0.001025	0.003616	0.031077	0.010128	0.031858	0.008932	0.012282	0.037366	0.031279	0.007939	0.032109	0.027623	0.007613	0.016336	0.024988	0.029277	0.01723	0.035429	0.011801	0.037314	0.024655	0.019694	0.021389	0.025232	0.013626	
0.019121	0.016181	0.017936	0.00396	0.01264	0.023887	0.018481	0.036812	0.01144	0.026326	0.012405	0.031693	0.010136	0.004654	0.004743	0.006908	0.004429	0.02449	0.014743	0.023143	0.010493	0.027937	0.038593	0.000846	0.014362	0.033365	0.036481	0.010916	0.019497	0.033955	0.036121	0.018543	0.001219	0.039483	0.025278	0.028323	0.020137	0.014081	0.030282	0.024295	0.009094	0.040601	0.02637	9.6e-05	0.000261	0.025376	0.027775	0.035548	0.019028	0.027516	
0.009047	0.03356	0.008503	0.026539	0.001613	0.037371	0.002856	0.016142	0.032001	0.02908	0.011539	0.007939	0.037203	0.036553	0.010333	0.020318	0.002183	0.002955	0.038704	0.021441	0.026083	0.003797	0.029953	0.030364	0.029257	0.012461	0.028845	0.028371	0.011019	0.032213	0.006991	0.016128	0.028586	0.007343	0.030636	0.038957	0.036353	0.031683	0.038779	0.000444	0.013428	0.003689	0.01856	0.017238	0.015036	0.036526	0.022763	0.009752	0.004459	0.004406	
0.023106	0.008371	0.021832	0.010073	0.020898	0.037933	0.024739	0.032475	0.028954	0.038149	0.001195	0.004393	0.002436	0.039349	0.010535	0.023289	0.006618	0.030188	0.001042	0.018199	0.008231	0.003733	0.002812	0.021176	0.018349	0.039279	0.020208	0.022246	0.021663	0.03159	0.007127	0.035237	0.014688	0.027692	0.002093	0.024052	0.039004	0.036344	0.021693	0.037558	0.016729	0.035632	0.004963	0.018578	0.013432	0.01574	0.033654	0.018399	0.014127	0.010197	
0.026485	0.005839	0.011994	0.024129	0.023717	0.039763	0.003957	0.008393	0.027432	0.018219	0.037723	0.003321	0.015598	0.009757	0.03151	0.017921	0.028938	0.026613	0.027488	0.008001	0.037942	0.030246	0.000738	0.023456	0.018124	0.012733	0.006619	0.00889	0.020884	0.004754	0.015045	0.023667	0.038712	0.000704	0.033933	0.004134	0.004494	0.031279	0.030034	0.03043	0.024562	0.036793	0.011742	0.015523	0.034865	0.012184	0.032518	0.006277	0.02555	0.02637	
0.037519	0.006952	0.016115	0.006336	0.022354	0.007073	0.010806	0.033074	0.025385	0.027511	0.021996	8.5e-05	0.024612	0.03044	0.006328	0.028629	0.018352	0.030719	0.035577	0.030583	0.00021	0.005819	0.022914	0.033311	0.033368	0.03504	0.034664	0.017936	0.003817	0.014755	0.012276	0.036952	0.00601	0.017099	0.001062	0.002587	0.022207	0.017431	0.0196	0.023265	0.00285	0.013646	0.031101	0.023044	0.037793	0.027175	0.034721	0.008564	0.02882	0.011517	
0.000322	0.008663	0.010274	0.039772	0.021263	0.024135	0.032855	0.026845	0.024418	0.023066	0.02466	0.02434	0.003921	0.037094	0.033603	0.025203	0.034438	0.028411	0.012701	0.01083	0.020824	0.009826	0.016617	0.022865	0.038269	0.023676	0.023846	0.038587	0.008244	0.013166	0.013963	0.000774	0.007371	0.025382	0.005282	0.004923	0.008969	0.038441	0.023917	0.014817	0.00535	0.016346	0.025699	0.000152	0.022442	0.019433	0.039352	0.013994	0.023426	0.027233	
0.024966	0.03519	0.028783	0.012954	0.004692	0.020628	0.033841	0.037453	0.00913	0.027482	0.009359	0.010723	0.004755	0.019929	0.019788	0.011311	0.010746	0.035445	0.028384	0.02571	0.036863	0.027731	0.012968	0.016032	0.018571	0.020458	0.028422	0.013154	0.024051	0.000216	0.034661	0.021261	0.018539	0.008688	0.004507	0.018033	0.026722	0.025877	0.002316	0.015407	0.008952	0.027823	0.034891	0.019019	0.022897	0.003681	0.013308	0.01406	0.036562	0.033061	
0.026033	0.003856	0.016197	0.037856	0.037779	0.034233	0.033706	0.03384	0.019287	0.015756	0.035896	0.032906	0.002564	0.029511	0.002939	0.014143	0.022785	0.005393	0.003254	0.037892	0.008877	0.024038	0.013632	0.021713	0.027964	0.000149	0.004328	0.007295	0.01712	0.029816	0.009816	0.019213	0.038213	0.037602	0.026825	0.028074	0.018516	0.017748	0.03165	0.011755	0.000238	0.021761	0.034115	0.012032	0.004	0.013597	0.018121	0.006573	0.014293	0.0351	
0.014642	0.035139	0.031002	0.014707	0.007686	0.029927	0.014952	0.025253	0.012122	0.012219	0.002917	0.017122	0.027028	0.026758	0.03487	0.003193	0.031318	0.010298	0.014833	0.03469	0.006772	0.027161	0.006749	0.031169	0.029614	0.009676	0.003231	0.02882	0.021864	0.030674	0.0082	0.006949	0.032532	0.002675	0.031494	0.027546	0.02425	0.002179	0.015176	0.032632	0.035288	0.026003	0.002848	0.032939	0.022485	0.015636	0.023272	0.004517	0.025173	0.0318	
0.032465	0.004594	0.012472	0.004782	0.008813	0.023821	0.016256	0.012807	0.027708	0.02781	0.019625	0.004392	0.006881	0.00025	0.019042	0.018615	0.034696	0.022294	0.026909	0.02146	0.028175	0.035301	0.013664	0.000811	0.021511	0.003235	0.007366	0.009015	0.032626	0.03118	0.030705	0.030959	0.005796	0.008125	0.030209	0.007516	0.035542	0.029312	0.006605	0.021779	0.028607	0.023761	0.030644	0.030275	0.023737	0.010539	0.025319	0.023474	0.034649	0.033871	
0.028506	0.030436	0.032721	0.004804	0.028312	0.017312	0.027206	0.03304	0.01691	0.016573	0.030336	0.033857	0.002805	0.020423	0.009678	0.007731	0.010007	0.027841	0.02128	0.010601	0.0161	0.008028	0.007873	0.01041	0.021646	0.034583	0.034507	0.030733	0.008496	0.006861	0.002518	0.009788	0.028553	0.025227	0.026565	0.029371	0.015303	0.011932	0.006326	0.032966	0.027512	0.015883	0.013974	0.011322	0.021176	0.028246	0.028329	0.030381	0.028475	0.016537	
0.033106	0.011028	0.00987	0.022251	0.00968	0.004901	0.004701	0.017013	0.034641	0.033559	0.039834	0.034508	0.009955	0.025255	0.012534	0.004496	0.013074	0.000614	0.03038	0.00178	0.006802	0.019078	0.020364	0.022909	0.028794	0.009938	0.030447	0.017165	0.0332	0.032813	0.039791	0.01064	0.011589	0.024109	0.001234	0.028896	0.035422	0.029191	0.011664	0.033836	0.0066	0.023187	0.023731	0.010612	0.034934	0.010676	0.037639	0.021739	0.029609	0.000211	
0.021207	0.01812	0.011221	0.029195	0.029181	0.019881	0.03224	0.024858	0.026468	0.012886	0.014954	0.030095	0.033558	0.022053	0.001472	0.00297	0.022524	0.002902	0.025351	0.032303	0.025391	0.016428	0.031729	0.025049	0.030676	0.025428	0.011044	0.019186	0.012401	0.018608	0.020247	0.003359	0.002139	0.020175	0.005239	0.006598	0.024575	0.018523	0.003958	0.024571	0.027603	0.000214	0.033683	0.032552	0.020835	0.017365	0.026887	0.029843	0.032266	0.019989	
0.007443	0.002434	0.004117	0.024864	0.023777	0.037659	0.02595	0.008136	0.03232	0.019017	0.006811	0.035264	0.033264	0.040496	0.010395	0.033206	0.027604	0.037242	0.031375	0.034378	0.034542	0.003863	0.019411	0.028479	0.026066	0.017205	0.023888	0.025797	0.002021	0.005296	0.029177	0.004886	0.007062	0.001409	0.022321	0.007976	0.036014	0.024772	0.02054	0.029423	0.008266	0.011507	0.000972	0.039062	0.001592	0.002873	0.021858	0.019046	0.026716	0.022208	
0.009472	0.021356	0.033886	0.027108	0.030259	0.011561	0.018009	0.028008	0.004026	0.021117	0.004996	0.018155	0.024291	0.024593	0.020392	0.004062	0.014466	0.035113	0.01379	0.034898	0.00729	0.01531	0.03024	0.003995	0.010863	0.007891	0.022736	0.032722	0.030208	0.012151	0.012719	0.03266	0.029515	0.016525	0.014548	0.001352	0.001825	0.023244	0.013158	0.018115	0.028339	0.026903	0.02468	0.030129	0.028794	0.013575	0.023651	0.031482	0.027605	0.028217	
0.028318	0.012219	0.02415	0.006206	0.037719	0.018648	0.013907	0.020053	0.032126	0.027483	0.043086	0.026246	0.01815	0.030592	0.032756	0.019264	0.035624	0.000718	0.015819	0.018877	0.006095	0.013831	0.001468	0.006732	0.005491	0.003182	0.041115	0.015836	0.002343	0.036672	0.000687	0.042378	0.001626	0.008426	0.002311	0.017747	0.014967	0.044616	0.012816	0.010989	0.00051	0.012323	0.034472	0.040851	0.005856	0.043073	0.037316	0.001054	0.043529	0.029727	
0.031263	0.016697	0.00882	0.029063	0.003745	0.035023	0.025091	0.029224	0.010661	0.003704	0.031346	0.026327	0.019637	0.028737	0.03395	0.005827	0.010318	0.018501	0.006624	0.005957	0.012912	0.002361	0.003814	0.030707	0.030764	0.031281	0.024409	0.009332	0.026256	0.031358	0.031301	0.008598	0.01961	0.015549	0.033398	0.02508	0.00955	0.004406	0.01847	0.028022	0.020895	0.019352	0.000991	0.027463	0.026496	0.009888	0.027166	0.028624	0.029036	0.032396	
0.034316	9.8e-05	0.030215	0.027183	0.036381	0.006364	0.005121	0.034785	0.023856	0.009948	0.01845	0.022043	0.003122	0.003633	0.010517	0.021186	0.018742	0.023363	0.011866	0.021417	0.00808	0.035376	0.03281	0.009439	0.001727	0.025904	0.028297	0.029679	0.005203	0.036441	0.002185	0.027756	0.034439	0.027847	0.025838	0.027373	0.015729	0.015964	0.033484	0.029203	0.023916	0.038123	0.01768	0.006001	0.010722	0.017264	0.027883	0.011286	0.014252	0.017493	
0.021264	0.036844	0.000176	0.038917	0.001735	0.004165	0.016128	0.008271	0.026656	0.006642	0.028615	0.007366	0.008714	0.015697	0.015159	0.033511	0.015051	0.015797	0.011804	0.02706	0.008024	0.025523	0.035651	0.037666	0.028277	0.03233	0.013365	0.025088	0.035692	0.034021	0.012834	0.03403	0.018483	0.038747	0.004626	0.004884	0.028702	0.033083	0.02652	0.036428	0.013706	0.007113	0.00435	0.01629	0.024396	0.020169	0.003134	0.015941	0.031706	0.009649	
0.01549	0.031054	0.025542	0.020562	0.029908	0.000995	0.026431	0.009894	0.016514	0.004281	0.037081	0.006526	0.002418	0.028465	0.013411	0.020124	0.006141	0.014986	0.036228	0.038626	0.000902	0.023761	0.030921	0.009115	0.013886	0.030287	0.001977	0.033938	0.01214	0.028195	0.006578	0.038476	0.023348	0.019453	0.019603	0.027605	0.025992	0.027895	0.027814	0.016415	0.000166	0.004533	0.035119	0.019424	0.038884	0.009383	0.038427	0.007626	0.022433	0.021027	
0.018727	0.001592	0.003754	0.022819	0.019204	0.014377	0.004343	0.030939	0.004415	0.02135	0.037956	0.036725	0.003704	0.003249	0.01063	0.027831	0.034663	0.008454	0.041122	0.037514	0.000789	0.008154	0.027743	0.036011	0.015222	0.016336	0.042025	0.006624	0.013701	0.01391	0.023417	0.040091	0.039156	0.015847	0.016496	0.034239	0.003152	0.023272	0.008449	0.035184	0.015823	0.002157	0.026684	0.017859	0.024665	0.01279	0.008772	0.03652	0.043044	0.0085	
0.009836	0.015082	0.00544	0.008885	0.034591	0.013429	0.031675	0.032777	0.015695	0.022148	0.030754	0.025862	0.004223	0.034035	0.025668	0.026752	0.031453	0.001589	0.002969	0.024858	0.01607	0.007405	0.025814	0.016988	0.012719	0.009732	0.024864	0.01356	0.033057	0.028903	0.015167	0.025986	0.033348	0.028589	0.002057	0.025141	0.015003	0.03269	0.021337	0.02294	0.031383	0.008423	0.014068	0.02157	0.011299	0.034282	0.011745	0.032889	0.012376	0.012874	
0.032917	0.030202	0.011862	0.001897	0.011825	0.036517	0.023829	0.029112	0.029761	0.034695	0.031866	0.034541	0.003611	0.010199	0.019448	0.026995	0.023665	0.021153	0.022597	0.012898	0.014335	0.026835	0.023777	0.006456	0.004761	0.03434	0.032275	0.002257	0.032872	0.012107	0.033155	0.009931	0.009759	0.035173	0.00148	0.023001	0.017276	0.025826	0.029864	0.002162	0.017838	0.001357	0.020645	0.019252	0.003688	0.018554	0.02999	0.027644	0.007486	0.026314	
0.034779	0.02427	0.016456	0.020105	0.03017	0.02333	0.006911	0.017092	0.004026	0.023591	0.022784	0.016434	0.023239	0.006244	0.034261	0.000503	0.008841	0.030609	0.024855	0.016518	0.030509	0.030511	0.011905	0.028102	0.00105	0.02581	0.032868	0.030146	0.009649	0.007081	0.007808	0.019305	0.016454	0.035175	0.005688	0.021634	0.010686	0.012736	0.022282	0.031076	0.010592	0.026735	0.02178	0.029699	0.037327	0.005966	0.016888	0.036238	0.022297	0.016985	
0.016989	0.039042	0.009003	0.004865	0.01018	0.016923	0.026054	0.03013	0.004122	0.006394	0.001674	0.00781	0.010505	0.038084	0.042532	0.02159	0.019845	0.036992	0.037427	0.039567	0.002539	0.045162	0.018079	0.010983	0.002699	0.009948	0.008574	0.017685	0.02307	0.004761	0.031955	0.031593	0.033929	0.040327	0.02128	0.004844	0.019346	0.037499	0.021724	0.023967	0.02427	0.004453	0.022773	0.009333	0.0082	0.034787	0.022085	0.028368	0.004683	0.011356	
0.030962	0.001214	0.017382	0.035963	0.028308	0.004642	0.029894	0.009566	0.037675	0.038223	0.007802	0.027054	0.031601	0.016001	0.010823	0.01299	0.026603	0.034681	0.039223	0.016057	0.021489	0.017119	0.032942	0.013579	0.019256	0.002409	0.035192	0.022548	0.021772	0.016475	0.008812	0.011317	0.014146	0.017335	0.016579	0.026548	0.029145	0.008478	0.037494	0.001808	0.004091	0.003244	0.013633	0.030345	0.009267	0.007065	0.018179	0.026057	0.028974	0.028038	
0.011448	0.003746	0.003138	0.026185	0.028919	0.004228	0.028499	0.006154	0.024072	0.010728	0.033744	0.000994	0.003388	0.006342	0.036152	0.008924	0.026173	0.037387	0.032135	0.000259	0.015139	0.012674	0.002465	0.034102	0.025062	0.023063	0.020132	0.020326	0.030713	0.020228	0.032325	0.034724	0.038863	0.01346	0.026959	0.026758	0.037814	0.029011	0.003016	0.002766	0.02444	0.003426	0.001754	0.035477	0.032938	0.03023	0.017217	0.031027	0.012978	0.028298	
0.026633	0.002619	0.016772	0.033397	0.029387	0.013116	0.018085	0.002799	0.034387	0.000151	0.01183	0.023154	0.036393	0.015088	0.013702	0.031295	0.001928	0.009786	0.007791	0.038191	0.018355	0.038319	0.035046	0.031801	0.026483	0.017922	0.039584	0.000232	0.006103	0.031138	0.006727	0.031681	0.028705	0.032735	0.008799	0.022856	0.02597	0.019709	0.001883	0.024356	0.023497	0.0083	0.015322	0.013614	0.021517	0.014104	0.00573	0.019648	0.032002	0.031358	
0.009778	0.013929	0.005984	0.005325	0.00674	0.003766	0.001195	0.043195	0.039695	0.043485	0.006348	0.011434	0.038868	0.008733	0.030772	0.037966	0.040867	0.001782	0.010295	0.009403	0.020525	0.024754	0.029263	0.049212	0.000561	0.002208	0.007312	0.047766	0.011957	0.040792	0.001982	0.021046	0.035094	0.00607	0.009585	0.032213	0.021263	0.023381	0.000368	0.038744	0.010427	0.043351	0.008018	0.009368	0.011463	0.028361	0.013712	0.044797	0.007413	0.029434	
0.011024	0.028202	0.006128	0.00715	0.015278	0.010389	0.003419	0.030107	0.035954	0.01938	0.034434	0.026174	0.025978	0.024175	0.031264	0.003755	0.014163	0.002192	0.026489	0.004859	0.004014	0.021452	0.018417	0.007598	0.024554	0.034475	0.017297	0.031529	0.012294	0.000276	0.026268	0.018342	0.027182	0.006851	0.015471	0.032365	0.030278	0.028866	0.02085	0.031669	0.036046	0.032442	0.03193	0.004309	0.029271	0.025609	0.011198	0.003714	0.036007	0.018912	
0.004522	0.007835	0.018643	0.006443	0.024555	0.014282	0.038358	0.021133	0.007153	0.037374	0.038246	0.010593	0.022545	0.02948	0.036205	0.006199	0.028927	0.008832	0.005433	0.027712	0.03555	0.012216	0.028607	0.012737	0.007844	0.028518	0.031929	0.036509	0.035411	0.00374	0.000678	0.001609	0.034905	0.00542	0.030241	0.009483	0.017503	0.020886	0.024262	0.012714	0.032304	0.022683	0.038293	0.005256	0.03568	0.017107	0.018952	0.013082	0.030884	0.000527	
0.02288	0.008612	0.026347	0.032967	0.013381	0.015002	0.017021	0.033421	0.006907	0.037563	0.017558	0.034448	0.030278	0.032688	0.028239	0.037784	0.03686	0.026822	0.003597	0.003637	0.025585	0.025929	0.037765	0.001197	0.002265	0.029047	0.018553	0.001688	0.000914	0.022496	0.011308	0.004913	0.005914	0.02129	0.030962	0.00811	0.002368	0.029534	0.017373	0.030701	0.031242	0.002574	0.000901	0.031287	0.031591	0.014333	0.007607	0.032063	0.026004	0.028474	
0.015165	0.02063	0.003613	0.043022	0.004393	0.005318	0.037696	0.037195	0.008902	0.005091	0.006377	0.001402	0.012321	0.007489	0.041906	0.021906	0.042481	0.019501	0.001298	0.004331	0.006873	0.008957	0.048911	0.045638	0.002461	0.03382	0.022355	0.02583	0.015117	0.031904	0.032195	0.023094	0.042256	0.017627	0.008753	0.027373	0.0258	0.029815	0.025292	0.001642	0.01067	0.036701	8.3e-05	0.008641	0.022976	0.021191	0.031671	0.02154	0.014686	0.016091	
0.00492	0.039697	0.024051	0.007964	0.011667	0.011651	0.020153	0.009278	0.021609	0.012396	0.002471	0.033121	0.0247	0.005834	0.029815	0.017234	0.015161	0.031112	0.017344	0.040614	0.01148	0.03021	0.025928	0.014968	0.033622	0.023366	0.03725	0.008603	0.004779	0.029068	0.014533	0.022883	0.029101	0.024216	0.032241	0.021015	0.034484	0.023208	0.01697	0.003904	0.02987	0.026218	0.018263	0.012846	0.032609	0.038827	0.005452	0.008738	0.002253	0.002303	
0.010698	0.01252	0.021973	0.033024	0.033934	0.018284	0.024448	0.011224	0.025829	0.014677	0.003618	0.034628	0.006845	0.022374	0.013176	0.029749	0.001477	0.012599	0.02714	0.012687	0.039795	0.004649	0.007238	0.023113	0.009871	0.021184	0.012648	0.038956	0.000549	0.000255	0.031692	0.004088	0.017716	0.035857	0.024076	0.025787	0.023019	0.020664	0.039526	0.0189	0.00207	0.020588	0.036562	0.002094	0.037571	0.011939	0.034684	0.034168	0.010071	0.039766	
0.03667	0.024341	0.012271	0.012267	0.010519	0.002866	0.007914	0.018588	0.032422	0.007342	0.021168	0.031926	0.02988	0.030364	0.017984	0.034552	0.010832	0.02208	0.015551	0.029681	0.018901	0.027949	0.033185	0.023558	0.015366	0.008678	0.010436	0.029044	0.020602	0.001915	0.03082	0.01527	0.026057	0.028774	0.028067	0.027112	0.008631	0.025	0.025389	0.028049	0.030204	0.030663	0.031509	0.012449	0.005608	0.001218	0.01308	0.016485	0.002641	0.014122	
0.03411	0.009983	0.014828	0.048895	0.011874	0.016978	0.014546	0.034874	0.002031	0.019455	0.002732	0.003896	0.010964	0.018688	0.01706	0.042569	0.04318	0.015598	0.045863	0.003397	0.002473	0.008189	0.020437	0.015129	0.00237	0.016854	0.008997	0.015629	0.010568	0.001443	0.034747	0.005845	0.023781	0.011402	0.004385	0.029966	0.036006	0.048413	0.04556	0.008669	0.011238	0.029911	0.04306	0.032493	0.012307	0.003734	0.030732	0.031875	0.032108	0.010158	
0.014072	0.031471	0.030466	0.028284	0.031102	0.018561	0.010037	0.00329	0.021988	0.000556	0.012517	0.029071	0.020034	0.030951	0.013294	0.000526	0.031445	0.026606	0.018201	0.024076	0.002432	0.032235	0.010574	0.006699	0.011116	0.028059	0.017837	0.026073	0.026973	0.026721	0.00918	0.007205	0.023045	0.028869	0.030657	0.017289	0.02858	0.01434	0.025062	0.016551	0.018497	0.030594	0.019939	0.028675	0.032238	0.030401	0.019255	0.021896	0.006747	0.005713	
0.024444	0.029503	0.018352	0.018598	0.001906	0.004188	0.027807	0.017804	0.020749	0.028821	0.009672	0.029985	0.022327	0.011366	0.013421	0.009728	0.000323	0.026669	0.013987	0.003906	0.035959	0.020622	0.021752	0.023002	0.002838	0.009284	0.006274	0.024185	0.023295	0.005792	0.009135	0.008736	0.018848	0.02499	0.014953	0.027414	0.027611	0.020097	0.035676	0.033939	0.026843	0.034789	0.018193	0.03689	0.034959	0.036658	0.01131	0.0327	0.009705	0.029995	
0.023723	0.027971	0.009629	0.034761	0.006891	0.016476	0.018183	0.018061	0.003611	0.01373	0.013029	0.030329	0.012003	0.014504	0.00868	0.033098	0.012653	0.024562	0.028261	0.007348	0.016045	0.015218	0.037361	0.024607	0.028084	0.005521	0.023482	0.017714	0.036817	0.022671	0.005575	0.010539	0.022396	0.018553	0.028231	0.030903	0.016959	0.035188	0.025188	0.028717	0.004766	0.004654	0.028005	0.02025	0.041161	0.01319	0.034146	0.005517	0.030085	0.010954	
0.027415	0.006036	0.021245	0.021475	0.030264	0.036812	0.035515	0.016163	0.013979	0.01741	0.029436	0.033961	0.039627	0.028336	0.02516	0.006244	0.002106	0.00743	0.005929	0.017103	0.01185	0.037531	0.030574	0.027832	0.007287	0.027369	0.010401	0.018881	0.007521	0.014621	0.018699	0.02871	0.012633	0.005266	0.022551	0.008837	0.005214	0.040802	0.018317	0.00911	0.028024	0.014381	0.020989	0.005946	0.032966	0.038984	0.016905	0.011082	0.022386	0.022685	
0.022063	0.027693	0.03325	0.027576	0.002118	0.005979	0.032136	0.006754	0.02901	0.004949	0.028756	0.012859	0.012076	0.017355	0.010049	0.002948	0.02066	0.013228	0.015622	0.029977	0.022523	0.0315	0.025238	0.009688	0.036114	0.010514	0.010651	0.028609	0.033826	0.02179	0.01271	0.014186	0.032821	0.027355	0.008968	0.00034	0.007897	0.025222	0.001855	0.014194	0.033721	0.030231	0.033367	0.034317	0.00567	0.016441	0.033401	0.034598	0.01375	0.033445	
0.029996	0.026053	0.035285	0.038115	0.034759	0.014808	0.006968	0.006342	0.037204	0.020544	0.005228	0.019908	0.031937	0.011494	0.019377	0.006886	0.032171	0.004293	0.02576	0.006896	0.031025	0.022744	1.7e-05	0.017809	0.007619	0.03084	0.015854	0.032273	0.026756	0.026912	0.022107	0.014704	0.037128	0.028905	0.006792	0.004097	0.019665	0.009075	0.005165	0.035576	0.016601	0.005283	0.032909	0.01816	0.011726	0.029789	0.006182	0.031362	0.011777	0.027124	
0.013499	0.030434	0.005759	0.035922	0.014649	0.006231	0.025238	0.000881	0.032018	0.022599	0.038378	0.021268	0.032285	0.037419	0.025785	0.02526	0.003436	0.033754	0.00172	0.012235	0.039465	0.029882	0.001095	0.01166	0.003034	0.001502	0.017599	0.033732	0.029886	0.014955	0.003732	0.042587	0.003863	0.002707	0.014686	0.025618	0.041231	0.018451	0.003762	0.019289	0.002422	0.015298	0.02273	0.026384	0.027643	0.028973	0.035591	0.012042	0.013341	0.03807	
0.010019	0.026096	0.026632	0.020059	0.024937	0.007558	0.037626	0.009397	0.004905	0.007816	0.022479	0.03164	0.033355	0.037526	0.017468	0.021382	0.034517	0.035159	0.018791	0.0073	0.035446	0.033337	0.009061	0.008745	0.032453	0.032342	0.025811	0.015595	0.018731	0.031298	0.007564	0.009524	0.005744	0.006161	0.01781	0.011432	0.005043	0.012168	0.008668	0.000505	0.020653	0.028403	0.036832	0.020707	0.01928	0.025515	0.022827	0.037801	0.017943	0.007939	
0.028367	0.007319	0.030195	0.027295	0.019988	0.018134	0.018986	0.028489	0.026678	0.033798	0.020157	0.014452	0.019174	0.028048	0.013237	0.000186	0.020119	0.001534	0.023204	0.011122	0.007774	0.007654	0.019142	0.020771	0.030419	0.011146	0.03849	0.033953	0.003556	0.007085	0.021154	0.038343	0.030588	0.016051	0.028694	0.03909	0.019811	0.014571	0.027474	7.2e-05	0.016109	0.031625	0.018097	0.003637	0.00134	0.030132	0.025826	0.033393	0.017594	0.015927	
0.029172	0.014976	0.009489	0.019499	0.027215	0.021169	0.003434	0.024012	0.011813	0.016257	0.013615	0.030361	0.017114	0.026319	0.020168	0.025044	0.017212	0.020987	0.022983	0.008182	0.022296	0.014516	0.020113	0.024392	0.007764	0.029195	0.030296	0.029634	0.015868	0.015918	0.024142	0.0276	0.031417	0.019216	0.012409	0.030282	0.029145	0.023311	0.014258	0.027345	0.002456	0.018774	0.029076	0.031699	0.00405	0.019159	0.024449	0.028444	0.007789	0.005966	
0.032813	0.023608	0.000705	0.037969	0.033954	0.022294	0.021302	0.018993	0.033625	0.001124	0.006119	0.017	0.015224	0.028944	0.03843	0.01281	0.025274	0.023227	0.004668	0.010692	0.02121	0.007099	0.033961	0.016129	0.032049	0.010678	0.035571	0.000189	0.03647	0.030497	0.032431	0.017918	0.016692	0.018157	0.004752	0.024669	0.009248	0.031418	0.017552	0.021687	0.003967	0.003676	0.011715	0.019644	0.023697	0.031384	0.031064	0.00238	0.011146	0.034175	
0.012753	0.036776	0.014555	0.037801	0.011249	0.01657	0.002944	0.035299	0.016336	0.035917	0.017224	0.019788	0.013758	0.020327	0.029815	0.026652	0.012241	0.035522	0.006398	0.01117	0.029066	0.03942	0.023262	0.009169	0.028928	0.010204	0.006266	0.022813	0.009226	0.025168	0.02547	0.026835	0.008091	0.032495	0.038139	0.003223	0.024645	0.038046	0.005696	0.0163	0.000914	0.004346	0.032388	0.030879	0.013643	0.021874	0.023947	0.024468	0.007689	0.004295	
0.036626	0.036908	0.004301	0.016951	0.025268	0.030223	0.020251	0.011509	0.02578	0.010258	0.033438	0.015592	0.033727	0.000833	0.036699	0.028891	0.017789	0.002025	0.009252	0.004193	0.015268	0.028599	0.01229	0.011682	0.023356	0.000433	0.020191	0.0146	0.033012	0.02006	0.024513	0.008743	0.028028	0.020515	0.032098	0.021145	0.00251	0.014884	0.025188	0.010364	0.031131	0.025231	0.021101	0.03323	0.032361	0.015043	0.005196	0.036205	0.009947	0.022562	
0.024922	0.019271	0.017174	0.029771	0.015759	0.011896	0.032222	0.026611	0.003098	0.021214	4.1e-05	0.013439	0.026292	0.005389	0.012039	0.011215	0.030394	0.042793	0.037777	0.000347	0.03276	0.009733	0.026027	0.040936	0.018457	0.024001	0.014181	0.016289	0.027752	0.017955	0.009263	0.004055	0.004914	0.009491	0.02649	0.013977	0.006214	0.03584	0.002349	0.04005	0.017558	0.029503	0.009512	0.035419	0.012697	0.037453	0.02768	0.02717	0.020943	0.019667	
0.025876	0.014134	0.019952	0.011008	0.026255	0.0233	0.001059	0.023864	0.009398	0.028867	0.026618	0.02908	0.016503	0.009727	0.030529	0.0297	0.035969	0.018828	0.02913	0.019187	0.032459	0.007378	0.031112	0.021569	0.014632	0.017641	0.018934	0.02704	0.02911	0.0242	0.014504	0.031094	0.015235	0.00957	0.03582	0.025641	0.034079	0.013899	0.007794	0.01081	0.030548	0.017173	0.004069	0.016731	0.004268	0.019245	0.020041	0.018718	0.011281	0.006421	
0.03046	0.023693	0.018136	0.014667	0.028747	0.004704	0.009459	0.019499	0.010164	0.0062	0.024243	0.024985	0.000626	0.017957	0.034049	0.022968	0.007916	0.033119	0.011758	0.034841	0.011646	0.029186	0.029387	0.02571	0.013902	0.026043	0.007198	0.034634	0.02035	0.011712	0.007683	0.024221	0.030646	0.034867	0.020359	0.025454	0.008679	0.005518	0.024362	0.008555	0.016216	0.0326	0.028249	0.031206	0.030005	0.021596	0.018942	0.024614	0.012769	0.0055	
0.006743	0.027073	0.032055	0.00461	0.033728	0.032753	0.026857	0.027126	0.025532	0.026096	0.036575	0.014508	0.009189	0.028899	0.033002	0.033667	0.01915	0.009729	0.025876	0.025232	0.030875	0.01869	0.001333	0.005406	0.00501	0.033043	0.034679	0.006793	0.02871	0.008021	0.017868	0.002799	0.003079	0.002075	0.033746	0.014507	0.026233	0.029489	0.000302	0.021302	0.022555	0.021611	0.030989	0.000484	0.004502	0.027975	0.017497	0.036528	0.031605	0.003894	
0.022258	0.00704	0.022723	0.03379	0.036354	0.021895	0.025358	0.016806	0.033419	0.003109	0.013232	0.029581	0.00921	0.00892	0.008041	0.009944	0.025705	0.030789	0.030186	0.022897	0.035096	0.021714	0.019605	0.026433	0.011045	0.031369	0.020224	0.029548	0.002803	0.022007	0.019824	0.011366	0.00129	0.007535	0.035047	0.011487	0.031086	0.017489	0.036901	0.001938	0.001314	0.02031	0.038387	0.006893	0.012165	0.033891	0.023988	0.031738	0.014136	0.012114	
0.037861	0.017978	0.011995	0.017836	0.007118	0.025307	0.034321	0.019239	0.025008	0.036218	0.006912	0.017893	0.021427	0.023506	0.031482	0.002467	0.026358	0.019901	0.041517	0.044271	0.029064	0.001726	0.004796	0.00753	0.03544	0.01678	0.00681	0.019301	0.009867	0.012358	0.004556	0.001236	0.021938	0.006743	0.004824	0.02405	0.023444	0.008897	0.006659	0.009282	0.026104	0.026145	0.012788	0.008602	0.037485	0.042952	0.046393	0.027965	0.01863	0.02902	
0.02947	0.013886	0.012418	0.005353	0.023226	0.012016	0.011172	0.004532	0.016056	0.023653	0.031872	0.02372	0.032688	0.006202	0.01405	0.001951	0.007188	0.019133	0.026581	0.026866	0.034286	0.039198	0.030046	0.023282	0.026483	0.003736	0.0157	0.019656	0.018036	0.012786	0.031653	0.015999	0.002221	0.002242	0.009406	0.02837	0.016751	0.025681	0.017637	0.04085	0.038762	0.020457	0.001639	0.018304	0.031174	0.022855	0.013365	0.041998	0.012335	0.043059	
0.01634	0.013831	0.003468	0.032651	0.008521	0.005878	0.038989	0.04199	0.00581	0.031325	0.033454	0.013474	0.01479	0.031088	0.015161	0.005846	0.035302	0.000718	0.035061	0.021398	0.04019	0.028636	0.035776	0.014674	0.038042	0.012333	0.002544	0.011679	0.00198	0.018179	0.033397	0.004456	0.038392	0.009135	0.030855	0.01668	0.013817	0.021624	0.000791	0.020856	0.03241	0.016885	0.001115	0.000604	0.016588	0.039878	0.019173	0.009295	0.021739	0.043182	
0.005703	0.008621	0.019348	0.001449	0.031948	0.032	0.018537	0.020422	0.025798	0.000765	0.030346	0.00802	0.016849	0.005618	0.038973	0.009712	0.025618	0.020717	0.015673	0.011358	0.008046	0.029862	0.026532	0.010164	0.027381	0.03017	0.039354	0.003302	0.017256	0.005006	0.03833	0.040389	0.023887	0.029378	0.005168	0.025583	0.017298	0.028949	0.036085	0.027117	0.025883	0.002885	0.020909	0.037427	0.012947	0.011846	0.020926	0.012685	0.031456	0.006304	
0.023809	0.021607	0.024594	0.009296	0.002147	0.032465	0.034907	0.014729	0.027528	0.023339	0.006714	0.03024	0.014448	0.017186	0.025209	0.011246	0.010811	0.016106	0.031596	0.015659	0.016175	0.020549	0.030636	0.026678	0.001332	0.012878	0.012608	0.03485	0.022073	0.004498	0.012616	0.022325	0.030977	0.010183	0.009975	0.025526	0.012727	0.027277	0.008567	0.019093	0.031678	0.026259	0.019825	0.033562	0.007738	0.01619	0.009816	0.030852	0.035812	0.033089	
0.008798	0.032993	0.01315	0.007828	0.031075	0.024628	0.012753	0.031893	0.029756	0.000931	0.025227	0.031937	0.003575	0.025938	0.01001	0.029651	0.028982	0.029683	0.027177	0.02807	0.011523	0.003052	0.035054	0.00117	0.029351	0.021989	0.000641	0.016809	0.010009	0.031225	0.025405	0.035835	0.009966	0.023101	0.019248	0.030613	0.002719	0.023949	0.01797	0.028147	0.011999	0.006059	0.019998	0.017605	0.03377	0.003201	0.029608	0.030754	0.009222	0.025953	
0.030945	0.00134	0.04118	0.014833	0.025852	0.011129	0.045441	0.013104	0.041271	0.015287	0.000226	0.009612	0.04423	0.007507	0.01241	0.028745	0.015847	0.009505	0.009428	0.044942	0.034035	0.040277	0.003695	0.005396	0.042394	0.026393	0.004615	0.008976	0.0069	0.01665	0.031372	0.012104	0.014306	0.005988	0.04016	0.00582	0.000611	0.014164	0.007016	0.03472	0.026827	0.005343	0.028682	0.036791	0.028765	0.005183	0.033859	0.017673	0.01514	0.023311	
0.033833	0.039953	0.017871	0.033398	0.021879	0.029681	0.014672	0.038838	0.004737	0.020974	0.024967	0.014706	0.018471	0.005147	0.012654	0.03185	0.0264	0.011159	0.013755	0.00947	0.00503	0.014819	0.02218	0.02988	0.004834	0.033225	0.011534	0.005685	0.038997	0.031085	0.035877	0.024345	0.024637	0.027595	0.028346	0.011168	0.004933	0.030389	0.025717	0.000562	0.01721	0.010749	0.021349	0.024458	0.009232	0.035539	0.021054	0.010263	0.009767	0.005126	
0.012874	0.007537	0.027801	0.002661	0.010191	0.008457	0.036472	0.018992	0.021156	0.02636	0.027371	0.008956	0.000539	0.029242	0.035295	0.005533	0.035448	0.008848	0.01368	0.021763	0.033426	0.002082	0.021033	0.001936	0.025631	0.024792	0.004207	0.022029	0.032734	0.034518	0.035815	0.026345	0.027487	0.029594	0.034228	0.029954	0.031287	0.024908	0.01917	0.005773	0.025248	0.026097	0.012113	0.014776	0.011193	0.00362	0.006955	0.028271	0.010605	0.034997	
0.001346	0.030851	0.019224	0.025567	0.000679	0.025903	0.033721	0.037526	0.032804	0.041815	0.017303	0.022913	0.027726	0.003978	0.037102	0.039091	0.036899	0.035124	0.003172	0.023215	0.00253	0.011888	0.032446	0.020027	0.036709	0.03626	0.038243	0.005094	0.013987	0.003855	0.013172	0.025147	0.010231	0.01097	0.007877	0.013035	0.022247	0.006218	0.020111	0.009492	0.006326	0.008131	0.040386	0.034787	0.003417	0.001935	0.002879	0.012271	0.018051	0.036319	
0.031925	0.006628	0.012039	0.006381	0.012689	0.022685	0.031745	0.004353	0.024743	0.014758	0.027717	0.021201	0.015007	0.007288	0.032095	0.015647	0.023352	0.012218	0.026801	0.024328	0.019723	0.022176	0.019077	0.031648	0.032334	0.027432	0.018348	0.028001	0.026881	0.002561	0.01643	0.022622	0.027857	0.007643	0.012294	0.030706	0.029574	0.021723	0.025062	0.018563	0.002291	0.029893	0.00869	0.028923	0.006729	0.031727	0.032936	0.024772	0.019671	0.000113	
0.026827	0.000337	0.037149	0.008196	0.029165	0.003028	0.037993	0.022684	0.010286	0.00914	0.009784	0.029094	0.010603	0.032564	0.008824	0.005251	0.033035	0.024443	0.031879	0.001725	0.037715	0.000429	0.006043	0.012916	0.02788	0.031564	0.012383	0.019234	0.006013	0.027745	0.006916	0.01834	0.013264	0.036435	0.036741	0.033452	0.002211	0.03362	0.015665	0.026292	0.023521	0.032618	0.027518	0.031036	0.009149	0.0165	0.035653	0.001356	0.009335	0.036449	
0.009137	0.032033	0.026494	0.021902	0.034184	0.018691	0.000987	0.039727	0.012544	0.002663	0.03178	0.035891	0.03066	0.006262	0.019491	0.02134	0.025527	0.020226	0.021272	0.010685	0.037371	0.01176	0.013547	0.011272	0.025524	0.002196	0.013692	0.035633	0.025655	0.028739	0.019285	0.025093	0.016638	0.001328	0.034845	0.036263	0.038904	0.007805	0.007301	0.016355	0.003214	0.002895	0.022079	0.008856	0.001521	0.032111	0.037727	0.013198	0.026438	0.021259	
0.014834	0.004574	0.006604	0.03459	0.021034	0.016989	0.000677	0.024355	0.006623	0.002986	0.023642	0.042159	0.025208	0.014558	0.023228	0.039981	0.010272	0.0405	0.027035	0.010999	0.028978	0.023658	0.0403	0.002055	0.023462	4.9e-05	0.00799	0.038107	0.039526	0.002961	0.025338	0.00646	0.010914	0.042951	0.021692	0.019192	0.019768	0.008007	0.003101	0.017552	0.023467	0.022574	0.037856	0.037219	0.007157	0.004071	0.004413	0.030127	0.033913	0.026294	
0.007463	0.000616	0.035074	0.010396	0.030527	0.030363	0.01371	0.019445	0.020112	0.037547	0.007211	0.005643	0.010513	0.019602	0.03292	0.030652	0.010966	0.030498	0.03068	0.032566	0.006472	0.011113	0.036765	0.033472	0.028059	0.000105	0.02218	0.018143	0.032106	0.003839	0.01592	0.003084	0.016346	0.013221	0.011812	0.018825	0.026728	0.024972	0.024176	0.025117	0.035653	0.011678	0.007944	0.02695	0.012416	0.037423	0.020036	0.028565	0.021085	0.009291	
0.004204	0.013861	0.020791	0.014331	0.017524	0.034975	0.012753	0.018948	0.02268	0.023284	0.002661	0.020474	0.021777	0.038164	0.010628	0.00661	0.023295	0.036898	0.024432	0.01133	0.013745	0.023468	0.037196	0.015062	0.031181	0.015949	0.008318	0.02289	0.025646	0.020107	0.039395	0.000475	0.003772	0.009889	0.035264	0.032667	0.016824	0.00673	0.033893	0.012778	0.023797	0.035956	0.007813	0.018623	0.01262	0.037408	0.008402	0.018542	0.031161	0.020809	
0.005193	0.036712	0.031574	0.029471	0.024063	0.036419	6.3e-05	0.033192	0.013358	0.002071	0.017573	0.016249	0.012445	0.030453	0.01519	0.027793	0.024147	0.022653	0.030646	0.025359	0.030191	0.024006	0.025181	0.033958	0.017121	0.018002	0.025263	0.027462	0.00874	0.017813	0.023499	0.006406	0.021954	0.003185	0.013751	0.000705	0.028274	0.003071	0.029643	0.03395	0.01202	0.000324	0.004557	0.006466	0.012535	0.031778	0.035535	0.031349	0.017003	0.021634	
0.010265	0.029927	0.034672	0.028103	0.014427	0.009809	0.016923	0.015802	0.039615	0.029894	0.036457	0.033311	0.023599	0.003187	0.020225	0.037328	0.003085	0.004407	0.008761	0.01966	0.008066	0.036696	0.00374	0.026573	0.01945	0.001492	0.040115	0.012367	0.012879	0.025885	0.012882	0.005893	0.028659	0.036227	0.012876	0.029351	0.001124	0.027418	0.029467	0.021568	0.01821	0.031639	0.03609	0.022884	0.00348	0.001111	0.039237	0.01124	0.008858	0.015066	
0.006816	0.037555	0.001767	0.031061	0.023964	0.001705	0.014907	0.011996	0.00172	0.017981	0.009092	0.01768	0.008617	0.033888	0.033906	0.023688	0.028196	0.005818	0.032881	0.015972	0.029771	0.03221	0.018254	0.035335	0.033357	0.033704	0.032953	0.036198	0.016507	0.001972	0.030865	0.00067	0.004789	0.013837	0.032147	0.027607	0.025014	0.03396	0.015716	0.002084	0.008329	0.017352	0.002407	0.021665	0.022579	0.029124	0.013002	0.014184	0.017986	0.037212	
0.028084	0.012523	0.007275	0.019634	0.004366	0.037775	1.5e-05	0.017006	0.035872	0.011099	0.020113	0.00168	0.020975	0.015124	0.039631	0.036496	0.030202	0.037863	0.020832	0.000885	0.017932	0.008485	0.01613	0.024374	0.014362	0.015936	0.005953	0.028208	0.008498	0.034721	0.017257	0.037932	0.025029	0.02635	0.015394	0.024973	0.007489	0.031122	0.035008	0.037294	0.003168	0.002538	0.034958	0.00184	0.019083	0.015398	0.021036	0.019732	0.021697	0.030653	
0.013113	0.03492	0.003448	0.022592	0.01191	0.037367	0.004126	0.03426	0.018978	0.009409	0.03044	0.022275	0.033853	0.016334	0.028512	0.019036	0.006894	0.021135	0.001371	0.004816	0.019381	0.000654	0.034462	0.015628	0.022508	0.03702	0.015355	0.015189	0.00683	0.026685	0.021296	0.002099	0.008492	0.008612	0.033122	0.030577	0.018367	0.030715	0.037067	0.023422	0.000841	0.039451	0.002626	0.025632	0.033054	0.005991	0.036858	0.025402	0.029219	0.018656	
0.040636	0.014063	0.017357	0.02931	0.001311	0.033338	0.009794	0.034944	0.009947	0.00692	0.000189	0.035952	0.032043	0.001031	0.021016	0.024162	0.035212	0.004678	0.010797	0.024952	0.008143	0.036267	0.002637	0.001186	0.003136	0.025299	0.001232	0.01013	0.040241	0.040147	0.028977	0.012642	0.00711	0.015782	0.037956	0.001519	0.026566	0.02289	0.039024	0.03646	0.017145	0.032836	0.010922	0.029452	0.017622	0.006617	0.032114	0.016606	0.015908	0.035782	
0.028413	0.020878	0.037313	0.008289	0.031304	0.033055	0.021526	0.026289	0.017036	0.019593	0.005589	0.029036	0.006232	0.033949	0.0284	0.001647	0.035075	0.004088	0.017724	0.033507	0.019355	0.02787	0.031186	0.037616	0.015645	0.016311	0.018643	0.010307	0.006148	0.009633	0.010763	0.005228	0.011055	0.022106	0.016506	0.008979	0.000388	0.012297	0.026917	0.039452	0.007144	0.013517	0.006246	0.003092	0.014452	0.036316	0.031114	0.034364	0.038242	0.030165	
0.001104	0.022484	0.011487	0.004609	0.005203	0.017927	0.015077	0.005695	0.003606	0.040577	0.046075	0.014066	0.014889	0.003983	0.00381	0.036548	0.043059	0.005791	0.037441	0.024494	0.025339	0.03238	0.032809	0.027178	0.03149	0.042588	0.001686	0.019285	0.021553	0.011352	0.033118	0.022818	0.000675	0.045051	0.034299	0.036757	0.004513	0.018374	0.027906	0.027783	0.007464	0.00026	0.009388	0.019022	0.021697	0.006323	0.027956	0.00638	0.036478	0.010153	
0.024772	0.011765	0.021374	0.031506	0.038032	0.037933	0.003041	0.004414	0.004057	0.002978	0.037041	0.037625	0.026163	0.00487	0.035728	0.008871	0.007566	0.029637	0.018571	0.003895	0.015173	0.039274	0.036973	0.00025	0.00652	0.033984	0.011094	0.022355	0.031947	0.022201	0.038797	0.001733	0.002365	0.01005	0.003734	0.022972	0.015917	0.032193	0.040134	0.009208	0.01533	0.008301	0.012694	0.020702	0.037755	0.016401	0.028875	0.021878	0.013881	0.03747	
0.03674	0.016281	0.039168	0.005082	0.031622	0.013632	0.006699	0.012731	0.027693	0.015585	0.021114	0.029448	0.026256	0.03871	0.024898	0.010687	0.01892	0.028957	0.010681	0.004076	0.032567	0.031527	0.026191	0.029712	0.020647	0.031847	0.003992	0.008272	0.02656	0.00767	0.006658	0.036886	0.021097	0.022196	0.008582	0.013621	0.03393	0.018334	0.024213	0.019717	0.007888	0.005961	0.029652	0.009182	0.007515	0.02357	0.020308	0.024586	0.003579	0.02456	
0.016752	0.007674	0.008386	0.030929	0.016489	0.02672	0.020575	0.017757	0.025578	0.032166	0.008281	0.013671	0.005063	0.014838	0.030574	0.028593	0.032251	0.020666	0.016331	0.02856	0.000273	0.028552	0.021328	0.01355	0.013618	0.0017	0.015787	0.000399	0.020221	0.021093	0.010841	0.025605	0.020753	0.019939	0.024307	0.033039	0.029131	0.03092	0.018939	0.018198	0.016051	0.026348	0.030647	0.022443	0.022097	0.032051	0.014928	0.007362	0.026486	0.03154	
0.00877	0.039839	0.023024	0.004344	0.023729	0.015996	0.035463	0.035844	0.01834	0.005548	0.036301	0.035248	0.005719	0.002994	0.030543	0.040582	0.006448	0.009401	0.024454	0.018615	0.005322	0.039392	0.031365	0.029665	0.018002	0.034104	0.010536	0.036212	0.001349	0.02407	0.036423	0.013349	0.006932	0.001924	0.020417	0.002168	0.015661	0.025531	0.009082	0.001796	0.037517	0.014752	0.03589	0.004479	0.027005	0.008895	0.039257	0.005754	0.004791	0.037158	
0.019888	0.031944	0.036451	0.013613	0.002331	0.026709	0.026954	0.029753	0.031675	0.018785	0.035489	0.021904	0.01884	0.005014	0.029915	0.006891	0.004569	0.008033	0.003054	0.033926	0.008692	0.02884	0.006769	0.036415	0.033563	0.018709	0.018246	0.033759	0.018864	0.021595	0.036111	0.018839	0.020906	0.000262	0.031269	0.033811	0.025352	0.006288	0.009587	0.003702	0.015579	0.028273	0.002443	0.002562	0.01998	0.02065	0.019138	0.034229	0.009119	0.03071	
0.004449	0.021434	0.02074	0.008087	0.003447	0.021929	0.02555	0.024483	0.006799	0.034872	0.008669	0.02577	0.00192	0.004385	0.025763	0.011504	0.04075	0.019351	0.027287	0.036723	0.029304	0.018826	0.022061	0.02917	0.015866	0.026108	0.001013	0.027072	0.03111	0.002134	0.004471	0.016943	0.007927	0.027664	0.027671	0.028924	0.030469	0.020061	0.011546	0.014524	0.040155	0.019742	0.027718	0.020474	0.038073	0.003301	0.009622	0.021967	0.013109	0.039063	
0.035522	0.035335	0.041412	0.031645	0.040558	0.01802	0.030604	0.012504	0.019209	0.011339	0.004897	0.040843	0.013409	0.012966	0.030969	0.01232	0.019029	0.02452	0.023371	0.004664	0.031511	0.003776	0.010786	0.004979	0.016952	0.017213	0.023392	0.015189	0.001994	0.004448	0.04359	0.036153	0.002617	0.011328	0.006023	0.029655	0.00286	0.015916	0.030626	0.008667	0.034408	0.042021	0.013348	0.000953	0.038445	0.013988	0.024642	0.020105	0.027119	0.00416	
0.016008	0.033849	0.023097	0.011161	0.005558	0.011155	0.018889	0.032982	0.035859	0.019165	0.021813	0.037633	0.020928	0.025891	0.004317	0.041884	0.0184	0.019563	0.025772	0.006304	0.031704	0.034472	0.03408	0.013559	0.01451	0.025714	0.041994	0.010431	0.002498	0.001853	0.015186	0.021776	0.011533	0.008802	0.024024	0.008271	0.036181	0.006996	0.003224	0.026048	0.004908	0.016444	0.039462	0.020381	0.013076	0.034859	0.00029	0.027277	0.002644	0.037575	
0.011053	0.008498	0.003255	0.015814	0.040102	0.017922	0.009378	0.026435	0.030733	0.035022	0.026019	0.035045	0.024747	0.005357	0.002151	0.023055	0.038865	0.020227	0.03388	0.025828	0.008156	0.020364	0.038696	0.01738	0.019777	0.000577	0.006947	0.037838	0.0267	0.03347	0.040682	0.03193	0.000511	0.040549	0.028867	0.007685	0.016812	0.015063	0.006936	0.009292	0.020673	0.006214	0.032745	0.015365	0.033572	0.003223	0.008816	0.005737	0.004977	0.02706	
0.009232	0.002001	0.024562	0.009932	0.034598	0.006131	0.025161	0.002712	0.038077	0.023069	0.000161	0.027502	0.027011	0.034729	0.031516	0.013733	0.025102	0.030194	0.017096	0.01428	0.030555	0.015744	0.035839	0.025855	0.028661	0.006843	0.033097	0.00404	0.006358	0.005068	0.026546	0.001099	0.038157	0.026286	0.018854	0.004262	0.022637	0.03133	0.026706	0.035069	0.014982	0.014148	0.036147	0.032903	0.031207	0.007547	0.005974	0.009688	0.014478	0.013121	
0.44